1.598648 -0.612439 -0.081953 -0.327289 0.047180 0.127685 -0.168857 -0.072572 -0.012523 0.006698 -0.002952 -0.003909 
1.639720 -0.801560 -0.297420 1.069073 -1.577334 0.716848 -0.129796 -0.332964 0.281812 -0.173383 0.041356 -0.000477 
1.301785 -1.289607 1.275377 -2.005003 1.171647 -1.209691 0.733523 -0.719138 0.325073 -0.271825 0.088067 -0.032813 
1.602497 -0.782205 0.996457 1.453991 -3.138500 1.512801 -1.325924 0.390578 0.761836 -0.549867 0.253464 -0.077300 
2.121588 -0.703902 -2.032391 2.101387 -0.145149 -2.219980 1.905242 -0.380171 -0.660028 0.423970 -0.048137 -0.033017 
2.418299 -0.764063 1.363956 -1.196516 -2.911186 3.216403 -0.984212 1.279551 -0.890876 -0.403179 0.345600 -0.024335 
3.016335 -3.902964 4.814400 -5.588945 4.539953 -3.492634 2.692850 -1.881816 1.017161 -0.529185 0.195355 -0.030134 
1.226752 0.506139 1.653463 -0.570049 -2.277214 -0.049995 0.450944 0.984623 0.022304 -0.332729 -0.102375 0.025314 
2.005311 0.167170 -1.600288 -1.648549 2.717533 -0.051493 -1.588521 -0.121143 0.925569 -0.231145 -0.211487 0.045336 
1.663783 0.828841 0.290444 -2.045811 -1.203877 1.627533 1.030468 -0.375001 -0.706676 -0.051953 0.225785 -0.002288 
2.245699 -2.194585 2.520673 -3.237778 2.606617 -2.103429 1.903788 -1.589941 0.980072 -0.572890 0.259425 -0.056211 
2.162817 0.203431 -1.029418 1.218729 -3.519344 2.339650 0.846260 -1.135997 0.708646 -0.681807 0.161525 0.035543 
2.262952 -0.441225 -2.851367 1.283914 2.283753 -3.137535 0.151927 1.491087 -0.790004 -0.386691 0.368352 -0.066443 
3.055187 -2.736948 1.090305 0.044677 -2.046773 3.765605 -3.215902 1.277429 -0.125665 -0.303545 0.326645 -0.088218 
3.634273 -5.749935 7.734777 -9.526208 8.967264 -7.734102 6.476394 -4.656408 2.702397 -1.429374 0.560734 -0.085490 
2.280736 -0.074847 -0.106727 -0.160208 -2.868882 2.943511 -0.172723 -0.105297 -0.090289 -0.591941 0.421406 -0.036381 
1.760845 -0.772006 -0.865785 -0.483588 1.383952 -1.349282 0.002631 0.060106 0.037689 -0.237839 0.078078 -0.016800 
-0.818333 -3.422992 -2.579834 -3.605626 -3.549767 -2.986590 -2.502457 -1.876254 -1.024504 -0.754745 -0.217256 -0.074227 
1.748831 0.772053 -0.566307 -2.768422 1.283748 1.533161 -0.130291 -1.521844 0.246403 0.417522 0.037928 -0.078112 
2.973657 -2.190692 -0.182200 2.012914 -3.657757 3.832240 -1.940822 -0.392647 1.295409 -1.037057 0.455985 -0.072315 
3.545401 -4.450042 1.697220 0.462311 0.157481 -2.929646 3.847401 -2.607826 0.700988 0.036859 -0.061505 -0.009999 
2.791626 -2.629382 2.774427 -2.225173 -0.448783 1.854104 -2.123697 2.185103 -1.596851 0.673792 -0.211799 0.029372 
3.775234 -5.442342 5.578510 -5.705861 5.974520 -6.360518 5.140878 -3.215496 1.901331 -1.287048 0.580076 -0.091948 
2.073688 0.100304 0.381698 0.385957 -4.316740 2.835665 0.105911 0.362401 0.331937 -1.191540 0.386973 0.012414 
1.861070 -0.791064 -1.024391 -1.634228 3.334968 -2.535257 -0.210577 0.096993 0.730597 -0.915069 0.236507 -0.009278 
2.408073 -0.609749 -0.254056 -0.357583 -1.108998 2.230095 -0.745226 -0.167523 -0.070497 -0.056987 0.177310 -0.045195 
3.107630 -4.095043 4.717908 -4.770609 2.360070 -0.583028 -0.392857 1.057879 -1.112652 0.639814 -0.294285 0.057618 
2.231584 -0.595514 -1.815424 2.884567 -2.855288 0.208246 2.022320 -1.964604 0.670155 0.163583 -0.335899 0.085774 
2.425408 -1.860957 -0.731853 -0.545268 3.077663 -4.175245 1.560549 0.073983 0.000274 -0.858329 0.590756 -0.122807 
2.856006 -0.707639 -0.483922 -0.260785 -2.928884 4.956839 -1.647301 -0.399625 -0.044478 -0.520874 0.791320 -0.166695 
4.618581 -10.055107 14.201035 -17.378393 17.910337 -16.944230 13.660862 -9.924760 5.923952 -2.955208 0.945736 -0.135721 
2.440608 -0.148674 -0.034927 -0.028474 -4.179209 4.281797 -0.384336 -0.039024 -0.024312 -1.149731 0.758201 -0.063988 
