-0.209962 -1.876730 -1.364446 -1.798811 -1.420313 -1.455009 -0.948456 -0.927865 -0.426850 -0.372293 -0.099300 -0.051305 
1.345311 -0.507952 -0.161135 -0.351204 0.527799 -0.188975 -0.071713 -0.071906 0.035675 -0.009731 -0.000841 -0.002842 
1.773353 -0.521665 -0.931022 -0.672786 1.886755 -1.382021 -0.123306 0.188458 0.199614 -0.327897 0.095486 -0.005329 
2.601090 -1.313594 1.476403 -1.225154 -2.633312 3.535385 -1.562918 1.362787 -0.979354 -0.260692 0.362179 -0.046663 
1.519620 -1.420078 1.559038 -2.296457 1.399127 -1.137259 0.761290 -0.683162 0.330966 -0.208039 0.070988 -0.028789 
2.103403 -0.372466 -0.140366 0.035505 -1.705448 1.803550 -0.261719 -0.095747 0.017371 -0.239729 0.173337 -0.021104 
2.239300 -2.615987 2.741176 -3.290370 2.473282 -2.380785 2.109781 -1.688209 0.924291 -0.593764 0.247626 -0.052079 
2.255552 -0.089368 -0.031046 -0.197922 -2.769657 2.798573 -0.171059 -0.038355 -0.114782 -0.557229 0.388221 -0.031643 
2.150360 -0.162717 -1.445170 2.068320 -3.033201 0.959460 1.705684 -1.696432 0.722005 -0.188290 -0.185384 0.083270 
1.089956 0.906427 1.204321 -1.235799 -2.203199 0.328298 1.252094 0.604353 -0.361701 -0.446616 0.003687 0.060129 
1.894356 -0.226646 -2.771010 1.488022 1.339417 -2.939425 0.841364 0.852143 -0.986023 -0.023254 0.254296 -0.082314 
2.131151 -1.989232 1.936520 -1.001720 -0.884321 1.224552 -1.333236 1.055369 -0.595139 0.144633 -0.019416 -0.009448 
1.628476 0.755435 -1.077404 -2.393533 1.389492 1.505104 -0.884456 -1.249073 0.475200 0.348785 -0.117415 -0.051405 
1.414255 -0.244398 1.202918 1.440485 -3.277804 1.005169 -1.063250 0.533639 0.869240 -0.516342 0.181184 -0.074391 
3.454936 -5.435659 7.190543 -8.809167 8.145590 -7.473438 6.343887 -4.645662 2.715149 -1.490752 0.591397 -0.097030 
2.364539 -0.086120 -0.099048 -0.026668 -3.664241 3.667985 -0.231582 -0.104987 -0.018197 -0.921958 0.599633 -0.046997 
2.219958 -1.248821 -1.464031 2.203336 -1.047321 -1.823878 2.391811 -1.282176 -0.216081 0.483307 -0.234178 0.009732 
1.792551 -0.410400 -0.204394 0.104597 -0.664843 0.697366 -0.134042 -0.129131 0.025923 -0.024607 0.031933 -0.005183 
1.738071 -0.819757 -1.088160 -1.630811 3.281137 -2.770084 -0.114373 0.115282 0.650525 -0.982153 0.295113 -0.021663 
2.716496 -0.499472 -0.309381 -0.224683 -3.525129 4.967078 -1.210380 -0.304070 -0.112100 -0.787791 0.878364 -0.148649 
-2.002913 -4.283850 -5.314301 -5.811522 -6.108097 -4.977025 -4.391667 -3.072034 -1.798408 -1.144972 -0.331435 -0.085856 
2.716341 -0.383613 -0.835728 -0.517323 -1.609662 3.621414 -1.078696 -0.689870 -0.031350 -0.055267 0.412393 -0.108736 
2.962212 -4.189599 5.075799 -6.042582 5.141202 -4.337061 3.421090 -2.416449 1.381429 -0.763963 0.297182 -0.052540 
2.046642 0.210054 0.250877 0.474667 -4.363548 2.741652 0.305973 0.228788 0.395046 -1.207570 0.357712 0.024472 
2.308112 -1.256820 -0.733011 2.036208 -3.208012 2.638880 -0.649462 -1.088504 1.126378 -0.726409 0.253934 -0.021979 
1.359401 0.928210 0.349170 -2.921937 -0.251274 1.555163 1.005529 -1.155690 -0.557292 0.220770 0.240120 -0.057428 
2.416745 -1.972541 -0.678751 -0.367574 2.770002 -4.177463 1.812414 -0.079215 -0.115246 -0.724818 0.556875 -0.130695 
3.000858 -3.339467 3.732099 -3.376111 0.318663 1.601234 -2.019530 2.372423 -2.013747 0.926863 -0.322722 0.057683 
1.599851 0.293415 -1.580286 -1.944913 2.986260 -0.566258 -1.541615 -0.063597 1.021986 -0.469012 -0.163083 0.051592 
2.824401 -2.280660 0.360215 1.176431 -2.989714 3.749395 -2.568520 0.482162 0.655932 -0.821580 0.459409 -0.092347 
4.965473 -11.048563 16.353312 -19.752098 19.858654 -17.665923 13.471070 -9.035108 4.938009 -2.179518 0.612145 -0.076609 
2.424938 -0.107740 -0.009971 -0.019477 -4.338038 4.327648 -0.309202 -0.012312 -0.016782 -1.233108 0.777063 -0.057911 
