-1
0
0
0
0
0
0
0
0
0
0
0
0
0
0
-1
0
0
0
1
0
1
0
0
-1
0
1
0
-1
0
0
0
0
-1
0
1
0
0
0
-1
-1
0
0
0
0
1
0
0
0
0
0
0
0
0
1
0
0
0
0
0
0
-1
0
0
-1
0
0
0
0
0
0
0
0
0
0
0
1
0
0
0
0
-1
-1
0
0
-1
0
0
-1
1
0
0
0
1
1
-1
0
0
0
0
0
0
0
0
0
-1
0
0
-1
1
-1
0
0
-1
0
0
0
0
0
0
0
1
0
0
-1
0
0
0
-1
0
0
0
0
0
0
0
1
0
0
0
0
0
0
-1
0
0
-1
0
0
1
0
0
1
0
0
0
1
0
1
0
0
0
0
1
-1
-1
0
0
1
0
-1
0
0
0
1
0
-1
0
0
0
0
1
0
0
1
0
0
0
1
0
0
0
0
0
1
1
0
0
0
0
0
0
1
0
0
0
0
-1
0
0
-1
-1
0
-1
0
0
0
1
0
0
0
0
-1
1
0
0
0
0
1
1
1
0
0
1
1
0
0
1
0
0
-1
0
0
0
-1
0
0
1
0
0
0
0
1
0
1
0
0
0
0
-1
-1
0
0
0
0
-1
0
0
0
0
0
0
0
-1
0
0
0
0
0
-1
1
-1
0
0
0
-1
0
0
0
0
0
0
0
0
0
0
0
1
0
0
0
-1
0
1
1
0
1
-1
0
-1
-1
0
0
0
0
0
1
0
0
-1
0
-1
1
0
1
0
0
0
0
0
0
0
0
0
1
0
0
0
0
0
1
0
-1
0
0
0
0
0
-1
-1
0
1
-1
0
0
1
0
0
0
0
1
0
0
0
0
0
0
0
0
-1
0
0
0
0
0
0
-1
-1
0
0
0
0
-1
0
0
2
-1
0
0
-1
0
0
0
1
0
0
0
0
0
0
0
1
0
1
0
0
0
-1
-1
0
0
0
0
1
0
0
0
0
0
0
1
0
-1
0
0
0
0
0
1
0
0
0
0
0
0
0
0
0
0
1
0
0
0
0
0
0
0
0
1
0
0
0
0
-1
-1
0
0
0
0
0
0
-1
0
0
-1
-1
0
0
0
0
0
0
0
0
-1
0
0
0
0
0
0
0
-1
0
0
1
0
0
-1
1
0
0
0
0
0
0
0
0
0
0
-1
1
0
0
0
0
0
0
1
0
0
0
0
0
0
0
0
0
1
-1
0
0
-1
-1
-1
0
0
0
1
0
0
0
0
0
1
0
-1
-1
0
0
0
0
0
0
0
-1
0
-1
0
1
0
0
0
0
1
0
0
0
0
0
-1
-1
0
0
0
0
-1
0
1
0
1
0
0
0
0
-1
0
-1
0
-1
0
0
0
0
0
0
0
0
-1
0
0
0
0
0
1
0
-1
0
1
0
0
-1
0
0
0
0
0
0
0
0
1
0
-1
0
0
0
1
0
1
0
0
0
1
0
0
0
0
0
-1
0
0
0
0
0
0
0
0
0
-1
0
0
0
0
0
0
1
0
0
0
0
0
1
0
0
1
0
0
1
0
0
1
0
0
1
0
0
0
0
0
0
0
0
0
0
0
1
0
0
-1
0
0
-1
0
-1
0
0
1
1
0
1
1
-1
0
0
0
0
0
0
1
0
0
-1
0
0
0
0
-1
0
1
0
0
0
0
0
-1
0
0
0
0
0
0
0
1
0
0
0
0
0
-1
0
0
0
0
0
1
0
0
0
0
0
0
0
1
0
-1
0
-1
1
0
0
0
0
-1
0
0
0
0
0
0
-1
0
0
0
0
1
0
-1
0
1
1
0
-1
0
0
0
0
0
0
0
0
0
0
0
0
0
0
-1
0
0
-1
0
0
0
0
0
0
1
0
0
0
-1
-1
0
0
0
1
0
0
0
0
0
0
1
0
1
-1
1
0
0
0
0
0
0
0
1
0
0
-1
0
0
0
1
0
0
0
0
0
0
0
0
0
0
0
0
0
1
0
0
0
0
0
0
-1
-1
-1
0
0
1
0
0
1
0
0
0
1
-1
0
-1
0
0
0
1
0
0
0
0
0
0
1
0
0
0
0
-1
0
0
0
0
-1
0
0
0
1
0
0
0
1
0
0
0
0
0
0
0
0
0
-1
1
0
1
0
-1
0
0
-1
0
0
0
-1
0
0
0
-1
0
-1
0
-1
1
0
0
0
0
0
1
0
1
0
0
0
0
0
0
0
0
0
0
0
1
0
-1
-1
0
0
0
0
0
0
0
0
0
0
-1
0
0
1
0
0
-1
0
0
0
0
0
0
0
0
-1
0
1
1
-1
0
0
1
0
0
0
0
1
-1
0
0
-1
0
0
0
0
0
1
0
0
0
0
0
1
1
1
1
0
0
-1
1
0
0
0
0
0
0
0
0
0
0
0
0
1
0
0
1
0
1
0
0
1
0
0
0
0
0
-1
0
-1
0
0
1
1
0
0
-1
0
-1
-1
0
0
0
1
1
-1
-1
0
1
0
0
0
0
1
0
1
-1
0
1
0
0
0
-1
0
0
0
1
0
-1
0
-1
-1
0
0
1
0
0
0
1
1
0
0
1
1
-1
0
-1
0
0
0
1
0
0
0
0
-1
0
0
-1
0
0
-1
-1
1
0
0
1
0
-1
0
1
0
0
0
-1
0
0
1
0
0
-1
0
0
0
-1
0
0
0
0
0
0
0
0
0
0
0
0
0
0
-1
0
0
1
0
0
0
0
1
0
0
0
0
0
0
0
0
0
0
0
0
0
-1
0
0
0
0
0
0
1
0
0
0
0
-1
0
1
1
0
0
0
0
0
-1
0
0
0
0
0
0
0
0
0
-1
0
0
0
-1
0
0
0
0
-1
0
0
0
0
0
0
0
0
0
0
0
0
0
0
0
-1
0
0
0
-1
0
-1
0
-1
0
0
0
1
1
0
0
0
0
0
1
0
0
0
0
0
1
0
0
0
0
0
0
1
0
0
0
0
0
0
-1
0
0
0
0
-1
0
0
0
0
0
0
0
0
0
0
0
0
1
0
1
1
0
1
0
0
0
0
0
1
0
1
0
0
0
1
0
0
0
0
0
0
-1
-1
0
0
0
0
-1
-1
1
0
0
1
0
0
1
0
0
0
-1
1
1
0
0
0
0
0
-1
0
0
0
0
0
0
0
0
0
0
0
0
0
0
0
0
0
0
0
0
-1
0
-1
0
0
0
0
0
0
0
0
0
-1
1
0
0
0
0
0
-1
0
-1
0
-1
0
0
0
0
-1
0
-1
0
1
0
0
0
0
0
0
1
0
0
0
0
0
0
-1
0
0
0
0
-1
0
0
0
1
0
1
1
0
0
0
0
0
0
0
0
1
0
1
0
1
0
0
0
0
0
0
0
0
0
0
0
0
0
1
1
0
-1
0
0
-1
0
0
0
0
0
0
0
0
0
0
0
0
0
0
1
0
0
0
0
0
0
0
0
0
0
0
-1
0
1
0
0
0
0
0
0
0
-1
1
0
0
0
1
0
1
0
0
0
0
0
0
0
-1
0
0
0
0
0
1
0
0
0
0
-1
1
1
0
0
1
1
0
0
0
0
0
0
0
0
0
0
0
0
1
0
0
0
0
0
0
-1
-1
1
0
0
1
0
0
-1
0
-1
1
0
1
0
0
0
0
1
-1
0
0
0
0
0
0
0
0
0
0
0
0
0
0
-1
0
0
0
0
1
0
0
0
0
0
0
0
0
-1
0
0
0
-1
0
0
1
0
0
1
0
0
0
1
1
1
0
0
-1
0
0
-1
0
0
0
0
-1
0
0
1
0
0
0
1
0
0
0
0
1
1
0
0
0
0
0
0
0
0
1
-1
0
-1
0
0
0
0
-1
0
0
0
-1
0
0
0
0
0
1
0
0
0
0
0
0
0
0
0
0
0
0
0
0
-1
0
0
0
1
0
0
0
0
-1
0
-1
0
1
0
0
1
0
0
0
0
0
0
0
0
0
0
1
-1
0
-1
0
0
0
0
0
0
0
-1
0
0
0
0
0
1
0
0
0
0
0
0
0
-1
0
0
0
0
0
0
-1
0
0
0
0
0
0
-1
0
-1
0
0
0
0
1
0
0
1
0
0
0
-1
0
1
0
0
1
1
0
1
1
1
1
0
0
1
1
1
1
0
0
0
0
1
0
0
0
0
1
1
0
0
1
-1
-1
0
-1
0
-1
0
0
0
-1
-1
0
0
-1
-1
0
-1
0
0
0
0
-1
-1
-1
0
1
0
0
-1
-1
0
0
1
1
0
-1
-1
0
1
1
1
0
-2
0
1
0
-1
-1
-1
-1
-1
0
0
0
-1
-2
-2
-2
0
0
1
-1
-2
-2
-1
-1
-1
0
0
-1
0
-1
1
1
0
-1
-2
-1
1
2
2
1
0
0
1
2
2
3
1
1
0
2
3
4
3
1
1
1
2
3
2
2
0
0
2
3
3
3
1
0
-2
-1
1
2
2
1
0
0
-1
0
0
0
-2
-2
-1
0
1
1
0
-1
-3
-2
-3
-1
1
1
1
1
-1
0
0
0
-2
-1
-1
0
1
2
2
0
0
-2
-2
-2
-1
0
0
0
-1
-2
-2
-1
-2
-3
-3
-3
-2
-2
-1
-1
-2
-4
-5
-4
-2
-1
-1
-1
-2
-3
-2
0
-1
-2
-2
-2
-2
0
3
3
1
-2
-2
-2
1
2
3
2
1
-1
-1
1
3
2
0
1
0
1
3
4
3
1
-1
-1
0
2
4
3
3
-1
-1
-1
1
2
2
1
-1
-1
0
2
4
2
2
-1
-1
1
3
7
8
7
4
4
3
5
7
8
7
6
6
7
8
8
6
2
-1
-2
0
3
3
2
-2
-7
-9
-8
-6
-4
-6
-10
-14
-15
-13
-10
-7
-7
-11
-16
-18
-16
-10
-6
-4
-5
-9
-10
-8
-4
-1
-1
-3
-5
-3
2
8
11
9
3
-2
-3
2
9
16
17
15
9
3
3
7
12
13
11
10
9
12
13
13
10
5
2
0
1
6
10
7
3
-3
-6
-9
-9
-7
-5
-3
-4
-9
-13
-13
-13
-11
-8
-8
-10
-13
-14
-9
-1
4
2
-7
-13
-12
-5
5
11
10
6
-2
-4
1
8
12
9
5
3
7
15
18
15
9
4
4
7
13
17
17
13
6
2
5
10
11
6
-1
-4
-3
-2
0
-2
-1
-4
-10
-14
-15
-13
-13
-18
-18
-8
3
6
-8
-26
-33
-27
-12
2
15
16
0
-24
-37
-24
2
14
4
-14
-22
-17
-9
-5
-2
-2
-14
-32
-38
-22
2
13
6
-1
2
-1
-15
-27
-15
20
52
59
45
24
7
-2
8
41
76
82
53
19
17
42
62
54
34
19
14
16
24
38
39
15
-21
-37
-21
1
-3
-30
-51
-48
-33
-23
-24
-35
-53
-76
-83
-59
-17
9
1
-25
-37
-27
-12
-2
9
23
33
35
37
46
54
46
29
22
38
59
62
44
25
18
18
13
5
-5
-17
-35
-52
-51
-37
-33
-53
-84
-104
-103
-94
-92
-98
-101
-101
-100
-98
-94
-88
-91
-103
-105
-86
-48
-19
-14
-29
-41
-39
-22
6
45
79
91
79
57
55
80
121
159
182
185
173
151
140
155
192
223
222
195
165
157
166
179
178
160
124
86
66
70
82
74
31
-28
-69
-78
-70
-71
-97
-139
-181
-203
-201
-185
-183
-210
-256
-284
-270
-228
-192
-191
-219
-248
-251
-218
-163
-113
-93
-98
-107
-92
-43
11
45
54
58
78
115
155
184
192
188
186
203
231
254
252
230
209
208
222
230
213
175
133
110
110
118
115
82
29
-19
-44
-49
-51
-70
-105
-140
-164
-175
-185
-207
-247
-292
-319
-316
-294
-287
-315
-367
-410
-417
-382
-326
-287
-295
-348
-399
-389
-291
-150
-40
-13
-63
-122
-121
-19
153
319
399
374
309
290
365
501
621
668
633
569
541
583
668
731
713
618
512
458
471
510
515
451
333
212
138
120
123
89
-4
-128
-230
-277
-287
-300
-351
-436
-520
-566
-563
-537
-532
-570
-630
-660
-628
-551
-481
-463
-491
-527
-516
-432
-302
-183
-128
-141
-170
-158
-77
37
133
177
181
182
214
277
345
381
371
339
324
343
383
413
415
396
371
351
332
299
250
202
174
180
199
194
137
44
-47
-97
-98
-85
-96
-152
-241
-315
-348
-349
-355
-394
-458
-522
-558
-569
-576
-600
-642
-681
-692
-667
-631
-623
-655
-686
-658
-543
-375
-224
-149
-167
-235
-266
-179
33
295
499
594
611
622
678
787
918
1025
1071
1062
1058
1117
1237
1337
1342
1244
1103
990
939
950
982
975
888
722
544
412
332
250
133
-7
-132
-218
-268
-310
-377
-488
-645
-801
-901
-923
-900
-886
-907
-944
-968
-971
-960
-950
-950
-954
-941
-876
-739
-560
-407
-338
-345
-366
-327
-196
-18
140
211
189
140
163
311
528
685
694
578
445
403
480
607
683
641
503
363
305
323
338
277
147
16
-59
-85
-108
-168
-255
-328
-359
-369
-425
-570
-768
-924
-949
-853
-740
-720
-812
-959
-1051
-1030
-925
-827
-815
-880
-951
-945
-838
-695
-614
-641
-742
-848
-877
-779
-561
-262
69
391
653
799
783
641
489
464
634
966
1353
1680
1858
1885
1825
1765
1742
1731
1707
1688
1734
1860
1999
2063
1979
1745
1418
1109
925
904
979
1019
940
745
496
247
14
-203
-404
-577
-695
-725
-665
-573
-565
-711
-987
-1275
-1453
-1472
-1367
-1215
-1086
-1029
-1035
-1065
-1082
-1079
-1064
-1032
-955
-820
-653
-508
-401
-296
-152
33
205
305
298
205
110
115
273
529
738
790
688
537
440
428
463
478
441
353
260
213
204
167
27
-200
-416
-530
-528
-490
-504
-604
-764
-920
-1028
-1088
-1148
-1254
-1396
-1497
-1495
-1411
-1336
-1343
-1424
-1503
-1500
-1399
-1261
-1172
-1155
-1153
-1091
-931
-728
-587
-574
-662
-758
-796
-782
-739
-642
-403
55
681
1301
1658
1591
1191
762
637
936
1502
2054
2404
2547
2599
2660
2737
2745
2613
2377
2210
2305
2676
3109
3295
3084
2560
1978
1563
1405
1446
1522
1486
1289
1012
751
510
189
-271
-794
-1209
-1383
-1309
-1106
-962
-1044
-1399
-1893
-2296
-2460
-2399
-2247
-2108
-2005
-1923
-1855
-1797
-1756
-1753
-1788
-1808
-1706
-1424
-1030
-658
-388
-202
-49
89
233
402
598
793
969
1126
1274
1380
1394
1337
1288
1310
1387
1447
1426
1329
1186
1020
845
654
431
188
-45
-232
-371
-526
-754
-1057
-1375
-1629
-1772
-1830
-1866
-1959
-2125
-2305
-2436
-2489
-2489
-2460
-2397
-2288
-2153
-2017
-1894
-1795
-1737
-1706
-1634
-1444
-1134
-791
-525
-386
-343
-331
-314
-295
-332
-461
-602
-536
-19
976
2135
2951
3008
2329
1397
838
1015
1814
2768
3424
3637
3589
3584
3749
3913
3773
3232
2594
2371
2842
3744
4438
4391
3543
2338
1381
1047
1277
1650
1703
1321
772
419
330
207
-293
-1180
-2095
-2597
-2483
-1923
-1348
-1205
-1671
-2509
-3217
-3441
-3224
-2890
-2696
-2633
-2547
-2352
-2093
-1886
-1855
-2029
-2276
-2329
-1982
-1314
-642
-214
-13
119
253
355
425
530
736
1053
1450
1853
2112
2061
1713
1342
1241
1444
1725
1840
1745
1553
1355
1160
932
616
195
-238
-513
-519
-394
-439
-850
-1511
-2117
-2434
-2451
-2315
-2201
-2239
-2433
-2666
-2796
-2790
-2740
-2733
-2716
-2572
-2277
-1931
-1681
-1596
-1654
-1756
-1761
-1541
-1095
-587
-229
-114
-147
-179
-140
-79
-94
-251
-509
-635
-299
667
2019
3161
3509
2952
1929
1116
1010
1665
2693
3547
3884
3799
3704
3886
4205
4235
3747
2997
2553
2798
3614
4439
4648
3963
2670
1461
933
1146
1600
1717
1331
746
346
225
121
-291
-1112
-2098
-2789
-2823
-2237
-1517
-1255
-1708
-2597
-3390
-3713
-3576
-3228
-2925
-2770
-2700
-2583
-2339
-2056
-1939
-2097
-2387
-2487
-2163
-1479
-721
-147
170
311
400
541
787
1116
1442
1697
1894
2091
2290
2405
2374
2237
2091
1990
1931
1895
1888
1872
1762
1488
1057
551
74
-306
-558
-731
-942
-1298
-1785
-2260
-2590
-2768
-2892
-3033
-3189
-3309
-3362
-3365
-3360
-3398
-3473
-3497
-3351
-3003
-2565
-2211
-2042
-2028
-2042
-1953
-1689
-1283
-845
-478
-192
51
239
320
291
244
261
314
289
165
80
293
991
2118
3296
3958
3719
2741
1706
1341
1870
2899
3808
4215
4165
3997
4041
4335
4557
4303
3544
2798
2725
3482
4498
4927
4344
3025
1667
895
897
1373
1747
1596
970
324
41
23
-211
-985
-2094
-2959
-3110
-2544
-1698
-1173
-1368
-2235
-3276
-3872
-3770
-3237
-2762
-2599
-2617
-2547
-2272
-1918
-1713
-1818
-2173
-2484
-2384
-1743
-814
-63
223
133
-13
60
415
926
1377
1599
1598
1567
1704
1996
2227
2195
1918
1595
1429
1482
1667
1796
1685
1279
722
259
15
-104
-294
-664
-1160
-1639
-1984
-2169
-2272
-2406
-2647
-2955
-3200
-3276
-3214
-3157
-3223
-3391
-3510
-3432
-3135
-2733
-2376
-2152
-2060
-2042
-2012
-1882
-1627
-1300
-992
-717
-418
-87
174
255
185
100
100
169
228
207
37
-270
-456
-80
1069
2594
3668
3703
2813
1691
1066
1262
2127
3169
3854
3988
3872
4022
4567
5032
4816
3886
2901
2636
3322
4496
5331
5201
4084
2609
1619
1517
1960
2251
1988
1356
819
660
739
601
-141
-1435
-2678
-3144
-2615
-1625
-1011
-1247
-2164
-3209
-3867
-3933
-3574
-3190
-3117
-3296
-3340
-2961
-2344
-1998
-2241
-2875
-3366
-3274
-2537
-1453
-481
-11
-116
-481
-617
-269
375
938
1239
1410
1652
1994
2274
2326
2109
1745
1466
1516
1918
2398
2546
2167
1428
704
268
148
168
104
-182
-643
-1101
-1414
-1620
-1884
-2286
-2701
-2926
-2887
-2700
-2560
-2612
-2878
-3251
-3510
-3462
-3091
-2595
-2203
-2013
-1967
-1985
-2010
-1995
-1874
-1612
-1241
-835
-454
-116
128
190
27
-246
-424
-376
-165
23
33
-164
-449
-503
58
1307
2744
3563
3317
2335
1429
1226
1775
2711
3571
4049
4144
4172
4499
5115
5522
5186
4210
3372
3433
4417
5576
6032
5443
4162
2889
2224
2302
2714
2833
2348
1550
1010
964
1035
624
-495
-1921
-2957
-3128
-2504
-1682
-1394
-1975
-3113
-4126
-4544
-4410
-4108
-3976
-4076
-4202
-4071
-3583
-3018
-2842
-3269
-3972
-4318
-3897
-2841
-1645
-823
-629
-930
-1237
-1071
-381
416
875
965
1036
1409
2065
2675
2878
2552
1963
1611
1847
2547
3162
3173
2525
1641
1041
942
1153
1257
948
288
-353
-630
-575
-582
-997
-1745
-2407
-2624
-2393
-2014
-1867
-2154
-2773
-3355
-3537
-3243
-2761
-2468
-2481
-2607
-2612
-2448
-2239
-2119
-2109
-2099
-1929
-1531
-1006
-578
-455
-669
-1031
-1259
-1194
-916
-665
-656
-926
-1310
-1501
-1166
-164
1236
2406
2785
2329
1535
1041
1168
1824
2696
3461
3950
4243
4583
5115
5646
5770
5285
4514
4112
4522
5559
6497
6625
5813
4566
3579
3201
3277
3387
3182
2598
1897
1446
1337
1194
479
-897
-2373
-3202
-3114
-2495
-2017
-2153
-2934
-4009
-4868
-5185
-5040
-4823
-4823
-4965
-4904
-4445
-3790
-3382
-3497
-4009
-4471
-4424
-3651
-2335
-997
-225
-247
-709
-942
-546
321
1190
1782
2160
2541
3048
3609
3969
3840
3178
2408
2160
2709
3673
4305
4101
3150
1988
1186
967
1104
1113
671
-85
-707
-935
-1002
-1362
-2176
-3129
-3731
-3726
-3263
-2770
-2716
-3274
-4155
-4784
-4762
-4202
-3600
-3337
-3395
-3455
-3250
-2796
-2373
-2247
-2393
-2477
-2173
-1457
-639
-119
-119
-562
-1082
-1270
-965
-428
-115
-270
-750
-1151
-1051
-219
1178
2527
3134
2800
2015
1507
1640
2270
3058
3761
4280
4641
5006
5532
6144
6475
6190
5430
4818
4943
5805
6776
7109
6520
5352
4234
3613
3521
3636
3528
2966
2113
1407
1134
1063
616
-537
-2069
-3225
-3502
-3054
-2500
-2423
-3012
-4029
-4993
-5468
-5366
-5035
-4948
-5195
-5386
-5118
-4443
-3841
-3717
-4062
-4525
-4647
-4077
-2811
-1352
-430
-366
-751
-872
-389
482
1339
1938
2285
2565
3012
3675
4242
4278
3706
2985
2727
3157
3960
4552
4463
3628
2440
1499
1143
1162
1049
539
-184
-776
-1126
-1409
-1847
-2529
-3338
-4000
-4223
-3969
-3591
-3563
-4059
-4793
-5305
-5342
-4979
-4483
-4112
-3954
-3882
-3666
-3241
-2823
-2657
-2705
-2646
-2233
-1535
-845
-428
-380
-609
-886
-940
-673
-301
-194
-486
-927
-1079
-640
416
1802
2946
3286
2712
1778
1287
1613
2501
3462
4204
4692
4999
5273
5681
6183
6444
6154
5494
5118
5524
6522
7361
7367
6485
5216
4189
3755
3833
4025
3850
3099
2060
1282
1012
890
290
-961
-2387
-3316
-3473
-3132
-2821
-2998
-3798
-4917
-5780
-5977
-5638
-5288
-5303
-5582
-5717
-5442
-4864
-4311
-4080
-4218
-4449
-4329
-3545
-2236
-963
-249
-152
-228
9
687
1617
2498
3093
3344
3433
3698
4262
4850
5061
4794
4347
4078
4080
4208
4205
3853
3079
2080
1270
877
685
280
-498
-1421
-2210
-2792
-3205
-3519
-3836
-4284
-4840
-5257
-5351
-5262
-5281
-5506
-5742
-5782
-5588
-5198
-4677
-4148
-3770
-3549
-3279
-2812
-2238
-1762
-1436
-1114
-686
-178
276
517
477
268
163
329
583
583
207
-251
-255
573
2112
3643
4259
3593
2186
1101
1028
1866
3039
4016
4566
4757
4869
5197
5730
6065
5809
5089
4586
4915
6007
7101
7355
6530
5097
3830
3267
3437
3899
4027
3472
2458
1573
1187
1031
512
-624
-2017
-3025
-3275
-2911
-2465
-2522
-3334
-4609
-5679
-6021
-5689
-5222
-5119
-5417
-5714
-5611
-5077
-4456
-4166
-4309
-4588
-4541
-3901
-2831
-1767
-1059
-758
-604
-252
493
1511
2381
2778
2791
2837
3229
3878
4470
4764
4721
4476
4248
4216
4316
4243
3773
3020
2332
1891
1548
1104
499
-220
-999
-1768
-2379
-2783
-3133
-3602
-4151
-4580
-4809
-4957
-5147
-5371
-5566
-5684
-5680
-5492
-5153
-4796
-4501
-4184
-3749
-3238
-2795
-2485
-2233
-1935
-1542
-1040
-479
5
237
195
103
182
365
415
180
-178
-260
287
1527
3023
3978
3822
2718
1509
1010
1402
2328
3320
4073
4453
4530
4639
5049
5564
5646
5070
4380
4371
5234
6392
7035
6780
5820
4635
3756
3519
3836
4192
4012
3251
2409
1971
1840
1451
451
-914
-2111
-2737
-2760
-2450
-2243
-2613
-3652
-4897
-5691
-5761
-5428
-5199
-5239
-5412
-5496
-5375
-5088
-4757
-4563
-4596
-4646
-4346
-3510
-2364
-1360
-768
-531
-363
13
702
1597
2394
2841
2997
3134
3469
3936
4302
4445
4393
4249
4144
4157
4205
4064
3510
2643
1799
1203
782
328
-274
-979
-1733
-2470
-3094
-3578
-4041
-4584
-5102
-5390
-5418
-5418
-5582
-5829
-6007
-6057
-5968
-5717
-5261
-4722
-4287
-3921
-3468
-2896
-2353
-2022
-1753
-1297
-634
27
447
639
789
967
1142
1195
1073
906
985
1690
3049
4471
5068
4418
3055
1972
1717
2150
2849
3621
4337
4741
4816
4824
5001
5095
4672
3927
3595
4073
5086
5904
6115
5675
4760
3759
3101
3014
3316
3543
3449
3064
2588
2178
1785
1241
419
-564
-1349
-1690
-1666
-1565
-1655
-2051
-2773
-3656
-4368
-4656
-4609
-4539
-4619
-4700
-4647
-4512
-4440
-4423
-4413
-4405
-4344
-4007
-3254
-2301
-1618
-1356
-1246
-949
-418
228
883
1506
1977
2256
2495
2831
3164
3261
3101
2937
3002
3251
3496
3524
3233
2624
1900
1375
1145
940
468
-290
-1043
-1624
-2096
-2566
-3106
-3716
-4372
-4929
-5134
-5032
-4956
-5191
-5696
-6098
-6158
-5902
-5434
-4937
-4557
-4334
-4149
-3760
-3179
-2692
-2373
-2043
-1483
-758
-181
147
367
520
542
442
449
871
1774
3033
4379
5346
5513
4810
3756
3132
3172
3582
4063
4557
5193
5797
6059
5982
5726
5318
4663
3941
3686
4120
4805
5029
4605
3893
3209
2538
1821
1218
925
834
731
595
476
314
-127
-905
-1767
-2380
-2553
-2335
-1954
-1654
-1621
-1834
-2240
-2782
-3299
-3539
-3380
-3006
-2686
-2454
-2191
-1961
-1952
-2105
-2169
-2084
-1999
-1914
-1530
-799
-182
-78
-323
-439
-240
174
767
1486
2084
2217
1968
1816
1882
1833
1368
716
360
424
709
844
698
302
-200
-391
-166
214
236
-345
-1187
-1912
-2290
-2603
-3124
-3756
-4414
-4813
-4827
-4450
-3814
-3502
-3780
-4383
-4697
-4308
-3592
-3015
-2708
-2634
-2696
-2811
-2756
-2301
-1706
-1439
-1602
-1850
-1753
-1334
-1008
-1025
-1244
-1086
211
3037
6685
9471
9922
7965
5230
3658
3972
5690
7724
9111
9390
8554
7259
6363
6051
5707
4658
3200
2405
2832
3875
4220
3010
491
-2313
-4163
-4244
-2749
-895
-147
-1073
-2862
-4146
-4245
-3559
-2983
-2986
-3245
-3080
-2084
-545
666
787
-224
-1513
-1867
-727
1339
3018
3289
2232
794
-46
0
528
944
859
353
-106
-92
361
669
216
-922
-2010
-2230
-1388
-53
976
1116
436
-407
-798
-524
4
211
-82
-721
-1300
-1475
-1197
-729
-620
-1095
-1811
-2203
-2054
-1807
-1973
-2670
-3581
-4220
-4329
-3909
-3366
-3255
-3657
-4216
-4358
-3943
-3336
-2830
-2670
-2800
-2960
-2915
-2412
-1856
-1718
-1886
-2044
-1815
-1568
-1825
-2374
-2891
-2928
-2782
-3130
-3687
-3810
-1999
2555
8124
12098
12117
8424
4299
2460
3836
7357
10805
12865
12814
10904
8583
7063
6612
6237
5049
3740
3406
4249
5007
3987
976
-2994
-6334
-7588
-6543
-3993
-1631
-1199
-2835
-5361
-7085
-7005
-5647
-3980
-2669
-1776
-980
-190
558
1109
1303
1098
793
1167
2614
4490
5523
4869
2975
1030
-215
-569
-135
680
1170
640
-778
-2146
-2804
-2891
-2947
-2991
-2579
-1614
-464
330
498
153
-294
-162
953
2690
3979
3994
2823
1190
-79
-688
-599
-76
209
-77
-957
-2035
-2899
-3732
-4498
-4993
-5025
-4529
-4106
-4134
-4628
-5491
-6106
-6161
-5574
-4435
-3587
-3261
-3310
-3728
-3860
-3730
-3220
-2204
-1635
-1365
-1350
-1403
-1149
-1761
-2778
-3489
-3570
-2495
-2020
-2402
-2594
-1552
2451
8095
12633
13913
10973
6483
3689
4035
7140
10562
12656
12896
11204
8723
6420
5025
4584
4034
3286
2760
2730
2939
2061
-295
-3320
-5789
-6518
-5526
-3440
-1184
-15
-494
-2317
-4277
-4895
-3792
-1646
434
1685
2142
2133
1987
1911
1925
1998
1991
1905
2042
2463
2809
2520
1274
-503
-2131
-3118
-3234
-2720
-2146
-2134
-2933
-4053
-4768
-4791
-4196
-3241
-2052
-596
834
1955
2595
2691
2616
2631
2938
3539
4032
4208
3759
2603
1098
-344
-1164
-1363
-1356
-1381
-1698
-2305
-3303
-4652
-5793
-6370
-6193
-5583
-5182
-5168
-5562
-6071
-6253
-5964
-5237
-4411
-3845
-3455
-3110
-2911
-2803
-2879
-2966
-2754
-2488
-1948
-1266
-941
-1198
-2485
-3931
-4592
-4417
-3621
-3226
-2968
-1432
2252
7841
12744
14035
11337
6850
4000
4554
7501
10958
13247
13558
11871
8693
5585
3817
3376
3348
2914
2484
2464
2277
944
-1757
-4607
-6259
-6330
-5189
-3330
-1150
518
720
-689
-2564
-3300
-2355
-361
1724
3304
4211
4148
3151
2008
1597
2117
2757
2738
2283
1902
1543
702
-767
-2362
-3615
-4531
-5133
-5041
-4276
-3603
-3821
-4925
-5820
-5739
-4760
-3155
-1301
794
2776
4094
4860
5085
5035
4861
4584
4721
5036
5049
4434
3016
1620
576
-251
-873
-1601
-2156
-2475
-2863
-3330
-4184
-5239
-6081
-6525
-6171
-5443
-4998
-5010
-5660
-6271
-6351
-6096
-5320
-4580
-4066
-3550
-3641
-3751
-3884
-4281
-4182
-4223
-3937
-3383
-3531
-3735
-4592
-5304
-5215
-5332
-4858
-3978
-1562
3744
9844
14607
15285
11701
7547
5366
6446
9515
12400
14653
15270
13752
10412
6444
4070
3328
3036
2638
2306
2694
2636
592
-2955
-6128
-7123
-6247
-4806
-3152
-1260
441
893
-224
-1663
-2052
-1313
-97
1443
3478
5537
6108
4426
1874
492
1039
2374
3063
2943
2315
1240
-391
-2251
-3470
-4015
-4450
-5053
-5409
-4847
-3994
-3935
-4941
-6235
-6490
-5505
-3627
-1172
1349
3629
4838
4803
4247
3653
3603
3894
4318
4847
4786
3958
2349
510
-696
-1254
-1218
-946
-728
-662
-1126
-2001
-3062
-4059
-4800
-5419
-5686
-5557
-5192
-4930
-5312
-6157
-7038
-7439
-7017
-6073
-5069
-4510
-4745
-5526
-6187
-6259
-5555
-4856
-4823
-5314
-6222
-6583
-6590
-6521
-5919
-4426
-403
5893
12335
15931
14385
9657
5446
4592
7156
10627
13423
14923
14758
12890
9748
6817
5266
4437
3508
2770
3068
4247
4132
1265
-3081
-6223
-6569
-5031
-3202
-1549
20
1072
906
-226
-1033
-761
-91
348
1055
2905
5304
6191
4650
1848
-192
-700
-456
33
725
1205
666
-1330
-3826
-5450
-6056
-6155
-6072
-5468
-4167
-3253
-3435
-4457
-5263
-4949
-3943
-2216
343
3403
6082
6786
5777
4349
3643
3904
4234
4464
4511
4319
3503
1871
190
-1017
-1366
-1324
-1108
-546
-95
61
-673
-1927
-2823
-3262
-3310
-3669
-4364
-5202
-5941
-6674
-7588
-8054
-8279
-7826
-7294
-7242
-6806
-6927
-6794
-6969
-7736
-7625
-7829
-7243
-6682
-6720
-6117
-6582
-6601
-5026
-581
8128
16323
19706
16753
10093
5839
5831
8271
10997
13008
14666
14886
12315
7987
4240
2516
1492
-29
-486
1392
4325
4656
684
-4455
-7157
-6550
-4465
-2368
361
3333
4724
3588
1436
923
2217
3215
2931
3012
4886
7258
7684
5317
2222
181
-1022
-1842
-2036
-1054
-51
-934
-3624
-6222
-7112
-6946
-7091
-7359
-6792
-5130
-3747
-3607
-4183
-4671
-4332
-3306
-1301
1669
4484
5963
5285
3676
2414
2131
2613
3073
3598
3622
3140
2025
496
-380
-946
-1002
-701
13
1458
2434
2608
1698
307
-726
-1595
-2214
-2765
-3184
-3818
-5046
-6748
-8391
-8991
-9050
-8604
-8501
-8669
-8263
-8314
-7762
-7844
-8528
-8825
-9641
-8938
-8006
-7492
-6870
-6728
-2933
4597
13586
19731
18146
12193
6306
4420
6696
9402
11905
13606
13860
11880
7571
3610
1399
-97
-2276
-4109
-2921
1196
4221
2611
-2481
-6709
-7471
-5690
-3022
127
3685
6057
5556
3495
2711
4211
5886
5529
4321
4890
7527
9561
8805
6054
3391
1588
68
-996
-691
500
674
-1371
-4345
-5913
-5873
-5784
-6309
-6716
-5779
-4036
-3028
-2657
-2881
-3078
-3112
-2992
-1058
1693
3971
4378
2410
617
-488
-522
-18
-176
-307
-934
-1773
-2347
-2695
-2457
-2298
-2277
-1971
-1099
445
1655
1736
887
-194
-525
-194
44
-234
-1455
-3197
-4879
-5872
-5535
-4843
-4771
-5672
-6686
-6832
-6013
-4984
-4784
-5120
-6108
-6795
-6706
-6359
-5604
-5495
-4102
712
8443
16468
18953
14903
8009
2747
2248
4538
7518
10322
11713
10789
6966
2092
-1212
-2572
-3940
-6292
-7493
-5333
-1058
1258
-824
-5119
-7787
-7533
-5272
-2092
1962
5920
7399
5857
3663
3752
5777
6703
5416
4122
5349
8120
9622
8599
6132
3668
1157
-957
-1244
725
3142
3225
771
-1917
-3063
-3061
-3294
-3745
-3548
-2203
-421
1000
1890
1795
1047
3
-18
1769
3798
4844
3631
939
-1447
-3203
-3796
-3903
-3980
-4319
-5437
-6522
-6928
-6407
-5657
-5552
-5817
-5529
-4207
-2340
-1042
-677
-950
-1597
-2143
-2639
-2882
-2866
-3706
-4994
-6203
-6260
-4764
-4109
-4361
-5464
-6396
-5657
-4721
-3322
-2047
-2045
-2161
-3036
-3156
-2487
-2252
-175
4611
13410
22489
24861
19892
10736
4092
2956
4392
6949
9479
11416
10952
6356
58
-4285
-5814
-7237
-10164
-12154
-10012
-4778
-1627
-3516
-7978
-10685
-10056
-7665
-4272
616
5871
8388
6588
3566
3589
6396
7972
6132
3703
4310
7218
8859
7451
4906
2715
309
-2370
-3717
-1890
1440
2665
1111
-976
-1394
-751
-820
-1521
-1288
572
2999
4822
5830
6393
6328
5491
4665
4667
5929
7190
6639
4467
1457
-1152
-2823
-4216
-5198
-5849
-6627
-7499
-8337
-8585
-7891
-7281
-7228
-7021
-6132
-4372
-2765
-2328
-2374
-2844
-3376
-4105
-4838
-4809
-4926
-5746
-7255
-8394
-7788
-7327
-7057
-7752
-8479
-7962
-7487
-6361
-5423
-4718
-3754
-3164
-2570
-2044
-1283
2451
10107
20675
27811
27320
20359
12548
8728
8310
9060
10295
12078
13259
11202
5933
719
-2157
-4265
-8178
-12542
-13640
-9912
-5312
-4428
-7309
-10409
-11120
-10104
-8462
-5112
429
5776
7289
5175
3493
4833
6837
6043
3077
1966
4176
6735
6655
4629
2810
831
-2553
-6316
-7342
-4741
-1745
-1300
-2476
-2685
-1511
-782
-1339
-1675
-203
2251
4645
6925
9086
10686
9984
8412
8245
9683
11804
11361
8680
5712
3029
1624
-255
-2142
-3520
-5235
-6925
-8531
-8648
-7109
-5817
-5988
-7238
-7670
-6333
-4058
-2581
-2027
-2014
-2390
-3188
-4578
-5236
-5429
-6241
-7761
-9666
-9260
-7982
-7217
-7925
-10088
-11132
-11515
-10993
-9398
-8241
-6852
-6488
-6475
-5409
-4489
-701
6023
16584
26386
28914
24238
15975
10854
10255
10843
11940
13303
15015
14551
10017
3980
-81
-2154
-5106
-9544
-12458
-10457
-5856
-3960
-6527
-10760
-12474
-11157
-8983
-6030
-1482
3732
6638
5675
3763
4735
7319
7664
4657
1925
2928
5893
6852
4855
2402
422
-2268
-5874
-8181
-7047
-4587
-3929
-5056
-5565
-4043
-2455
-2534
-3073
-2096
653
3627
5846
8058
9987
10584
9386
7868
8672
11185
13785
13005
9761
5902
2783
1063
-767
-2059
-3238
-4871
-6834
-8304
-7844
-5898
-4622
-5000
-6253
-6381
-4716
-2643
-1356
-789
-1125
-2099
-3475
-4148
-3888
-4229
-5857
-8741
-9676
-8987
-7692
-7283
-8700
-10160
-11585
-12443
-12022
-11175
-9248
-7591
-6919
-6482
-6405
-2931
4305
15886
25202
26955
22332
14961
11955
12142
12579
13163
13681
14934
14335
10015
4986
1995
-368
-4294
-9438
-12326
-9592
-5109
-4103
-7429
-11891
-13252
-11897
-9712
-6490
-1555
3622
5523
3967
2495
4621
7810
7697
4192
1651
3204
6109
6677
4669
2550
561
-2729
-6812
-8909
-7208
-4747
-4649
-6159
-6720
-5189
-3761
-3899
-4250
-2994
-32
3211
6083
9083
11137
11776
9976
8959
10168
13297
16159
14877
11362
6761
3232
1555
-156
-1152
-2389
-4568
-6858
-8599
-8519
-6847
-6179
-6660
-6961
-6191
-4166
-2372
-1890
-1716
-2213
-2988
-3639
-3524
-2656
-2531
-4517
-7499
-8714
-8606
-7437
-8068
-9228
-10167
-11240
-11598
-12311
-12810
-11311
-10378
-8336
-7803
-6617
-1295
7455
19565
26473
25636
19326
13133
11832
13057
14545
15571
16759
17035
13962
8658
3730
1479
-812
-5201
-9566
-10478
-7161
-4104
-5324
-9628
-13134
-13507
-11817
-9263
-5425
79
4503
5050
2918
2129
5047
8023
7430
4021
2232
3814
5749
5380
3215
1243
-1086
-4948
-8919
-10152
-8178
-6346
-6898
-8461
-8506
-6868
-5546
-5376
-4952
-3175
-285
2860
6227
9975
12520
12736
11109
10275
11972
15071
16717
15236
11523
7550
4445
2426
1020
263
-759
-3005
-5744
-7546
-7305
-5952
-5777
-6488
-6935
-5666
-3689
-2274
-1996
-2382
-3211
-4296
-5240
-4561
-3399
-3042
-5053
-7894
-8722
-8311
-7071
-7747
-9149
-10324
-10832
-10862
-11207
-11691
-10525
-9506
-7828
-7871
-5501
1384
12420
24059
26937
23054
15402
10851
11463
12517
14078
15416
16487
15567
10910
5264
1977
224
-3233
-8109
-11298
-9325
-4546
-3176
-6036
-10805
-13318
-12765
-10901
-7446
-1967
3794
6484
5140
2971
3974
7568
9020
7295
4649
4556
6422
6757
5204
3165
1160
-1780
-5902
-8909
-8768
-7404
-7531
-9186
-10401
-9474
-7800
-7171
-7008
-6222
-4258
-1562
1304
4818
8484
10238
9843
8522
8653
11562
14603
15251
13286
9350
6174
3976
2257
1818
995
-399
-2656
-5322
-6285
-5666
-4993
-5384
-6506
-6629
-5092
-2649
-941
-487
-1110
-2750
-4056
-5028
-4264
-3490
-3411
-5333
-7104
-7662
-6990
-6212
-6658
-8513
-9449
-10524
-10647
-10930
-10513
-9061
-7994
-7317
-7264
-2201
7588
19552
26538
23931
17151
11490
10733
12744
13841
15085
16189
16033
12408
7117
3290
1453
-1530
-7430
-12124
-11866
-7118
-3515
-5416
-9956
-13715
-14365
-13116
-10425
-5483
659
4584
4395
2651
3333
6668
8992
7643
5212
5074
7440
9164
8367
6295
3984
890
-3086
-6054
-6212
-4693
-4849
-7185
-9349
-9610
-8389
-7792
-7998
-7382
-5813
-3608
-793
2606
6531
9228
8662
7739
7823
10377
13385
13494
11831
8996
6363
4669
2699
1792
1225
-251
-2569
-4902
-5775
-4692
-4199
-4762
-5834
-6275
-4983
-3496
-2740
-2680
-3238
-4086
-5057
-5732
-5553
-5034
-5193
-6685
-7854
-8221
-7081
-6658
-6799
-8135
-9050
-9413
-9723
-10031
-10164
-9291
-7280
-6476
-3374
3174
13401
23872
26129
21770
14546
11245
12624
14638
15623
16906
18042
16635
11962
5964
2996
1734
-1971
-7855
-11635
-9851
-4967
-3730
-7344
-12134
-14631
-14753
-13650
-11378
-6031
11
2687
1528
26
1928
5723
6568
4281
2302
3631
6656
7898
7059
5596
3848
415
-3867
-5970
-4571
-2369
-2921
-5868
-7981
-7839
-6849
-6763
-6806
-5798
-3987
-2178
-167
3278
7282
9665
9257
8217
8826
11440
13429
12748
11067
8798
7457
5713
3623
2832
1670
-137
-2873
-5700
-5615
-4186
-3353
-3985
-5423
-5791
-4678
-4051
-3975
-4102
-4701
-5198
-6249
-7182
-7014
-6410
-7274
-8612
-10234
-9977
-8969
-8396
-8803
-9993
-10377
-10946
-11280
-11660
-11698
-9154
-8828
-4759
1909
11951
23350
25227
21643
14232
10555
12910
15419
17320
19050
20562
19764
15790
9706
6034
4647
1055
-4118
-8085
-7235
-2500
-1394
-4732
-9507
-12703
-13343
-13254
-12121
-7614
-1796
1364
783
-953
372
3888
4744
2825
778
1672
4666
6210
5815
4783
3369
114
-4233
-7057
-6107
-3575
-3462
-5657
-8074
-8519
-7823
-8189
-8348
-7479
-5356
-3133
-1416
1374
5237
8099
8837
8285
9092
12073
13813
13585
11384
9197
8349
6628
5048
4111
3697
2785
-31
-4049
-5545
-5244
-4016
-3689
-4715
-4394
-3043
-2122
-2292
-3430
-4438
-4680
-5301
-6173
-6051
-5892
-5727
-7334
-9087
-10281
-9886
-9711
-9810
-10403
-11438
-11440
-12739
-13343
-13166
-12112
-10786
-7565
-306
10194
21228
23630
20304
13478
9621
11632
13538
16119
19017
20881
20714
16987
11544
8709
6602
2441
-3047
-6991
-5796
-1281
-171
-2585
-6533
-9767
-11197
-12416
-11906
-7718
-2522
791
558
-311
1235
3875
4010
1803
-10
925
3822
5562
5995
5864
4403
1206
-3431
-6363
-6029
-4468
-4169
-5291
-6484
-6563
-6803
-7934
-8898
-8833
-7607
-5813
-3768
-325
3755
6368
7265
6446
7146
10224
12185
13657
12129
10171
9324
7647
6953
5536
4096
2405
-274
-3124
-4116
-4127
-3719
-3771
-5309
-5625
-4791
-3512
-1950
-2400
-3181
-4385
-5775
-6265
-6541
-6663
-6598
-7933
-8103
-8646
-8198
-8161
-8956
-10098
-11010
-11436
-12006
-11980
-12220
-11352
-10293
-6460
577
11563
19408
21607
17382
10997
9356
10440
12695
15382
17513
20030
19751
15646
11475
9139
6682
2773
-3134
-6420
-4052
-483
446
-2191
-6057
-8198
-10072
-11917
-11227
-7482
-2480
-88
-993
-1286
996
3529
3304
438
-1047
745
3567
5497
6360
6671
6159
2738
-1948
-4650
-4377
-3172
-3366
-5083
-5702
-5453
-5820
-7253
-8833
-9024
-8123
-7098
-5556
-2084
2157
5207
6021
5539
6296
7924
9994
11108
11694
11702
10817
9150
6930
5933
4807
3222
757
-1592
-2609
-2928
-3116
-3968
-4916
-5225
-5230
-4580
-3994
-3116
-3028
-3980
-5417
-6721
-7262
-7698
-8441
-9161
-8682
-8256
-7242
-8174
-8314
-9535
-10103
-11038
-11984
-12378
-11671
-10581
-9353
-3820
2885
13733
18700
18361
14956
9931
9869
10557
11691
14234
17086
19105
18499
15105
12004
10575
7148
2086
-2914
-5324
-2364
116
400
-1169
-3736
-6216
-9164
-11965
-11268
-7608
-3591
-1650
-1869
-1370
946
1948
937
-982
-1778
126
2110
3994
5725
6731
6362
3464
-344
-2301
-2562
-2537
-3006
-3917
-4005
-3732
-4457
-5778
-7241
-8124
-8260
-8011
-6452
-3381
17
3162
4530
5649
6151
6464
6979
7428
8854
9885
10442
10082
8948
7996
6209
4086
1389
-508
-1407
-2022
-2264
-2834
-2924
-3080
-3293
-3952
-4683
-4743
-4938
-5345
-6284
-7322
-7933
-8828
-9839
-10641
-10643
-10266
-9253
-9453
-9275
-9314
-10315
-10820
-12606
-11680
-11520
-8414
-4124
3467
13315
17580
18413
12880
9109
8790
9130
10773
12088
15350
17893
17849
14451
11931
10995
8483
4122
-2207
-4357
-1785
624
1310
-476
-1611
-2497
-5406
-9182
-10457
-7792
-4013
-2333
-2763
-1634
1115
2175
364
-2848
-3179
-1239
413
1434
2650
5195
6602
4608
863
-1521
-2004
-1765
-2801
-3579
-2788
-1650
-1568
-2918
-4499
-4986
-5642
-6826
-7279
-5757
-2244
1392
3899
5583
7137
7217
6305
4882
4483
5785
6733
7251
7315
7698
7684
6101
3287
1004
-94
-724
-1664
-2645
-2755
-2106
-1824
-2177
-3184
-3430
-3871
-4697
-6050
-7109
-7454
-7986
-9066
-10423
-10408
-10462
-9756
-10350
-10689
-10555
-10714
-11272
-12411
-12509
-11361
-9628
-6328
-1065
8142
14440
17485
14494
10206
9130
8766
9695
10148
12612
15938
17249
15265
12899
12250
11341
8325
2093
-2732
-2565
-567
1154
390
-216
-314
-2040
-5655
-8692
-8570
-5700
-3746
-4050
-3982
-1524
1358
1957
-324
-2247
-2460
-1963
-1708
-986
1426
4747
5797
4102
1650
197
-623
-1966
-3639
-3879
-2872
-1738
-1667
-2511
-2899
-3115
-4129
-5606
-6442
-5492
-2767
76
3050
5351
6680
6888
5387
4005
3753
4231
5297
5891
6799
8033
8300
7308
4983
2504
747
-634
-1552
-1705
-993
-81
180
-861
-2086
-3402
-4497
-5908
-7365
-8369
-8665
-9111
-9555
-9895
-10185
-9892
-10606
-11506
-12192
-12505
-12159
-12241
-12257
-11341
-9849
-6295
-1689
5661
11670
14926
14150
10455
8839
8206
8892
9578
10792
13271
14840
14502
12739
11950
11077
9042
4568
-516
-2173
-1596
-155
271
262
745
192
-2339
-5395
-6800
-5720
-4087
-3889
-3870
-2372
51
1628
1016
-162
-579
-817
-1468
-2024
-1152
1669
3897
4312
3334
2348
1437
-48
-2226
-3610
-3510
-2931
-2695
-3136
-3220
-2561
-2409
-3162
-4128
-4782
-4123
-2919
-1036
1719
3836
5500
5101
4471
4008
3878
4111
3574
3939
4363
5257
5546
5192
4503
3363
2039
369
-718
-1102
-543
56
-56
-313
-1311
-2091
-3512
-5067
-6253
-7276
-7856
-8378
-8644
-8833
-8271
-8795
-9062
-10018
-10509
-10806
-11494
-11907
-12199
-11261
-10099
-6227
-1595
5801
11456
13581
12765
9556
8370
7310
6994
7174
8652
11176
12614
12852
12104
12666
11945
9188
4329
-489
-1892
-2169
-1531
-1202
-296
1132
971
-1030
-3608
-4735
-4782
-4999
-5993
-6036
-3984
-1374
363
489
584
1028
849
-282
-1529
-1326
406
2134
3354
4198
5004
4984
3488
1242
-336
-887
-1063
-1673
-2580
-2778
-2272
-1585
-1306
-1396
-1579
-1701
-2034
-2174
-1631
-634
685
1510
1635
2077
2326
2948
3092
3060
3213
3237
3164
2615
2021
1525
1248
736
141
-171
-61
291
238
-305
-1018
-1788
-2560
-3761
-4802
-5666
-5906
-6239
-6912
-7403
-7935
-7970
-8468
-9060
-9578
-9700
-9800
-9990
-10227
-9833
-9135
-7710
-4427
-39
5782
9220
10691
10410
9632
9480
8285
7420
7164
8299
9404
9950
10411
11497
13011
12409
9572
5542
2272
398
-1387
-2382
-2312
-982
237
106
-928
-1637
-2299
-3622
-5729
-7353
-7277
-6205
-5282
-4420
-3103
-1013
511
585
-123
-642
-450
-40
641
1661
3064
3785
3587
3137
3084
3673
3599
2356
556
-1086
-1848
-2053
-1621
-581
896
1621
1687
1114
475
334
-228
-638
-848
-582
191
776
1338
1949
2434
2416
1739
776
-30
-446
-604
-566
-300
345
1117
1555
1393
519
-391
-1259
-2165
-2786
-3400
-3416
-3758
-4369
-4882
-5646
-6139
-6373
-7061
-7783
-8169
-8530
-8301
-8295
-8101
-7868
-7450
-6578
-5736
-5267
-4451
-2793
379
4000
7218
9351
10605
11412
11103
9732
7807
6755
6393
6313
6330
6687
8203
9840
10604
9601
7295
4987
2367
-131
-2296
-3272
-2865
-2083
-2046
-2731
-2982
-2599
-2095
-2490
-3529
-4184
-4569
-4529
-4463
-3928
-2693
-1152
-31
599
1454
2513
3151
2602
1219
-99
-419
15
596
1201
1694
2162
1879
1232
442
462
992
1218
1576
1253
1336
1034
620
368
35
217
216
183
81
392
712
833
1055
904
520
100
-647
-1572
-1498
-1122
-541
400
467
703
-260
-448
-1100
-1827
-1730
-2261
-2556
-3777
-4165
-4209
-4688
-4830
-4902
-5371
-5681
-5761
-6179
-6251
-5661
-5771
-5873
-5697
-5197
-4258
-3509
-2546
-1856
-1086
-896
-470
1335
3114
5665
6788
7170
7739
7679
7835
7236
6733
6316
5982
5145
4498
4369
4794
5451
5190
4405
3171
1960
963
-465
-1407
-1961
-2103
-2104
-2446
-2358
-1922
-1194
-707
-923
-1382
-1650
-1778
-1584
-899
127
1148
1643
1513
1200
890
1018
1018
685
311
-84
-87
178
507
937
1103
1244
1104
585
326
-28
120
64
-319
102
76
535
594
1016
1056
768
681
251
387
589
482
-101
23
-176
101
71
203
-13
-474
-843
-1453
-1246
-1500
-1241
-1167
-1964
-2804
-3009
-3599
-3978
-3648
-3980
-3640
-3756
-3618
-3792
-3797
-3266
-3434
-3642
-4123
-4168
-3265
-2495
-1498
-683
-56
41
194
594
1118
1429
1405
1124
1315
1790
2060
2830
3041
3206
3218
2995
2791
2657
2487
2460
2272
1957
1613
1484
1298
606
-380
-1435
-1937
-2007
-1634
-864
-19
800
1034
1091
771
731
670
495
494
874
1529
1961
2456
2857
3570
4238
4199
3394
2445
1498
750
345
171
450
802
939
835
776
988
587
517
-126
-339
-1052
-1403
-833
-942
196
499
1307
822
878
425
-114
-148
-953
-760
-1718
-648
-538
-21
397
-23
156
-944
-944
-2285
-1633
-2104
-2654
-2990
-3680
-3015
-3301
-2372
-2632
-1976
-2717
-2086
-2125
-2631
-2055
-2851
-1874
-2540
-1819
-2151
-1575
-1417
-1024
-91
-1253
-173
-323
135
427
898
707
1247
2272
1839
2615
1907
1716
1512
1823
1881
1783
1851
911
1290
433
764
787
363
335
-950
-1184
-1775
-1968
-2213
-2247
-1569
-1610
-1059
-1073
-745
-258
-218
546
266
652
871
1316
1353
1257
2262
2244
2743
2208
2531
2713
2140
2644
1726
2170
1665
1072
1311
804
1535
1416
1263
962
626
1138
899
669
1130
1311
1004
987
955
1172
1303
1182
1323
806
1024
1221
741
1179
263
-372
-621
-1081
-1119
-1001
-1720
-1785
-1395
-2601
-2188
-2614
-3184
-2894
-3651
-2944
-3222
-2244
-1994
-1881
-1095
-1854
-917
-1627
-1566
-1903
-1844
-1546
-638
-634
-321
-43
-182
275
-919
-776
-1117
-336
-188
539
1400
1465
1945
1412
1933
942
718
653
259
706
274
64
950
821
695
-364
-610
-486
-1576
-1274
-2306
-1467
-1920
-1166
-1207
-1866
-1107
-1847
-879
-750
-81
262
1281
1096
1504
1312
1605
1926
1262
2099
1333
2135
1581
2147
2141
2312
1769
1185
1239
765
1559
792
1036
138
251
-121
-261
-109
214
1084
784
1600
767
1039
836
549
616
305
984
1204
1459
1883
2140
1193
1035
528
283
307
-814
-435
-1060
-752
-1203
-916
-1058
-1520
-1153
-2214
-1359
-2439
-1701
-2056
-1508
-1641
-1634
-1259
-1934
-1648
-1803
-1421
-2024
-1156
-1469
-1082
-705
-967
-543
-495
-640
495
168
318
721
722
1001
734
870
8
843
929
579
651
835
-18
303
334
-170
53
-437
-462
-829
-1201
-1445
-1395
-1365
-1277
-884
-951
-864
-1010
-568
-995
-360
-156
-755
500
31
227
1070
550
846
1730
1422
1098
1192
1247
1473
1251
1243
271
1533
109
1393
797
665
1148
64
712
-1057
1005
-658
1070
594
1252
1573
988
1875
-168
1633
268
1001
1035
586
1664
448
1084
907
859
849
280
-131
-253
-1099
102
-1157
-221
-979
-483
-1006
-1083
-367
-1241
10
-988
-337
-1421
-47
-1574
-979
-1618
-1463
-743
-1732
-122
-1809
-573
-1662
-830
-1028
-1244
-523
-1508
-314
-599
421
701
969
811
236
591
-401
195
-88
373
881
1064
729
581
1088
-62
1434
-748
-290
-843
-1188
115
-1066
-296
-958
-551
-669
-317
-351
-260
174
-633
-207
-345
57
561
612
508
903
697
662
232
813
497
1442
932
457
325
60
381
218
223
317
-251
340
-301
-120
-115
428
459
499
954
247
982
98
498
535
892
898
437
1368
5
955
308
-59
522
-74
589
91
449
244
425
-178
-702
-8
-117
-171
206
-537
-126
-673
-46
-559
-358
-128
-570
-271
-1552
-903
-1766
-1461
-1512
-1806
-1538
-1491
-1113
-1181
-1124
-1474
-1319
-993
-818
-104
-107
192
227
323
2
70
30
468
284
669
685
661
723
331
581
-61
431
247
-150
43
66
-233
1
185
-106
-73
7
-59
411
442
730
481
339
886
787
795
599
168
771
309
825
278
900
513
422
449
-16
361
-426
-359
-415
-394
-189
-378
-252
-468
-327
-221
31
341
-146
707
237
586
264
341
710
234
260
240
-55
469
388
581
456
-54
549
-78
423
338
46
-218
48
-330
431
534
515
876
512
47
442
561
85
140
107
-547
552
-497
-460
-795
-1123
-1201
-1556
-942
-1825
-1543
-2521
-1527
-1751
-1176
-648
-733
-432
-236
-834
-599
-610
-499
-544
-663
-188
-22
338
300
561
916
1089
211
-366
-586
-189
-379
-163
-327
-101
593
335
1157
225
491
709
333
795
410
795
1106
1413
1573
730
1266
1032
1240
1173
1108
1103
1161
760
492
680
286
-73
-95
-489
-173
-798
-292
-1100
-491
28
-977
-682
-1151
-521
-1061
-153
-1164
125
-655
-72
-550
-356
58
-548
357
-704
617
-665
-301
-441
-206
82
-253
230
-34
415
136
618
429
520
616
871
403
1530
296
741
489
480
689
163
968
-167
219
-132
-655
-513
-767
-952
-1380
-983
-726
-1470
-564
-1444
-507
-824
-581
-596
-647
-321
-657
-311
-20
-85
881
621
345
1080
-99
492
-238
213
-656
-68
-389
-243
321
-157
459
-721
28
-592
-238
-695
-49
-20
-26
381
794
482
700
774
884
1229
1027
1640
731
1174
980
1194
483
1191
600
880
817
528
242
391
92
-428
-131
-618
-45
-294
-230
50
-389
-83
-1027
-717
-1093
-1021
-942
-1013
-368
-710
-417
-497
-573
-660
-326
-843
-531
-394
-464
-531
-251
-535
-63
57
503
-331
767
89
630
399
593
881
168
1140
-278
1178
-575
350
-248
-161
495
-511
354
-756
202
-1004
-226
-933
-979
-515
-1069
-451
-1079
-368
-326
-240
-29
-220
185
-216
-156
249
368
673
561
854
352
461
314
533
325
-277
734
-458
250
-639
257
290
416
482
-33
258
-152
801
128
609
-25
674
392
534
371
561
1220
453
995
134
378
585
-23
140
56
211
462
517
-409
669
252
-2
238
-343
27
31
301
46
-168
-150
-287
-193
-707
-471
-522
-611
-79
-269
-351
114
-378
-426
-651
-677
-756
-213
-571
-620
-89
-936
-52
-655
-80
-425
-171
-246
-203
-263
106
261
-398
-203
-899
-407
-692
-326
-85
-51
-195
-262
-467
-580
-252
59
-147
-494
-587
-539
-56
30
182
303
-106
-182
370
-365
956
-122
707
307
881
648
354
879
214
698
153
3
495
342
457
551
17
591
-153
713
-197
923
247
241
534
98
494
821
814
733
574
235
463
380
75
-169
181
-362
518
-193
269
-422
-88
-844
-262
-170
-553
274
-613
103
-692
127
-438
-10
-27
-447
1
-620
400
-99
-176
-425
17
343
-249
722
-196
350
91
-378
286
-245
276
-163
-55
-82
179
-356
263
80
-232
205
-762
48
-636
-39
-2
-916
-507
-1268
-494
-405
-456
-508
-846
-141
-304
-354
-508
-357
-843
-327
-900
-302
-208
-418
69
-80
-76
7
217
-297
621
40
253
440
323
422
178
596
-16
650
-94
598
157
745
-7
736
577
548
679
281
990
343
1211
620
1113
792
831
772
743
631
751
951
790
719
923
596
282
1
-235
-224
-483
-814
-80
-653
-242
-453
-154
-617
-531
-960
-793
-706
-1094
-54
-1045
-273
-481
-398
-300
-461
-496
-75
-725
434
-561
-231
-45
-190
127
-347
252
-87
646
-420
869
-463
662
229
86
331
-94
112
-102
-137
-295
152
-515
-71
-539
-639
-170
-511
-374
-638
-961
-393
-1177
-284
-1044
-243
229
-332
176
-494
-339
-744
-48
-128
128
139
480
-30
428
195
323
218
-419
688
-89
603
212
137
436
369
524
-49
507
194
252
542
-114
562
573
525
848
809
863
1049
618
703
730
435
909
461
542
588
763
877
630
342
126
57
61
-13
-248
-61
-318
-4
-237
-105
125
-132
-48
-568
-283
-547
-467
-930
-677
-772
-454
-245
-719
-214
-630
144
-446
-524
-573
-395
-460
-291
-231
-514
33
40
-164
241
235
-27
338
159
288
430
-184
84
-259
214
68
-72
18
-904
-204
-982
271
-695
-61
-591
-175
-548
-413
-552
-410
-269
-477
-221
-532
155
-499
436
-605
7
-183
-361
357
-204
560
-75
157
88
95
-23
34
179
79
319
112
220
3
504
-155
470
74
871
708
771
888
72
758
52
803
517
534
567
234
627
580
532
871
64
728
-245
164
174
-61
277
-256
-150
-173
429
-109
343
-599
399
-325
282
-436
-213
-58
-320
379
-319
-2
-289
-127
-66
-57
-29
-536
-20
59
-81
87
-91
-462
-742
-275
-876
209
-434
333
-255
68
-117
-108
118
-410
7
-568
207
-150
-19
-418
-311
-255
-526
-239
-705
-104
-41
-212
-307
-328
-245
-413
-96
-405
-213
64
-381
-262
-357
-333
-128
138
92
-92
127
-328
-144
-135
178
-289
108
82
179
281
-67
295
216
259
724
430
383
575
-187
346
25
269
878
450
805
747
701
327
792
565
568
627
199
-14
100
35
-211
625
-136
-77
183
-66
130
-178
305
-203
504
-519
-27
217
-296
529
-207
155
-334
210
-400
-249
-227
-211
371
-79
212
-73
-103
135
-172
47
90
-476
-251
-535
-168
86
-251
-151
-620
96
-170
-201
46
-180
-76
-461
38
-390
-275
-121
-537
-187
-546
-87
-528
-299
6
-348
-44
-632
-287
-652
-245
-566
-48
-122
-267
208
-191
104
-387
-195
-81
-214
-97
-223
45
-190
-28
337
5
86
25
-5
86
295
33
303
180
258
-81
253
397
334
472
192
669
217
587
330
817
724
716
738
263
820
60
303
267
140
280
164
169
165
174
-47
-93
-90
-83
-57
60
76
232
143
33
-190
-86
-168
-106
321
-220
419
-92
90
210
-63
255
164
479
176
117
-194
49
-45
-352
-59
-397
15
61
182
-65
-79
-144
-402
-520
-772
-433
-562
104
-258
-124
-526
-297
-333
-512
-157
-743
-429
-533
-214
-320
-273
-584
9
-175
-145
-18
-177
-19
-21
136
-438
16
-263
-20
-431
-127
-11
-124
-329
-216
128
-75
228
-240
79
-105
86
41
-211
-81
-341
-163
-188
76
158
185
388
580
442
466
459
360
587
167
440
505
280
517
332
406
409
291
209
275
379
121
241
286
237
206
146
125
63
84
51
49
-12
27
8
-2
310
248
186
136
151
342
144
12
-11
82
205
276
31
71
58
141
222
216
244
35
6
-76
-41
-248
-409
-454
-469
-391
-376
-346
-352
-224
-376
-330
-335
-300
-374
-423
-269
-257
-226
-247
-301
-232
-252
-421
-376
-637
-418
-459
-281
-138
-4
105
-11
168
-132
-70
-278
-192
-169
-144
54
-70
20
-36
-134
5
19
91
157
-82
69
4
154
9
124
99
30
134
136
206
258
292
188
387
289
324
182
223
105
186
168
177
176
171
318
301
349
223
293
168
167
107
139
73
36
76
81
155
195
208
199
219
231
134
66
22
-64
-95
-39
-93
-84
41
58
184
171
210
122
102
69
-5
14
-117
-75
-236
-114
-181
-155
-121
-92
-23
-151
-117
-278
-239
-285
-318
-317
-281
-249
-246
-179
-181
-134
-224
-156
-263
-296
-299
-301
-180
-253
-104
-210
-187
-176
-182
-85
-59
-80
-137
-97
-11
130
134
54
30
-98
-48
-21
-24
-75
-54
-154
-51
122
41
148
108
184
127
176
131
135
164
189
267
216
172
105
130
193
289
230
167
229
171
193
271
263
217
195
38
86
134
123
212
169
209
170
186
184
137
138
68
62
72
73
123
91
61
94
148
118
145
93
-36
-84
-130
-193
-189
-189
-135
-88
-83
-65
-40
-34
-189
-189
-283
-239
-251
-235
-193
-238
-169
-156
-207
-207
-207
-219
-132
-194
-56
-153
-210
-164
-225
-242
-251
-260
-137
-149
-129
-83
-70
-67
-128
-103
-148
-99
-134
-86
-136
-53
-44
-110
-80
-101
-6
-52
0
45
33
2
9
29
13
69
7
59
61
134
209
157
231
233
317
326
292
336
289
336
250
232
117
134
137
120
146
164
132
174
175
138
207
100
179
109
143
96
83
70
105
133
155
195
123
191
177
171
148
169
122
179
204
82
36
28
-44
-51
-68
-118
-194
-245
-229
-276
-322
-318
-300
-311
-285
-278
-312
-272
-349
-255
-244
-206
-128
-208
-154
-217
-156
-120
-70
-46
-42
-59
-94
-76
-126
-88
-31
-10
38
73
108
74
124
54
14
-9
-47
68
52
130
92
156
80
96
86
22
74
-28
-25
-38
9
10
51
40
30
16
14
38
-49
-25
-7
49
-17
-3
6
-34
0
35
48
14
-25
-49
-53
-19
-16
34
-39
-36
3
-2
57
5
18
50
81
123
86
75
63
127
177
132
172
101
145
138
224
293
265
217
161
172
154
202
222
148
108
77
46
35
-56
-89
-187
-134
-184
-177
-199
-240
-201
-206
-191
-237
-256
-324
-254
-265
-197
-242
-228
-266
-254
-182
-171
-140
-143
-150
-156
-103
-64
-57
-15
-11
-29
27
47
11
12
-8
-2
98
146
217
121
116
68
4
49
37
24
78
81
50
44
75
30
9
38
48
81
112
81
41
142
129
141
131
121
140
157
115
123
61
4
31
70
38
35
49
36
21
8
-19
-35
-48
-73
-46
-19
-45
-14
19
-18
110
133
108
84
94
53
66
65
98
129
120
143
153
188
149
122
74
37
54
47
28
18
-21
2
-37
-28
-24
-46
-56
-85
-102
-112
-124
-107
-115
-135
-121
-114
-124
-156
-161
-211
-237
-229
-175
-191
-206
-188
-218
-186
-167
-182
-197
-153
-154
-81
-60
-66
-92
-78
-70
-77
-15
-8
-29
-80
-56
-82
-46
-33
-10
64
85
99
33
20
3
8
51
19
22
62
113
112
146
135
131
136
130
117
92
125
78
116
99
85
37
-27
-1
-39
28
16
60
66
27
-12
-4
7
-21
-1
-16
0
16
38
54
58
79
86
105
95
115
131
153
124
154
121
136
151
93
177
126
107
107
57
80
80
69
89
57
52
64
84
64
45
-3
-60
-49
-26
-16
-18
-25
-48
-75
-120
-102
-127
-125
-128
-110
-82
-97
-131
-125
-131
-120
-81
-117
-104
-164
-118
-141
-158
-137
-131
-141
-141
-141
-149
-129
-156
-131
-122
-105
-76
-65
-66
-62
-113
-106
-99
-108
-60
-43
0
29
36
42
68
73
99
106
115
124
110
110
148
184
140
125
82
81
61
61
55
21
42
22
45
36
17
20
21
64
58
61
61
58
14
25
70
118
145
85
101
93
92
70
54
48
51
52
21
8
-12
-46
-64
-51
-36
-25
-54
-63
-73
-59
-62
-32
-23
-22
-11
-5
-13
-33
-35
-67
-48
-27
-27
-16
-5
-18
-19
-40
2
6
-15
-10
-38
-3
-17
3
-34
-36
-23
-7
9
-15
8
-3
10
20
30
16
18
-4
-9
1
6
23
21
30
4
-8
-35
-16
-23
-49
-50
-51
-44
-55
-74
-81
-88
-112
-98
-116
-85
-96
-76
-58
-53
-40
-66
-35
-25
-18
-28
-5
34
44
68
43
65
80
105
101
94
88
77
100
72
111
97
128
133
122
118
94
98
108
109
107
91
67
69
65
67
43
57
51
76
68
50
43
27
36
25
36
-4
-7
-34
-26
-17
-40
-40
-89
-73
-76
-59
-54
-38
-9
7
2
-33
-38
-45
-7
-13
-28
-32
-58
-70
-82
-91
-69
-69
-42
-45
-61
-73
-68
-96
-93
-112
-112
-88
-96
-78
-77
-32
-32
-33
-74
-63
-47
-73
-58
-91
-80
-92
-122
-118
-124
-88
-73
-51
-66
-36
-46
-17
-13
-38
-37
-44
-7
-9
12
-3
29
25
24
20
5
31
35
50
64
64
79
71
81
92
101
112
131
135
156
170
174
203
194
195
174
159
149
134
92
97
97
105
126
104
120
79
69
38
10
8
-15
24
37
89
57
42
22
21
39
15
26
-17
-22
-30
-2
15
33
29
14
30
26
26
-7
-25
-69
-76
-89
-84
-100
-111
-103
-95
-80
-94
-97
-102
-82
-85
-81
-111
-120
-123
-108
-75
-65
-64
-76
-67
-77
-78
-94
-99
-95
-89
-84
-71
-72
-78
-88
-110
-107
-118
-103
-118
-103
-111
-103
-109
-120
-106
-94
-65
-61
-68
-77
-40
-20
-2
-14
-23
0
23
60
76
102
130
152
174
186
191
189
184
177
174
165
160
168
170
177
170
157
137
122
96
84
65
51
45
35
48
51
67
63
63
64
74
92
81
53
13
0
3
6
-4
-26
-30
-26
-21
-24
-62
-77
-94
-90
-88
-118
-127
-138
-109
-89
-72
-71
-66
-64
-61
-51
-59
-45
-55
-51
-49
-52
-46
-50
-48
-34
-9
-6
4
-16
-19
-9
-9
8
-7
-2
-4
8
10
14
9
4
18
11
37
32
37
32
16
11
-6
-21
-42
-63
-84
-84
-75
-52
-30
-27
-32
-43
-53
-45
-44
-42
-35
-35
-12
2
34
55
75
81
82
81
84
106
109
117
97
76
61
55
63
69
63
59
49
51
52
46
37
34
34
37
37
14
6
-5
5
16
17
14
11
6
13
23
26
37
18
4
-12
-13
7
12
-10
-49
-85
-94
-83
-83
-94
-104
-110
-82
-63
-58
-51
-58
-43
-30
-28
-34
-43
-40
-20
-5
1
4
-5
-1
-2
-10
-13
-19
-16
0
1
-1
-15
-28
-19
-5
5
10
-9
-26
-39
-52
-50
-40
-26
-4
7
13
13
-7
-19
-42
-39
-34
-10
-1
7
-10
-29
-43
-55
-48
-45
-30
-18
0
6
16
15
26
28
37
43
44
48
47
55
56
66
65
78
92
103
114
99
91
77
80
87
89
84
65
55
44
45
37
36
36
43
52
44
27
7
1
1
7
2
-3
-7
-2
5
2
-4
-14
-12
-4
4
1
-12
-17
-17
-2
2
0
-12
-21
-13
-6
-1
-6
-13
-18
-19
-17
-27
-34
-42
-37
-35
-38
-49
-63
-64
-60
-49
-43
-38
-33
-21
-15
-16
-33
-48
-54
-39
-13
9
23
18
16
4
-1
-14
-23
-25
-19
-3
5
7
-8
-14
-23
-20
-23
-22
-25
-28
-27
-39
-45
-68
-70
-65
-37
-12
-1
-1
-17
-21
-31
-32
-49
-60
-71
-64
-49
-39
-36
-47
-45
-42
-18
-7
3
3
5
13
19
22
8
0
-9
6
25
49
62
62
57
50
49
50
49
42
36
35
42
54
65
72
75
74
79
81
81
69
56
46
47
65
82
102
105
106
97
94
87
83
78
69
67
60
59
46
35
16
4
-5
-10
-15
-27
-37
-47
-53
-53
-51
-48
-46
-46
-52
-58
-67
-71
-69
-67
-58
-58
-55
-55
-46
-32
-20
-10
-12
-9
-16
-11
-20
-25
-32
-32
-26
-22
-18
-28
-34
-44
-41
-40
-33
-30
-22
-10
2
15
14
11
3
1
-1
0
-1
-3
-2
-3
-1
-5
-9
-17
-21
-21
-19
-17
-19
-23
-29
-32
-35
-33
-31
-29
-27
-29
-29
-32
-31
-29
-23
-18
-12
-8
-5
-2
-1
1
0
4
6
14
19
24
29
34
39
45
50
55
59
63
67
69
70
65
60
54
48
45
43
41
38
33
25
17
9
0
-7
-13
-18
-22
-25
-30
-36
-41
-44
-45
-41
-37
-29
-22
-15
-8
-4
-3
-3
-6
-6
-5
-5
-6
-7
-8
-8
-10
-10
-9
-9
-9
-9
-10
-13
-16
-19
-19
-18
-17
-14
-11
-7
-4
-1
1
3
4
6
9
12
14
16
18
19
20
19
19
18
15
12
10
6
4
0
-3
-4
-4
-4
-5
-6
-8
-11
-15
-17
-18
-16
-14
-8
0
7
12
16
19
18
18
19
20
23
27
32
39
44
47
50
50
48
47
45
43
41
38
37
35
32
29
25
21
17
13
8
4
0
-2
-5
-9
-9
-13
-15
-17
-19
-21
-21
-23
-25
-26
-27
-28
-28
-27
-26
-24
-22
-21
-21
-23
-26
-30
-33
-34
-33
-31
-27
-25
-23
-23
-25
-28
-30
-33
-34
-33
-32
-29
-26
-25
-23
-21
-20
-20
-18
-17
-15
-12
-10
-7
-6
-3
-4
-3
-2
-2
-1
0
0
1
0
0
0
0
2
3
3
5
5
4
2
0
-2
-3
-2
-1
2
3
6
8
8
7
7
6
5
5
6
6
7
8
11
12
13
13
15
15
16
17
19
24
29
35
40
43
42
37
30
21
14
8
6
9
15
24
30
35
36
32
24
12
-1
-14
-25
-33
-37
-36
-29
-19
-6
7
16
21
18
12
2
-4
-9
-6
1
13
25
33
40
39
33
21
12
7
6
9
10
14
15
18
19
19
18
17
16
15
14
10
7
4
0
-4
-9
-12
-13
-16
-19
-21
-24
-27
-31
-34
-37
-38
-40
-41
-41
-39
-39
-38
-35
-32
-31
-29
-26
-24
-21
-19
-16
-14
-12
-10
-9
-9
-7
-8
-7
-7
-7
-7
-6
-7
-5
-6
-6
-6
-5
-6
-6
-6
-5
-4
-3
-1
-1
1
3
4
6
7
8
9
11
11
12
13
12
13
12
11
10
11
10
9
9
9
7
6
6
5
4
2
2
3
2
2
2
4
4
6
7
8
9
10
10
11
12
13
12
13
14
14
15
15
16
15
13
13
12
12
12
11
12
10
10
9
8
8
7
6
5
4
4
3
1
2
-1
-1
-3
-4
-5
-5
-8
-8
-9
-10
-11
-12
-14
-14
-14
-15
-14
-15
-15
-15
-15
-14
-13
-11
-10
-9
-8
-6
-6
-5
-4
-3
-2
-2
-1
0
0
2
2
2
2
2
1
0
0
-2
-4
-2
-5
-5
-5
-5
-5
-5
-5
-5
-5
-4
-4
-3
-3
-1
0
1
0
1
1
2
2
3
3
3
5
5
5
4
4
4
4
4
5
5
4
5
5
5
6
7
6
7
7
7
7
6
5
5
3
2
2
0
0
-2
-4
-6
-6
-6
-8
-9
-9
-9
-8
-9
-9
-8
-9
-9
-8
-7
-5
-4
-2
-1
1
2
3
2
4
5
4
6
6
6
8
7
9
10
9
8
9
9
8
7
5
5
4
4
3
2
1
2
1
0
0
-1
-2
-3
-5
-6
-7
-7
-7
-7
-5
-6
-6
-6
-7
-7
-5
-6
-6
-6
-5
-2
-1
0
1
4
5
6
8
8
8
10
10
10
11
11
11
11
10
8
7
5
4
2
-1
-2
-3
-4
-5
-6
-6
-7
-8
-8
-9
-7
-8
-7
-6
-5
-4
-4
-4
-3
-3
-4
-4
-6
-6
-7
-7
-8
-10
-10
-11
-12
-14
-16
-18
-18
-17
-16
-14
-14
-12
-10
-9
-8
-6
-4
-1
1
4
6
9
9
12
13
13
14
14
16
17
17
17
18
18
19
18
18
18
17
16
14
14
13
13
12
12
13
13
13
13
12
12
10
8
7
4
3
1
0
0
0
0
0
0
0
-1
-1
-2
-3
-3
-2
-3
-2
-1
-1
0
1
2
2
2
2
1
0
0
-1
-1
-3
-3
-3
-2
-2
-3
-3
-4
-5
-6
-8
-10
-11
-12
-12
-12
-12
-11
-11
-11
-12
-13
-12
-14
-15
-15
-14
-13
-13
-12
-12
-11
-12
-15
-17
-18
-20
-19
-18
-16
-13
-11
-10
-8
-6
-1
0
1
2
3
2
2
0
0
0
-1
0
-1
0
0
1
1
0
2
2
3
4
4
7
9
10
11
13
15
17
19
19
20
19
18
16
12
11
8
6
4
2
3
4
4
4
3
2
1
0
-1
-2
0
0
1
2
4
4
3
3
3
4
4
4
6
7
8
9
9
9
11
12
13
15
15
16
18
17
16
14
12
8
5
2
-1
-3
-4
-4
-3
-4
-5
-6
-7
-9
-11
-12
-13
-14
-13
-12
-10
-10
-9
-9
-10
-11
-13
-15
-15
-15
-12
-10
-6
-4
-1
0
1
2
2
1
-3
-5
-6
-4
-3
-4
-5
-7
-9
-9
-7
-6
-6
-6
-5
-5
-4
-5
-6
-5
-4
1
4
4
2
-2
-3
-1
2
6
4
3
2
2
2
2
1
1
3
4
8
7
6
1
0
1
3
3
1
1
1
4
7
8
5
2
1
5
10
15
16
13
8
5
5
6
8
10
10
10
9
5
3
-1
-2
-3
0
3
0
-6
-12
-15
-14
-9
-2
1
2
1
-4
-7
-9
-8
-5
-2
1
3
2
-1
-4
-6
-5
-3
0
0
-3
-8
-12
-12
-10
-6
0
2
3
0
-4
-10
-13
-10
0
7
9
5
-2
-9
-8
-2
6
10
9
6
4
3
1
0
-3
0
5
10
10
5
-3
-9
-8
-2
3
4
0
-3
-5
-1
1
0
-3
-5
-4
-3
-3
-6
-12
-14
-9
-2
2
-1
-7
-13
-14
-9
-2
1
-1
-4
-3
1
6
8
6
4
5
7
9
8
5
5
9
15
19
17
10
3
1
6
15
16
12
3
-3
-2
2
8
11
9
7
5
4
2
2
2
5
9
11
11
5
-2
-3
0
9
14
11
3
-5
-10
-10
-6
-3
-2
-2
-4
-7
-8
-11
-11
-6
2
8
9
4
-4
-10
-7
1
11
16
14
6
-1
-5
-3
2
4
4
0
-5
-11
-14
-15
-13
-10
-10
-14
-19
-22
-23
-19
-15
-14
-13
-15
-14
-15
-16
-18
-19
-19
-15
-7
0
2
0
-8
-14
