0
0
-1
0
0
0
0
-1
0
0
0
0
0
0
0
0
0
0
0
0
0
0
-1
0
0
0
0
0
0
0
0
0
1
0
-1
0
0
0
0
0
0
0
0
0
0
0
0
0
0
0
0
0
0
0
-1
0
0
0
0
0
0
0
0
0
0
0
0
0
1
0
0
0
0
0
0
0
1
0
0
0
1
1
0
0
0
-1
1
1
0
0
0
0
0
0
0
1
0
0
0
1
0
0
0
0
0
-1
0
0
0
0
0
0
0
0
0
0
-1
-1
-1
0
0
0
0
-1
0
0
0
0
0
0
0
0
0
1
0
1
0
0
0
0
0
0
1
-1
0
1
-1
0
0
0
0
0
0
0
-1
0
0
0
-1
0
-1
0
0
0
0
0
-1
0
0
0
0
0
0
-1
0
0
0
0
0
0
0
0
-1
-1
0
0
0
0
0
1
0
0
0
0
0
-1
0
0
0
0
0
0
0
0
0
1
0
1
0
0
1
-1
1
0
0
0
-1
-1
0
0
0
-1
0
-1
0
0
0
-1
0
0
0
0
1
0
0
0
0
0
0
1
0
1
0
0
0
0
0
0
1
0
0
0
1
1
0
0
0
0
0
0
0
0
-1
1
0
0
0
0
0
0
0
1
0
0
-1
0
0
0
-1
-1
-1
0
0
-1
-1
-1
-1
-1
-1
0
0
0
0
0
0
-1
1
0
1
1
0
-1
-1
-1
-1
-1
-2
-3
-2
-2
0
0
-1
0
-1
0
-1
-1
0
1
1
1
0
0
1
1
1
0
-1
-2
-1
-1
-1
-2
-2
-3
-4
-4
-3
-2
0
1
1
1
2
3
2
2
2
2
3
2
3
3
1
0
-2
-3
-4
-3
-2
-2
-1
-1
0
1
4
4
4
4
5
5
7
8
6
5
5
2
0
-2
-3
-1
1
1
0
-1
0
0
0
0
2
4
4
7
9
9
12
10
6
7
5
4
5
5
3
1
1
2
2
-1
-2
-2
-3
-1
0
1
2
4
4
2
3
6
7
9
9
5
1
0
0
-4
-6
-7
-7
-7
-8
-8
-6
-4
-3
-4
-5
-4
0
3
2
2
-1
-3
-1
1
0
-2
-3
-3
-4
-1
-3
-3
-3
-7
-8
-10
-9
-5
-2
-4
-3
-3
-5
-5
-5
-5
-1
1
5
6
5
4
3
0
-4
-9
-11
-9
-9
-11
-11
-13
-15
-13
-11
-9
-6
-2
1
3
4
5
5
2
1
-1
0
1
4
4
1
-1
-1
-1
-2
-6
-7
-6
-3
0
-2
-2
1
3
3
3
5
6
8
9
8
7
6
6
6
5
6
8
10
10
14
6
20
24
39
53
42
110
-64
-313
-341
-386
-362
-315
-285
-269
-327
-317
-281
-267
-238
-199
-106
-95
-82
-25
-93
-80
-17
-67
-97
-106
-110
-85
-86
-125
-132
-103
-78
-72
-129
-142
-87
-96
-123
-121
-93
-49
-16
10
-32
-41
57
104
59
26
59
79
49
33
62
105
149
175
155
155
169
156
151
179
173
176
163
115
43
-76
-80
-81
-113
-53
-6
6
25
27
-3
-27
-21
-1
50
70
85
157
147
83
42
25
25
3
61
129
105
91
55
-5
24
94
86
39
50
47
-14
-42
-19
15
50
54
56
106
154
194
162
95
77
46
71
106
105
151
162
120
62
55
87
70
27
-16
4
10
22
61
58
36
-9
-18
-60
-137
-134
-58
-4
2
1
41
68
35
26
8
-10
33
50
94
117
79
68
34
75
82
78
140
114
107
97
49
49
37
18
-2
-38
-47
-24
2
50
77
77
88
88
112
130
108
96
84
76
73
37
10
3
-22
-25
-5
16
19
-11
-38
-80
-94
-105
-140
-75
-9
-18
-21
-62
-81
-95
-142
-129
-109
-53
26
43
53
-20
-116
-120
-112
-83
-31
40
108
137
90
8
-11
-63
-74
9
67
108
120
112
69
-35
-98
-92
-68
-45
-3
33
57
109
141
121
67
36
26
30
39
-10
-37
27
52
21
-7
-9
-8
-36
-30
-27
-18
17
14
-22
-60
-65
-77
-127
-138
-148
-160
-120
-63
-23
-28
-17
23
52
56
79
82
60
35
-6
-32
-60
-39
-39
-39
-10
1
49
18
6
37
12
81
68
10
75
87
101
103
87
107
63
39
11
-46
-35
1
24
3
-14
18
35
1
-36
-15
67
119
95
90
59
8
-12
-49
-89
-88
-92
-84
-45
-50
-64
-88
-137
-181
-200
-157
-73
-15
7
45
62
45
75
103
130
128
61
73
77
84
89
43
80
76
95
154
153
169
109
30
20
2
-14
-12
-11
-36
-80
-98
-83
-76
-78
-71
-69
-79
-73
-33
-5
33
68
53
38
24
20
-14
-26
75
89
72
84
76
94
16
-26
23
59
88
43
7
-11
-53
-86
-116
-85
-54
-14
54
51
90
156
159
186
188
141
114
77
91
95
-21
-114
-64
-25
-11
12
-131
-256
-328
-341
-220
-122
-87
-227
-257
-157
-90
55
14
80
7
-303
-143
10
153
215
-87
-158
-249
-175
66
-90
-159
-196
-247
-183
-224
-162
-84
-5
75
-63
-139
-120
-180
-295
-380
-259
-116
-70
8
50
65
113
172
197
206
242
275
230
103
50
100
155
142
61
18
-56
-134
-86
-27
12
-21
-75
-54
-54
-45
-42
-15
37
49
106
88
29
39
-19
-35
-37
-38
30
8
-36
-72
-96
-66
-45
-29
-42
-38
-29
-60
-41
2
27
84
103
86
63
20
36
28
12
54
66
114
121
122
162
108
54
6
7
30
15
30
-7
-55
-54
-65
-75
-59
-20
-3
15
124
192
191
246
258
274
283
240
256
258
254
249
196
152
104
65
50
51
27
-1
-11
-4
74
89
90
131
125
136
115
115
153
136
132
83
42
40
-10
-10
-40
-71
-27
-14
3
20
4
42
62
46
56
53
57
43
8
-45
-123
-167
-203
-191
-130
-101
-79
-91
-83
-56
-27
31
26
19
33
63
60
9
26
-18
-93
-129
-185
-204
-232
-220
-178
-164
-183
-259
-280
-232
-195
-195
-211
-163
-128
-130
-133
-175
-205
-239
-283
-287
-259
-208
-163
-136
-120
-86
-42
-81
-118
-77
-52
25
89
79
71
2
-29
-33
-140
-216
-264
-300
-286
-270
-194
-133
-119
-102
-140
-167
-149
-146
-140
-115
-106
-106
-121
-137
-144
-169
-160
-143
-148
-138
-137
-100
-65
-102
-108
-82
-89
-84
-72
-95
-144
-189
-169
-183
-209
-117
-71
-94
-78
-70
-48
-29
-33
-7
17
67
120
144
155
146
176
174
97
46
51
76
68
55
12
-65
-62
-55
-24
-3
-34
8
42
87
72
3
13
10
-12
-43
-29
1
-24
-12
-4
16
19
-6
65
87
76
125
116
137
106
23
36
-24
-86
-95
-132
-133
-134
-134
-89
-21
22
45
78
50
27
43
43
80
106
99
136
186
188
205
188
132
109
88
100
131
158
198
194
134
82
89
111
109
91
66
83
106
123
162
140
122
128
98
109
124
120
124
102
87
101
140
175
187
211
203
174
146
126
106
57
41
40
29
34
20
20
42
27
23
39
65
118
132
139
187
201
193
196
161
155
144
106
112
102
93
110
132
167
160
125
85
32
1
-18
8
51
56
113
146
108
95
76
103
104
61
114
130
137
196
181
174
172
120
102
53
22
40
39
61
77
48
42
38
-26
-72
-76
-87
-77
-61
-51
-59
-94
-121
-143
-183
-212
-186
-159
-153
-124
-98
-111
-133
-154
-190
-217
-224
-203
-180
-149
-100
-87
-75
-66
-81
-91
-124
-147
-135
-109
-79
-36
21
31
24
25
8
-23
-33
-2
7
21
61
75
94
69
-22
-74
-119
-159
-151
-129
-101
-67
-45
-7
5
-26
-8
-9
-43
-38
-36
-6
52
77
77
73
45
17
20
-1
-32
-34
-18
14
35
47
53
46
43
30
23
30
32
49
43
26
21
2
23
19
-8
-9
-40
-15
39
40
84
99
84
87
49
50
49
12
51
66
31
39
24
-2
-43
-92
-75
-66
-60
-10
26
42
36
23
20
-23
-57
-55
-52
-32
-14
-7
13
22
-2
-55
-57
-7
-33
-89
-80
-89
-98
-71
-78
-119
-156
-128
-91
-124
-146
-115
-91
-58
-25
-29
-48
-74
-57
-41
-77
-72
-43
-2
42
58
67
82
107
101
83
65
57
53
18
17
32
50
65
48
38
27
52
111
140
152
166
227
242
176
156
110
54
54
46
13
-41
-43
-21
-72
-101
-76
-54
-62
-75
-45
-57
-71
-56
-99
-133
-155
-174
-159
-142
-140
-137
-136
-124
-95
-82
-67
-44
-24
-21
-8
7
3
41
81
98
97
89
83
73
79
65
38
39
37
25
25
5
14
30
15
45
82
69
63
58
63
92
83
72
57
46
32
-35
-85
-113
-132
-109
-59
-29
-29
11
58
44
52
70
66
74
88
135
146
93
83
60
26
23
0
-19
3
54
80
111
132
94
80
79
52
39
41
94
119
89
110
88
15
-47
-76
-82
-115
-96
-50
-10
5
-23
-4
-5
-35
-56
-95
-79
-40
-37
-27
-53
-86
-102
-166
-183
-192
-221
-188
-154
-150
-160
-138
-113
-115
-118
-102
-66
-59
-67
-67
-86
-97
-105
-106
-86
-77
-65
-34
7
28
41
57
49
60
39
19
36
-17
-25
-6
-37
-54
-71
-60
-31
-34
-38
-27
-7
21
10
0
34
36
45
87
94
100
112
116
86
56
56
32
38
59
52
73
77
79
106
76
59
58
41
84
100
96
129
114
100
100
80
80
66
65
84
54
71
96
66
77
86
54
62
54
32
27
12
16
-3
-25
-17
-38
-66
-90
-91
-71
-71
-47
-32
-58
-29
-9
-36
-36
-44
-8
12
-15
15
23
23
34
16
-7
-61
-93
-72
-72
-88
-92
-116
-152
-158
-168
-182
-146
-106
-108
-111
-117
-129
-114
-139
-161
-154
-154
-121
-113
-97
-80
-99
-81
-63
-59
-53
-27
19
32
39
62
45
17
19
-6
-24
-7
1
9
-2
24
46
23
50
51
18
21
33
27
16
23
54
51
7
5
-7
-25
3
10
15
22
27
44
28
5
15
-18
-38
-37
-49
-39
-43
-29
-48
-93
-76
-60
-50
-47
-47
-15
-3
2
16
-6
-15
-9
-23
-35
-27
-7
-20
-45
-28
-22
-7
24
30
59
92
88
102
105
69
28
2
7
22
21
29
36
-14
-42
-43
-49
-33
-17
41
75
84
92
54
45
4
-49
-52
-69
-66
-66
-54
-23
-66
-72
-48
-70
-57
-43
-30
-7
-16
19
60
62
73
76
68
67
74
86
102
90
92
120
105
90
61
16
11
-2
10
42
64
108
128
110
81
59
30
1
-10
-24
-35
-26
-27
-62
-124
-167
-174
-193
-197
-173
-148
-97
-63
-43
-46
-86
-80
-84
-110
-129
-151
-157
-168
-143
-128
-144
-125
-118
-117
-113
-110
-80
-58
-29
-3
-30
-46
-5
7
-11
-3
4
9
-1
-37
-47
-42
-44
-20
-43
-68
-40
-55
-34
-2
5
38
51
58
47
37
19
-12
5
-5
-6
-1
-19
31
41
24
22
-11
12
43
66
105
123
164
169
141
133
98
84
124
144
140
150
165
170
150
139
134
132
110
90
103
105
106
117
114
86
79
84
85
91
72
90
112
90
98
63
20
28
-19
-32
1
-7
-8
-1
-1
-4
-50
-76
-41
-51
-63
-49
-60
-30
-54
-99
-65
-63
-70
-58
-54
-46
-45
-17
-1
-14
-30
-39
-41
-92
-124
-104
-80
-22
-3
-33
-11
4
-1
18
9
23
39
25
58
27
-5
5
-32
-25
-44
-74
-16
21
20
39
39
21
31
32
18
31
29
37
54
42
50
66
39
18
26
20
22
37
32
37
32
18
50
52
28
28
34
69
98
97
126
124
114
133
131
142
111
57
70
58
56
78
80
116
128
117
155
177
140
118
112
101
75
17
1
-13
-36
-55
-69
-57
-59
-51
-28
-8
22
19
-13
-23
-35
-47
-54
-94
-102
-98
-110
-74
-58
-70
-66
-68
-50
-36
-28
-6
-18
-38
-20
-8
-29
-51
-69
-50
-25
-21
-7
-9
11
18
19
38
29
11
-32
-54
-65
-96
-102
-101
-118
-160
-160
-136
-148
-145
-113
-80
-72
-44
-13
-28
-45
-56
-51
-60
-70
-54
-60
-82
-73
-68
-77
-68
-76
-77
-65
-86
-76
-38
-5
3
4
22
0
-28
-37
-43
-38
-44
-38
-53
-92
-105
-107
-110
-114
-115
-118
-125
-100
-58
-40
-37
-36
-33
-5
9
-17
-26
-30
-33
-34
-23
11
-3
-28
5
37
50
100
117
104
140
157
187
215
187
192
176
127
95
21
-31
-56
-78
-73
-47
-3
15
28
36
48
79
84
91
113
136
143
159
172
156
137
98
74
18
-29
10
29
41
58
66
60
32
37
63
76
112
151
154
141
124
115
99
52
21
17
8
3
-4
-15
-2
18
26
53
96
104
122
146
151
173
179
178
171
117
78
68
18
-33
-58
-78
-74
-64
-47
-42
-57
-60
-66
-83
-87
-88
-95
-82
-80
-83
-90
-103
-112
-163
-187
-177
-186
-168
-154
-162
-153
-151
-153
-135
-113
-76
-61
-56
-16
-4
-28
-29
-34
-63
-67
-42
-36
-34
-33
-55
-72
-77
-87
-82
-69
-57
-35
-28
-15
7
-13
-61
-106
-121
-113
-105
-97
-92
-70
-34
-20
-39
-40
-12
8
18
20
21
60
77
66
72
50
53
89
107
142
161
150
158
144
128
156
152
131
100
55
64
69
41
33
32
20
33
34
21
42
33
29
53
60
73
65
48
28
-8
-51
-79
-86
-122
-125
-107
-132
-132
-121
-134
-138
-145
-127
-106
-103
-80
-58
-26
-7
-13
13
40
28
6
-29
-32
-18
-20
-11
-15
-18
4
25
24
20
43
60
59
67
70
97
143
140
120
93
48
43
22
-11
1
-15
-23
12
9
21
33
22
40
21
18
28
8
6
-38
-73
-70
-83
-92
-94
-109
-119
-129
-120
-76
-80
-73
-26
-20
-10
-3
8
21
7
17
35
46
85
110
119
134
129
119
125
114
95
82
72
63
53
41
29
22
-2
-39
-55
-58
-43
-37
-41
-47
-56
-70
-86
-96
-113
-104
-97
-83
-85
-117
-107
-91
-90
-86
-78
-65
-66
-80
-82
-72
-73
-43
-22
-21
-12
-23
-5
5
-12
-26
-20
-19
-49
-43
-41
-51
-55
-93
-81
-46
-22
42
76
78
90
88
76
75
59
58
70
46
35
31
27
28
15
6
2
10
21
37
56
54
50
47
42
29
18
25
26
8
-7
6
7
-21
-60
-93
-78
-64
-63
-43
-32
-17
-20
-36
-18
-16
-34
1
-8
-34
-16
-33
-24
0
-22
-17
-3
-20
1
20
17
36
25
28
39
17
21
15
-4
-25
-62
-70
-95
-132
-135
-129
-122
-111
-100
-91
-77
-66
-38
-6
5
28
43
45
48
51
56
49
29
20
23
13
-10
-21
-18
-8
3
38
81
86
85
91
46
16
21
23
33
5
-21
-44
-75
-59
-51
-51
-31
-12
17
40
54
85
99
94
115
139
168
194
169
151
160
144
130
142
146
139
135
143
155
137
114
116
108
75
74
100
112
133
133
110
98
58
15
-5
-38
-34
-28
-46
-36
-44
-58
-45
-38
-35
-20
-2
9
11
33
44
23
15
-9
-51
-94
-129
-123
-97
-76
-69
-91
-99
-88
-96
-98
-74
-53
-64
-69
-59
-63
-48
-35
-51
-61
-63
-43
-14
14
30
25
30
39
34
18
8
-14
-33
-40
-35
-10
5
35
39
14
24
28
35
52
65
87
81
57
48
28
-11
-18
-32
-57
-43
-45
-42
-43
-71
-78
-80
-85
-80
-67
-46
-34
-18
16
42
47
36
28
15
4
10
20
20
16
9
4
1
-25
-38
-12
2
6
21
44
60
55
34
19
5
-16
-31
-39
-47
-73
-73
-48
-37
-35
-54
-50
-53
-60
-32
-13
5
14
27
35
15
35
49
32
8
-17
-25
-20
-18
-31
-17
-13
-15
-15
-28
-7
16
31
54
63
58
54
37
0
-13
-31
-51
-39
-33
-30
-39
-45
-42
-45
-42
-13
6
3
11
1
2
17
-2
-7
0
-13
-17
-25
-34
-17
-9
13
41
34
46
37
-4
-2
4
23
56
60
86
102
84
85
73
45
49
37
49
76
58
66
70
48
35
6
-4
5
12
23
24
18
15
0
-7
-23
-43
-51
-43
-31
-25
2
0
-11
-15
-16
-8
-18
-22
-26
-32
-33
-33
-48
-55
-60
-84
-88
-90
-80
-41
-32
-32
-4
-2
-7
-7
-11
-12
-19
1
24
26
22
21
28
30
27
41
58
30
24
29
27
47
46
39
25
-13
-22
-17
-15
4
3
-6
-36
-74
-62
-58
-69
-54
-42
-28
-28
-59
-53
-50
-77
-92
-85
-71
-53
-33
-37
-41
-49
-71
-72
-36
5
30
37
39
52
44
51
64
40
44
58
72
94
73
40
28
16
4
-22
-16
37
47
42
50
18
5
-14
-47
-32
-27
-19
-10
-20
-28
-34
-38
-40
-41
-47
-51
-62
-63
-43
-28
-13
-1
18
13
-2
-12
-10
16
3
8
16
11
17
-24
-38
-23
-20
5
37
62
70
74
77
73
75
77
76
87
92
79
70
66
60
52
39
27
16
4
15
32
52
74
49
10
-13
-19
-8
12
28
40
34
24
18
-6
-18
-4
15
44
68
82
87
64
47
47
45
39
26
27
38
37
20
1
-8
-24
-33
-33
-39
-40
-34
-28
0
1
-7
14
6
18
30
33
65
75
76
81
72
66
44
24
31
35
33
19
1
1
2
4
-14
-18
-16
-18
-28
-46
-35
-24
-33
-46
-57
-73
-81
-84
-64
-35
-27
-7
-9
-12
13
1
-20
3
0
1
13
-5
7
-24
-63
-56
-70
-58
-52
-60
-51
-63
-74
-86
-95
-100
-97
-66
-71
-85
-83
-86
-90
-94
-75
-63
-67
-73
-69
-60
-54
-45
-51
-53
-58
-46
-29
-36
-36
-17
0
-4
-22
-35
-34
-41
-33
-13
-15
-18
-11
0
-10
-12
6
18
8
-15
-10
-9
-33
-31
-24
-17
-13
-22
-33
-46
-59
-70
-64
-76
-80
-56
-54
-58
-77
-69
-61
-71
-55
-38
-20
-15
-10
13
27
26
27
31
40
44
56
93
114
120
120
116
102
71
63
60
63
71
60
60
71
69
64
43
32
24
3
8
15
21
25
24
18
9
-18
-29
-26
-35
-30
-34
-11
12
6
9
-2
-7
-10
-15
-1
1
9
32
23
12
8
-3
-1
5
21
53
81
109
134
148
148
141
142
145
128
125
134
138
146
131
129
123
95
87
90
93
117
113
114
117
97
109
100
91
90
63
52
37
39
61
54
58
51
25
8
-5
-3
-6
-11
9
9
-12
-30
-46
-40
-41
-47
-13
-8
-10
4
-16
-12
0
-20
-23
-28
-46
-36
-18
-12
1
11
18
8
0
-1
5
17
6
-12
-44
-80
-112
-143
-156
-175
-167
-152
-167
-169
-164
-156
-133
-134
-133
-110
-101
-102
-111
-122
-113
-119
-146
-149
-153
-160
-166
-159
-136
-117
-78
-56
-54
-48
-46
-31
-18
-23
-33
-42
-26
-9
-12
-2
6
15
28
24
27
41
36
22
20
38
49
43
57
65
73
77
68
73
73
85
88
86
75
31
10
-12
-34
-20
-16
-20
-24
-17
-9
-14
-15
-9
-9
-15
-11
-13
-8
4
-8
-18
-30
-47
-63
-101
-119
-113
-90
-59
-40
-27
-22
-23
-26
-22
-18
-15
-20
-20
-20
-18
-21
-32
-44
-58
-59
-84
-107
-100
-89
-65
-59
-56
-61
-77
-82
-95
-101
-108
-101
-93
-99
-98
-104
-112
-108
-118
-115
-95
-89
-67
-48
-28
6
32
53
65
61
74
106
121
148
185
201
194
179
173
181
185
175
166
163
153
148
139
135
146
159
169
155
147
141
147
165
158
163
173
179
178
176
166
155
155
155
148
128
142
161
159
171
155
129
122
110
92
79
88
121
140
125
95
83
89
80
63
65
80
86
85
79
74
71
63
49
35
35
41
54
60
59
66
69
68
49
24
21
9
-2
-3
0
1
-20
-41
-64
-85
-105
-118
-104
-102
-92
-79
-83
-73
-75
-91
-100
-106
-98
-84
-79
-70
-65
-70
-61
-69
-87
-101
-105
-82
-70
-70
-58
-51
-56
-66
-74
-49
-32
-31
-16
-27
-31
-41
-82
-81
-92
-102
-81
-77
-82
-79
-87
-99
-93
-87
-62
-50
-45
-15
3
10
7
-12
-31
-47
-64
-81
-85
-78
-79
-97
-115
-108
-102
-95
-67
-39
-4
22
18
-3
-26
-38
-32
-34
-41
-37
-42
-38
-36
-43
-54
-55
-47
-67
-64
-42
-33
-16
-7
-7
-10
-28
-43
-62
-69
-54
-47
-46
-38
-37
-55
-57
-63
-76
-77
-76
-62
-52
-44
-31
-24
-22
-19
-17
-6
8
12
40
62
68
84
84
75
64
40
30
48
71
90
100
124
131
109
86
68
66
77
96
118
106
81
79
69
51
34
23
25
16
11
6
5
7
0
-10
-15
-16
-22
-15
8
25
30
22
14
-4
-32
-28
-6
22
49
49
43
39
43
43
39
45
41
34
21
19
22
21
15
10
18
3
-8
1
-22
-51
-53
-50
-61
-71
-87
-95
-83
-69
-72
-80
-63
-58
-59
-42
-31
-31
-25
-7
-7
-35
-61
-69
-85
-101
-98
-94
-101
-111
-105
-119
-141
-137
-132
-132
-139
-125
-82
-63
-44
-32
-57
-40
-25
-34
-29
-10
23
49
70
86
99
97
100
104
113
142
156
168
179
185
172
145
135
127
89
80
97
90
77
78
80
64
63
68
47
26
26
39
44
53
74
69
66
58
32
24
18
42
69
77
104
96
76
85
74
69
79
77
91
80
71
88
77
67
52
37
22
7
3
3
-1
7
15
9
6
-19
-40
-42
-34
-6
12
21
15
13
8
4
9
-7
-10
-9
-22
-48
-60
-51
-68
-85
-77
-77
-94
-117
-139
-147
-128
-99
-89
-96
-102
-99
-117
-138
-143
-148
-135
-116
-109
-106
-85
-65
-55
-38
-22
-1
-1
-17
0
14
21
38
43
35
24
12
9
-2
0
15
10
8
21
18
1
-9
-20
-17
-1
5
14
20
35
60
80
95
103
103
96
95
88
70
85
106
108
99
81
74
68
84
119
133
138
155
163
154
143
127
101
82
69
61
49
38
32
21
5
9
5
6
9
2
10
24
19
13
-5
-33
-34
-38
-43
-49
-66
-82
-85
-78
-81
-77
-69
-65
-65
-47
-31
-38
-43
-37
-26
-40
-44
-28
-39
-46
-56
-64
-56
-76
-110
-131
-136
-130
-128
-124
-130
-143
-149
-152
-148
-165
-177
-164
-150
-128
-107
-87
-71
-71
-58
-44
-48
-53
-57
-58
-55
-53
-52
-55
-56
-67
-80
-72
-62
-47
-39
-43
-46
-41
-32
-38
-46
-44
-37
-35
-34
-17
-16
-24
-21
-21
-29
-30
-14
-1
2
-3
-5
1
9
19
37
57
55
53
64
69
68
63
65
67
60
60
42
15
7
1
-2
-2
1
22
28
24
30
21
25
39
39
32
28
24
15
0
-15
-18
-13
-1
-1
-5
8
10
29
62
91
114
120
125
136
133
133
152
160
153
134
113
94
91
85
77
81
80
80
71
80
103
96
106
126
113
94
79
75
76
83
92
90
86
88
72
42
42
38
41
55
58
66
71
87
93
90
90
94
114
124
135
138
121
112
102
91
67
38
20
1
-19
-29
-36
-44
-52
-58
-66
-69
-50
-32
-29
-32
-33
-46
-59
-66
-80
-81
-70
-68
-73
-69
-73
-70
-60
-63
-62
-64
-66
-47
-34
-54
-55
-47
-56
-66
-80
-83
-83
-98
-112
-132
-146
-127
-123
-139
-138
-126
-111
-111
-121
-116
-98
-96
-87
-72
-77
-77
-72
-65
-60
-69
-68
-69
-65
-46
-52
-37
-5
3
25
36
28
23
47
77
71
63
75
82
79
68
42
28
22
5
-4
-19
-9
5
-7
-5
-9
-14
-9
-5
-8
2
28
65
99
106
110
106
99
105
97
103
126
142
154
148
121
100
76
52
31
23
33
46
49
47
41
23
15
7
-23
-39
-23
2
9
16
17
-8
-34
-46
-47
-44
-44
-32
-7
8
-2
-12
-18
-28
-60
-81
-72
-59
-31
-20
-27
-43
-62
-83
-109
-114
-117
-109
-88
-82
-90
-96
-84
-79
-91
-103
-109
-104
-100
-82
-64
-65
-60
-62
-82
-99
-120
-132
-128
-109
-92
-85
-68
-49
-42
-35
-14
10
13
20
42
48
58
68
58
51
35
20
19
25
29
27
32
45
52
54
55
67
86
98
105
104
102
107
111
106
103
103
118
125
123
131
138
133
127
120
123
127
112
100
84
68
59
36
29
41
50
48
39
36
30
34
31
26
24
18
22
35
35
22
12
0
-26
-36
-38
-35
-5
18
35
52
43
27
10
-3
-28
-51
-52
-67
-96
-109
-105
-108
-103
-97
-92
-84
-79
-60
-33
-2
9
13
23
6
-16
-22
-38
-52
-48
-57
-68
-63
-61
-75
-81
-92
-108
-91
-74
-71
-74
-73
-66
-79
-98
-102
-111
-121
-99
-69
-46
-18
-17
-16
10
16
2
-4
14
44
65
72
84
92
72
45
42
55
60
63
63
47
42
44
39
43
35
24
26
28
7
-18
-24
-24
-16
-1
11
22
24
14
4
-2
-18
-30
-22
-19
-31
-22
-4
10
9
14
25
29
53
52
52
73
77
71
59
59
48
18
19
18
11
16
14
24
29
27
39
71
97
94
85
69
56
45
25
22
28
29
28
13
3
-6
-3
25
28
20
33
38
25
29
36
29
26
0
-22
-31
-44
-52
-50
-44
-34
-37
-33
-16
0
15
20
27
28
27
8
-19
-20
-19
-30
-40
-28
-24
-25
-18
-6
11
6
5
17
15
8
13
21
15
5
17
18
-13
-32
-47
-55
-42
-32
-12
15
23
25
23
1
-21
-24
-21
-16
-6
2
12
9
-7
-21
-38
-33
-21
-19
-3
21
32
40
33
16
8
9
8
6
13
21
26
29
20
6
-12
-27
-35
-40
-31
-28
-34
-34
-49
-55
-58
-58
-35
-19
-19
-17
-1
12
9
4
6
-7
-34
-48
-49
-38
-45
-55
-48
-51
-59
-64
-62
-56
-51
-36
-12
-1
-9
-22
-36
-51
-52
-57
-67
-73
-76
-66
-64
-60
-51
-42
-25
-24
-10
19
28
46
59
41
30
30
10
-7
4
19
28
17
20
28
31
41
41
70
98
117
135
128
108
80
59
43
38
28
27
38
17
15
24
18
29
29
31
50
47
58
64
44
44
33
15
-2
-24
-33
-37
-35
-32
-38
-47
-49
-57
-59
-48
-48
-38
-32
-44
-45
-54
-69
-72
-83
-83
-72
-59
-42
-13
4
3
7
6
12
17
12
21
27
25
21
3
-20
-29
-34
-47
-45
-25
-25
-23
-20
-41
-45
-61
-96
-103
-99
-88
-63
-47
-45
-35
-42
-56
-56
-52
-34
-16
-12
7
30
36
39
18
6
17
23
34
47
74
90
82
81
68
55
49
37
51
59
51
47
26
21
25
8
-7
20
47
58
67
72
91
107
98
80
83
85
74
68
61
55
37
12
-3
1
-8
-16
3
12
35
56
47
38
34
5
-18
-21
-31
-36
-52
-85
-88
-73
-66
-72
-73
-57
-36
-22
-17
-10
3
8
-10
-30
-26
-41
-63
-76
-78
-68
-75
-83
-69
-67
-66
-66
-51
-12
3
2
-9
-17
-23
-34
-36
-29
-8
11
15
1
2
11
5
9
19
31
35
31
32
35
23
1
-15
-19
-15
-27
-43
-55
-35
-15
-28
-45
-45
-41
-46
-49
-51
-23
5
10
4
8
35
52
62
74
84
99
98
101
108
89
84
82
81
74
57
61
61
51
45
23
18
23
14
5
-22
-43
-44
-67
-85
-89
-88
-79
-83
-99
-91
-81
-65
-38
-34
-19
1
4
1
-11
-8
0
2
16
21
21
40
51
62
76
72
61
53
53
47
26
25
27
0
-31
-61
-87
-94
-100
-105
-106
-112
-112
-102
-102
-97
-93
-91
-91
-92
-74
-66
-53
-36
-30
-7
30
43
43
50
55
65
78
79
88
97
89
78
74
73
67
61
60
57
53
49
41
41
37
11
-1
-10
-13
-9
-12
-5
4
19
41
51
64
83
88
96
105
107
115
122
117
114
108
104
104
92
73
62
55
63
60
49
43
31
25
22
14
11
3
-9
-12
-38
-54
-50
-68
-91
-117
-131
-127
-119
-114
-99
-72
-55
-58
-53
-31
-9
16
34
40
48
55
46
38
34
25
22
22
32
28
13
5
-9
-29
-48
-53
-54
-66
-75
-85
-99
-106
-103
-107
-116
-122
-126
-111
-101
-108
-104
-102
-107
-110
-106
-83
-52
-15
6
27
46
51
64
59
46
50
45
47
53
34
26
24
16
8
-16
-25
-20
-11
-9
1
21
27
39
31
19
36
49
46
41
50
57
48
51
63
61
47
16
-4
-8
-15
-3
3
11
17
7
6
-2
-19
-21
-18
-13
6
27
38
40
45
46
42
34
23
21
15
21
29
29
24
22
28
23
28
43
51
59
64
71
77
62
45
38
18
-11
-28
-49
-60
-58
-60
-51
-36
-40
-48
-39
-23
-17
-21
-16
-6
-6
-14
-32
-46
-58
-68
-56
-52
-46
-31
-27
-24
-26
-25
-3
10
14
27
23
26
44
45
42
47
40
26
7
-2
-8
-25
-33
-40
-51
-60
-71
-66
-56
-44
-45
-51
-44
-51
-67
-71
-48
-32
-36
-46
-69
-68
-70
-79
-76
-72
-50
-40
-38
-19
-3
4
-4
-9
-12
-1
20
29
38
40
42
26
14
12
6
23
39
36
51
70
72
89
103
106
110
110
123
139
141
136
140
140
119
100
90
71
63
68
50
39
31
11
-5
-15
-28
-38
-40
-56
-70
-79
-82
-83
-89
-95
-97
-91
-84
-76
-82
-81
-82
-74
-51
-53
-47
-31
-32
-26
-19
-20
-1
13
23
33
27
24
39
59
60
65
66
53
37
37
35
30
36
25
19
11
1
4
-2
-12
-11
-13
-18
-12
-29
-42
-47
-69
-78
-80
-79
-83
-88
-81
-84
-89
-79
-75
-61
-43
-42
-30
-11
-7
1
1
6
10
11
10
-8
-6
5
3
9
15
22
9
-3
5
4
11
12
7
22
24
22
27
24
27
35
32
26
41
45
46
60
53
55
52
35
36
38
38
40
39
40
43
43
37
20
14
3
-1
-1
0
6
5
3
-3
-20
-42
-31
-25
-22
-5
7
19
23
25
28
27
23
20
9
4
7
2
-6
-11
-24
-38
-41
-32
-18
-5
27
45
47
67
70
70
72
57
51
55
67
73
64
61
62
71
75
90
104
109
117
100
98
97
80
59
36
22
8
-4
-27
-40
-36
-46
-55
-54
-44
-41
-40
-28
-17
-7
-22
-34
-35
-52
-62
-70
-62
-51
-62
-66
-74
-82
-87
-109
-119
-109
-115
-118
-115
-116
-113
-105
-109
-122
-125
-124
-115
-109
-107
-103
-105
-107
-84
-74
-80
-79
-71
-48
-46
-40
-32
-32
-28
-28
-24
-18
-8
5
10
5
6
11
18
21
23
23
19
17
0
-5
0
-10
-15
-10
-5
1
7
-3
-4
-12
-35
-27
-21
-34
-29
-46
-68
-67
-74
-85
-81
-71
-53
-37
-36
-15
5
16
28
13
22
40
45
64
85
86
90
101
91
87
88
83
80
86
98
97
91
73
62
60
50
44
49
54
48
43
48
51
49
25
3
12
19
18
16
19
17
3
-18
-29
-21
-22
-33
-43
-48
-39
-21
-16
-6
16
17
9
12
26
36
38
38
40
39
31
31
41
48
53
57
58
67
86
90
84
73
70
67
46
37
38
30
21
19
17
15
21
24
23
31
39
43
42
43
34
34
38
36
43
39
48
52
51
74
82
72
78
82
64
58
52
48
35
15
28
38
42
53
44
35
32
42
59
64
82
87
86
77
59
59
68
80
71
83
97
104
134
140
135
128
108
101
97
100
96
77
58
54
45
30
34
42
37
36
39
40
40
32
12
-12
-25
-42
-48
-50
-61
-59
-72
-92
-100
-105
-101
-97
-84
-76
-71
-62
-54
-56
-76
-100
-106
-103
-116
-117
-109
-104
-85
-73
-79
-80
-76
-79
-80
-76
-85
-85
-88
-98
-112
-125
-131
-149
-168
-171
-195
-213
-206
-199
-193
-201
-206
-212
-211
-200
-198
-200
-186
-177
-177
-165
-144
-121
-116
-114
-96
-85
-73
-67
-58
-31
-20
-32
-38
-44
-34
-15
-12
-21
-21
-19
-15
-10
-24
-33
-48
-62
-62
-65
-67
-74
-81
-91
-105
-109
-110
-114
-115
-106
-85
-80
-71
-51
-54
-58
-64
-67
-65
-57
-47
-47
-38
-33
-35
-35
-29
-21
-21
-5
17
40
66
73
78
76
65
65
72
71
60
57
54
62
60
46
38
29
36
33
38
64
73
72
75
59
48
55
61
57
54
45
35
45
52
48
51
60
63
75
93
107
115
111
109
94
58
56
72
64
64
66
53
57
65
51
33
32
45
40
37
46
54
51
43
37
25
21
30
37
54
70
69
70
75
79
60
41
50
56
58
49
38
35
28
20
9
23
38
41
46
39
48
50
41
24
-3
-7
-19
-27
-27
-31
-44
-58
-50
-50
-35
-31
-30
-6
-4
-4
5
5
-7
-21
-29
-36
-28
-12
1
-11
-26
-16
-10
-4
10
23
38
44
47
51
60
63
46
37
29
26
18
18
36
33
25
31
23
25
38
31
26
26
25
23
17
15
27
32
34
52
56
59
62
50
39
33
33
29
23
36
49
45
36
32
35
33
21
15
16
22
33
19
6
-2
-17
-15
-25
-36
-41
-49
-43
-39
-35
-35
-43
-51
-55
-50
-49
-41
-42
-36
-26
-24
-10
-12
-3
6
-2
4
-5
0
14
11
13
-2
-17
-22
-17
-13
-15
-1
-10
-4
6
0
13
3
-7
-13
-22
-22
-32
-40
-59
-62
-76
-90
-81
-87
-73
-48
-49
-45
-29
-33
-47
-38
-30
-37
-30
-13
-14
-17
-12
-2
-7
-4
8
3
7
29
45
41
51
53
37
29
21
6
-5
-6
-13
-18
-10
-9
-11
-3
10
12
14
30
33
34
37
32
23
20
33
31
33
49
60
67
75
73
66
65
61
63
67
60
51
42
28
11
-12
-23
-28
-38
-41
-42
-24
-9
-6
-12
-14
-6
-10
-15
-18
-18
-24
-39
-35
-32
-52
-62
-57
-64
-62
-59
-52
-34
-25
-21
-17
-7
13
21
24
30
27
28
20
3
2
3
-5
-19
-23
-22
-26
-35
-41
-52
-52
-43
-49
-49
-58
-75
-84
-104
-107
-115
-136
-127
-122
-125
-101
-86
-89
-72
-59
-66
-50
-33
-39
-34
-25
-37
-46
-43
-52
-67
-62
-47
-40
-26
-19
-21
-24
-24
-13
-19
-21
-13
-4
-13
-19
-12
-32
-25
-15
-23
-13
10
20
22
32
26
25
17
3
5
-2
1
19
18
16
22
18
16
15
19
34
55
60
54
58
49
47
36
22
37
45
43
59
74
77
82
78
72
78
69
75
91
80
63
50
39
28
13
3
-6
0
19
25
32
36
43
57
47
35
48
52
48
48
32
25
24
17
25
37
38
45
64
79
90
89
76
61
59
61
45
51
54
45
34
9
13
14
8
1
2
9
15
27
29
34
28
19
22
16
26
32
25
18
12
9
8
13
33
32
24
27
28
41
34
16
15
14
11
9
13
37
50
44
32
16
15
8
0
4
-5
-18
-25
-37
-48
-59
-75
-75
-84
-93
-82
-70
-62
-60
-57
-45
-40
-41
-29
-22
-16
-22
-29
-20
-31
-33
-27
-30
-19
-11
-8
0
-2
1
2
4
9
4
-14
-24
-29
-45
-44
-49
-65
-62
-65
-70
-81
-76
-64
-62
-55
-58
-65
-61
-54
-61
-49
-44
-57
-60
-57
-54
-57
-60
-58
-55
-42
-22
-8
3
0
2
6
-11
-21
-25
-46
-48
-40
-62
-58
-41
-46
-41
-41
-42
-33
-13
-12
-8
8
-7
-14
-12
-25
-18
-18
-32
-30
-28
-22
-5
1
-2
-5
-13
-11
8
25
16
-3
-15
-31
-38
-52
-64
-51
-49
-64
-53
-29
-26
-14
-7
-19
-13
-1
1
6
15
12
-4
-9
-9
-13
-4
6
6
20
35
57
71
71
79
83
73
84
93
89
91
84
75
67
63
67
67
61
61
65
63
63
59
58
52
39
39
44
45
47
54
56
59
67
79
87
100
98
92
102
112
123
109
93
90
81
72
85
98
92
98
98
93
99
93
83
78
58
49
59
58
47
32
27
23
10
6
19
34
36
39
63
80
70
70
64
52
62
54
56
74
59
50
46
38
46
47
43
44
57
52
49
59
43
28
14
-6
-25
-36
-39
-38
-42
-55
-58
-63
-60
-45
-50
-52
-43
-44
-32
-28
-36
-33
-41
-35
-27
-29
-9
-3
6
24
11
2
19
34
22
12
15
0
-3
-5
-19
-32
-45
-46
-51
-46
-42
-43
-38
-38
-32
-37
-37
-43
-66
-72
-90
-104
-98
-105
-110
-113
-116
-118
-116
-98
-87
-77
-64
-53
-44
-36
-20
-13
-16
-26
-36
-25
-25
-34
-39
-51
-60
-68
-68
-58
-49
-45
-45
-44
-42
-35
-38
-55
-71
-77
-87
-102
-98
-86
-84
-83
-84
-76
-78
-72
-66
-65
-48
-42
-36
-23
-11
-7
-9
2
-2
2
15
15
19
19
6
3
-5
-20
-13
-8
-8
-4
-11
-6
4
12
21
30
36
34
36
32
22
17
3
-13
-31
-46
-54
-49
-53
-67
-54
-34
-30
-22
-5
18
32
39
63
66
60
67
70
56
46
52
39
34
45
50
52
51
50
44
43
44
49
66
61
54
52
40
37
23
8
9
-8
-28
-32
-23
-10
-3
9
2
-1
15
15
21
22
19
22
28
27
23
28
16
12
2
-7
1
-4
-8
-11
-5
-2
-17
-14
-22
-41
-39
-34
-37
-38
-37
-40
-42
-40
-38
-40
-38
-34
-34
-25
-26
-31
-28
-34
-43
-46
-45
-48
-55
-53
-29
-19
-19
-6
2
14
24
21
18
1
9
21
3
4
-2
-22
-25
-25
-22
-18
-23
-21
-14
-1
14
17
22
27
6
-10
10
12
6
4
0
-4
-13
-8
5
12
25
34
43
62
70
75
92
91
79
78
91
94
80
83
74
54
56
43
42
42
28
34
21
2
-2
-4
0
-6
-1
-3
1
17
23
35
36
21
20
21
15
20
15
4
3
-7
-21
-21
-20
-28
-27
-20
-7
6
6
22
28
28
25
8
12
9
5
11
1
-2
-11
-6
3
1
2
2
6
10
29
38
46
50
54
59
37
29
24
17
17
10
14
20
11
3
6
4
9
14
19
37
37
49
61
56
52
35
20
14
16
14
2
1
6
3
0
1
-4
10
22
16
14
12
15
23
19
7
-10
-22
-27
-32
-35
-32
-51
-60
-47
-40
-37
-39
-44
-41
-47
-71
-85
-83
-87
-104
-119
-117
-119
-115
-103
-100
-85
-81
-78
-73
-66
-51
-46
-41
-45
-53
-59
-67
-67
-81
-72
-62
-69
-44
-24
-12
5
22
32
29
36
38
35
41
41
42
29
16
12
13
24
25
26
48
60
64
80
100
106
88
80
82
75
77
73
65
72
75
69
71
69
59
64
70
69
63
70
86
85
81
75
73
57
38
55
61
48
63
67
52
57
50
34
32
16
4
6
7
-3
-12
-2
-6
-12
-6
-4
-9
-14
-7
-16
-26
-32
-31
-34
-45
-35
-38
-56
-71
-83
-76
-70
-68
-70
-65
-60
-57
-46
-48
-51
-70
-74
-78
-91
-85
-82
-70
-87
-111
-107
-96
-85
-83
-69
-51
-42
-21
-11
-2
3
-10
-19
-18
-17
-18
-21
-21
-19
-25
-28
-18
-12
-21
-15
3
8
15
20
18
20
14
11
-2
-19
-26
-37
-45
-42
-37
-33
-26
-11
-7
1
7
-8
-6
3
-9
-22
-23
-23
-27
-27
-24
-22
-12
4
26
37
53
71
65
62
74
84
90
84
78
68
58
59
57
63
69
71
83
98
102
108
116
113
114
102
95
102
98
96
76
50
53
51
47
66
86
92
94
106
116
114
96
85
85
82
71
65
65
43
24
5
-16
-3
1
-7
0
7
-2
-10
-1
-5
-22
-37
-42
-47
-60
-75
-75
-99
-114
-120
-138
-132
-128
-117
-122
-137
-134
-142
-134
-131
-141
-140
-135
-134
-145
-136
-127
-135
-135
-128
-118
-122
-113
-102
-114
-110
-120
-131
-117
-115
-116
-123
-125
-106
-96
-84
-70
-76
-62
-50
-36
-21
-18
-3
3
9
17
30
33
25
26
17
20
28
40
59
69
91
109
113
121
125
130
140
132
126
128
135
138
123
113
95
83
84
84
90
77
70
66
65
69
55
50
39
27
30
23
25
20
-2
-9
-13
-10
6
23
40
33
32
41
33
29
34
39
38
34
26
27
32
14
14
15
0
9
18
28
31
18
17
20
9
1
-5
-10
-23
-27
-15
-12
-11
-9
2
-2
-9
-4
-2
8
2
4
16
10
17
22
12
22
31
25
44
54
59
78
77
73
72
79
82
68
70
71
60
50
34
9
-20
-39
-55
-66
-72
-75
-85
-86
-79
-92
-96
-90
-83
-84
-82
-67
-59
-66
-76
-78
-97
-99
-100
-102
-91
-85
-71
-70
-69
-55
-53
-38
-29
-28
-20
-17
-10
-15
-13
-2
-10
-15
-7
-3
-5
-2
5
0
-8
-11
-16
-11
-15
-25
-22
-32
-32
-23
-15
-9
5
16
11
37
51
46
62
53
48
53
38
34
31
40
41
26
44
49
56
67
66
85
86
83
85
84
89
91
74
52
47
46
46
42
38
42
37
40
52
50
54
56
49
49
39
42
45
19
9
-2
-11
-17
-30
-26
-22
-25
-31
-27
-20
-21
-22
-28
-30
-35
-48
-53
-66
-78
-80
-84
-78
-77
-71
-64
-64
-55
-43
-45
-50
-57
-57
-61
-69
-63
-64
-62
-54
-55
-44
-27
-23
-13
-3
3
14
29
35
29
20
27
23
10
14
15
17
21
19
17
1
-12
-9
-6
-1
-11
-16
-6
-4
-1
-3
-14
-21
-32
-40
-36
-37
-41
-36
-38
-34
-26
-29
-22
-26
-32
-26
-23
-7
-8
-10
0
-7
-7
-8
-9
-5
-9
-7
-7
2
3
3
18
15
19
25
27
24
5
-8
-11
-10
-19
-19
-10
-6
-4
2
9
5
-3
-12
-13
-16
-12
-4
-4
1
-6
-3
-12
-15
3
1
8
13
27
44
45
55
54
58
46
28
41
40
50
51
42
44
41
45
43
44
41
30
40
46
49
61
54
53
57
62
68
59
62
65
59
66
67
74
77
80
84
76
84
86
82
71
58
57
36
38
31
18
24
12
7
-8
-22
-25
-42
-46
-61
-77
-72
-84
-101
-110
-117
-123
-137
-141
-136
-141
-123
-111
-105
-97
-104
-104
-107
-110
-108
-104
-99
-85
-73
-67
-50
-41
-28
-8
-5
8
18
31
37
44
60
47
43
36
9
-5
-5
-5
-23
-25
-36
-44
-35
-34
-33
-40
-19
-7
-14
6
13
26
41
44
52
52
64
68
56
59
60
55
52
58
68
70
67
56
48
37
24
15
-7
-12
-24
-39
-25
-28
-24
-15
-20
-17
-25
-18
-11
-17
-10
-12
-9
-13
-14
-16
-30
-23
-30
-30
-21
-13
11
19
22
23
11
6
-8
-11
-14
-21
-26
-40
-31
-33
-40
-32
-32
-18
6
22
46
57
63
68
52
40
22
15
14
1
4
1
2
6
7
11
27
39
37
50
58
49
38
30
34
14
-2
11
-5
-4
-8
-18
-10
-12
-6
-4
0
2
12
12
-4
1
1
-14
-15
-16
-20
-9
0
-4
-13
-8
-13
-27
-39
-59
-72
-90
-99
-98
-111
-109
-98
-99
-92
-86
-72
-52
-38
-21
-10
7
5
-5
-7
-18
-26
-27
-28
-28
-14
-9
-2
18
28
42
56
67
74
80
67
61
70
67
63
59
54
56
67
69
66
77
77
83
90
102
124
117
113
116
113
110
96
76
68
76
73
60
58
60
59
52
44
40
25
10
9
11
7
15
22
25
40
56
57
47
51
40
27
16
-7
-19
-42
-64
-81
-90
-92
-101
-95
-88
-73
-70
-63
-46
-49
-36
-34
-45
-42
-40
-35
-41
-40
-47
-59
-54
-64
-61
-48
-46
-40
-46
-43
-34
-41
-42
-45
-49
-48
-47
-43
-43
-46
-46
-38
-40
-32
-20
-20
-14
-10
-4
3
4
4
-4
-3
2
-10
-6
-10
-15
-14
-22
-17
-13
-14
-9
0
-2
-6
3
-9
-11
-9
-16
-12
-11
-8
-12
-18
-16
-21
-26
-32
-33
-27
-35
-42
-44
-41
-49
-63
-69
-72
-66
-75
-77
-69
-72
-60
-48
-43
-36
-26
-13
-9
5
26
27
29
48
51
54
51
46
52
59
69
65
58
59
56
48
43
44
39
37
42
45
53
57
61
61
55
56
58
53
58
62
61
68
75
78
67
67
73
73
83
91
98
99
106
111
107
106
115
113
103
114
115
108
101
87
85
69
64
72
59
67
72
56
58
57
55
49
46
47
41
48
44
32
33
21
2
-10
-14
-16
-26
-25
-16
-22
-31
-26
-20
-17
-6
4
-3
-4
-1
4
-12
-25
-15
-27
-15
-8
-5
12
-3
0
-12
-23
-19
-42
-40
-42
-57
-59
-54
-53
-63
-61
-61
-63
-68
-67
-70
-87
-81
-76
-89
-83
-85
-80
-61
-60
-48
-38
-39
-30
-26
-14
-25
-32
-22
-24
-28
-34
-36
-39
-47
-49
-54
-57
-62
-64
-60
-70
-63
-59
-67
-72
-77
-65
-74
-79
-74
-76
-69
-75
-72
-72
-74
-68
-76
-76
-71
-75
-76
-77
-82
-83
-87
-89
-72
-68
-71
-64
-62
-59
-60
-67
-76
-73
-63
-75
-69
-67
-73
-72
-74
-76
-80
-74
-65
-62
-52
-50
-52
-56
-57
-50
-57
-48
-38
-39
-28
-21
-12
-11
-10
7
7
20
33
42
58
59
66
68
73
75
68
78
72
69
70
64
78
73
73
68
59
57
51
55
45
37
32
23
10
13
14
9
24
34
48
60
71
65
57
78
78
57
58
55
54
57
55
71
68
61
67
65
67
68
68
58
55
61
65
63
42
38
37
27
29
30
36
48
49
60
65
68
71
64
67
53
51
57
46
52
55
64
68
68
69
61
74
76
71
57
60
75
70
88
94
95
105
109
116
113
114
122
119
113
116
110
93
75
63
56
51
44
46
49
43
50
47
43
49
29
13
5
-3
-5
-15
-9
-7
-8
-4
-15
-8
0
-7
-13
-21
-30
-30
-21
-31
-34
-46
-62
-60
-79
-74
-77
-92
-87
-92
-78
-73
-74
-66
-70
-66
-67
-71
-70
-89
-97
-100
-105
-102
-101
-93
-91
-95
-96
-102
-113
-115
-121
-129
-132
-142
-144
-134
-146
-151
-141
-154
-155
-151
-146
-125
-117
-100
-95
-92
-77
-85
-91
-85
-84
-72
-65
-75
-68
-61
-64
-72
-76
-74
-80
-84
-89
-92
-89
-80
-79
-86
-88
-76
-65
-66
-65
-53
-35
-32
-23
-17
-12
-1
-5
-10
-13
-11
-5
-5
0
11
18
28
45
45
33
30
26
17
17
12
5
11
7
8
23
31
39
34
41
56
58
65
63
64
74
70
57
51
50
42
38
48
56
66
73
87
108
112
108
101
98
97
101
100
98
107
115
123
132
140
140
144
150
138
137
139
135
129
111
101
102
91
74
65
58
63
70
71
81
78
76
77
71
78
70
65
64
59
61
61
68
71
77
77
69
69
61
55
42
38
34
15
16
19
17
15
4
-8
-9
-19
-25
-15
-12
-13
-13
-14
-28
-23
-18
-43
-46
-51
-48
-32
-26
-14
-4
8
9
14
24
22
27
14
14
18
5
2
-4
-9
-13
-12
-17
-26
-19
-29
-38
-34
-55
-62
-66
-85
-91
-99
-103
-99
-107
-108
-103
-103
-102
-98
-98
-98
-91
-86
-87
-83
-73
-68
-78
-69
-59
-65
-51
-51
-47
-39
-34
-21
-27
-16
-19
-28
-16
-26
-31
-39
-44
-49
-56
-51
-50
-43
-42
-47
-53
-55
-61
-78
-72
-74
-69
-63
-68
-58
-55
-46
-45
-49
-44
-45
-27
-17
-18
-12
-6
-9
-10
-10
-16
-13
-19
-26
-24
-26
-26
-31
-42
-41
-30
-35
-43
-42
-52
-40
-33
-32
-18
-14
-1
8
14
24
27
30
33
43
48
48
52
49
48
54
65
60
45
46
54
60
67
63
59
57
50
53
45
45
50
40
37
39
43
43
41
33
26
26
14
5
-1
-15
-18
-15
-19
-16
-19
-20
-10
-7
-6
-4
4
10
15
19
22
28
37
43
40
34
31
42
46
38
38
25
18
17
11
14
15
8
7
4
3
11
6
2
-1
4
-2
-3
10
8
20
33
35
29
33
49
41
43
39
32
38
22
14
28
25
22
17
14
17
11
8
14
16
9
16
29
23
28
28
21
24
14
12
21
20
20
12
8
11
5
3
-4
-13
0
3
-7
-9
-9
-10
-6
-12
-21
-20
-27
-19
-13
-26
-29
-31
-31
-33
-31
-31
-37
-30
-26
-33
-33
-39
-44
-38
-40
-37
-36
-36
-45
-58
-55
-55
-40
-32
-34
-29
-20
-2
-9
-26
-23
-38
-49
-51
-52
-36
-39
-39
-42
-54
-50
-67
-74
-62
-64
-74
-74
-71
-65
-56
-54
-53
-53
-46
-38
-39
-38
-37
-36
-42
-37
-34
-33
-40
-48
-45
-50
-47
-40
-34
-26
-27
-27
-22
-18
-10
-9
-14
-14
-11
5
23
21
13
7
5
15
19
31
33
44
66
65
78
79
76
86
80
88
99
113
135
145
160
174
179
177
176
176
180
193
200
201
205
207
203
197
192
195
192
191
201
205
219
218
206
215
224
227
230
237
249
258
255
255
261
251
246
247
235
218
206
195
175
162
149
128
107
83
61
42
22
1
-22
-43
-59
-73
-94
-107
-123
-155
-173
-177
-196
-213
-233
-264
-278
-292
-306
-308
-319
-333
-340
-348
-356
-367
-378
-391
-408
-417
-410
-410
-410
-401
-398
-384
-380
-382
-374
-363
-357
-346
-330
-316
-295
-285
-274
-262
-268
-260
-255
-249
-212
-190
-172
-145
-129
-98
-73
-51
-28
-8
11
43
72
92
121
130
150
172
178
203
217
222
238
253
268
282
292
293
302
302
299
299
297
300
288
303
320
317
329
323
319
326
326
331
335
336
348
359
345
339
336
309
299
291
282
282
278
279
266
242
223
196
160
121
78
41
8
-35
-80
-130
-194
-254
-295
-330
-359
-384
-405
-429
-462
-481
-496
-531
-545
-545
-550
-545
-550
-561
-565
-573
-574
-584
-590
-563
-547
-522
-493
-493
-478
-474
-479
-464
-457
-438
-405
-392
-378
-351
-338
-330
-313
-298
-270
-226
-182
-136
-89
-49
-18
8
43
67
96
137
154
190
224
245
283
299
322
343
350
381
405
410
425
447
464
492
519
524
532
531
530
540
550
555
562
570
569
566
560
560
554
538
530
533
546
542
558
575
576
585
585
587
600
606
582
559
528
487
466
432
399
361
305
261
205
144
89
26
-47
-99
-121
-151
-188
-226
-274
-325
-372
-407
-427
-432
-427
-421
-408
-389
-391
-395
-404
-406
-394
-387
-365
-344
-334
-326
-329
-333
-335
-336
-327
-309
-290
-269
-257
-249
-239
-234
-220
-206
-193
-176
-168
-157
-148
-158
-164
-153
-131
-99
-62
-40
-35
-30
-42
-56
-60
-78
-85
-78
-77
-84
-97
-125
-152
-174
-182
-187
-185
-171
-163
-137
-129
-135
-152
-184
-192
-201
-210
-217
-228
-234
-244
-258
-261
-261
-267
-277
-270
-255
-232
-199
-187
-170
-154
-130
-95
-90
-78
-49
-22
9
55
114
175
212
246
298
338
366
406
441
466
511
551
571
573
582
598
600
590
562
531
524
514
480
441
399
344
302
288
275
247
196
150
125
91
77
70
61
64
51
43
37
10
-52
-127
-162
-172
-173
-165
-159
-180
-192
-205
-235
-258
-292
-318
-317
-307
-291
-277
-303
-336
-376
-419
-431
-435
-426
-397
-354
-301
-260
-238
-228
-220
-203
-189
-170
-153
-140
-140
-149
-147
-156
-155
-156
-145
-129
-146
-144
-133
-137
-131
-127
-111
-81
-71
-76
-95
-104
-117
-150
-164
-157
-134
-114
-71
-36
-35
-23
-16
-23
-12
-5
7
57
126
179
192
195
214
234
256
275
296
341
420
505
558
599
627
653
682
716
740
734
717
712
727
736
733
706
672
626
580
543
485
417
344
289
255
219
174
125
77
26
-29
-78
-116
-152
-187
-211
-223
-245
-256
-250
-267
-307
-334
-361
-363
-347
-362
-381
-388
-377
-375
-397
-411
-438
-465
-474
-474
-481
-505
-529
-550
-547
-511
-470
-422
-388
-349
-291
-239
-203
-195
-194
-181
-163
-128
-93
-70
-63
-73
-85
-94
-75
-56
-56
-56
-59
-49
-23
5
29
22
23
41
70
77
28
-15
-46
-66
-73
-78
-85
-104
-103
-101
-115
-117
-136
-147
-112
-86
-64
-61
-35
14
19
32
27
13
28
36
43
59
91
154
203
234
302
387
437
438
434
491
588
638
643
663
703
730
745
757
721
661
625
570
509
446
366
297
222
170
158
144
89
12
-57
-97
-79
-68
-81
-88
-116
-129
-164
-222
-237
-286
-355
-364
-360
-372
-364
-372
-406
-411
-393
-395
-390
-368
-365
-365
-377
-398
-411
-440
-464
-477
-462
-416
-382
-349
-303
-256
-215
-185
-146
-147
-159
-104
-35
36
77
62
54
53
92
-5
-392
-619
-408
103
565
432
26
26
311
615
502
-206
-641
-275
446
818
418
-288
-439
32
411
286
-170
-493
-268
140
242
-27
-498
-539
-168
16
21
-126
-254
-73
222
424
479
503
695
1178
1783
2076
2097
1988
1769
1515
1100
599
254
128
295
603
557
63
-594
-1200
-1572
-1914
-2334
-2456
-2289
-1777
-1026
-554
-488
-744
-861
-544
-73
316
643
1009
1318
1714
2052
2010
1825
1386
907
835
866
954
872
346
-146
-521
-973
-1469
-2014
-2392
-2393
-2264
-2193
-2148
-2260
-2351
-2189
-1950
-1526
-845
-234
313
693
597
628
1204
1671
1688
1334
1024
1195
1324
986
367
-396
-962
-954
-762
-1106
-1779
-2168
-2062
-1803
-1795
-1698
-1455
-1399
-1171
-515
198
664
861
1032
1306
1579
1864
1978
1804
1728
1950
2187
2118
1740
1239
765
483
382
306
204
142
240
310
384
639
727
731
913
1318
1952
2552
3146
3542
3499
3333
2386
-595
-4156
-4586
-1756
58
-1176
-2933
-2640
-1093
-667
-1658
-2796
-3617
-3035
145
3465
4076
3276
3060
3268
2942
2347
2640
2828
949
-1425
-1202
555
490
-1847
-4318
-5101
-4784
-4877
-4930
-4374
-3793
-3343
-2315
-433
949
790
134
517
2058
3410
3773
3619
3133
2173
1310
1159
1141
491
-383
-1184
-1958
-2308
-2341
-2624
-3344
-4451
-5136
-4052
-2110
-1342
-1249
-794
90
1421
2189
1920
1818
1879
1579
1756
2464
2666
1879
472
-457
-349
-277
-985
-1644
-1616
-1327
-1297
-1437
-1520
-1483
-1360
-908
162
1210
1670
1728
1740
1982
2100
2023
2233
2361
2409
2723
2549
1988
1940
1837
1230
777
377
396
1206
1624
1769
2103
1851
1247
-477
-4639
-7342
-4894
-1557
-1191
-1957
-1790
180
2167
1695
608
-148
-1340
-57
3751
5311
4452
4251
4435
3300
962
-100
536
-1212
-5311
-6241
-3450
-1809
-3215
-4806
-4755
-4870
-5750
-5183
-2977
-1465
-914
552
3103
4778
4689
4013
3456
2888
2705
2903
2740
1763
413
-526
-1269
-2298
-3283
-3751
-3949
-4569
-5027
-4145
-2521
-1631
-1799
-2035
-1298
136
1310
2194
3113
3469
3090
3047
3271
2527
879
-596
-1180
-941
-741
-1127
-1739
-2315
-2667
-2369
-1924
-1877
-1751
-1254
-637
-245
179
863
1222
1260
1514
2110
2762
2839
2264
1736
1842
2273
2213
1572
1063
1019
795
115
15
857
1202
596
574
1614
2874
3555
2881
2233
2797
1329
-3892
-7521
-5219
-1516
-1607
-3102
-2163
517
2003
1676
1180
44
-2084
-1290
3286
5745
4260
4040
6167
5810
2394
997
2016
-321
-5849
-7361
-3498
-980
-2952
-4732
-3838
-4015
-5948
-5801
-3641
-2541
-2143
-277
3012
5578
6012
5340
4603
3668
2903
2682
2152
383
-1469
-1554
-973
-1864
-3436
-3945
-4240
-5840
-7177
-5886
-3157
-1942
-2002
-1051
726
2046
2726
2817
2742
2975
3395
3490
3013
2341
1511
256
-1214
-2100
-1990
-2193
-3491
-4093
-2955
-1695
-1285
-733
31
3
-327
-165
195
778
1590
2142
2500
2879
3144
3141
2454
1121
365
892
1288
600
560
1288
823
7
36
314
765
922
1116
2568
3824
3592
3015
765
-5216
-9749
-7014
-2496
-2784
-4097
-2217
1276
3651
3423
1764
123
-1830
-1637
2423
5167
4180
4470
6917
6626
3362
1893
1630
-2649
-8693
-9297
-4856
-2010
-3002
-3891
-2855
-2969
-4556
-4283
-2771
-2781
-2829
-243
3606
5841
6626
7212
6748
4910
3364
2393
437
-2459
-3959
-3292
-2598
-2760
-2568
-2381
-3439
-5196
-5945
-4649
-2708
-1839
-995
350
1576
3584
5544
5209
3664
3005
3046
2788
1802
718
245
-107
-846
-1401
-1648
-2427
-3750
-4386
-3639
-2396
-1364
-300
695
1527
2175
2054
1572
1591
1477
1269
2197
3601
4162
3930
2945
1901
1516
641
-741
-1081
-584
-19
629
1084
1365
1546
1184
1107
2234
3302
3147
2085
-130
-4344
-7512
-5670
-3092
-4020
-4451
-2591
-252
2137
3160
2509
1268
-442
-155
3049
3932
1540
1904
5453
6260
3420
1960
1841
-2416
-8809
-10006
-6483
-4398
-5414
-5685
-3362
-1736
-2301
-2071
-834
-1477
-2672
-987
2397
4307
5261
6957
7858
6712
5005
3214
255
-3607
-6028
-5658
-4501
-4508
-4483
-2996
-1929
-3196
-3942
-2201
-1481
-2517
-1875
180
2098
4217
5504
5443
5017
4445
3806
2412
45
-1350
-1566
-2050
-2381
-1793
-1036
-1571
-2902
-2671
-1419
-1247
-1545
-1208
-85
1368
2306
3187
3787
3066
2419
2573
2198
1788
2111
2068
1638
1853
2278
1968
807
-530
-1091
-685
-218
-304
148
1962
3660
4649
5186
3981
1398
-2883
-8849
-9870
-5453
-4069
-4987
-3053
452
3580
4260
2329
1349
495
-963
696
3029
1936
1335
4441
7561
6452
3295
1937
-1163
-7784
-10926
-8255
-5645
-6376
-7349
-5008
-1621
-772
-726
167
-212
-1797
-1693
674
2649
3274
4883
7197
7718
6819
5161
2090
-2019
-5639
-6999
-6449
-6703
-7613
-6027
-2647
-950
-621
-179
-391
-923
-1247
-1552
-221
2461
3816
4476
5728
6510
6184
4205
927
-1580
-2808
-3617
-4140
-3673
-2110
-1155
-1160
-686
-18
-26
-623
-1210
-573
1014
1916
2289
2868
3392
3957
4349
3773
2868
2498
2333
2285
1969
1197
1187
1351
95
-737
343
1124
722
603
1652
3822
4724
3119
1879
-653
-6852
-9346
-5808
-4554
-6021
-4886
-1244
2733
4125
3156
3839
4344
2309
1632
2004
69
-1152
1723
5642
5944
3978
3331
1130
-4381
-7903
-7665
-7419
-8678
-9233
-6796
-3033
-857
673
2344
2183
373
-388
334
515
287
2126
5140
6013
5376
5229
4297
1294
-2433
-5302
-7363
-9564
-10821
-8926
-5482
-2745
-73
1925
2481
2565
2327
1596
307
-846
-132
1938
3440
4695
6076
5984
3912
1095
-1439
-3439
-5108
-5668
-4784
-3515
-1992
-341
842
1735
2325
2247
1504
613
-73
-377
508
2153
3153
3852
4288
3817
3616
3676
2695
1787
1298
192
-438
70
579
860
1614
2491
3070
3619
2919
-197
-4984
-8532
-7822
-6272
-7428
-6860
-3306
-237
2513
4498
5107
5760
4777
2633
2438
1208
-1600
-301
4195
5549
3099
1647
2028
-399
-5157
-7315
-7437
-8559
-10073
-9428
-5754
-1678
493
2346
4067
3524
1834
966
437
-171
240
2069
3164
2762
3106
4070
3448
1206
-1550
-4362
-6772
-8540
-9093
-7357
-4507
-2775
-1835
59
2765
3874
3175
2795
2604
1866
856
398
1981
4250
3897
2268
2367
2338
619
-926
-2008
-3289
-3941
-3725
-3145
-1850
242
2130
3271
3542
3255
3096
2419
753
-415
273
1671
2023
2346
3697
4819
5213
5106
3663
1501
586
-129
-1603
-1383
497
1648
2288
3147
3985
3414
-1544
-7863
-8075
-6025
-8613
-9712
-5642
-1879
542
3287
6499
8855
7642
4817
3426
599
-3486
-3071
1112
2280
-250
-362
2569
1831
-2633
-4542
-4821
-7557
-11086
-11631
-8698
-5268
-2814
631
4509
5470
4259
3991
4247
3130
1494
511
-653
-1641
-456
2205
3378
2233
328
-1491
-3732
-6105
-7391
-7471
-7321
-6408
-4099
-1213
2259
5534
6456
5767
4993
3640
1738
-85
-632
906
1897
801
910
2705
2731
1121
154
-921
-3237
-5286
-5280
-3817
-2041
291
2793
4348
5174
5802
5674
4307
1867
-363
-986
-858
-714
1064
4037
5473
5636
5535
4530
3350
2007
-324
-1603
-774
171
503
899
959
-1097
-4926
-6074
-4164
-4596
-6526
-6012
-4651
-2548
867
3693
6262
7679
6423
4955
3292
419
160
2734
2389
-1498
-3469
-1908
-879
-2629
-3728
-3124
-4823
-8477
-9906
-8521
-6166
-4060
-2143
-172
1036
1842
3770
5915
5619
3692
2643
1857
47
-996
487
1727
-131
-2437
-2499
-2384
-3647
-4708
-4953
-5808
-6707
-6196
-4589
-1891
1672
3665
3632
3802
4483
5155
5119
3753
2683
2394
666
-1189
-239
1229
437
-575
-531
-1061
-2192
-2432
-1926
-2136
-2196
-1045
-83
769
2788
4763
5414
5222
4383
3355
3054
2522
1469
1836
2836
2785
2725
3370
3982
4086
3873
3411
2407
1580
876
-971
-2840
-4526
-7510
-8340
-4907
-3415
-4973
-4327
-2472
-1077
1064
3239
5340
6880
5904
4070
3305
2507
2276
2973
2178
-654
-2723
-2314
-1320
-2293
-3742
-3682
-4660
-7672
-9107
-7419
-5097
-4069
-3444
-2213
-1205
-184
2075
4882
5639
4105
3121
3160
2287
546
-86
359
-460
-2580
-3223
-2334
-2196
-3248
-4192
-4361
-4891
-6055
-5923
-3880
-1765
-318
1004
2197
3670
5318
5455
4383
3596
2809
1392
-200
-730
-128
539
579
64
-402
-648
-1127
-1905
-2688
-2876
-2035
-731
79
809
2596
4146
3896
3074
2919
3110
2755
1909
2409
4081
4369
3492
3577
4055
3745
3391
2911
2449
2680
2250
824
-518
-3146
-7137
-8381
-6517
-6243
-7156
-5727
-3512
-1709
994
4017
6582
7750
6076
3731
3119
2622
2037
2863
3030
324
-2005
-1078
-45
-1664
-3096
-2689
-3742
-6968
-8828
-7437
-4910
-4312
-5042
-4103
-1969
-879
507
3508
5265
4160
3189
3695
3479
2102
1213
1158
187
-2263
-3648
-2906
-2242
-3156
-4322
-3998
-3532
-4085
-3794
-2534
-1216
-250
440
1411
2046
2719
3105
2862
2722
2624
2272
1454
622
334
447
521
286
-468
-895
-693
-668
-1099
-999
-24
167
102
497
992
2041
2827
2537
2263
2873
3251
3204
3846
4156
3603
3383
3025
2609
3515
4461
4152
3929
3815
2370
-111
-3038
-6407
-8224
-7788
-7572
-7740
-6615
-4573
-2160
791
3706
5885
6626
5760
4236
3280
2852
2844
3346
2635
434
-954
-517
-31
-923
-2222
-2934
-3890
-5850
-7343
-7012
-5842
-5628
-5916
-5345
-3768
-1766
224
2032
3011
3283
3584
3919
3450
2386
1908
1691
463
-1327
-2178
-2287
-2751
-3522
-3612
-3142
-2964
-3126
-2941
-2327
-1856
-1277
-495
32
510
1454
2333
2637
2768
2740
2516
2090
1397
848
858
868
265
-243
-312
-482
-646
-304
14
-211
-314
-67
207
515
786
1093
1569
1716
1708
2583
3955
4395
3965
3804
3869
3741
3447
3455
4279
4774
3568
1561
41
-2107
-5083
-6460
-6036
-6480
-7838
-8039
-6851
-4696
-1673
1711
4293
5018
4176
3844
4629
4569
3787
3689
3266
1252
-612
-99
1418
1126
-898
-2550
-3444
-4811
-6153
-6071
-5519
-6124
-7244
-7170
-5316
-2896
-1103
477
1974
2778
3285
3912
4109
3573
2589
1502
344
-988
-2186
-2337
-1845
-1826
-2031
-1943
-1553
-1296
-1591
-2015
-1520
-885
-1469
-2188
-1780
-808
96
1341
2609
3087
2877
2601
2396
2124
1874
1477
885
238
-379
-552
93
789
838
1012
1531
1440
866
756
1030
1041
493
-108
125
1022
1843
2732
3907
4969
5411
4978
4444
4865
5155
3705
1767
525
-1614
-4590
-5377
-3974
-3887
-5611
-6609
-6224
-5285
-3798
-1623
755
1931
1399
1310
2700
3849
4083
4328
3983
2207
715
1160
2176
1789
528
-308
-895
-2197
-3811
-4403
-4580
-5771
-7185
-7387
-6532
-5519
-4431
-2737
-598
1400
2788
3657
4241
4238
3507
2568
1725
385
-1504
-2530
-2060
-1387
-1131
-597
181
400
-115
-490
-87
124
-1129
-2809
-2903
-1903
-1384
-859
565
1911
2205
2192
2759
3274
2965
2206
1468
878
507
177
-134
-1
473
886
1200
1526
1939
2350
2564
2345
1919
1522
915
181
-242
-46
762
1882
2936
4001
5224
6111
5917
4403
2174
-188
-3004
-5633
-6173
-5482
-6072
-7037
-5993
-3486
-1141
676
1943
2360
1386
-375
-1089
-484
4
-141
-280
-51
553
1840
3525
4285
3500
1869
341
-1035
-2429
-3542
-4290
-5110
-6124
-6489
-5719
-4503
-3667
-3087
-2157
-1197
-637
-166
626
1628
2174
2060
1879
1636
623
-418
-430
-121
-386
-720
-520
-9
288
417
1135
1690
639
-1132
-1704
-1409
-1497
-1654
-1014
92
728
1039
1745
2968
3788
3481
2571
2079
1857
1094
276
369
1133
1441
1155
1105
1821
2763
2888
2522
2473
2362
1630
942
1242
1907
2174
2352
2757
3175
3471
3666
3522
2493
432
-1472
-2397
-3045
-4299
-5441
-5947
-6411
-6356
-4781
-2201
-54
899
999
1483
2271
2272
1695
1513
995
-593
-1824
-1453
-330
67
-47
96
587
580
-150
-757
-1225
-2467
-4230
-5243
-5475
-5661
-5701
-4924
-3388
-1787
-712
131
1099
1762
1565
974
620
-210
-1630
-2259
-1575
-708
-266
357
1396
2106
2183
2240
2426
1811
25
-1488
-1664
-1533
-1724
-1359
-291
384
478
938
1514
1714
1719
1709
1607
1422
1306
1335
1824
2478
2696
2501
2413
2438
2347
2409
2715
2883
2673
2215
1872
1922
1956
1551
1162
1287
1411
1508
2264
3299
3256
1767
30
-848
-1046
-1850
-3479
-4947
-5966
-6552
-5853
-3476
-919
79
-320
-548
-156
290
815
1181
488
-1000
-1636
-897
293
1235
1665
1594
1184
331
-629
-1123
-1558
-2822
-4359
-4895
-4809
-4859
-4657
-3769
-2809
-2391
-2167
-1600
-958
-719
-529
76
550
50
-632
-223
453
126
-349
28
451
242
156
982
1985
1750
767
472
577
201
-388
-433
-101
63
99
440
1147
1799
2305
2795
2920
2443
1786
1334
1121
919
816
955
1217
1598
2300
3338
4208
4591
4483
3967
3433
3058
2563
2106
1857
1697
1812
2448
3055
2933
1913
-195
-2278
-2807
-2401
-2628
-3734
-4752
-5164
-4798
-3322
-1167
398
452
-420
-1039
-1032
-593
-104
-9
-924
-2190
-2183
-783
708
1278
1021
614
341
-163
-655
-758
-943
-1900
-3142
-3619
-3633
-3873
-4201
-4210
-3841
-3296
-2929
-2511
-1673
-762
-118
382
393
-495
-1176
-846
-382
-385
-176
699
1462
1571
1759
2534
2989
2254
960
159
-272
-917
-1470
-1361
-673
-5
337
778
1569
2390
2783
2806
2546
1973
1403
1095
1270
1796
2174
2047
1902
2301
2895
3334
3701
3650
2935
2315
2225
2306
2500
2864
2906
2762
3019
3485
3700
3495
2154
-654
-2936
-3092
-2496
-2823
-3833
-4948
-5746
-5466
-3828
-1658
-163
-280
-1604
-2293
-1653
-468
620
1040
174
-1239
-1642
-637
672
961
224
-368
-649
-1178
-1564
-1562
-1762
-2773
-3900
-4183
-3854
-3606
-3482
-3073
-2448
-2043
-1856
-1468
-1138
-1429
-1856
-1671
-1472
-1921
-2280
-1647
-503
252
704
1420
2202
2428
2362
2536
2692
2209
1154
235
5
187
227
258
533
784
715
766
1363
1994
2034
1824
1780
1571
1134
1145
1743
2223
2257
2353
2797
3268
3476
3665
4003
3890
3079
2234
2049
2157
2061
1888
1923
2208
2455
2684
3000
2860
1191
-1565
-2989
-2235
-1513
-2135
-3208
-4199
-5056
-4837
-2918
-667
118
-1008
-2619
-3148
-2682
-1733
-547
-101
-1168
-2500
-1978
333
2106
2052
1158
476
-321
-1306
-1557
-1124
-1410
-2909
-4222
-4132
-3381
-3138
-3248
-3044
-2673
-2606
-2536
-2150
-1835
-1843
-1922
-1729
-1441
-1509
-1589
-1068
-261
142
563
1633
2471
2438
2329
2670
2843
2230
1323
814
579
413
447
851
1297
1246
972
947
1349
1920
2133
1998
1898
1781
1536
1617
2101
2439
2359
2070
1963
2484
3294
3693
3676
3629
3409
2696
2161
2270
2392
2052
1789
2275
3073
3439
3382
2367
-238
-3083
-3825
-2691
-2323
-3289
-4229
-4816
-4996
-3771
-1071
1034
771
-1367
-3478
-4055
-3275
-1851
-467
-365
-1697
-2609
-1400
888
2066
1753
705
-598
-1852
-2535
-2192
-1559
-1979
-3299
-3979
-3388
-2576
-2331
-2398
-2469
-2656
-2901
-2992
-2992
-2906
-2851
-2805
-2369
-1760
-1519
-1206
-408
373
793
1201
1754
1929
1543
1413
1953
2417
2071
1349
1120
1292
1618
2019
2377
2500
2122
1365
866
1174
1756
1751
1405
1345
1483
1884
2693
3542
3869
3636
3107
2651
2654
2820
2726
2523
2517
2503
2463
2751
3383
3795
3563
3193
3188
3214
3027
3017
2384
-277
-3615
-4700
-3394
-2377
-2810
-3553
-4207
-4820
-4367
-2291
-77
258
-1467
-3632
-4567
-3933
-2231
-249
643
-111
-1131
-715
953
2168
1878
453
-1183
-2759
-4067
-3907
-2257
-1313
-2110
-2937
-2484
-1665
-1506
-1879
-2337
-2876
-3655
-4300
-4089
-3382
-3235
-3236
-2460
-1616
-1544
-1362
-576
-134
-170
177
907
1114
747
871
1815
2698
2829
2499
2243
1883
1510
1582
1809
1896
1727
1183
662
877
1665
2009
1776
1559
1446
1343
1545
2200
2844
3106
3043
2936
3213
3813
4084
3797
3277
2886
2641
2446
2372
2453
2615
2683
2756
3044
3360
3658
3858
2659
-762
-3873
-3700
-1752
-1310
-2227
-2913
-3462
-4003
-3516
-1725
-131
-435
-2684
-4840
-5120
-4108
-2756
-1041
299
304
-211
275
1531
2091
1541
457
-719
-2220
-3803
-4077
-2771
-1560
-1601
-2173
-2419
-2524
-2909
-3350
-3397
-3399
-4103
-5087
-4984
-3875
-3027
-2350
-1173
-410
-783
-1204
-870
-339
-162
14
483
849
878
940
1502
2343
2454
1684
950
697
789
979
1352
1974
2444
2230
1648
1854
2713
2855
2135
1607
1441
992
622
1155
2156
2605
2537
2571
2703
2719
2683
2730
2786
2704
2480
2265
2292
2731
3323
3663
3688
3426
2954
2678
2996
2909
521
-3356
-4764
-2574
-494
-677
-1437
-2009
-3118
-3754
-2737
-1069
-499
-1699
-3779
-4886
-4138
-2391
-360
1423
1887
889
75
336
542
120
-365
-577
-936
-1785
-2480
-1996
-466
466
-46
-1331
-2548
-3575
-4454
-4784
-4385
-3824
-3962
-4233
-3611
-2506
-1696
-963
-558
-1399
-2501
-2443
-1656
-990
-14
1331
2049
2161
2411
2807
2938
2582
1471
108
-482
-274
80
671
1728
2512
2450
1930
1825
2179
2309
1895
1245
993
1158
1417
1598
2073
2942
3321
2814
2182
2037
2045
1960
1942
2063
1986
1819
1921
2274
2756
3044
3007
2616
2271
2257
2719
3472
2766
-588
-3871
-3064
177
1161
-362
-2017
-3283
-4084
-3432
-1986
-1188
-1222
-2308
-3925
-3920
-1961
-341
275
656
444
-546
-996
-376
-1
-404
-990
-948
-286
183
-101
-845
-1094
-831
-975
-2186
-3733
-4436
-4330
-4144
-4102
-3763
-2960
-2093
-1828
-2237
-2657
-2669
-2566
-2537
-2463
-2266
-1594
-423
667
1466
2148
2528
2304
1932
1652
892
-69
-195
513
1057
1246
1641
2239
2431
1901
1116
904
1364
1429
777
362
753
1327
1472
1556
2035
2521
2357
1809
1511
1640
1809
1743
1736
1901
2016
1964
1833
1693
1570
1480
1306
1059
1066
1500
1877
2403
3131
2199
-594
-2224
-1017
406
634
144
-1833
-3971
-3119
341
2198
1737
186
-2319
-3776
-2139
559
822
-575
-1667
-2041
-1910
-1014
286
744
-287
-1996
-2334
-1256
-180
-60
-556
-1025
-1248
-1340
-2011
-2926
-3267
-3021
-2752
-2663
-2418
-2075
-1899
-1841
-1474
-1107
-1767
-2798
-2914
-2413
-2003
-1219
-85
411
448
757
1051
961
1041
874
-8
-696
-579
-257
52
922
1815
2021
1657
1332
1264
1369
1509
1292
743
265
266
671
1129
1492
1609
1374
901
558
793
1484
1798
1262
639
748
1154
1088
1156
1665
1950
1913
1934
2040
2018
2239
2637
3469
3752
1727
-932
-681
1911
3160
2858
1122
-2122
-3719
-1082
2450
3413
2701
101
-3487
-4383
-1417
1048
377
-1588
-3202
-3735
-2905
-935
509
265
-1260
-2306
-1990
-1248
-820
-779
-1080
-1303
-955
-973
-1846
-2537
-2278
-1451
-942
-1238
-2084
-2747
-2766
-2232
-1316
-1106
-2078
-2889
-2617
-1744
-893
-65
13
-665
-855
-184
350
511
811
967
749
522
722
959
1072
1124
1167
1161
848
359
209
844
1547
1676
1330
776
516
805
1351
1563
1333
923
530
478
929
1502
1612
1231
910
976
1020
992
1293
1581
1597
1662
2028
2227
2303
2655
3339
3873
2597
-88
-1001
1169
3156
3337
2320
-404
-3018
-2156
1321
2951
2516
613
-2904
-5004
-2847
649
888
-1044
-2639
-3234
-3042
-1820
-391
-70
-1067
-2402
-2628
-1856
-994
-789
-1160
-1577
-1555
-1692
-2570
-3351
-3032
-1915
-1033
-968
-1612
-2382
-2639
-2179
-1200
-551
-1282
-2505
-2678
-1762
-928
-409
-289
-779
-1154
-816
-128
405
981
1199
879
486
512
634
638
941
1363
1506
1174
602
263
822
1853
2123
1411
580
273
351
775
1507
1880
1443
653
350
811
1625
1996
1616
1230
1275
1432
1448
1759
2240
2339
2123
1971
1947
2064
2463
2928
3305
3949
4519
2897
-233
-1112
1415
3682
3649
2263
-583
-3160
-2582
703
2447
1719
-355
-3277
-4825
-3051
259
923
-942
-2831
-3515
-3395
-2714
-1618
-1117
-1604
-2380
-2283
-1490
-837
-699
-1103
-1480
-1461
-1745
-2617
-3284
-2982
-1989
-963
-904
-1945
-2856
-2651
-1675
-918
-747
-1548
-2671
-3010
-2234
-1288
-718
-459
-618
-854
-705
-23
508
694
703
717
451
-148
-262
445
1254
1378
1042
591
112
67
851
1702
1679
968
153
-294
167
1112
1557
1033
303
244
713
1192
1461
1740
1669
1125
716
971
1477
1644
1584
1644
1964
2168
2142
2173
2466
2949
3493
3659
3348
3446
3123
1164
-443
871
3040
3087
2018
171
-2188
-2725
-230
1942
1588
241
-1901
-3808
-3255
-300
1141
-315
-2282
-3134
-3053
-2623
-1701
-1010
-1155
-1787
-1989
-1513
-887
-718
-1172
-1736
-1601
-1150
-1491
-2445
-2866
-2426
-1626
-1137
-1452
-2029
-2100
-1728
-1474
-1102
-1017
-1798
-2523
-1992
-991
-780
-884
-803
-656
-630
-269
230
564
829
928
690
269
171
316
555
861
1083
949
608
515
906
1420
1445
1118
967
879
514
234
459
782
992
1226
1442
1404
1226
1442
1720
1886
1854
1636
1113
745
1332
2159
2399
1932
1560
1573
1951
2420
2664
2687
2500
2498
3026
3452
1860
-789
-1295
779
2530
2697
1406
-1309
-3083
-1788
965
1827
975
-769
-3169
-4371
-2648
29
139
-1858
-3304
-3123
-2492
-2014
-1528
-1347
-1683
-2017
-1777
-1331
-1200
-1155
-1239
-1285
-1023
-1032
-1823
-2703
-2566
-1657
-740
-776
-1547
-2056
-1752
-1027
-487
-385
-1001
-1749
-1866
-1346
-853
-500
-273
-179
-175
-118
191
548
800
697
303
-92
-243
75
681
1267
1295
1035
710
267
473
1127
1440
987
453
354
650
1167
1512
1627
1337
966
997
1528
2028
2060
1717
1277
1209
1493
1698
1631
1509
1451
1330
1301
1464
1681
1769
1753
1765
1752
1735
1742
1996
2355
2666
2242
548
-1237
-1109
995
2383
1987
442
-1448
-2781
-2187
-151
760
-96
-1797
-3146
-3323
-1974
-601
-883
-2112
-2716
-2721
-2848
-2692
-1991
-1410
-1427
-1553
-1606
-1635
-1666
-1624
-1334
-776
-468
-1030
-2019
-2399
-1925
-1140
-555
-730
-1567
-2159
-1823
-1084
-710
-916
-1382
-1707
-1640
-1131
-596
-238
-43
-33
-363
-647
-338
333
748
904
908
603
176
101
533
953
1018
771
437
334
725
1290
1520
1437
1284
1216
1151
1156
1281
1458
1574
1484
1325
1243
1201
1257
1399
1414
1183
1014
1173
1404
1375
1258
1309
1236
1145
1383
1615
1494
1372
1625
1823
1739
1707
1712
1658
1707
2053
2181
1161
-435
-975
-106
757
812
3
-1474
-2608
-2211
-640
220
-53
-1035
-2247
-2919
-2359
-1265
-1158
-2090
-2739
-2501
-2263
-2355
-2176
-1562
-1251
-1005
-534
-495
-869
-1038
-927
-720
-557
-801
-1533
-2206
-2128
-1345
-616
-715
-1213
-1433
-1214
-856
-622
-602
-931
-1290
-1243
-791
-333
-195
-188
70
386
595
522
391
596
951
1038
759
420
369
801
1388
1678
1495
1169
1050
1167
1395
1636
1603
1252
982
1056
1396
1589
1405
956
653
623
733
881
1007
1076
1093
1049
1027
1126
1099
961
973
969
840
778
766
757
879
1178
1242
876
487
335
394
573
684
603
344
238
435
638
303
-629
-1130
-715
-147
39
-60
-978
-2277
-2347
-1164
-439
-695
-1015
-1321
-1765
-1816
-1170
-822
-1177
-1487
-1323
-1151
-1153
-925
-658
-612
-598
-510
-546
-728
-833
-670
-517
-567
-800
-995
-1028
-955
-750
-501
-423
-767
-969
-599
-112
-45
-245
-382
-546
-615
-376
-98
-36
31
173
150
2
162
551
694
637
643
527
257
161
420
764
799
597
398
382
510
746
924
867
641
551
696
781
811
848
774
444
234
416
690
848
860
626
231
225
585
792
789
765
502
-13
-249
-94
27
-81
-103
-6
-156
-538
-673
-460
-144
39
11
-52
-30
135
314
468
619
783
497
-381
-920
-447
329
386
178
-32
-562
-983
-534
192
211
-47
-234
-615
-962
-604
-300
-748
-1050
-714
-614
-1058
-1079
-563
-232
-181
-252
-500
-673
-479
-137
-91
-198
-295
-417
-461
-364
-197
-17
126
32
-128
-37
143
-50
-399
-429
-218
-154
-284
-390
-363
-165
-8
59
119
197
165
40
107
495
786
491
17
-19
375
663
645
599
567
451
285
236
253
206
186
184
78
29
184
219
76
82
182
63
-268
-405
-247
-127
-247
-431
-496
-491
-411
-278
-126
-61
-47
-95
-142
24
266
382
358
344
398
341
81
110
518
751
665
724
1028
1030
785
803
1053
1200
1396
1390
729
58
314
1018
1189
1159
848
-33
-711
-317
507
628
334
-1
-336
-548
-263
128
42
-181
-178
-144
-285
-229
60
163
46
115
244
93
-244
-299
-99
-114
-253
-387
-634
-848
-729
-404
-283
-427
-607
-757
-784
-632
-458
-439
-498
-492
-420
-457
-536
-467
-420
-406
-421
-455
-533
-683
-738
-573
-323
-329
-522
-581
-480
-487
-510
-311
-249
-491
-706
-641
-500
-439
-356
-315
-402
-402
-294
-260
-243
-105
84
51
-35
62
148
119
196
400
412
166
136
387
487
392
317
334
325
276
285
361
369
279
278
418
564
674
854
1027
969
838
808
751
720
833
1040
1000
875
1087
1354
1335
1262
1477
1429
864
642
1164
1548
1380
1244
1030
519
410
953
1188
746
343
226
77
20
130
30
-329
-448
-223
-209
-444
-521
-375
-348
-458
-398
-397
-668
-819
-676
-702
-951
-974
-912
-1068
-1358
-1480
-1350
-1216
-1213
-1415
-1655
-1711
-1602
-1476
-1416
-1452
-1563
-1585
-1493
-1431
-1509
-1597
-1508
-1243
-969
-877
-961
-958
-734
-466
-388
-426
-442
-447
-414
-201
110
179
90
128
235
220
308
600
637
354
165
166
201
234
309
360
337
362
503
605
601
595
569
423
245
329
568
599
557
641
630
461
450
626
679
634
599
536
435
420
523
615
771
919
1044
1037
907
960
1257
1516
1482
1330
1223
1168
1191
1259
1374
1447
1129
384
-30
531
1427
1690
1319
740
113
-219
172
795
932
652
199
-365
-784
-741
-504
-426
-268
44
-34
-734
-1250
-1047
-670
-552
-531
-635
-989
-1183
-1070
-957
-913
-810
-815
-1067
-1184
-987
-666
-535
-644
-814
-985
-1105
-1169
-1011
-745
-638
-701
-779
-811
-858
-807
-633
-407
-315
-462
-699
-761
-505
-189
-103
-256
-390
-274
-45
157
244
207
130
182
320
402
488
503
403
336
406
358
198
217
424
537
566
581
420
208
146
256
263
163
121
63
40
177
456
507
303
169
185
260
327
408
385
208
60
75
137
154
232
341
306
199
191
224
211
188
202
230
261
366
441
450
451
375
268
198
216
235
196
121
87
132
136
108
131
251
333
365
365
306
236
207
305
395
437
460
446
462
508
472
333
247
279
296
301
349
316
254
194
162
153
178
196
136
124
24
-140
-232
-254
-316
-392
-332
-281
-278
-230
-243
-387
-509
-507
-467
-423
-389
-471
-619
-677
-642
-608
-521
-430
-467
-535
-514
-543
-691
-680
-481
-338
-296
-207
-208
-403
-561
-535
-442
-356
-288
-365
-530
-545
-390
-342
-456
-595
-722
-751
-592
-418
-450
-653
-860
-890
-719
-523
-452
-488
-577
-667
-607
-447
-411
-542
-621
-542
-467
-499
-561
-499
-348
-251
-268
-308
-280
-249
-219
-112
7
28
-35
-64
-17
122
344
448
433
438
489
549
584
671
776
779
761
795
882
1014
1102
1124
1122
1135
1156
1222
1344
1435
1398
1273
1241
1295
1372
1390
1357
1329
1258
1149
1047
1019
1075
1129
1089
1019
965
929
904
878
907
863
634
364
234
345
542
570
477
373
255
79
-64
-36
27
-19
-94
-104
-125
-191
-216
-238
-334
-498
-633
-725
-799
-820
-851
-976
-1142
-1155
-1041
-1021
-1074
-1101
-1148
-1250
-1314
-1301
-1312
-1357
-1265
-1073
-1015
-1136
-1248
-1218
-1164
-1117
-1086
-1157
-1236
-1253
-1224
-1174
-1066
-933
-914
-989
-1042
-969
-861
-791
-765
-765
-762
-765
-686
-497
-307
-230
-265
-268
-189
-121
-101
-67
4
35
27
61
181
341
497
596
581
537
570
638
736
836
880
864
821
826
861
904
957
1062
1146
1122
1044
1017
1074
1126
1133
1119
1113
1094
1118
1173
1245
1260
1150
1038
1016
1037
1029
1086
1197
1234
1114
910
769
744
774
797
818
756
604
464
442
531
574
467
260
85
43
27
-6
-15
-69
-141
-210
-302
-365
-348
-328
-430
-569
-624
-678
-727
-689
-640
-699
-735
-712
-730
-763
-769
-758
-839
-950
-942
-911
-922
-922
-879
-833
-818
-813
-824
-816
-787
-741
-706
-661
-595
-564
-594
-618
-533
-455
-392
-309
-274
-253
-253
-307
-345
-325
-282
-244
-222
-202
-136
-88
-157
-231
-188
-89
-37
-44
-94
-184
-186
-61
62
105
45
-55
-100
-28
136
259
225
97
18
68
182
248
261
245
258
281
330
390
351
261
234
289
301
286
285
265
265
270
224
139
101
87
76
141
214
226
225
195
153
129
139
153
130
81
-13
-131
-160
-115
-55
-13
11
6
-80
-128
-82
9
25
-38
-48
-17
8
21
108
220
223
155
62
-20
-24
56
110
102
126
150
74
31
157
327
370
287
199
136
102
131
216
304
306
252
230
267
345
405
392
331
269
200
216
288
354
386
342
309
327
404
462
448
439
411
322
266
296
288
261
304
357
314
219
160
126
146
183
131
29
-50
-68
-23
16
-1
-101
-287
-439
-472
-412
-342
-367
-500
-650
-713
-651
-574
-588
-669
-721
-737
-789
-870
-922
-901
-838
-793
-800
-845
-899
-923
-899
-855
-814
-817
-883
-954
-946
-822
-663
-582
-605
-673
-659
-561
-456
-364
-298
-275
-276
-257
-230
-172
-95
-27
24
51
113
141
140
146
171
246
284
273
262
336
443
507
546
540
498
427
409
439
487
554
606
613
603
631
672
711
765
824
826
785
764
794
896
995
1026
1027
1025
1021
1063
1126
1145
1090
976
883
861
898
981
1052
1046
986
898
831
794
747
692
633
553
466
389
357
375
389
317
199
120
55
-15
-85
-142
-233
-309
-321
-328
-338
-375
-400
-428
-492
-565
-640
-731
-819
-857
-847
-854
-862
-849
-857
-862
-822
-748
-724
-762
-816
-855
-870
-854
-782
-724
-721
-750
-747
-728
-765
-786
-734
-659
-641
-675
-700
-716
-725
-683
-622
-583
-550
-549
-552
-521
-475
-418
-391
-397
-396
-363
-270
-182
-152
-140
-137
-141
-132
-112
-52
21
80
123
152
200
244
260
285
314
356
396
390
388
460
564
617
601
567
600
674
737
779
766
745
729
704
689
721
767
767
767
776
764
718
659
601
520
433
384
420
474
481
486
481
432
388
386
363
326
302
257
180
114
81
46
41
74
67
62
84
89
61
14
-40
-83
-73
-42
-12
7
-11
-56
-125
-169
-173
-182
-197
-203
-213
-248
-293
-295
-307
-361
-411
-438
-471
-515
-523
-508
-478
-453
-448
-458
-456
-434
-411
-396
-399
-394
-374
-373
-389
-364
-300
-248
-239
-230
-204
-162
-106
-107
-158
-202
-203
-194
-196
-142
-63
-39
-81
-83
-56
-50
-66
-88
-87
-115
-163
-181
-162
-126
-96
-75
-65
-88
-89
-99
-169
-207
-203
-222
-265
-283
-260
-217
-192
-190
-189
-201
-202
-193
-186
-152
-129
-130
-116
-96
-64
-23
-4
14
24
54
98
110
109
168
242
257
270
270
282
307
317
332
313
310
365
394
409
392
396
419
386
359
348
362
336
288
304
299
242
197
198
206
205
208
185
125
84
82
85
99
110
92
67
76
98
115
137
117
94
77
33
24
53
43
24
11
-4
-5
32
114
160
164
152
129
139
173
164
161
159
130
119
162
222
245
229
209
219
217
191
161
128
115
88
44
36
52
47
17
2
-2
-39
-101
-148
-147
-161
-223
-270
-273
-261
-276
-293
-301
-300
-295
-305
-320
-341
-331
-321
-327
-333
-335
-310
-299
-322
-338
-326
-329
-348
-345
-348
-349
-308
-269
-274
-284
-261
-226
-188
-153
-135
-131
-146
-165
-174
-131
-78
-79
-99
-130
-158
-155
-116
-98
-141
-173
-174
-155
-94
-22
-3
-26
-85
-127
-104
-31
14
11
25
29
37
53
84
129
167
188
181
204
239
260
293
299
306
340
383
427
454
475
480
466
452
417
379
373
370
384
440
473
453
416
380
348
341
351
340
318
272
250
263
263
238
219
226
212
179
178
196
169
129
112
87
65
84
106
110
110
80
50
27
13
3
5
-8
-33
-33
-34
-52
-85
-115
-166
-226
-238
-238
-265
-294
-300
-343
-420
-475
-499
-493
-505
-533
-527
-518
-543
-580
-599
-571
-569
-599
-601
-613
-619
-615
-589
-552
-544
-566
-566
-546
-514
-472
-451
-415
-393
-396
-379
-371
-350
-310
-263
-196
-153
-126
-91
-58
-32
17
66
82
120
170
202
219
237
253
262
293
330
338
386
452
452
434
429
422
411
387
415
427
405
395
398
434
436
419
414
400
354
314
317
341
358
343
322
294
278
297
303
324
336
292
254
221
215
232
212
179
157
163
161
150
179
214
192
131
92
57
36
38
48
34
-28
-106
-145
-147
-138
-116
-96
-86
-112
-155
-167
-182
-184
-184
-207
-217
-234
-259
-254
-243
-247
-246
-255
-297
-343
-359
-320
-287
-277
-291
-320
-323
-320
-281
-207
-149
-146
-169
-164
-144
-118
-100
-97
-107
-126
-117
-64
11
61
80
94
130
167
197
235
255
249
229
205
184
182
181
165
136
134
141
123
109
98
76
39
-3
1
27
36
31
12
21
34
4
1
9
-14
-41
-56
-49
-30
-15
-14
-19
-7
8
19
28
8
-7
-5
-12
-18
-32
-56
-82
-96
-103
-103
-133
-173
-204
-233
-251
-266
-286
-307
-340
-358
-325
-316
-335
-339
-325
-296
-295
-296
-245
-182
-160
-170
-160
-136
-113
-71
-23
2
-2
-17
5
75
146
194
203
212
236
257
305
353
360
341
314
303
328
366
398
408
406
432
462
473
488
481
459
460
467
479
495
486
475
483
477
457
427
391
359
307
284
273
220
183
174
177
176
143
106
82
72
58
34
15
-24
-68
-82
-83
-92
-109
-122
-143
-195
-226
-221
-236
-251
-243
-250
-260
-272
-270
-252
-259
-272
-294
-336
-373
-404
-428
-435
-451
-505
-547
-560
-563
-542
-553
-589
-617
-643
-637
-613
-596
-597
-619
-635
-633
-610
-574
-562
-572
-592
-575
-533
-493
-429
-370
-337
-311
-277
-222
-163
-125
-71
-25
-1
37
67
114
181
242
292
331
353
387
443
474
493
525
549
564
586
622
665
718
737
714
694
706
727
732
748
745
732
733
719
717
714
709
699
660
616
599
603
590
578
556
489
442
433
416
385
345
288
239
188
143
127
103
68
29
-16
-48
-75
-98
-117
-161
-227
-270
-294
-310
-312
-343
-390
-424
-474
-522
-556
-565
-550
-581
-628
-644
-670
-689
-683
-684
-691
-685
-688
-699
-690
-676
-659
-655
-668
-649
-622
-609
-575
-552
-543
-523
-507
-471
-431
-408
-352
-277
-237
-215
-187
-132
-65
-7
28
41
69
97
130
171
221
270
266
260
306
372
452
488
491
487
488
525
578
616
612
592
569
554
570
573
566
562
527
509
497
489
522
519
507
520
494
467
441
427
431
405
383
362
332
310
312
330
328
308
284
258
238
220
204
187
164
148
104
58
45
24
-1
-21
-54
-93
-127
-145
-148
-159
-197
-232
-252
-283
-319
-323
-324
-362
-408
-448
-480
-498
-495
-484
-509
-533
-550
-569
-542
-524
-525
-529
-552
-560
-541
-527
-512
-517
-542
-533
-504
-446
-383
-342
-330
-320
-283
-247
-205
-163
-126
-95
-81
-51
-14
26
64
79
95
107
131
167
187
192
181
204
239
255
274
287
300
324
337
334
342
337
324
317
297
289
297
296
280
261
250
240
209
187
196
199
203
191
168
160
139
121
97
76
74
58
54
64
62
36
21
17
1
-2
4
-10
-28
-48
-77
-97
-109
-119
-130
-147
-146
-134
-129
-135
-169
-197
-218
-249
-266
-259
-268
-287
-295
-312
-328
-339
-354
-354
-354
-363
-353
-348
-335
-319
-328
-329
-289
-267
-280
-273
-268
-255
-244
-223
-208
-198
-176
-158
-114
-62
-21
-11
1
29
45
75
111
134
142
157
187
214
224
231
253
268
279
281
275
281
286
297
308
301
280
274
284
284
278
264
229
197
188
192
196
204
201
181
157
153
155
139
122
109
82
64
77
84
95
80
48
38
35
32
26
37
50
36
20
10
-4
-8
-13
-32
-55
-74
-76
-77
-80
-78
-65
-45
-30
-26
-31
-34
-26
-3
11
10
9
-4
-27
-33
-33
-30
-30
-45
-51
-60
-68
-57
-48
-36
-36
-41
-36
-25
4
56
61
41
43
44
48
52
73
88
81
89
91
91
112
130
140
156
176
179
180
197
211
218
210
196
185
178
185
188
182
173
161
156
146
132
118
101
90
81
58
38
-3
-34
-36
-50
-68
-97
-128
-155
-188
-191
-193
-222
-233
-245
-248
-238
-240
-234
-246
-259
-264
-266
-254
-257
-249
-246
-256
-234
-221
-220
-224
-247
-232
-214
-187
-160
-163
-172
-182
-166
-150
-149
-135
-135
-149
-151
-141
-126
-109
-98
-99
-99
-69
-46
-34
-19
-22
-15
-18
-11
25
33
53
77
89
112
124
140
149
156
173
175
185
196
223
247
237
232
230
234
254
249
246
248
232
233
239
242
238
219
220
226
236
248
242
246
235
220
220
216
223
214
195
196
172
148
128
99
71
38
15
-8
-18
-16
-34
-72
-117
-152
-164
-165
-182
-205
-227
-246
-269
-271
-277
-304
-312
-326
-336
-350
-364
-347
-340
-341
-330
-324
-314
-303
-301
-291
-277
-275
-268
-261
-238
-202
-200
-189
-157
-135
-131
-135
-123
-113
-100
-83
-59
-50
-59
-61
-41
-13
-11
-7
2
15
40
61
71
70
77
99
104
123
165
183
194
206
225
254
267
288
309
312
311
314
321
318
315
320
319
320
314
316
331
316
312
310
296
290
290
278
252
244
234
230
223
207
183
160
153
147
128
105
85
60
41
32
11
-13
-37
-58
-60
-69
-80
-101
-131
-134
-139
-148
-160
-183
-204
-209
-207
-212
-210
-211
-230
-234
-237
-260
-270
-257
-250
-255
-242
-233
-243
-229
-206
-194
-193
-194
-189
-185
-171
-147
-137
-128
-120
-118
-103
-94
-81
-69
-67
-59
-60
-57
-43
-24
-8
-3
0
10
17
25
45
65
81
91
108
126
131
132
134
125
119
126
132
145
152
157
168
169
150
140
153
163
178
183
190
192
159
151
154
142
130
105
95
87
86
81
61
54
39
29
15
-5
-10
-29
-32
-24
-50
-64
-73
-102
-101
-100
-104
-111
-122
-114
-123
-128
-128
-128
-115
-102
-94
-86
-89
-89
-71
-40
-42
-57
-46
-54
-55
-36
-28
-22
-29
-27
-19
-16
6
18
23
42
49
57
67
63
73
95
107
108
105
120
129
126
128
134
141
132
129
145
144
146
143
126
122
127
140
151
143
121
98
98
95
85
80
63
48
41
35
35
24
2
-11
-21
-30
-27
-36
-58
-71
-75
-79
-84
-97
-113
-122
-126
-126
-131
-147
-169
-201
-210
-227
-260
-269
-275
-289
-304
-308
-320
-335
-350
-363
-359
-353
-350
-356
-365
-362
-363
-364
-355
-357
-352
-341
-318
-288
-276
-263
-247
-233
-213
-204
-198
-187
-178
-133
-95
-90
-73
-69
-56
-25
0
26
31
35
65
101
121
148
177
179
187
213
241
259
267
283
302
306
315
327
331
333
331
323
328
342
331
304
303
312
308
303
307
308
296
297
311
305
295
284
270
268
267
250
248
244
215
197
182
166
161
147
128
117
104
81
64
59
53
43
21
1
-8
-23
-32
-45
-68
-93
-126
-135
-140
-161
-169
-182
-210
-230
-230
-231
-248
-254
-255
-260
-253
-250
-246
-238
-250
-255
-253
-261
-259
-258
-274
-277
-270
-261
-258
-252
-226
-213
-216
-202
-179
-162
-135
-100
-75
-61
-38
2
22
38
87
114
131
150
174
198
228
262
283
300
312
326
341
351
358
361
359
358
373
363
338
333
328
317
319
322
310
291
280
272
261
265
258
239
230
214
197
180
167
160
148
133
108
92
87
77
62
40
16
9
2
-25
-41
-53
-75
-97
-131
-150
-155
-182
-210
-227
-233
-239
-253
-259
-279
-308
-328
-339
-338
-335
-335
-348
-357
-356
-345
-325
-319
-309
-307
-311
-301
-290
-275
-258
-255
-250
-242
-246
-234
-213
-206
-193
-184
-170
-145
-123
-108
-116
-114
-113
-112
-92
-72
-52
-63
-65
-25
-5
-1
5
2
12
29
49
65
68
75
80
80
86
96
103
107
118
134
135
124
117
121
124
116
113
113
119
124
126
126
112
109
98
91
90
85
72
57
50
27
17
4
-17
-35
-58
-58
-55
-70
-73
-86
-98
-93
-96
-103
-109
-105
-105
-109
-103
-111
-121
-117
-119
-133
-132
-125
-134
-143
-131
-125
-129
-125
-114
-118
-118
-107
-107
-120
-119
-99
-80
-62
-53
-44
-40
-29
-3
15
27
29
28
46
62
79
93
95
100
114
129
159
178
187
205
215
225
234
234
240
246
255
266
276
287
294
301
306
314
326
319
324
343
338
342
334
324
324
312
302
279
267
266
248
238
225
207
191
174
155
135
124
106
83
53
19
11
-2
-32
-58
-92
-119
-132
-138
-161
-191
-208
-222
-228
-229
-217
-232
-258
-270
-271
-270
-293
-296
-305
-321
-324
-336
-341
-344
-352
-349
-360
-362
-355
-355
-352
-361
-365
-366
-363
-348
-338
-323
-318
-296
-269
-259
-236
-215
-193
-160
-145
-118
-83
-63
-34
-17
7
17
27
69
109
142
155
164
180
188
188
213
231
222
239
252
257
270
276
291
305
315
321
322
326
333
338
330
337
337
322
327
321
302
300
294
277
262
254
246
229
211
207
196
177
163
153
141
120
104
96
82
68
52
26
-8
-21
-16
-39
-56
-70
-101
-109
-119
-128
-136
-158
-174
-185
-194
-205
-225
-238
-238
-250
-256
-272
-292
-296
-299
-304
-320
-329
-330
-322
-319
-322
-311
-299
-285
-271
-255
-236
-226
-218
-198
-184
-178
-172
-168
-155
-127
-111
-97
-68
-42
-25
-3
14
17
30
45
53
58
76
98
113
132
139
150
156
174
198
209
236
257
264
273
278
296
313
315
319
322
314
324
343
345
336
332
334
324
327
325
306
299
287
270
252
232
208
182
177
167
140
129
107
75
65
52
44
37
10
-5
-26
-40
-45
-69
-88
-100
-103
-110
-143
-164
-180
-187
-190
-200
-201
-216
-226
-228
-234
-241
-263
-280
-292
-290
-290
-295
-287
-291
-296
-292
-291
-291
-295
-288
-284
-292
-275
-260
-252
-241
-229
-207
-197
-182
-153
-133
-112
-97
-89
-79
-68
-50
-29
-17
-3
14
22
46
66
76
96
120
142
154
167
182
184
179
195
220
224
231
235
223
230
238
237
239
240
226
208
207
205
188
182
168
137
122
111
88
76
85
73
47
42
26
12
4
-19
-31
-39
-56
-73
-81
-90
-106
-123
-139
-132
-131
-148
-143
-152
-156
-147
-152
-154
-161
-170
-179
-194
-199
-184
-185
-201
-203
-202
-193
-178
-156
-135
-120
-110
-110
-95
-77
-61
-52
-55
-48
-39
-23
-3
0
-1
11
31
53
59
65
76
75
87
117
139
146
158
169
168
177
180
191
201
202
216
208
214
244
241
250
272
267
266
288
306
311
317
325
319
307
312
317
308
308
297
275
260
250
242
222
201
171
137
125
114
97
78
55
37
17
-5
-14
-36
-68
-85
-106
-128
-139
-155
-178
-190
-198
-217
-243
-264
-268
-265
-284
-288
-295
-312
-306
-318
-324
-321
-335
-339
-327
-307
-306
-317
-315
-306
-306
-313
-300
-289
-294
-281
-264
-256
-239
-232
-230
-223
-220
-204
-181
-164
-155
-142
-128
-123
-120
-108
-86
-76
-70
-46
-20
-5
14
34
49
64
78
107
138
135
133
156
154
150
169
178
175
179
175
183
195
194
201
197
189
188
195
219
227
212
209
211
205
204
193
183
185
173
159
151
139
123
121
125
105
88
84
77
62
48
31
0
-28
-37
-22
-28
-50
-57
-76
-85
-98
-107
-107
-131
-147
-144
-146
-144
-148
-153
-163
-173
-173
-169
-163
-172
-180
-177
-163
-170
-176
-164
-170
-163
-155
-142
-136
-130
-106
-106
-108
-93
-75
-65
-50
-28
-9
-3
-6
5
25
33
46
39
31
53
61
76
95
100
103
109
140
154
155
168
169
169
162
174
196
180
178
193
194
202
198
198
202
204
200
198
212
212
213
219
213
206
213
218
200
191
181
171
164
153
138
125
100
76
69
57
47
39
25
17
0
-12
-14
-21
-31
-35
-44
-63
-80
-96
-104
-113
-127
-135
-146
-137
-142
-147
-139
-141
-141
-142
-135
-145
-155
-149
-147
-144
-146
-145
-144
-143
-147
-147
-136
-128
-114
-100
-97
-93
-80
-70
-69
-71
-62
-56
-57
-43
-18
-6
-6
-13
-5
15
20
25
31
41
59
57
74
82
76
83
91
107
107
115
128
125
124
138
138
123
125
126
122
108
108
111
97
91
87
84
78
69
71
58
58
74
53
34
34
17
1
0
-22
-40
-56
-66
-71
-84
-93
-113
-130
-123
-125
-145
-163
-174
-177
-185
-180
-184
-201
-201
-214
-215
-205
-208
-204
-209
-209
-207
-215
-209
-210
-207
-194
-195
-190
-170
-166
-162
-152
-145
-131
-115
-107
-96
-82
-77
-68
-57
-51
-40
-30
-8
1
13
40
54
56
63
78
88
101
102
103
109
113
117
121
122
125
139
138
141
162
166
173
186
195
208
212
217
224
223
233
240
227
230
242
243
247
259
259
249
260
255
256
263
242
239
227
218
223
208
206
195
170
175
173
154
138
129
106
87
86
79
67
44
27
12
2
-2
-26
-37
-54
-80
-87
-99
-120
-145
-161
-177
-198
-211
-226
-226
-235
-245
-263
-286
-281
-284
-281
-279
-290
-289
-286
-285
-283
-278
-271
-282
-279
-257
-249
-234
-219
-220
-211
-193
-189
-176
-166
-171
-150
-141
-134
-119
-120
-115
-114
-114
-91
-67
-49
-43
-41
-27
-20
-15
13
30
31
51
63
85
100
104
122
122
129
143
145
156
167
154
148
155
150
157
161
163
153
145
161
165
164
164
157
137
142
153
135
142
138
113
100
99
96
94
102
90
75
69
53
52
44
31
19
-10
-6
-7
-17
-20
-39
-60
-73
-74
-75
-67
-69
-84
-91
-96
-92
-88
-99
-104
-118
-124
-104
-104
-107
-114
-118
-119
-121
-106
-97
-98
-97
-92
-88
-83
-68
-65
-68
-65
-68
-48
-28
-25
-17
-8
-7
-11
13
31
31
34
46
50
44
51
61
60
65
74
72
85
102
105
107
107
112
121
133
141
141
142
157
154
152
168
169
166
165
165
165
164
170
163
155
152
142
136
146
154
149
130
127
117
112
124
106
98
88
70
62
43
42
32
2
-11
-18
-24
-33
-52
-65
-68
-78
-82
-91
-99
-112
-130
-125
-129
-129
-118
-132
-134
-130
-141
-121
-112
-133
-121
-116
-126
-100
-96
-91
-78
-94
-93
-74
-79
-70
-52
-57
-42
-38
-46
-41
-35
-24
-23
-21
-14
0
9
7
10
5
3
3
10
17
2
-8
-10
-15
-3
-6
-15
-14
-21
-24
-13
-8
-19
-23
-21
-28
-25
-16
-26
-37
-46
-44
-49
-56
-49
-58
-66
-52
-51
-65
-60
-63
-88
-76
-56
-56
-41
-31
-42
-57
-44
-28
-45
-42
-32
-45
-37
-24
-35
-50
-51
-52
-65
-61
-49
-57
-68
-67
-60
-77
-95
-98
-96
-96
-100
-90
-87
-91
-87
-82
-82
-85
-78
-68
-59
-56
-58
-47
-45
-51
-44
-41
-29
-31
-33
-27
-24
-8
1
-7
-8
-9
-7
13
31
37
47
60
67
77
89
96
102
106
119
120
128
135
124
136
145
148
161
161
162
161
160
165
170
174
179
181
182
186
181
174
180
181
178
179
177
178
170
169
177
170
169
165
153
153
156
148
138
135
126
120
112
103
92
76
61
53
47
41
32
13
-3
-9
-14
-26
-30
-29
-46
-58
-64
-70
-81
-101
-103
-112
-118
-110
-104
-89
-86
-103
-109
-108
-109
-111
-97
-86
-94
-98
-95
-86
-81
-79
-86
-80
-59
-66
-61
-47
-53
-47
-34
-19
-14
-3
6
5
19
24
22
21
27
35
40
45
27
29
37
25
18
11
15
14
-6
-4
6
5
7
4
7
-2
-7
-3
-1
-7
-18
-10
-11
-17
-19
-28
-37
-35
-42
-52
-53
-57
-61
-66
-73
-80
-79
-82
-87
-84
-80
-78
-88
-85
-86
-101
-99
-101
-102
-85
-80
-81
-79
-81
-83
-98
-98
-80
-93
-100
-92
-102
-94
-88
-94
-98
-110
-104
-96
-89
-85
-89
-78
-64
-57
-50
-40
-30
-20
-14
-12
-6
1
4
2
4
8
27
29
19
20
21
20
23
34
38
30
36
43
36
30
31
44
42
38
41
37
42
52
38
38
49
38
48
60
51
54
57
57
57
57
57
57
54
49
58
57
56
62
59
58
51
60
64
63
57
47
50
43
49
67
58
43
41
47
41
26
37
41
34
39
40
47
49
42
30
25
28
28
35
38
29
25
20
25
28
11
7
-5
-5
11
6
12
8
-1
4
6
14
15
15
20
21
19
20
37
29
25
33
21
26
29
24
32
37
27
19
23
21
24
32
31
28
25
18
27
25
19
24
10
17
31
16
24
24
9
16
18
24
34
29
31
32
26
35
43
44
41
30
33
38
33
28
28
31
29
25
23
25
21
13
14
17
11
1
-4
-11
-26
-42
-50
-58
-62
-61
-73
-89
-99
-112
-114
-109
-120
-126
-129
-137
-138
-136
-135
-139
-137
-137
-143
-139
-136
-134
-126
-131
-130
-123
-131
-124
-106
-109
-106
-106
-106
-94
-86
-85
-88
-70
-58
-59
-48
-32
-16
-14
-7
11
19
20
32
44
43
61
75
80
88
82
73
85
99
92
86
88
86
79
80
82
70
71
71
64
66
62
71
65
52
68
73
69
77
81
75
77
82
67
48
38
47
68
72
66
46
46
44
33
29
27
27
8
4
17
6
0
6
3
-5
-4
0
0
12
31
29
18
32
45
46
43
40
48
59
69
77
66
42
51
56
52
64
56
47
44
45
44
43
54
56
52
44
40
39
45
58
55
38
40
45
32
39
42
22
19
24
21
32
33
23
13
15
18
11
4
1
-14
-34
-23
-18
-39
-44
-59
-70
-72
-78
-80
-85
-83
-93
-95
-85
-84
-83
-99
-102
-91
-90
-83
-77
-67
-64
-68
-62
-46
-36
-31
-20
-8
5
11
8
20
34
24
27
27
8
8
8
1
-4
-30
-47
-58
-62
-58
-58
-77
-103
-94
-110
-126
-121
-139
-133
-128
-127
-130
-154
-153
-150
-148
-134
-135
-139
-146
-137
-123
-131
-134
-125
-118
-127
-121
-105
-103
-95
-87
-88
-89
-87
-80
-60
-41
-29
-13
-6
-5
-7
5
37
61
71
89
89
80
92
92
104
122
128
138
127
129
135
120
126
149
150
142
149
147
140
142
130
121
121
111
106
97
86
82
64
56
59
38
27
31
16
10
21
12
8
17
1
-11
-9
0
0
-14
-7
-13
-24
-19
-27
-30
-29
-31
-21
-19
-27
-25
-26
-29
-24
-29
-35
-34
-46
-53
-52
-56
-55
-49
-40
-34
-38
-30
-29
-33
-14
-1
9
22
24
21
26
53
58
50
43
37
41
49
59
61
57
48
42
48
53
53
44
29
23
11
8
24
9
-8
-17
-23
-13
-19
-15
-4
-12
-15
-6
-4
0
16
33
44
43
49
54
54
53
51
57
81
98
88
86
87
81
76
88
100
96
103
87
72
88
87
87
92
70
53
54
61
70
64
63
48
42
52
42
43
51
40
33
32
26
9
-18
-32
-40
-55
-58
-55
-80
-105
-127
-150
-138
-145
-157
-163
-182
-189
-206
-208
-188
-193
-203
-200
-200
-192
-173
-172
-171
-163
-160
-149
-136
-125
-94
-76
-83
-85
-85
-82
-57
-41
-37
-21
-6
4
9
14
24
31
28
40
60
59
64
56
44
53
58
72
70
58
57
50
60
65
49
44
40
39
42
45
41
32
32
28
20
13
11
11
6
7
8
-7
-13
-11
-13
-20
-23
-29
-47
-49
-51
-50
-46
-66
-85
-88
-90
-81
-76
-79
-87
-105
-101
-89
-86
-74
-71
-77
-69
-56
-41
-33
-40
-41
-32
-28
-16
-8
-13
2
25
37
25
29
49
45
64
71
58
64
65
84
102
105
108
101
106
128
147
155
154
141
130
139
160
165
157
150
130
133
137
124
120
108
99
114
110
90
79
62
63
73
59
55
50
44
46
33
32
40
38
41
45
37
33
34
27
38
43
48
53
37
32
42
49
46
45
45
43
39
39
45
48
49
46
37
43
44
20
26
34
30
36
34
19
-3
-13
-8
-4
5
6
0
2
-3
-17
-33
-38
-34
-29
-28
-43
-66
-74
-86
-78
-67
-76
-78
-104
-119
-116
-123
-120
-128
-139
-138
-137
-129
-130
-145
-153
-137
-124
-126
-127
-138
-133
-108
-94
-79
-70
-66
-60
-58
-54
-33
-3
16
15
-2
-1
6
5
19
37
37
30
28
24
30
33
44
48
44
48
44
44
42
44
56
54
60
57
47
51
54
66
84
78
79
74
53
61
82
93
91
81
67
51
47
56
68
63
54
50
29
8
2
1
6
13
21
13
-3
-16
-28
-19
-16
-22
-13
-24
-37
-35
-30
-13
-15
-40
-41
-20
-9
-13
-11
-14
-19
-6
-1
-16
-17
-8
2
4
-1
-8
-19
-16
-6
-2
4
2
-4
-10
-8
-7
-1
8
7
4
6
16
21
14
21
28
30
23
7
4
7
21
19
-2
-12
-30
-37
-31
-38
-43
-62
-84
-86
-96
-101
-98
-105
-115
-124
-123
-122
-125
-122
-122
-116
-104
-102
-100
-108
-114
-97
-91
-91
-84
-72
-75
-78
-79
-77
-64
-64
-69
-75
-83
-72
-49
-42
-47
-55
-59
-57
-53
-28
-17
-21
-24
-25
-16
-4
15
21
16
24
33
44
54
55
40
43
71
88
86
64
53
56
50
66
82
80
67
58
52
52
69
68
52
42
36
33
33
42
37
20
11
15
21
20
9
9
16
22
28
23
33
45
45
48
51
51
50
59
64
73
84
80
78
69
78
94
93
103
95
86
82
80
83
76
61
47
35
31
30
38
41
29
24
11
8
30
22
25
43
40
28
2
-21
-18
5
10
1
-24
-45
-53
-59
-49
-61
-84
-87
-86
-82
-92
-107
-121
-139
-131
-115
-119
-125
-143
-155
-139
-118
-98
-99
-118
-111
-85
-57
-39
-44
-62
-63
-37
-19
5
4
-8
-8
-5
16
18
7
15
13
28
56
59
59
54
52
64
88
102
86
72
79
99
103
109
101
81
89
105
118
126
110
87
77
83
101
105
90
69
53
57
60
46
27
9
18
22
16
5
-23
-37
-36
-33
-18
-25
-51
-60
-76
-83
-65
-65
-80
-84
-92
-88
-81
-74
-60
-61
-51
-48
-52
-34
-33
-22
-2
4
13
9
-5
0
19
34
46
50
38
21
25
37
46
51
36
24
17
9
10
15
23
23
16
8
-1
0
4
22
30
33
30
10
10
18
25
36
31
16
-4
-24
-24
-18
-20
-31
-40
-47
-59
-74
-94
-100
-100
-105
-99
-109
-127
-133
-133
-131
-125
-119
-114
-120
-124
-108
-91
-75
-65
-64
-63
-64
-54
-44
-36
-23
-18
-18
-14
-19
-19
-9
1
14
26
32
27
21
16
23
40
37
45
47
45
52
46
45
40
42
48
41
41
45
53
58
51
35
40
48
48
64
71
58
51
46
55
71
59
58
64
65
70
72
73
70
74
61
63
78
69
74
76
76
75
51
44
51
51
56
53
46
43
44
66
66
48
45
37
47
64
59
54
38
24
33
42
57
47
23
21
27
34
43
42
29
23
20
29
41
43
37
18
10
25
30
31
25
9
14
15
19
20
9
-4
7
24
21
9
-5
1
-6
-14
-16
-22
-22
-35
-36
-38
-43
-53
-70
-67
-56
-53
-48
-49
-66
-86
-87
-76
-71
-74
-88
-106
-118
-120
-119
-119
-110
-113
-114
-111
-118
-119
-133
-136
-129
-131
-130
-152
-162
-150
-146
-140
-128
-122
-129
-137
-116
-91
-83
-67
-65
-64
-61
-56
-40
-27
-13
-9
-8
-3
4
2
12
33
47
56
53
48
42
47
65
81
82
71
58
51
65
64
65
70
58
51
42
53
60
55
63
62
63
63
58
58
51
56
64
61
54
47
44
57
61
60
64
60
58
62
67
69
72
65
49
48
44
42
39
35
34
25
17
7
10
9
-1
2
8
10
6
-5
-9
-7
-6
-8
-9
-4
-16
-22
-18
-7
11
0
-1
15
16
21
29
29
18
23
17
13
23
14
13
0
-18
-18
-18
-6
-12
-30
-19
-13
-12
-24
-43
-48
-43
-30
-44
-52
-48
-55
-40
-36
-39
-29
-34
-34
-17
0
11
13
-1
4
13
13
24
19
14
15
14
16
8
-13
-15
-1
-4
-9
-10
-26
-32
-22
-18
-23
-18
-17
-19
-19
-23
-26
-18
-7
-7
-14
-13
-10
-3
1
3
10
9
18
26
29
28
15
19
2
-11
-6
-8
-15
-28
-23
-25
-33
-25
-32
-42
-29
-18
-24
-22
-31
-34
-28
-24
-13
-21
-22
-12
-8
4
31
42
46
50
54
67
66
69
73
70
87
86
72
60
54
66
68
64
47
21
26
39
32
21
14
2
-9
-9
-13
-20
-25
-43
-49
-49
-40
-21
-27
-34
-41
-45
-36
-20
-5
-25
-25
-8
-15
6
9
-7
-4
-23
-25
-14
-5
4
-12
-30
-27
-27
-31
-29
-36
-36
-26
-21
-20
-24
-20
-18
-23
-19
-10
-8
-1
0
-9
-3
18
26
24
21
20
35
42
46
49
32
30
34
22
20
19
17
16
11
10
11
11
9
16
17
12
7
-7
-12
-14
1
17
15
16
12
17
25
28
38
54
66
73
77
73
70
81
89
85
81
74
66
65
67
61
69
84
75
57
45
40
52
56
50
44
39
31
20
13
1
3
10
-1
-8
-14
-21
-21
-24
-29
-35
-50
-47
-46
-51
-44
-52
-56
-57
-68
-84
-90
-90
-92
-81
-82
-95
-102
-110
-119
-115
-108
-97
-92
-93
-84
-73
-68
-69
-65
-66
-61
-47
-55
-67
-61
-50
-44
-43
-35
-30
-31
-8
-3
-11
-4
-12
-12
-12
-11
-11
-24
-28
-25
-17
-14
-11
-15
-20
-6
-5
-7
-8
-8
-12
-15
-16
-29
-25
-31
-29
-11
-25
-29
-23
-24
-13
-5
-1
6
-13
-19
-14
-19
-22
-35
-40
-38
-43
-49
-36
-37
-38
-23
-25
-21
-23
-31
-24
-9
0
2
-7
-16
-9
-5
-1
8
13
10
12
16
7
11
18
19
28
32
27
28
27
28
32
27
26
17
10
12
15
24
20
16
21
15
16
26
28
29
36
42
46
54
64
61
41
38
45
38
43
41
32
38
33
34
46
41
30
31
27
21
23
24
15
17
21
19
23
19
16
11
18
36
48
54
39
42
50
58
74
76
81
77
69
66
69
80
80
71
68
65
58
54
52
52
37
39
42
29
19
1
-5
-1
2
-6
-20
-21
-7
2
-2
-1
1
-2
0
7
12
15
14
8
12
17
11
4
5
4
20
29
23
15
-1
3
2
3
11
5
-6
-8
-6
-10
-19
-16
-1
-5
-11
-4
-5
-16
-17
-13
1
14
15
4
-2
8
15
23
34
30
23
21
17
18
15
10
4
-2
2
-13
-22
-17
-20
-20
-31
-39
-34
-36
-41
-41
-49
-59
-43
-43
-52
-61
-61
-47
-49
-47
-45
-61
-63
-58
-54
-48
-48
-54
-63
-69
-61
-49
-53
-55
-60
-68
-68
-68
-76
-90
-85
-81
-76
-68
-78
-83
-82
-73
-68
-57
-55
-54
-51
-55
-41
-47
-56
-53
-56
-37
-18
-14
-11
-24
-39
-30
-17
4
7
-2
4
1
-4
-5
5
4
6
6
3
18
23
16
9
22
27
23
23
28
36
22
16
19
8
10
5
3
14
7
6
0
-4
18
11
5
17
14
16
20
17
23
17
12
22
14
15
21
14
10
14
10
17
20
9
22
35
35
36
23
23
32
42
48
59
79
77
67
66
64
63
71
70
68
75
70
77
81
83
82
83
85
76
74
76
80
75
64
65
64
47
48
65
61
62
67
64
68
71
72
71
66
62
57
62
67
67
71
68
63
69
74
70
75
78
72
75
61
46
38
22
19
24
17
6
10
17
11
13
26
34
42
38
33
36
36
26
11
4
5
6
2
0
-15
-14
-9
-18
-10
-18
-21
-18
-39
-41
-50
-74
-79
-80
-86
-98
-108
-116
-134
-139
-120
-113
-117
-125
-131
-133
-126
-118
-116
-112
-108
-96
-84
-90
-88
-86
-81
-59
-57
-64
-74
-74
-68
-64
-52
-54
-53
-41
-36
-37
-42
-29
-10
-5
2
3
-8
-10
-5
3
10
16
20
15
13
23
27
32
45
61
63
57
53
41
34
43
53
68
72
56
36
37
50
47
39
54
46
22
20
15
7
-11
-15
-28
-42
-38
-38
-42
-47
-36
-36
-50
-60
-59
-51
-52
-56
-65
-87
-98
-99
-103
-96
-89
-71
-50
-36
-24
-22
-7
27
57
68
63
56
49
47
51
54
46
29
13
6
16
17
12
25
19
13
28
19
6
4
9
20
36
39
16
4
4
7
21
22
15
11
6
-3
-8
0
-3
-7
0
-8
-2
7
-9
-10
1
5
4
0
-14
-30
-40
-48
-45
-59
-81
-79
-80
-81
-89
-92
-83
-76
-67
-65
-63
-57
-39
-8
9
23
36
31
36
57
59
54
46
42
46
46
44
37
42
54
58
63
71
80
85
109
134
153
160
139
134
127
114
109
92
79
52
32
36
25
15
17
17
29
45
49
65
74
75
83
86
77
63
55
44
37
29
12
-14
-38
-47
-55
-76
-76
-58
-66
-78
-85
-85
-91
-95
-84
-71
-56
-48
-61
-74
-56
-43
-38
-29
-46
-46
-32
-33
-13
-2
-8
-7
-18
-16
5
11
4
14
33
44
44
25
16
7
1
5
-4
-24
-44
-57
-56
-40
-29
-23
-13
-11
-2
10
23
38
42
45
52
59
53
32
7
-5
-8
-23
-37
-58
-70
-73
-82
-77
-76
-85
-85
-85
-84
-75
-66
-51
-28
-11
-14
-29
-41
-50
-53
-48
-50
-42
-28
-17
-10
-10
-16
-24
-13
-5
1
9
-6
-21
-22
-17
-15
-23
-47
-59
-50
-37
-16
-8
-5
5
8
15
27
30
45
63
69
83
92
92
94
87
93
105
108
122
119
103
99
84
69
64
55
44
52
43
38
54
48
29
23
27
35
53
61
49
48
49
32
11
-1
-15
-19
-29
-37
-45
-61
-58
-57
-54
-67
-85
-75
-66
-51
-39
-44
-43
-32
-28
-33
-35
-35
-28
-29
-35
-19
-8
-5
8
24
44
59
57
56
61
64
73
80
76
74
68
59
49
42
39
26
22
14
10
8
7
27
38
26
14
9
12
8
-15
-18
-11
-13
-7
-15
-25
-33
-44
-41
-38
-40
-46
-49
-49
-52
-60
-80
-110
-135
-147
-148
-142
-131
-134
-132
-121
-110
-110
-120
-111
-94
-75
-51
-43
-42
-47
-44
-33
-25
-18
-12
6
26
34
50
68
67
67
78
88
91
95
91
87
92
93
88
68
59
70
88
100
97
93
85
98
106
94
85
78
78
85
86
77
65
43
25
22
12
3
-5
-23
-34
-27
-32
-54
-69
-74
-84
-88
-85
-99
-114
-121
-128
-132
-128
-120
-116
-104
-93
-80
-63
-38
-22
-17
3
37
75
92
96
107
111
122
134
143
142
139
157
173
191
206
204
207
214
223
224
211
195
181
189
182
146
127
112
104
101
96
80
68
80
69
58
38
-2
-19
-47
-54
-62
-102
-122
-132
-140
-161
-191
-199
-208
-210
-196
-195
-192
-189
-204
-212
-214
-215
-205
-198
-191
-187
-189
-171
-161
-154
-138
-107
-60
-31
-22
-18
-10
10
16
18
32
38
47
57
65
59
59
73
62
59
65
65
63
56
67
79
72
68
66
63
59
58
49
48
59
53
41
8
-19
-27
-29
-22
-41
-60
-66
-69
-43
-44
-56
-52
-43
-28
-22
-33
-72
-83
-73
-69
-42
-56
-81
-84
-82
-64
-47
-36
-30
-6
34
63
72
56
46
48
57
75
83
72
55
56
61
68
46
12
12
34
55
56
51
60
55
45
41
29
26
25
29
57
59
51
42
11
2
-13
-21
-6
-18
-43
-73
-74
-66
-84
-87
-87
-85
-73
-67
-57
-59
-61
-48
-30
-18
-33
-59
-70
-82
-81
-61
-50
-44
-31
-16
12
35
61
74
80
97
102
98
90
95
106
112
101
83
76
46
35
49
47
53
56
57
62
48
44
38
13
13
7
4
22
19
18
27
35
33
13
-2
-16
-27
-7
-5
-8
-18
-55
-71
-86
-90
-82
-87
-78
-59
-50
-50
-56
-55
-58
-69
-64
-59
-67
-67
-64
-45
-31
-34
-24
-21
0
21
30
62
84
98
119
123
117
108
111
123
128
125
116
101
70
35
23
28
39
55
43
16
-1
-18
-34
-35
-36
-38
-5
28
24
9
0
-6
0
5
-1
-6
-20
-29
-7
8
0
-4
-2
16
45
74
69
76
92
88
98
71
37
8
-12
1
-8
-33
-63
-90
-87
-65
-39
-23
-18
0
20
23
25
20
7
5
-4
-10
-17
-40
-53
-62
-74
-76
-82
-94
-89
-73
-65
-54
-49
-55
-58
-68
-88
-91
-80
-66
-49
-45
-68
-82
-78
-81
-70
-72
-75
-59
-48
-32
-29
-44
-48
-34
-10
-3
-17
-15
1
25
50
37
0
-28
-25
-9
14
24
-7
-25
-7
21
30
17
22
49
104
138
142
117
60
51
66
67
69
33
6
12
20
22
2
-36
-59
-48
-23
-12
-25
-48
-50
-28
-14
-39
-73
-83
-68
-25
1
-13
-29
-39
-36
3
34
28
14
14
48
82
83
50
19
28
56
88
93
86
61
17
15
47
65
46
14
6
42
71
52
44
41
62
122
176
189
151
120
132
179
205
164
115
88
90
115
117
83
44
12
7
45
51
-2
-51
-53
-18
-16
-43
-93
-126
-112
-97
-59
-77
-140
-157
-139
-82
-38
-37
-66
-67
-36
-22
-18
-48
-80
-95
-53
15
3
-36
-59
-79
-69
-58
-56
-72
-87
-60
-35
-12
-26
-92
-142
-137
-77
-53
-78
-69
-41
-12
6
-5
-39
-83
-52
7
33
44
10
-27
-36
-18
-1
-11
-15
-35
-52
-14
-12
-83
-146
-135
-101
-115
-116
-97
-105
-101
-90
-62
-62
-111
-114
-95
-61
-49
-66
-51
-21
-7
-34
-47
-59
-71
-36
4
34
11
-28
-17
-16
-4
44
49
37
51
0
-28
-16
-73
-93
-55
-29
29
31
7
44
59
77
94
74
93
116
118
134
154
181
122
115
156
127
127
88
99
137
113
82
43
30
-15
-18
11
19
46
16
-20
12
38
31
0
1
35
32
14
-36
-33
14
-26
-75
-82
-99
-115
-135
-107
-56
-57
18
71
61
59
-12
-28
-4
30
70
53
61
26
-17
3
-18
-13
-11
21
111
107
63
57
57
55
104
130
139
171
138
107
108
117
88
-3
-39
-4
0
12
20
-23
-78
-126
-96
-55
-45
-34
-69
-28
68
41
-11
-11
-38
-1
38
8
-34
-60
-7
-31
-73
-52
-55
-51
-13
36
50
42
10
-32
-29
32
36
-14
10
34
15
16
-23
-99
-109
-56
-72
-76
-14
-40
36
-64
1
-6
-620
-380
270
363
137
45
143
220
784
728
-23
-96
202
406
-9
-434
-162
-569
-892
-224
212
359
361
462
444
167
460
629
524
730
312
-57
58
-162
-389
-916
-645
67
-419
-559
-285
-664
-823
65
969
625
61
252
496
228
155
637
299
-429
-406
-306
-285
-359
-219
107
17
-132
-161
-195
-178
-181
-56
318
237
-21
-122
-238
26
5
2
235
129
131
182
261
195
-18
-10
7
77
-57
-328
-335
-322
-394
-468
-440
-328
-313
-285
-17
113
2
-42
-36
-17
-19
124
223
50
-15
132
204
84
1
136
259
150
-59
-115
-90
-132
-160
-199
-258
-292
-376
-430
-397
-278
-114
-140
-256
-202
-50
23
-13
51
76
-41
-83
-127
-135
-97
-47
46
56
17
38
36
-31
-21
73
164
182
137
169
204
139
108
133
156
187
215
248
227
252
318
298
330
372
373
330
203
198
236
143
135
140
116
169
192
217
241
235
225
192
201
301
316
174
77
85
51
70
100
51
114
32
-84
-49
-87
-121
-272
-231
-21
-82
-85
-34
-132
-250
-248
-247
-352
-328
-219
-259
-308
-304
-388
-348
-305
-376
-308
-337
-431
-395
-359
-338
-287
-255
-369
-412
-287
-295
-376
-349
-227
-145
-129
-105
-74
-44
-74
-59
-16
-28
33
79
70
116
206
129
-13
27
61
26
-22
-18
12
-28
-38
57
93
24
52
129
127
117
204
271
246
274
338
345
262
182
100
28
35
115
147
115
93
50
65
101
102
112
96
79
111
100
62
35
-38
-96
-68
-27
-81
-105
-85
-70
-34
20
5
-84
-49
18
32
59
97
127
85
40
33
9
-6
18
34
15
40
79
25
50
109
103
54
38
97
78
76
89
104
125
107
100
113
147
133
117
85
38
31
38
35
65
149
91
61
142
133
122
141
139
149
170
179
196
155
82
66
26
-9
8
-10
-84
-155
-128
-96
-90
-59
-20
6
43
141
131
52
10
-83
-124
-108
-117
-113
-154
-214
-204
-108
-48
-84
-53
-61
-126
-63
-69
-115
-96
-121
-106
-110
-130
-111
-120
-116
-156
-210
-259
-238
-127
-116
-94
-17
23
-8
-35
47
66
3
-16
-15
-11
48
122
114
73
109
143
122
99
54
1
-5
-22
-78
-45
17
18
13
-39
-75
-61
-83
-104
-30
41
-6
-19
7
-19
7
68
162
227
215
222
227
193
93
35
61
15
1
33
20
80
111
27
-22
-63
-91
-126
-185
-203
-160
-54
-19
34
104
32
13
32
-19
-92
-123
-46
-69
-102
-14
-21
-2
19
-37
-49
-61
-91
-125
-131
-95
-70
-86
-135
-129
-74
-70
-66
-2
29
4
6
-11
-105
-143
-82
-35
-13
-23
-5
64
62
36
18
-24
-27
-56
-74
-33
-32
11
33
-39
-70
-73
-88
-123
-150
-160
-171
-152
-131
-119
-110
-90
-52
-54
-76
-96
-119
-115
-52
30
58
39
18
-4
28
77
24
-6
16
-6
8
45
75
46
-11
-17
-23
58
158
131
102
61
-9
-34
-41
-31
15
81
182
259
309
319
222
177
115
0
27
70
101
166
206
238
235
202
156
82
94
100
70
70
31
45
66
85
108
84
59
9
6
51
100
136
69
16
66
107
124
103
82
84
103
125
96
83
37
-4
48
83
121
130
93
133
185
176
142
60
-25
-104
-135
-103
-121
-125
-91
-87
-37
0
-33
-73
-120
-90
-18
6
65
106
94
90
36
0
8
-26
-48
-55
-65
-72
-86
-79
-63
-36
6
16
-4
15
50
3
-62
-83
-119
-122
-120
-140
-114
-109
-124
-122
-111
-84
-84
-94
-138
-181
-129
-93
-74
-19
34
62
46
66
40
-65
-103
-115
-130
-122
-107
-93
-94
-95
-60
-31
-28
-50
-85
-68
-49
-24
18
-8
-30
-63
-99
-89
-64
-51
-75
-63
-43
-26
-65
-134
-100
-67
-21
47
69
90
108
77
36
-17
-88
-88
-56
-50
-74
-97
-90
-95
-94
-67
-63
-79
-75
-31
42
129
137
125
141
120
94
44
-5
-36
-17
46
47
60
114
73
28
50
24
5
10
4
38
91
155
158
94
44
27
52
33
32
91
110
128
124
73
24
-7
-8
-6
7
16
11
33
45
32
-1
-96
-177
-183
-179
-148
-88
-47
-22
4
-22
-84
-100
-151
-200
-150
-138
-118
-20
26
29
21
-23
-59
-70
-60
-34
-2
18
27
28
6
-30
-44
-70
-92
-73
-85
-96
-59
-16
-18
-41
-39
-54
-90
-95
-83
-67
-24
19
43
67
31
17
80
110
141
199
212
196
219
210
152
125
96
33
21
40
11
15
45
56
73
80
59
39
18
-9
-12
14
57
93
135
122
36
-19
-21
-32
-35
12
66
75
76
53
5
0
-42
-48
0
-9
12
8
-39
-47
-31
-27
-72
-71
-46
-21
23
40
57
62
52
3
-45
-76
-92
-57
-34
13
79
93
84
83
34
-10
-25
-54
-11
61
99
96
65
44
13
16
8
-13
-9
-21
-2
50
73
54
41
36
10
-20
-84
-114
-86
-55
2
36
28
4
-24
-28
-17
12
40
43
48
60
58
35
13
7
-18
-26
-6
-4
-22
-30
-17
17
36
16
-18
-45
-54
-30
20
48
96
122
86
79
49
37
38
-1
13
39
64
84
45
-9
-31
-31
-59
-68
-35
-18
-15
-3
3
14
22
9
-7
-14
-19
-18
-11
-42
-72
-98
-155
-150
-129
-130
-139
-137
-94
-57
-24
-10
-3
-4
-33
-6
19
20
30
11
-22
-45
-45
-90
-138
-128
-148
-160
-129
-115
-89
-64
-63
-42
-16
-32
-77
-62
-60
-75
0
35
36
82
109
114
115
100
72
62
87
78
80
138
124
91
92
32
-17
5
7
-20
-2
-2
-44
-66
-90
-91
-62
-7
13
4
30
35
57
79
56
63
108
117
114
126
83
38
15
-14
-23
-22
-27
-63
-72
-21
6
10
7
-21
-37
-62
-111
-110
-96
-102
-70
-19
-6
-36
-60
-78
-56
20
68
73
82
73
25
-24
-62
-82
-79
-67
-27
33
79
99
77
54
49
18
-12
-49
-79
-86
-105
-100
-87
-90
-78
-68
-62
-49
-68
-85
-55
-31
5
53
59
61
92
114
129
159
161
130
109
110
92
65
22
-61
-84
-93
-118
-97
-100
-91
-52
-25
12
63
100
93
106
147
152
136
118
83
57
47
18
-7
0
8
-13
4
59
61
67
77
53
39
39
40
27
23
31
52
70
31
-12
-50
-108
-126
-142
-163
-157
-164
-135
-85
-56
-18
-23
-25
17
45
70
89
80
74
79
88
71
13
-25
-62
-99
-69
-29
8
49
63
51
22
-11
-20
-8
-25
-26
-13
-22
-37
-62
-66
-64
-68
-34
1
24
54
86
115
124
132
138
136
121
94
80
69
66
39
1
-20
-67
-103
-137
-166
-175
-197
-168
-79
-7
7
1
24
43
49
53
71
80
73
86
94
83
27
-3
-14
-30
-21
-44
-60
-48
-37
-36
-42
-42
-29
-29
-49
-25
-11
-44
-62
-84
-102
-114
-146
-174
-167
-154
-155
-117
-58
-38
-9
4
-44
-65
-74
-75
-40
-6
16
15
30
35
32
23
2
-11
-38
-59
-92
-104
-85
-79
-50
-38
-64
-83
-83
-85
-74
-55
-49
-54
-40
-13
15
17
-15
-12
25
68
113
119
111
112
94
79
77
53
-11
-46
-47
-54
-54
-81
-106
-68
-19
11
37
26
6
17
62
105
117
113
64
60
114
108
87
76
66
70
88
74
35
7
-37
-50
-28
-25
-51
-53
-20
-8
9
6
-38
-57
-52
-51
-38
-25
-51
-92
-106
-80
-56
-67
-62
-51
-18
11
-1
-1
17
7
-13
-5
-3
15
31
35
48
55
75
87
95
