0
0
-1
0
0
0
0
-1
0
0
0
0
0
0
0
0
0
0
0
0
0
0
-1
0
0
0
0
0
0
0
0
0
1
0
-1
0
0
0
0
0
0
0
0
0
0
0
0
0
0
0
0
0
0
0
-1
0
0
0
0
0
0
0
0
0
0
0
0
0
1
0
0
0
0
0
0
0
1
0
0
0
1
1
0
0
0
-1
1
1
0
0
0
0
0
0
0
1
0
0
0
1
0
0
0
0
0
-1
0
0
0
0
0
0
0
0
0
0
-1
-1
-1
0
0
0
0
-1
0
0
0
0
0
0
0
0
0
1
0
1
0
0
0
0
0
0
1
-1
0
1
-1
0
0
0
0
0
0
0
-1
0
0
0
-1
0
-1
0
0
0
0
0
-1
0
0
0
0
0
0
-1
0
0
0
0
0
0
0
0
-1
-1
0
0
0
0
0
1
0
0
0
0
0
-1
0
0
0
0
0
0
0
0
0
1
0
1
0
0
1
-1
1
0
0
0
-1
-1
0
0
0
-1
0
-1
0
0
0
-1
0
0
0
0
1
0
0
0
0
0
0
1
0
1
0
0
0
0
0
0
1
0
0
0
1
1
0
0
0
0
0
0
0
0
-1
1
0
0
0
0
0
0
0
1
0
0
-1
0
0
0
-1
-1
0
0
1
0
-1
0
-1
0
0
0
0
-1
-1
0
0
-1
1
0
1
0
0
0
0
0
0
1
-1
-1
0
0
0
0
-1
0
0
1
-1
-1
0
0
0
0
-1
-1
0
-1
0
-1
-1
-1
-1
-1
-1
-1
-1
-1
-2
-2
-1
-2
-2
-2
-1
-1
-1
-1
-2
-2
0
-1
-1
-2
-1
-1
-2
-2
-2
-2
-1
-1
-1
-2
-1
-1
-1
-2
-1
-2
-1
-1
-1
-2
-1
-1
-2
-2
-1
-1
0
-1
-2
-1
-1
-1
-1
0
0
0
0
-1
-1
0
0
0
1
0
1
0
0
1
-1
-1
-1
0
0
-1
-1
0
1
0
0
1
1
1
0
0
1
1
0
-1
-1
0
-1
0
0
0
-1
0
0
-2
0
0
0
0
-1
-1
0
1
-2
-1
-2
-1
-1
-1
-2
-2
-1
-1
-2
-3
-2
-1
-3
-2
-4
-2
-2
-2
-2
-2
-1
-3
-2
-2
-3
-3
-2
-2
-2
-1
0
-3
-1
-2
-2
0
-1
-4
-3
-2
-3
-3
-1
-3
-2
0
-1
-4
-3
-2
-3
-3
-1
-2
-2
-1
-1
-3
-2
-3
-3
0
0
-2
-1
0
-2
-3
0
0
-1
0
0
0
0
0
-3
-2
0
-2
-2
1
0
1
2
1
1
0
0
0
-1
1
0
1
3
3
1
4
5
2
13
0
22
-4
-55
-28
-63
-61
-28
-1
12
-15
7
-3
-25
-32
-51
-32
-14
-8
-12
-20
-25
-49
-43
-24
-17
-3
-28
-35
5
-20
-33
-28
-41
-23
-17
-33
-40
-23
-6
-19
-36
-15
-5
-12
-28
-18
16
0
1
16
12
6
21
37
25
54
37
32
80
54
57
95
84
54
39
50
57
82
87
72
93
88
81
70
62
55
36
54
66
55
56
56
56
47
47
41
24
17
4
1
-22
-31
-13
-8
0
-12
-2
-7
-30
-28
-33
-25
-26
-3
20
-4
30
19
-25
-5
-15
0
-3
-34
-20
-24
-37
-23
-6
-31
-32
6
-6
-8
14
8
2
16
15
-1
-1
18
25
1
-14
-10
-12
-8
2
29
22
1
25
34
7
13
59
46
26
28
21
28
26
30
38
50
44
45
53
29
39
35
11
16
13
6
-7
-9
-1
-7
-8
2
12
12
10
27
37
30
11
4
9
-9
1
4
0
3
-15
-11
-10
-9
2
10
24
23
10
1
20
34
40
46
43
50
30
25
20
-6
15
23
29
43
31
41
34
23
26
22
31
21
26
62
36
36
36
17
45
40
33
27
28
18
-2
21
3
-26
-34
-30
-27
-41
-59
-65
-60
-54
-54
-64
-53
-51
-68
-63
-61
-72
-86
-116
-131
-123
-127
-129
-107
-116
-125
-117
-118
-104
-114
-122
-112
-126
-113
-90
-101
-85
-60
-64
-68
-78
-77
-72
-80
-78
-88
-91
-80
-70
-77
-83
-55
-50
-61
-51
-46
-40
-36
-25
-9
-9
-11
-6
-1
-4
-4
-11
-17
-33
-41
-25
-29
-22
-21
-25
-25
-51
-41
-18
-14
-6
-14
-13
-22
-37
-22
-25
-43
-35
-20
-36
-50
-47
-56
-49
-54
-38
-13
-18
-7
-21
-23
1
-5
-12
-6
4
-11
-8
10
-1
-4
2
25
26
9
12
9
9
8
26
30
32
49
24
32
34
26
47
32
39
42
29
28
12
16
17
10
13
10
2
-2
-2
-6
-6
7
9
1
8
8
-4
-18
-7
-12
-37
-22
-26
-24
-22
-24
10
-10
-39
-43
-32
-17
-22
-13
-9
-14
2
13
9
11
6
13
26
35
47
28
32
47
49
71
76
92
85
58
80
70
49
64
61
67
85
78
79
74
87
117
113
111
112
113
105
91
95
91
82
87
85
59
53
62
52
66
67
70
77
60
65
71
64
68
71
69
73
72
80
88
72
59
61
58
56
71
73
68
68
52
40
52
45
40
68
67
84
87
75
101
90
86
81
86
100
79
74
71
80
90
76
70
76
86
98
96
95
100
96
98
112
104
85
76
66
70
53
37
37
23
23
7
4
18
5
-11
-14
-11
-27
-24
-28
-44
-35
-50
-60
-75
-90
-86
-98
-112
-128
-133
-128
-132
-140
-155
-154
-141
-146
-134
-128
-134
-125
-119
-108
-108
-121
-110
-120
-123
-114
-119
-113
-128
-124
-110
-122
-124
-116
-110
-117
-100
-98
-105
-85
-89
-84
-73
-79
-80
-90
-81
-83
-97
-93
-88
-80
-80
-81
-77
-83
-76
-71
-89
-82
-68
-72
-80
-79
-71
-95
-100
-73
-93
-116
-102
-118
-118
-88
-92
-104
-106
-102
-78
-81
-89
-82
-84
-68
-58
-40
-35
-31
-11
-26
-33
-27
-13
-12
-14
3
5
8
18
29
42
56
67
68
78
95
101
118
110
82
97
104
94
81
69
68
62
58
57
62
57
52
67
52
54
70
51
42
47
49
49
43
55
54
30
39
36
17
18
14
14
6
12
13
6
18
15
9
10
5
5
16
17
22
41
32
24
32
36
41
43
35
32
44
44
46
56
45
43
41
39
48
39
35
48
49
54
56
39
51
53
48
62
56
52
57
42
49
65
41
49
59
41
44
32
22
21
25
34
27
30
33
16
11
15
22
10
10
26
19
34
39
18
7
3
5
-6
-18
-16
-8
-9
-17
-7
-7
1
1
2
-2
-7
14
23
35
38
38
45
43
44
43
44
42
39
25
31
43
35
46
49
46
46
46
40
27
29
33
23
21
33
30
35
28
15
18
12
22
28
15
12
14
15
12
8
13
11
-5
4
4
-10
-7
-6
-3
2
-1
-9
-19
-10
4
15
20
6
-1
-3
3
7
-11
-9
18
6
-3
12
3
13
21
9
18
14
2
15
14
22
34
11
28
37
18
26
30
43
42
43
58
34
31
33
19
17
8
12
-1
-1
20
2
-3
1
-9
-2
4
11
10
-4
-8
-5
-15
-19
-17
-23
-19
-25
-32
-28
-25
-18
-37
-51
-22
-23
-41
-36
-32
-33
-39
-32
-18
-28
-31
-21
-31
-25
-17
-33
-32
-34
-24
-21
-38
-28
-37
-45
-26
-27
-31
-38
-42
-43
-54
-42
-24
-40
-42
-45
-44
-50
-71
-48
-51
-63
-54
-58
-69
-73
-65
-68
-79
-91
-81
-82
-97
-99
-106
-106
-104
-93
-90
-99
-90
-87
-89
-75
-81
-93
-81
-88
-85
-75
-84
-88
-93
-101
-104
-106
-88
-85
-92
-82
-84
-83
-69
-64
-59
-56
-61
-54
-44
-34
-30
-38
-45
-46
-42
-41
-33
-28
-41
-41
-35
-43
-33
-35
-47
-39
-48
-43
-36
-41
-30
-13
-9
-15
-5
1
-3
4
1
-11
-11
9
7
-9
-13
-18
-18
-27
-29
-17
-34
-38
-15
-14
3
5
-8
1
-4
10
4
-16
9
8
-17
-10
-11
-16
-24
-35
-35
-44
-50
-54
-54
-47
-36
-14
-10
-13
18
23
16
33
32
39
50
40
45
46
41
39
33
28
23
30
37
41
44
39
60
73
83
84
85
95
94
104
103
120
123
99
110
109
115
123
105
117
129
124
131
135
143
148
141
150
158
153
147
146
160
156
140
146
142
146
144
134
140
131
132
138
136
139
136
138
135
137
132
126
125
129
145
146
144
146
151
149
146
150
143
143
148
143
137
146
143
136
127
112
105
98
98
104
101
95
81
61
61
73
72
61
48
43
38
23
19
0
-20
-21
-25
-25
-33
-30
-24
-39
-47
-54
-60
-61
-66
-69
-84
-100
-98
-102
-108
-113
-117
-127
-135
-128
-133
-143
-150
-148
-146
-155
-160
-165
-163
-164
-153
-144
-152
-150
-144
-156
-142
-112
-110
-115
-117
-112
-111
-118
-107
-111
-113
-115
-122
-114
-123
-128
-133
-142
-130
-120
-116
-96
-88
-96
-93
-100
-103
-102
-104
-106
-103
-95
-93
-84
-91
-89
-80
-89
-80
-69
-76
-67
-53
-60
-55
-51
-53
-64
-73
-61
-72
-82
-79
-86
-103
-116
-97
-99
-99
-86
-91
-82
-78
-80
-65
-50
-52
-46
-35
-36
-28
-31
-41
-37
-29
-31
-31
-29
-23
-19
-18
-15
-4
-4
-15
-14
-9
-8
-8
-10
-3
-4
-13
-2
11
1
1
14
15
26
40
41
46
44
48
43
33
55
63
54
52
57
64
62
64
59
47
53
48
52
52
44
44
24
17
22
16
20
20
21
31
40
45
50
54
66
80
79
84
85
85
91
85
96
103
94
102
103
90
107
97
83
93
78
65
66
78
88
87
89
87
73
83
89
85
92
100
119
111
99
112
110
109
106
112
121
104
104
122
115
115
118
117
109
92
100
97
89
82
65
57
58
61
53
48
49
40
31
25
29
26
25
27
22
24
29
35
32
27
34
35
36
41
42
42
35
27
35
34
20
21
13
19
18
-2
2
-11
-17
-13
-18
-14
-15
-14
0
-6
-11
12
17
0
4
11
-8
-3
-2
-9
2
-11
-19
-21
-35
-36
-36
-55
-64
-65
-61
-61
-64
-72
-78
-65
-75
-79
-73
-84
-82
-85
-87
-85
-93
-87
-81
-87
-85
-79
-72
-72
-71
-54
-56
-56
-38
-41
-33
-26
-35
-20
-6
-12
-15
2
3
2
5
2
-3
-19
-23
-13
-12
-11
1
3
2
11
13
27
39
40
49
52
49
51
62
63
66
61
59
56
33
39
53
44
43
44
40
37
34
37
40
31
36
48
46
41
39
49
42
35
34
31
28
24
29
26
23
29
30
37
35
36
36
25
25
24
16
11
5
4
5
-12
-32
-44
-44
-51
-60
-60
-71
-86
-96
-98
-98
-101
-101
-93
-86
-79
-85
-96
-79
-85
-94
-83
-91
-97
-93
-81
-85
-90
-78
-91
-96
-93
-98
-95
-109
-112
-100
-115
-130
-124
-117
-128
-133
-120
-115
-109
-98
-86
-81
-79
-65
-59
-56
-51
-61
-69
-63
-59
-61
-57
-58
-65
-71
-61
-52
-49
-61
-68
-66
-70
-82
-81
-75
-90
-88
-92
-101
-102
-102
-83
-74
-77
-71
-60
-53
-43
-41
-36
-36
-37
-31
-21
-15
-10
4
0
2
10
-1
-3
9
15
12
32
25
8
14
14
24
19
21
36
26
37
49
53
64
71
84
78
78
83
78
80
82
87
85
80
78
84
90
85
92
88
82
88
77
70
83
74
61
64
56
45
42
42
35
31
36
50
56
55
56
54
54
49
49
56
59
62
68
86
86
76
87
77
69
81
79
76
77
72
84
85
79
88
86
82
84
89
91
95
107
109
111
109
117
124
128
140
135
124
143
151
141
149
148
140
140
145
141
119
109
104
87
88
91
84
85
75
61
61
53
46
54
55
47
40
38
25
26
27
20
21
-1
1
17
8
8
10
10
9
-2
-2
-2
-16
-13
-14
-21
-27
-32
-25
-16
-8
2
4
-6
-11
-12
-4
-5
-13
-2
2
7
7
20
27
17
26
25
23
20
8
18
27
17
15
19
-8
-19
-21
-32
-34
-33
-29
-48
-63
-63
-74
-73
-68
-78
-97
-103
-107
-116
-113
-108
-118
-127
-118
-115
-119
-119
-127
-131
-143
-148
-146
-154
-153
-160
-168
-183
-189
-188
-186
-172
-172
-168
-163
-165
-159
-164
-166
-152
-155
-157
-143
-142
-142
-136
-131
-124
-117
-117
-116
-107
-97
-89
-97
-95
-83
-98
-106
-112
-115
-116
-125
-126
-115
-109
-116
-128
-124
-118
-118
-110
-116
-118
-112
-109
-99
-96
-94
-98
-97
-95
-95
-81
-72
-66
-51
-48
-61
-71
-67
-63
-62
-57
-48
-48
-48
-49
-52
-40
-30
-25
-19
-10
0
1
15
24
25
37
36
43
53
57
74
73
85
110
124
131
124
134
151
150
158
155
147
139
131
144
150
148
154
151
152
158
154
156
158
157
158
155
153
164
183
173
157
160
165
164
165
180
180
176
171
162
156
156
153
135
132
139
129
113
109
110
106
98
96
97
96
94
86
80
75
72
62
64
72
71
77
65
72
84
60
63
72
76
85
76
80
82
73
62
58
64
52
52
49
42
50
41
39
42
46
43
28
25
23
28
35
23
25
36
25
22
27
33
32
23
15
19
15
-4
-8
-23
-34
-31
-39
-53
-61
-61
-70
-81
-81
-89
-96
-100
-112
-111
-111
-125
-128
-123
-120
-130
-127
-122
-122
-116
-118
-116
-111
-108
-109
-97
-82
-81
-75
-75
-77
-65
-69
-64
-48
-52
-57
-49
-47
-48
-44
-43
-42
-46
-38
-30
-38
-30
-25
-28
-22
-11
-13
-17
-5
-5
-2
13
3
0
1
-11
5
18
8
0
0
4
-7
-7
1
4
9
-4
-15
-15
-26
-28
-29
-30
-24
-31
-33
-31
-22
-23
-37
-31
-23
-23
-29
-32
-25
-23
-19
-15
-16
-15
-13
-16
-4
14
26
24
26
32
31
24
12
8
5
-6
-24
-31
-28
-31
-34
-29
-30
-33
-27
-17
-9
7
12
-1
-8
2
11
7
12
22
11
12
11
-2
8
9
7
16
6
-5
-3
-14
-25
-29
-40
-44
-43
-49
-62
-61
-57
-75
-71
-58
-62
-62
-51
-34
-41
-47
-43
-50
-44
-46
-49
-41
-35
-33
-21
-4
-1
4
8
20
26
29
38
27
20
31
31
33
30
31
24
11
28
35
34
43
42
42
52
60
65
81
80
77
87
81
77
85
82
78
82
81
66
69
63
43
40
31
20
9
7
5
-5
-1
-4
-11
-3
-6
-3
9
9
11
13
23
18
22
31
14
20
21
18
26
25
15
17
23
13
16
16
14
21
21
20
26
34
48
58
56
53
51
53
49
46
49
42
38
40
48
41
41
51
51
54
53
69
72
67
81
69
69
67
61
64
59
58
41
38
43
28
30
25
22
31
25
21
21
10
9
12
12
13
7
3
-1
-5
4
10
6
16
20
14
8
10
14
-3
0
5
4
7
-4
-3
12
20
12
15
38
48
53
58
48
45
39
22
24
24
10
9
8
11
14
-2
-6
8
22
22
25
29
25
28
16
14
25
22
13
10
11
2
-18
-19
-5
-16
-20
-21
-33
-33
-29
-33
-40
-36
-31
-40
-42
-41
-40
-32
-33
-26
-24
-22
-10
-15
-17
-18
-23
-18
-12
-13
-21
-24
-16
-15
-21
-18
-18
-13
-15
-17
-12
-24
-23
-14
-25
-16
-13
-19
-21
-31
-43
-48
-41
-44
-43
-35
-42
-50
-58
-58
-58
-61
-60
-51
-62
-67
-63
-72
-63
-64
-79
-86
-80
-90
-99
-93
-95
-92
-96
-88
-78
-71
-66
-68
-70
-72
-69
-72
-80
-77
-73
-77
-81
-74
-69
-78
-78
-64
-63
-68
-59
-61
-51
-38
-45
-41
-33
-28
-30
-31
-32
-24
-12
-16
-9
1
4
11
17
21
26
34
31
34
40
33
23
22
19
12
14
20
24
25
28
31
29
27
27
29
30
27
24
20
16
15
11
9
12
8
12
24
25
23
29
37
41
44
41
25
26
30
22
21
22
17
19
23
23
23
27
35
42
48
54
56
50
43
39
40
40
44
45
46
48
41
43
46
40
43
43
33
39
45
33
35
38
36
34
33
31
41
47
31
40
41
40
45
29
26
29
31
28
24
29
30
27
34
53
57
54
69
70
66
69
67
73
82
73
62
74
76
72
79
76
82
91
91
90
92
94
87
71
71
68
56
54
46
34
34
38
33
27
23
18
25
22
11
11
2
-9
-7
-12
-28
-25
-16
-24
-15
-2
-12
-3
2
7
20
11
4
-7
-28
-45
-51
-58
-74
-67
-70
-76
-75
-76
-65
-60
-66
-67
-61
-57
-77
-83
-69
-75
-74
-73
-79
-78
-75
-71
-72
-67
-57
-38
-35
-34
-29
-43
-42
-52
-62
-62
-77
-75
-75
-88
-89
-91
-89
-72
-64
-65
-59
-59
-62
-64
-66
-58
-63
-70
-61
-64
-73
-69
-71
-75
-68
-57
-48
-43
-44
-48
-49
-55
-51
-52
-62
-57
-62
-66
-64
-65
-74
-70
-53
-51
-50
-40
-37
-29
-21
-11
-4
4
16
9
7
14
17
20
16
27
35
24
30
23
18
21
12
16
9
2
6
-1
-2
-7
-19
-16
-11
-24
-22
-8
-15
-10
4
2
3
7
10
16
18
19
10
9
15
24
34
27
25
30
27
33
35
38
45
53
53
55
64
59
62
74
87
90
77
79
81
86
93
88
84
98
104
105
108
101
97
93
92
93
89
94
101
106
104
113
119
115
116
110
105
104
101
103
105
99
91
88
89
85
84
85
74
70
72
67
62
60
51
48
37
34
33
18
22
15
24
35
19
19
15
8
3
-1
-12
-21
-21
-28
-34
-45
-61
-66
-66
-70
-73
-81
-96
-92
-80
-83
-89
-88
-93
-84
-78
-78
-66
-58
-51
-42
-36
-30
-25
-17
-11
-3
-4
-17
-17
-25
-20
-13
-20
-26
-32
-21
-22
-30
-30
-32
-33
-49
-47
-39
-48
-50
-47
-45
-33
-34
-35
-21
-16
-6
-4
2
18
20
22
27
22
18
14
11
0
3
-2
-8
-13
-11
-2
-7
-1
-6
-2
-2
-19
-18
-31
-36
-27
-25
-18
-24
-26
-6
-2
-4
4
-3
-1
9
5
19
25
19
19
16
17
10
8
10
9
11
12
7
12
8
-1
5
-1
-16
-21
-29
-31
-30
-37
-31
-15
-11
-9
-3
-1
7
1
-9
-9
-12
-20
-39
-41
-36
-52
-47
-51
-52
-31
-32
-22
-8
-13
-7
-3
10
18
17
14
-7
-12
-10
-16
-21
-29
-26
-26
-16
-10
-15
1
10
11
20
22
15
18
25
13
18
13
10
26
25
32
36
36
43
47
54
49
50
57
44
35
37
25
15
18
6
2
7
-6
-9
-5
-7
-9
-12
-9
-2
-5
2
5
-3
6
-5
-10
-3
-9
-5
-15
-16
-3
-5
-5
-9
-5
-7
-19
-16
-23
-32
-30
-42
-45
-40
-49
-53
-47
-46
-52
-48
-35
-16
-12
-9
8
13
14
10
7
9
6
-1
-4
-4
4
4
9
27
32
33
30
32
36
19
10
8
-8
-16
-14
-13
-18
-23
-22
-17
-10
-5
3
2
0
-1
-11
-4
-4
-20
-32
-50
-52
-59
-69
-65
-70
-66
-59
-57
-58
-45
-33
-45
-45
-51
-64
-64
-60
-61
-71
-68
-77
-78
-74
-76
-62
-53
-37
-27
-35
-30
-31
-41
-41
-38
-32
-34
-43
-52
-51
-33
-29
-20
-2
1
6
16
19
40
53
55
70
67
66
73
66
73
86
89
100
109
102
100
102
98
91
87
84
77
72
65
61
69
70
68
65
77
92
92
93
101
103
98
107
105
101
109
101
98
93
83
83
72
74
73
61
60
54
50
43
43
36
28
34
30
18
12
11
12
12
15
19
22
27
45
49
41
44
45
43
42
42
48
36
23
22
14
10
-1
0
-4
-15
-14
-20
-14
-6
-3
2
-5
-15
-12
-12
-26
-30
-34
-33
-29
-34
-32
-28
-36
-43
-35
-34
-33
-26
-37
-32
-27
-35
-40
-45
-46
-45
-40
-37
-43
-39
-40
-41
-29
-32
-21
-22
-35
-29
-25
-29
-31
-34
-40
-46
-54
-54
-50
-46
-37
-31
-26
-20
-21
-20
-14
-5
-7
-16
-14
-17
-15
-16
-23
-28
-35
-32
-35
-38
-30
-29
-29
-21
-9
-3
-6
-14
-20
-10
-17
-41
-40
-45
-53
-54
-47
-40
-44
-47
-49
-40
-38
-45
-38
-29
-37
-36
-35
-38
-36
-41
-34
-23
-16
-5
7
13
16
21
22
22
14
2
-1
-14
-28
-36
-45
-57
-53
-55
-72
-67
-60
-49
-34
-38
-29
-19
-17
-23
-23
-11
-16
-19
-18
-13
-12
-12
13
24
30
42
42
42
40
34
30
24
21
12
-12
-20
-27
-49
-50
-48
-58
-54
-42
-33
-25
-5
2
5
26
40
44
50
55
57
55
59
66
67
63
70
79
75
73
81
83
84
87
80
66
63
52
35
42
38
28
31
32
36
40
52
61
68
81
87
88
94
99
84
77
76
67
63
50
52
50
44
51
44
46
60
57
53
60
54
38
29
21
19
6
-5
-8
-23
-23
-22
-30
-27
-29
-29
-25
-14
-19
-29
-25
-16
-15
-11
-11
-18
-18
-13
-12
-13
-15
-19
-12
-2
0
-2
-1
3
0
-12
-18
-16
-23
-26
-27
-35
-45
-38
-34
-40
-27
-32
-37
-34
-49
-47
-43
-47
-50
-60
-55
-57
-72
-70
-69
-75
-68
-50
-42
-34
-26
-12
-3
-1
8
-2
-27
-37
-48
-61
-69
-83
-98
-100
-98
-107
-103
-96
-95
-93
-93
-73
-56
-54
-46
-39
-29
-24
-21
-23
-28
-23
-15
-1
8
16
29
38
51
60
57
62
63
55
47
36
28
14
-2
-13
-12
1
-12
-24
-9
-1
3
4
8
10
8
14
6
-4
-2
-9
-10
-7
-13
-23
-17
-4
1
-3
2
21
14
-3
-3
3
-5
-24
-33
-27
-31
-43
-43
-39
-30
-22
-18
-4
-2
8
34
36
41
47
35
39
36
27
32
36
46
66
60
55
79
80
76
95
84
78
94
85
82
91
81
83
75
59
64
60
57
62
63
70
81
84
77
66
54
38
18
6
-1
-13
-16
-19
-18
-10
-9
-8
-7
-7
-9
-13
-14
-13
-22
-29
-33
-43
-49
-57
-67
-63
-60
-65
-69
-67
-56
-52
-55
-57
-63
-53
-43
-52
-52
-59
-61
-47
-43
-41
-38
-41
-33
-19
-11
-3
-8
-7
2
-1
-1
0
0
-6
-6
6
8
2
-3
5
9
2
4
0
-10
-15
-19
-27
-27
-27
-37
-42
-47
-51
-54
-62
-54
-48
-50
-42
-34
-29
-26
-25
-20
-16
-27
-34
-24
-15
-15
-16
-18
-16
-12
0
9
9
9
6
0
5
13
4
-4
-2
4
6
6
5
8
14
14
22
32
30
43
40
45
71
73
69
66
57
55
50
51
64
57
59
79
86
90
97
92
91
88
84
85
82
81
80
79
83
76
69
72
63
55
50
47
38
30
37
33
31
33
30
27
19
9
4
3
0
13
15
10
21
14
19
28
15
24
23
18
16
11
19
21
19
24
28
23
27
35
27
29
26
28
38
35
33
26
15
16
14
3
2
9
4
-8
-6
-2
-11
-9
-3
-5
-5
-4
-13
-15
-10
-16
-13
-16
-22
-21
-25
-17
-16
-20
-9
-14
-13
-11
-15
-22
-34
-34
-49
-63
-54
-57
-70
-67
-61
-67
-71
-73
-75
-79
-63
-57
-69
-66
-72
-71
-68
-73
-74
-82
-74
-74
-72
-57
-54
-47
-33
-29
-20
-19
-19
-14
-25
-20
-19
-31
-22
-24
-28
-29
-27
-17
-23
-21
-19
-30
-24
-16
-21
-24
-19
-28
-44
-48
-54
-52
-60
-61
-54
-67
-60
-54
-68
-60
-60
-63
-68
-79
-71
-76
-84
-66
-68
-69
-46
-54
-62
-57
-63
-61
-62
-65
-64
-70
-75
-78
-84
-81
-80
-73
-65
-64
-57
-47
-38
-31
-27
-22
-16
-11
-9
-3
-13
-20
-10
-12
-17
-15
0
10
6
17
21
20
26
31
33
32
38
36
28
31
32
36
34
36
46
40
37
46
45
44
47
48
51
50
41
36
44
44
44
48
52
64
67
57
61
71
67
65
71
70
61
61
55
48
43
41
40
30
24
29
33
27
32
44
52
52
49
47
43
45
45
44
45
47
50
58
58
55
73
71
66
79
75
71
67
58
60
64
67
68
61
63
67
63
67
75
71
72
72
67
71
70
58
50
48
45
43
49
33
22
25
26
27
16
12
18
13
16
18
24
26
21
28
25
20
24
17
11
8
4
0
0
0
-12
-20
-23
-28
-32
-36
-49
-49
-47
-55
-63
-60
-50
-57
-55
-48
-46
-49
-54
-44
-48
-48
-34
-36
-25
-12
-28
-24
-20
-30
-31
-23
-20
-35
-33
-20
-21
-21
-22
-28
-24
-11
-12
-18
-26
-25
-28
-31
-21
-22
-21
-19
-24
-21
-9
-13
-19
-17
-19
-26
-29
-30
-35
-35
-27
-22
-21
-25
-22
-23
-23
-20
-17
-7
-8
-4
1
-4
-7
-15
-14
-14
-31
-33
-27
-19
-20
-25
-14
-15
-13
-2
-4
7
9
9
13
10
18
13
17
24
9
7
4
5
8
15
19
11
5
0
-1
-2
3
8
-1
3
8
-8
-18
-11
-8
-11
-12
-11
-15
-15
-11
-2
4
-5
-10
-7
-1
2
1
-5
-10
-8
-3
0
4
3
6
-3
-13
-19
-18
-12
-29
-32
-27
-33
-27
-25
-28
-13
-8
-15
1
14
18
19
17
29
28
17
17
11
1
-2
-6
-2
4
8
7
-1
11
20
20
14
6
6
4
3
10
13
-3
-19
-24
-27
-26
-15
-10
-14
-12
-3
5
4
4
8
5
7
2
-8
-7
-8
-10
-6
-14
-8
-1
-8
0
-3
-4
-5
-16
-16
-22
-33
-37
-48
-64
-65
-70
-72
-66
-68
-56
-44
-43
-28
-19
-20
-18
-10
-10
-12
-8
-11
-14
-20
-13
-12
-28
-29
-32
-29
-25
-36
-37
-33
-40
-43
-36
-42
-49
-57
-57
-60
-62
-48
-45
-42
-32
-26
-34
-33
-23
-23
-18
-14
-16
-19
-18
-14
-7
-2
-5
-1
3
0
5
13
16
23
29
24
19
22
12
8
0
-10
-7
-10
-10
-16
-9
2
-5
2
16
21
26
46
57
43
48
55
51
52
42
51
61
60
67
68
75
83
82
80
81
85
83
84
81
76
80
75
60
63
70
58
56
58
58
62
76
80
84
101
97
92
90
81
75
64
60
58
50
51
49
54
60
62
73
70
65
72
60
56
62
48
35
19
15
12
0
9
4
2
14
13
19
28
31
32
38
36
25
21
16
11
6
2
-5
-13
-19
-15
-14
-6
6
2
6
11
8
5
-4
-16
-26
-28
-37
-46
-48
-48
-46
-43
-36
-22
-16
-23
-23
-12
-17
-28
-32
-39
-42
-44
-56
-63
-64
-69
-77
-75
-72
-77
-71
-59
-53
-57
-57
-61
-66
-71
-75
-86
-105
-104
-103
-96
-84
-76
-70
-65
-57
-61
-50
-42
-56
-53
-50
-54
-49
-53
-58
-65
-68
-62
-61
-61
-59
-56
-49
-48
-49
-44
-54
-59
-53
-53
-60
-70
-58
-50
-46
-43
-39
-30
-22
-22
-28
-23
-19
-23
-20
-24
-23
-18
-26
-31
-39
-41
-35
-29
-17
-8
-3
8
19
21
30
27
22
24
20
19
14
11
3
6
11
-2
10
19
23
33
34
41
50
51
64
69
63
68
59
55
51
41
38
32
36
28
27
39
39
37
39
58
63
57
63
62
68
62
59
61
64
66
55
44
43
49
54
56
58
51
49
63
73
71
69
75
65
62
75
60
54
60
47
40
42
46
44
47
57
52
61
74
73
72
78
76
62
61
62
53
45
46
42
43
46
40
38
46
55
63
67
63
69
68
58
57
44
41
44
40
40
35
22
12
20
24
13
9
10
5
8
15
16
12
8
7
-2
-2
-3
-16
-17
-10
-7
-12
-10
-10
-19
-30
-33
-37
-47
-44
-41
-53
-45
-37
-35
-28
-25
-19
-25
-35
-34
-45
-58
-58
-63
-71
-81
-87
-88
-86
-85
-82
-77
-79
-77
-65
-63
-63
-56
-52
-50
-46
-51
-56
-62
-72
-75
-87
-89
-75
-89
-97
-82
-81
-68
-70
-72
-63
-74
-66
-69
-84
-73
-79
-86
-84
-86
-92
-98
-94
-78
-77
-78
-68
-73
-67
-62
-63
-62
-64
-61
-58
-61
-56
-56
-52
-44
-47
-40
-26
-27
-22
-6
1
-5
-10
5
0
-13
-6
-11
-20
-19
-16
-16
-14
-7
-1
3
10
6
-3
-3
-5
-4
7
13
11
7
4
5
7
8
11
11
14
21
25
36
34
32
37
38
34
18
15
18
15
9
3
3
14
15
18
24
27
31
27
26
30
38
40
35
29
26
23
22
21
23
32
27
29
41
54
62
69
78
77
73
70
69
61
66
74
55
56
62
54
56
49
60
66
52
61
60
61
60
49
54
47
41
34
24
23
19
20
24
26
30
32
48
58
51
51
44
44
40
35
26
18
29
36
29
30
31
31
41
47
43
35
32
29
21
24
20
7
6
2
-6
-7
-5
-11
-6
4
5
1
-1
6
1
-4
-3
-8
-9
-10
-6
-7
-17
-13
0
-2
5
12
10
13
23
19
10
2
-8
-10
-20
-34
-39
-35
-30
-36
-37
-26
-28
-28
-19
-18
-16
-12
-13
-15
-15
-30
-38
-39
-46
-55
-61
-59
-55
-50
-49
-33
-22
-12
2
-2
0
-1
-9
-9
-16
-27
-28
-32
-40
-29
-33
-36
-28
-25
-19
-23
-25
-17
-19
-25
-9
-18
-50
-50
-43
-41
-41
-40
-41
-34
-31
-33
-29
-19
-18
-14
-7
-6
-2
-3
3
2
-2
5
4
9
11
11
9
6
14
18
13
7
16
23
14
7
8
3
-4
2
-6
-11
13
11
-1
2
4
7
12
10
15
11
1
1
-1
3
4
-6
-2
2
4
5
9
22
19
25
33
28
18
11
16
11
8
12
13
13
15
19
15
21
29
23
25
28
17
4
-4
1
-5
-12
-10
-5
-8
-5
5
4
16
27
23
23
29
40
38
22
12
9
6
6
4
3
8
11
10
11
9
-1
2
14
10
-8
-18
-27
-31
-37
-51
-50
-45
-50
-52
-45
-33
-20
-28
-28
-18
-16
-18
-19
-24
-35
-39
-38
-36
-35
-38
-41
-44
-42
-38
-42
-30
-16
-17
-6
2
-2
7
5
-1
-10
-19
-16
-18
-20
-18
-15
-15
-24
-18
-8
-10
-8
-10
-6
3
8
8
8
13
19
18
15
23
20
10
18
16
19
20
19
26
12
10
23
17
13
25
25
18
25
30
32
34
35
35
28
19
17
16
19
17
22
26
27
29
28
33
38
38
36
44
43
43
52
40
39
40
35
31
24
32
35
30
40
36
23
34
40
35
35
33
34
31
36
42
28
20
23
25
26
23
16
13
20
19
15
16
22
23
19
14
12
12
4
3
7
8
6
4
-2
0
2
3
7
7
2
4
15
16
9
6
6
6
5
-3
-11
-9
-10
-2
6
3
6
9
16
24
24
29
30
25
25
18
7
13
15
9
10
11
6
-3
-9
-6
-5
-10
0
-3
-8
5
2
0
1
-2
-4
-1
-9
-15
-16
-25
-33
-37
-39
-39
-44
-55
-42
-37
-41
-38
-42
-28
-28
-47
-41
-41
-59
-57
-55
-55
-55
-62
-60
-63
-67
-60
-63
-58
-49
-49
-38
-40
-43
-34
-29
-30
-31
-30
-44
-47
-35
-33
-27
-21
-22
-23
-19
-9
-11
-20
-20
-20
-24
-24
-24
-42
-48
-35
-44
-47
-44
-44
-45
-48
-41
-40
-49
-48
-41
-47
-56
-53
-54
-54
-48
-39
-44
-49
-52
-54
-51
-56
-54
-59
-56
-49
-57
-49
-46
-44
-32
-25
-19
-17
-11
-11
-13
-8
-5
-3
2
1
-1
-4
4
8
16
25
29
39
39
40
42
43
45
48
42
25
20
31
32
25
33
45
44
59
65
65
72
73
73
72
75
82
73
68
68
56
49
35
31
26
21
26
21
29
36
28
34
38
40
38
31
29
27
24
23
22
22
14
9
8
7
2
3
11
13
25
36
35
40
41
33
39
45
40
36
34
29
36
38
24
23
24
18
12
8
4
0
5
-1
-2
-4
1
6
-5
-8
-13
-11
-11
-19
-22
-25
-28
-27
-28
-20
-18
-18
-5
-5
4
0
-8
-3
-11
-7
-21
-25
-20
-30
-21
-20
-17
-11
-16
-16
-15
-16
-23
-9
-14
-30
-27
-42
-54
-41
-39
-37
-35
-32
-17
-18
-16
-8
0
3
5
6
-4
1
12
10
0
0
4
10
14
17
24
24
20
26
31
30
23
10
6
4
7
14
2
-4
0
-4
-1
11
3
-6
-2
1
8
10
-2
4
12
6
12
4
7
10
5
16
7
10
17
12
11
6
7
1
-6
-5
-1
2
6
11
19
16
13
25
27
24
14
12
5
3
-3
-12
-1
-2
-4
-5
-5
4
9
17
22
25
29
35
27
11
16
13
6
11
8
12
27
25
32
39
40
46
51
49
50
48
45
53
46
34
36
30
32
34
28
34
48
54
50
53
66
75
75
72
73
68
62
65
60
54
56
57
60
64
68
74
68
61
71
65
63
63
53
56
50
56
63
44
39
39
25
30
29
15
20
27
26
13
3
2
-6
-6
-5
-8
-5
-5
-15
-25
-30
-31
-32
-38
-43
-47
-57
-53
-55
-66
-61
-65
-57
-57
-58
-50
-52
-48
-54
-59
-65
-67
-72
-82
-73
-80
-88
-85
-81
-89
-87
-72
-81
-79
-68
-65
-61
-66
-57
-62
-82
-77
-72
-75
-68
-73
-69
-66
-59
-51
-60
-46
-47
-38
-33
-35
-21
-35
-37
-27
-24
-23
-16
-9
-14
-9
-7
-11
-11
-18
-19
-14
-12
-20
-28
-17
-15
-16
-19
-13
-2
-6
-10
-3
-1
1
0
-6
-6
-5
-10
-7
-8
-21
-15
-3
-3
7
10
18
26
26
42
48
41
43
45
38
39
43
41
45
41
39
36
32
33
29
31
39
39
29
22
26
25
29
29
14
15
18
14
20
16
22
35
36
28
28
36
30
27
19
16
25
13
20
27
18
25
31
27
27
28
35
39
26
17
22
18
10
14
6
-3
-1
-8
-5
-4
-3
-6
-12
-2
3
2
5
7
6
4
12
11
10
19
15
17
25
21
23
33
28
21
26
18
21
31
15
19
26
25
20
19
18
5
1
-8
-16
-19
-24
-24
-35
-36
-34
-36
-37
-49
-50
-36
-31
-31
-33
-30
-31
-35
-31
-38
-36
-42
-40
-30
-29
-15
-14
-15
-3
-8
-12
-8
-4
-6
-10
-12
-18
-20
-35
-43
-36
-42
-51
-49
-35
-35
-32
-20
-20
-18
-24
-10
-8
-21
-9
-16
-22
-18
-32
-31
-28
-35
-30
-37
-46
-40
-40
-37
-28
-30
-31
-23
-20
-26
-30
-29
-24
-34
-43
-46
-48
-51
-64
-67
-70
-71
-75
-81
-74
-72
-69
-50
-48
-52
-41
-33
-38
-43
-40
-37
-37
-41
-47
-47
-39
-43
-49
-43
-38
-33
-20
-15
-9
8
13
18
13
6
9
16
20
4
-4
4
3
-5
1
-1
6
16
12
15
11
19
28
30
46
55
54
59
68
64
61
73
78
74
65
64
67
53
54
57
51
66
82
85
86
88
103
107
107
115
117
111
109
102
97
98
94
83
79
87
84
79
80
81
91
104
100
103
113
111
113
116
108
103
103
99
92
94
93
93
100
102
102
99
100
105
109
113
114
104
100
101
95
83
74
69
69
59
43
43
43
44
38
27
24
13
5
5
4
-5
-11
-13
-9
-19
-33
-33
-33
-39
-48
-53
-62
-66
-64
-68
-69
-65
-66
-68
-66
-63
-60
-62
-65
-61
-56
-57
-61
-61
-66
-68
-70
-68
-66
-68
-66
-65
-61
-57
-65
-69
-67
-73
-77
-81
-100
-101
-99
-107
-110
-114
-109
-104
-97
-82
-80
-72
-64
-68
-66
-72
-62
-53
-63
-66
-74
-78
-80
-77
-72
-77
-77
-71
-66
-62
-57
-58
-58
-61
-66
-75
-80
-77
-79
-85
-79
-72
-80
-78
-71
-63
-60
-64
-62
-53
-49
-46
-40
-40
-33
-41
-34
-18
-19
-10
-4
3
9
18
21
26
25
14
6
-1
4
0
6
17
9
9
15
14
15
19
12
11
8
9
9
6
4
-3
-4
-18
-23
-17
-19
-17
-18
-19
-21
-17
-16
-11
-9
-12
-6
-3
-3
13
20
22
21
14
21
22
24
21
18
20
16
18
18
15
14
19
20
19
23
22
17
15
23
22
18
24
26
24
25
18
25
31
23
31
36
34
38
30
20
15
20
12
3
11
8
7
11
15
25
23
23
18
6
12
7
-2
6
-4
-20
-21
-20
-27
-26
-18
-14
-10
-13
-4
15
20
20
17
13
6
3
9
10
1
1
7
5
0
2
1
6
15
16
22
28
28
39
47
50
42
38
37
36
44
37
28
15
7
16
9
-4
-9
-4
-4
4
13
9
8
11
17
14
9
16
18
25
18
7
2
-7
-7
-9
-12
-12
-16
-7
-7
-12
-3
-2
-7
-6
-10
-6
-7
-13
-8
-6
-2
-6
-13
-7
3
-3
6
7
-5
3
-1
-3
-3
-7
3
5
7
10
11
15
14
18
20
15
20
24
11
4
2
-8
-13
-11
-12
-13
-18
-14
-10
-15
-10
-8
-7
-2
-5
-2
1
-5
-3
-2
-6
-10
-17
-23
-18
-12
-18
-22
-25
-30
-27
-34
-32
-26
-23
-15
-11
-5
9
11
9
16
17
23
32
26
30
33
23
10
8
12
15
20
19
29
25
26
41
44
48
46
41
28
22
27
18
18
16
12
12
12
12
4
7
9
9
8
7
8
10
8
2
8
14
11
7
6
2
0
0
-7
-11
-14
-17
-11
-4
-5
-12
-11
-5
-2
0
-1
-1
10
8
11
18
7
4
-3
-4
6
-4
-7
-2
-5
-2
-3
-2
3
5
5
6
9
4
3
8
10
8
4
-7
-3
5
8
17
12
10
7
10
11
4
5
-3
-11
-12
-17
-21
-23
-22
-27
-22
-13
-13
-12
-15
-16
-13
-29
-31
-23
-20
-20
-23
-24
-29
-25
-24
-23
-21
-26
-30
-22
-18
-25
-21
-21
-27
-34
-39
-33
-30
-23
-18
-18
-21
-22
-17
-6
-3
-16
-17
-13
-17
-17
-15
-16
-12
-16
-14
-10
-20
-20
-12
-12
-16
-29
-32
-31
-34
-27
-33
-36
-35
-37
-30
-24
-16
-21
-13
-7
-15
-11
-5
-9
-13
-15
-27
-26
-19
-30
-21
-8
-9
-6
-3
-1
2
-3
-8
-10
-6
3
3
-3
-4
-6
-4
2
4
2
0
13
21
30
34
27
31
37
31
23
24
17
17
24
21
29
33
31
29
30
42
47
47
47
50
48
45
48
47
45
50
38
28
27
26
32
32
24
21
25
29
36
40
31
27
27
31
30
25
20
12
8
0
-7
-3
-4
0
4
0
3
9
12
17
15
8
7
11
9
9
12
8
-3
-9
-10
-13
-15
-15
-25
-35
-24
-24
-24
-11
-19
-15
-12
-20
-16
-12
-14
-19
-19
-19
-35
-31
-26
-34
-26
-31
-35
-42
-45
-41
-49
-48
-39
-37
-38
-33
-29
-24
-15
-11
-16
-20
-15
-16
-23
-24
-32
-32
-29
-30
-29
-27
-24
-18
-24
-22
-2
-8
-9
-2
-12
-1
5
-6
-10
-8
-8
-11
-6
-4
-2
1
-1
-4
-10
-3
7
6
10
12
16
13
9
10
3
-2
9
17
6
6
9
5
11
3
-3
-2
1
2
-3
-1
5
8
16
24
19
30
28
26
37
39
45
44
35
30
47
55
54
60
58
64
67
64
60
53
49
55
59
63
62
54
52
47
43
42
39
40
36
23
18
16
11
15
13
0
9
4
-10
-8
-13
-16
-16
-21
-31
-36
-30
-30
-34
-32
-32
-32
-32
-29
-28
-31
-34
-32
-35
-30
-28
-26
-23
-24
-27
-24
-12
-7
-10
-5
-8
-5
1
-3
4
9
13
24
23
26
29
23
18
21
23
12
12
21
19
15
12
9
1
2
2
-4
-1
-5
-12
-6
-6
1
1
-7
-7
-2
-4
-7
-1
-3
-10
-7
-6
-16
-16
-11
-21
-33
-28
-32
-44
-40
-45
-47
-42
-41
-41
-38
-37
-30
-18
-13
-4
-2
7
15
17
29
31
32
36
35
45
57
61
65
71
68
64
72
83
79
74
79
68
51
49
50
35
21
14
5
-2
-9
-12
-19
-21
-19
-18
-8
-7
-10
-11
-17
-19
-30
-34
-29
-35
-41
-47
-50
-45
-41
-45
-51
-58
-56
-57
-56
-50
-54
-56
-49
-45
-45
-34
-35
-35
-25
-28
-33
-34
-27
-16
-11
-13
-6
2
5
13
14
10
14
20
18
30
39
37
45
49
47
53
53
49
52
45
43
45
36
34
27
20
22
21
13
9
8
-1
-3
-1
-2
-5
-15
-20
-23
-24
-15
-25
-35
-38
-38
-37
-42
-36
-26
-25
-25
-22
-21
-20
-10
-6
-4
-5
-10
-1
0
-4
-1
0
-5
-7
-4
0
13
19
23
23
24
30
28
33
35
34
44
42
43
46
37
36
31
27
25
18
14
8
7
3
1
1
0
5
6
4
-8
-11
-2
-3
-5
1
0
-5
-3
-2
2
1
1
10
11
1
-5
-6
-10
-9
-7
-4
-1
-4
0
0
-10
-3
9
7
13
13
10
22
22
17
17
15
14
13
17
19
14
12
17
15
9
14
20
21
15
11
12
9
-1
-3
-8
-14
-14
-26
-34
-38
-43
-37
-37
-32
-31
-34
-29
-27
-27
-24
-14
-24
-25
-21
-36
-35
-34
-40
-38
-41
-44
-44
-46
-41
-34
-25
-27
-34
-24
-18
-21
-18
-24
-27
-22
-15
-11
-8
3
5
9
7
1
9
12
21
22
16
15
11
17
20
6
3
12
6
3
1
-4
-7
-7
-3
-1
7
14
11
7
9
15
13
10
13
13
7
4
6
1
1
4
2
3
4
0
-3
0
-1
-2
-2
1
3
0
2
2
3
0
-2
5
7
4
-2
7
13
8
8
6
0
4
10
10
5
-4
-4
-4
-10
-11
-13
-12
-15
-9
-6
-8
4
4
-4
4
6
3
4
10
11
6
11
12
7
11
7
-1
3
8
11
9
1
-2
4
7
-3
-1
6
-5
-8
-3
-9
-7
-2
-4
0
-8
-11
1
1
8
12
9
18
32
30
20
22
30
25
18
15
10
10
2
-1
2
-5
-6
-1
0
5
4
-4
-7
1
1
2
2
-1
-1
-4
-7
-12
-20
-27
-33
-36
-32
-28
-22
-25
-29
-17
-14
-17
-26
-22
-22
-26
-13
-16
-15
-15
-22
-10
-4
-4
-5
2
1
7
14
11
12
2
-3
7
7
4
3
0
6
10
8
3
0
3
0
-8
-8
-6
-7
-4
0
9
15
9
13
12
-2
-8
-15
-18
-14
-19
-20
-16
-23
-23
-26
-29
-25
-24
-25
-28
-32
-35
-31
-27
-27
-24
-28
-35
-35
-32
-28
-28
-24
-21
-25
-22
-21
-16
-16
-21
-17
-21
-16
-16
-26
-32
-27
-18
-19
-12
-6
-7
-3
-4
6
16
26
35
39
45
48
53
51
50
53
50
42
45
57
53
44
40
40
41
39
39
34
27
26
34
41
42
52
39
31
33
26
28
30
24
24
24
19
21
23
22
24
22
22
22
20
24
32
39
33
31
33
31
31
23
21
24
22
20
23
22
17
21
21
26
36
41
43
41
45
47
42
39
39
38
37
34
24
21
21
16
12
11
9
14
11
15
26
25
21
20
26
24
19
10
3
0
-7
-8
-13
-23
-32
-37
-41
-49
-51
-50
-42
-40
-40
-31
-39
-47
-44
-42
-42
-42
-41
-34
-30
-36
-40
-37
-32
-32
-34
-40
-36
-35
-30
-25
-26
-18
-12
-15
-18
-19
-22
-23
-17
-4
5
7
16
21
24
26
27
27
22
16
19
22
14
14
11
5
4
-2
-10
-16
-10
-6
-6
-2
7
5
7
10
5
10
3
-2
7
5
8
14
15
17
11
18
24
19
31
37
31
38
48
46
42
46
42
38
33
27
28
30
33
35
34
38
38
32
27
29
32
30
35
38
32
31
36
30
24
20
12
9
5
-3
-10
-18
-22
-23
-26
-26
-23
-37
-53
-54
-58
-70
-77
-78
-78
-74
-73
-65
-67
-74
-68
-64
-62
-63
-68
-76
-82
-79
-73
-75
-68
-67
-79
-74
-64
-59
-53
-50
-41
-33
-33
-33
-37
-32
-29
-34
-30
-25
-20
-15
-12
-17
-5
6
7
14
14
10
12
2
2
7
4
10
15
6
-3
-17
-20
-17
-13
-5
-7
-1
1
-1
-8
-12
-5
-9
-6
-1
2
5
-4
-8
2
5
2
-4
1
6
3
9
4
1
13
13
9
5
3
3
1
7
9
5
8
9
-1
2
-1
-6
1
0
-7
-11
-10
-5
-5
0
9
2
4
1
-7
-8
-13
-4
-9
-16
-16
-15
-15
-25
-23
-25
-30
-29
-35
-36
-43
-45
-42
-44
-39
-30
-31
-28
-33
-44
-36
-32
-28
-18
-20
-18
-10
-5
-2
-2
4
9
5
4
10
9
12
19
25
32
39
45
48
48
56
57
57
61
59
60
69
65
54
47
42
42
48
45
34
29
29
26
22
14
9
5
1
1
4
10
13
7
11
19
21
21
20
12
7
14
17
13
18
21
13
13
13
9
11
10
17
16
11
15
11
7
8
6
-1
-8
-7
-4
-3
-7
-2
-2
-2
4
0
5
14
14
17
24
29
31
40
47
48
48
40
44
48
43
45
42
47
46
45
44
35
41
42
43
46
45
47
45
51
54
51
52
48
35
26
30
36
23
20
18
13
17
12
15
21
24
19
12
15
9
5
6
4
2
-2
-4
-12
-17
-17
-20
-18
-12
-9
-6
2
3
0
0
-6
-8
-17
-23
-28
-41
-46
-47
-47
-55
-58
-58
-60
-66
-69
-65
-75
-76
-71
-68
-62
-68
-66
-69
-73
-66
-69
-69
-68
-65
-62
-60
-52
-51
-53
-55
-51
-49
-52
-48
-47
-41
-39
-43
-39
-39
-40
-44
-54
-48
-47
-46
-40
-37
-30
-37
-39
-34
-36
-34
-32
-21
-16
-23
-21
-17
-11
-8
-16
-22
-22
-18
-13
-10
-11
-10
-7
-7
-6
-7
-14
-12
-11
-18
-15
-15
-14
-11
-11
-8
-1
0
9
18
11
12
16
9
10
9
4
0
-2
-6
-9
-5
-4
-8
3
14
12
14
22
27
32
40
47
51
53
58
62
63
72
71
68
85
87
87
100
99
100
101
101
110
105
101
112
112
99
98
100
98
97
100
102
101
97
93
94
93
86
84
84
81
79
78
77
75
69
75
80
73
64
54
52
49
40
27
16
19
7
-3
-5
-8
-14
-21
-25
-31
-33
-37
-39
-34
-36
-36
-31
-31
-26
-28
-21
-14
-20
-20
-25
-21
-11
-18
-19
-25
-34
-32
-35
-31
-34
-32
-28
-32
-25
-23
-16
-12
-12
-10
-5
3
2
12
15
11
20
9
1
-1
-7
7
7
9
16
12
19
19
18
15
11
15
9
9
12
7
1
2
8
5
-2
1
2
-8
-10
-4
-6
-9
-6
-4
0
2
9
13
18
22
19
23
18
9
7
-1
-17
-24
-23
-36
-50
-60
-72
-74
-76
-76
-75
-75
-73
-73
-69
-69
-76
-76
-73
-85
-88
-87
-100
-110
-118
-128
-127
-133
-142
-145
-147
-147
-147
-150
-141
-141
-144
-133
-125
-117
-111
-102
-94
-97
-85
-77
-82
-74
-71
-66
-58
-49
-36
-35
-25
-9
-1
4
9
24
28
31
43
49
57
61
57
66
75
83
80
76
83
78
78
85
83
88
89
86
88
88
85
77
73
79
79
84
85
79
82
82
81
78
71
72
64
58
55
42
40
35
23
29
25
16
18
14
22
33
35
41
41
41
46
54
63
64
61
60
70
73
75
81
80
92
90
88
97
97
98
93
97
108
102
97
96
93
87
88
84
81
79
66
65
63
58
50
35
34
36
40
34
27
29
27
30
32
25
27
25
18
25
24
25
27
16
22
23
23
25
18
12
10
9
11
6
6
15
7
11
28
25
31
36
30
37
38
33
42
48
43
42
42
35
26
19
25
20
10
13
4
-1
4
4
-2
-10
-10
-1
-1
-5
-13
-15
-14
-27
-39
-38
-42
-52
-52
-51
-51
-52
-55
-50
-45
-40
-43
-48
-44
-49
-51
-46
-44
-38
-35
-33
-29
-22
-18
-15
-8
0
3
7
16
30
37
41
47
51
62
54
54
65
60
59
62
63
55
48
42
35
29
21
15
8
-2
-4
-15
-36
-40
-42
-55
-53
-60
-68
-68
-76
-83
-93
-92
-93
-94
-91
-96
-98
-103
-107
-103
-107
-112
-108
-110
-105
-102
-115
-113
-103
-108
-111
-109
-101
-91
-93
-89
-79
-74
-68
-60
-46
-41
-36
-30
-25
-18
-14
-3
2
-1
9
11
13
18
9
9
10
9
16
13
15
10
14
26
14
8
4
1
5
-4
-14
-23
-31
-36
-40
-44
-56
-69
-76
-75
-79
-81
-72
-72
-71
-69
-64
-62
-59
-50
-49
-39
-37
-42
-31
-32
-35
-26
-23
-23
-24
-15
-7
-8
-1
11
22
29
42
46
37
46
50
46
38
37
37
24
19
14
6
1
-11
-10
2
0
-10
-10
-9
-4
-5
-10
-7
-21
-37
-49
-50
-51
-64
-69
-69
-72
-66
-63
-64
-58
-50
-45
-40
-36
-32
-25
-23
-25
-19
-12
-18
-24
-21
-23
-16
-5
4
10
15
27
28
38
52
53
56
62
74
78
79
84
87
93
93
91
84
87
93
80
84
90
84
87
86
81
76
56
49
47
35
34
27
20
17
9
9
3
3
-1
-7
-16
-18
-13
-14
-9
0
13
16
12
11
16
17
13
23
39
44
49
53
51
56
60
60
69
86
92
97
111
116
122
127
133
138
137
145
143
131
137
127
122
117
102
103
92
87
92
89
77
67
61
51
45
36
33
27
21
20
5
-1
-7
-16
-21
-29
-31
-37
-48
-46
-53
-66
-56
-60
-64
-64
-70
-68
-74
-73
-72
-74
-70
-75
-72
-73
-75
-74
-78
-72
-59
-55
-54
-48
-40
-32
-32
-27
-21
-22
-17
-15
-23
-23
-13
-19
-20
-26
-29
-21
-32
-32
-25
-17
-11
-13
-18
-26
-20
-21
-28
-23
-27
-31
-28
-37
-53
-64
-73
-73
-69
-74
-82
-74
-76
-78
-75
-79
-76
-78
-75
-70
-71
-74
-74
-67
-65
-69
-56
-49
-45
-38
-36
-27
-15
-11
3
16
20
35
36
39
52
62
68
69
80
85
84
91
88
87
95
90
87
88
84
83
79
77
76
74
69
61
58
50
48
47
46
41
27
21
16
12
4
-9
-21
-29
-35
-44
-48
-58
-80
-84
-80
-95
-111
-113
-114
-117
-115
-109
-111
-112
-102
-100
-105
-106
-105
-108
-111
-112
-123
-128
-131
-128
-128
-138
-123
-114
-107
-99
-101
-87
-75
-67
-67
-78
-73
-67
-68
-66
-74
-70
-63
-63
-56
-47
-35
-37
-26
-7
-3
11
16
21
26
27
35
36
39
38
43
45
41
41
40
50
60
61
71
83
89
94
104
118
124
135
152
158
161
173
182
190
205
218
231
248
264
274
287
300
309
323
327
329
341
344
348
352
350
358
349
344
352
346
340
327
312
303
284
271
257
228
201
172
143
110
70
34
-7
-40
-73
-112
-149
-177
-210
-246
-273
-309
-339
-363
-385
-402
-433
-456
-469
-482
-492
-509
-514
-521
-526
-533
-536
-522
-511
-501
-491
-470
-449
-435
-411
-393
-373
-350
-336
-311
-285
-264
-256
-245
-218
-194
-178
-159
-132
-95
-73
-56
-15
10
40
73
98
142
164
185
218
232
249
273
295
316
335
352
370
386
405
421
431
445
467
476
480
492
498
496
493
494
492
486
481
479
477
477
467
462
466
465
454
446
444
427
403
388
371
341
301
261
223
182
132
83
42
0
-42
-83
-131
-178
-226
-278
-316
-346
-379
-418
-446
-470
-495
-515
-538
-545
-548
-553
-548
-546
-534
-529
-519
-506
-494
-472
-464
-448
-427
-422
-406
-399
-390
-371
-358
-346
-337
-333
-332
-323
-304
-292
-278
-253
-231
-214
-195
-180
-151
-125
-107
-80
-57
-42
-26
-11
2
15
25
36
41
47
65
78
85
94
106
114
125
139
145
142
134
137
127
119
114
94
81
69
55
45
26
4
-11
-17
-32
-51
-64
-71
-74
-79
-85
-97
-104
-105
-108
-110
-114
-113
-110
-116
-110
-99
-94
-84
-81
-63
-39
-25
-9
9
35
67
98
122
155
185
208
242
282
307
331
367
394
412
436
465
492
514
536
559
580
591
601
608
612
619
616
608
601
581
553
531
504
461
416
385
340
299
260
207
160
110
61
19
-32
-81
-124
-170
-210
-250
-290
-323
-359
-381
-406
-429
-443
-464
-479
-489
-499
-510
-522
-531
-540
-545
-552
-563
-569
-564
-559
-565
-566
-563
-559
-545
-534
-518
-488
-455
-433
-419
-396
-375
-356
-329
-307
-279
-248
-219
-188
-161
-133
-94
-54
-21
14
42
75
110
134
162
189
220
248
274
303
329
351
359
373
411
431
453
477
491
524
541
551
574
604
632
653
677
705
721
731
742
745
752
753
740
729
707
677
636
587
550
502
442
395
343
290
224
152
88
24
-22
-76
-122
-156
-199
-244
-293
-330
-358
-382
-390
-397
-405
-410
-412
-419
-422
-423
-422
-412
-403
-405
-408
-406
-420
-444
-454
-456
-458
-462
-472
-478
-485
-485
-477
-474
-463
-444
-426
-406
-391
-376
-361
-352
-340
-328
-318
-294
-272
-262
-253
-250
-243
-222
-211
-200
-185
-166
-146
-137
-132
-123
-121
-131
-122
-116
-111
-102
-104
-90
-91
-97
-91
-104
-107
-95
-77
-72
-76
-77
-79
-78
-77
-75
-77
-74
-69
-74
-77
-81
-89
-75
-57
-52
-35
-2
20
34
61
90
114
151
189
221
265
301
330
358
374
393
429
465
492
530
551
556
564
560
551
549
538
520
500
468
430
387
338
296
254
222
197
173
156
135
106
71
54
53
46
49
61
67
75
68
38
20
14
8
0
6
5
-14
-34
-65
-87
-113
-132
-116
-117
-116
-117
-127
-131
-144
-149
-144
-131
-106
-96
-94
-83
-91
-90
-85
-85
-70
-62
-49
-43
-62
-68
-81
-100
-106
-108
-96
-82
-91
-100
-109
-124
-131
-133
-128
-115
-115
-127
-138
-149
-163
-183
-193
-191
-191
-183
-186
-200
-210
-217
-213
-203
-194
-168
-136
-138
-120
-106
-103
-83
-67
-28
12
30
60
91
108
138
162
194
240
268
301
344
377
400
411
441
474
496
514
524
526
533
529
512
500
482
455
430
406
375
327
289
256
205
168
139
110
99
80
40
20
21
6
-6
-11
-11
1
-2
-5
-10
-23
-32
-56
-74
-93
-111
-131
-167
-188
-215
-260
-284
-314
-339
-344
-356
-364
-367
-368
-364
-372
-378
-354
-333
-325
-298
-281
-279
-274
-274
-263
-251
-232
-209
-206
-196
-198
-207
-201
-198
-193
-193
-195
-178
-166
-179
-186
-196
-200
-189
-186
-172
-165
-164
-168
-174
-171
-161
-171
-178
-173
-181
-177
-161
-167
-171
-162
-152
-138
-127
-123
-101
-78
-64
-38
-13
4
8
40
76
93
121
135
156
194
224
255
287
331
386
440
460
493
539
543
562
586
607
601
573
569
561
565
543
499
455
406
386
356
319
275
217
149
83
49
10
-38
-76
-117
-142
-175
-223
-251
-293
-319
-306
-315
-320
-315
-343
-351
-361
-392
-396
-385
-385
-373
-372
-406
-438
-472
-468
-436
-415
-407
-402
-364
-340
-311
-284
-292
-261
-186
-124
-88
-78
-75
-50
-46
-38
-11
-31
-29
10
18
20
-11
-47
-31
-42
-16
31
37
44
14
-2
3
3
8
-32
-61
-47
-58
-85
-129
-150
-118
-120
-148
-180
-198
-192
-241
-240
-174
-178
-189
-196
-168
-121
-97
-92
-62
-19
-17
52
82
94
151
125
137
181
237
323
347
360
391
440
466
497
577
645
665
638
632
682
675
659
680
672
679
667
679
673
627
566
496
509
501
454
407
324
265
229
164
133
130
77
-9
-89
-115
-101
-141
-157
-143
-162
-143
-135
-152
-181
-214
-227
-247
-271
-244
-228
-287
-310
-320
-380
-414
-412
-422
-414
-418
-426
-418
-436
-367
-376
-384
-288
-303
-288
-266
-19
-349
-1353
-1594
-1119
-357
-33
-59
135
77
-31
172
329
-18
-328
160
783
968
581
-129
-483
-407
66
363
-8
-209
-92
-165
-581
-821
-368
19
311
685
994
1071
385
-6
238
472
923
1208
1453
1442
1166
1134
847
545
363
633
1186
1349
1606
1500
1097
1099
1376
1757
1657
1427
1469
814
-885
-2716
-2981
-1745
-711
-456
-635
-641
-1007
-1975
-2486
-2302
-1608
-823
373
2313
3393
2774
1269
510
998
1332
1332
1552
1859
1498
110
-878
-937
-1083
-1989
-3132
-3029
-2097
-1886
-2571
-3119
-2598
-1738
-1345
-969
-267
279
135
-24
472
1176
1525
1384
1342
1419
1168
939
648
-247
-1356
-1649
-1153
-987
-1320
-1571
-1832
-2387
-2727
-2126
-1437
-1514
-1379
-395
649
774
279
-129
-386
-109
615
1094
1137
932
610
-14
-555
-461
-224
-485
-893
-551
260
151
-763
-1239
-1071
-624
-91
350
511
546
667
714
666
768
875
778
966
1598
2013
1832
1255
973
1205
1340
1306
1361
1272
1049
1251
1783
1925
1504
1204
1373
323
-3507
-6554
-4450
-648
-202
-970
583
2029
-167
-2846
-1164
1572
-258
-2664
1138
7226
7113
2257
574
2534
1997
-1274
-1694
813
953
-2503
-4607
-2101
675
-1371
-5245
-5155
-2322
-1445
-2653
-2479
125
1938
1302
1067
2725
3545
2064
406
556
1756
2020
1127
360
163
-275
-1082
-1879
-2448
-2518
-2691
-3299
-3138
-1327
203
-656
-1933
-992
698
800
291
780
1738
1972
1493
1197
1240
777
-445
-1022
-434
-180
-796
-1506
-1845
-1765
-1633
-1586
-1185
-517
-425
-568
222
1216
1092
289
228
1120
1743
1432
1159
1632
1587
762
556
981
1223
1050
310
-67
788
1393
1047
1025
1641
1794
1491
1689
2161
2521
2535
2380
2705
2955
466
-4856
-6801
-3178
-516
-1355
-980
1360
1299
-1525
-2421
275
1236
-2079
-2717
3275
7955
5534
2070
2805
3835
1259
-1516
-797
641
-1386
-5070
-4960
-1144
262
-2938
-5259
-3722
-2430
-3207
-3202
-1408
506
1361
1730
3018
4323
3697
1862
247
-511
12
830
334
-833
-1196
-1037
-1351
-2776
-4155
-3776
-3095
-3527
-2765
-10
1575
346
-1090
-86
1706
1638
736
867
1676
2058
1332
464
684
236
-1610
-2260
-1569
-1271
-1425
-1975
-1949
-727
-247
-812
-585
30
-142
-89
812
1646
1561
756
722
1501
1402
477
71
87
-234
-660
-309
772
1061
454
259
328
610
1451
1400
752
1921
3102
2418
2172
2648
2708
3152
3586
3165
1204
-4170
-8819
-6298
-1546
-1488
-2021
800
2220
-617
-2691
-205
1951
-913
-3115
1571
8067
8032
3332
2292
4998
3899
-561
-1476
-208
-2133
-6139
-7142
-3130
621
-1540
-4979
-3812
-1960
-2735
-3187
-2032
-368
1310
2674
4034
5340
5291
3805
1636
-751
-1853
-1252
-1054
-2109
-2844
-1936
-718
-2074
-4699
-5113
-4386
-4052
-2726
-371
1925
3153
2360
1685
2705
3052
1883
647
360
1183
1415
217
-304
-23
-962
-2413
-2887
-2647
-2197
-1958
-1665
-559
544
957
1364
1583
1324
1112
1281
1829
1882
1046
860
1464
1429
723
-295
-948
-884
-1281
-1534
-172
1197
1260
986
931
1546
2270
1628
630
1319
2904
3645
3907
4462
4780
4251
2194
-3965
-11205
-10170
-3381
-1881
-3281
458
4057
748
-3456
-1757
1616
-395
-4088
-374
8046
9566
4001
2202
6026
6490
805
-3007
-1472
-2120
-8041
-10153
-3954
1791
-70
-4706
-4490
-1639
-2232
-4166
-2611
701
2131
2484
4362
7114
7166
4678
2912
1216
-1647
-3543
-3692
-3229
-2625
-2224
-2002
-2203
-3099
-4078
-4676
-4429
-2832
-316
2101
3744
4009
3534
3618
3466
2408
1228
140
-782
-1084
-1072
-1132
-838
-512
-842
-1506
-2325
-3175
-3241
-2138
-469
795
1635
2711
3266
2397
1402
1539
1489
39
-991
115
1399
995
282
184
46
-540
-1571
-1961
-782
489
712
1157
2190
2429
2029
2577
3228
2561
2075
2596
3216
3680
4073
3829
-7
-8343
-12208
-6397
-1780
-3935
-3551
1656
3013
-413
-1128
2073
2579
-1710
-2796
3586
8530
5157
757
3551
8145
5636
-385
-2049
-2544
-7463
-11622
-8270
-1249
920
-2484
-3942
-723
939
-1007
-1867
-767
-308
72
2370
5758
7421
6537
5414
3928
-16
-4363
-6435
-6496
-5275
-3817
-2447
-1034
-1499
-3433
-3471
-2176
-1755
-1176
393
2046
3019
3230
3951
5108
4259
1565
-749
-2001
-2454
-2927
-3423
-2302
-413
-339
-967
-671
-680
-1483
-1877
-1034
311
836
1317
2786
3607
3000
2506
2312
1026
-1114
-2177
-1508
-79
664
502
730
1141
217
-1215
-869
370
608
630
1296
2145
2634
2965
3397
3271
2628
3048
4425
4250
3007
1375
-5086
-13006
-11211
-3457
-1856
-3437
-128
3777
2184
-1355
-648
2542
1503
-1818
403
6407
6910
1425
227
6491
8986
2440
-3144
-3341
-5096
-9812
-10528
-4765
574
-959
-4629
-2253
2632
2383
-821
-1279
-111
-354
9
2905
5598
5663
5320
5622
3374
-2009
-6548
-7548
-6237
-5115
-4597
-3079
-1667
-2429
-2799
-531
1541
1094
-169
-39
1433
2362
2496
3285
4145
3270
722
-1312
-1330
-1182
-3552
-5734
-3669
-436
-131
-927
-200
1476
2072
470
-1171
-645
446
924
1658
2967
4315
4190
2028
159
-204
-480
-1206
-1894
-1519
189
1709
2303
2228
1681
1203
542
-247
119
1061
1584
2581
3998
4450
3669
2985
4002
5255
4341
813
-7079
-14161
-11280
-4519
-3152
-1591
3773
4724
192
-1350
2156
3983
519
-1596
2415
5901
2516
-1771
2125
9739
8752
498
-3459
-3504
-7166
-11563
-9547
-3306
-528
-3162
-4340
935
5668
3763
612
246
-751
-2631
-1716
1811
4763
5711
6333
6481
3166
-2381
-5773
-6316
-6166
-6575
-6206
-3529
-1629
-2065
-882
2197
3442
2003
-273
-600
1628
2515
1200
1806
3873
3645
938
-1664
-1779
-1147
-3264
-5724
-4613
-2197
-1472
-1196
481
2987
3500
813
-1756
-1197
834
1342
483
692
2053
2529
2192
1794
952
-118
-1386
-2560
-2174
-427
667
685
1166
2118
1977
1763
2747
2519
579
539
2088
2165
1917
2962
4567
5819
5508
1096
-7324
-12326
-9552
-6034
-5954
-3426
1931
3137
701
853
4468
6166
2778
-999
195
2700
386
-1945
2704
8517
6883
1061
-1734
-2544
-5398
-8667
-8404
-5787
-5142
-6326
-4678
1180
5861
5586
3963
3398
1005
-2294
-2080
419
1344
1517
3349
5168
3412
-624
-2239
-1916
-3846
-8197
-10650
-8205
-4048
-1802
270
3388
5526
5227
2681
711
1610
1951
-399
-1552
160
2025
2292
1597
1207
555
-1740
-4510
-5611
-4810
-3445
-2651
-1230
1919
4251
3826
2488
1914
1508
518
-828
-1403
-22
1902
2064
1572
1922
1602
206
-753
-910
-319
-108
-729
101
1649
1549
1734
3623
4480
2719
1093
1796
2679
2218
2524
4417
4319
-2094
-10992
-11644
-5175
-3523
-5456
-1869
2981
1333
-1895
718
5806
5944
2045
1019
3256
1885
-3159
-2369
5466
8391
2217
-3067
-2235
-1783
-5300
-7384
-5341
-3835
-5909
-7466
-3583
3003
5458
3555
2657
2991
1515
133
1011
1959
1603
1513
2194
1778
-358
-1698
-1166
-1386
-3880
-6806
-7337
-5140
-3680
-3869
-1449
2956
4072
3302
4650
5856
3899
789
-690
-408
16
-705
-990
944
2959
1796
-1325
-2532
-2440
-3713
-4352
-2621
-1166
-710
805
3155
4558
4307
3189
2328
1222
-266
-805
-338
431
847
781
1401
2025
1124
487
1082
1070
276
-291
78
1754
3070
2803
2693
3126
2990
2857
2910
2817
3029
1848
-3302
-8650
-8621
-5967
-5574
-4933
-1085
1246
-699
-1185
2755
6068
5057
2279
1115
882
-994
-2454
896
5635
4427
-610
-1862
39
-960
-4859
-7058
-6535
-6280
-7272
-6312
-2074
1719
2679
2951
3610
2905
1067
534
1430
1594
896
1150
1707
353
-1720
-1767
-775
-1690
-4136
-5073
-4199
-3874
-3806
-1866
610
1162
819
1436
3113
4015
2716
1771
2859
2631
-358
-2260
-1008
903
1106
-21
-540
73
321
-493
-1200
-1022
-1160
-1870
-1292
590
1761
1924
2171
2757
3280
2921
1990
1683
838
-1089
-1680
-622
261
771
1395
2200
3138
3594
2991
2208
2382
2481
1015
-499
39
1656
3034
3923
2717
-1617
-6114
-7229
-6369
-6023
-4754
-2170
-1113
-1940
-1331
2330
6067
6039
3171
1391
907
-447
-1643
-276
2147
1739
-798
-1235
255
-44
-2401
-4039
-4185
-4769
-6603
-7266
-5157
-2077
116
1526
2743
3400
2880
2235
2348
1900
681
-194
-1119
-2308
-2846
-2459
-1655
-1157
-1718
-2867
-3061
-2719
-3226
-3092
-638
1918
2357
2186
2863
3302
2547
1228
253
26
-151
-994
-772
1547
2777
788
-1430
-1436
-617
-396
-662
-437
917
1991
1813
1879
2807
3199
2531
1334
-83
-674
354
1746
2242
2140
2027
1822
1337
674
40
-280
-12
673
1121
1775
3466
4853
4475
3255
2564
2575
1893
-1286
-5785
-7601
-5470
-3490
-3999
-3569
-1045
-683
-3012
-2711
1255
3948
3183
1571
1419
2032
1176
-624
-126
1719
799
-1457
-932
515
-653
-2904
-3701
-3693
-4094
-4569
-4505
-3750
-2729
-2039
-1226
591
2356
2718
2827
3116
2461
1505
1291
532
-1762
-3537
-3572
-3668
-4242
-3599
-1704
-164
-32
-837
-1048
-183
525
130
-544
58
1362
1721
2083
3396
3925
2781
1246
152
-596
-1228
-2043
-2439
-1738
-841
-348
498
1661
2014
1431
892
848
1008
1587
2639
3051
2642
2688
3336
3164
1773
555
332
351
412
906
1625
2808
3763
3151
2478
2933
2292
738
1235
2562
1937
-78
-2604
-4581
-4130
-3011
-3582
-3637
-2500
-3110
-4306
-1944
2726
5132
4612
3821
3383
1667
-619
-1258
-99
834
-467
-2640
-2177
-55
-388
-2001
-1867
-1839
-3793
-5826
-6035
-4833
-3461
-2466
-1413
-27
1067
1605
2328
3208
2864
1530
917
-22
-2473
-3741
-2560
-1832
-2722
-3049
-2320
-1876
-1838
-1755
-1149
-182
-167
-1138
-695
1384
1963
1122
1434
2110
1217
-23
419
1589
1596
674
219
689
1037
441
-264
-102
-11
-1267
-2347
-1480
-144
553
1836
3691
4647
4419
3458
2399
2280
2242
944
-93
677
1864
2152
2584
3410
3575
3013
1989
942
1035
2089
2251
1602
915
-1332
-4506
-5066
-3600
-3168
-3153
-2851
-3360
-3653
-1895
1171
3306
3565
2808
2165
1689
875
246
914
2018
1249
-635
-404
876
-136
-2329
-3218
-3386
-4136
-5205
-5613
-4411
-2414
-1672
-1753
-964
81
300
371
829
992
941
1261
1088
105
-383
-380
-1326
-2566
-2606
-2435
-2730
-2729
-2447
-1873
-991
-523
-429
311
1226
826
-70
252
926
608
202
560
1204
1624
1470
833
650
1177
1045
79
-240
35
-334
-943
-421
412
535
803
1372
1875
2536
2948
2404
1683
1760
2334
2927
3127
2667
2344
2790
2766
1576
1103
2122
2883
2995
3142
2689
456
-2824
-4636
-4129
-3517
-4251
-4567
-3997
-3832
-3547
-1262
2598
4492
3230
1882
2283
2179
537
-209
684
1016
-402
-1729
-883
760
511
-934
-1002
-504
-1808
-3857
-4496
-3637
-3045
-3565
-3808
-3021
-2010
-1164
23
1309
2095
2327
1804
630
-248
-325
-266
-707
-1407
-1683
-1496
-1461
-1596
-1269
-541
-237
-696
-1161
-846
-306
-248
-328
-51
360
399
532
1433
2221
2025
1584
1590
1415
735
437
592
621
341
-224
-347
392
993
692
663
1420
1492
1150
1579
1908
1671
1631
1801
2001
2444
2684
2659
3090
3277
2341
1673
2581
3604
3494
2763
1229
-1393
-4100
-5102
-4237
-3493
-3589
-3902
-4549
-4754
-3130
-409
1836
2686
1990
1434
1903
1773
948
1324
2297
1490
-241
-406
613
666
-758
-2121
-2401
-2571
-3621
-4649
-4155
-2769
-2554
-3159
-2760
-1673
-1055
-839
-453
275
882
922
573
279
75
-143
-373
-757
-1096
-1258
-1283
-1140
-921
-548
155
880
881
541
501
341
108
86
112
-151
-570
-608
-48
593
539
517
1323
2192
2455
2388
2296
2022
1500
721
10
54
524
485
267
827
1781
2163
2086
1685
1181
1135
1214
1161
1454
2027
2180
2191
2488
2690
3070
4002
4719
4399
2675
-721
-3917
-4488
-3668
-3882
-4665
-4833
-5277
-6022
-4759
-1410
1068
1390
756
542
829
1024
1314
2202
2818
1550
-325
-135
1160
849
-330
-277
-207
-1754
-3398
-3524
-2865
-2558
-2989
-3741
-3795
-3235
-3189
-2903
-1228
343
750
814
892
676
560
939
763
-222
-628
-477
-904
-1393
-1051
-390
46
221
-74
-345
298
1062
1018
794
669
192
-204
140
721
957
1066
1172
947
852
1442
1940
1719
1084
483
366
908
1283
999
1154
1964
2090
1711
2013
2570
2466
1940
1470
1112
1072
1100
739
763
1789
2576
2347
2221
2630
2690
1946
393
-1810
-3204
-2856
-2309
-2429
-2665
-3267
-4406
-4745
-3298
-1464
-792
-986
-1003
-495
-122
-23
416
1259
1421
294
-499
83
501
-300
-709
280
694
-489
-1736
-2145
-2156
-2462
-3222
-3706
-3465
-3316
-3491
-2679
-1046
-198
-81
-32
-213
-387
-273
-176
-114
171
170
-479
-824
-233
647
1269
1642
1474
700
-36
-307
-48
512
670
200
-139
-70
139
546
1025
1164
994
995
1333
1835
2102
2049
1996
1807
1426
1263
1169
805
710
1193
1731
1890
1871
1934
1937
1912
1903
1929
1939
1681
1478
1778
2200
2204
2132
2413
2495
1818
270
-1876
-3368
-2984
-1918
-1992
-2344
-2573
-3705
-4770
-4083
-2186
-882
-828
-1213
-866
-20
348
360
760
1291
731
-398
-214
755
422
-739
-890
-397
-734
-1732
-2146
-1955
-1959
-2451
-2780
-2285
-1974
-2441
-2279
-1063
-267
-323
-375
-401
-827
-1332
-1365
-896
-178
300
-10
-519
-247
285
464
925
1437
1197
665
428
565
995
1266
873
171
-50
145
329
454
557
605
494
487
969
1564
1749
1549
1263
1164
1377
1585
1429
1378
1789
2139
2213
2305
2508
2648
2492
2084
1793
1609
1026
308
320
1073
1788
2079
2268
2585
2683
2216
933
-985
-2184
-2112
-1894
-2018
-2133
-2634
-3790
-4529
-3619
-1556
-367
-758
-1463
-1488
-1237
-1185
-878
-2
426
-549
-1385
-262
1410
1464
721
762
948
85
-1394
-2337
-2399
-2347
-2875
-3233
-2780
-2441
-2694
-2376
-1187
-324
-245
-557
-1079
-1343
-1166
-1232
-1299
-483
514
397
-212
-51
633
1046
1191
1255
883
108
-283
35
616
1026
947
483
334
609
754
852
1065
939
478
306
642
1083
1131
903
960
1196
1176
957
932
1164
1235
1121
1274
1663
1960
2113
2083
2260
2528
2194
1566
1344
1488
1440
1332
1326
1269
1529
2094
2305
1460
-688
-3027
-3585
-2445
-1609
-1527
-1697
-2590
-3969
-4029
-1962
355
713
-558
-1622
-1950
-2080
-2084
-1318
-118
-175
-1167
-830
936
1768
1117
790
1107
680
-783
-1926
-1812
-1297
-1453
-1948
-1997
-1871
-2270
-2587
-1848
-920
-859
-1036
-1300
-1961
-1942
-822
0
88
381
683
278
-245
45
965
1411
998
500
556
795
729
750
1029
956
238
-406
-130
753
1242
1089
998
1213
1248
1028
1139
1590
1464
742
391
730
1013
878
853
1010
1010
774
813
1324
1766
1766
1482
1625
2085
1987
1539
1740
2502
2587
1953
1769
2207
2584
2692
2573
1698
-601
-3403
-4174
-2636
-1361
-1304
-1516
-2130
-3506
-4064
-2227
391
814
-859
-2037
-1843
-1628
-1807
-968
852
1104
-800
-1909
-578
871
420
-476
-109
166
-996
-1981
-1346
-179
-161
-1114
-1570
-1127
-900
-1213
-1125
-671
-760
-1280
-1658
-2041
-2437
-2409
-1918
-1437
-1184
-875
-461
31
708
1577
2304
2316
1655
1057
1103
1416
1237
578
-51
-391
-528
-273
501
1085
998
568
259
56
-65
125
533
735
556
432
959
1985
2461
2115
1754
1425
797
348
488
865
934
553
303
656
1104
1251
1545
2108
2242
1831
1582
1863
2312
2629
2881
2940
2395
532
-2200
-3396
-2190
-952
-1300
-2064
-2647
-3736
-4589
-3777
-1555
-1
-607
-2145
-2692
-2209
-1529
-534
860
1409
336
-1054
-760
706
1069
266
-290
-528
-1207
-2086
-2259
-1483
-975
-1642
-1988
-1043
-312
-568
-656
-119
36
-450
-733
-902
-1372
-1501
-1320
-1526
-1575
-1011
-441
-155
53
314
735
1010
826
867
1463
1789
1344
892
1037
1353
1448
1305
1290
1340
1001
382
-101
-248
-270
-360
-325
-43
4
-267
-195
338
771
853
903
1016
1113
1397
1749
1876
1873
1645
1033
625
837
1005
765
661
800
908
1108
1452
1907
2635
3159
2946
2441
1598
-455
-2697
-2772
-1309
-594
-796
-1201
-2002
-3130
-3426
-2270
-702
-520
-1892
-2925
-2843
-2560
-2117
-753
814
627
-980
-1379
21
1024
650
282
495
247
-966
-1905
-1294
-78
-118
-1128
-1358
-869
-1030
-1581
-1306
-569
-453
-853
-985
-955
-1326
-1683
-1428
-839
-597
-631
-362
65
184
581
1675
2108
1394
992
1453
1678
1004
382
594
983
747
387
719
1396
1489
846
425
623
825
699
418
478
757
532
110
179
592
845
802
797
1061
1311
1355
1366
1368
1279
1056
680
467
716
1032
1140
1306
1606
1987
2277
2480
2774
3094
3165
2908
2269
694
-1807
-3478
-2882
-1550
-1315
-1493
-1497
-2379
-3929
-3952
-1790
252
147
-1360
-2477
-2682
-2694
-2529
-1099
742
614
-1165
-1777
-394
961
905
262
-15
-592
-1684
-2132
-1323
-12
170
-894
-1306
-612
-257
-548
-461
-132
-362
-1157
-1856
-1818
-1511
-1663
-1690
-885
-223
-583
-812
-251
48
-8
498
1376
1662
1355
1203
1415
1623
1566
1359
1165
982
703
380
399
751
809
403
198
388
409
259
332
534
513
418
571
998
1477
1687
1619
1391
1216
1238
1288
1062
640
358
162
115
359
838
1471
1915
2041
2063
2152
2239
2137
1981
2081
2257
2067
1687
713
-1452
-3222
-2952
-1642
-1064
-1319
-1697
-2303
-3259
-3685
-2636
-1018
-929
-2455
-3590
-3321
-2654
-2092
-820
1042
1831
697
-597
-268
577
135
-947
-1084
-795
-1337
-2112
-1641
-34
800
42
-943
-1011
-970
-1692
-2211
-1584
-439
-177
-969
-1492
-1297
-1135
-1257
-1077
-533
-422
-1024
-1624
-1395
-445
594
1216
1186
897
696
514
472
683
903
923
836
725
768
1001
1174
1059
637
373
451
541
488
372
473
757
846
835
1181
1825
1938
1344
934
1053
1289
1247
1080
1159
1444
1659
1795
2042
2224
1992
1512
1294
1289
1346
1542
1717
1694
1749
2195
2618
2558
2140
1177
-773
-2815
-3223
-2152
-1341
-1415
-1811
-2237
-2920
-3559
-3225
-1868
-955
-1577
-2639
-2662
-1964
-1466
-960
198
1254
1012
-100
-655
-311
-110
-452
-768
-621
-424
-763
-1018
-499
184
91
-750
-1400
-1442
-1315
-1270
-1110
-695
-234
-107
-551
-980
-851
-662
-673
-600
-580
-891
-1234
-1191
-638
230
845
864
567
508
714
773
629
575
736
925
1005
1176
1434
1555
1582
1443
1231
1179
1132
723
74
-49
453
862
874
859
1056
1175
1049
927
1119
1529
1477
1104
1235
1767
2008
1851
1691
1623
1541
1283
960
831
898
965
959
1233
1620
1612
1343
1283
1468
1515
927
-790
-2917
-3726
-2917
-1769
-1066
-720
-875
-1756
-2592
-2561
-1960
-1512
-1670
-2352
-2726
-2217
-1407
-952
-608
-57
373
415
226
-59
-536
-1073
-1289
-1149
-777
-389
-383
-664
-701
-439
-514
-1158
-1806
-1993
-1598
-919
-244
487
740
-32
-1031
-1099
-632
-685
-1015
-1097
-1123
-1225
-1014
-324
382
732
624
379
522
923
1008
768
834
1352
1766
1703
1530
1614
1496
886
241
-84
-110
10
139
167
205
423
665
745
578
310
303
526
633
721
1000
1290
1272
1034
1051
1352
1393
921
477
394
444
351
216
259
202
-3
-55
93
226
375
521
662
932
1248
1474
1092
-190
-1242
-940
180
1072
1087
142
-1136
-1935
-1928
-1036
405
1027
-116
-2069
-2942
-1997
-490
25
-523
-1207
-1513
-1585
-1351
-603
117
-11
-996
-1778
-1505
-812
-529
-455
-231
-75
-352
-877
-1017
-635
-199
-76
-130
-230
-400
-557
-559
-361
-49
82
-323
-867
-876
-473
-212
-14
323
339
-29
-185
87
402
517
593
600
522
563
726
903
978
993
954
819
772
950
1160
1141
852
590
609
778
946
1028
993
810
624
645
742
855
968
892
580
266
169
189
157
33
-15
78
197
322
441
557
632
615
509
534
868
1206
1486
1659
1101
-146
-755
-20
903
981
393
-388
-1116
-1479
-1131
-174
631
286
-1165
-2467
-2569
-1675
-912
-998
-1449
-1662
-1641
-1435
-871
-165
118
-300
-1095
-1422
-1084
-668
-457
-339
-282
-354
-667
-1001
-904
-400
76
202
29
-204
-424
-696
-692
-248
106
16
-418
-887
-900
-283
415
709
644
231
-495
-843
-335
369
492
215
70
107
282
530
817
944
749
616
641
645
727
833
706
394
224
328
619
815
729
520
350
258
152
23
-101
-168
-235
-367
-266
96
388
404
365
471
519
485
446
419
513
724
721
426
411
766
968
1085
1419
1665
1469
690
-532
-1231
-499
836
1306
831
-51
-994
-1576
-1445
-590
282
125
-1153
-2549
-2799
-1744
-509
-175
-594
-925
-1171
-1507
-1370
-642
-163
-362
-921
-1093
-616
-74
200
407
523
265
-245
-605
-595
-238
132
174
49
29
-47
-306
-352
65
401
245
-17
-139
-230
-302
-196
92
335
323
161
56
60
137
204
168
98
170
139
31
266
560
474
237
168
294
542
656
460
160
-152
-515
-528
-113
49
-339
-825
-897
-706
-496
-180
89
30
-189
-216
-51
189
452
541
332
157
245
555
819
920
915
791
597
488
780
1205
1320
1208
1179
1278
1365
1235
482
-504
-540
589
1487
1318
663
-64
-831
-1141
-603
272
628
7
-1215
-1966
-1533
-576
-197
-493
-698
-650
-686
-770
-623
-171
141
-74
-337
-30
366
323
205
360
538
370
-75
-440
-424
-71
353
557
393
-23
-542
-805
-569
-183
-33
-55
-181
-532
-884
-848
-463
-7
138
-127
-438
-513
-293
5
190
146
-150
-505
-724
-648
-396
-198
-160
-234
-334
-385
-263
-78
-86
-287
-522
-563
-284
-58
-137
-221
-186
-204
-246
-127
118
253
146
55
237
388
318
303
472
685
714
561
534
572
559
597
677
861
1036
981
861
990
1246
1511
1602
1567
1636
1082
-275
-785
336
1469
1522
934
229
-480
-889
-520
402
1058
790
-323
-1513
-1670
-738
138
104
-269
-316
-377
-604
-479
99
406
270
-77
-210
161
517
421
260
240
66
-265
-456
-348
-168
-65
12
74
-91
-452
-760
-988
-1117
-1024
-703
-527
-619
-769
-885
-951
-830
-503
-421
-735
-1126
-1274
-1183
-1072
-1020
-1048
-1113
-1124
-1029
-857
-718
-644
-640
-812
-810
-390
46
90
-177
-291
-177
-12
216
369
308
175
96
25
52
314
557
511
375
248
127
251
621
949
923
802
934
935
714
738
1008
1073
904
739
653
722
943
1160
1310
1405
1396
1371
1482
1873
1970
1005
-296
-402
620
1441
1546
1142
467
-317
-606
-66
940
1354
638
-690
-1478
-1032
-132
130
-187
-320
-409
-591
-640
-439
-180
-7
-150
-454
-361
-131
-415
-815
-541
-99
-230
-685
-958
-1020
-915
-580
-177
-138
-588
-1266
-1716
-1684
-1342
-942
-767
-1054
-1456
-1448
-1123
-933
-895
-892
-1082
-1326
-1254
-906
-727
-768
-706
-571
-558
-448
-189
6
130
306
412
316
276
319
305
359
509
476
302
337
452
499
682
880
839
602
400
442
701
847
702
493
442
582
803
971
1046
995
800
632
701
1036
1241
1067
731
591
785
1072
1128
946
921
1038
1192
1499
1755
1774
1798
1792
1214
220
-120
565
1235
1288
1045
640
-94
-702
-488
372
937
613
-342
-1220
-1298
-693
-216
-279
-384
-540
-1005
-1420
-1278
-673
-358
-595
-988
-1063
-951
-1031
-1170
-989
-740
-964
-1422
-1556
-1370
-1130
-839
-563
-611
-1059
-1608
-1764
-1487
-1197
-968
-817
-1000
-1335
-1395
-1169
-952
-707
-369
-291
-459
-482
-184
117
98
-1
-5
-105
-199
-36
196
311
420
535
501
447
526
587
587
538
446
345
264
211
220
473
765
749
573
620
800
690
398
340
382
208
96
386
839
926
728
577
525
601
824
1020
947
714
585
624
698
892
1138
1128
925
889
1074
1172
1171
1197
1206
1148
1065
780
192
-99
229
619
678
552
181
-392
-657
-354
85
257
133
-420
-1078
-1295
-1056
-890
-1022
-1089
-1082
-1213
-1292
-1159
-970
-819
-816
-1009
-1096
-854
-672
-740
-792
-710
-687
-825
-832
-697
-635
-629
-607
-578
-558
-671
-909
-964
-835
-664
-427
-156
-83
-255
-443
-530
-383
-125
-35
-170
-315
-237
-181
-270
-202
63
188
110
158
388
463
358
311
273
296
459
585
559
499
515
649
771
701
497
330
241
274
508
706
712
654
600
514
433
463
529
578
655
727
739
686
561
414
453
613
631
454
304
298
303
269
262
383
536
569
544
539
623
759
785
787
863
919
800
570
169
-297
-297
83
296
177
-70
-359
-660
-745
-427
-59
-6
-294
-675
-843
-734
-558
-560
-645
-660
-689
-863
-968
-880
-684
-556
-610
-674
-667
-661
-694
-626
-315
-16
-65
-255
-238
-192
-356
-458
-263
-160
-522
-974
-1037
-870
-649
-414
-333
-390
-530
-649
-651
-539
-355
-221
-270
-358
-152
194
216
6
-38
-17
-63
-15
171
251
120
42
91
149
223
389
531
478
346
312
362
443
439
332
296
295
205
147
256
373
257
45
-41
-113
-187
-111
52
163
174
134
92
121
269
386
373
206
80
113
147
145
106
34
38
197
371
402
359
317
333
481
677
727
675
721
752
709
747
684
290
-52
113
472
627
586
432
107
-237
-299
-205
-158
-174
-222
-282
-286
-138
-50
-197
-385
-454
-451
-470
-444
-320
-194
-136
-154
-175
-194
-206
-189
-154
-206
-374
-439
-305
-68
84
45
-51
-190
-430
-570
-403
-121
-65
-206
-307
-362
-420
-306
-94
-84
-166
-155
-192
-258
-145
121
274
195
104
26
-125
-152
-24
61
66
50
4
-77
-113
-58
26
23
-146
-310
-306
-159
-2
-9
-6
107
57
-211
-365
-325
-308
-334
-321
-347
-388
-355
-296
-249
-249
-272
-284
-251
-186
-134
-115
-111
-105
-75
48
234
345
321
285
346
436
452
409
354
365
484
589
549
477
615
843
946
960
963
940
923
951
855
598
420
444
557
642
686
654
486
274
225
327
359
286
164
65
63
93
80
75
130
173
211
196
93
32
50
88
104
83
53
32
70
134
98
8
-135
-337
-483
-501
-407
-324
-346
-491
-648
-730
-773
-729
-629
-644
-809
-946
-937
-904
-874
-792
-730
-729
-742
-727
-682
-634
-598
-602
-630
-620
-534
-434
-352
-283
-288
-360
-451
-521
-457
-359
-320
-300
-311
-345
-410
-433
-379
-288
-275
-308
-352
-482
-540
-409
-208
-107
-105
-117
-116
-114
-81
-15
-13
-139
-249
-172
-12
120
209
255
298
318
349
387
377
490
658
679
649
701
852
997
1107
1183
1156
1073
1045
1087
1078
1050
1109
1166
1178
1274
1442
1498
1462
1402
1263
1182
1186
1129
1062
1084
1101
1005
894
856
800
710
606
502
437
326
201
161
231
296
214
60
-85
-200
-258
-294
-312
-371
-519
-682
-785
-771
-685
-668
-785
-941
-1030
-1026
-1002
-1009
-1049
-1095
-1083
-1065
-1118
-1202
-1200
-1033
-849
-811
-922
-1071
-1153
-1156
-1076
-958
-858
-824
-887
-945
-898
-747
-630
-605
-628
-715
-742
-682
-615
-567
-587
-631
-730
-856
-860
-752
-655
-682
-773
-818
-769
-637
-468
-358
-353
-339
-279
-244
-221
-110
12
55
95
163
240
342
456
542
582
588
591
548
590
779
917
997
1033
959
949
1113
1316
1382
1279
1157
1105
1147
1265
1380
1368
1252
1214
1227
1240
1298
1341
1337
1306
1290
1324
1364
1375
1331
1315
1323
1243
1073
879
785
775
757
705
557
301
108
84
150
200
230
134
-134
-293
-271
-233
-252
-352
-466
-624
-793
-802
-727
-666
-660
-773
-914
-906
-825
-867
-909
-889
-921
-1010
-1090
-1070
-989
-1004
-1122
-1167
-1108
-1112
-1139
-1136
-1138
-1141
-1166
-1148
-1155
-1202
-1246
-1276
-1208
-1103
-997
-881
-803
-763
-751
-702
-597
-518
-521
-540
-474
-403
-363
-316
-283
-234
-134
-65
-53
12
158
246
204
224
371
429
410
498
606
564
469
462
526
607
659
708
717
698
773
808
706
615
647
703
732
782
773
665
594
678
824
852
761
613
488
482
601
776
809
712
627
573
617
711
740
684
593
505
489
635
792
801
739
695
651
560
510
515
432
336
374
416
331
243
256
274
250
254
195
9
-191
-234
-118
-57
-51
-60
-211
-438
-527
-477
-438
-508
-659
-799
-857
-813
-722
-623
-578
-685
-810
-826
-765
-664
-578
-595
-709
-764
-742
-720
-724
-699
-671
-691
-694
-693
-650
-551
-483
-448
-382
-348
-434
-524
-474
-354
-288
-295
-313
-301
-282
-213
-138
-173
-216
-161
-149
-191
-150
-45
23
60
88
68
58
61
59
112
144
82
7
-14
29
103
194
192
92
26
67
198
256
231
202
172
172
244
338
339
247
190
213
286
354
348
294
225
205
240
296
316
294
277
258
275
301
332
391
389
388
454
445
361
336
364
365
407
497
516
491
490
525
543
521
507
442
346
345
411
504
585
611
556
443
395
418
395
314
269
260
257
255
305
400
431
327
193
170
221
203
108
85
58
-35
-84
-83
-62
-50
-81
-122
-149
-186
-261
-318
-380
-409
-360
-381
-439
-464
-521
-579
-591
-567
-576
-644
-689
-662
-624
-617
-609
-598
-585
-542
-514
-511
-544
-577
-597
-616
-584
-566
-547
-525
-514
-502
-536
-519
-441
-409
-410
-413
-398
-385
-375
-369
-372
-401
-460
-488
-453
-384
-353
-367
-392
-397
-365
-346
-376
-402
-428
-440
-369
-257
-216
-234
-217
-153
-92
-55
-31
-40
-65
-28
24
93
156
175
184
211
302
405
441
443
481
518
514
544
626
672
685
722
742
747
770
823
871
863
874
898
845
818
812
797
857
922
941
920
908
910
881
863
855
849
792
698
623
568
594
624
570
476
413
353
231
183
199
167
101
27
39
86
47
-56
-116
-120
-182
-235
-208
-263
-415
-481
-441
-408
-378
-349
-383
-444
-504
-508
-474
-487
-501
-539
-591
-621
-629
-597
-563
-517
-496
-566
-615
-624
-687
-731
-702
-685
-722
-748
-756
-756
-695
-630
-616
-627
-611
-568
-571
-576
-519
-447
-442
-475
-467
-464
-445
-386
-317
-288
-306
-295
-240
-166
-123
-115
-128
-122
-50
16
59
113
95
75
154
250
292
265
239
290
391
437
427
430
425
449
535
605
623
601
592
627
655
738
799
749
717
717
711
709
731
754
724
710
748
749
704
689
728
739
679
642
628
554
525
577
593
550
495
468
441
414
400
365
321
272
190
143
134
133
160
162
101
34
-27
-114
-145
-111
-101
-144
-258
-360
-380
-373
-380
-409
-423
-471
-560
-592
-610
-619
-590
-562
-565
-591
-609
-646
-689
-685
-662
-649
-674
-694
-708
-728
-710
-672
-601
-578
-619
-627
-620
-617
-622
-585
-537
-526
-504
-477
-444
-417
-409
-407
-406
-396
-370
-313
-264
-227
-198
-184
-169
-160
-167
-183
-183
-154
-101
-24
5
-9
24
57
74
98
81
34
2
36
106
115
102
125
153
206
285
314
277
240
249
287
321
339
361
367
349
375
451
501
481
446
451
465
492
509
497
478
445
419
402
400
439
467
448
406
350
308
286
288
314
332
324
285
246
244
261
262
223
164
122
82
74
100
123
181
238
251
241
209
184
211
254
243
217
199
161
169
224
254
270
258
215
199
211
237
244
212
192
158
124
104
79
83
114
146
127
96
66
26
-6
-45
-56
-68
-107
-130
-171
-206
-190
-190
-214
-234
-243
-279
-320
-301
-283
-314
-383
-436
-466
-499
-512
-490
-464
-469
-489
-504
-491
-450
-409
-389
-415
-463
-501
-501
-468
-440
-421
-403
-403
-398
-376
-383
-424
-482
-505
-496
-503
-487
-445
-418
-431
-420
-418
-454
-454
-442
-424
-381
-351
-328
-321
-338
-343
-325
-291
-294
-318
-312
-296
-269
-217
-143
-135
-124
-10
71
114
167
188
211
200
193
243
266
292
347
400
433
452
494
527
569
623
644
664
673
700
726
750
775
806
881
907
916
941
920
865
834
846
839
793
752
739
708
685
685
621
556
544
516
464
410
387
358
288
269
282
258
179
90
64
35
12
31
10
-66
-148
-203
-191
-163
-180
-193
-194
-213
-229
-225
-231
-264
-290
-320
-342
-372
-393
-398
-427
-450
-463
-480
-502
-515
-514
-522
-506
-472
-450
-462
-511
-540
-573
-599
-561
-541
-590
-639
-644
-607
-563
-536
-508
-498
-510
-519
-526
-501
-483
-494
-455
-400
-376
-351
-327
-287
-257
-234
-199
-163
-126
-133
-110
-51
-10
34
47
44
56
92
150
186
227
273
309
328
335
368
391
388
363
357
385
410
456
459
434
450
438
435
467
485
466
436
451
490
513
507
490
475
471
513
552
548
493
415
396
392
373
405
439
426
396
374
355
338
332
322
290
247
205
151
107
84
57
22
4
0
-28
-57
-86
-95
-112
-146
-133
-141
-200
-270
-302
-287
-297
-311
-320
-332
-365
-385
-368
-366
-366
-390
-406
-389
-388
-382
-372
-400
-440
-445
-399
-367
-363
-369
-375
-332
-291
-269
-271
-295
-279
-261
-254
-231
-206
-218
-239
-192
-114
-73
-64
-55
-42
-32
0
32
34
-9
-53
-82
-72
-32
-45
-71
-76
-92
-55
14
6
-29
-49
-82
-109
-109
-90
-100
-128
-138
-123
-111
-131
-141
-133
-132
-123
-117
-107
-103
-113
-81
-59
-49
-4
3
8
41
67
70
71
97
121
147
136
123
162
183
244
323
349
346
317
336
360
348
353
361
354
336
346
366
340
298
283
303
313
309
300
270
252
263
294
306
286
238
178
162
178
179
146
121
125
114
130
159
155
138
88
71
86
82
76
49
54
72
74
82
80
73
57
42
52
77
90
100
101
76
86
120
108
101
130
141
127
91
84
86
73
96
122
99
55
22
-30
-78
-106
-141
-142
-141
-168
-166
-175
-204
-197
-191
-212
-237
-269
-311
-350
-365
-372
-370
-392
-424
-412
-422
-423
-395
-382
-398
-402
-349
-319
-326
-323
-328
-328
-326
-295
-260
-277
-293
-294
-247
-216
-230
-205
-187
-180
-146
-100
-91
-121
-130
-122
-87
-58
-40
-27
-65
-67
-36
-27
-3
15
12
-29
-62
-47
-32
-39
-50
-31
-23
-26
14
51
80
90
64
54
41
39
60
64
69
76
87
82
67
73
81
85
85
99
123
116
93
94
123
147
168
166
156
147
119
147
193
174
136
117
139
165
187
201
169
155
168
178
205
238
261
272
253
235
260
270
234
224
248
249
241
249
265
261
253
283
293
279
262
230
233
240
242
255
234
219
224
223
211
213
219
193
141
101
109
115
107
130
133
113
72
36
28
6
-11
-34
-40
-28
-59
-91
-137
-139
-114
-161
-189
-218
-257
-267
-272
-275
-279
-271
-274
-286
-280
-269
-262
-285
-314
-348
-378
-393
-404
-387
-388
-414
-425
-428
-422
-416
-390
-368
-359
-340
-344
-353
-341
-332
-320
-301
-277
-261
-263
-270
-252
-221
-215
-214
-207
-193
-150
-123
-98
-69
-71
-70
-76
-68
-31
-20
-10
21
30
40
58
64
88
128
166
197
213
238
267
278
289
340
372
365
375
385
405
431
453
488
499
484
506
522
528
560
567
560
557
552
562
568
576
605
622
601
558
558
589
570
543
531
502
449
420
422
402
359
308
286
286
263
252
243
214
191
163
124
85
53
25
-11
-50
-69
-104
-156
-204
-241
-262
-286
-322
-363
-419
-472
-494
-499
-530
-589
-618
-631
-673
-709
-721
-730
-739
-747
-744
-738
-723
-728
-752
-753
-743
-709
-689
-700
-698
-682
-631
-597
-587
-550
-502
-468
-439
-409
-389
-374
-344
-309
-284
-256
-210
-167
-158
-150
-113
-79
-50
-13
23
38
35
69
115
110
114
168
229
254
233
231
262
285
294
314
352
377
408
442
463
486
506
512
515
544
576
562
550
563
571
573
558
546
554
557
550
562
560
518
489
483
480
478
467
454
440
416
393
381
373
357
326
280
243
217
195
167
113
76
68
50
37
17
-2
-45
-95
-136
-176
-203
-228
-247
-272
-328
-378
-399
-419
-443
-457
-473
-500
-528
-537
-552
-583
-597
-603
-603
-603
-615
-623
-619
-619
-609
-595
-599
-593
-572
-579
-576
-545
-520
-489
-471
-454
-421
-394
-365
-331
-310
-306
-296
-268
-228
-209
-186
-151
-144
-131
-99
-64
-44
-48
-37
-22
-13
12
28
39
58
83
107
124
161
182
162
155
185
215
227
233
239
240
241
257
278
280
271
278
283
287
293
298
312
318
306
323
347
338
327
325
327
329
340
335
324
342
352
346
335
334
324
306
309
307
300
282
267
267
260
265
281
281
272
244
222
231
235
223
202
165
140
133
121
126
132
124
122
117
109
119
124
114
102
102
101
77
56
35
26
9
-20
-6
-9
-16
10
8
4
11
16
19
21
18
1
-20
-22
-3
-3
-13
-26
-33
-18
-13
-4
1
-19
-37
-31
-6
-2
-11
-24
-49
-39
-21
-17
-22
-39
-52
-71
-68
-48
-56
-76
-96
-121
-137
-151
-163
-176
-173
-156
-139
-134
-129
-123
-130
-129
-112
-119
-133
-144
-175
-186
-174
-156
-147
-161
-161
-149
-132
-112
-109
-105
-90
-81
-78
-80
-78
-78
-80
-58
-40
-48
-41
-27
-25
-18
-21
-21
-15
-27
-29
-32
-38
-32
-25
-15
-14
-20
-28
-18
-10
-9
18
25
14
29
29
23
39
61
76
71
65
76
113
146
151
156
148
160
185
197
205
173
153
160
162
155
131
129
134
137
149
140
128
112
103
86
64
57
16
-21
-37
-49
-49
-60
-76
-87
-89
-106
-124
-119
-134
-168
-191
-204
-207
-224
-239
-248
-277
-284
-270
-263
-261
-277
-282
-275
-269
-269
-289
-296
-301
-308
-300
-298
-304
-297
-279
-268
-265
-253
-239
-220
-211
-210
-209
-208
-180
-147
-147
-154
-131
-104
-90
-76
-60
-33
-7
5
6
9
14
31
51
62
53
64
89
92
104
122
136
139
163
197
189
180
193
204
203
188
200
228
235
241
251
268
277
292
328
350
358
355
352
342
354
382
380
372
371
386
404
404
395
390
380
362
368
350
332
338
313
286
269
251
247
232
187
144
131
107
72
46
15
-2
-26
-42
-58
-95
-118
-141
-158
-181
-209
-219
-222
-225
-244
-250
-243
-253
-275
-292
-300
-314
-312
-318
-341
-335
-331
-338
-318
-291
-265
-254
-260
-245
-234
-238
-234
-214
-205
-219
-214
-178
-151
-137
-136
-126
-97
-83
-74
-72
-64
-61
-60
-52
-34
-16
-17
-17
-21
-16
15
30
15
16
41
43
48
62
55
67
91
88
100
112
115
130
148
160
141
142
169
156
155
158
156
160
165
181
185
185
185
181
184
181
189
203
194
194
198
203
193
183
181
168
165
138
130
124
96
87
69
68
68
49
30
-2
-21
-20
-28
-63
-98
-97
-105
-133
-157
-175
-196
-215
-215
-215
-241
-265
-271
-280
-298
-297
-284
-287
-292
-291
-300
-292
-284
-270
-270
-280
-256
-257
-256
-252
-247
-215
-201
-198
-194
-152
-111
-103
-93
-84
-72
-59
-23
8
-9
-10
24
36
38
44
57
83
102
113
115
110
125
155
157
165
184
200
222
208
196
222
235
221
217
224
230
240
244
245
242
243
255
256
240
244
255
236
225
226
220
209
204
204
190
169
157
152
151
128
106
105
92
80
87
96
86
64
47
29
26
26
17
2
-19
-35
-30
-40
-64
-66
-62
-71
-92
-94
-99
-106
-110
-120
-125
-136
-144
-143
-149
-168
-183
-172
-166
-172
-173
-186
-203
-191
-198
-220
-213
-203
-198
-210
-220
-212
-216
-209
-198
-194
-182
-178
-166
-158
-149
-151
-159
-124
-98
-97
-93
-83
-66
-55
-58
-32
-13
-21
0
8
11
16
19
33
38
55
64
63
59
56
75
94
104
105
100
110
108
100
97
86
74
64
62
52
51
59
51
48
45
35
26
29
23
4
-21
-28
-7
-18
-43
-41
-30
-30
-39
-43
-49
-54
-60
-57
-44
-46
-57
-53
-48
-45
-35
-31
-24
-22
-28
-23
-1
9
12
22
33
42
44
54
64
66
76
76
73
88
110
122
123
129
140
152
166
159
134
142
148
145
155
140
127
141
134
125
136
159
164
151
155
147
151
161
158
159
156
145
144
160
145
130
140
132
120
110
103
90
73
63
64
71
74
67
53
52
54
51
42
15
15
23
11
8
-2
-18
-28
-41
-48
-47
-47
-70
-88
-98
-117
-108
-117
-127
-123
-152
-159
-145
-153
-160
-164
-184
-182
-175
-188
-193
-193
-182
-181
-193
-183
-172
-183
-189
-196
-200
-186
-177
-174
-171
-175
-171
-165
-164
-167
-153
-139
-147
-148
-130
-115
-105
-92
-76
-57
-46
-27
-9
-8
12
20
32
59
71
86
81
90
119
111
124
144
142
146
153
168
183
193
191
191
210
216
206
217
227
212
195
196
209
194
179
165
140
141
137
116
97
82
72
52
40
33
18
2
-16
-31
-46
-39
-45
-68
-80
-106
-127
-114
-107
-130
-154
-172
-179
-174
-185
-190
-200
-217
-202
-206
-224
-218
-219
-226
-234
-238
-242
-247
-235
-227
-234
-234
-244
-240
-228
-230
-232
-235
-220
-213
-213
-201
-195
-195
-190
-184
-172
-154
-151
-159
-150
-132
-113
-106
-111
-102
-86
-72
-60
-58
-50
-37
-28
-7
12
28
49
51
48
63
88
116
119
108
126
140
151
175
182
189
199
202
208
217
220
216
215
228
244
242
251
252
246
247
253
259
249
254
253
243
252
245
239
242
226
222
215
200
201
199
188
167
154
148
136
123
118
121
112
105
118
116
96
82
74
74
66
62
61
45
45
44
32
30
44
43
7
5
29
28
19
20
27
30
28
27
31
28
14
1
1
7
7
4
-1
-20
-31
-16
2
-5
-13
-3
1
-3
1
-12
-19
-13
-17
-13
-18
-20
-8
-16
-26
-33
-35
-41
-50
-53
-59
-76
-75
-63
-71
-63
-57
-64
-65
-72
-73
-65
-67
-77
-83
-74
-76
-95
-90
-79
-98
-101
-92
-90
-104
-108
-105
-117
-98
-79
-81
-85
-89
-75
-78
-77
-71
-85
-92
-101
-101
-80
-80
-79
-65
-54
-31
-29
-37
-23
-19
-18
-10
-1
-12
-8
20
15
11
26
30
25
30
37
41
43
43
50
51
56
54
65
83
78
97
107
101
100
96
108
115
105
104
104
98
101
112
116
115
105
89
84
88
88
87
84
66
72
87
70
61
65
56
46
46
39
23
15
9
3
-15
-22
-17
-34
-40
-39
-48
-58
-73
-73
-75
-79
-86
-89
-81
-83
-83
-82
-81
-96
-125
-126
-119
-132
-144
-130
-131
-140
-129
-126
-134
-135
-121
-117
-129
-138
-146
-151
-148
-148
-146
-135
-135
-135
-140
-143
-139
-144
-138
-130
-126
-115
-122
-133
-121
-103
-101
-97
-92
-83
-71
-59
-51
-51
-46
-42
-27
4
3
-3
6
14
32
39
35
40
40
43
56
63
75
69
62
89
104
98
100
89
80
89
90
107
111
94
107
102
105
118
105
104
103
110
101
96
102
88
90
99
95
101
119
115
107
120
121
115
99
85
85
91
85
68
74
84
87
74
70
78
62
58
63
46
44
33
15
18
14
4
0
-4
-16
-30
-37
-44
-44
-49
-57
-53
-54
-73
-82
-90
-94
-89
-92
-89
-103
-113
-105
-113
-118
-97
-97
-105
-90
-86
-85
-84
-92
-90
-91
-85
-67
-59
-53
-49
-47
-38
-33
-27
-22
-17
-18
-17
-13
-17
-13
3
6
10
23
30
51
71
61
63
87
99
108
120
114
116
127
135
140
137
150
162
159
170
169
158
164
175
183
189
195
180
189
212
217
208
198
211
225
212
209
210
198
186
188
197
186
182
182
165
169
167
151
149
139
140
144
128
132
114
96
100
86
80
66
39
30
32
25
19
17
8
0
-19
-15
-16
-39
-45
-55
-62
-73
-91
-98
-105
-111
-112
-117
-126
-125
-120
-127
-127
-120
-127
-145
-148
-144
-151
-152
-152
-153
-143
-133
-122
-115
-121
-126
-118
-115
-115
-114
-107
-105
-123
-119
-112
-114
-111
-109
-95
-87
-94
-90
-78
-83
-92
-85
-87
-94
-99
-97
-109
-126
-107
-104
-110
-101
-104
-106
-108
-108
-100
-102
-101
-117
-134
-130
-138
-161
-169
-166
-165
-164
-165
-179
-177
-170
-166
-171
-174
-173
-176
-178
-193
-189
-181
-198
-208
-206
-202
-196
-186
-180
-182
-184
-174
-173
-190
-185
-181
-173
-164
-171
-165
-160
-142
-131
-135
-128
-121
-123
-115
-104
-102
-89
-77
-82
-69
-51
-49
-41
-25
-22
-21
-8
12
22
27
30
26
25
31
45
53
41
44
53
57
63
66
78
88
99
107
122
137
128
125
137
145
135
127
137
139
139
149
155
160
162
169
168
161
164
167
169
171
169
165
176
181
164
156
150
145
138
132
129
125
119
104
93
92
99
89
76
76
76
72
58
61
55
34
37
26
17
22
11
9
11
0
11
15
-6
-2
-9
-11
12
8
11
22
25
35
38
32
39
48
39
49
66
54
54
65
73
81
90
85
82
82
72
80
83
80
82
79
84
90
95
106
113
108
110
115
100
97
103
98
103
101
99
95
91
96
111
110
107
118
109
100
103
106
90
84
98
89
96
107
89
84
91
91
92
96
98
94
88
95
89
81
88
77
76
86
86
89
78
70
77
61
50
50
44
26
16
23
15
-2
-9
-10
-8
-3
-11
-15
-7
-14
-26
-35
-38
-45
-61
-69
-87
-106
-103
-93
-105
-109
-104
-121
-108
-95
-115
-113
-117
-124
-123
-135
-143
-136
-144
-155
-156
-162
-157
-160
-160
-146
-154
-152
-142
-145
-142
-145
-138
-131
-127
-119
-119
-116
-125
-125
-121
-120
-119
-105
-104
-117
-111
-122
-117
-107
-115
-110
-108
-111
-106
-110
-112
-99
-98
-91
-85
-108
-108
-106
-115
-105
-109
-115
-102
-96
-95
-97
-102
-93
-81
-86
-77
-66
-70
-70
-76
-82
-89
-99
-96
-82
-71
-63
-55
-52
-47
-39
-33
-21
-8
-9
-4
-3
-18
-4
7
2
8
9
8
10
16
29
32
34
44
49
46
59
58
53
72
64
53
62
67
71
70
77
70
62
72
68
66
72
72
72
80
80
74
79
87
77
70
75
68
71
81
81
73
67
65
71
88
75
56
65
63
53
57
57
43
34
36
43
42
30
30
37
37
34
35
36
27
20
21
15
5
6
7
-12
-25
-30
-28
-28
-43
-38
-30
-26
-24
-35
-30
-38
-47
-38
-48
-62
-64
-66
-76
-96
-100
-99
-109
-107
-91
-86
-88
-87
-81
-69
-69
-73
-64
-58
-64
-59
-55
-69
-72
-60
-51
-49
-49
-37
-31
-34
-28
-13
5
3
12
41
57
66
68
64
64
63
76
87
77
75
70
76
93
102
109
111
108
109
124
129
128
142
140
145
153
135
141
142
129
131
117
103
112
117
122
131
138
142
146
153
155
165
163
155
148
127
124
122
105
102
94
76
74
67
58
70
77
73
70
82
71
59
67
62
64
67
54
48
40
27
13
5
0
-4
-7
-9
-5
9
8
4
12
6
-1
-10
-13
-12
-23
-32
-48
-55
-62
-61
-63
-73
-61
-63
-67
-64
-61
-60
-62
-57
-56
-47
-42
-46
-39
-43
-58
-58
-54
-62
-65
-62
-69
-72
-76
-75
-68
-67
-60
-52
-50
-63
-63
-49
-55
-60
-63
-72
-90
-97
-96
-109
-116
-124
-127
-123
-132
-125
-109
-117
-122
-128
-132
-107
-114
-123
-106
-113
-127
-139
-142
-145
-146
-124
-121
-142
-159
-162
-167
-158
-143
-142
-135
-142
-140
-124
-121
-113
-106
-100
-107
-118
-127
-128
-120
-131
-129
-105
-110
-112
-92
-84
-73
-67
-77
-65
-49
-51
-32
-19
-14
-3
-11
-3
13
20
31
29
29
39
47
40
40
51
47
51
72
79
83
82
91
116
122
118
115
114
107
92
89
86
70
68
82
92
96
86
78
95
115
115
125
137
139
140
130
128
124
104
89
90
86
70
55
39
50
58
52
64
67
54
55
45
33
40
24
4
0
-6
-12
-17
-21
-23
-16
-25
-21
-20
-24
-12
-16
-13
-6
-16
-3
6
6
22
24
22
17
-10
-14
-1
-11
-13
-11
-28
-34
-38
-44
-30
-30
-27
-17
-24
-8
0
0
12
18
24
23
11
4
5
3
7
9
13
36
60
73
85
102
119
127
139
149
156
165
152
143
150
145
153
161
161
165
157
161
174
181
197
197
187
203
208
200
191
188
181
168
164
164
163
159
168
156
144
149
134
135
147
142
133
134
120
110
123
99
85
89
72
56
36
27
37
33
19
6
-10
-43
-66
-81
-91
-90
-106
-116
-109
-115
-117
-125
-138
-152
-166
-173
-184
-209
-220
-227
-245
-236
-221
-227
-226
-229
-225
-205
-216
-216
-203
-209
-209
-202
-209
-214
-207
-204
-206
-212
-220
-225
-228
-227
-213
-211
-217
-213
-200
-192
-191
-177
-176
-191
-195
-191
-184
-174
-160
-153
-126
-100
-95
-83
-83
-72
-65
-60
-41
-43
-54
-55
-42
-27
-18
-6
5
23
40
44
49
50
49
46
30
17
19
11
15
24
21
36
47
44
54
64
61
65
62
51
63
70
63
59
59
64
54
45
53
42
27
27
32
42
50
58
60
49
48
54
46
46
37
19
20
29
39
33
38
30
22
14
-16
4
14
1
22
14
7
32
44
41
41
52
35
22
43
40
27
26
26
33
26
27
41
34
43
48
39
49
61
76
95
108
107
91
83
80
76
64
49
36
14
5
2
-1
18
25
30
38
32
33
31
41
55
41
32
24
7
13
14
22
39
21
22
29
36
54
52
47
30
11
22
27
37
44
34
28
36
38
24
27
23
1
-14
-18
-18
-16
2
-1
-18
-21
-39
-45
-35
-32
-29
-39
-48
-29
-25
-3
27
24
10
-13
-32
-40
-20
4
-3
-20
-36
-31
-24
-10
5
3
13
12
16
27
28
40
39
26
16
-10
-27
-16
-4
-4
7
17
18
23
34
23
5
9
-12
-28
-5
-2
15
38
34
35
20
34
62
49
48
29
5
4
1
12
24
27
27
24
30
33
46
66
67
50
31
26
20
30
32
3
-14
-29
-32
-12
10
17
21
11
-12
-16
3
31
47
44
26
5
-5
1
9
6
0
-3
-4
-1
1
10
35
52
38
31
24
14
23
22
19
17
21
17
13
6
-7
-5
-3
-5
6
19
19
19
20
1
-14
-16
-22
-27
-42
-49
-44
-42
-24
-28
-42
-28
-37
-54
-55
-52
-52
-43
-18
-22
-44
-46
-44
-55
-46
-46
-63
-52
-49
-37
-30
-32
-10
-16
-45
-50
-59
-64
-36
-14
-3
4
5
-15
-23
-36
-54
-55
-57
-38
-23
-22
1
21
8
1
2
-17
-11
-8
-23
-13
-8
3
24
29
44
33
5
-13
-25
-22
-11
11
21
24
36
24
24
35
18
1
-11
-23
-30
-15
4
13
23
31
9
-21
-28
-30
-31
-24
-22
-27
-49
-57
-49
-47
-38
-42
-37
-38
-55
-50
-50
-39
-12
-24
-39
-57
-95
-103
-79
-53
-32
-31
-41
-40
-26
-25
-15
-3
8
11
-18
-37
-38
-23
-5
1
8
-5
-20
-26
-17
5
24
36
52
45
21
21
30
32
47
60
45
29
18
28
42
43
64
68
56
59
57
63
85
93
74
59
51
45
56
65
57
59
59
52
43
42
53
55
63
60
49
38
43
55
48
45
21
23
43
34
42
60
69
72
67
53
56
64
52
42
23
6
10
28
49
57
67
74
55
52
47
37
40
41
56
41
23
38
40
48
50
42
32
27
44
42
34
56
59
74
91
75
87
93
92
99
94
97
99
70
44
58
64
72
87
80
67
54
51
59
82
103
113
110
71
39
30
35
58
60
34
3
-30
-54
-49
-21
1
19
6
-29
-45
-58
-36
-3
-20
-57
-98
-134
-139
-118
-102
-91
-89
-121
-147
-163
-164
-121
-92
-106
-133
-163
-190
-187
-174
-155
-115
-133
-182
-194
-219
-219
-154
-142
-151
-151
-182
-179
-161
-148
-119
-125
-154
-159
-174
-192
-167
-128
-108
-99
-104
-116
-112
-105
-90
-70
-81
-101
-86
-96
-105
-71
-60
-41
-13
-26
-44
-46
-51
-41
-30
-15
13
5
-6
-6
-5
10
33
42
35
45
45
29
34
40
53
59
39
23
27
29
47
67
69
68
66
78
82
75
87
102
100
75
40
16
15
36
59
74
88
80
72
72
45
51
66
49
41
32
32
55
72
94
106
93
70
33
10
25
53
61
56
51
24
33
65
69
86
85
64
75
71
72
105
130
138
125
54
14
31
30
55
81
72
80
91
84
76
75
75
68
56
34
39
55
68
93
69
34
34
11
-12
-6
2
16
17
5
18
45
64
78
83
63
53
56
22
2
11
-9
-13
3
-11
-6
8
8
29
23
10
29
33
33
27
22
33
37
33
10
-6
-12
-25
-31
-38
-3
54
65
55
44
52
58
50
55
48
59
76
60
55
74
98
93
58
31
15
-6
-8
25
51
58
84
96
71
44
41
43
47
42
15
-5
4
31
31
5
-6
-10
-29
-51
-68
-59
-13
3
-12
-20
-18
-33
-65
-73
-60
-70
-88
-105
-122
-118
-126
-122
-99
-84
-73
-99
-133
-167
-198
-188
-149
-120
-136
-160
-177
-188
-163
-158
-182
-184
-187
-196
-216
-232
-199
-151
-131
-130
-136
-149
-174
-188
-183
-170
-167
-180
-185
-158
-130
-127
-140
-153
-136
-121
-129
-104
-77
-68
-49
-64
-93
-124
-152
-142
-124
-95
-78
-75
-39
-3
10
-7
-12
30
47
4
-43
-48
-21
0
-23
-18
32
54
69
55
43
86
99
99
113
109
92
62
32
30
56
52
42
90
129
135
124
115
150
177
151
130
133
128
78
18
25
88
114
102
130
172
170
126
80
86
130
167
176
199
228
218
181
112
65
53
23
5
43
121
158
184
217
232
253
219
154
147
143
120
99
64
73
105
69
49
54
55
78
103
142
181
165
111
83
82
69
48
35
35
42
7
-46
-31
-2
15
40
7
-24
-13
-3
22
47
54
38
-30
-99
-128
-126
-124
-115
-68
-43
-54
-68
-100
-119
-103
-82
-66
-63
-73
-83
-100
-138
-166
-163
-155
-136
-100
-82
-59
-29
-30
-43
-68
-89
-106
-149
-168
-153
-126
-79
-61
-57
-39
-8
22
2
-20
-13
-19
-20
-46
-80
-71
-34
-11
-11
3
20
31
31
4
-7
25
39
14
4
9
10
50
83
71
39
-15
-40
-23
13
43
50
57
67
58
5
-37
-29
3
17
15
11
17
45
48
40
36
-13
-44
-37
-33
8
43
23
13
24
1
-50
-80
-70
-30
16
25
33
54
50
32
-4
-31
-26
-43
-55
-19
14
4
-16
-23
-54
-63
-30
-15
16
66
70
57
51
28
4
-25
-47
-42
-47
-34
4
17
31
31
-8
-29
-17
-3
29
74
74
48
45
25
-3
-5
-8
-27
-37
-35
-19
26
77
113
103
47
-23
-73
-78
-48
2
32
53
69
40
13
7
-4
-2
10
27
23
-11
-22
-4
-10
-17
-7
-12
-39
-62
-59
-63
-34
34
81
98
79
29
-44
-95
-84
-53
-24
-10
-35
-67
-53
-26
7
24
46
56
14
30
38
13
34
48
38
29
13
-5
7
6
-28
-36
-15
-4
-16
-20
-23
-14
24
53
55
65
77
61
26
3
26
36
36
70
58
-19
-57
-84
-97
-44
-19
-11
3
3
30
54
20
20
30
-20
-22
-28
-62
-47
-23
-7
-11
-55
-107
-111
-82
-51
-34
-31
-16
13
25
0
-6
-2
-15
-34
-61
-36
12
26
29
30
-11
-79
-101
-74
-36
6
34
34
44
69
57
36
13
-7
-10
-45
-43
9
43
69
72
58
5
-61
-99
-100
-46
-4
14
42
83
92
44
-31
-56
-38
-21
-14
-23
4
27
41
38
5
29
23
-37
-79
-74
-30
-3
13
25
17
-21
-52
-56
-27
7
11
33
53
51
33
6
-4
-12
-37
-66
-61
-2
68
84
89
113
103
81
53
53
92
97
78
65
70
85
75
49
30
54
95
123
115
91
95
92
92
81
61
69
69
54
41
29
18
41
89
117
126
100
99
97
52
30
22
5
-4
-9
-8
34
56
43
56
61
70
53
39
65
65
39
-11
-73
-106
-113
-111
-62
4
15
-2
-21
-4
26
11
-26
-54
-66
-74
-92
-116
-92
-44
-80
-131
-131
-105
-59
-62
-85
-91
-112
-115
-105
-58
6
-20
-69
-106
-154
-158
-153
-174
-170
-151
-138
-138
-145
-117
-82
-83
-122
-145
-146
-146
-119
-92
-81
-98
-155
-181
-168
-163
-147
-146
-137
-99
-93
-98
-88
-69
-55
-79
-97
-105
-109
-98
-111
-98
-60
-49
-38
-49
-67
-48
-40
-64
-72
-81
-77
-60
-52
-49
-62
-39
7
9
1
23
64
61
26
0
-3
11
27
37
35
42
43
40
67
92
88
102
105
65
35
35
80
140
162
134
96
70
76
113
99
106
155
156
142
151
182
206
204
165
103
56
19
32
103
173
235
282
256
216
191
141
114
95
75
103
140
157
196
232
195
139
113
81
67
98
145
188
191
159
148
107
47
26
13
13
29
44
103
175
182
135
70
17
-21
-60
-55
11
70
86
74
44
48
46
28
34
24
-7
-31
-53
-17
36
29
4
-34
-67
-105
-150
-125
-48
12
38
19
-29
-72
-110
-110
-55
-20
-34
-90
-118
-102
-85
-85
-89
-68
-30
-32
-88
-108
-97
-80
-61
-59
-69
-105
-142
-150
-102
-69
-82
-89
-77
-54
-51
-64
-94
-98
-76
-98
-160
-186
-138
-96
-61
-13
-1
-28
-86
-125
-104
-70
-62
-62
-63
-42
-20
-52
-67
-48
-60
-76
-88
-100
-65
-24
-11
21
20
-4
-8
-27
-42
-67
-110
-111
-77
-49
-28
8
47
37
-34
-91
-110
-112
-92
-49
24
71
62
25
-2
-16
-34
-55
-49
-1
53
56
4
-39
-21
18
-7
-63
-78
-44
-9
0
37
89
96
54
7
-6
-32
-51
-35
-16
-3
-49
-100
-78
-17
17
34
61
49
10
-23
-13
33
54
55
45
16
2
-24
-55
-7
43
30
-26
-70
-54
-7
52
66
74
91
63
30
-7
-16
-4
-9
-30
-54
-72
-91
-50
10
51
61
43
50
77
118
100
51
42
39
35
19
16
42
49
41
63
82
95
121
143
179
182
139
123
93
56
69
67
40
56
84
133
202
229
230
179
110
79
77
87
76
81
129
150
117
88
101
124
123
113
109
113
113
85
79
99
96
72
48
68
70
32
23
36
67
87
69
46
31
23
-1
-32
-33
-42
-62
-102
-135
-87
-48
-20
1
-44
-70
-71
-90
-86
-67
-62
-69
-82
-92
-96
-114
-115
-89
-98
-121
-116
-94
-63
-44
-68
-82
-69
-78
-103
-119
-133
-152
-174
-184
-152
-115
-97
-75
-71
-72
-50
-17
-39
-80
-112
-151
-152
-149
-128
-68
-31
-32
-55
-50
-17
16
30
44
36
-11
-34
-39
-48
-53
-45
-48
-45
-45
-52
-28
-37
-51
-43
-62
-65
-61
-20
58
62
17
-5
-24
-53
-72
-101
-87
-65
-86
-83
-57
-12
16
-9
-22
29
49
11
-19
-46
-45
-21
-8
-3
-8
-13
-8
7
-18
-14
28
33
52
63
57
69
63
61
79
73
47
41
46
52
74
86
87
98
87
64
74
85
94
122
117
118
145
154
174
175
149
125
118
135
141
157
176
186
182
138
114
97
86
119
120
88
89
112
122
112
103
67
-7
-43
-46
-26
43
88
107
110
66
17
3
-16
-43
-41
-26
-4
-16
-51
-44
-26
-6
-18
-54
-80
-99
-111
-143
-135
-99
-87
-95
-113
-98
-106
-139
-152
-127
-111
-147
-166
-181
-168
-128
-114
-84
-76
-81
-80
-86
-98
-117
-113
-133
-173
-173
-154
-128
-98
-62
-13
-12
-46
-63
-99
-140
-134
-102
-72
-49
-51
-48
-36
-49
-65
-70
-64
-60
-88
-88
-65
-58
-43
-55
-77
-71
-55
-53
-64
-75
-91
-88
-105
-88
-42
-35
5
4
-32
-24
-34
-41
-38
-45
-40
-29
-44
-43
-38
-54
-54
-60
-65
-48
-21
-7
10
24
11
5
3
-23
-44
-54
-66
-43
-26
-22
-7
-19
7
80
107
106
98
91
78
51
34
32
39
44
45
28
29
61
103
135
114
108
128
99
64
44
53
111
130
98
76
75
78
58
56
79
97
109
124
125
119
134
131
98
72
49
32
31
52
92
117
114
104
118
108
98
126
159
151
114
102
89
70
47
28
38
52
51
46
55
78
132
182
180
156
134
82
15
0
30
58
34
-4
-9
1
41
84
112
128
134
125
106
93
87
90
71
41
18
-10
11
51
74
117
119
69
35
11
15
42
59
80
80
44
11
-19
-24
-3
-2
-19
4
3
-18
5
15
27
24
-19
-49
-54
-71
-71
-70
-91
-83
-85
-107
-85
-59
-61
-39
-36
-46
-44
-70
-90
-85
-100
-131
-137
-133
-131
-117
-112
-107
-94
-93
-89
-113
-98
-54
-61
-65
-68
-75
-91
-134
-140
-107
-93
-102
-116
-118
-92
-68
-79
-106
-101
-100
-117
-123
-130
-100
-61
-47
-28
-37
-53
-57
-83
-78
-51
-55
-48
-47
-50
-63
-89
-79
-59
-33
-11
-22
-32
-37
-14
27
39
36
31
23
18
18
8
3
4
-8
-12
-28
-37
-20
0
10
13
2
7
33
31
23
26
23
21
18
-4
-37
-47
-4
34
24
20
16
3
8
19
36
47
26
-14
-24
-23
-9
44
65
47
55
52
9
-13
-6
1
9
-3
8
30
29
76
119
101
63
35
4
11
25
53
98
87
80
63
41
51
65
79
70
42
0
-20
-13
-21
21
90
94
76
54
34
63
86
79
58
23
34
52
51
66
71
68
57
32
15
13
31
53
50
67
84
80
95
113
103
93
90
73
53
30
37
62
52
41
41
42
50
50
45
30
17
3
-12
-15
-24
-43
-39
-18
-19
11
36
11
13
8
-26
-53
-58
-34
-13
-35
-52
-19
-28
-61
-54
-62
-62
-39
-34
-34
-26
-21
-9
-30
-83
-122
-156
-185
-167
-124
-125
-126
-118
-121
-108
-125
-133
-88
-37
-36
-43
-61
-91
-68
-89
-142
-156
-176
-176
-164
-138
-74
-22
-27
-55
-72
-94
-107
-92
-69
-42
-18
-6
-5
-23
-35
-40
-44
-52
-70
-57
-45
-39
8
14
-6
-22
-64
-85
-86
-58
5
49
73
73
46
26
27
1
-42
-39
-28
-21
-29
-25
26
63
91
79
54
59
58
79
98
100
126
113
67
49
43
39
44
54
77
100
86
69
84
120
149
132
102
113
122
108
118
141
180
194
140
91
91
128
146
138
164
205
198
168
156
144
132
127
121
117
111
109
95
107
130
131
129
85
59
59
40
52
72
66
44
22
3
15
33
37
49
69
77
45
16
28
47
42
31
20
-16
-39
-27
-3
2
-4
-13
-48
-60
-58
-80
-79
-70
-46
-33
-80
-88
-50
-44
-35
-30
-58
-60
-75
-106
-71
-26
-35
-50
-49
-70
-81
-77
-58
-31
-27
-28
-29
-31
-10
-12
-44
-55
-87
-144
-167
-151
-140
-137
-117
-93
-62
-41
-68
-94
-85
-82
-111
-158
-152
-113
-95
-86
-80
-85
-108
-136
-159
-149
-120
-124
-127
-113
-104
-96
-93
-89
-77
-67
-76
-96
-93
-83
-57
-66
-113
-101
-95
-99
-77
-57
-35
-25
-31
-29
-17
-19
-25
-54
-99
-97
-101
-117
-93
-65
-66
-58
-32
-31
-39
-58
-79
-79
-95
-87
-53
-36
-30
-11
3
10
28
3
-7
-3
-30
-38
-32
-31
-30
-12
-15
-24
-3
23
47
74
88
68
49
34
29
30
20
24
23
20
33
55
82
112
147
137
89
72
86
97
98
104
124
130
120
103
86
102
139
133
106
92
61
43
68
95
134
165
151
149
142
125
125
123
118
100
54
29
51
70
105
153
179
192
183
157
137
145
158
138
82
48
71
94
102
134
180
198
181
140
82
72
88
71
56
46
67
95
106
120
117
124
125
102
65
13
-15
-22
-2
23
-2
7
45
64
103
107
73
52
24
3
-19
-51
-49
-39
-45
-33
-24
-23
-4
9
-5
-34
-43
-36
-79
-104
-92
-89
-82
-99
-111
-102
-95
-79
-83
-92
-81
-75
-81
-93
-91
-85
-81
-88
-104
-111
-115
-100
-80
-86
-99
-113
-119
-103
-101
-106
-81
-79
-88
-104
-129
-119
-129
-157
-165
-197
-218
-179
-142
-96
-38
-36
-47
-43
-36
-45
-112
-164
-181
-190
-168
-159
-148
-101
-38
-1
-8
-7
-12
-66
-90
-91
-110
-112
-106
-89
-63
-52
-55
-63
-61
-55
-33
-28
-24
11
9
0
-6
-40
-43
-56
-74
-67
-60
-31
9
51
82
60
15
2
-2
-10
-10
-14
-16
-11
-8
11
25
37
62
40
11
-11
-32
-4
30
42
47
45
46
32
7
11
25
34
15
6
24
45
81
85
78
99
114
102
83
90
82
86
99
67
62
70
64
83
112
139
139
118
124
143
141
128
104
74
61
39
6
-7
18
60
90
96
117
129
128
123
100
83
58
37
29
26
63
79
63
65
64
57
40
26
44
49
43
47
58
98
116
98
77
39
6
-4
-5
-2
25
53
43
29
45
42
28
5
-10
17
15
-15
-10
-4
-10
-19
-46
-56
-30
-5
26
54
57
41
1
-28
-49
-74
-90
-80
-24
41
65
72
61
47
52
22
-23
-52
-58
-44
-22
-12
-25
-19
-13
-20
-17
-15
-11
-24
-36
-8
18
7
-4
-26
-37
-50
-70
-64
-58
-34
-20
-34
-37
-45
-53
-55
-72
-87
-93
-71
-40
-50
-75
-68
-56
-88
-110
-106
-109
-85
-91
-109
-90
-87
-80
-85
-105
-103
-101
-69
-22
0
-21
-63
-73
-85
-105
-107
-104
-117
-136
-138
-131
-99
-68
-68
-65
-62
-78
-86
-89
-84
-54
-52
-68
-97
-130
-114
-81
-56
-39
-16
-27
-48
-32
-29
-34
-28
-29
-40
-55
-66
-63
-43
-23
-7
11
16
9
1
-11
2
20
11
5
-4
-18
-12
-4
-1
34
66
63
50
36
30
53
84
101
111
92
68
66
83
94
92
98
99
74
60
80
111
131
135
123
101
96
97
92
124
155
172
170
122
83
66
73
87
69
76
106
107
104
131
169
186
167
118
85
63
46
66
71
75
96
67
34
41
77
105
104
89
64
52
57
52
39
28
12
-3
-12
-23
-15
-4
2
10
0
-37
-47
-41
-27
-3
-10
3
22
5
-13
-33
-38
-50
-75
-88
-102
-87
-41
-21
-24
-39
-54
-51
-81
-148
-148
-127
-107
-57
-56
-59
-41
-37
-36
-51
-80
-95
-119
-153
-142
-108
-81
-73
-71
-74
-88
-110
-136
-135
-101
-58
-41
-60
-60
-34
-9
-3
-23
-62
-111
-143
-150
-130
-100
-77
-56
-42
-35
-57
-57
-46
-54
-46
-60
-75
-91
-111
-94
-87
-68
-43
-56
-89
-101
-71
-29
-5
-6
-13
-27
-23
-21
-41
-33
-4
2
-17
-26
-16
5
29
39
41
43
38
20
17
31
46
27
-26
-53
-36
-6
19
35
40
67
91
61
62
105
116
120
110
85
75
53
60
95
119
139
136
115
120
168
187
176
186
175
136
104
93
101
111
115
124
133
118
103
100
111
132
145
136
98
59
51
57
65
72
79
76
39
7
29
73
106
100
72
69
54
34
49
60
65
60
19
-36
-64
-61
-46
-23
-15
-16
-3
27
46
30
4
-17
-38
-70
-95
-106
-103
-86
-73
-59
-44
-9
-17
-70
-81
-59
-48
-38
-10
-9
-21
-32
-58
-69
-72
-56
-49
-64
-69
-63
-31
8
24
-5
-56
-85
-103
-114
-103
-83
-66
-45
-42
-59
-47
-16
-5
-16
-34
-43
-46
-45
-39
-31
-24
-24
-32
-28
-9
15
27
13
-7
-22
-27
-9
17
24
17
16
11
15
12
-5
3
0
-10
-19
-38
-13
34
46
44
25
-6
-23
-42
-54
-29
-5
3
-5
-19
5
45
38
25
37
15
-48
-93
-86
-46
-8
-3
-28
-29
-38
-67
-37
7
22
29
8
-24
-16
-5
-25
-20
-28
-65
-90
-114
-91
-38
-19
-14
-17
-23
-38
-61
-64
-45
-30
-32
-30
-10
-3
-8
1
-3
-15
-27
-48
-68
-65
-42
-18
2
13
34
40
11
-13
-19
-21
-20
-30
-30
-1
14
12
22
26
15
7
-21
-49
-68
-90
-76
-37
-6
27
42
24
17
35
42
41
46
57
63
60
57
63
59
45
40
34
26
20
3
12
28
35
48
67
83
83
83
86
88
82
58
42
40
30
15
22
68
108
119
117
106
94
80
85
87
80
79
64
58
71
90
111
118
117
109
78
27
-15
-13
-5
-10
-5
-7
5
10
11
41
57
54
22
-22
-32
-14
-6
-27
-16
0
-15
-20
-21
-18
-15
-27
-35
-40
-44
-38
-56
-69
-33
-48
-109
-121
-113
-102
-80
-85
-86
-55
-53
-83
-92
-79
-85
-118
-114
-75
-68
-74
-78
-84
-82
-89
-121
-152
-124
-84
-82
-78
-46
-3
-7
-36
-45
-34
-35
-72
-92
-78
-72
-72
-75
-58
-35
-66
-106
-123
-117
-95
-70
-22
18
40
22
-21
-27
-22
-15
-12
-18
-25
-26
-27
-20
22
52
54
51
37
19
16
25
31
32
33
25
12
26
67
79
56
54
56
40
50
63
71
81
56
39
42
29
21
12
39
62
51
69
84
85
77
80
102
112
114
112
91
55
36
13
4
46
83
88
82
70
77
83
86
93
85
73
56
38
54
81
83
84
97
97
69
43
34
39
43
34
45
56
55
51
48
52
52
48
22
14
30
37
57
57
60
76
37
-5
-20
-14
5
6
28
66
71
60
61
46
23
-4
-45
-47
-40
-64
-62
-32
-6
15
3
-8
4
-10
-43
-64
-55
-36
-56
-68
-57
-56
-55
-52
-39
-20
-13
-15
-13
-28
-52
-74
-83
-57
-44
-22
7
-7
-1
9
-5
-11
-13
-14
-42
-65
-64
-51
-49
-64
-62
-69
-85
-83
-59
-40
-24
-22
-25
-6
-4
-9
-11
-22
-54
-74
-74
-88
-73
-51
-54
-37
-21
-19
-13
-12
-13
-10
-30
-48
-50
-51
-54
-55
-54
-48
-43
-54
-63
-58
-35
-46
-74
-88
-119
-124
-127
-129
-92
-74
-65
-56
-51
-36
-29
-19
-2
-1
-33
-74
-90
-89
-73
-50
-35
-25
-25
-16
-5
9
31
40
29
23
19
14
26
30
31
22
-4
-17
-20
-16
-5
-1
4
6
-12
-17
-3
12
43
50
43
28
-5
-27
-31
-13
7
23
39
44
37
52
64
64
77
64
43
26
9
19
36
35
54
51
13
12
14
22
37
46
73
92
96
86
80
90
80
46
3
-23
-20
-4
28
69
115
157
169
155
132
126
115
93
81
69
48
52
53
45
58
54
59
93
109
122
128
118
111
87
38
20
18
1
-6
-7
2
22
49
53
56
67
47
25
-1
-13
-13
-24
-16
-4
-6
-13
-10
-1
4
17
23
30
44
38
11
2
2
-6
-14
-50
-66
-43
-30
-17
8
26
24
11
-12
-39
-57
-75
-93
-95
-75
-48
-32
-25
-36
-34
-37
-60
-68
-69
-75
-88
-85
-62
-36
-42
-60
-64
-90
-108
-97
-82
-69
-68
-78
-87
-82
-75
-67
-71
-81
-71
-67
-78
-93
-79
-62
-85
-91
-104
-114
-109
-124
-115
-85
-64
-58
-48
-45
-53
-53
-66
-67
-68
-88
-95
-102
-105
-91
-76
-78
-71
-67
-87
-88
-67
-52
-35
-25
-29
-31
-36
-78
-113
-114
-103
-87
-80
-60
-24
-20
-20
-6
-13
-28
-44
-91
-113
-98
-89
-61
-22
-17
-31
-34
-31
-16
-14
-27
2
27
13
-3
0
-7
-1
24
32
35
34
28
7
0
9
25
41
34
40
26
3
9
35
71
97
99
65
38
31
39
74
106
122
99
53
43
36
20
21
43
75
79
98
116
102
121
149
117
99
99
62
22
1
35
95
129
128
104
74
41
54
52
47
86
114
117
127
144
141
156
178
165
116
63
50
74
88
123
148
125
124
141
113
99
141
152
137
118
76
44
43
49
65
87
75
83
48
-5
32
65
65
82
73
24
15
17
7
7
12
37
51
51
49
42
41
68
115
108
52
39
38
18
58
91
78
62
26
-9
-21
7
37
16
-14
-23
-16
-19
-21
-5
-3
-11
-6
-1
-24
-55
-40
-34
-7
50
64
35
3
15
16
17
22
28
-5
-19
25
-18
-16
59
70
6
-51
-85
-120
-90
-88
-122
-95
-86
-71
-44
-80
-82
-67
-114
-111
-96
-151
-196
-147
-100
-111
-106
-90
-146
-174
-139
-129
-136
-169
-164
-371
-402
-1
160
73
-48
-45
-6
98
208
21
-205
-259
-151
-15
-2
-77
-159
-295
-293
-108
-43
-33
4
-10
-122
-118
55
78
-60
-156
-155
-117
-26
67
-41
-214
-164
-80
-109
-159
-152
-77
57
271
285
120
30
13
71
118
96
27
-74
-131
-124
-124
-116
-106
-114
-72
-25
7
13
-5
-3
-23
-21
107
219
166
97
78
66
50
43
44
27
20
52
83
51
52
65
-10
-69
-91
-124
-163
-182
-161
-197
-266
-244
-179
-122
-107
-88
-63
-54
23
64
39
28
36
25
-1
32
46
33
66
87
64
26
10
-1
-50
-88
-122
-153
-138
-105
-80
-52
27
56
-14
-77
-97
-66
-46
-20
19
4
-5
6
-30
-48
-30
21
59
31
56
97
107
144
180
205
222
237
236
207
208
213
216
223
226
271
281
286
323
300
241
211
204
178
154
130
116
161
216
205
182
183
182
221
219
172
172
152
150
159
124
118
130
99
92
137
92
-1
20
60
5
-24
-9
-12
-31
-71
-85
-71
-69
-76
-85
-107
-112
-95
-129
-216
-236
-214
-229
-248
-266
-225
-220
-257
-221
-162
-163
-186
-148
-176
-208
-204
-244
-270
-247
-193
-196
-210
-218
-204
-209
-239
-202
-158
-99
-43
8
28
36
86
98
89
128
178
150
80
48
103
146
123
109
74
36
26
62
137
170
169
184
166
134
124
122
121
137
163
162
129
91
77
80
82
72
85
91
59
31
39
65
52
30
21
13
22
21
28
13
26
66
23
-30
-35
-44
-61
-56
-59
-72
-121
-165
-152
-156
-145
-99
-94
-115
-116
-121
-142
-137
-103
-99
-117
-103
-60
-38
-80
-114
-113
-84
-46
-21
8
17
13
10
18
14
20
33
33
19
5
5
-9
-7
9
26
9
-5
6
29
64
48
15
12
17
22
65
106
82
51
48
15
-17
4
6
18
72
71
45
42
50
48
16
-12
-44
-88
-117
-97
-78
-86
-78
-85
-98
-118
-142
-147
-142
-135
-159
-163
-177
-183
-151
-136
-128
-144
-157
-145
-116
-108
-105
-77
-98
-131
-110
-123
-145
-104
-85
-83
-61
-27
2
10
-2
14
37
52
58
40
56
66
60
58
41
28
39
45
49
76
79
89
91
93
115
113
135
134
129
148
148
157
158
161
163
143
134
135
116
84
100
114
124
113
80
80
80
79
98
128
121
125
151
148
120
85
61
27
-24
-67
-80
-77
-66
-62
-100
-113
-61
-32
-26
-19
-14
-29
-47
-30
-4
-15
-49
-54
-91
-100
-68
-48
-28
-13
11
6
20
42
44
26
9
14
1
5
26
56
50
40
41
-8
-51
-48
-11
-4
8
38
72
102
100
110
113
121
156
143
118
143
156
154
134
127
128
115
133
145
146
134
132
149
142
138
132
91
78
78
39
19
-2
-33
-35
-20
17
50
62
48
28
11
11
44
22
-11
-4
-27
-34
-7
5
-14
-30
-39
-51
-44
-51
-74
-99
-98
-57
-39
-52
-39
-18
-48
-80
-77
-91
-111
-110
-100
-91
-87
-68
-69
-94
-105
-129
-133
-100
-30
23
18
32
17
-18
-25
-36
-61
-88
-82
-75
-65
-49
-18
2
-2
11
9
0
-35
-58
-63
-82
-72
-46
-27
-12
15
-2
-42
-45
-51
-55
-46
-47
-71
-67
-42
-40
-28
-26
-65
-114
-145
-163
-171
-163
-139
-113
-82
-43
-35
-53
-70
-110
-116
-98
-133
-161
-152
-139
-130
-109
-107
-120
-120
-120
-131
-153
-165
-156
-120
-110
-119
-116
-108
-72
-70
-79
-72
-79
-84
-95
-117
-135
-115
-106
-102
-77
-84
-78
-63
-60
-53
-21
6
-3
29
53
33
12
-8
-8
12
27
3
-20
-38
-44
6
33
35
52
71
112
109
91
99
111
132
137
143
123
97
105
109
86
77
86
110
131
139
148
134
149
172
164
129
114
156
172
190
183
138
104
98
95
79
118
141
140
138
142
119
76
74
80
97
91
69
100
129
126
134
123
97
102
103
89
78
94
114
95
87
84
58
50
62
48
17
4
-23
-26
6
24
40
66
81
69
53
52
50
59
77
73
83
93
63
33
-4
-14
-9
-5
21
22
24
45
50
39
36
50
60
59
63
82
95
77
53
44
10
-40
-52
-64
-85
-88
-83
-64
-41
-20
2
24
18
6
14
7
-15
-22
-34
-33
-10
-14
-29
-47
-71
-84
-102
-106
-67
-43
-28
2
-13
-61
-58
-25
-37
-55
-76
-105
-103
-103
-100
-103
-109
-102
-79
-53
-58
-46
-41
-72
-87
-78
-71
-61
-30
-15
-27
-49
-57
-43
-32
-31
-23
-33
-47
-31
-34
-51
-56
-67
-76
-102
-125
-105
-78
-57
-59
-61
-56
-62
-28
-7
4
36
57
53
41
31
12
-15
-23
-19
-44
-56
-55
-44
-37
-37
-32
-26
-23
-22
-10
-22
-28
11
57
75
64
45
16
1
-14
-28
-36
-27
1
3
14
23
18
14
2
1
9
30
56
76
98
91
68
46
14
-6
-42
-63
-55
-42
-9
11
25
49
38
29
35
23
24
45
55
60
49
30
39
25
-11
-25
-28
-35
-53
-45
-28
-41
-47
-57
-64
-64
-68
-65
-75
-71
-62
-72
-73
-61
-33
-26
-30
-39
-65
-70
-49
-55
-75
-59
-54
-58
-50
-62
-71
-58
-45
-40
-38
-60
-34
8
28
45
26
14
0
-19
-30
-50
-63
-60
-41
-23
-17
3
32
41
34
18
-3
-11
-19
-34
-17
-4
4
30
43
50
56
65
70
67
86
94
86
90
94
89
76
46
18
9
4
-4
13
47
54
43
57
78
79
76
72
77
68
19
22
46
19
10
-4
-11
0
-26
-33
-24
-27
-20
-7
-6
4
21
23
24
4
-15
-5
-23
-31
2
18
10
-11
-32
-35
-42
-67
-81
-74
-80
-111
-106
-78
-67
-44
-9
13
31
50
48
14
-23
-31
-36
-56
-68
-78
-78
-60
-63
-75
-69
-46
-29
-2
18
17
24
30
15
16
20
30
58
33
29
44
19
27
34
40
35
23
49
70
80
98
105
95
97
103
85
76
98
103
107
120
127
132
137
146
134
138
148
133
117
98
106
114
93
98
127
130
110
90
91
84
78
85
88
102
107
132
123
82
90
79
66
75
67
67
93
82
52
55
44
21
0
-27
-19
-3
-2
13
30
42
63
87
69
40
32
25
4
-20
-19
-18
-39
-59
-74
-87
-80
-50
-49
-78
-77
-53
-48
-23
-15
-33
-38
-51
-70
-105
-129
-137
-136
-142
-155
-134
-121
-99
-67
-79
-79
-56
-44
-32
-33
-29
-16
-30
-47
-63
-92
-99
-88
-106
-138
-145
-155
-169
-177
-182
-167
-143
-126
-119
-120
-121
-116
-107
-102
-99
-80
-62
-77
-91
-81
-79
-103
-140
-168
-164
-145
-148
-136
-113
-96
-82
-84
-88
-78
-53
-39
-50
-69
-62
-52
-44
-41
-62
-83
-87
-89
-100
-113
-119
-89
-64
-48
-38
-52
-44
-34
-42
-51
-77
-82
-64
-61
-59
-45
-37
-32
-30
-33
-22
0
29
36
27
48
76
73
66
80
83
80
71
59
70
68
52
41
29
25
42
50
42
38
45
46
27
25
31
42
57
57
59
66
96
114
96
87
71
67
77
81
75
78
83
78
77
60
46
45
41
44
43
46
46
59
80
83
81
55
37
38
27
32
52
84
106
98
78
80
64
53
57
33
36
44
37
44
76
96
90
107
107
92
98
102
114
122
124
120
105
92
87
97
96
83
79
70
53
33
21
27
42
54
50
40
45
60
71
66
59
44
19
27
18
8
24
33
20
-11
-24
-27
-21
-29
-16
17
13
34
49
45
59
49
48
53
32
8
-27
-45
-53
-70
-67
-61
-68
-75
-56
-49
-61
-51
-42
-20
-8
-17
-20
-38
-47
-52
-69
-75
-79
-71
-59
-43
-30
-29
-6
-5
-9
-20
-42
-41
-31
-25
-25
-25
-37
-45
-46
-63
-76
-69
-56
-69
-85
-86
-79
-67
-55
-37
-25
-24
-23
-14
-22
-21
-1
9
31
42
33
34
50
65
55
35
19
12
21
26
27
27
39
32
19
26
11
23
31
21
14
-6
-18
-30
-34
-29
-25
-19
-23
-27
-11
-8
-34
-42
-50
-44
-45
-66
-82
-100
-118
-130
-132
-120
-81
-34
1
13
10
33
39
17
-5
-31
-51
-72
-92
-113
-134
-128
-129
-140
-134
-132
-122
-106
-83
-54
-27
-14
-16
-19
-25
-30
-37
-46
-45
-57
-74
-75
-60
-46
-23
8
32
55
52
33
34
42
45
47
53
57
59
57
51
51
52
43
38
28
16
12
4
-4
-9
-9
-13
-12
5
27
55
82
94
87
95
99
88
85
84
75
73
76
69
54
50
63
58
59
72
82
92
100
104
93
97
100
91
69
36
15
-19
-56
-75
-74
-56
-38
-19
-8
-6
14
13
-12
-18
-32
-30
-14
0
16
17
13
2
-22
-38
-30
-15
-14
-7
2
2
-8
-28
-51
-64
-83
-93
-85
-97
-104
-78
-72
-58
-32
-32
-35
-30
-35
-41
-36
-22
-9
-9
-11
-15
-38
-59
-69
-69
-63
-70
-67
-55
-29
11
30
40
39
38
42
37
32
37
34
42
55
31
17
5
-15
-17
-21
-29
-30
-24
-33
-36
-38
-27
-5
9
18
30
48
62
76
86
106
105
94
89
67
33
17
16
13
30
48
58
63
66
66
75
88
100
118
107
106
120
130
127
123
114
86
70
35
18
33
45
59
81
79
81
82
43
25
23
22
35
36
34
56
71
79
86
72
60
46
38
24
22
45
49
