0
0
-1
0
0
0
0
-1
0
0
0
0
0
0
0
0
0
0
0
0
0
0
-1
0
0
0
0
0
0
0
0
0
1
0
-1
0
0
0
0
0
0
0
0
0
0
0
0
0
0
0
0
0
0
0
-1
0
0
0
0
0
0
0
0
0
0
0
0
0
1
0
0
0
0
0
0
0
1
0
0
0
1
1
0
0
0
-1
1
1
0
0
0
0
0
0
0
1
0
0
0
1
0
0
0
0
0
-1
0
0
0
0
0
0
0
0
0
0
-1
-1
-1
0
0
0
0
-1
0
0
0
0
0
0
0
0
0
1
0
1
0
0
0
0
0
0
1
-1
0
1
-1
0
0
0
0
0
0
0
-1
0
0
0
-1
0
-1
0
0
0
0
0
-1
0
0
0
0
0
0
-1
0
0
0
0
0
0
0
0
-1
-1
0
0
0
0
0
1
0
0
0
0
0
-1
0
0
0
0
0
0
0
0
0
1
0
1
0
0
1
-1
1
0
0
0
-1
-1
0
0
0
-1
0
-1
0
0
0
-1
0
0
0
0
1
0
0
0
0
0
0
1
0
1
0
0
0
0
0
0
1
0
0
0
1
1
0
0
0
0
0
0
0
0
-1
1
0
0
0
0
0
0
0
1
0
0
-1
0
0
0
-1
0
0
1
1
0
0
0
0
0
0
0
0
-1
-1
1
0
-1
0
0
1
0
0
-1
0
0
0
0
-1
-1
-1
-2
-1
0
0
-1
-1
0
-2
-2
-1
-1
0
0
-1
0
1
0
0
0
1
1
0
0
0
-1
-1
-1
0
1
2
1
0
1
1
1
1
1
2
2
2
2
2
1
3
2
1
0
0
0
0
1
1
-1
-1
-1
0
0
2
2
1
0
2
1
0
-2
-3
-2
-1
-2
-2
-2
-3
-1
-1
-4
-4
-3
-2
-2
-2
-2
0
2
0
0
-1
-1
1
-2
-4
0
-1
-1
0
0
0
0
1
1
-2
-2
1
4
4
4
2
2
4
3
0
-1
0
0
1
2
3
4
2
1
2
1
0
0
-2
0
2
3
4
2
-1
2
1
-1
0
2
-1
-4
-6
-4
0
0
-3
-1
-3
-5
-3
2
0
-4
-3
-1
-1
-3
-5
-5
0
3
-1
-4
0
4
2
-3
-2
1
4
3
0
2
6
6
3
0
3
4
3
3
3
4
5
6
5
0
-2
-1
3
6
7
1
1
5
2
4
8
8
6
-1
-3
0
1
-3
-6
-4
-4
-1
0
-5
1
1
-3
-4
-7
-9
-8
-9
-8
-1
0
-1
2
-2
-4
-6
-14
-11
-5
-3
5
12
20
20
20
5
-1
-31
-141
-187
-171
-167
-144
-121
-91
-42
-1
22
42
43
38
21
-12
-34
-44
-54
-56
-40
-25
2
12
2
-1
-31
-66
-85
-103
-121
-124
-110
-83
-59
-46
-21
8
12
1
-11
-33
-28
-13
-25
-12
34
75
114
139
171
217
239
227
213
214
203
199
182
158
162
151
132
128
130
98
60
35
17
25
-11
-42
-33
-22
-19
-22
-5
8
13
10
12
44
61
54
67
110
152
180
178
185
222
218
195
172
136
122
109
92
82
87
75
56
64
45
15
7
-1
11
10
-29
-30
-17
-34
-64
-94
-85
-64
-75
-94
-75
-34
-39
-50
-58
-70
-75
-118
-138
-112
-106
-131
-155
-149
-115
-76
-83
-90
-33
16
21
25
46
74
81
65
74
92
58
8
-13
0
3
-39
-94
-91
-69
-116
-170
-208
-227
-228
-257
-275
-247
-216
-226
-223
-173
-124
-101
-110
-82
-21
21
42
62
90
107
102
73
55
45
14
-37
-67
-66
-83
-109
-116
-105
-103
-125
-129
-109
-106
-134
-163
-161
-131
-118
-135
-124
-90
-71
-72
-78
-58
-36
-48
-73
-59
-36
-47
-67
-64
-17
19
10
1
29
77
77
57
67
95
95
69
87
131
134
97
78
104
113
74
24
3
21
40
19
1
15
26
12
-4
-1
5
-19
-48
-35
0
14
-4
2
46
70
58
39
42
63
62
43
54
83
112
119
99
102
90
48
40
24
-8
-25
-31
-25
-22
-25
-42
-51
-56
-68
-87
-115
-126
-120
-118
-118
-98
-89
-95
-75
-48
-28
-31
-57
-47
-14
-9
-34
-42
-7
35
53
55
81
100
89
79
81
80
59
28
21
44
48
20
8
31
47
47
28
6
14
19
0
-16
-9
-1
-9
-13
9
26
18
17
43
78
88
117
162
188
202
186
173
188
198
190
186
196
194
189
184
171
149
116
88
66
38
3
-28
-30
-10
-3
-11
-4
19
34
23
-14
-27
-13
-5
-33
-53
-20
3
2
2
18
25
3
-13
-14
-2
-9
-22
-11
15
50
50
35
66
97
88
73
50
49
51
43
34
10
3
-6
-17
-3
4
-11
-35
-33
-33
-65
-113
-151
-142
-132
-149
-171
-168
-129
-107
-86
-53
-23
-1
14
41
54
67
79
88
121
147
136
102
87
76
46
8
-30
-51
-75
-101
-132
-141
-130
-147
-179
-190
-184
-205
-243
-252
-227
-194
-191
-210
-203
-174
-146
-143
-147
-104
-55
-47
-47
-35
-27
-29
-35
-37
-16
-7
-27
-34
-12
9
-4
-30
-26
2
-3
-36
-38
-12
-4
-12
-9
12
43
47
35
46
59
44
17
-6
3
26
6
-16
6
32
42
43
49
64
82
82
68
60
61
68
74
97
126
125
131
153
183
180
161
165
163
153
129
135
155
146
127
95
73
54
10
-43
-75
-84
-117
-158
-176
-182
-181
-183
-191
-173
-156
-156
-155
-139
-113
-103
-96
-76
-43
-12
-13
-22
-7
12
-6
-19
-9
-7
-35
-72
-80
-84
-98
-122
-152
-146
-123
-119
-142
-164
-143
-121
-122
-121
-117
-107
-89
-63
-44
-32
-10
23
52
54
51
57
58
70
69
62
64
73
95
104
104
93
77
72
78
90
76
51
62
100
124
118
102
105
124
129
110
93
111
130
136
134
121
109
89
58
39
38
1
-46
-53
-38
-11
-18
-64
-63
-22
-1
-36
-82
-57
-6
15
12
14
32
45
37
16
6
4
-6
-3
23
32
13
-15
-5
27
38
5
-31
-26
-11
-16
-30
-38
-19
8
11
15
35
38
32
45
64
66
50
55
91
108
95
80
99
133
136
125
121
134
152
143
140
155
168
154
131
153
171
140
90
71
92
83
40
26
62
109
104
69
79
137
142
89
70
89
98
65
28
36
52
26
-21
-34
-16
-19
-56
-74
-62
-64
-94
-123
-119
-98
-112
-151
-171
-141
-121
-148
-166
-159
-143
-150
-149
-135
-118
-87
-76
-75
-61
-58
-72
-81
-73
-76
-100
-115
-105
-110
-121
-123
-121
-114
-109
-104
-92
-80
-87
-90
-71
-33
-12
-23
-6
35
50
41
19
18
34
19
-11
-11
7
18
10
11
42
57
49
45
54
71
60
28
17
28
33
3
-21
-9
6
9
-5
-14
2
1
-11
-5
8
8
-17
-49
-59
-60
-72
-88
-106
-108
-84
-90
-126
-135
-138
-156
-177
-173
-160
-154
-141
-121
-92
-73
-67
-84
-90
-69
-50
-56
-82
-76
-60
-61
-75
-89
-84
-83
-96
-93
-94
-95
-78
-53
-36
-22
-12
-15
-15
-15
-33
-58
-50
-28
-31
-32
-13
18
25
10
30
55
56
55
66
92
127
149
149
149
165
163
137
131
135
130
106
96
102
93
75
61
73
67
43
18
8
28
19
-12
-20
8
54
36
-15
-8
13
-3
-39
-47
-40
-48
-61
-51
-34
-41
-48
-40
-11
16
5
-16
-1
32
29
-9
-26
-9
-10
-46
-59
-30
-28
-50
-39
-10
36
49
39
64
97
114
76
45
66
67
31
11
35
52
44
25
41
86
73
49
70
113
140
136
141
183
208
199
182
197
229
223
205
213
241
241
202
183
207
214
171
128
117
117
95
62
49
58
60
40
24
26
31
7
-20
-4
8
-19
-25
-1
18
9
-19
-21
15
29
7
-4
13
37
18
-15
-16
-34
-72
-103
-127
-141
-155
-175
-175
-154
-154
-170
-172
-144
-109
-115
-124
-105
-87
-82
-93
-104
-96
-93
-120
-152
-157
-151
-172
-202
-180
-138
-119
-99
-72
-43
-23
-9
-24
-39
-28
-23
-27
-23
-4
6
15
12
14
26
8
-13
-19
-12
-20
-38
-45
-36
-16
-29
-59
-68
-78
-86
-95
-100
-88
-73
-63
-51
-33
-26
-29
-28
-19
-8
-7
-6
1
22
34
25
15
1
-7
-30
-61
-52
-51
-86
-105
-107
-114
-122
-131
-134
-111
-94
-102
-90
-65
-57
-42
-40
-26
-9
-15
-31
-34
-17
-29
-34
-19
-5
11
6
-4
8
32
46
54
60
80
98
101
102
113
125
119
102
104
127
115
82
83
93
85
72
79
93
98
109
108
98
94
66
47
48
33
24
18
19
43
53
41
41
55
68
82
81
69
73
76
76
92
82
64
64
51
49
37
-3
-23
-9
-19
-57
-61
-57
-64
-84
-118
-113
-103
-134
-166
-167
-155
-152
-165
-181
-181
-161
-152
-154
-126
-103
-99
-90
-80
-64
-56
-69
-58
-35
-12
-4
-9
24
62
70
62
57
78
90
67
49
45
52
43
19
27
51
54
52
64
70
75
71
49
61
88
105
107
109
126
138
151
148
136
148
166
184
188
183
187
182
178
188
181
163
134
114
123
120
90
62
55
76
100
94
70
64
61
54
42
16
8
11
-3
-13
-11
-23
-56
-62
-60
-58
-59
-93
-109
-112
-120
-130
-148
-152
-144
-124
-114
-100
-88
-87
-77
-68
-54
-47
-38
-23
-8
3
16
26
27
20
0
-13
-21
-36
-48
-62
-66
-68
-80
-94
-100
-92
-76
-81
-80
-51
-27
-14
-2
32
62
71
87
113
127
133
130
152
199
184
155
151
139
130
109
60
34
52
48
32
25
16
8
3
13
20
12
-5
-14
10
26
11
3
19
37
31
13
0
-5
4
-24
-50
-37
-54
-93
-103
-96
-101
-116
-135
-135
-118
-117
-119
-100
-75
-72
-82
-73
-43
-25
-43
-58
-33
-20
-35
-38
-52
-52
-42
-61
-76
-69
-73
-85
-96
-98
-62
-60
-82
-48
-14
-7
-16
-4
40
45
41
62
81
108
115
93
88
92
80
74
61
44
48
35
24
10
-16
-22
-26
-18
-16
-31
-33
-26
-19
-10
-9
-10
-3
0
2
3
6
8
-13
-26
-26
-25
-47
-85
-98
-96
-113
-126
-125
-132
-130
-133
-135
-130
-140
-147
-162
-161
-147
-157
-167
-166
-152
-144
-159
-157
-140
-147
-148
-150
-164
-138
-128
-164
-175
-177
-145
-132
-155
-135
-100
-77
-56
-34
-15
12
34
40
61
77
80
80
78
94
103
97
71
75
102
99
98
101
101
106
107
111
123
120
116
120
138
166
171
158
162
174
189
187
167
173
187
185
192
196
175
159
149
145
141
116
89
70
70
69
57
64
90
111
116
116
120
115
91
74
67
65
49
20
21
29
23
9
-21
-31
-16
-29
-70
-94
-99
-96
-109
-118
-102
-88
-87
-71
-42
-12
13
13
18
48
74
63
55
73
76
69
42
20
28
19
-9
-21
-37
-32
-15
-34
-32
-19
-20
-4
9
26
41
39
48
79
109
110
113
128
147
162
168
162
152
147
139
139
121
82
79
83
67
40
15
22
24
16
20
24
31
36
27
20
37
44
24
4
15
36
30
6
-6
8
15
-9
-18
-29
-45
-53
-91
-112
-108
-130
-149
-143
-123
-123
-140
-139
-119
-98
-93
-93
-84
-70
-52
-41
-49
-58
-50
-42
-52
-67
-87
-98
-87
-90
-103
-99
-90
-75
-67
-60
-42
-32
-33
-29
-22
-16
-11
-15
-20
-3
21
17
7
19
34
24
7
3
11
15
-8
-24
-5
0
-11
-19
-23
-1
0
-5
-4
-15
-13
-8
-4
3
-6
-20
-24
-28
-37
-56
-77
-73
-72
-82
-87
-86
-88
-94
-90
-93
-101
-108
-122
-136
-134
-131
-135
-121
-105
-90
-82
-87
-87
-91
-118
-139
-133
-142
-166
-175
-177
-175
-179
-195
-188
-170
-174
-167
-146
-118
-93
-78
-67
-37
10
41
59
80
95
100
105
116
114
106
101
107
115
99
72
69
74
69
65
51
47
56
56
62
73
75
93
106
109
138
152
150
164
189
198
192
189
184
182
170
145
140
131
112
97
95
95
78
61
62
74
60
38
40
55
74
80
78
87
113
121
113
106
95
86
67
46
31
18
-2
-14
-14
-30
-49
-60
-71
-75
-79
-85
-95
-87
-73
-64
-50
-31
0
21
48
82
100
120
118
130
152
142
120
101
98
91
75
70
66
57
49
51
50
41
29
25
48
62
51
44
52
69
77
67
53
57
60
54
63
60
68
84
84
101
111
103
88
80
71
51
30
14
2
-1
-12
-21
-13
-22
-38
-30
-33
-55
-72
-73
-75
-93
-117
-135
-125
-124
-141
-154
-165
-159
-161
-160
-156
-160
-157
-157
-154
-143
-145
-164
-170
-153
-131
-120
-129
-126
-110
-98
-92
-94
-81
-62
-57
-58
-46
-36
-52
-52
-32
-21
-20
-30
-32
-24
-13
-11
-12
-4
14
31
33
23
5
6
9
6
-1
-20
-17
-10
-6
17
42
60
84
103
112
106
106
111
97
84
79
86
86
78
78
88
82
64
68
60
51
43
24
22
17
-4
-15
-17
-28
-34
-43
-56
-55
-56
-66
-76
-60
-58
-66
-49
-58
-63
-56
-64
-61
-51
-47
-54
-65
-61
-56
-66
-72
-62
-48
-30
-19
-17
-27
-43
-54
-55
-61
-79
-82
-85
-76
-62
-53
-30
-13
-2
6
2
-13
-14
-21
-47
-41
-33
-29
-6
7
15
16
24
34
36
30
31
31
20
24
31
32
29
36
29
19
30
33
8
-19
-12
-1
-6
-1
-3
1
21
4
-11
-3
-8
-7
-3
-5
-25
-40
-33
-37
-34
-32
-28
-17
-11
-8
-5
-16
-33
-33
-34
-26
-17
-21
-11
1
7
32
52
54
63
62
66
62
50
50
46
54
58
59
66
77
89
94
93
82
80
92
87
67
65
75
87
92
81
94
124
121
133
153
150
158
172
174
175
170
154
156
168
156
146
133
124
120
113
91
71
71
63
56
49
54
62
49
35
35
31
35
42
33
23
18
9
-2
-4
1
-6
-18
-29
-41
-66
-88
-104
-122
-134
-156
-154
-149
-165
-166
-152
-135
-129
-121
-114
-130
-132
-125
-135
-136
-128
-115
-91
-85
-83
-66
-69
-59
-43
-59
-68
-82
-72
-59
-71
-75
-84
-83
-63
-49
-47
-35
-31
-35
-11
5
6
18
21
32
60
60
45
40
41
61
78
73
73
81
93
91
81
84
80
81
76
69
66
55
47
61
70
60
61
75
72
62
61
60
55
38
26
15
-3
-18
-29
-42
-61
-61
-62
-65
-63
-67
-72
-76
-74
-76
-82
-91
-89
-88
-88
-84
-72
-62
-67
-62
-60
-47
-19
-32
-50
-56
-49
-45
-72
-89
-105
-103
-110
-121
-111
-117
-110
-105
-93
-69
-72
-75
-67
-50
-40
-39
-44
-47
-36
-39
-29
-32
-50
-33
-37
-45
-42
-31
-30
-33
-10
-2
3
8
11
21
21
38
54
55
62
67
70
79
88
85
73
59
42
26
14
-13
-51
-73
-77
-77
-82
-76
-74
-71
-70
-71
-66
-82
-83
-82
-91
-74
-64
-45
-23
-16
-2
26
47
37
22
12
13
23
9
-15
-30
-29
-26
-43
-53
-50
-48
-42
-32
-33
-37
-36
-29
-11
0
-3
-2
2
5
15
20
28
24
9
15
18
19
29
18
16
38
43
48
51
54
65
64
63
76
87
98
110
116
142
169
188
190
174
180
190
186
161
133
122
119
118
109
99
88
67
64
65
50
30
14
11
15
7
4
7
14
21
27
44
61
55
47
54
72
79
64
45
43
45
41
42
35
24
21
24
24
29
10
-15
-2
-6
-15
-22
-32
-32
-41
-39
-33
-39
-49
-56
-55
-49
-57
-58
-54
-61
-49
-50
-59
-52
-56
-56
-53
-52
-43
-19
-15
-19
1
21
47
69
61
59
78
94
102
101
96
83
64
62
65
39
12
0
-3
-16
-34
-29
-27
-34
-34
-29
-25
-27
-42
-57
-46
-29
-29
-41
-52
-52
-27
-18
-33
-30
-31
-26
-19
-25
-35
-46
-45
-35
-32
-40
-62
-60
-55
-64
-70
-69
-73
-80
-74
-68
-70
-67
-64
-65
-77
-88
-94
-95
-97
-117
-128
-122
-118
-113
-117
-132
-124
-119
-124
-108
-94
-81
-69
-47
-16
9
31
33
45
74
90
103
106
97
108
119
118
117
105
106
112
106
97
76
76
76
59
41
37
38
32
32
33
39
51
52
54
58
63
63
50
37
29
32
44
42
39
41
60
64
56
60
42
41
38
15
10
-2
-5
-13
-19
-15
-30
-32
-31
-28
-42
-71
-64
-59
-66
-78
-74
-66
-59
-53
-72
-77
-85
-87
-88
-102
-108
-114
-109
-105
-95
-88
-91
-74
-62
-46
-41
-37
-21
-15
-2
18
22
29
43
51
62
70
60
63
56
40
36
24
19
6
1
1
-16
-24
-14
-8
-17
-13
-12
-8
-6
-15
-9
-12
-19
-14
-3
16
24
20
23
33
41
40
31
40
35
15
8
2
10
-1
-15
-15
-13
-10
-25
-29
-19
-13
-9
-7
3
15
22
34
27
22
22
12
22
20
4
0
0
13
15
-1
-9
0
10
19
24
17
2
4
13
13
16
22
27
34
48
46
54
67
71
82
85
80
73
81
77
72
79
62
62
61
54
52
43
26
11
12
3
-6
-12
-14
-2
-1
-3
2
15
19
11
10
-4
-5
-4
-17
-23
-19
-9
-14
-15
-11
-16
-22
-31
-39
-40
-33
-36
-32
-37
-41
-27
-16
-7
-20
-23
-6
0
3
-11
-15
-5
7
10
2
-7
-16
-5
-3
-24
-41
-52
-38
-33
-47
-62
-61
-43
-39
-45
-41
-38
-30
-10
-12
-9
1
4
21
34
36
27
40
57
56
45
45
52
33
16
7
-1
-10
-28
-30
-24
-21
-28
-34
-18
-6
-2
-9
-21
-20
-8
-7
-13
-11
-9
4
11
12
8
2
6
17
29
25
2
9
21
17
11
1
-1
5
3
-4
-6
-12
-9
-5
1
15
11
0
-3
5
26
31
15
0
8
18
17
1
-26
-32
-31
-35
-33
-51
-72
-65
-53
-55
-62
-64
-51
-32
-23
-21
-7
6
16
26
29
42
51
56
50
36
23
14
4
-10
-20
-32
-42
-45
-50
-57
-63
-70
-73
-84
-90
-84
-95
-109
-114
-107
-90
-81
-84
-69
-44
-27
-15
-2
2
14
36
49
58
49
39
46
52
44
26
18
16
13
0
-13
-16
-32
-28
-16
-6
3
-12
-20
-10
-8
-8
-8
-15
-21
-25
-24
-28
-26
-30
-32
-19
-14
-9
7
5
7
21
24
35
48
48
54
62
71
70
69
67
63
61
53
50
50
41
32
36
36
31
37
41
25
10
11
4
-6
-17
-32
-36
-26
-22
-20
-25
-37
-22
-1
3
7
10
29
65
76
77
81
89
106
109
110
108
103
106
100
103
100
79
65
61
73
64
48
44
35
34
33
43
39
22
23
17
18
12
-7
-9
-4
-5
-15
-12
-6
-9
-9
-8
-4
9
20
27
43
51
53
66
67
56
52
57
53
39
27
18
21
28
18
20
20
2
1
-8
-20
-27
-55
-73
-77
-84
-87
-91
-94
-93
-91
-80
-66
-61
-62
-59
-52
-30
-11
-7
-1
13
29
26
19
18
16
12
15
5
-17
-22
-16
-14
-20
-26
-27
-14
-12
-25
-16
-5
-13
-18
-24
-22
-21
-24
-25
-26
-28
-33
-27
-28
-39
-55
-57
-47
-45
-46
-37
-37
-32
-21
-11
1
-6
-9
-13
-16
-13
-20
-17
-23
-30
-22
-13
-4
5
3
2
7
8
-6
-22
-35
-45
-54
-52
-54
-71
-80
-83
-79
-72
-78
-89
-90
-84
-70
-54
-44
-41
-34
-12
-1
8
13
14
28
46
45
47
58
45
47
43
32
41
36
30
23
15
19
12
-7
-23
-27
-24
-20
-15
-17
-26
-26
-6
5
2
-1
0
11
22
26
31
38
35
25
29
31
30
25
12
18
28
23
0
-11
-10
-24
-15
-9
-17
-12
-7
3
9
15
20
15
22
25
18
12
7
-7
-18
-13
-18
-28
-31
-39
-36
-27
-35
-34
-36
-42
-26
-11
-8
-2
-4
-3
10
24
30
32
35
37
42
52
52
56
57
47
43
35
30
27
16
4
12
17
6
-1
-6
-4
-1
-9
-9
4
1
0
15
22
27
29
28
37
43
41
39
35
20
23
29
17
17
17
12
12
14
15
14
9
1
0
4
9
16
16
17
22
19
22
30
36
37
37
41
39
44
48
40
30
18
20
23
14
13
5
-5
7
1
-10
-2
-6
0
15
17
23
33
52
69
65
60
58
69
78
74
59
41
43
49
46
44
29
11
13
7
5
7
-3
5
12
23
39
39
36
41
46
49
52
49
38
33
37
46
39
12
5
11
2
2
-4
-24
-24
-28
-33
-32
-40
-41
-36
-30
-25
-15
-14
-27
-13
-1
1
11
-5
-14
-9
-19
-21
-35
-57
-66
-62
-71
-74
-68
-79
-90
-91
-90
-78
-73
-79
-77
-69
-49
-39
-34
-24
-19
-15
-5
-3
-17
-24
-27
-33
-36
-35
-42
-35
-46
-58
-47
-54
-52
-59
-64
-50
-42
-34
-25
-27
-30
-23
0
11
1
2
1
13
20
6
0
1
5
9
7
-2
-20
-39
-43
-42
-58
-66
-78
-79
-78
-80
-68
-62
-55
-49
-24
-12
-10
0
-10
0
9
3
-3
-8
-10
-19
-19
-23
-30
-35
-50
-53
-55
-59
-62
-74
-67
-57
-61
-61
-60
-68
-69
-63
-61
-58
-50
-43
-37
-17
-9
-9
2
2
8
7
-11
-6
1
-8
-1
-5
-5
11
1
4
9
2
14
17
16
15
17
16
26
33
16
18
24
19
23
20
13
1
1
2
-9
-12
-17
-13
-2
-9
-5
-1
-8
-2
12
16
17
18
15
18
21
32
35
23
20
29
30
33
26
18
27
23
32
31
19
23
25
13
21
23
0
-8
-14
-15
-15
-19
-12
-11
-13
-12
2
9
-10
-12
-1
15
33
37
36
39
48
64
77
82
77
82
101
112
112
110
98
85
86
94
90
72
55
48
45
46
33
11
6
7
9
19
10
3
7
13
23
37
56
71
81
84
106
118
108
109
109
112
109
104
99
84
81
79
72
66
55
41
35
30
34
40
36
37
36
39
49
50
40
31
29
27
26
22
5
3
-3
0
7
-11
-26
-36
-34
-20
-20
-42
-50
-54
-51
-32
-35
-37
-32
-23
-6
4
8
11
19
9
7
14
18
14
-7
-10
-10
-12
-25
-42
-55
-72
-73
-91
-112
-114
-122
-131
-123
-120
-113
-96
-104
-100
-73
-74
-68
-53
-51
-45
-28
-17
-25
-22
-25
-21
-15
-22
-21
-33
-43
-51
-58
-53
-60
-71
-92
-86
-73
-74
-75
-85
-96
-85
-65
-60
-70
-66
-56
-54
-34
-23
-31
-41
-42
-41
-50
-55
-57
-64
-73
-76
-70
-75
-89
-93
-86
-70
-57
-45
-38
-36
-12
10
14
10
13
23
21
29
33
29
20
7
12
5
-9
-17
-29
-46
-49
-31
-32
-35
-32
-36
-19
-11
-4
1
-3
14
23
30
43
41
38
47
52
53
68
62
46
52
50
51
52
39
14
10
27
23
18
3
-18
-19
-13
-9
-8
-12
-11
-4
0
7
12
4
5
7
1
1
-3
-18
-25
-27
-28
-21
-22
-23
-27
-27
-15
-14
-25
-36
-30
-24
-11
0
-7
-8
3
17
23
30
30
29
35
46
57
45
31
16
7
13
10
14
8
-5
14
33
38
42
40
55
75
78
90
91
90
99
103
111
111
110
114
116
121
127
116
100
97
97
90
83
74
62
56
58
54
43
31
21
27
34
39
53
57
58
63
66
69
75
73
69
71
64
58
56
46
23
15
13
8
1
-17
-39
-47
-48
-54
-56
-61
-74
-69
-62
-68
-53
-43
-54
-47
-32
-32
-34
-39
-50
-56
-59
-59
-62
-64
-74
-72
-59
-62
-60
-62
-71
-62
-55
-52
-55
-44
-38
-42
-23
-8
-12
-21
-17
-5
-1
6
-1
0
10
5
7
4
0
-4
-13
-13
-28
-37
-39
-53
-52
-48
-52
-47
-42
-36
-23
-20
-18
-16
-15
-11
-6
11
20
24
24
13
11
12
11
7
2
-7
-7
-14
-26
-31
-52
-58
-59
-74
-75
-75
-78
-69
-74
-72
-66
-75
-74
-77
-83
-86
-88
-86
-79
-65
-73
-76
-65
-74
-75
-68
-70
-70
-68
-76
-70
-55
-57
-64
-57
-58
-60
-63
-68
-65
-73
-70
-63
-68
-67
-66
-75
-74
-69
-65
-63
-69
-69
-60
-59
-49
-44
-46
-44
-41
-38
-29
-13
-9
-7
13
17
19
32
31
31
42
45
45
53
50
48
52
45
42
50
45
38
48
46
38
41
41
39
48
51
50
53
54
70
65
56
59
53
49
42
50
59
49
40
33
34
33
29
30
24
22
30
33
39
36
35
41
45
64
75
69
68
81
91
79
73
71
67
61
60
71
57
42
48
60
67
55
48
48
47
57
57
53
53
62
66
72
78
74
83
83
83
91
96
105
103
99
99
102
99
104
98
82
85
81
76
74
74
73
82
81
68
69
61
57
52
38
44
39
27
24
15
21
24
8
3
-4
-11
1
-4
-16
-20
-25
-12
-19
-32
-32
-43
-41
-39
-44
-41
-44
-52
-49
-38
-45
-49
-40
-50
-42
-39
-52
-32
-36
-48
-34
-30
-24
-16
-20
-17
-11
-6
-6
-12
-14
-7
-7
-12
1
-11
-19
-9
-11
-13
-13
-11
-16
-18
-14
-3
3
-6
-9
-2
6
17
17
30
44
32
39
44
36
36
35
30
20
23
18
14
7
-12
-10
-15
-22
-32
-50
-52
-46
-42
-52
-56
-64
-70
-58
-70
-71
-67
-76
-73
-70
-66
-66
-69
-66
-59
-63
-60
-55
-71
-87
-93
-97
-103
-99
-95
-93
-95
-102
-97
-95
-100
-95
-82
-80
-80
-78
-73
-64
-56
-45
-42
-43
-39
-36
-35
-36
-30
-37
-46
-37
-31
-28
-36
-52
-45
-37
-31
-26
-18
-18
-17
-2
0
11
20
25
33
28
36
47
47
43
28
32
43
39
39
36
32
34
28
19
12
3
0
1
-9
-9
-9
-22
-30
-39
-43
-37
-29
-33
-41
-47
-47
-36
-34
-43
-43
-40
-39
-30
-33
-48
-40
-26
-22
-21
-14
-12
-21
-25
-17
-14
-6
-8
-10
5
5
3
2
4
5
9
24
22
18
12
15
22
24
36
42
36
44
50
44
50
56
71
77
79
91
98
97
97
107
108
113
112
98
101
106
104
100
93
95
101
102
94
88
94
89
84
92
92
87
83
81
77
78
82
91
91
79
87
94
88
83
71
65
68
61
60
52
40
44
51
61
62
53
42
47
51
39
32
30
26
31
34
35
37
30
23
10
-3
2
-2
-11
-8
-8
-13
-13
-21
-35
-39
-31
-20
-27
-30
-23
-31
-27
-17
-16
-2
3
-2
9
12
15
25
18
25
32
33
49
46
43
42
36
44
33
30
34
26
15
13
21
15
17
19
7
4
1
-4
0
7
4
6
3
3
13
-1
-14
-8
-12
-14
-17
-18
-10
-14
-17
-22
-25
-11
-10
-18
-18
-19
-26
-22
-25
-35
-35
-39
-47
-46
-48
-65
-72
-68
-63
-53
-62
-66
-63
-68
-59
-55
-60
-57
-53
-50
-43
-42
-51
-48
-40
-37
-34
-32
-29
-34
-25
-14
-7
1
9
7
-2
9
20
12
1
-1
-1
-8
1
10
-6
-9
-9
-12
-14
-21
-25
-32
-32
-31
-33
-40
-47
-39
-35
-33
-38
-49
-56
-57
-56
-56
-58
-65
-59
-57
-63
-44
-51
-73
-73
-69
-68
-68
-76
-82
-80
-77
-83
-92
-98
-112
-118
-127
-139
-147
-156
-163
-159
-147
-147
-145
-152
-157
-143
-141
-138
-127
-127
-121
-122
-114
-98
-102
-98
-97
-94
-78
-60
-53
-49
-42
-42
-30
-14
-15
-18
-16
-6
12
15
10
12
15
31
43
46
41
40
43
51
68
71
70
81
76
76
99
109
102
103
105
98
96
99
107
112
108
127
138
128
138
131
123
139
149
149
152
149
153
145
135
143
134
121
130
122
102
94
69
55
54
44
45
33
20
18
12
-3
-6
3
-3
1
-1
-10
-3
-1
-6
-5
2
3
8
7
13
24
20
33
36
28
40
43
45
49
48
44
43
51
50
47
46
41
43
50
49
45
52
47
48
56
62
66
65
69
70
79
79
85
91
87
99
104
101
103
105
105
105
108
103
105
113
118
118
113
118
122
114
113
110
93
83
77
60
59
56
44
47
34
22
26
22
13
6
-7
-19
-22
-36
-42
-34
-45
-68
-64
-65
-85
-94
-100
-98
-96
-90
-90
-105
-108
-96
-94
-104
-90
-90
-93
-69
-75
-83
-82
-85
-68
-65
-62
-56
-71
-69
-60
-68
-60
-57
-64
-66
-61
-47
-51
-56
-56
-60
-51
-45
-38
-36
-46
-43
-38
-32
-20
-27
-30
-12
-10
-2
19
13
20
27
18
20
12
17
23
10
5
0
-9
-13
-19
-28
-39
-41
-41
-51
-60
-56
-54
-55
-52
-65
-75
-72
-70
-74
-79
-81
-83
-83
-81
-73
-59
-59
-59
-55
-62
-66
-64
-74
-79
-72
-69
-68
-65
-57
-54
-58
-55
-54
-61
-52
-50
-57
-50
-45
-49
-51
-37
-29
-33
-37
-40
-34
-41
-41
-36
-50
-45
-36
-42
-36
-38
-44
-39
-38
-31
-18
-19
-9
-1
6
23
21
13
26
39
36
42
51
52
47
43
43
44
44
38
36
33
32
36
32
25
20
15
10
12
12
8
14
23
20
15
21
25
15
19
12
8
16
11
7
9
5
-10
-7
1
-8
-8
3
3
-3
9
4
-9
-8
-7
4
4
-3
8
1
-15
-12
-15
-26
-21
-19
-21
-23
-17
-18
-23
-25
-22
-16
-14
-8
-15
-18
-3
5
15
19
15
26
44
49
52
62
64
74
84
85
86
93
106
109
107
106
108
113
108
100
90
95
108
102
98
97
91
91
88
89
94
96
92
85
92
87
72
76
74
54
48
42
41
53
41
33
36
41
40
42
51
39
38
34
36
48
39
38
25
18
24
16
10
10
11
2
-1
-8
-12
-8
-14
-11
-9
-14
-21
-28
-34
-37
-38
-37
-40
-32
-27
-32
-26
-17
-9
-7
-3
4
12
10
15
30
32
42
45
39
39
39
43
47
56
61
53
49
43
38
50
43
36
31
29
37
28
22
25
23
9
3
-3
-14
-14
-15
-23
-20
-21
-27
-22
-22
-26
-30
-33
-29
-17
-12
-20
-22
-21
-24
-30
-37
-46
-48
-42
-41
-44
-50
-57
-68
-62
-56
-57
-57
-72
-80
-79
-93
-93
-92
-108
-111
-116
-123
-120
-128
-129
-125
-124
-125
-122
-116
-115
-111
-107
-109
-102
-89
-85
-88
-78
-64
-65
-68
-51
-45
-48
-35
-26
-36
-32
-26
-33
-33
-42
-52
-52
-64
-61
-56
-67
-78
-85
-81
-80
-87
-84
-88
-84
-75
-75
-69
-64
-75
-76
-59
-60
-57
-56
-57
-50
-45
-47
-51
-49
-47
-45
-38
-32
-31
-29
-28
-38
-32
-25
-28
-22
-28
-29
-13
-22
-27
-20
-25
-20
-21
-23
-16
-20
-17
-13
-16
-19
-16
-5
-5
-9
-9
-15
-9
-11
-16
-5
4
10
9
26
41
53
62
62
77
85
91
99
110
111
108
121
119
126
130
116
114
120
120
121
118
120
117
110
109
98
96
101
93
85
87
85
84
80
78
81
84
89
98
107
106
113
113
110
125
130
123
122
125
120
119
113
105
106
96
85
86
86
84
83
74
77
65
46
47
43
45
41
29
21
27
30
22
15
4
10
14
11
17
21
19
29
40
42
54
58
47
54
65
61
66
58
52
60
58
62
59
52
53
57
66
64
63
64
65
62
53
44
46
43
33
32
25
21
28
24
14
12
11
11
15
14
8
15
15
11
12
5
7
3
1
-3
-21
-20
-22
-23
-34
-36
-27
-30
-29
-38
-36
-36
-48
-51
-55
-64
-61
-64
-78
-85
-95
-104
-102
-118
-129
-122
-134
-148
-140
-145
-151
-151
-154
-153
-147
-151
-155
-158
-165
-159
-156
-142
-141
-143
-132
-132
-112
-113
-118
-111
-110
-92
-94
-93
-86
-92
-95
-90
-93
-107
-101
-96
-105
-94
-94
-98
-97
-106
-97
-86
-85
-82
-83
-83
-71
-65
-57
-51
-61
-60
-54
-55
-56
-50
-46
-48
-42
-40
-41
-37
-39
-45
-36
-32
-39
-43
-53
-46
-35
-39
-42
-39
-41
-54
-52
-43
-51
-56
-63
-63
-57
-56
-52
-57
-59
-56
-58
-59
-62
-59
-58
-61
-52
-44
-46
-35
-38
-40
-26
-17
-18
-13
-8
-4
0
-6
-10
4
16
19
20
24
29
32
42
41
37
56
60
56
67
73
77
79
80
76
73
87
94
95
93
86
88
91
92
100
100
92
97
104
102
99
93
88
90
100
100
93
102
100
95
103
97
95
105
101
108
112
97
94
92
97
101
86
68
58
65
57
49
50
43
46
45
38
45
37
21
29
39
37
41
40
32
31
37
36
34
40
42
37
38
56
55
51
52
43
57
67
57
57
55
48
48
41
38
43
42
39
45
45
48
51
50
55
56
60
66
63
60
57
57
48
44
47
38
39
52
42
38
46
33
44
55
37
40
40
32
29
26
28
29
20
14
13
15
7
-4
-3
-7
-2
1
-8
3
-6
-21
-18
-24
-28
-32
-49
-45
-42
-52
-50
-44
-40
-43
-49
-49
-52
-51
-59
-65
-51
-47
-46
-45
-42
-44
-55
-61
-70
-73
-73
-74
-77
-82
-71
-67
-61
-56
-67
-62
-61
-63
-49
-46
-52
-54
-48
-47
-57
-59
-69
-73
-74
-85
-80
-64
-63
-62
-56
-62
-65
-58
-67
-71
-62
-58
-51
-42
-46
-51
-47
-57
-66
-65
-68
-60
-55
-55
-41
-34
-30
-38
-47
-51
-67
-59
-44
-54
-63
-66
-74
-75
-65
-56
-49
-53
-56
-54
-51
-42
-35
-25
-22
-20
-4
-3
-2
-2
-16
-24
-21
-20
-17
-7
-1
5
7
1
9
12
8
9
12
21
37
53
56
39
27
24
14
18
27
20
14
8
8
21
27
37
52
43
40
40
42
58
61
54
44
39
29
17
2
-26
-36
-36
-28
-5
9
24
35
30
24
14
10
17
22
18
8
2
-8
-26
-34
-38
-38
-34
-39
-37
-30
-22
-14
-20
-13
-2
11
14
-5
-21
-32
-36
-37
-44
-45
-29
-9
6
6
-3
-13
-37
-48
-45
-25
-1
4
6
2
-7
-12
-18
-29
-34
-30
-14
-3
2
12
15
30
41
39
29
14
11
13
24
24
29
58
80
89
81
59
40
22
9
8
31
66
84
91
103
99
79
64
39
34
49
58
70
78
86
78
70
76
70
69
68
69
67
64
72
83
93
101
116
132
129
112
97
89
92
106
117
116
121
129
131
143
141
126
131
125
114
113
110
110
114
111
97
69
48
49
52
56
48
30
20
17
35
65
86
99
80
56
51
61
77
88
88
66
41
14
3
3
10
14
6
-14
-16
10
26
31
18
6
-7
-27
-27
-31
-28
-20
-39
-64
-76
-84
-89
-88
-91
-72
-54
-54
-40
-38
-50
-47
-36
-35
-47
-60
-79
-93
-84
-80
-83
-75
-55
-55
-64
-63
-87
-111
-120
-112
-66
-17
-8
-28
-49
-68
-79
-76
-82
-83
-56
-44
-53
-63
-83
-95
-81
-74
-87
-95
-105
-105
-91
-87
-99
-116
-118
-95
-63
-22
-7
-31
-64
-81
-71
-60
-37
-11
-14
-17
-28
-40
-46
-51
-45
-49
-70
-109
-129
-129
-123
-100
-88
-89
-89
-90
-94
-85
-62
-66
-91
-97
-82
-53
-24
-21
-51
-106
-139
-129
-116
-93
-94
-113
-104
-89
-63
-46
-55
-53
-46
-47
-45
-28
-19
-13
-19
-39
-52
-56
-29
-14
-31
-48
-70
-73
-49
-11
14
15
7
-2
-5
2
15
3
-2
4
-2
0
-5
-9
2
9
23
45
53
67
87
85
82
76
62
70
84
88
109
140
156
144
110
61
40
55
97
122
106
85
70
48
35
49
83
100
108
114
83
47
42
64
81
93
104
79
51
41
50
52
34
21
23
49
81
116
117
112
104
74
63
64
76
97
99
78
37
-3
-7
21
52
63
43
2
-8
1
13
46
81
92
64
27
-5
-10
12
30
45
48
57
61
56
38
13
17
16
25
48
52
55
33
8
2
17
58
88
82
64
40
10
-15
8
37
61
85
55
27
16
15
13
-7
-7
3
34
49
37
19
-8
3
45
76
75
51
35
18
23
50
37
-5
-22
-12
30
78
96
74
7
-36
-48
-18
34
72
111
83
38
29
21
33
57
53
-2
-48
-61
-29
19
20
3
-55
-94
-73
-60
-61
-77
-98
-118
-129
-124
-93
-60
-22
10
-19
-66
-83
-81
-62
-46
-33
-18
-42
-78
-95
-129
-141
-131
-128
-108
-86
-50
-15
-22
-33
-69
-131
-141
-123
-108
-87
-93
-109
-124
-120
-87
-61
-68
-84
-93
-99
-77
-49
-26
-8
-19
-20
-54
-87
-89
-91
-71
-58
-77
-85
-62
-20
35
48
36
21
-20
-38
-37
-6
44
81
81
12
-65
-110
-102
-35
39
62
47
36
14
-2
4
21
41
44
31
19
5
13
54
111
134
112
62
8
-17
4
53
87
111
96
47
21
23
40
73
97
80
29
-24
-19
16
27
32
19
-9
-17
-10
-17
-27
-21
-5
-10
-19
-4
1
11
25
35
22
-24
-52
-65
-45
-8
33
85
89
46
-5
-53
-66
-21
58
103
90
56
17
2
2
-11
-21
-49
-60
-28
-2
17
26
20
10
-15
-7
10
14
28
21
3
-11
-24
-23
3
42
78
81
22
-9
-19
-44
-13
77
151
144
89
-6
-83
-78
-17
63
87
61
17
-33
-61
-63
-50
-43
-23
17
42
47
45
46
35
-7
-48
-75
-77
-47
-21
12
34
45
45
30
24
12
-6
-13
-14
-12
-6
11
63
99
106
83
11
-50
-66
-48
-3
31
51
68
42
3
-16
-33
-27
16
70
85
60
25
4
2
-7
-22
-33
-53
-75
-49
1
34
56
56
45
47
63
50
25
-4
-33
-43
-46
17
111
156
125
34
-41
-74
-60
-12
15
26
29
28
11
-1
-7
-34
-50
-47
-33
-18
11
57
63
32
-7
-15
5
19
35
50
40
24
37
43
42
40
43
57
48
26
-13
-49
-56
-28
27
56
54
24
-8
-34
-60
-70
-54
-19
10
41
41
3
-33
-38
-16
4
-11
-68
-99
-91
-61
-16
-24
-45
-30
-14
4
21
17
-20
-61
-62
-31
1
28
32
-1
-41
-66
-51
-13
11
7
-5
11
25
4
-10
-33
-45
-24
-16
-10
-22
-58
-75
-59
-18
32
56
24
2
-19
-53
-25
-27
-52
-52
-70
-72
-61
-22
33
58
25
-47
-81
-98
-79
-28
1
9
-6
-43
-90
-124
-158
-158
-113
-71
-26
-19
-48
-66
-97
-120
-104
-82
-56
-15
-27
-55
-70
-88
-78
-54
-34
-68
-146
-181
-137
-58
40
126
89
-2
-80
-113
-66
-12
40
54
13
-50
-88
-67
-23
23
45
12
-45
-50
-19
10
40
32
26
35
15
3
-3
-18
-23
-16
-8
9
9
-29
-40
-42
-42
-33
-52
-19
39
73
97
83
38
1
-42
-79
-68
-29
8
53
85
71
50
40
29
45
68
85
98
79
41
-1
-37
-20
69
126
96
60
20
18
87
139
160
138
79
56
42
50
72
85
94
91
106
124
103
71
61
70
85
71
50
61
89
98
89
66
68
93
102
86
45
49
76
77
79
57
37
50
76
90
123
129
97
63
-5
-32
-6
24
49
45
37
28
46
71
75
62
18
6
30
71
100
115
101
33
-21
-65
-70
-22
-13
-3
20
52
83
55
20
12
-1
-1
27
32
43
77
47
-10
-73
-104
-81
-53
-29
-4
12
15
11
-14
-13
25
48
48
20
-36
-100
-135
-119
-80
-32
1
3
-39
-91
-109
-94
-39
13
46
47
17
-17
-41
-44
-46
-74
-87
-80
-82
-68
-41
-25
-12
-30
-24
-10
-24
-15
-11
-7
20
15
-22
-52
-62
-61
-36
-18
-58
-100
-111
-108
-63
7
40
18
-23
-86
-152
-153
-117
-63
-18
-12
-28
-67
-86
-88
-79
-63
-47
-34
-29
-23
-23
-17
-37
-37
-34
-58
-63
-92
-143
-174
-126
-58
-13
47
40
11
-32
-90
-77
-51
-18
-14
-53
-71
-72
-65
-64
-57
-43
-41
-35
-56
-78
-45
17
52
36
-14
-63
-105
-117
-62
-16
22
27
-13
-34
-20
40
67
46
-15
-69
-61
-53
-40
-38
-38
-31
-48
-39
-18
-25
-21
-25
-39
-25
15
26
12
6
-13
-16
-17
-15
-17
-59
-58
-16
24
57
66
60
67
96
64
-18
-58
-53
-31
-5
18
46
87
78
12
-2
16
43
63
22
-14
-24
-4
14
5
13
22
10
-14
-7
2
17
60
81
90
82
57
21
-34
-74
-68
-14
23
58
96
107
100
90
89
105
124
111
69
20
-20
-48
-64
-24
52
87
57
-13
-65
-56
34
134
162
150
86
43
42
52
103
125
76
-9
-87
-111
-53
23
104
158
113
68
56
46
50
81
111
93
79
62
15
9
8
-1
12
37
53
36
5
-14
0
12
34
41
11
-1
-29
-59
-33
37
85
86
61
13
-24
9
99
127
89
33
-42
-64
-32
-4
20
51
67
38
-3
-9
3
25
61
88
78
52
37
26
-26
-82
-67
-45
-13
47
57
4
-43
-43
-38
-2
53
51
18
-1
-6
0
13
9
-32
-45
-19
4
27
37
48
43
1
-33
-28
3
25
54
57
19
-23
-67
-77
-57
-32
-41
-60
-50
-44
-40
-5
22
24
38
33
24
25
-13
-68
-124
-149
-92
3
72
72
25
-13
-36
-38
-26
-21
-17
-16
-29
-49
-68
-87
-68
-9
6
-1
-7
-32
-46
-53
-38
-7
9
-5
-25
-26
-43
-43
-16
-18
-19
-22
-67
-99
-108
-85
-35
1
0
-66
-115
-92
-45
30
69
34
-18
-72
-97
-78
-34
18
29
12
-10
-66
-129
-143
-131
-103
-32
15
9
-22
-51
-83
-105
-97
-85
-76
-57
-31
-37
-13
41
40
-8
-62
-83
-98
-59
4
-14
-55
-89
-115
-110
-79
-53
-62
-56
-32
-31
-17
36
84
63
4
-42
-68
-72
-56
-37
-67
-96
-106
-115
-91
-36
11
15
8
-16
-39
-42
-8
47
59
49
-5
-77
-98
-86
-53
-40
-41
-14
15
83
137
126
88
18
-7
0
4
30
32
-4
-23
-28
-32
11
52
46
12
-17
5
50
76
87
68
37
46
62
52
48
18
-47
-65
-28
45
107
127
122
71
17
-2
-13
-14
17
82
142
184
139
15
-48
-54
-38
0
23
53
67
75
95
85
76
40
-3
-18
-45
-12
62
112
148
140
97
50
-6
-26
-2
57
114
107
65
31
19
21
47
76
59
53
69
76
64
50
46
49
65
64
70
57
33
53
48
29
38
17
27
78
81
72
69
42
37
36
-5
-29
-35
-32
8
72
118
106
77
44
-9
-23
11
42
81
124
111
77
69
33
-35
-64
-30
15
43
59
53
71
79
34
0
-16
10
56
92
114
96
57
14
-34
-64
-48
3
27
42
45
12
-27
-37
-13
12
37
45
-9
-85
-85
-17
43
46
13
-11
-29
-3
54
32
-57
-85
-41
-20
-13
8
-5
-12
7
-12
-65
-51
25
56
17
-35
-80
-130
-143
-126
-117
-79
-15
26
24
7
15
13
-13
-48
-59
-34
17
73
76
4
-82
-148
-198
-196
-157
-105
-38
7
14
-13
-56
-78
-77
-59
-14
34
59
47
13
-67
-149
-175
-195
-177
-123
-110
-120
-106
-62
-50
-49
-44
-75
-95
-72
-37
-46
-71
-83
-133
-157
-108
-85
-108
-95
-77
-96
-110
-106
-69
-37
-36
-49
-105
-162
-151
-101
-75
-80
-98
-115
-127
-123
-81
-23
20
53
64
23
-41
-51
-54
-99
-77
-35
-31
-9
6
-13
-44
-35
-22
-39
-11
33
42
56
57
48
26
-14
-2
2
-11
-7
-15
8
76
110
113
136
118
92
104
98
108
131
121
107
99
98
57
-11
11
60
83
126
154
137
113
112
123
138
142
132
129
122
75
36
54
90
104
67
-7
-9
56
96
119
163
210
191
102
51
40
83
145
133
105
69
19
12
40
64
62
46
61
101
104
76
42
15
22
17
-4
-14
4
52
83
83
71
67
40
1
25
65
71
72
57
19
-14
-18
-4
7
29
49
38
37
52
47
24
5
12
22
37
65
76
69
62
35
-6
-20
-13
0
19
0
-53
-71
-39
12
48
44
13
-21
-33
-36
-54
-72
-73
-45
-29
-26
3
-1
-29
-46
-74
-85
-101
-88
-21
39
83
69
-10
-80
-112
-121
-76
-10
-6
-41
-66
-53
-16
-11
-14
-25
-77
-72
-24
-21
-14
-1
26
40
15
-8
-52
-112
-109
-23
38
44
22
-4
-17
-28
9
69
105
125
101
38
23
56
54
20
4
25
41
46
61
52
14
-18
-36
-40
-17
16
3
-22
-26
-28
-32
-25
11
17
-26
-39
-15
5
-13
-63
-101
-101
-74
-64
-72
-37
-10
-12
-21
-77
-120
-100
-68
-74
-84
-71
-76
-66
-43
-51
-52
-59
-75
-106
-108
-42
18
16
-33
-95
-165
-178
-118
-73
-57
-86
-121
-127
-136
-136
-110
-94
-71
-22
19
15
19
33
-3
-29
-24
-16
-12
-18
-37
-45
5
73
81
34
11
-5
-48
-64
-41
-31
-34
4
26
15
6
-25
-48
-47
-25
3
17
35
37
26
36
47
42
23
-6
-48
-56
-34
-48
-46
-5
33
75
85
45
-5
-5
57
94
89
80
58
32
2
-2
2
-32
-49
-35
-8
38
59
43
39
30
22
45
69
77
49
-4
4
42
62
64
34
27
31
36
66
114
156
149
95
46
22
51
113
118
89
82
80
82
86
90
102
117
123
128
138
125
123
103
53
45
48
65
127
141
85
20
1
8
3
26
76
114
87
38
-4
-25
17
54
26
-26
-43
-11
17
42
74
86
93
69
36
19
-19
-25
2
1
-28
-39
-21
-6
-49
-109
-119
-112
-63
0
-7
-8
33
48
38
9
-27
-35
-37
-45
-52
-49
-10
18
1
-28
-50
-41
-20
3
33
46
92
112
51
6
3
30
85
116
93
61
43
19
3
2
2
11
46
69
44
-10
-43
-22
14
27
11
-22
6
30
-18
-45
-4
36
24
-12
-43
-37
-15
-20
-49
-54
-26
-28
-79
-131
-141
-87
-32
-21
-41
-71
-71
-60
-92
-131
-149
-154
-120
-70
-57
-66
-98
-109
-94
-116
-135
-129
-115
-98
-103
-132
-153
-146
-137
-141
-127
-95
-80
-82
-108
-114
-51
4
-5
-60
-116
-134
-130
-111
-66
-26
-9
-7
-25
-64
-90
-66
-22
29
71
44
-5
-28
-35
-45
-58
-27
18
10
-26
-61
-62
-22
29
41
18
28
45
29
-19
-54
-32
13
40
43
43
33
15
-1
-33
-39
-37
-29
8
3
-48
-64
-43
-17
5
0
-35
-63
-79
-97
-94
-47
14
22
-23
-77
-124
-139
-101
-36
-12
-34
-40
-43
-67
-81
-74
-30
13
1
-35
-49
-19
-3
-36
-64
-75
-62
-26
-7
16
25
21
22
-8
1
52
78
84
82
58
42
33
7
9
13
31
64
64
64
84
107
129
154
150
121
118
139
161
155
128
110
115
122
99
98
115
122
122
122
122
94
77
49
38
97
165
184
159
131
92
91
158
193
172
126
86
69
61
52
63
102
115
98
80
76
104
136
113
64
42
40
73
76
29
15
28
63
83
72
90
96
76
79
81
72
82
91
71
38
34
30
14
13
0
-4
57
115
98
66
59
64
34
-8
-2
20
64
70
-2
-56
-49
-24
-19
-12
8
-3
-13
11
18
-1
-9
-15
-18
-12
1
2
3
24
-18
-111
-114
-54
-34
-40
-53
-84
-95
-90
-80
-52
-16
17
-32
-90
-94
-97
-70
-50
-77
-101
-80
-53
-85
-115
-101
-87
-70
-71
-99
-134
-130
-90
-107
-130
-101
-91
-107
-111
-108
-119
-121
-115
-97
-62
-32
-30
-86
-132
-119
-119
-131
-104
-77
-83
-95
-73
-62
-95
-123
-106
-48
-6
-29
-69
-72
-52
-46
-78
-93
-72
-67
-54
-33
-20
-2
-34
-92
-100
-56
-23
-27
-28
-50
-94
-81
-39
-18
-10
-8
-16
-41
-44
-20
-1
-1
3
26
16
2
1
-12
-8
-11
-25
-24
-14
-9
-36
-75
-98
-84
-38
3
3
-31
-29
-2
4
-2
-7
-19
-33
-33
-6
29
41
22
-12
-16
8
28
30
28
40
30
-5
-24
-2
17
-11
-64
-62
2
50
59
67
86
67
23
18
62
128
152
96
23
-11
-12
19
49
78
106
78
24
5
22
77
98
83
96
82
58
62
74
81
60
33
43
83
104
97
59
32
27
26
40
69
97
73
19
0
16
56
78
43
11
13
24
34
34
6
-17
7
38
55
48
38
22
-21
-30
2
5
-14
-28
-37
-36
-23
-1
26
17
-20
-7
39
59
47
15
-14
-37
-54
-51
-14
-1
-20
-38
-31
-5
10
14
12
29
50
37
22
30
40
-2
-57
-47
4
6
-33
-33
-30
-21
-6
-12
15
29
17
3
-34
-21
15
40
58
50
54
34
20
9
6
34
25
22
28
25
26
19
26
23
-10
-30
1
60
75
11
-66
-75
-37
-8
-15
-14
40
72
27
-28
-32
-4
7
11
7
-25
-39
-18
-22
-35
-45
-63
-46
-48
-64
-38
6
33
23
-4
-29
-42
-12
21
-8
-53
-44
-13
-3
-19
-48
-44
-31
-41
-61
-73
-57
-50
-61
-77
-61
-22
2
2
-15
-45
-60
-47
-33
-4
2
-23
-24
-47
-72
-46
-12
33
44
-5
-21
-6
4
25
26
-9
-33
-47
-43
-23
-15
-9
4
-17
-57
-26
42
64
30
2
13
15
12
6
7
15
-3
-46
-53
-1
33
-2
-21
22
11
-44
-47
10
58
33
-9
22
71
58
19
-26
-35
15
38
45
36
-3
3
19
41
80
93
85
39
-5
-13
2
-1
-25
-34
-47
-50
-27
-17
-22
-14
-2
35
99
109
74
34
-4
-5
-6
-40
-45
-28
-23
-4
8
15
10
-41
-73
-53
-25
-22
-11
14
0
-35
-46
-34
-22
-14
6
25
-3
-44
-49
-36
-14
-8
-24
-39
-33
-26
-15
-4
7
30
6
-47
-71
-46
-16
-19
-35
-38
-29
-44
-26
21
41
37
-6
-53
-59
-43
-31
-22
-23
-28
-28
-54
-68
-42
-34
-36
-48
-62
-54
-43
-35
-32
-22
-48
-81
-57
-34
-39
-64
-94
-62
9
29
-10
-39
-21
-5
-22
-43
-38
-4
18
-4
-39
-21
24
22
-11
-19
-6
15
4
-18
0
29
39
20
11
21
37
37
38
75
99
96
84
87
77
37
4
3
33
52
69
83
93
113
101
77
96
133
140
109
78
76
83
73
46
25
36
63
74
66
67
74
66
74
90
109
132
115
81
62
40
32
52
82
101
76
23
2
34
75
63
41
46
61
66
51
57
83
119
118
69
40
31
36
31
15
29
39
25
5
-17
-9
27
70
85
54
32
12
-45
-91
-92
-71
-40
-20
-22
-59
-86
-67
-32
16
14
-38
-84
-100
-96
-97
-109
-100
-72
-70
-107
-149
-131
-61
-42
-83
-117
-109
-79
-94
-106
-96
-93
-82
-112
-148
-129
-94
-62
-48
-53
-67
-86
-74
-29
-6
2
5
-18
-47
-37
0
27
45
43
28
42
48
58
74
81
99
76
69
98
115
114
107
129
138
130
95
80
117
135
143
128
110
92
42
16
41
97
121
97
56
10
4
11
9
6
-12
-34
-54
-83
-102
-103
-119
-149
-160
-172
-202
-218
-206
-218
-261
-296
-338
-338
-292
-245
-236
-268
-275
-263
-263
-278
-280
-262
-274
-323
-344
-301
-252
-228
-237
-263
-248
-226
-221
-222
-211
-187
-146
-117
-121
-110
-112
-108
-66
-31
17
48
89
118
122
134
151
211
244
251
269
286
302
326
369
404
443
444
415
408
394
418
489
537
543
516
487
475
465
469
495
521
520
502
474
428
388
337
298
270
238
212
166
120
79
30
-17
-69
-129
-188
-217
-231
-246
-269
-306
-337
-346
-353
-364
-351
-352
-372
-405
-442
-427
-389
-382
-411
-422
-430
-423
-397
-389
-375
-362
-364
-378
-364
-312
-277
-266
-252
-229
-226
-234
-242
-221
-174
-130
-83
-50
-23
-8
-10
13
68
122
139
136
121
91
87
94
94
113
147
145
111
120
164
187
203
225
239
247
268
266
240
238
254
277
287
287
305
315
317
324
310
304
322
323
312
307
294
301
332
338
313
285
268
237
224
240
233
229
238
236
228
245
262
230
179
113
63
52
45
37
5
-56
-123
-167
-222
-291
-329
-343
-334
-307
-300
-308
-320
-371
-431
-457
-447
-430
-415
-378
-331
-284
-285
-343
-381
-380
-371
-360
-329
-266
-204
-192
-229
-274
-286
-283
-292
-286
-243
-207
-199
-188
-191
-189
-147
-103
-90
-91
-82
-58
-11
27
78
103
60
34
13
24
80
114
138
149
157
150
135
189
256
262
223
185
188
194
213
249
280
290
256
230
234
254
269
269
270
265
246
247
254
246
261
291
304
287
271
274
290
307
321
305
277
299
289
248
217
193
208
177
130
121
116
102
40
-52
-122
-150
-155
-184
-231
-269
-268
-246
-266
-305
-341
-356
-348
-325
-279
-235
-213
-221
-224
-204
-196
-203
-201
-170
-149
-139
-126
-111
-105
-129
-152
-164
-160
-121
-90
-66
-22
0
-31
-77
-85
-59
-38
-15
21
26
28
70
94
79
73
72
79
108
101
82
76
63
51
22
-9
-24
-15
-5
-50
-122
-172
-138
-88
-100
-101
-89
-105
-139
-169
-202
-234
-195
-143
-145
-182
-209
-223
-278
-319
-301
-255
-181
-128
-159
-218
-245
-239
-230
-223
-193
-146
-123
-138
-156
-167
-145
-117
-121
-92
-33
14
52
77
78
82
101
128
158
179
195
235
289
323
337
334
349
401
476
504
506
534
561
574
553
539
551
572
571
517
441
371
336
301
253
226
230
226
156
81
48
10
-16
-27
-32
-19
-26
-67
-136
-201
-222
-197
-147
-147
-171
-167
-163
-191
-239
-273
-274
-269
-279
-271
-283
-314
-350
-396
-412
-410
-391
-364
-355
-364
-379
-416
-440
-422
-390
-350
-333
-305
-251
-234
-257
-293
-270
-217
-194
-170
-129
-79
-32
18
50
50
49
55
94
142
170
207
248
285
280
275
299
318
332
345
372
396
431
440
417
443
469
483
504
548
642
718
745
729
674
628
620
633
629
632
646
630
583
497
428
371
317
272
225
186
133
96
66
7
-84
-189
-243
-279
-320
-311
-289
-307
-363
-433
-473
-487
-488
-468
-471
-486
-480
-435
-417
-446
-483
-559
-589
-558
-527
-495
-478
-454
-431
-427
-420
-400
-368
-336
-322
-321
-287
-236
-228
-248
-246
-198
-139
-93
-46
-4
41
58
41
15
2
43
77
91
106
111
101
76
54
22
-17
-23
-12
12
36
36
19
-29
-57
-43
-55
-72
-62
-51
-55
-74
-105
-118
-128
-142
-137
-135
-119
-105
-135
-159
-164
-148
-110
-111
-157
-186
-180
-159
-140
-135
-131
-113
-104
-105
-82
-34
16
51
51
58
74
80
102
151
182
202
259
341
390
399
405
419
423
409
423
492
560
614
636
616
615
628
580
484
392
337
324
326
320
279
192
113
52
-1
-25
-53
-72
-72
-68
-57
-56
-92
-136
-147
-158
-155
-129
-113
-129
-158
-154
-149
-182
-261
-325
-309
-255
-226
-226
-206
-179
-180
-194
-210
-191
-187
-214
-222
-211
-148
-103
-133
-173
-187
-184
-195
-200
-185
-173
-177
-192
-203
-208
-210
-224
-218
-152
-109
-126
-149
-107
-40
-40
-51
-26
4
30
46
48
44
28
-1
-26
-28
8
25
11
15
51
83
87
76
99
181
256
297
318
339
373
393
415
457
508
527
522
542
556
529
506
514
522
536
541
515
484
444
378
287
215
196
180
132
88
58
27
-15
-65
-92
-123
-143
-143
-147
-145
-172
-206
-209
-197
-189
-204
-241
-270
-270
-253
-249
-260
-249
-243
-287
-340
-337
-304
-302
-311
-284
-239
-249
-303
-334
-318
-299
-286
-265
-245
-205
-171
-171
-180
-152
-93
-63
-54
-49
-47
-43
-55
-51
-16
14
29
12
-2
-5
-32
-68
-89
-101
-113
-120
-123
-122
-124
-169
-229
-258
-266
-278
-281
-255
-229
-229
-236
-230
-217
-197
-182
-197
-211
-202
-192
-175
-173
-173
-150
-131
-122
-144
-168
-151
-114
-61
-6
43
86
123
173
211
241
270
297
343
373
401
444
496
543
534
527
562
596
628
653
678
689
673
650
617
585
571
557
511
428
359
337
329
274
207
170
138
114
70
23
-3
-24
-31
-30
-46
-73
-123
-213
-274
-279
-270
-259
-245
-273
-335
-353
-351
-380
-412
-401
-395
-425
-414
-389
-401
-409
-390
-348
-309
-277
-240
-208
-186
-184
-168
-144
-148
-142
-136
-134
-113
-88
-75
-64
-71
-97
-102
-106
-144
-167
-163
-137
-112
-112
-133
-117
-116
-165
-179
-193
-197
-180
-171
-124
-96
-113
-117
-98
-77
-81
-83
-73
-87
-92
-61
-30
18
73
81
69
92
119
130
138
157
210
285
348
380
385
406
442
465
474
481
505
524
524
568
673
707
665
636
605
539
472
445
426
358
278
252
221
182
157
132
90
52
35
15
32
52
12
-59
-86
-92
-132
-167
-173
-194
-214
-202
-225
-263
-294
-314
-282
-290
-345
-370
-388
-385
-363
-344
-339
-338
-325
-280
-224
-215
-251
-287
-288
-245
-180
-112
-68
-69
-93
-105
-70
-52
-56
-30
12
59
83
114
131
107
49
4
-33
-63
-61
-87
-114
-83
-28
-13
-68
-153
-203
-193
-160
-138
-131
-142
-142
-128
-107
-85
-92
-119
-98
-74
-70
-70
-92
-104
-116
-102
-71
-28
-4
-18
-2
15
62
118
107
117
157
218
277
303
342
396
445
465
461
427
397
430
476
538
606
649
734
748
708
664
604
559
461
372
327
366
386
360
340
258
174
75
29
23
-22
-76
-110
-101
-125
-125
-70
-120
-263
-352
-395
-407
-377
-313
-343
-414
-443
-390
-403
-867
-1112
-1031
-1022
-928
-644
-163
79
-13
-170
-268
-559
-633
-273
-30
39
173
330
235
-125
-549
-628
-401
55
341
52
-410
-674
-741
-881
-956
-795
-388
99
305
154
-312
-741
-866
-678
-180
330
607
633
321
-72
-281
-414
-268
-265
-221
388
992
1012
433
-221
-548
-53
739
1252
1162
662
830
1290
1311
921
772
1305
2042
2603
2672
2069
1361
776
-629
-2876
-3640
-1804
259
-7
-1496
-1570
-1329
-2671
-3749
-3181
-2733
-2842
-1127
2402
3943
2178
727
1578
1841
954
1697
3964
4788
3123
1555
1723
2042
730
-1405
-2441
-1888
-964
-1425
-2782
-3362
-3484
-3984
-3705
-1713
-23
-421
-1162
-426
485
291
460
2033
2946
2435
2732
4139
4061
1822
305
639
671
-140
21
724
-372
-2451
-2815
-2204
-2804
-3628
-3342
-2815
-2620
-1924
-552
-81
-1193
-1653
-117
1374
2021
2535
2312
1598
1415
1670
1629
782
-232
-185
217
-5
-188
-795
-2237
-3134
-2703
-1586
-666
-257
-65
-150
-275
537
1652
1770
1267
1517
2669
3208
2930
2820
2438
1651
1702
2336
2576
2352
1857
1891
2239
2000
740
-3476
-8905
-8385
-2812
-314
-1145
-622
923
-258
-3238
-2786
-194
-1371
-2748
2535
9246
9539
5411
3653
4216
2094
-753
995
4466
2812
-2379
-4760
-2738
-1695
-4826
-7510
-6410
-3668
-3171
-4474
-4094
-2121
-1561
-1337
1715
6083
7916
5778
3015
2266
1795
1337
2062
2079
642
-61
-222
-1523
-4153
-5919
-5285
-4843
-5245
-3307
-108
-33
-2296
-2520
-29
1566
1184
1910
4011
4505
3300
3170
3448
1153
-1890
-2807
-2860
-2122
-832
-2078
-4025
-3539
-2900
-2965
-2831
-2370
-614
502
211
1820
3431
2101
797
720
1078
2184
2384
1360
490
-727
-1301
-285
148
-452
-764
-1118
-1403
-308
1389
1244
182
765
2172
2935
3193
3212
3183
2669
2281
4087
6050
5125
750
-7280
-11525
-5975
-658
-2047
-2538
845
2156
-1352
-3576
-250
368
-5338
-4789
5629
12228
8826
4149
5024
5552
303
-2684
1679
4549
-541
-6952
-5634
43
-231
-6072
-8130
-4509
-2313
-4877
-6115
-1821
1204
-690
-275
5131
9512
8201
3597
1685
1714
7
-874
20
141
-27
-698
-2653
-4260
-4508
-3641
-3927
-6041
-4767
221
1879
-531
-1578
1202
3996
2510
767
3105
4322
697
-1930
59
2248
993
-2199
-3174
-964
18
-2489
-4276
-2442
-756
-1369
-1481
275
2243
1749
-178
655
3019
2909
1199
-64
-248
588
741
52
320
606
-317
-782
-150
1047
1989
1005
-550
444
2704
3142
2487
2529
2968
3325
3462
3992
5654
3595
-6625
-14482
-9644
-1551
-694
-2500
306
4208
1082
-4127
-1543
1922
-2430
-5213
1808
10667
11630
6664
4551
5524
2401
-2614
-1425
3007
1114
-6511
-9256
-3635
518
-3216
-7246
-4430
-835
-3474
-6480
-2883
1994
2012
944
3977
9201
10675
7106
2821
288
-1202
-1982
-2512
-2660
-1451
-1148
-3381
-5684
-5647
-3319
-3035
-6564
-7535
-2239
2390
1190
355
4039
6501
3566
264
1618
4375
3283
-821
-1669
1728
2348
-1671
-4271
-2427
-473
-2767
-5538
-3332
136
-905
-2840
-509
3653
4641
1923
733
2836
3195
829
-100
1496
3066
2735
1108
362
639
-686
-2949
-2413
432
1913
1049
-161
446
2227
2518
1892
2672
4181
5082
5253
1877
-6433
-11174
-7482
-3761
-4149
-1961
3864
3825
-2432
-4154
-663
-1458
-5173
-1350
6885
9206
4178
1249
6158
9155
3158
-3313
-1035
1613
-3965
-10328
-6697
1818
448
-7428
-7994
-624
1893
-4179
-8063
-3007
3333
2503
1162
5967
10747
8796
3798
2071
2822
1137
-2967
-5825
-5114
-1778
304
-512
-3009
-4302
-4110
-4842
-6581
-5513
5
3442
1549
1099
5809
7655
2286
-1101
1282
2617
399
-1147
128
1601
-46
-4207
-5018
-1153
949
-1785
-3994
-1586
725
-774
-1612
1133
3673
3090
1352
1403
2933
3081
665
-1188
-220
1147
547
34
1678
2540
917
-819
-1240
-413
874
486
-534
1496
4642
4826
3946
5483
7679
3366
-8913
-15060
-8400
-2993
-5105
-4142
3445
6488
-289
-5591
-1866
1026
-2679
-3016
4331
9893
6669
1779
5023
10343
6510
-2029
-3875
-540
-3097
-10962
-10838
-2068
1013
-4438
-6740
-1762
1603
-2968
-8022
-4790
1454
2935
2350
5530
10789
11415
6818
2721
867
-1102
-3647
-6420
-6702
-2916
-68
-1153
-3093
-2557
-554
-2277
-7629
-7998
-590
4509
984
-480
7089
11056
4343
-1249
809
3061
459
-3546
-2801
1401
842
-4052
-4661
545
3287
-1626
-5943
-1903
2155
-694
-2536
1533
5339
3975
716
1198
4426
4276
-300
-3105
-615
1886
124
-487
2692
3896
1646
-648
-618
1563
2134
-69
-526
2351
4956
5237
5447
7791
6336
-4995
-15194
-12583
-6307
-6160
-5641
1466
7599
4133
-2760
-2719
204
-1978
-3861
1218
7556
7364
3815
5303
10090
8978
1893
-2456
-1896
-3923
-11069
-13533
-6234
37
-2452
-5100
-893
2784
-1501
-7517
-5866
243
2313
1569
4463
10126
12570
9601
4704
1662
-625
-4304
-8289
-9444
-6484
-2570
-1382
-2631
-2254
1273
1604
-5317
-9723
-3413
2933
-2
-1434
6308
11378
6570
1382
2022
3703
1022
-4685
-6432
-1960
1016
-1950
-3767
314
3284
-925
-5672
-3027
1616
297
-2639
-428
4168
5280
2719
1564
4219
5233
745
-3307
-1991
295
-711
-1780
317
3402
4221
1972
143
1565
2294
-340
-1690
1083
4419
5481
6609
9138
4862
-8420
-15087
-10505
-7862
-8715
-4268
3261
5133
1282
-583
1314
263
-2547
-94
4235
3600
863
3156
8847
9278
4208
2056
2954
-1419
-11514
-16386
-10112
-3028
-4054
-5079
808
5942
2733
-4035
-4330
333
347
-2516
-8
5910
9009
8974
8297
7029
2938
-2698
-7016
-10160
-10417
-6720
-3401
-2748
-2154
628
3503
1228
-4113
-3423
1424
144
-3891
-419
6181
6534
3588
3871
5768
4559
-789
-5983
-6100
-4189
-4873
-4379
363
4666
3944
211
-544
1478
196
-2890
-2302
339
1586
1430
2128
5052
6670
4145
861
-662
-2072
-3596
-3551
-1578
861
2231
2791
3619
4721
4561
2311
52
-43
1564
3192
5465
6620
33
-9003
-8783
-5950
-9082
-8861
-1342
2349
-898
-2033
2576
4833
455
-466
6399
8848
1241
-4853
-156
7213
5799
1758
5253
8102
-363
-12641
-14756
-7662
-5328
-9557
-7216
2343
6050
1230
-1576
2548
5214
783
-3138
-718
3221
4589
4658
6254
8211
5395
-1279
-7152
-10404
-9729
-7575
-7403
-6401
-2145
1770
1899
212
1505
4514
1960
-2993
-1315
2907
2552
702
2643
6710
6454
1349
-1679
-1020
-2168
-6699
-9162
-4893
959
813
-891
2487
6118
3967
-201
84
2592
1346
-1746
-537
3970
5402
2955
1967
4127
4216
433
-2079
-1303
-481
-1422
-2053
525
4517
5379
4160
4344
5508
6502
5886
151
-9028
-12638
-9330
-7463
-6992
-772
6239
4012
-1939
-1317
1977
-431
-3773
830
7898
7152
1588
963
5752
7553
3283
-408
-405
-2984
-10379
-14289
-9994
-4230
-3343
-4377
-2416
533
1009
774
1666
2189
1731
1476
1802
2458
3456
5353
6608
4181
-106
-2336
-4171
-8502
-10997
-7671
-3908
-4798
-6145
-2707
1778
1428
-639
2167
6450
4076
-1870
-1883
3118
3800
-108
-118
4363
5234
657
-2049
151
910
-3607
-7272
-4986
-1393
-1795
-2872
426
4632
3607
449
1728
4918
3741
-296
-686
2556
3447
977
606
3866
5474
3054
181
657
2214
296
-3067
-3409
-400
2623
2905
3593
8081
11548
7780
-3311
-12600
-10318
-7148
-12679
-10193
3921
8179
372
-1617
5627
8177
547
-2860
3925
5613
-3169
-8145
-385
9916
9158
2603
3197
5327
-2220
-12537
-13388
-7201
-5790
-10172
-8668
438
5872
4784
3921
5509
5390
109
-6096
-6258
-1309
3169
4529
4033
4605
5505
2801
-3278
-6969
-5147
-4861
-10926
-13418
-5784
1397
-52
-2053
3659
9826
5689
-2886
-3495
1242
567
-4695
-3782
3983
7118
3374
1951
4613
4234
-2071
-7673
-5533
-932
-2425
-5430
-2327
2826
3106
762
1865
5088
4376
465
-813
1450
2831
1084
224
3235
5860
4713
2563
1960
2624
2314
-1507
-4509
-972
3204
2372
2950
8401
10740
2479
-8995
-9147
-3847
-7629
-10932
-2448
4634
-628
-6448
56
9165
6582
1111
4274
6481
-1338
-8822
-4091
5685
5622
-988
-68
5659
3868
-3407
-5495
-2585
-4392
-11889
-13775
-6546
-22
1484
3217
6533
6946
3430
34
-807
-133
1069
1042
-1119
-1618
1264
3220
922
-2913
-2702
-1015
-5218
-10212
-7329
-2490
-3189
-4576
-696
5626
7580
4215
2151
4185
4037
-1363
-4712
-1301
2128
379
-1124
1759
4174
2142
-1100
-1398
-188
-1359
-4124
-4559
-2181
-419
-511
752
4040
5379
4648
4828
4658
2942
1663
1524
1653
1360
956
1512
3075
3371
1011
14
1497
677
-234
2934
5834
3617
-3149
-7832
-5489
-3676
-6496
-4548
1982
1948
-3880
-3887
4132
7962
2736
1038
6429
4989
-4715
-6803
2316
7480
886
-5419
-1284
3568
-1239
-7226
-4291
531
-3684
-11745
-10504
-1810
1438
-1220
92
5008
5838
2931
1507
2714
3985
2350
-1425
-2716
-1090
-1199
-3814
-5321
-3545
-599
-1393
-4661
-4132
-1704
-3033
-5622
-3883
1271
3880
2467
2501
5725
6911
3404
-747
-743
870
-1301
-4021
-1537
2497
1771
-1610
-1376
1925
2145
-871
-1931
-467
175
-1464
-2428
924
4558
2992
929
3438
6113
5092
2992
2742
3064
1119
-1608
-1558
885
3049
2920
2001
4166
6856
5628
1920
-3420
-7736
-7154
-6719
-8113
-4941
-241
-1462
-4725
-1847
5277
7115
3051
2840
6039
2590
-4631
-3988
3442
5863
-404
-4635
517
4735
-467
-5551
-2711
-296
-5992
-11833
-8147
-1050
-674
-3821
-2438
2194
3487
828
626
4902
6652
2726
-302
1224
2111
-1358
-5099
-4407
-1490
-1702
-4838
-5955
-3540
-1937
-3710
-3624
1364
4602
2353
181
1505
3664
3834
1757
224
1263
1804
-56
-392
2106
2738
-399
-2975
-1832
271
-66
-1259
-578
1090
1410
312
660
3343
4535
2527
1216
2413
3873
4095
2653
1654
1978
1649
353
-867
352
3422
3140
445
2235
5664
2190
-5026
-5906
-1492
-2043
-6925
-6216
-1828
-2828
-5964
-2731
4277
6019
1933
540
3746
3726
-498
-890
2627
2266
-2342
-3784
81
2228
-913
-3322
-1950
-2141
-5367
-6440
-3841
-2314
-4133
-4844
-1837
1622
2511
2216
3172
4317
3334
1021
-215
-450
-1247
-3268
-5112
-4269
-1429
-245
-1362
-1850
-1097
-1379
-2643
-2341
-230
1110
814
634
1510
2744
3076
2467
2496
2870
1419
-830
-724
850
1167
714
1169
2433
2754
1045
-503
325
1520
593
-717
277
2409
3012
2398
2344
3236
4089
3798
3123
3354
3842
2508
-505
-1147
1002
1882
2441
4188
2895
-1829
-4521
-4145
-3939
-4442
-3566
-2245
-3996
-6514
-4107
1542
3734
1713
770
2326
1578
-1857
-1574
2616
2988
-1376
-2707
1190
2999
-837
-3792
-1790
-544
-4602
-8274
-5849
-2340
-4030
-6699
-4118
487
1332
-397
107
3356
4831
2888
1400
1769
1345
-909
-3322
-3479
-1813
-2102
-4471
-4596
-2059
-655
-1226
-995
950
1893
270
-936
934
3211
2383
-71
-29
2310
2695
505
179
3121
4287
1355
-932
639
2548
1230
-645
550
2768
2364
617
1103
3433
4026
2180
1333
2964
4177
3218
2362
3125
2732
778
1219
3273
4098
4949
4755
502
-4978
-6021
-3541
-3089
-4388
-3232
-1854
-4128
-5845
-2120
2990
3107
-210
-751
1421
682
-1746
269
3925
2106
-2432
-2420
1004
1075
-2732
-3946
-1351
-1259
-4920
-6156
-3115
-1164
-2950
-3898
-1501
-337
-2633
-3979
-1993
439
1700
2504
2815
2457
1345
-259
-1575
-2428
-3024
-3827
-4695
-4322
-3089
-2266
-1052
619
1438
1903
2417
2142
1964
2313
1302
-565
-1025
-670
-561
-3
1255
2557
3212
3066
2560
2299
2236
1430
314
337
720
511
1282
3054
3527
3038
3504
4277
4060
3113
2149
2149
2306
837
316
2709
3754
2556
2957
4082
2635
-910
-3226
-2438
-1417
-2890
-3993
-3011
-3346
-6020
-6140
-1638
1706
114
-1384
517
1408
-817
-1950
656
2730
224
-2505
-50
3395
1839
-1398
-1115
-46
-2485
-6276
-6934
-4698
-4064
-6089
-6131
-2830
-1217
-2434
-1969
1159
3541
2930
859
620
1831
1168
-1377
-2564
-1503
-1354
-3808
-4918
-2159
9
-997
-2031
-1236
280
952
534
1048
2987
3469
1866
1135
2490
3471
1907
-358
-331
929
697
-188
812
2885
3222
1961
1652
3056
3959
2823
1427
1828
3047
2817
1714
2463
4430
4684
3300
2350
2878
3886
3152
1694
2408
3407
1905
-499
-1862
-2617
-3198
-3454
-3311
-2685
-2118
-2814
-3845
-2742
-505
-86
-956
-647
427
332
-697
-781
599
1190
-790
-2617
-1301
508
-685
-2547
-1632
159
-637
-3087
-3685
-1971
-1473
-3936
-5424
-3710
-2764
-4351
-4557
-1427
1641
1815
1131
2149
3025
1250
-1706
-3068
-2720
-2947
-4448
-4543
-2037
-322
-846
-127
2419
3319
2167
956
321
122
32
-258
-436
110
1107
1619
1673
2345
3550
3643
2500
1898
2135
2126
1746
1482
2004
3132
3050
2273
3056
4222
3435
2216
2968
3899
3143
1921
1438
2013
3034
2897
2866
4605
5157
2655
-374
-1874
-2200
-2267
-2729
-3214
-3435
-4142
-5486
-5787
-3605
-721
-240
-1323
-757
515
14
-1002
-553
296
-486
-2490
-2627
-242
695
-806
-833
1146
1330
-1219
-3225
-3073
-3096
-4932
-6439
-5730
-4554
-4645
-4518
-2294
569
1701
1603
1572
1395
742
-70
-762
-1031
-979
-1533
-2795
-3404
-2849
-2295
-2040
-1147
149
955
1371
1758
2158
2466
2147
1117
681
1344
1706
1262
1238
1986
2343
1862
1568
2220
2929
2727
2253
2207
2479
2650
2549
2780
3413
3659
3422
3503
4027
4380
4482
4200
3421
3044
3343
2854
1987
2357
2331
-55
-3059
-4065
-2899
-1694
-2363
-3482
-3446
-3708
-5019
-4643
-1649
335
-619
-1673
-564
677
246
-395
57
163
-1204
-2658
-2534
-1645
-2112
-3390
-2912
-1388
-1336
-1816
-1658
-1785
-2262
-2489
-2641
-2700
-2669
-2844
-2866
-2105
-847
195
722
586
74
-355
-1067
-2155
-2313
-1572
-1767
-2606
-2346
-1377
-1009
-1031
-360
1086
1847
1323
1082
1949
2532
1842
938
866
1044
404
-615
-408
987
1778
1851
2700
4073
4480
3758
3246
3519
3359
2198
1426
1952
3043
3683
3778
4261
5056
5164
4381
3307
2962
3456
3061
2026
2520
3187
1621
-969
-2124
-1591
-920
-1738
-2980
-3015
-3231
-4670
-5042
-2918
-1169
-1937
-2964
-1906
-470
-680
-1603
-1235
40
82
-983
-655
871
303
-1949
-2578
-1736
-1941
-3062
-3476
-2949
-2723
-3524
-4166
-3560
-2695
-2757
-2766
-1707
-363
371
788
1079
990
590
25
-721
-1318
-1250
-1136
-1814
-2492
-2309
-1867
-1565
-980
-62
809
1231
1100
1239
1875
1758
1011
1025
1485
1137
344
369
1174
1668
1584
1925
2822
2945
2145
1753
2131
2227
1665
1441
2280
3262
3462
3659
4337
4764
4536
3927
3123
2398
2315
2713
2835
3154
3727
3084
1215
-502
-1633
-2017
-1724
-2028
-2725
-3030
-3523
-4020
-3137
-1270
-571
-1479
-2448
-2308
-1988
-2540
-3041
-2267
-1209
-1369
-1570
161
2317
2066
150
-685
-392
-1224
-3120
-3644
-2323
-1815
-3136
-3856
-2784
-2176
-3180
-3584
-2200
-730
-726
-1406
-893
712
900
-568
-889
156
71
-1220
-1669
-879
-255
-642
-1021
-249
771
740
367
556
793
420
-456
-725
58
635
465
565
1349
2106
2281
2057
2303
3005
3021
2477
2576
3069
2871
2049
1409
1440
1949
2129
1793
1918
2644
2944
2963
3131
2898
2577
3040
3619
3581
3815
4015
2743
216
-1794
-2543
-2305
-1854
-2272
-2987
-3418
-4200
-5073
-4285
-2628
-2196
-2905
-3289
-2733
-2237
-2251
-1779
-392
145
-672
-1127
-62
1004
379
-824
-776
-305
-1042
-2210
-2636
-2095
-1746
-2554
-3430
-2955
-2167
-2278
-2193
-931
817
1651
1320
708
853
1225
42
-1947
-2227
-1478
-1961
-2733
-1977
-490
312
591
1152
2178
2594
1685
859
1147
1542
1121
560
895
1532
1076
317
690
1155
534
-111
277
1017
1394
1649
2047
2452
2754
2712
2632
3079
3441
3008
2671
3123
3417
3477
3505
3235
2880
1958
339
31
1373
2014
1780
1781
1499
-255
-2367
-2593
-1231
-807
-2119
-3384
-3838
-4027
-4262
-3232
-1134
-849
-3029
-4065
-2786
-2324
-3074
-2800
-1437
-1162
-1945
-1605
465
1548
262
-785
160
677
-956
-2140
-1450
-997
-2102
-2911
-2221
-1343
-1600
-1807
-496
863
725
182
479
828
420
-247
-663
-1089
-1478
-1391
-1157
-857
-148
505
771
1221
1964
2336
2054
1271
763
990
1141
716
672
1343
1674
1345
961
999
1207
1087
947
1534
2171
1789
1063
1225
1800
1730
1384
1437
1877
2133
2061
2237
3075
3848
3522
2904
2992
2658
1279
651
1293
1609
1351
1580
2210
1731
-466
-2703
-2997
-2376
-2802
-3450
-3224
-3346
-4534
-4723
-2983
-1491
-1841
-2980
-3339
-3028
-3145
-3508
-2465
-724
-802
-1907
-1036
1188
1687
297
-656
-211
-18
-1298
-2648
-2176
-1175
-1732
-2644
-1748
30
436
-246
-393
670
1544
865
-165
14
392
-405
-1626
-2094
-1499
-554
-515
-986
-117
1405
1377
802
1768
2964
2485
1271
964
1393
1412
860
679
1252
1397
585
203
1033
1826
1521
959
1239
1803
1586
1028
1182
1757
1653
1060
1168
1849
1992
1678
1706
2227
2766
2650
1949
1524
1604
1298
394
-98
353
1170
1400
1632
2600
2756
266
-3209
-4426
-3437
-2588
-2790
-2720
-2346
-2900
-4087
-3807
-1934
-1321
-3084
-4710
-4190
-3318
-3383
-2881
-998
36
-538
-672
530
1610
1086
-365
-967
-594
-1049
-2034
-1776
-426
319
147
-6
314
614
352
34
253
873
886
-192
-1205
-1318
-1310
-1548
-1413
-949
-452
-39
78
562
1496
1778
1450
1395
1492
1433
1398
1235
1104
1214
1085
773
954
1342
1407
1316
1125
903
855
861
946
1294
1575
1439
1198
1209
1389
1478
1433
1431
1417
1502
1639
1545
1480
1790
1871
1295
805
788
854
522
-92
-21
755
810
481
1114
1916
930
-1708
-3775
-3739
-2395
-2143
-2579
-2274
-2462
-4205
-5258
-3725
-1810
-2089
-3717
-3764
-2273
-1699
-2160
-1427
420
937
-242
-837
313
999
-398
-1742
-1137
-175
-253
-585
301
1961
2232
826
45
734
1014
221
-574
-642
-422
-720
-1363
-1061
250
719
-58
-498
119
735
324
-388
-163
637
744
438
969
1980
2196
1673
1622
2162
2129
1149
272
327
723
541
177
619
1439
1453
932
924
1436
1518
711
-4
345
1075
965
495
886
1660
1628
1169
1331
1739
1333
170
-462
-121
222
-232
-866
-471
606
871
589
1256
2200
1976
1193
380
-1407
-3561
-4174
-2923
-1443
-1103
-1765
-2638
-3292
-3692
-3173
-1931
-1364
-2188
-3198
-3058
-2274
-1673
-936
359
1168
681
-33
176
720
751
602
900
1175
808
296
733
1846
1966
623
-938
-1675
-1957
-2037
-1516
-609
-60
8
-6
193
619
834
500
-11
-434
-736
-616
-17
597
1032
1342
1221
968
967
955
836
788
486
-282
-683
-296
371
853
1151
1284
1219
1074
980
899
787
686
538
328
167
61
167
637
859
680
434
54
-389
-606
-658
-753
-768
-699
-490
51
618
844
1034
1380
1328
935
907
1194
1375
1558
1686
928
-1074
-3211
-3636
-2033
-315
-132
-959
-1534
-1911
-2579
-2745
-1775
-923
-1458
-2535
-2380
-937
179
250
704
2184
2977
1961
700
786
1144
348
-649
-257
721
536
-265
86
1188
955
-826
-1947
-1348
-600
-1035
-1538
-696
622
931
553
624
915
443
-616
-1202
-929
-481
-589
-791
-177
737
843
492
543
774
498
-331
-969
-783
-160
191
372
834
1281
1099
560
399
512
281
-213
-336
88
495
283
-181
-314
-491
-1044
-1419
-1140
-692
-623
-689
-451
52
447
568
730
1035
966
488
291
473
718
1079
1496
1803
2000
2027
1988
2239
1956
-233
-2907
-3156
-1360
-81
39
-136
-362
-715
-874
-551
92
218
-575
-1310
-739
860
1677
798
-199
55
489
106
-317
-53
179
-227
-548
81
901
483
-570
-460
490
285
-1087
-1746
-1198
-407
182
512
628
709
622
163
-368
-748
-1227
-1609
-1520
-965
-220
118
-288
-686
-337
76
-139
-360
-76
76
-267
-567
-461
-217
-74
-161
-300
-104
76
-238
-657
-671
-577
-684
-783
-648
-362
-346
-804
-1251
-1076
-405
-111
-331
-300
-113
-368
-731
-497
130
504
444
458
993
1381
1007
570
737
948
866
1003
1498
2019
2454
2906
3470
3514
1997
151
599
2732
3520
2476
1136
54
-706
-309
1323
2605
2115
102
-1713
-1673
-384
-179
-1449
-2224
-1531
-598
-357
-230
262
349
-361
-865
-425
197
-103
-868
-590
553
617
-537
-1239
-968
-514
-351
-443
-634
-925
-1405
-1834
-1721
-1256
-1351
-1919
-1804
-843
-252
-411
-625
-708
-824
-996
-1155
-1087
-785
-893
-1402
-1263
-668
-753
-1250
-1167
-715
-651
-846
-738
-308
-13
-88
-321
-374
-197
-73
-11
275
636
663
443
309
269
200
-9
-217
-8
555
916
849
743
1052
1553
1738
1832
2243
2548
2470
2619
3234
3854
4186
4151
3974
3508
2030
350
431
1965
2752
2116
820
-383
-913
-402
678
1351
871
-866
-2668
-2708
-908
315
-483
-1696
-1573
-687
-176
-68
7
-273
-1260
-2219
-1984
-869
-477
-994
-1123
-624
-630
-1315
-1743
-1542
-1216
-1133
-1158
-1143
-1108
-978
-757
-566
-480
-693
-1288
-1644
-1291
-1062
-1509
-1909
-1904
-1990
-2017
-1682
-1312
-885
-443
-531
-1012
-993
-632
-645
-782
-625
-542
-746
-652
9
504
261
-211
-250
85
277
213
218
371
248
-141
-213
119
425
521
781
1416
2060
2134
1745
1667
2164
2625
2519
2177
2202
2407
2408
2525
2903
2996
2636
2370
2559
3183
3698
3501
2779
1585
-77
-609
1020
2638
2218
613
-764
-1566
-1407
-281
648
520
-472
-1720
-2323
-1596
-523
-761
-1956
-2360
-1897
-1621
-1751
-1902
-1860
-1837
-1988
-1987
-1473
-918
-779
-558
-8
-29
-1082
-2181
-2255
-1483
-712
-385
-617
-1086
-1313
-1392
-1610
-1710
-1483
-1333
-1434
-1383
-1004
-836
-1190
-1434
-1006
-422
-507
-946
-860
-245
257
329
113
-185
-344
-177
176
353
161
-265
-446
-125
225
340
575
789
616
549
1022
1604
1738
1576
1631
1798
1770
1718
1864
2076
2076
1778
1460
1425
1572
1831
2099
2070
1759
1551
1539
1572
1678
1727
1553
1481
1854
2371
2625
2706
2738
2618
2143
889
-682
-1035
158
1117
894
203
-711
-1729
-1852
-819
46
-330
-1717
-3026
-3269
-2286
-1165
-1003
-1668
-2086
-1799
-1243
-923
-946
-1211
-1681
-1981
-1711
-1061
-996
-1645
-1882
-1315
-962
-1413
-2007
-2027
-1567
-1036
-593
-370
-492
-863
-1130
-1075
-842
-929
-1264
-1123
-652
-506
-558
-603
-776
-821
-599
-432
-374
-288
-262
-284
-166
42
88
76
306
679
935
954
730
505
614
892
1040
1291
1704
1806
1630
1679
1829
1624
1159
873
911
1099
1227
1240
1235
1372
1414
1022
492
402
857
1305
1439
1420
1350
1169
1075
1283
1491
1234
616
256
358
597
810
932
769
521
646
770
-166
-1705
-1879
-407
748
529
-398
-1307
-1771
-1392
-293
620
253
-1451
-3143
-3345
-2013
-778
-960
-2090
-2591
-1875
-938
-810
-1153
-1294
-1414
-1550
-1090
-108
258
-335
-833
-511
-125
-391
-827
-765
-370
-137
-270
-479
-481
-417
-531
-694
-577
-382
-428
-400
69
528
327
-327
-598
-112
649
974
826
646
593
563
531
581
688
765
663
482
466
456
235
173
489
662
533
607
1018
1314
1384
1241
802
396
332
526
807
918
662
327
310
523
661
580
305
27
-153
-200
-165
-156
-203
-299
-333
-145
204
359
231
147
324
511
457
353
497
804
1009
982
870
602
-413
-1619
-1253
419
1193
572
-384
-1178
-1692
-1405
-344
471
275
-754
-1740
-1687
-654
20
-354
-1072
-1332
-1113
-875
-840
-601
-236
-298
-607
-529
-77
115
-127
-185
130
100
-374
-592
-105
664
942
638
321
263
279
223
302
519
274
-253
-225
241
370
10
-489
-706
-382
137
324
411
685
633
75
-274
-29
276
351
455
669
649
311
120
326
540
360
6
2
301
253
-132
-268
-126
-40
-9
-14
-214
-478
-618
-684
-608
-340
-160
-213
-277
-67
186
64
-284
-473
-572
-782
-809
-422
43
184
110
174
300
268
244
493
815
862
778
815
951
1180
1617
1843
1028
-409
-698
509
1598
1605
890
-112
-994
-970
123
1256
1258
114
-1329
-1940
-1032
383
672
-95
-560
-305
102
271
419
562
421
48
35
527
741
262
-90
208
343
-103
-503
-403
-48
216
201
16
-207
-322
-296
-146
122
107
-435
-849
-702
-596
-682
-630
-589
-689
-681
-564
-512
-563
-715
-840
-796
-643
-529
-483
-466
-440
-614
-962
-1045
-799
-633
-625
-550
-374
-183
-179
-338
-484
-699
-1039
-1065
-580
-265
-437
-608
-638
-573
-246
103
131
-17
-126
-74
191
410
331
87
7
120
335
653
780
558
314
209
381
957
1458
1482
1328
1247
1187
1272
1441
1657
1983
2296
2317
1458
-88
-575
812
2274
2305
1461
534
-411
-653
301
1348
1363
416
-771
-1160
-267
807
883
135
-485
-679
-614
-395
-32
238
148
-236
-382
1
268
-12
-250
-42
-73
-717
-1204
-939
-472
-337
-466
-631
-802
-895
-778
-617
-648
-943
-1433
-1784
-1546
-1055
-969
-1264
-1484
-1426
-1250
-1227
-1254
-1054
-859
-1061
-1439
-1404
-1015
-780
-867
-1061
-1170
-1147
-917
-436
128
498
466
212
195
334
277
15
-212
-240
-14
226
299
382
553
600
505
509
599
568
430
481
749
952
831
610
773
1158
1322
1429
1509
1175
701
654
928
1139
1248
1175
970
1050
1422
1506
1321
1364
1451
1404
1572
1958
2272
2315
1562
256
-33
1112
2022
1831
1241
588
-176
-424
182
826
788
210
-520
-918
-543
14
-132
-678
-765
-577
-520
-506
-450
-495
-615
-679
-639
-529
-663
-1076
-1179
-716
-522
-947
-1256
-1129
-1094
-1141
-931
-778
-1079
-1512
-1667
-1540
-1263
-1208
-1405
-1354
-1124
-1206
-1357
-1220
-975
-799
-684
-646
-621
-536
-557
-638
-432
-46
50
-55
-17
24
-112
-245
-183
58
290
364
422
617
881
897
631
482
555
561
525
637
661
486
358
299
168
93
110
141
278
490
540
378
146
18
177
468
550
444
414
485
561
652
698
657
698
865
915
750
521
299
169
366
890
1274
1269
1242
1377
1452
1471
1569
1330
398
-424
-154
671
998
780
321
-296
-752
-645
-175
181
55
-566
-1246
-1369
-931
-598
-797
-1223
-1316
-1171
-1182
-1262
-1066
-734
-686
-872
-848
-612
-644
-906
-809
-511
-629
-1059
-1175
-858
-510
-310
-198
-174
-251
-389
-527
-528
-403
-451
-707
-791
-592
-372
-255
-249
-303
-206
-51
-67
-101
-62
-165
-343
-274
-22
101
91
77
-48
-246
-192
71
279
392
407
347
328
409
456
426
424
447
432
400
372
377
386
279
93
5
86
158
108
88
175
210
86
-72
-97
38
221
336
278
76
-36
72
260
389
422
315
159
190
380
523
512
357
269
418
596
658
807
971
808
559
717
1029
1133
1117
914
325
-145
157
777
949
685
214
-342
-523
-135
351
450
120
-381
-645
-458
-118
19
-74
-206
-275
-250
-170
-82
9
91
98
-15
-125
-163
-271
-297
2
194
-100
-494
-528
-306
-100
-9
-103
-418
-632
-475
-147
-41
-232
-465
-484
-321
-329
-508
-540
-433
-437
-448
-275
-151
-248
-354
-283
-166
-117
-109
-118
-56
98
57
-162
-119
153
212
68
38
129
140
-3
-112
-17
130
88
-62
-131
-139
-234
-406
-414
-256
-215
-338
-394
-273
-108
-40
-156
-439
-590
-522
-405
-256
-89
-62
-150
-144
32
226
285
273
222
137
96
117
232
440
478
359
400
566
669
758
853
913
995
1034
1010
998
991
911
880
1000
875
363
142
460
774
805
663
358
7
-115
19
181
228
85
-210
-326
-26
408
494
232
-62
-174
-107
16
60
-27
-197
-310
-208
43
134
-26
-124
-65
-107
-258
-365
-399
-380
-347
-300
-232
-266
-435
-542
-509
-427
-501
-756
-855
-652
-506
-591
-658
-660
-719
-744
-589
-366
-245
-218
-269
-358
-315
-107
-32
-239
-474
-472
-359
-375
-349
-196
-225
-445
-492
-309
-216
-322
-440
-486
-548
-679
-774
-706
-590
-567
-554
-467
-373
-388
-504
-541
-475
-437
-397
-379
-456
-495
-424
-320
-210
-195
-283
-316
-258
-90
188
412
430
334
283
342
513
690
727
598
509
618
790
976
1096
1058
1027
1154
1273
1224
1144
1141
1141
1169
1281
1375
1424
1407
1237
1036
977
1064
1199
1299
1285
1091
843
723
752
848
878
777
566
389
356
305
157
17
-66
-131
-175
-154
-57
19
-37
-155
-268
-369
-448
-477
-430
-416
-508
-582
-613
-677
-688
-561
-485
-600
-788
-937
-999
-995
-985
-981
-1019
-1074
-1020
-880
-829
-903
-951
-893
-807
-753
-699
-739
-880
-900
-782
-758
-908
-1057
-1056
-948
-844
-844
-937
-1005
-971
-909
-826
-706
-722
-852
-842
-688
-643
-706
-747
-740
-605
-348
-164
-190
-276
-282
-234
-89
173
344
318
247
272
376
433
444
524
644
746
849
889
879
878
894
1013
1211
1310
1303
1345
1463
1547
1494
1361
1316
1384
1472
1551
1687
1863
1898
1704
1559
1605
1635
1642
1701
1742
1626
1465
1456
1526
1565
1403
998
679
704
856
885
787
611
389
179
51
2
-24
-89
-211
-339
-400
-460
-597
-696
-651
-567
-610
-781
-950
-1063
-1125
-1120
-1072
-1068
-1186
-1286
-1213
-1121
-1177
-1276
-1314
-1342
-1377
-1323
-1186
-1093
-1117
-1188
-1209
-1206
-1229
-1240
-1196
-1192
-1253
-1243
-1150
-1080
-1065
-1039
-980
-918
-850
-757
-701
-749
-827
-869
-869
-766
-601
-486
-434
-389
-266
-108
-58
-92
-64
24
53
35
88
191
247
287
398
538
620
628
604
640
730
743
689
702
807
911
965
982
935
835
794
846
913
999
1028
911
817
854
925
926
824
717
696
722
761
802
776
647
502
426
430
515
621
612
474
367
354
334
353
473
494
403
334
285
267
261
211
135
106
179
243
215
181
194
236
226
74
-138
-187
-98
-21
4
-17
-166
-353
-342
-195
-134
-199
-344
-578
-778
-768
-664
-664
-747
-784
-756
-674
-566
-569
-660
-769
-822
-760
-672
-677
-752
-745
-629
-571
-630
-703
-757
-795
-734
-590
-526
-559
-581
-518
-425
-358
-317
-300
-264
-189
-159
-179
-193
-231
-198
-46
87
105
-44
-201
-176
-61
35
84
56
-49
-117
-57
77
122
63
16
-22
-39
0
13
-84
-176
-197
-191
-183
-216
-250
-198
-78
-51
-128
-191
-249
-278
-237
-187
-173
-184
-158
-110
-69
10
67
88
171
290
364
367
315
303
428
563
581
594
711
827
838
821
819
813
827
896
968
968
912
871
901
960
981
931
881
894
882
863
866
814
740
769
880
939
905
846
807
762
745
780
797
700
531
451
480
515
543
527
431
344
356
404
417
395
300
122
-43
-74
-55
-107
-176
-217
-291
-366
-406
-472
-510
-454
-414
-484
-593
-656
-745
-852
-856
-785
-737
-790
-863
-860
-855
-890
-943
-987
-1017
-1002
-954
-926
-951
-997
-1019
-1062
-1094
-1046
-958
-918
-932
-926
-890
-844
-796
-747
-701
-691
-720
-714
-641
-614
-673
-727
-709
-630
-543
-425
-307
-270
-310
-345
-325
-245
-169
-180
-162
-77
-1
128
275
332
249
146
165
280
400
428
406
399
437
485
527
584
636
680
705
749
782
777
785
805
871
972
954
836
826
909
937
964
1024
1076
1067
1027
1096
1173
1144
1063
1008
994
972
931
900
898
887
848
811
777
699
581
494
477
502
462
330
252
250
230
127
38
8
-58
-158
-233
-244
-285
-395
-445
-385
-324
-368
-503
-626
-644
-581
-544
-548
-568
-606
-666
-698
-665
-624
-648
-691
-668
-619
-595
-608
-651
-665
-682
-727
-735
-702
-657
-653
-708
-744
-740
-724
-685
-620
-592
-607
-611
-584
-568
-602
-677
-756
-750
-697
-680
-666
-680
-717
-744
-744
-716
-682
-652
-611
-504
-371
-358
-469
-548
-524
-465
-425
-369
-313
-349
-418
-377
-239
-132
-105
-108
-81
6
87
121
120
116
135
183
265
339
369
392
440
497
541
575
573
568
627
669
636
580
554
615
725
776
762
727
693
712
767
819
820
724
638
670
769
783
684
601
608
630
624
659
708
708
691
704
750
767
702
643
675
743
772
716
612
582
636
699
704
667
640
617
595
579
567
532
442
372
393
427
376
315
309
248
159
132
115
42
-6
10
-12
-70
-157
-248
-264
-220
-209
-285
-348
-370
-431
-524
-554
-531
-573
-632
-639
-638
-651
-685
-731
-768
-809
-844
-835
-800
-775
-802
-845
-859
-867
-833
-771
-735
-713
-701
-706
-734
-770
-787
-786
-759
-741
-738
-740
-758
-750
-682
-598
-578
-612
-618
-595
-591
-581
-564
-586
-592
-556
-496
-423
-359
-332
-326
-300
-261
-224
-193
-151
-80
-20
-11
-7
25
86
176
263
330
353
374
428
500
577
617
623
641
686
734
770
771
762
784
787
814
909
953
877
806
789
795
813
818
824
804
766
757
765
747
720
721
753
796
811
767
693
648
632
616
602
574
508
443
413
398
374
352
348
303
228
205
205
163
119
106
86
71
71
68
68
33
-40
-104
-114
-118
-126
-120
-118
-121
-161
-189
-169
-167
-202
-247
-284
-289
-290
-330
-390
-441
-458
-449
-450
-448
-433
-431
-444
-464
-467
-477
-487
-494
-514
-535
-587
-657
-711
-725
-700
-647
-595
-592
-620
-629
-637
-647
-655
-659
-650
-660
-651
-609
-597
-584
-557
-547
-534
-535
-582
-601
-574
-586
-626
-624
-601
-582
-540
-495
-492
-528
-536
-479
-412
-372
-373
-382
-352
-281
-219
-199
-164
-119
-127
-145
-139
-119
-65
15
70
105
148
195
251
338
425
458
463
473
520
592
633
649
670
684
719
776
803
826
859
891
930
920
865
820
806
819
855
881
848
769
759
835
888
855
774
704
684
687
667
649
612
537
453
411
447
468
418
363
341
312
270
263
290
326
338
305
278
269
264
261
268
278
258
202
122
72
78
91
74
20
-14
-57
-130
-161
-165
-172
-192
-235
-297
-333
-327
-341
-370
-391
-453
-576
-646
-617
-606
-671
-738
-794
-861
-884
-837
-808
-825
-855
-891
-910
-899
-882
-872
-861
-838
-823
-830
-808
-777
-775
-765
-765
-791
-795
-756
-699
-643
-565
-487
-473
-482
-456
-412
-351
-274
-207
-179
-170
-144
-92
2
81
146
206
226
261
313
375
417
440
449
458
493
535
581
629
671
673
647
646
672
717
723
685
662
648
648
651
666
682
669
677
709
713
691
660
626
588
586
600
561
519
512
506
494
470
430
388
385
439
474
444
389
351
339
319
278
252
270
267
212
142
93
57
20
12
-18
-96
-168
-227
-255
-243
-231
-268
-305
-290
-245
-199
-180
-191
-220
-215
-198
-206
-229
-261
-280
-296
-297
-292
-310
-317
-297
-284
-304
-317
-328
-329
-303
-286
-259
-238
-251
-266
-289
-281
-254
-268
-293
-306
-327
-365
-389
-387
-357
-349
-378
-394
-379
-333
-297
-296
-330
-358
-333
-298
-282
-287
-308
-350
-383
-369
-334
-320
-324
-309
-280
-267
-264
-260
-238
-225
-205
-146
-74
-32
-23
-6
19
47
65
76
91
99
79
29
5
29
48
31
25
33
34
58
71
62
40
6
0
33
73
63
4
-47
-59
-26
8
18
2
-3
21
48
49
31
21
5
11
22
22
19
1
13
44
60
81
104
126
171
198
200
204
203
217
241
275
319
345
401
466
488
511
539
542
530
549
576
576
585
621
641
626
621
629
634
634
628
578
510
492
494
480
463
462
433
367
320
283
239
181
117
46
-13
-32
-33
-30
-28
-40
-77
-131
-167
-155
-132
-132
-151
-200
-251
-259
-241
-260
-310
-324
-326
-358
-375
-367
-353
-353
-373
-374
-364
-372
-387
-409
-394
-353
-327
-330
-346
-346
-368
-402
-406
-424
-466
-506
-569
-586
-546
-547
-566
-588
-604
-575
-534
-485
-456
-463
-474
-493
-469
-426
-410
-406
-402
-388
-383
-353
-300
-288
-302
-283
-235
-168
-84
-37
-37
-7
47
91
139
177
206
234
263
294
306
309
345
401
450
500
529
517
486
480
514
551
552
542
552
588
630
645
641
635
636
625
610
608
614
636
600
542
524
511
520
533
565
574
532
526
535
533
528
497
465
464
488
501
469
413
371
325
309
310
282
260
233
191
167
169
165
126
71
35
-8
-82
-139
-175
-198
-220
-263
-295
-332
-381
-407
-432
-469
-496
-529
-559
-591
-614
-614
-638
-687
-729
-761
-787
-787
-739
-690
-692
-735
-765
-773
-764
-744
-750
-759
-750
-718
-660
-593
-538
-521
-530
-514
-457
-404
-397
-389
-354
-317
-291
-261
-198
-161
-161
-148
-128
-126
-126
-117
-96
-45
-3
7
3
10
31
31
41
47
14
11
43
72
93
86
75
77
78
115
151
180
209
223
232
254
287
286
276
297
335
352
342
337
348
387
412
445
490
476
455
463
478
516
552
550
538
550
565
576
585
592
589
560
552
567
542
487
427
373
363
374
365
332
308
310
329
340
314
248
155
80
63
56
37
-7
-73
-97
-86
-80
-106
-139
-158
-199
-229
-239
-250
-292
-338
-349
-338
-325
-353
-391
-415
-416
-405
-437
-444
-426
-447
-459
-449
-435
-429
-440
-431
-406
-390
-363
-350
-353
-337
-341
-344
-339
-335
-331
-357
-373
-343
-311
-301
-303
-308
-309
-314
-310
-309
-318
-320
-302
-283
-289
-275
-235
-206
-172
-138
-118
-91
-79
-81
-88
-88
-54
-24
-21
-7
10
27
66
108
149
169
163
172
185
213
254
293
300
292
302
309
312
325
358
382
375
389
408
430
459
484
493
479
483
480
465
488
523
527
510
520
541
542
534
512
512
522
528
532
510
504
486
456
471
488
470
428
385
357
317
285
262
237
212
187
185
207
224
211
178
126
88
62
9
-36
-58
-77
-89
-117
-155
-164
-176
-205
-221
-231
-254
-293
-324
-321
-282
-265
-276
-289
-286
-281
-295
-319
-331
-333
-360
-374
-354
-348
-374
-410
-423
-420
-414
-427
-448
-441
-433
-415
-380
-351
-337
-339
-353
-338
-328
-342
-346
-353
-341
-314
-308
-301
-285
-283
-284
-288
-303
-314
-323
-322
-299
-292
-291
-265
-215
-175
-169
-169
-175
-196
-178
-130
-113
-117
-103
-68
-34
3
50
67
55
58
63
71
96
127
151
163
177
182
175
190
213
213
206
200
190
195
232
268
251
240
230
208
208
210
220
217
213
220
206
182
169
177
179
149
121
114
116
126
139
129
98
57
45
79
85
76
61
21
-4
-4
-10
-27
-41
-56
-56
-46
-43
-48
-46
-43
-70
-89
-73
-68
-75
-59
-24
-19
-36
-40
-53
-72
-84
-87
-77
-85
-92
-75
-62
-55
-48
-71
-103
-94
-79
-92
-92
-75
-77
-78
-61
-45
-42
-39
-51
-84
-86
-63
-57
-63
-61
-49
-25
16
46
39
24
43
66
74
79
66
59
70
95
112
75
25
16
34
50
63
94
102
109
134
143
148
151
129
107
106
104
82
48
40
56
54
52
56
43
30
26
42
57
45
21
20
68
115
117
105
99
106
119
125
120
95
88
112
124
131
143
144
146
141
126
109
81
49
48
60
77
92
90
97
110
121
105
66
46
24
-2
-6
-5
-8
-2
-10
-19
-3
-14
-44
-59
-61
-49
-41
-50
-45
-44
-61
-51
-33
-31
-50
-81
-93
-94
-94
-79
-52
-35
-25
-25
-20
-12
-8
7
20
31
29
21
32
41
50
66
57
46
37
23
30
45
45
26
14
17
18
13
-1
-24
-42
-59
-66
-74
-83
-77
-77
-53
-36
-43
-50
-69
-86
-96
-106
-116
-144
-160
-160
-167
-175
-177
-187
-210
-227
-239
-252
-268
-276
-261
-236
-213
-202
-184
-155
-142
-135
-123
-113
-104
-109
-107
-100
-76
-45
-34
-2
25
15
1
-18
-23
-11
-2
-3
-22
-18
-7
12
54
76
82
82
85
102
118
112
97
87
76
64
46
27
3
-7
-5
-17
-21
-23
-40
-10
28
29
25
17
16
11
18
35
30
24
35
56
61
60
56
29
-3
-16
-13
-6
-3
25
57
79
97
97
104
104
92
82
72
73
59
44
43
34
35
19
1
10
14
15
9
3
0
-6
-9
-9
7
17
22
25
20
26
15
3
-9
-28
-22
-15
-12
-12
-23
-52
-67
-58
-61
-64
-63
-53
-28
1
22
19
14
18
35
60
75
81
93
109
119
131
156
157
144
138
152
172
155
141
150
149
140
151
174
175
164
169
170
167
158
129
102
94
105
112
101
90
71
60
62
44
21
-8
-41
-69
-81
-88
-101
-114
-135
-144
-137
-139
-150
-165
-157
-146
-159
-160
-155
-156
-161
-171
-172
-188
-206
-216
-231
-230
-223
-221
-212
-221
-225
-214
-208
-200
-183
-166
-157
-142
-126
-110
-92
-98
-96
-92
-97
-130
-165
-162
-157
-154
-143
-128
-99
-61
-26
-22
-22
-7
0
-2
0
29
61
53
45
57
92
113
102
94
90
99
118
140
169
201
230
247
268
291
299
316
333
348
359
358
363
362
367
378
375
370
363
359
345
334
336
344
346
332
321
309
295
289
278
262
243
224
210
188
171
155
127
94
60
35
3
-16
-53
-91
-111
-121
-114
-133
-145
-153
-161
-179
-219
-233
-249
-271
-287
-295
-305
-313
-317
-321
-313
-312
-317
-335
-352
-353
-357
-377
-384
-359
-345
-336
-322
-305
-298
-303
-307
-313
-309
-299
-289
-265
-226
-197
-175
-168
-174
-158
-141
-144
-139
-133
-140
-124
-104
-87
-73
-62
-43
-30
-12
13
6
1
15
29
47
44
42
50
68
88
88
78
64
60
59
70
91
99
92
86
100
113
107
95
100
105
113
109
81
79
79
70
78
78
72
70
50
61
71
69
67
56
70
72
67
65
56
55
46
45
57
53
30
20
30
39
34
16
-2
-19
-39
-35
-29
-48
-55
-58
-37
-15
-15
-17
-26
-19
-14
-22
-25
-23
-12
-6
11
20
12
1
-8
-4
3
2
-15
-26
-19
6
37
47
69
87
78
80
94
106
95
90
106
102
96
100
96
95
110
122
108
100
111
130
144
141
152
166
161
155
148
133
113
95
96
87
71
66
52
33
41
53
45
39
18
6
9
1
-7
-19
-18
-31
-52
-63
-84
-102
-118
-138
-147
-138
-134
-144
-154
-152
-139
-136
-155
-174
-173
-159
-153
-157
-153
-155
-177
-187
-181
-169
-160
-144
-115
-93
-90
-94
-91
-72
-38
-28
-37
-38
-32
-14
9
25
35
48
64
83
97
106
132
151
154
160
173
181
178
184
210
239
242
235
255
261
256
256
269
274
255
247
243
228
222
212
202
201
212
228
220
202
205
211
208
197
188
195
199
192
185
178
165
126
105
98
80
59
45
39
33
26
23
12
-5
-11
-25
-43
-52
-80
-96
-115
-131
-130
-149
-182
-200
-212
-235
-244
-251
-271
-280
-293
-312
-310
-301
-298
-302
-309
-303
-311
-338
-342
-346
-354
-352
-352
-347
-355
-368
-351
-328
-315
-322
-330
-316
-299
-298
-294
-299
-317
-305
-288
-275
-261
-245
-212
-201
-191
-164
-150
-136
-125
-107
-78
-59
-47
-32
-19
-8
8
22
33
56
85
99
113
137
144
136
160
179
178
190
195
211
242
252
260
256
249
259
270
275
288
300
283
269
273
270
277
273
263
274
274
271
274
271
275
269
255
238
220
204
188
182
161
155
159
137
119
112
105
106
110
100
87
72
63
68
66
59
44
33
25
10
0
-17
-33
-38
-44
-53
-54
-65
-72
-76
-98
-106
-115
-124
-124
-130
-121
-93
-84
-90
-87
-96
-101
-91
-88
-99
-113
-122
-134
-138
-138
-149
-176
-183
-172
-174
-183
-189
-177
-155
-122
-108
-102
-102
-111
-96
-79
-95
-111
-110
-118
-122
-107
-121
-138
-126
-117
-114
-102
-88
-76
-66
-51
-37
-26
-28
-39
-29
-22
-29
-47
-38
-26
-44
-51
-39
-17
-3
-10
-5
21
45
41
41
42
33
32
26
28
30
32
30
15
32
51
48
47
44
44
47
46
45
43
40
38
47
51
47
41
45
64
80
91
92
86
101
126
130
124
121
118
108
108
108
98
96
95
97
108
123
127
126
132
158
168
155
157
159
162
163
162
160
150
138
127
136
143
138
131
123
132
134
126
132
125
109
101
93
89
82
61
43
35
32
39
39
19
7
12
22
13
-7
-14
-14
-32
-53
-72
-93
-102
-109
-117
-122
-146
-169
-173
-171
-161
-146
-144
-148
-151
-159
-163
-173
-175
-171
-189
-207
-210
-205
-209
-218
-225
-227
-211
-205
-203
-186
-167
-158
-149
-130
-119
-114
-100
-95
-102
-102
-109
-113
-109
-107
-85
-69
-69
-63
-49
-37
-25
-13
0
10
22
35
56
65
58
65
73
90
106
109
115
128
133
145
160
156
151
148
139
142
159
163
157
159
166
180
181
174
187
199
200
202
192
189
207
201
180
174
158
137
131
123
110
96
103
122
128
122
122
134
139
141
136
114
88
69
57
44
23
-2
-24
-29
-40
-59
-58
-56
-60
-63
-68
-65
-74
-97
-96
-94
-114
-134
-140
-156
-177
-175
-167
-173
-187
-188
-185
-189
-187
-199
-210
-212
-219
-223
-238
-247
-245
-243
-232
-223
-207
-196
-196
-180
-158
-139
-136
-146
-137
-130
-130
-143
-155
-153
-150
-140
-136
-113
-94
-90
-74
-55
-16
19
23
27
44
46
35
29
21
15
31
51
58
69
73
78
97
125
139
132
125
132
151
159
143
142
149
151
152
145
141
129
124
149
149
139
143
139
141
130
121
125
121
113
93
74
77
69
69
82
86
89
82
78
84
76
64
61
57
29
-2
-16
-20
-23
-30
-44
-49
-28
-12
-12
-3
13
25
33
34
38
37
34
21
4
3
-15
-36
-36
-35
-40
-41
-24
-6
1
14
21
12
9
10
6
1
-10
-30
-33
-34
-44
-41
-45
-55
-48
-35
-24
-17
-18
-15
-21
-24
-14
-12
-22
-29
-25
-30
-28
-26
-27
-8
1
8
18
32
39
34
28
32
35
24
10
11
18
19
5
-7
0
7
8
15
27
39
37
20
15
21
11
0
-11
-21
-26
-35
-43
-39
-39
-52
-57
-39
-17
-19
-20
-25
-31
-34
-47
-64
-76
-81
-91
-105
-116
-120
-110
-97
-94
-90
-83
-77
-77
-73
-59
-62
-62
-51
-64
-81
-84
-75
-66
-73
-83
-73
-47
-38
-15
19
29
42
58
56
53
66
62
58
57
53
61
72
75
72
77
92
108
110
101
111
123
122
130
132
125
117
105
99
91
82
90
100
86
76
81
77
69
71
75
71
69
57
38
39
37
33
30
16
1
-1
13
16
6
-2
-8
-18
-32
-40
-49
-51
-58
-71
-80
-90
-94
-101
-92
-81
-82
-73
-70
-83
-87
-87
-86
-87
-94
-103
-119
-126
-118
-120
-140
-152
-141
-137
-139
-135
-125
-101
-96
-93
-81
-88
-85
-76
-86
-93
-91
-104
-113
-115
-119
-115
-110
-96
-85
-84
-81
-74
-57
-38
-32
-20
-7
-4
-2
-1
7
12
17
23
22
39
55
64
77
93
121
124
128
131
134
142
131
132
135
131
142
157
157
147
155
167
170
176
179
187
194
189
185
178
169
161
149
141
133
130
119
100
96
88
82
85
82
75
59
42
45
37
23
5
-6
-7
-17
-32
-40
-34
-26
-5
-7
-31
-24
-8
-4
-10
-12
-19
-36
-41
-48
-54
-63
-62
-44
-49
-62
-50
-39
-33
-22
-23
-28
-25
-13
-31
-61
-67
-68
-72
-79
-80
-78
-78
-62
-46
-28
-15
-13
-11
-23
-36
-33
-26
-34
-55
-69
-86
-91
-83
-83
-81
-79
-67
-53
-43
-30
-3
19
24
34
33
25
25
19
14
10
2
-8
-11
-9
8
23
32
34
43
68
83
90
91
95
99
96
96
88
81
75
70
74
76
68
58
65
74
61
50
49
45
43
29
18
20
3
-8
-5
-12
-14
-7
-7
-14
-13
-7
-7
-14
-31
-40
-40
-46
-46
-44
-45
-40
-37
-41
-37
-27
-18
-18
-9
-1
2
10
20
30
25
24
37
33
35
45
41
39
39
41
43
44
54
76
73
45
55
69
52
34
35
43
34
21
18
25
22
15
17
20
19
17
20
15
15
15
1
-12
-26
-40
-50
-65
-84
-94
-110
-115
-110
-117
-117
-115
-115
-109
-106
-109
-125
-128
-120
-118
-130
-140
-137
-134
-133
-127
-125
-122
-104
-95
-98
-100
-102
-91
-89
-105
-108
-105
-102
-99
-107
-121
-120
-102
-90
-85
-93
-81
-58
-53
-48
-45
-42
-39
-35
-40
-42
-30
-30
-35
-27
-20
-24
-27
-9
3
0
5
9
16
16
17
37
42
50
65
67
71
73
90
107
108
117
134
142
151
169
176
170
163
160
162
156
164
164
152
149
155
160
150
162
175
170
166
163
163
159
143
132
123
112
104
99
95
91
94
102
101
94
91
89
93
95
79
59
47
45
45
26
10
-6
-18
-13
-10
-18
-26
-15
-2
-13
-20
-16
-14
-27
-38
-53
-65
-70
-85
-96
-100
-104
-100
-94
-94
-92
-84
-75
-61
-59
-66
-74
-70
-65
-69
-76
-92
-99
-91
-90
-93
-94
-89
-75
-66
-71
-60
-53
-53
-51
-63
-59
-60
-76
-76
-72
-71
-75
-80
-76
-51
-26
-15
-20
-27
-19
-7
-10
-9
-7
0
-4
-11
-12
-18
-16
-6
10
14
22
36
39
47
51
50
50
51
54
49
42
51
52
40
41
45
47
58
65
63
63
69
72
69
54
45
54
56
39
37
32
29
39
34
40
54
69
76
63
57
58
63
65
58
54
50
33
23
25
10
-2
3
18
19
9
10
20
27
20
14
10
2
9
0
-13
-17
-21
-16
-14
-12
-12
-3
4
4
4
3
-1
-4
-3
2
-3
-18
-32
-35
-37
-45
-52
-45
-37
-34
-22
-29
-36
-29
-30
-30
-36
-49
-63
-64
-77
-93
-103
-111
-95
-92
-104
-103
-104
-94
-88
-88
-93
-94
-86
-91
-94
-99
-102
-108
-109
-102
-104
-106
-95
-82
-87
-96
-91
-69
-58
-74
-76
-63
-62
-60
-66
-76
-81
-86
-83
-71
-66
-59
-51
-41
-29
-26
-20
-9
-9
0
7
4
4
6
0
-7
3
24
35
37
42
57
80
92
88
78
74
85
92
75
72
82
74
72
69
68
73
91
106
110
126
139
141
127
132
158
162
149
132
126
121
116
114
107
105
108
112
112
111
112
115
120
113
113
111
96
86
74
68
54
32
28
15
11
20
27
31
23
14
10
20
29
28
15
-4
-24
-36
-40
-51
-55
-63
-59
-44
-58
-67
-54
-43
-39
-47
-52
-50
-65
-75
-79
-93
-95
-97
-99
-95
-96
-85
-84
-78
-62
-61
-49
-39
-47
-41
-33
-35
-46
-62
-56
-46
-56
-63
-55
-49
-47
-47
-42
-32
-18
-5
-4
6
15
7
3
8
13
16
10
7
12
23
21
6
11
28
43
44
35
46
55
48
44
47
50
43
30
34
46
59
66
53
51
66
82
85
91
91
84
82
80
78
63
51
56
53
38
35
37
34
30
32
37
28
28
28
14
0
-9
-9
-11
-30
-51
-49
-47
-52
-50
-54
-39
-24
-22
-23
-26
-12
-8
-16
-16
-30
-45
-53
-57
-61
-64
-75
-73
-68
-67
-56
-59
-56
-48
-39
-31
-32
-35
-44
-41
-33
-37
-40
-37
-29
-29
-29
-11
-2
-5
7
17
20
20
9
8
5
-13
-21
-19
-20
-25
-27
-27
-36
-30
-14
-14
-15
-8
-6
-7
-20
-41
-47
-52
-54
-58
-70
-74
-86
-87
-85
-89
-73
-70
-60
-44
-43
-45
-54
-54
-50
-55
-54
-56
-66
-76
-76
-79
-83
-65
-45
-45
-47
-47
-44
-37
-44
-46
-31
-38
-40
-40
-46
-42
-30
-31
-37
-34
-19
8
7
-10
-9
4
-5
-17
-8
-3
-1
-9
-17
-17
-13
9
16
19
34
42
49
53
77
92
88
92
88
88
88
76
71
72
76
85
92
92
99
107
102
104
116
120
115
111
118
127
128
122
118
119
128
140
138
135
146
154
147
142
142
146
137
119
107
92
85
82
70
59
70
71
69
71
66
72
62
48
45
38
30
16
0
-13
-21
-34
-47
-58
-78
-77
-74
-75
-70
-69
-60
-54
-55
-58
-64
-62
-61
-75
-82
-82
-89
-100
-114
-109
-107
-114
-106
-103
-100
-94
-83
-69
-60
-54
-58
-61
-58
-57
-59
-56
-58
-63
-60
-63
-66
-64
-62
-56
-49
-52
-53
-50
-55
-56
-50
-45
-39
-37
-34
-22
-13
0
22
33
36
47
55
53
45
47
55
53
56
49
42
41
40
40
34
40
45
44
51
61
66
66
63
55
59
68
72
72
71
65
59
56
59
62
62
46
38
38
30
26
24
11
16
28
20
15
11
10
2
-1
3
3
9
6
6
2
-4
-23
-32
-22
-24
-27
-41
-51
-44
-52
-43
-41
-48
-39
-35
-32
-25
-26
-26
-27
-25
-29
-34
-30
-33
-43
-41
-32
-44
-48
-40
-36
-23
-17
-12
-14
-22
-17
-15
-17
-20
-16
-4
-5
-11
-12
-11
-15
-9
-5
-15
-13
-18
-21
-19
-24
-24
-22
-13
-12
-15
-22
-25
-23
-20
-23
-28
-15
-9
-1
-8
-17
-14
-13
-7
-7
-4
-8
-15
-11
-12
-10
-1
3
-2
-6
0
7
1
10
15
4
5
6
14
9
-8
-7
-14
-23
-19
-7
1
-4
-8
-8
-5
-4
-2
7
12
6
0
-6
-3
-4
-17
-3
3
3
10
4
4
1
-3
4
15
18
8
6
13
12
16
25
23
24
21
23
27
25
36
44
44
49
50
53
49
36
31
33
31
27
30
41
47
35
44
57
59
63
62
70
73
72
80
68
60
63
53
48
42
24
20
15
2
2
18
28
32
27
27
29
19
18
19
9
-3
-16
-30
-39
-42
-37
-34
-35
-33
-34
-36
-37
-36
-28
-27
-31
-20
-21
-30
-31
-39
-40
-49
-61
-62
-62
-45
-40
-41
-38
-30
-24
-30
-32
-32
-36
-47
-51
-53
-61
-66
-59
-53
-52
-47
-51
-46
-28
-24
-20
-13
-1
1
-1
2
-9
-21
-26
-29
-30
-20
-17
-21
-7
-2
1
20
26
30
45
52
49
43
34
32
32
30
26
22
23
21
26
21
19
32
38
48
53
48
34
26
28
16
8
8
6
9
2
-5
-4
-1
10
32
37
37
40
36
21
10
18
17
2
-3
-1
-2
-10
-15
-17
-10
1
-1
8
19
11
12
14
11
20
15
6
-1
-13
-15
-20
-24
-13
-12
-12
8
5
-6
-6
-2
1
-8
-15
-14
-14
-14
-14
-19
-22
-19
-22
-22
-19
-18
-9
-10
-8
-9
-28
-31
-34
-41
-34
-38
-49
-54
-55
-62
-60
-42
-36
-31
-27
-30
-27
-20
-18
-19
-18
-21
-21
-24
-27
-32
-41
-42
-32
-23
-18
-8
-5
-11
-8
-7
-6
9
11
12
8
0
0
-8
-6
-10
-8
-4
-1
9
4
-3
0
3
-8
-10
-14
-19
-13
-7
-15
-28
-28
-28
-22
-16
-21
-12
-11
-11
5
5
-11
-7
-7
-4
3
-1
6
5
0
-3
-2
5
-1
-5
5
8
4
19
20
16
20
18
19
24
29
28
33
31
27
42
40
37
44
46
44
41
37
37
41
41
34
31
38
44
44
50
56
58
65
79
78
69
73
73
64
62
65
63
54
47
43
37
41
34
29
38
37
37
44
38
33
26
11
13
20
14
8
5
1
2
-1
-8
-10
-7
-12
-10
-9
-21
-19
-12
-18
-24
-32
-34
-23
-27
-32
-39
-42
-40
-41
-41
-39
-27
-24
-28
-29
-30
-28
-33
-29
-26
-20
-17
-29
-29
-31
-29
-27
-22
-11
-12
-12
-9
-4
0
5
14
15
15
14
6
10
23
30
26
27
40
47
42
53
57
53
49
38
38
37
37
36
28
18
16
17
19
26
32
44
38
45
53
38
41
42
32
32
38
36
30
24
16
12
-1
10
24
25
39
46
50
55
56
52
57
59
59
56
52
46
35
33
31
33
35
29
23
13
1
-6
-15
-24
-21
-24
-49
-60
-64
-75
-80
-74
-76
-79
-71
-70
-68
-66
-76
-78
-80
-79
-70
-67
-75
-83
-92
-103
-96
-89
-97
-89
-79
-79
-74
-71
-65
-59
-64
-70
-76
-75
-78
-85
-91
-94
-90
-91
-89
-81
-80
-81
-77
-66
-50
-42
-36
-29
-33
-34
-29
-25
-30
-37
-37
-29
-21
-20
-4
8
12
24
25
31
47
51
57
44
32
39
34
31
24
19
15
6
14
17
21
26
18
27
43
42
45
59
56
44
37
35
25
23
20
18
26
20
23
33
27
39
46
42
42
44
47
43
43
49
54
54
47
42
37
33
33
38
43
43
33
30
26
21
30
22
13
3
-9
-7
-1
12
9
15
32
36
39
43
49
57
50
48
48
42
41
30
24
15
4
4
8
18
23
23
25
21
22
25
31
33
19
24
17
-10
-13
-21
-29
-21
-21
-19
-17
-22
-19
-26
-24
-10
-12
-1
1
-10
-16
-13
-14
-17
-12
-6
3
-1
-4
0
1
5
6
13
21
28
27
16
12
10
15
12
1
4
-2
-3
8
6
6
6
16
26
18
15
6
-3
-3
-12
-17
-13
-9
-15
-21
-17
-15
-16
-20
-14
-2
5
2
1
9
8
9
8
5
13
19
20
21
26
33
35
34
31
29
32
33
25
14
4
-7
-8
-2
-6
4
10
2
14
17
12
18
22
31
34
27
33
28
21
25
15
14
4
-5
0
5
17
20
21
35
38
40
51
41
38
40
24
16
18
9
-3
-9
-16
-17
-18
-21
-22
-18
-10
-18
-13
-6
-8
-9
-13
-22
-34
-40
-38
-41
-51
-51
-52
-56
-62
-64
-54
-50
-51
-60
-66
-61
-58
-60
-66
-61
-57
-49
-45
-52
-58
-53
-55
-67
-67
-62
-61
-66
-71
-68
-66
-69
-69
-67
-66
-71
-63
-58
-61
-51
-53
-46
-34
-32
-24
-19
-18
-16
-13
-13
-10
-2
5
2
1
-1
0
6
5
5
12
8
8
5
4
7
3
1
0
5
2
5
5
1
9
5
16
23
17
21
16
7
-3
-5
-5
-4
-5
-13
-12
-4
0
6
11
17
28
31
32
34
36
36
30
34
34
29
36
35
32
26
24
29
34
34
30
30
30
38
47
51
53
50
59
54
39
41
29
20
19
13
5
-1
-7
-7
-5
-18
-20
-3
1
5
5
1
10
18
21
26
23
25
28
27
37
33
19
20
15
0
-5
-7
-13
-20
-11
-10
-19
-12
-4
0
4
9
6
6
19
24
22
17
14
13
11
9
15
20
7
9
21
18
29
38
38
34
25
31
40
30
33
36
25
25
18
18
19
11
13
12
20
25
18
22
22
16
16
25
32
29
15
2
6
6
7
7
-1
7
13
14
20
19
18
18
20
15
7
-1
-7
-8
-16
-17
-14
-6
0
4
2
-5
1
11
11
9
12
12
4
-9
-6
-4
-17
-22
-27
-32
-32
-40
-39
-31
-22
-18
-19
-8
1
1
5
12
25
28
25
33
39
35
37
30
29
25
13
9
4
3
6
-3
-5
-3
-9
-16
-21
-23
-21
-19
-25
-31
-33
-34
-30
-30
-27
-27
-33
-32
-32
-43
-49
-49
-56
-66
-68
-61
-58
-53
-44
-42
-33
-25
-19
-14
-18
-17
-20
-24
-19
-20
-30
-39
-43
-45
-46
-39
-30
-24
-21
-13
-6
-7
-4
-3
0
5
1
-6
-15
-17
-22
-20
-13
-8
-1
6
10
9
12
7
7
10
0
7
7
-6
-6
-7
-14
-13
-11
-11
-3
-2
4
11
16
28
39
43
52
55
39
28
28
16
6
9
11
12
3
-6
1
7
20
33
38
48
50
47
48
53
59
58
64
71
65
63
59
56
66
71
74
72
74
76
71
63
48
47
44
28
24
16
6
4
3
6
10
9
12
14
12
6
11
7
3
10
5
0
-1
1
-6
-7
1
4
9
10
7
11
7
-3
-2
-4
-15
-18
-13
-19
-30
-36
-38
-37
-41
-44
-42
-37
-34
-37
-34
-36
-41
-34
-40
-47
-57
-66
-67
-72
-69
-74
-81
-82
-71
-62
-63
-61
-63
-56
-62
-72
-63
-63
-68
-78
-83
-81
-84
-85
-75
-67
-62
-56
-58
-41
-29
-30
-27
-21
-16
-22
-24
-21
-22
-26
-30
-33
-39
-41
-34
-29
-25
-22
-19
-16
-9
-6
-1
0
-3
14
20
25
40
49
59
63
60
67
74
71
79
96
96
97
101
103
95
86
93
92
81
72
67
66
66
68
71
68
76
76
70
77
75
68
68
64
62
63
62
70
74
74
77
78
70
54
53
48
38
36
20
8
3
-5
-12
-11
-19
-27
-24
-28
-35
-27
-23
-28
-20
-14
-13
-16
-20
-19
-31
-39
-38
-38
-51
-63
-59
-68
-73
-73
-77
-78
-82
-86
-85
-90
-86
-84
-89
-82
-84
-84
-84
-90
-89
-90
-85
-76
-71
-61
-51
-49
-38
-29
-36
-36
-31
-37
-44
-40
-39
-44
-38
-41
-43
-33
-32
-22
-21
-21
-15
-19
-22
-23
-13
-14
-9
10
12
10
25
42
43
49
59
74
82
88
98
105
115
119
117
121
125
119
111
108
103
103
105
107
104
100
94
90
86
87
88
92
94
93
100
102
91
93
95
90
85
82
78
75
70
62
71
59
50
53
44
45
39
28
17
11
11
5
3
-3
-3
-3
-9
-5
-9
-19
-10
-4
-18
-23
-16
-22
-26
-26
-31
-54
-55
-52
-67
-73
-79
-83
-78
-78
-88
-92
-94
-93
-93
-96
-91
-87
-98
-100
-97
-104
-98
-93
-94
-101
-102
-105
-107
-99
-102
-106
-105
-94
-95
-100
-91
-95
-109
-111
-105
-101
-103
-102
-104
-101
-90
-88
-85
-84
-84
-80
-79
-71
-61
-46
-36
-25
-7
-6
-7
-6
-4
8
12
9
22
28
25
33
42
38
25
26
26
31
31
21
29
34
40
52
53
61
65
63
63
68
71
64
58
67
75
79
80
79
84
90
90
92
92
84
76
70
74
69
63
65
58
52
50
50
42
42
54
51
46
46
46
47
49
46
44
48
45
43
38
29
34
36
29
29
27
22
21
20
15
8
7
5
4
12
6
0
4
-12
-21
-20
-26
-30
-32
-30
-33
-30
-23
-22
-29
-38
-29
-26
-33
-32
-34
-33
-35
-33
-29
-31
-34
-37
-41
-43
-47
-48
-51
-57
-70
-69
-64
-67
-58
-57
-50
-38
-37
-24
-18
-3
5
4
13
8
11
8
-2
-4
-1
1
0
0
-3
0
3
1
-1
1
0
-3
1
2
6
2
-7
-2
6
4
0
0
-4
-7
-3
2
-3
4
16
12
11
12
7
8
15
18
19
22
19
13
16
20
19
30
37
36
38
38
39
39
39
38
33
35
34
26
12
4
12
12
14
29
32
40
42
27
23
19
11
11
17
10
9
17
17
28
27
28
41
44
44
31
28
32
33
27
16
14
16
10
0
2
-7
-16
-13
-11
-12
-22
-23
-21
-26
-29
-36
-36
-38
-51
-46
-52
-58
-41
-37
-27
-23
-23
-8
-9
-13
-16
-15
-6
-7
-5
-5
-9
-11
-17
-18
-23
-27
-25
-30
-31
-24
-22
-19
-6
-11
-14
-7
-23
-27
-31
-29
-20
-23
-18
-22
-22
-17
-27
-27
-26
-35
-44
-44
-44
-47
-46
-48
-52
-54
-53
-47
-55
-56
-49
-41
-29
-30
-32
-43
-44
-42
-44
-40
-48
-56
-45
-46
-53
-41
-34
-35
-33
-34
-28
-26
-27
-29
-22
-18
-29
-27
-22
-17
-18
-20
-8
-5
-8
-6
-11
-4
5
6
7
6
10
19
21
23
19
27
33
27
28
34
38
36
30
24
28
23
18
13
5
1
-2
6
5
3
13
10
5
5
7
12
23
40
39
37
52
46
44
53
50
54
56
55
64
60
57
56
44
43
40
37
41
40
38
43
44
31
40
50
46
55
65
72
62
68
81
75
74
70
69
75
73
68
63
58
61
58
56
67
60
43
39
35
35
39
21
8
12
7
13
13
14
31
37
33
35
30
30
28
6
3
4
-11
-8
-13
-14
-13
-17
-17
-17
-2
1
-1
30
21
5
6
-11
-11
-28
-32
-32
-30
-18
-25
-10
-3
-16
-10
-2
-2
14
6
-19
-15
-17
-31
-39
-31
-12
-19
-32
-14
-14
-17
-7
-13
-12
-20
-8
1
-11
-20
-16
3
-21
-23
-10
-17
-14
2
45
33
16
29
23
18
3
3
-29
-41
-20
-44
-50
-41
-50
-75
-80
-46
-43
-55
-62
-46
-21
-37
-44
-45
-66
-72
-49
-40
-33
-25
-22
-15
-21
-29
-27
-8
-14
-27
-8
-24
-35
-34
-71
-72
-78
-69
-43
-81
-65
-50
-46
-25
-58
-55
-56
-58
-52
-70
-72
-72
-74
-92
-69
-26
-24
-50
-66
-32
-53
-62
-39
-39
-29
-21
-17
-44
-58
-60
-77
-80
-73
-55
-43
-36
-65
-110
-105
-81
-76
-120
-96
-52
-56
-35
-62
-65
-40
-25
-7
-31
-35
-39
-34
3
-43
-51
-12
-26
-18
-18
-28
-52
-40
0
-5
38
46
-3
-8
-7
4
0
4
17
24
58
92
60
17
29
12
18
52
71
73
53
20
28
81
94
87
70
72
62
73
94
94
94
90
141
114
87
134
123
112
113
87
73
81
53
38
94
87
70
74
36
53
95
96
134
112
112
61
40
-44
83
-80
-872
-246
432
246
74
138
274
129
634
478
-93
-341
-198
405
251
-32
-59
-35
-268
-397
-45
-59
201
458
438
651
596
660
234
-364
-87
150
-98
-40
318
-79
-632
-226
25
-418
-394
-78
18
65
189
316
176
-83
194
565
263
1
16
125
89
-200
-232
-108
-63
-71
34
38
-51
152
126
-52
-48
134
196
-66
-45
55
-137
-351
-261
-73
-152
-189
-51
-41
-71
104
94
-100
-130
-53
57
-7
-229
-264
-199
-267
-276
-160
-50
-5
-33
-32
16
82
176
144
-17
-13
116
107
-55
-104
4
2
49
119
51
6
-105
-204
-227
-243
-257
-237
-212
-254
-242
-178
-143
-160
-117
-25
-22
2
46
24
-17
-16
-13
-46
-70
-82
-137
-179
-119
-142
-159
-63
-17
14
41
33
16
91
132
105
126
107
102
84
103
135
95
109
99
70
100
127
124
140
142
115
116
108
108
67
68
113
77
137
117
7
50
-14
-92
37
73
40
153
229
80
44
110
-19
-12
60
-33
-52
51
39
-58
-69
-163
-202
-132
-183
-214
-154
-150
-236
-285
-331
-298
-258
-330
-320
-285
-279
-310
-396
-394
-344
-347
-304
-274
-230
-219
-255
-245
-284
-280
-258
-198
-171
-168
-96
-77
-87
-118
-90
-42
-30
-77
-121
-18
35
12
-66
-71
-26
-50
-3
-2
-2
47
102
97
53
99
134
108
113
148
124
136
183
199
196
213
257
242
204
204
236
184
149
194
179
183
191
172
178
197
190
157
138
163
192
183
163
145
168
137
80
107
66
22
69
66
58
90
112
114
102
141
127
96
132
101
66
9
-47
-62
-77
-33
-13
-57
-70
-46
4
4
-15
14
13
0
21
47
31
24
36
28
41
51
63
53
55
76
83
108
100
88
116
99
34
54
98
91
86
102
86
91
87
36
83
90
117
168
149
127
117
147
108
78
60
43
43
52
70
30
69
68
21
55
72
86
100
90
54
-1
-28
-31
-79
-77
-61
-132
-144
-104
-103
-138
-133
-104
-128
-111
-48
-42
-65
-67
-70
-60
-73
-77
-78
-151
-126
-71
-118
-90
-55
-83
-89
-74
-45
-57
-38
35
36
15
-2
-11
8
8
-1
-2
-26
-42
-19
29
32
-21
16
90
80
93
123
118
110
137
147
80
18
11
41
19
7
64
35
18
78
85
69
75
58
54
73
61
62
60
41
-9
-55
-25
-41
-99
-81
-65
-96
-91
-57
-41
-79
-119
-151
-131
-80
-129
-158
-115
-114
-127
-99
-103
-123
-99
-111
-166
-189
-232
-229
-168
-201
-199
-142
-133
-166
-178
-168
-151
-127
-133
-131
-111
-67
-88
-130
-147
-141
-105
-126
-76
-41
-76
-72
-85
-107
-106
-67
-56
-51
-36
-35
-3
-13
-42
-50
-38
10
-37
-97
-66
-79
-62
-48
-79
-67
-72
-51
-32
-79
-63
-20
-22
-19
-22
-31
-70
-85
-54
-73
-81
-14
1
-29
-18
-27
-35
-47
-70
-81
-74
-57
-75
-82
-103
-79
-22
-60
-62
-46
-57
-8
-14
-35
-21
-8
35
49
64
90
81
91
98
47
30
69
48
14
38
30
-20
0
41
20
63
126
119
129
158
159
140
128
135
137
112
161
195
154
175
165
145
191
221
222
200
212
210
194
189
174
167
159
168
165
178
183
155
177
170
140
180
196
158
139
97
99
104
87
96
79
107
119
93
99
110
91
88
114
84
63
36
18
56
62
62
65
37
7
29
48
17
49
42
-3
30
28
11
-4
-2
0
-12
30
18
-19
-8
-12
-23
-6
15
-18
-13
29
25
26
38
34
-5
-23
-1
-10
-25
-10
-24
-35
-20
-19
-45
-49
11
27
25
58
40
21
25
23
11
-14
-13
-19
-35
-22
-24
-33
-20
-31
-35
-19
-21
-19
-30
-29
-31
-48
-36
-41
-55
-33
1
-22
-36
-19
-32
-38
-30
-20
-29
-41
-42
-37
-24
-56
-61
-43
-54
-59
-55
-11
2
-22
-17
-1
-9
-44
-15
-17
-83
-70
-80
-74
-39
-100
-111
-91
-99
-50
-50
-102
-95
-103
-104
-43
-62
-90
-55
-48
-59
-75
-80
-92
-124
-121
-107
-89
-77
-94
-107
-89
-59
-77
-93
-91
-132
-157
-159
-159
-148
-154
-153
-158
-155
-122
-146
-155
-147
-153
-132
-125
-121
-125
-147
-180
-174
-160
-151
-159
-188
-119
-90
-123
-110
-109
-110
-93
-82
-98
-78
-74
-94
-69
-73
-71
-57
-66
-79
-72
-48
-48
-34
-36
-72
-65
-35
-33
-33
-33
-68
-58
-8
-2
-9
-17
1
14
20
48
36
26
30
29
59
54
69
89
58
67
99
103
96
101
102
104
104
116
127
116
129
130
132
139
118
109
106
124
145
130
134
130
123
149
143
156
161
137
162
154
158
182
159
161
159
166
186
180
175
160
157
152
146
150
139
122
105
131
145
123
128
119
91
98
105
89
98
74
81
111
74
67
49
17
30
38
48
35
-1
-8
2
13
23
20
25
29
29
50
51
58
40
28
59
52
36
25
16
24
52
61
49
38
20
48
63
52
47
6
-10
2
-22
-43
-45
-47
-48
-29
-5
-6
-28
-31
-20
-22
3
15
4
-2
5
-7
-21
-13
-50
-74
-53
-30
-22
-10
7
-18
-36
-18
0
-14
-15
-5
-14
2
11
-13
-49
-65
-45
-45
-41
-30
-56
-55
-43
-37
-22
-26
-38
-41
-35
-32
-24
-23
-30
-55
-65
-39
-14
-4
-8
-4
-9
2
18
-6
-23
-10
10
0
-5
0
-13
-26
-27
-5
12
18
12
0
-13
-26
-23
-51
-65
-55
-68
-60
-47
-65
-102
-91
-77
-82
-63
-53
-45
-50
-34
-28
-66
-79
-96
-105
-81
-67
-69
-78
-98
-107
-82
-72
-75
-84
-77
-48
-63
-62
-55
-68
-57
-74
-91
-90
-87
-84
-104
-93
-75
-93
-102
-94
-98
-78
-75
-64
-35
-56
-63
-60
-66
-53
-56
-63
-61
-46
-25
-34
-48
-48
-23
-7
-11
-2
0
-15
-21
-5
-5
-22
-28
-21
-14
-5
25
10
-13
-1
-7
-16
-17
-13
0
10
21
8
3
21
31
44
58
76
71
57
61
48
49
76
66
39
48
61
43
54
67
41
60
85
93
84
72
102
90
67
80
67
48
75
78
60
59
55
69
49
36
65
65
63
72
71
84
99
104
97
92
78
73
86
70
43
35
34
44
59
61
55
51
37
36
45
40
39
46
38
42
39
13
4
1
7
4
1
11
7
3
7
12
-12
-13
-8
-18
6
12
7
20
9
-2
15
20
20
29
11
12
11
-11
4
0
-15
-23
-31
-27
-21
-28
-23
-4
-25
-26
-11
-21
-1
14
-1
-9
-12
-21
-24
-17
-19
-7
10
3
0
21
24
7
10
11
19
35
32
44
51
26
12
15
13
17
27
21
30
41
40
33
29
37
29
19
30
43
39
35
26
1
-12
-1
2
-9
16
40
36
38
54
59
34
30
40
32
37
31
13
13
12
4
-6
-19
-17
-20
-20
11
19
-2
-15
2
3
-21
-16
-16
-5
4
-5
10
-2
0
17
-15
5
23
2
3
-18
-17
1
-9
-14
-17
-17
-3
-4
-2
-3
-16
-15
-7
-4
-10
-8
-3
-30
-42
-23
-46
-76
-62
-58
-62
-66
-51
-54
-82
-68
-73
-85
-64
-90
-107
-82
-70
-71
-93
-81
-68
-89
-79
-87
-96
-85
-82
-78
-72
-67
-70
-80
-76
-71
-81
-72
-74
-80
-59
-47
-66
-71
-48
-44
-38
-37
-38
-30
-37
-33
-29
-29
-12
-14
-24
-8
-10
-16
1
5
10
17
16
21
22
25
6
-4
26
26
10
20
16
11
18
18
11
14
28
19
30
42
42
36
14
27
29
14
26
28
21
23
20
10
28
33
19
15
16
23
20
40
52
43
53
51
33
45
67
54
44
65
64
50
65
67
48
57
71
66
66
65
62
59
56
54
34
40
53
49
74
74
61
76
78
66
68
83
71
57
73
81
59
53
56
33
34
53
47
44
54
37
19
29
26
14
17
18
0
5
15
-7
-3
4
6
10
0
12
5
-8
15
-13
-43
-20
-23
-37
-24
-20
-36
-44
-39
-40
-33
-12
-3
3
2
-7
-7
-20
-17
-4
-15
-15
-29
-38
-20
-26
-34
-31
-35
-41
-40
-25
-28
-44
-26
-33
-43
-28
-42
-32
-15
-5
7
-6
-4
4
1
