0
0
-1
0
0
0
0
-1
0
0
0
0
0
0
0
0
0
0
0
0
0
0
-1
0
0
0
0
0
0
0
0
0
1
0
-1
0
0
0
0
0
0
0
0
0
0
0
0
0
0
0
0
0
0
0
-1
0
0
0
0
0
0
0
0
0
0
0
0
0
1
0
0
0
0
0
0
0
1
0
0
0
1
1
0
0
0
-1
1
1
0
0
0
0
0
0
0
1
0
0
0
1
0
0
0
0
0
-1
0
0
0
0
0
0
0
0
0
0
-1
-1
-1
0
0
0
0
-1
0
0
0
0
0
0
0
0
0
1
0
1
0
0
0
0
0
0
1
-1
0
1
-1
0
0
0
0
0
0
0
-1
0
0
0
-1
0
-1
0
0
0
0
0
-1
0
0
0
0
0
0
-1
0
0
0
0
0
0
0
0
-1
-1
0
0
0
0
0
1
0
0
0
0
0
-1
0
0
0
0
0
0
0
0
0
1
0
1
0
0
1
-1
1
0
0
0
-1
-1
0
0
0
-1
0
-1
0
0
0
-1
0
0
0
0
1
0
0
0
0
0
0
1
0
1
0
0
0
0
0
0
1
0
0
0
1
1
0
0
0
0
0
0
0
0
-1
1
0
0
0
0
0
0
0
1
0
0
-1
0
0
0
-1
-1
0
0
1
0
-1
0
0
0
0
0
0
-1
-1
0
0
-1
1
0
1
0
0
0
0
0
0
1
0
0
0
-1
0
0
0
0
0
1
-1
0
0
0
0
0
0
0
0
0
1
0
0
0
0
0
0
-1
0
0
-1
0
0
-1
0
0
0
0
0
0
0
0
1
0
0
-1
1
0
0
-1
-1
0
0
0
1
-1
0
0
0
-1
1
0
0
0
1
-1
0
0
0
0
0
0
0
0
0
0
0
-1
0
0
0
0
0
0
0
0
0
0
1
-1
0
0
-1
1
0
0
0
0
0
0
0
0
0
0
0
0
0
0
-1
0
0
0
0
0
0
0
-1
0
0
0
-1
0
0
-1
-1
0
0
0
0
0
1
1
-1
0
-1
0
0
0
0
0
0
0
0
1
0
0
0
0
-1
1
0
0
1
0
0
0
0
0
1
1
0
0
0
0
0
-1
0
-1
1
0
1
0
0
1
0
0
1
0
0
0
1
-1
-1
1
0
0
0
-1
0
0
1
0
0
0
0
0
0
-1
0
0
0
-1
0
0
1
1
-1
0
0
0
0
0
0
0
0
0
-1
1
0
0
1
0
0
0
0
1
-1
0
0
0
0
-1
1
0
0
-1
0
0
0
0
0
-1
0
-1
1
0
0
1
0
0
0
0
0
0
0
0
-1
0
0
0
1
0
1
0
0
0
0
-1
0
0
1
1
0
0
0
-1
-1
0
0
0
-1
0
0
1
0
1
0
0
1
0
0
1
0
0
0
0
0
0
0
0
0
0
0
-1
1
0
0
0
0
0
0
0
0
0
0
-1
0
-1
0
0
0
0
0
-1
0
0
0
1
0
0
0
0
0
0
0
0
0
-1
1
1
-1
0
0
0
0
0
0
0
0
0
0
0
0
0
-1
0
0
0
0
0
0
0
0
-1
0
0
0
0
-1
0
-1
0
0
0
0
0
-1
0
0
-1
0
0
0
1
0
0
0
0
0
0
1
0
0
0
0
0
1
0
0
0
1
1
0
0
0
0
0
0
0
0
1
1
1
0
0
-1
0
0
0
-1
-1
0
0
0
0
0
0
0
0
0
0
0
0
0
0
0
0
0
0
0
0
0
1
1
1
0
-1
0
0
0
0
0
0
1
-1
-1
0
0
0
0
0
1
0
-1
0
0
0
0
0
0
0
0
-1
0
0
0
0
1
0
0
0
0
0
-1
1
1
0
0
0
0
1
0
0
0
0
0
0
0
0
0
0
0
0
1
0
0
0
0
0
0
1
0
0
0
0
0
0
0
0
0
0
1
0
-1
0
0
0
0
-1
0
0
0
0
0
0
-1
0
0
-1
0
0
0
-1
1
0
0
0
0
0
0
0
0
0
0
0
0
0
-1
0
-1
0
0
0
0
0
0
0
0
0
1
0
0
0
0
0
0
0
0
0
0
0
1
0
0
0
0
0
0
0
0
0
-1
0
0
1
0
0
0
0
0
0
0
1
0
0
0
0
0
0
-1
0
1
0
0
0
0
0
0
0
0
-1
0
0
0
0
0
0
0
0
1
0
-1
0
1
0
0
-1
0
0
0
0
-1
0
0
0
0
1
0
0
0
0
0
0
0
0
-1
0
0
0
0
0
0
0
0
0
1
0
0
0
0
0
1
0
0
1
0
1
-1
0
0
0
0
0
0
0
0
-1
0
-1
-1
0
0
0
0
0
0
0
0
0
0
-1
0
-1
0
0
0
0
0
0
-1
0
0
0
0
0
0
0
0
0
0
0
0
0
0
0
0
0
1
1
0
-1
0
0
0
0
0
0
0
0
0
0
0
0
0
0
0
0
1
0
0
0
0
0
1
0
0
0
0
0
0
0
-1
-1
0
0
0
0
0
-1
-1
0
0
0
-1
1
0
0
-1
0
0
0
0
0
0
0
0
0
0
0
0
0
0
0
0
1
0
0
-1
0
0
0
0
0
0
1
0
0
-1
-1
0
0
0
0
-1
0
0
0
0
0
1
0
0
1
0
1
0
0
0
0
0
0
-1
0
0
0
0
0
0
1
0
0
0
0
0
0
-1
-1
0
-1
0
0
0
0
0
0
0
0
0
0
0
0
0
0
-1
0
0
0
0
1
0
0
0
0
0
0
0
0
0
0
-1
1
-1
0
0
0
0
0
0
0
0
1
0
1
0
0
0
1
-1
0
0
0
0
0
0
0
0
0
0
-1
0
0
0
0
1
1
0
1
0
0
0
0
0
0
0
0
0
0
-1
-1
-1
-1
0
0
0
0
0
-1
0
0
0
0
0
-1
0
-1
0
1
0
0
1
0
0
-1
0
-1
0
0
0
-1
0
1
-1
0
0
0
0
-1
0
1
0
-1
1
1
0
1
-1
0
0
1
0
0
-1
1
0
0
1
0
0
0
0
1
0
0
0
0
1
0
-1
0
-1
0
1
0
1
-1
0
1
0
0
0
0
0
-1
0
0
0
0
0
0
0
0
0
0
-1
0
1
0
1
0
-1
0
0
1
0
0
0
0
0
0
-1
0
-1
0
0
0
0
0
0
0
1
0
1
0
0
0
0
0
-1
0
0
0
0
0
-1
0
0
0
0
0
0
1
0
0
0
0
1
0
0
0
0
0
0
0
0
0
-1
0
1
0
0
0
0
0
0
0
0
0
0
0
0
0
0
0
-1
1
0
0
0
-1
0
0
0
1
0
0
0
-1
0
0
0
0
1
1
0
1
0
0
-1
0
-1
0
0
0
0
0
0
0
0
0
0
0
0
0
1
0
0
0
0
0
0
0
0
0
0
0
0
0
0
0
0
0
0
1
0
0
0
1
0
0
0
0
0
0
0
0
1
1
0
0
1
0
0
0
0
0
1
0
0
-1
1
0
-1
-1
0
0
0
0
0
1
0
1
0
0
0
1
0
-1
0
-1
0
0
-1
0
0
0
-1
0
0
0
0
0
0
0
0
1
-1
0
0
0
0
-1
0
0
0
0
0
1
0
0
0
0
0
0
0
0
1
1
0
0
0
0
0
0
0
0
0
1
0
-1
0
0
0
0
0
0
0
0
0
0
1
0
1
1
1
0
0
0
0
0
0
0
0
0
0
0
0
-1
0
0
0
-1
0
-1
0
0
0
0
0
0
0
-1
1
-1
0
0
-1
0
0
1
1
1
0
1
1
0
0
0
0
0
0
0
0
0
1
0
0
0
1
1
0
1
0
0
0
0
0
0
-1
0
-1
0
-1
0
-1
0
-1
0
0
-1
0
-1
0
-1
-1
0
-1
-1
-1
-1
-1
-1
0
0
-1
-1
0
0
0
0
-1
-1
-1
-1
0
0
0
0
0
0
0
-1
1
1
1
0
0
1
0
1
0
1
1
0
1
0
0
1
0
1
0
1
1
0
1
0
0
1
1
0
1
0
0
0
0
0
0
1
1
1
1
0
0
0
1
0
0
-1
0
0
-1
-1
0
-1
0
0
0
0
-1
0
0
0
0
1
-1
-1
-1
0
0
0
0
-1
-1
0
0
0
0
0
-1
0
0
0
0
0
0
-1
0
0
-1
-1
0
0
-1
-1
0
0
0
-1
0
-1
-1
-1
0
0
0
0
-1
-1
-1
0
1
0
0
0
0
0
0
0
1
0
0
0
1
1
1
1
1
0
0
1
1
1
1
0
0
0
1
1
1
1
1
2
2
1
1
0
1
1
0
1
1
1
0
1
0
0
0
1
0
1
0
0
0
0
-1
-1
0
0
0
0
-1
0
-1
0
-1
0
-1
0
0
0
-1
-1
-1
-1
0
-1
-1
0
-1
-1
0
0
0
1
0
1
0
-1
0
-1
-1
-2
-1
-1
1
1
0
1
0
-2
-2
0
1
1
-1
-1
-1
-3
-2
-3
-1
0
0
1
2
1
1
3
2
2
1
2
1
-1
0
-1
0
1
0
0
2
1
1
3
2
2
2
1
3
2
0
1
-1
-1
-2
-2
0
1
-1
-1
0
0
0
-3
-3
-5
-5
-7
-6
-5
-5
-7
-4
-4
-5
0
-3
-5
-6
-6
-10
-9
-11
-13
-6
-9
-8
-5
-8
-6
-7
-6
-1
-3
-6
1
1
-1
6
2
-1
2
4
3
10
14
15
14
15
15
6
11
12
10
12
19
23
29
31
36
31
33
37
27
27
27
8
-5
-4
-12
-9
10
19
27
32
44
35
20
21
3
-2
-8
-13
-26
-19
-32
-27
-24
-32
-43
-54
-35
-26
-21
-10
-5
-10
-29
-32
-47
-44
-49
-52
-54
-61
-68
-73
-77
-82
-56
-63
-33
-40
-28
-26
-30
-18
-1
0
2
-11
-55
-31
-36
-39
-38
7
23
58
62
84
86
64
83
74
77
82
97
87
71
70
75
55
77
70
75
87
87
67
66
25
-2
1
-13
21
16
38
67
77
61
61
42
35
33
33
38
54
51
31
11
-12
-19
-35
-20
-21
-36
-38
-56
-69
-61
-36
-49
-66
-38
-65
-55
-48
-47
-81
-90
-104
-121
-130
-132
-110
-136
-115
-125
-142
-132
-115
-115
-98
-58
-54
-30
-25
-21
-37
-25
-21
-24
-9
24
21
47
82
81
105
121
91
79
70
55
70
52
89
79
78
109
118
112
107
108
88
50
49
41
28
22
14
32
17
40
52
23
8
-1
7
-16
9
18
6
11
8
-25
-56
-51
-62
-77
-30
-28
-27
5
-19
-44
-27
-24
-30
-5
-12
15
-6
5
-9
-16
-40
-50
-40
-34
-11
14
2
-3
14
-31
-36
-20
-1
7
18
17
3
-3
-28
-34
-40
-50
-31
-36
-26
-25
-5
-5
19
33
33
34
17
-17
-47
-53
-72
-70
-40
-39
-11
9
-3
24
18
3
6
26
-6
23
14
-10
-4
-14
-18
-1
9
29
44
46
83
56
52
51
42
50
54
53
53
52
57
33
7
31
19
41
79
92
75
63
54
26
11
11
1
23
18
10
6
-35
-37
-44
-68
-50
-34
-41
-12
-18
-32
-29
-61
-99
-107
-134
-105
-92
-103
-65
-48
-76
-49
-34
-54
-36
-26
-11
-18
-23
-35
-26
-51
-42
10
18
47
75
97
69
59
88
68
48
27
36
34
31
55
45
39
47
53
43
61
68
63
78
62
44
-5
-17
-45
-58
-58
-61
-35
-16
-25
-16
4
0
-9
-17
-13
-24
-50
-64
-84
-90
-108
-97
-63
-50
-23
16
23
12
17
-3
-6
4
11
13
15
27
-9
-8
-5
-11
7
8
40
40
59
68
69
95
93
77
82
75
55
25
31
19
-13
-17
-1
-1
-24
10
-6
-7
13
14
-6
-5
-18
-16
-27
-24
-20
-42
-18
-13
-11
2
-5
-29
10
-29
-25
-17
-54
-61
-47
-41
-33
0
-27
-8
-13
-30
-22
-10
-19
-6
-6
-12
-6
-13
-31
-27
-14
2
28
34
30
40
32
30
46
28
62
36
31
43
-12
-22
-32
-40
-52
2
16
14
18
23
17
21
32
35
41
20
13
-44
-73
-86
-97
-55
-29
10
43
31
49
25
-14
-19
-48
-94
-72
-95
-95
-49
-46
-28
-27
14
7
46
57
87
73
64
80
48
48
50
57
57
50
34
32
3
10
-2
12
23
26
46
44
59
61
53
47
39
28
53
42
37
11
-4
-23
-44
-38
-35
-8
-14
10
0
-11
-35
-60
-57
-55
-11
-19
-16
-37
-39
-90
-78
-64
-80
-51
-31
-31
-31
-27
-49
-37
-53
-37
-35
-35
-15
-16
-33
-18
-27
-39
-35
-67
-61
-59
-57
-22
-41
-18
-17
-25
-3
-4
8
13
48
74
78
112
98
72
95
63
58
71
53
57
48
50
47
64
105
111
107
102
80
76
57
49
56
51
49
12
18
-5
-31
-21
-17
-28
-27
11
0
3
20
-9
-18
-27
-71
-94
-79
-102
-104
-108
-139
-95
-99
-77
-27
2
-14
-15
-14
-40
-46
-43
-29
-24
-26
-41
-35
-57
-63
-52
-18
-14
-12
4
-5
1
-11
14
29
24
46
42
0
3
14
20
60
53
100
96
80
58
38
36
-2
44
50
35
41
55
7
20
23
25
38
43
57
37
28
29
14
-15
2
13
13
41
37
6
7
-37
-83
-98
-94
-90
-62
-42
-24
-17
-2
7
-1
29
8
-30
-8
-29
-39
-10
-33
-2
-2
16
19
25
40
30
56
56
64
23
1
-3
-46
-89
-71
-87
-92
-76
-76
-59
-60
-38
-16
-30
-7
-9
-45
-37
-36
-56
-72
-54
-101
-97
-80
-68
-39
-8
19
37
55
57
78
60
51
81
57
62
82
49
59
37
40
38
52
92
113
176
182
163
162
133
89
112
105
93
77
70
73
44
17
18
-13
-42
-47
-34
-18
4
8
21
-2
-19
-22
-42
-53
-75
-60
-69
-64
-60
-75
-80
-71
-89
-71
-87
-63
-88
-82
-107
-134
-145
-178
-157
-161
-152
-128
-102
-82
-74
-58
-41
-59
-74
-76
-98
-109
-98
-96
-64
-44
-15
4
20
52
40
66
72
73
61
99
57
58
70
71
81
85
133
122
143
145
142
123
125
98
106
125
140
168
159
168
154
130
137
117
97
88
34
19
9
-15
-4
34
43
42
62
76
38
53
38
16
5
-5
-33
-55
-55
-50
-72
-60
-64
-68
-41
-41
-47
-32
-56
-97
-110
-129
-158
-134
-125
-138
-113
-157
-173
-176
-162
-169
-122
-97
-86
-94
-96
-103
-162
-153
-148
-117
-114
-81
-76
-80
-47
-37
9
34
56
76
65
70
44
19
48
18
26
94
86
111
115
138
140
159
187
196
201
187
155
142
142
115
131
128
101
74
77
43
89
136
140
169
163
132
61
52
23
-46
-41
-57
-69
-65
-56
-33
-21
-19
-5
-30
-35
-39
-45
-63
-96
-107
-142
-159
-169
-166
-142
-113
-117
-97
-78
-99
-108
-105
-117
-124
-114
-108
-90
-96
-114
-81
-88
-59
-27
-28
-31
-22
-49
-52
-38
-54
-20
-8
8
15
42
47
58
94
88
114
116
128
130
102
110
96
89
85
91
91
103
118
114
114
119
114
95
129
155
154
144
146
123
106
91
70
38
39
38
34
44
41
53
30
19
-2
-32
-34
-61
-85
-88
-84
-93
-82
-91
-84
-80
-92
-123
-127
-138
-156
-156
-158
-137
-151
-127
-129
-139
-120
-137
-138
-129
-133
-147
-120
-126
-140
-145
-144
-117
-118
-82
-78
-51
-31
-32
-20
-17
9
15
15
60
92
71
92
81
63
70
91
115
120
155
160
161
187
172
172
167
134
161
149
162
159
176
162
142
159
127
123
101
105
109
127
136
143
138
105
61
23
4
-35
-9
-35
-13
5
-11
4
-8
-30
-46
-55
-84
-85
-95
-92
-89
-106
-98
-100
-136
-128
-112
-126
-114
-136
-122
-110
-109
-85
-82
-96
-109
-107
-154
-148
-127
-161
-158
-122
-142
-137
-98
-95
-91
-80
-70
-50
-49
-44
-11
-28
-35
-25
-29
-43
6
0
13
50
44
75
69
68
64
60
15
21
65
60
92
132
139
134
154
141
128
147
130
136
156
141
138
119
91
84
92
101
119
139
160
179
130
134
102
66
45
45
43
44
54
57
50
50
15
10
-4
-27
-20
-24
-15
-22
-18
-46
-92
-100
-137
-163
-138
-136
-121
-99
-130
-147
-146
-163
-172
-172
-196
-181
-146
-143
-122
-111
-119
-141
-148
-131
-129
-125
-91
-89
-57
-23
-16
-7
-45
-41
-73
-78
-48
-30
-11
31
58
64
84
61
57
32
66
83
96
107
160
151
154
166
169
163
137
151
138
124
95
113
116
102
95
105
109
107
127
162
152
141
131
88
80
51
30
26
28
37
45
46
27
-3
-6
-33
-45
-50
-48
-70
-84
-77
-91
-81
-93
-104
-112
-118
-137
-131
-115
-144
-123
-138
-152
-149
-147
-152
-133
-118
-114
-99
-98
-97
-106
-97
-95
-67
-60
-47
-73
-94
-66
-71
-77
-64
-46
-28
-7
50
61
112
117
111
126
138
103
89
85
72
59
52
72
44
39
56
80
82
129
177
157
160
176
165
152
149
133
125
99
71
54
26
13
40
47
58
80
83
80
61
18
16
-14
-30
-26
-49
-57
-90
-127
-140
-138
-135
-105
-67
-60
-30
-36
-38
-61
-101
-116
-130
-130
-142
-145
-133
-121
-131
-115
-81
-73
-86
-71
-90
-105
-91
-77
-53
-40
-11
-9
12
-11
-26
5
-20
-8
39
47
63
94
76
98
73
64
79
57
48
33
8
2
27
3
58
110
86
131
129
99
69
60
36
26
40
49
101
102
135
141
117
78
46
27
16
4
25
36
17
48
69
53
7
10
-7
-80
-62
-38
-28
-15
36
47
31
3
-32
-73
-88
-72
-30
7
1
3
-17
-67
-88
-62
-91
-85
-51
-72
-92
-89
-113
-139
-124
-105
-54
-39
-22
-1
2
-39
-53
-68
-75
-102
-113
-69
-72
-33
-31
-5
-23
-49
-50
-45
-48
-4
12
2
20
15
-18
-22
-59
-60
-44
-18
40
69
118
140
150
127
109
98
99
115
114
133
135
112
114
100
87
90
120
130
124
152
146
120
96
87
49
36
35
22
40
1
27
12
-7
-8
-23
-38
-46
-52
-44
-54
-58
-39
-51
-68
-59
-64
-107
-80
-67
-75
-97
-84
-101
-132
-119
-143
-128
-134
-127
-130
-111
-121
-116
-67
-77
-37
-28
-18
-25
-75
-67
-85
-112
-93
-75
-56
-23
-3
17
20
9
15
24
46
50
54
83
107
91
74
93
72
71
77
97
116
117
144
173
174
142
140
131
88
85
102
97
71
62
56
18
-6
17
-6
1
44
65
82
71
64
47
10
-10
15
-15
-4
-12
-39
-78
-109
-109
-130
-114
-101
-53
-52
-25
8
-33
-26
-24
-27
-16
-24
-3
-31
-43
-43
-87
-92
-98
-93
-73
-34
-12
24
24
13
-10
-49
-83
-94
-135
-135
-127
-147
-96
-83
-89
-19
-12
19
29
2
2
-14
-20
-21
29
42
62
81
70
14
-45
-50
-100
-104
-36
9
72
106
154
170
132
99
86
54
32
47
73
74
62
41
42
4
-1
39
42
77
116
125
106
106
51
40
30
3
22
27
37
9
28
28
22
-5
-2
6
-25
-3
24
8
-14
13
-6
-1
10
-23
-9
-3
-19
-32
-7
-54
-76
-88
-125
-133
-137
-95
-101
-68
-79
-90
-108
-90
-74
-68
-29
-17
-32
-55
-52
-88
-105
-73
-47
-28
8
46
31
43
43
16
38
-5
14
27
51
86
132
138
153
136
110
92
91
75
39
62
19
16
28
43
77
112
146
146
106
68
30
1
-6
8
-14
-46
-35
-66
-62
-54
-51
-35
-31
-35
-53
-50
-63
-85
-60
-83
-97
-81
-85
-65
-72
-43
-32
-45
-46
-71
-73
-103
-111
-97
-120
-117
-86
-52
-23
-28
17
10
5
-1
-23
-14
-37
-38
-34
-66
-91
-78
-56
-15
46
99
117
101
85
52
15
11
11
22
33
51
66
97
99
137
149
167
174
203
194
152
147
137
83
45
61
8
9
25
47
25
43
39
17
18
15
17
46
35
-18
-26
-47
-84
-67
-83
-76
-62
-65
-30
-16
13
-10
-26
-80
-110
-118
-118
-104
-76
-72
-59
-16
-43
-7
0
-29
-21
-54
-74
-35
-51
-16
10
17
26
7
-26
-42
-50
-77
-55
-42
-34
-13
-30
27
29
20
45
31
12
-1
-7
0
-22
-33
-23
-14
-16
29
57
82
106
109
117
111
119
113
118
106
89
49
1
-24
-21
-53
-22
-21
-5
15
10
28
5
-13
-9
-33
-52
-56
-70
-40
-42
-21
0
28
22
9
-10
-3
-26
-51
-34
-60
-83
-96
-87
-95
-56
-27
-25
-27
-30
-43
-54
-87
-65
-38
-39
-2
43
53
36
50
21
15
-13
-25
16
-5
17
24
3
-16
-13
-27
-42
-18
-23
-38
-22
-32
-21
-24
18
43
43
58
43
24
10
47
50
122
158
148
173
134
93
43
16
12
41
61
66
78
65
58
43
60
67
89
78
66
50
30
-2
-16
-38
-55
-70
-55
-17
-4
23
32
18
-20
-47
-68
-102
-111
-122
-114
-114
-119
-106
-86
-71
-39
-25
5
10
-20
-11
-39
-55
-56
-75
-97
-91
-76
-85
-58
-44
-42
-24
-1
18
20
19
6
-4
-31
-62
-41
-31
0
41
62
46
41
27
-2
18
35
46
41
54
32
4
19
6
49
81
97
134
133
138
111
68
33
-12
-36
-62
-18
-28
19
51
90
90
96
78
28
28
3
6
14
32
11
2
-15
-35
-47
-25
-15
10
6
19
30
-15
-31
-58
-85
-131
-105
-91
-70
-18
1
16
8
8
11
-5
-20
-6
-6
-24
-26
-59
-70
-100
-98
-99
-99
-84
-72
-66
-40
-42
-35
-22
-28
-29
-19
-26
-40
-20
-32
-34
-21
-3
-8
11
19
22
34
0
12
0
-4
23
47
53
60
60
66
83
107
139
136
118
97
81
69
46
71
72
81
111
97
89
83
68
65
80
66
26
31
11
-42
-34
-17
-28
-33
-26
-31
-21
-31
-35
-32
-49
-39
-43
-54
-61
-52
-31
-12
7
-6
-6
-37
-90
-92
-114
-119
-93
-101
-83
-83
-79
-47
-20
-7
6
35
53
29
49
18
11
20
-8
31
9
3
38
51
46
52
32
16
-24
-22
-36
-68
-33
-32
-52
-33
-38
3
27
25
66
39
38
0
-32
-43
-49
-29
-4
-7
-3
-11
-17
4
-8
57
100
93
136
98
78
44
-25
-43
-41
-66
-45
-30
-23
6
49
49
48
71
56
32
28
16
-37
-34
-67
-72
-84
-89
-69
-39
14
42
82
86
58
16
-16
-52
-97
-99
-76
-118
-109
-83
-93
-71
-11
27
72
122
138
112
82
44
7
-27
-32
-55
-76
-61
-80
-61
-24
-14
27
44
43
47
39
13
-6
-42
-45
-12
6
42
102
128
108
101
116
56
51
72
59
49
38
12
-28
-40
-58
-20
28
47
68
78
85
77
49
40
36
4
-11
6
-29
-65
-58
-85
-104
-101
-76
-46
-11
17
15
15
-36
-55
-97
-156
-170
-170
-142
-81
-36
15
20
35
8
-11
1
-38
-26
-52
-47
-51
-80
-60
-47
0
20
88
116
101
100
83
82
38
35
10
-11
-2
-14
-70
-46
-15
-12
50
118
160
137
99
57
23
-35
-51
-23
-44
-31
-43
-33
-21
-23
25
50
83
96
95
71
62
30
-15
-14
-28
-73
-35
-29
-16
-4
13
24
44
57
70
76
65
32
-14
-41
-81
-94
-93
-38
-32
11
14
-1
-15
-30
-38
-69
-70
-82
-41
-39
-28
-21
-4
-11
-28
-30
-9
-25
-31
-26
-35
-70
-65
-42
-50
-8
27
37
40
14
-12
-14
-35
-42
-13
9
-43
-19
2
-10
11
67
78
48
45
28
-4
-2
-34
-15
-23
4
31
29
16
50
47
51
56
75
76
37
35
35
19
10
53
-2
22
48
51
50
74
90
70
48
41
19
-12
-10
-1
-7
-9
30
38
42
50
34
14
-11
-34
-46
-32
-22
-7
25
-36
-22
-34
-17
-26
-29
8
3
-13
-22
-39
-75
-71
-81
-88
-75
-51
-40
-22
-29
-10
-35
-32
-41
-47
-45
-57
-23
-42
-80
-92
-91
-104
-84
-46
-19
-1
19
17
0
-27
-37
-20
-10
13
22
14
35
2
-4
9
4
2
19
93
95
125
160
123
111
91
53
53
33
37
30
20
16
29
0
7
26
44
65
74
98
83
87
80
21
25
-19
-66
-69
-86
-92
-82
-61
-36
-22
-24
-11
-12
-10
-10
1
-1
-6
-39
-105
-168
-170
-171
-138
-73
-43
-13
4
-16
20
-10
-21
1
-15
-41
-51
-34
-59
-17
-15
-6
42
51
89
120
100
108
97
45
52
42
71
71
74
74
38
20
19
29
22
56
80
79
55
71
63
56
77
66
56
35
3
-9
-27
-36
-6
-14
21
42
25
23
15
-15
-16
-32
-51
-31
-32
-44
-43
-55
-68
-70
-76
-43
-23
-2
11
24
26
-26
-45
-42
-86
-82
-61
-114
-117
-95
-86
-67
-24
-1
7
5
-25
-32
-87
-111
-134
-154
-187
-128
-104
-61
2
29
97
100
134
115
92
30
9
-57
-92
-63
-81
-37
0
15
32
24
20
48
37
53
111
110
117
135
117
88
79
88
89
75
87
82
58
61
43
37
30
36
32
76
86
98
166
157
151
122
92
60
15
18
7
-16
-19
-29
-44
-43
4
4
-5
-17
-30
-77
-93
-101
-125
-130
-130
-122
-154
-135
-147
-149
-155
-148
-119
-111
-68
-15
-17
-43
-43
-71
-101
-145
-123
-113
-78
-62
-41
-4
-27
-4
-9
21
35
55
56
20
26
16
30
54
74
82
86
99
78
37
20
-17
7
26
51
124
150
170
173
152
118
65
17
-9
-10
-13
5
40
5
29
58
72
112
123
138
107
89
70
47
16
9
-12
-47
-56
-99
-94
-74
-42
-6
38
53
16
15
-37
-83
-113
-135
-151
-168
-137
-105
-89
-63
-24
-16
-29
18
4
7
-5
-33
-85
-113
-143
-144
-110
-53
-13
9
40
25
4
38
51
86
94
113
73
38
27
13
6
5
38
24
48
32
31
24
22
15
28
13
13
36
56
55
29
49
17
8
14
15
35
13
6
-36
-74
-82
-74
-63
-8
38
56
74
66
30
10
-12
-36
-59
-51
-68
-52
-9
-26
-3
-2
-18
-4
13
17
7
5
-26
-58
-62
-63
-66
-33
-36
20
14
18
31
12
17
0
-9
-23
-46
-42
-28
-28
11
35
75
43
38
42
-12
-18
7
-22
-12
-6
-25
-4
-32
-29
-18
-31
-52
-49
-28
-4
6
11
14
-27
-53
-33
-45
-13
32
53
53
56
46
33
-4
44
50
28
62
57
34
26
43
62
83
117
133
151
155
141
137
98
74
56
48
40
34
24
28
-11
-1
-20
-24
31
15
41
20
-14
-55
-90
-123
-127
-137
-133
-90
-86
-88
-90
-85
-82
-80
-75
-51
-53
-77
-88
-116
-126
-132
-135
-78
-48
-25
16
-21
-24
-36
-36
-20
-26
8
-2
20
20
20
2
-31
-17
-61
-3
46
74
112
93
68
46
18
-7
5
0
31
64
32
51
3
0
25
42
89
93
110
122
95
84
70
61
37
17
-5
-48
-17
-17
0
18
31
49
24
40
47
-21
-6
5
-27
-32
-32
-43
-54
-14
-29
-13
19
18
18
9
-9
-25
-14
-30
-51
-48
-63
-70
-74
-64
-49
-44
-35
8
14
49
63
38
27
9
-24
-70
-70
-62
-57
-26
22
28
66
81
54
79
17
-18
-19
-22
-37
2
14
3
15
1
-8
3
0
9
29
41
43
29
-15
-50
-40
-36
-9
19
68
23
28
5
-21
-31
-41
-20
-11
-3
4
12
0
11
-7
-11
-17
-16
-11
7
31
21
-5
-48
-52
-72
-32
5
61
84
92
99
52
-32
-39
-57
-65
-9
-48
-8
-22
-24
-19
-11
16
44
61
113
118
102
69
8
-59
-79
-81
-51
-36
-9
-40
-57
-48
-49
-20
-1
54
76
75
65
47
11
3
-31
-10
16
2
-3
-12
-25
-31
-30
-24
-29
-31
-11
-9
5
27
4
-13
-34
-39
-23
-15
36
38
32
14
4
-18
-37
-31
-37
-21
-31
-20
-2
4
4
39
20
18
17
-2
-40
-47
-44
-84
-68
-46
1
15
59
83
63
48
39
19
5
12
5
-15
12
27
15
40
42
31
8
-18
-8
-12
28
16
43
48
20
23
29
28
16
51
60
48
58
66
18
-31
-61
-90
-113
-83
-58
-32
11
48
45
35
16
-3
-18
-40
-10
-12
-31
-12
-20
-49
-63
-48
-81
-73
-33
-42
-7
49
54
34
62
43
18
5
-14
-11
-35
-34
-47
-34
-17
-35
-9
9
-18
-12
41
40
34
28
50
25
22
12
24
47
24
19
8
-26
-47
-23
-41
-16
4
39
56
69
72
70
38
7
-26
-35
-52
-75
-61
-70
-93
-71
-45
-59
-52
-11
22
27
75
28
13
23
-10
-50
-41
-36
-82
-52
-58
-12
-12
34
59
74
66
69
27
10
-16
-76
-42
-38
-5
8
23
39
44
36
42
76
108
103
105
109
33
-27
-39
-55
-52
-14
6
20
0
-21
-42
-57
-30
11
54
80
88
78
24
-23
-51
-48
-48
-23
19
23
28
19
-8
-21
-23
-9
27
36
48
23
1
-39
-81
-79
-63
-46
-11
-16
-6
-31
-44
-46
-45
-31
-27
-18
-6
-12
-19
-23
1
-12
-16
21
-5
-26
-1
-35
-59
-37
-43
-35
11
33
59
64
40
32
-20
-61
-27
-46
-2
51
51
80
63
60
66
49
81
103
94
107
103
75
56
32
2
-6
-13
-14
-28
-9
-4
19
17
15
41
8
13
11
-5
14
11
7
5
-6
-5
-28
-32
-45
-66
-100
-92
-107
-132
-126
-112
-91
-76
-9
-14
-4
20
-18
-42
-27
-57
-72
-65
-111
-92
-73
-82
-66
-32
-14
-3
27
67
68
86
78
43
5
-33
-65
-71
-51
-11
36
56
76
75
43
26
54
35
41
77
77
50
32
48
56
47
105
101
94
92
61
42
5
10
19
22
41
32
38
24
-10
-14
-19
-5
18
45
81
97
76
37
23
-7
-25
-23
4
12
-29
-26
-46
-76
-79
-101
-49
-45
-30
-2
15
-24
-40
-51
-83
-82
-87
-77
-76
-41
-45
-29
-46
-100
-75
-88
-52
-20
17
26
36
-10
-33
-46
-60
-83
-71
-51
-56
-19
-36
-4
-2
28
46
33
45
45
30
30
34
-5
5
-14
-58
-20
-19
-1
37
89
105
143
177
186
158
120
108
80
69
50
53
55
41
13
21
10
5
27
58
68
64
102
57
28
43
29
0
25
43
22
23
20
42
-6
-28
-21
-77
-80
-75
-57
-33
-21
-4
-14
-39
-70
-105
-106
-134
-113
-102
-134
-136
-132
-158
-146
-110
-77
-79
-39
-34
-81
-74
-90
-108
-92
-56
-52
-6
-18
-27
-45
-59
-60
-43
-33
-2
15
16
51
44
38
54
26
32
58
29
39
40
48
57
89
88
93
101
89
99
103
101
103
81
77
98
78
85
43
26
20
-5
-6
25
43
33
58
61
78
43
76
43
45
66
41
66
64
47
36
32
-3
-2
-33
-14
-13
-30
-4
3
-5
-11
6
-7
-7
-17
-42
-27
-59
-70
-49
-57
-47
-5
-35
-28
-50
-71
-83
-118
-104
-111
-111
-103
-72
-46
-12
19
41
16
1
-10
-53
-89
-95
-115
-98
-89
-83
-92
-32
-47
-14
34
37
60
58
41
35
18
2
-28
-26
-18
-47
-40
-22
10
22
54
86
88
66
75
36
43
57
56
57
41
26
50
30
35
80
92
90
60
82
45
21
30
-3
-18
-29
0
3
26
63
56
54
64
43
33
36
24
13
-13
-56
-89
-99
-127
-87
-58
-42
-16
-14
-19
-31
-35
-65
-64
-96
-81
-68
-28
-17
1
-5
-23
-17
-38
-28
-17
3
-24
-5
-20
-29
-31
-27
16
52
67
76
79
51
37
37
12
23
-8
-12
24
-5
43
74
57
47
76
39
4
23
16
17
29
46
61
27
12
28
5
17
47
85
51
65
42
10
-40
-75
-93
-96
-88
-84
-25
-61
-45
-20
-35
-39
-18
-30
-39
-15
-38
-52
-50
-61
-86
-65
-62
-66
-62
-37
-46
-43
0
22
16
23
26
-13
-4
-4
20
-5
20
13
-39
-21
-21
-16
22
62
71
88
60
60
18
2
11
42
59
56
93
70
19
35
57
21
46
82
69
71
82
42
41
55
44
30
47
0
-28
-9
-71
-64
-44
6
38
55
75
65
23
-10
-28
-73
-77
-37
-45
-22
1
-37
-55
-56
-80
-79
-60
-68
-43
-62
-78
-100
-102
-123
-91
-65
-66
-43
-25
-38
-60
-37
-13
30
23
50
29
13
-26
-30
-56
-63
-37
-46
-41
-13
-14
-22
23
38
38
58
93
77
67
70
52
30
45
28
-7
7
4
0
42
89
84
99
125
107
75
75
66
32
45
41
40
20
52
23
33
48
55
54
55
64
42
38
38
46
41
63
40
-18
-17
-56
-101
-82
-34
-18
-17
12
-4
-23
-31
-34
-48
-31
-53
-85
-99
-128
-154
-128
-99
-71
-31
-2
11
2
-7
-12
-9
-7
-30
-43
-60
-117
-137
-162
-145
-112
-91
-24
20
22
36
26
-13
-4
5
-13
15
-4
-7
-15
-26
-5
5
24
83
112
105
120
99
75
63
61
46
48
52
53
-3
-8
5
16
29
104
121
133
134
108
45
-1
-5
-48
-29
-15
-34
-18
-23
-40
-33
5
14
4
20
23
-29
-46
-30
-24
-35
-14
-8
-61
-52
-45
-62
-29
14
3
24
39
31
23
21
7
2
3
-34
-38
-27
-72
-60
-46
-29
-25
23
13
8
-3
-23
-29
-46
-52
3
24
7
41
8
-25
-29
-24
-26
28
35
55
63
63
18
19
26
-29
16
31
2
23
13
-19
-16
5
-6
59
55
75
79
54
63
8
33
31
5
4
-5
-59
-48
-38
-49
-8
25
47
56
44
32
23
-17
-14
-31
-36
-51
-54
-63
-111
-83
-39
-19
33
71
73
77
32
-15
-38
-69
-79
-58
-85
-90
-79
-95
-78
-42
-12
6
26
33
23
1
-31
-55
-51
-72
-49
-54
-41
-46
-40
-19
19
20
34
53
40
34
27
49
40
11
11
10
-42
-31
-21
-31
22
67
74
95
89
72
49
31
33
16
31
54
34
38
29
-9
10
69
74
85
130
115
82
67
49
22
16
32
38
4
-11
-8
-9
1
43
44
53
59
22
-6
-9
-36
-46
-32
-70
-82
-142
-134
-138
-154
-93
-36
5
-3
17
-14
-45
-83
-95
-126
-144
-115
-134
-79
-70
-43
-8
15
-12
1
10
-1
0
6
17
-13
-15
-22
-58
-58
-47
-45
3
21
60
90
82
108
98
83
104
83
78
58
36
35
4
11
32
30
70
109
104
105
114
84
61
50
35
9
-9
-11
-43
-62
-45
-33
-14
48
50
46
68
24
-21
-38
-38
-66
-66
-27
-65
-80
-81
-84
-80
-37
31
21
41
44
-27
-48
-56
-86
-69
-53
-58
-17
-29
-48
-29
-37
-35
-4
29
27
56
57
21
-8
-31
-35
-44
-20
-13
-7
4
-5
1
-12
-4
4
-10
-27
-20
-23
-29
-9
-3
24
59
53
51
71
27
36
36
18
29
17
64
39
36
56
10
0
26
0
24
29
32
68
35
53
25
3
-27
-5
8
-2
14
31
29
15
46
30
31
23
23
-2
7
1
-14
-50
-48
-78
-91
-55
-43
10
17
37
12
-17
-46
-75
-81
-72
-53
-20
-6
4
8
16
-2
-20
-13
-52
-47
-43
-78
-62
-71
-77
-60
-62
-60
-18
-5
-17
3
11
11
1
10
34
16
-8
-4
-38
-55
-54
-41
-16
18
34
72
45
38
57
41
34
72
59
61
80
56
53
42
23
33
32
25
41
63
60
60
98
79
103
68
86
66
56
49
34
29
-1
-17
-23
-48
-54
-13
-5
31
40
66
45
46
18
-46
-57
-71
-76
-101
-83
-58
-84
-78
-77
-65
-56
-83
-40
-32
-74
-51
-84
-102
-80
-108
-93
-79
-92
-94
-83
-64
-63
-29
22
37
30
62
67
25
35
-2
-20
-31
-46
-61
-46
-28
-8
16
27
51
53
70
100
105
86
121
116
97
91
107
110
101
83
54
54
30
26
44
48
45
50
74
81
88
82
87
43
26
37
19
23
10
15
18
-10
8
15
-39
-28
-42
-75
-73
-78
-76
-50
-71
-51
-54
-64
-71
-60
-62
-64
-54
-56
-74
-85
-92
-99
-94
-130
-102
-100
-94
-80
-65
-23
-36
-9
35
25
14
11
-25
-31
-59
-50
-65
-72
-49
-41
-55
-21
27
9
51
56
77
87
63
75
43
36
18
-9
5
8
34
57
76
89
92
111
118
139
143
147
137
116
61
24
7
-46
-43
-9
-3
19
80
58
64
61
52
34
36
40
45
42
20
9
-29
-51
-52
-75
-72
-69
-49
-8
-15
-36
-12
-35
-45
-57
-50
-48
-39
-43
-57
-68
-104
-73
-104
-91
-69
-57
-44
-57
-20
-35
11
27
26
30
35
7
-24
-18
-35
-21
-14
-31
-17
-21
-52
-40
-42
-45
9
20
61
79
111
97
66
72
29
41
24
45
37
47
28
12
5
-24
-1
3
27
65
73
58
52
51
55
28
45
57
43
21
7
-7
-25
-31
-33
-6
-22
-13
5
11
15
1
23
13
8
-15
-38
-48
-79
-98
-68
-47
-41
-46
-19
-36
-52
-72
-71
-84
-80
-27
-30
-20
-9
-37
-59
-40
-43
-37
-34
-32
-44
-67
-59
-68
-48
-23
-11
11
33
20
24
38
41
31
53
39
33
32
25
16
0
4
10
9
23
74
89
83
118
117
66
74
76
60
54
53
30
15
4
6
35
52
69
95
116
91
107
58
42
22
-11
12
7
27
26
25
-8
-26
-45
-39
-48
-28
22
21
61
84
25
10
-35
-97
-117
-121
-90
-84
-65
-90
-94
-134
-124
-122
-105
-43
-26
-10
-3
-13
-63
-93
-108
-123
-140
-119
-136
-109
-112
-118
-58
-49
-47
-10
-10
5
24
18
13
27
56
22
39
18
18
15
0
-3
22
29
35
72
71
84
85
101
89
104
143
156
180
181
153
118
115
50
39
50
35
57
83
86
94
100
90
85
47
102
68
41
75
70
41
52
13
12
17
-57
-31
-43
-68
-47
-12
-13
-25
-6
-3
-34
-76
-78
-95
-128
-105
-105
-125
-118
-127
-144
-156
-133
-119
-103
-100
-65
-91
-98
-117
-98
-87
-132
-109
-98
-108
-115
-77
-87
-93
-101
-68
-74
-60
-41
5
25
40
64
89
76
52
35
4
-7
12
6
30
80
97
98
107
113
94
126
132
134
134
102
96
89
35
57
79
69
107
149
131
132
122
113
82
117
118
64
112
110
66
29
34
1
-56
22
25
19
27
40
10
-14
1
-7
-12
-47
-46
-94
-117
-122
-144
-131
-122
-129
-122
-117
-146
-126
-97
-80
-98
-62
-67
-82
-93
-99
-92
-81
-77
-56
-20
-53
-53
-71
-46
-53
-15
8
31
27
40
37
31
51
26
82
70
54
60
66
42
70
56
41
46
42
2
2
22
-3
50
63
74
87
125
131
85
107
104
51
22
-7
-31
-78
-74
-71
-85
-72
-37
-46
-7
34
56
67
85
74
10
-15
-15
-80
-98
-73
-111
-117
-90
-85
-66
-10
32
85
105
105
91
31
-6
-54
-68
-87
-71
-66
-44
-42
-31
-8
-16
-2
25
31
35
56
38
32
20
1
-20
-11
-10
-25
-17
-29
-41
-37
-63
-38
2
13
89
78
95
83
24
-3
-47
-80
-75
-86
-65
-72
-66
-19
-25
37
95
136
118
138
80
36
19
-17
-7
2
-15
-6
1
8
-7
50
84
107
129
136
136
70
38
1
-24
-70
-43
-41
-80
-40
-17
-15
20
49
71
77
42
23
-16
-50
-94
-102
-106
-141
-120
-106
-106
-98
-69
-47
-27
10
36
23
14
-1
-72
-91
-105
-122
-112
-64
-71
-46
-4
-31
7
3
13
29
36
44
36
19
19
3
-9
-5
15
31
12
25
19
4
23
17
25
59
75
87
72
83
84
92
99
78
66
18
12
11
-7
6
13
21
42
27
29
41
70
61
62
103
64
25
21
-11
-59
-17
-43
-46
-20
-21
-2
-1
18
28
29
5
20
-12
-41
-54
-63
-48
-70
-60
-41
-81
-60
-42
-56
-55
-44
-33
-14
10
4
3
-38
-52
-70
-62
-56
-51
-27
-16
-23
-24
-36
-47
-62
-95
-91
-104
-73
-50
-3
17
52
75
60
52
37
41
28
14
28
18
11
-7
-24
-9
-25
5
57
66
92
96
68
74
63
33
43
41
43
19
19
18
17
35
100
112
115
137
90
73
38
19
-5
-5
7
-32
-31
-15
21
7
55
43
47
32
13
-7
-38
-52
-57
-71
-70
-90
-101
-68
-79
-48
-44
-18
-19
-13
-14
-35
-45
-72
-107
-112
-88
-99
-107
-71
-58
-76
-54
-30
-59
-50
-26
-11
10
21
22
32
-3
17
26
-5
-2
-21
-7
-9
-8
-11
15
40
62
77
87
112
76
67
63
54
46
65
56
61
47
29
19
36
10
17
41
48
54
87
92
67
79
82
48
38
20
9
-13
-57
-54
-55
-86
-38
3
6
48
66
58
19
6
-27
-54
-67
-77
-95
-80
-83
-104
-94
-89
-98
-96
-91
-54
-16
-33
-1
-2
-9
-40
-39
-28
-33
-30
-19
-26
-38
-15
-35
-33
-26
8
13
65
84
82
77
66
49
5
27
43
22
39
48
35
22
21
23
9
18
43
42
26
59
50
23
30
35
16
6
41
15
11
8
-14
-14
-53
-35
-9
-12
16
21
10
3
22
14
8
2
19
-9
-38
4
-44
-28
-37
-44
-32
-17
3
-11
21
6
17
22
-1
13
3
-39
-28
-78
-112
-99
-96
-97
-56
-26
-5
2
32
53
20
4
26
3
-14
-31
-48
-68
-55
-42
-31
-3
23
46
41
79
78
65
41
50
23
2
-3
12
-24
-38
3
-34
-16
43
76
80
113
140
89
71
54
28
8
-13
-3
-17
-26
-9
-7
30
67
79
95
97
88
52
56
56
44
-4
-8
-10
-91
-96
-105
-108
-110
-13
-5
0
33
25
-8
-56
-33
-50
-69
-49
-45
-108
-93
-121
-136
-122
-73
-15
-18
-1
23
-20
-36
-41
-62
-61
-58
-34
-71
-53
-68
-73
-59
-32
-9
10
47
56
55
16
23
-3
-24
-5
-35
-40
-42
-32
-33
24
50
54
96
117
111
85
109
62
19
9
29
-1
2
32
25
19
60
85
83
77
107
124
63
89
52
36
39
25
13
22
33
19
43
52
52
55
82
95
77
60
53
35
-23
-21
-47
-83
-76
-94
-80
-47
3
-10
15
17
5
-1
1
-25
-25
-50
-42
-56
-89
-76
-97
-64
-86
-45
-47
-33
-38
-26
-38
-45
-55
-72
-19
-53
-38
-6
-31
-76
-42
-54
-72
-55
-13
-22
6
13
3
10
-4
12
4
6
-2
3
0
-8
-8
13
33
45
35
53
37
24
21
11
40
33
48
57
48
-8
23
7
0
45
66
73
71
84
49
9
33
12
-25
-22
-38
-80
-77
-59
-76
-49
7
27
34
68
50
21
22
8
2
17
-10
-14
-7
-45
-45
-33
-47
-35
-3
23
30
30
26
35
-15
-27
-7
-29
-51
-60
-47
-87
-71
-42
-21
1
23
47
49
35
35
7
0
-12
-21
-34
-47
-40
-40
-18
-14
14
10
11
35
36
23
61
63
64
75
77
49
20
28
0
-15
23
14
13
71
45
44
46
18
9
24
42
58
77
62
35
-10
-28
-65
-51
-59
-13
-1
32
14
8
5
-38
-10
-5
12
4
6
-7
-36
-38
-50
-54
-56
-61
-38
-41
-43
-50
-57
-48
-55
-62
-53
-26
-20
-8
-2
-10
-37
-36
-42
-57
-42
-23
-25
-14
-13
-29
13
-3
-8
28
30
-2
-6
-14
-29
-12
-3
40
40
66
77
60
50
38
29
20
32
38
26
31
47
35
52
60
72
73
77
64
53
33
16
-17
0
-23
-35
-11
-42
-27
-27
-6
-13
-9
2
-40
-41
-56
-74
-59
-38
8
52
57
79
50
10
-11
-32
-49
-53
-51
-31
-29
-50
-18
-44
-62
-52
-38
-17
-29
-14
-11
-19
-23
-22
-15
-15
4
42
28
2
8
-23
-40
-26
12
21
20
42
37
43
59
49
60
59
50
16
10
-26
-40
-33
-29
-17
-8
27
32
70
55
28
30
6
16
8
41
45
9
25
-1
-49
-43
-55
-72
-35
-35
5
7
18
32
48
50
51
60
27
38
33
18
15
15
26
4
2
-15
-23
-49
-50
-34
-10
17
26
60
38
28
5
-9
-16
-22
-2
14
-41
-26
-42
-66
-49
-60
-56
-35
-43
-39
-5
-14
11
36
45
1
-14
-35
-54
-63
-77
-40
-57
-69
-45
-54
-16
2
4
68
71
53
41
52
9
-41
-69
-62
-61
-72
-34
-20
-18
6
34
56
72
91
85
99
96
56
21
3
-66
-66
-84
-77
-36
3
33
61
82
80
74
41
19
-2
-16
-38
-55
-61
-72
-58
-54
-40
-41
-37
-1
7
27
46
71
68
45
20
-10
-52
-38
-60
-26
-1
16
46
35
69
61
83
69
102
113
85
91
85
38
4
37
26
18
25
28
-5
-24
-19
-19
-37
-22
-11
1
20
43
14
27
2
-39
-48
-50
-38
-72
-52
-52
-58
-58
-55
-49
-41
-28
-51
-48
-48
-53
-51
-32
-13
10
20
2
0
-12
-44
-34
-19
-18
-6
1
11
7
-3
-9
-9
14
-5
37
52
53
54
46
33
-7
-6
-27
-28
-9
12
13
21
25
10
-3
31
18
52
39
40
27
-18
-10
-38
-24
-48
-44
-63
-78
-90
-95
-54
-40
-9
5
20
-34
-38
-54
-92
-60
-38
-9
-17
2
20
0
-8
-2
20
1
32
25
17
44
37
65
63
58
59
62
31
36
56
59
46
58
46
55
22
48
54
36
69
71
83
71
73
36
27
-2
-16
7
0
12
13
9
11
12
18
6
10
21
6
-20
11
8
-28
-8
10
-40
-45
-42
-71
-71
-64
-63
-46
-25
-30
-7
3
-11
-5
-9
-29
-49
-62
-62
-76
-83
-80
-48
-49
-39
-23
-18
-42
-43
-42
-41
-49
-12
2
-9
-24
-21
-54
-61
-53
-47
-3
5
24
35
16
-13
-8
11
40
52
72
84
96
39
18
34
3
-6
39
47
48
29
38
15
-2
14
44
63
76
96
92
78
32
25
19
-6
1
-4
17
-5
-3
17
1
30
-14
-8
-14
-16
-37
10
35
53
80
64
46
-18
-60
-69
-102
-66
-18
9
7
3
-11
-57
-74
-69
-52
-58
-41
2
7
-16
9
-4
-20
-21
-43
-34
-59
-57
-69
-57
-4
-36
3
21
42
28
44
74
44
37
25
19
10
5
26
-8
-22
0
-54
-29
-29
-21
-7
39
34
44
53
16
6
6
4
-31
-2
8
-19
-18
-33
-62
-56
-45
-22
-15
27
11
10
16
-8
-7
-18
20
28
63
64
87
82
43
27
11
-14
-41
-11
-25
-29
-5
-11
-13
17
30
54
60
97
67
39
30
-8
-25
-44
-41
-40
-41
-47
-36
-37
-35
-36
3
20
10
52
9
-2
-34
-74
-98
-103
-75
-75
-49
-35
-6
-10
20
32
39
61
92
75
36
56
22
1
-11
6
-10
14
39
35
31
27
27
9
10
15
41
65
83
73
80
60
23
19
41
36
52
52
33
24
-31
-57
-60
-75
-50
12
31
15
20
4
-5
-42
-42
-56
-70
-63
-69
-71
-98
-61
-93
-92
-69
-63
-38
-6
-8
-28
-34
-47
-93
-106
-76
-94
-52
-23
-20
-2
-46
-44
-54
-78
-51
-23
10
49
76
65
65
45
23
30
23
29
24
30
9
6
12
6
21
48
51
33
64
49
63
42
59
73
62
50
42
32
3
8
12
15
12
36
59
65
74
66
77
45
33
29
17
14
45
39
39
59
46
23
16
11
22
10
8
20
5
-4
-7
3
13
22
33
45
17
2
-44
-76
-79
-103
-108
-74
-78
-55
-49
-54
-44
-16
0
-36
-26
-34
-53
-91
-87
-94
-134
-129
-98
-90
-76
-27
-14
5
-1
33
13
-11
6
3
19
-13
0
-37
-58
-49
-40
-9
6
29
50
62
80
74
89
114
81
94
78
38
35
-8
1
5
-37
-24
-4
-31
-17
32
55
34
59
68
22
17
-13
-23
-13
-49
-22
-28
-68
-63
-69
-74
-58
-10
6
28
31
45
24
-3
-4
-38
-31
-48
-36
3
-34
-41
-23
-41
-50
-30
15
22
42
50
91
99
87
101
107
99
48
76
66
55
33
56
69
3
29
57
37
53
109
126
119
129
136
99
57
34
24
6
-14
20
-2
13
31
12
36
21
22
14
25
36
17
36
-8
-34
-64
-90
-101
-104
-93
-90
-69
-83
-140
-140
-169
-225
-204
-221
-227
-253
-235
-268
-265
-295
-297
-291
-301
-284
-302
-282
-281
-280
-267
-302
-285
-298
-286
-260
-226
-186
-136
-57
-14
45
53
95
91
86
108
141
143
158
221
267
315
375
452
457
489
513
515
541
570
611
666
694
705
731
712
675
708
695
694
710
702
681
655
584
559
511
456
451
443
421
351
334
264
155
84
12
-83
-177
-224
-303
-402
-450
-541
-621
-660
-761
-817
-893
-942
-1013
-1067
-1119
-1187
-1270
-1305
-1342
-1383
-1341
-1342
-1369
-1356
-1361
-1377
-1348
-1308
-1249
-1144
-1050
-953
-895
-839
-787
-714
-635
-542
-412
-333
-289
-202
-115
19
203
370
518
696
793
820
858
929
1034
1130
1302
1469
1599
1577
1620
1694
1725
1786
1954
2112
2130
2164
2173
2163
2068
2076
2078
2068
2060
1933
1844
1728
1578
1513
1510
1431
1339
1191
1012
796
569
404
252
135
-59
-229
-440
-687
-937
-1114
-1231
-1349
-1452
-1556
-1728
-1923
-2099
-2268
-2392
-2508
-2582
-2673
-2735
-2818
-2876
-2929
-2903
-2888
-2838
-2761
-2694
-2679
-2650
-2536
-2445
-2295
-2119
-1949
-1829
-1713
-1618
-1529
-1376
-1203
-994
-703
-402
-149
81
275
435
563
687
872
1079
1308
1503
1682
1838
1921
1993
2036
2101
2250
2391
2508
2607
2701
2672
2648
2710
2829
2917
3001
3073
3041
2998
2891
2848
2853
2855
2831
2794
2708
2496
2198
1959
1772
1629
1561
1497
1351
1160
902
588
363
157
-26
-186
-372
-606
-881
-1196
-1414
-1652
-1777
-1850
-1976
-2102
-2298
-2479
-2665
-2719
-2799
-2807
-2805
-2851
-2890
-3001
-3084
-3143
-3135
-3081
-3023
-2943
-2946
-2950
-2938
-2890
-2782
-2605
-2427
-2310
-2157
-2039
-1944
-1762
-1589
-1342
-1078
-823
-607
-451
-346
-289
-155
9
192
391
620
831
997
1160
1289
1431
1593
1702
1809
1851
1940
2082
2208
2306
2449
2595
2602
2510
2482
2468
2452
2421
2431
2515
2470
2346
2263
2274
2275
2255
2301
2325
2333
2185
2069
2080
2019
1949
1887
1907
1762
1595
1360
1287
1149
992
922
664
544
269
127
17
-77
-211
-357
-566
-754
-886
-996
-1076
-1148
-1312
-1547
-1770
-1920
-2016
-2073
-2056
-2099
-2138
-2255
-2380
-2475
-2602
-2624
-2681
-2719
-2754
-2776
-2810
-2857
-2827
-2773
-2716
-2686
-2703
-2692
-2627
-2549
-2436
-2294
-2125
-2050
-1951
-1807
-1674
-1550
-1398
-1166
-994
-791
-608
-406
-209
-25
165
390
546
669
801
949
1178
1374
1604
1794
2010
2188
2300
2388
2521
2565
2659
2764
2980
3123
3028
3167
3047
2951
2912
2815
2793
2777
2612
2613
2599
2478
2499
2423
2369
2344
2177
2093
2037
1877
1770
1614
1500
1330
1176
1032
875
753
613
392
175
-60
-291
-438
-628
-798
-908
-1052
-1243
-1421
-1540
-1647
-1769
-1890
-1991
-2091
-2220
-2377
-2482
-2609
-2689
-2715
-2744
-2718
-2681
-2670
-2717
-2745
-2744
-2766
-2755
-2714
-2665
-2573
-2504
-2442
-2370
-2354
-2327
-2270
-2133
-1991
-1832
-1680
-1478
-1357
-1226
-1075
-905
-697
-507
-343
-157
54
180
335
452
656
839
1007
1199
1379
1510
1701
1856
1984
2154
2267
2441
2500
2608
2742
2796
2788
2806
2828
2824
2833
2779
2738
2735
2594
2527
2516
2466
2420
2330
2222
2022
1795
1574
1341
1203
1074
912
764
592
359
117
-77
-229
-281
-345
-394
-427
-536
-658
-808
-908
-1023
-1088
-1196
-1409
-1488
-1588
-1563
-1677
-1733
-1725
-1816
-1763
-1757
-1660
-1627
-1679
-1672
-1649
-1620
-1516
-1273
-1124
-1064
-1428
-1596
-1444
-991
-468
-285
-75
-272
-764
-1209
-1326
-1274
-582
-335
-559
-859
-870
-235
258
451
351
363
157
-452
-991
-928
-357
575
731
364
203
156
537
711
887
872
762
609
356
202
204
347
414
306
210
392
766
1325
1648
1586
1250
755
369
129
129
423
861
1030
803
99
-420
-966
-1823
-2401
-2221
-1179
-126
265
224
59
-512
-1704
-2472
-1884
-421
1000
1943
2456
2538
1847
630
134
816
2011
3162
3959
4342
4090
3001
1768
1091
1059
1303
1316
1491
1699
1605
927
66
-897
-1998
-2997
-3291
-2530
-1637
-1148
-834
-930
-1341
-2059
-2454
-1914
-974
-6
700
1062
878
151
-539
-657
-390
65
565
473
20
-632
-1322
-1672
-1641
-1298
-858
-433
-300
-623
-1331
-2153
-2633
-2714
-2392
-1749
-1184
-884
-1111
-1832
-2144
-2121
-1494
-826
-373
266
409
439
-1
-773
-896
-404
424
1086
1619
1831
1734
1050
340
66
80
505
566
502
502
-558
-2613
-4573
-4760
-2766
-430
1732
3834
4751
3810
1394
-417
-552
469
2132
4247
5879
6305
5651
4049
2549
1602
1542
2213
3162
3682
3552
2837
1589
318
-1332
-2450
-2903
-3152
-3148
-2568
-1421
-675
-857
-1372
-1656
-2284
-2703
-2219
-983
567
1695
2779
3099
2261
998
-92
-702
-891
-627
-55
259
-143
-996
-2099
-3135
-3772
-3931
-3451
-2647
-1897
-1594
-1727
-1849
-1946
-1991
-1859
-1555
-1290
-1444
-1647
-1820
-1778
-1582
-1285
-767
-285
-110
88
552
500
312
-160
-349
-360
-1236
-817
-173
-32
164
377
1271
740
295
1008
1208
697
57
441
624
275
-730
-1926
-2514
-2516
-1005
341
2150
4635
5533
4638
2739
1965
1719
1424
1717
3236
5027
5412
4970
4018
3210
2285
851
-19
325
1336
1609
1352
1154
948
-404
-1849
-3009
-3564
-2373
-1145
929
1661
2183
2639
804
-1027
-1667
-740
-366
53
1458
2790
2144
346
-289
-1261
-2603
-3617
-3111
-2219
-2255
-2263
-2507
-2670
-3198
-3853
-3983
-3557
-2814
-2609
-2348
-1585
-787
-925
-1211
-941
-1067
-2183
-3248
-3083
-2966
-2973
-2407
-969
-151
-332
-508
-795
-1342
-2215
-2066
-1327
-681
-606
-172
638
921
1044
1323
1819
2191
2203
2796
3248
3020
2409
1420
927
60
-1135
-2629
-2986
-2278
-875
589
2484
5323
6256
5054
3217
2529
2463
2103
2566
4381
6372
6780
6043
4881
3787
2500
525
-465
-116
818
799
367
174
-230
-1540
-3290
-4785
-5624
-4187
-2299
670
3049
5170
5856
3042
-15
-1458
-1976
-2917
-2156
332
2373
1636
312
-387
-2899
-5683
-6957
-5801
-4357
-3153
-1558
-605
-677
-1899
-3340
-4249
-4021
-3468
-2781
-1122
821
1631
478
-485
-947
-2391
-4215
-4493
-3357
-2818
-2111
-639
1112
1141
-242
-754
-1285
-1775
-1820
-753
84
-77
-477
-115
682
1024
2399
3879
5122
4879
4358
4077
2738
1085
-485
-642
-1437
-3544
-4415
-3407
-1408
-113
1382
4390
6535
5679
3775
3216
3466
2932
2097
3500
5876
6621
5831
5129
4825
3052
578
-860
-937
-949
-1300
-1122
-825
-950
-1604
-2453
-3220
-4027
-3525
-1868
239
2989
5422
6812
5731
3021
519
-1572
-3203
-3593
-2230
-253
671
409
-138
-1506
-3856
-6203
-7053
-6254
-4868
-3145
-1121
382
584
-498
-2192
-3091
-3585
-3757
-2984
-1330
515
999
762
135
-1198
-3368
-5208
-5435
-4668
-3411
-1743
186
1443
1322
38
-550
-1384
-2088
-2136
-1452
34
809
1569
2460
3194
3252
3167
2689
2901
2935
2987
2858
2481
1826
-4
-1237
-2356
-4000
-5410
-5256
-3234
-614
1706
4869
7783
8266
6650
4607
3732
3345
2762
3160
4850
6567
6709
5603
4477
2957
300
-2690
-4436
-4493
-3764
-2731
-1113
568
1107
931
-180
-817
-1582
-2107
-1138
930
4114
6268
7569
6896
4203
-53
-4113
-6535
-7335
-6181
-4147
-1753
-171
338
-550
-2569
-4678
-6196
-6373
-5342
-2885
87
2189
2695
1734
-307
-2827
-5058
-6195
-5813
-4248
-2242
-166
1535
1982
764
-1736
-4155
-6028
-6890
-5870
-3344
-96
1973
2745
2736
1439
-662
-2115
-2435
-2014
-1115
502
2751
4332
4851
5317
4922
3566
2489
1680
1626
1126
-3
-863
-1950
-2933
-4878
-6472
-5720
-3554
-817
1712
5609
9726
10872
9301
7282
5994
4602
2836
2194
3678
5398
5399
4250
3256
2306
-351
-4134
-6543
-6710
-5888
-4869
-2781
616
3171
3664
3221
2691
2455
1507
-783
-1037
608
2560
3688
4002
5058
3604
-1186
-5588
-7912
-9071
-9512
-8233
-4318
-509
1231
1749
1683
710
-1676
-4091
-4311
-2851
-1307
-153
1287
2201
690
-2250
-4732
-6196
-7223
-7194
-5184
-1892
1224
3207
3891
2947
454
-3079
-5819
-6812
-5955
-3786
-717
2338
4176
4179
3251
1437
-710
-2199
-2795
-1527
74
2538
4785
6013
5940
4684
3731
2416
814
-711
-1842
-2839
-3801
-4537
-5371
-5311
-4464
-2140
638
3298
6912
10025
11173
10008
8109
6870
5118
2502
907
1492
2279
1562
664
930
758
-1605
-4635
-5956
-5909
-6011
-5310
-2350
1665
4520
5962
7011
7835
6775
4668
1781
-208
-1305
-1810
-1232
-655
493
443
-1632
-4356
-6259
-7360
-7969
-7225
-4340
-531
2163
3729
4913
4630
2175
-1183
-3451
-4586
-5398
-5340
-4010
-2370
-2042
-2665
-3280
-3880
-4822
-5475
-4788
-2912
-547
1366
2901
3212
1901
-814
-3702
-5494
-6308
-5855
-3879
-1012
1413
2801
3443
3398
2640
1156
318
229
266
1076
1826
2746
3676
3701
3920
3598
2951
1385
-891
-3140
-5018
-6858
-8517
-7896
-5175
-939
2873
6698
11017
13287
12413
9650
7225
5090
2066
-709
-1210
111
883
866
1109
1617
497
-2557
-5293
-6431
-6439
-5828
-3532
643
4971
8126
9733
10249
9056
6110
2535
-168
-1970
-2866
-2914
-2018
-1364
-2040
-3336
-4759
-6527
-8261
-8850
-7475
-4661
-1331
2606
6076
7578
6959
4638
1292
-2530
-5891
-7785
-8336
-7766
-6364
-4656
-3289
-2687
-2933
-3600
-4137
-4001
-3045
-1280
1169
3448
4395
3840
1993
-785
-3973
-6677
-7458
-6451
-4134
-1292
1834
4401
5012
4359
2893
1551
-55
-755
-215
1414
2660
3853
4992
5429
5318
4358
3478
1534
-775
-3190
-4947
-7453
-9267
-8742
-5687
-1219
2646
7733
12829
14970
13657
10749
8434
5396
994
-2479
-2966
-2091
-1970
-1419
390
1828
650
-2120
-4380
-5790
-6834
-6900
-4510
-413
3938
7426
10177
11677
11027
8481
4946
1273
-2547
-5914
-8467
-9586
-9248
-8087
-6575
-4794
-3071
-2204
-2229
-2061
-1014
640
2217
3707
5250
5765
4490
1776
-1323
-4512
-7717
-10082
-10632
-9372
-7251
-4693
-2033
190
1329
1451
1257
987
766
782
1276
1941
2133
1567
177
-1703
-3809
-5473
-6147
-5569
-3557
-1044
1707
3926
5002
5246
4390
3509
2350
1435
1071
1282
1985
2460
3253
4099
4613
4447
3298
1647
-806
-3801
-7184
-9942
-10638
-8729
-4187
821
6573
12236
15722
15733
13038
9623
5786
830
-3903
-6242
-6147
-5170
-3699
-1427
1411
2652
1372
-1168
-3280
-4851
-6140
-5989
-3281
1184
5378
8655
11331
12518
11135
7427
2317
-2925
-7715
-11014
-12664
-12436
-9983
-6496
-3123
-701
1626
3410
3236
2035
1705
2188
1969
1716
2228
2646
1241
-1661
-4097
-6313
-8732
-10543
-10347
-8289
-5543
-2704
353
3196
4732
4460
3211
2142
1109
-209
-1011
-577
-185
-555
-1292
-1644
-2519
-3984
-4875
-4358
-2912
-1304
947
3528
5522
5984
5303
4691
3671
2286
1442
1409
2073
2072
2625
3357
4134
3683
2109
299
-2294
-5251
-8643
-10444
-9917
-6745
-2012
3120
8960
13971
16324
15099
11794
8168
3690
-1721
-6177
-7889
-7431
-6347
-4713
-1702
1711
2979
1772
-155
-1544
-3061
-4854
-4750
-2133
1673
4909
7866
10512
11463
9786
5970
1314
-3876
-8708
-12155
-13288
-12147
-9256
-5369
-1730
1149
3248
4133
3899
3019
2650
2527
2093
1766
1869
1535
-277
-2881
-5471
-7854
-10057
-11164
-10139
-7544
-4352
-1005
2461
5275
6422
6145
4994
3404
1492
-366
-1536
-1996
-2235
-2654
-2819
-2851
-3092
-3242
-3006
-1928
-848
375
1971
3358
4163
4206
3963
3608
2899
2506
2679
2871
3019
3588
3812
3633
2937
1861
207
-2571
-5348
-8640
-10782
-11182
-8663
-3789
1563
7520
13002
16267
16034
13373
9789
5423
-16
-5335
-8166
-8545
-7912
-6560
-3726
152
2422
2267
1112
317
-1100
-3427
-4562
-3301
-651
2048
5020
8644
11214
11149
8889
5684
1407
-4459
-9769
-13001
-13623
-13028
-11152
-7274
-2525
1273
4143
6761
8803
9320
7865
5856
3884
1211
-1914
-4719
-6628
-7968
-9309
-10004
-9176
-7128
-5060
-2911
-307
2339
3948
4712
5291
5604
4989
3424
2007
943
-500
-2370
-4065
-5040
-5417
-5731
-5177
-3561
-1332
256
1355
2526
3197
3595
2729
2196
1963
2056
2049
2231
3241
3872
4045
3383
3230
2489
709
-1125
-2901
-4481
-7425
-10309
-10746
-9052
-5421
-1438
4166
10745
14929
15449
13783
11720
8351
2747
-3259
-6444
-7594
-8611
-8588
-6020
-1602
1334
1964
2191
2502
1785
-688
-2527
-2260
-772
701
2532
5738
8956
10094
9131
7232
4753
506
-5263
-10053
-12782
-13665
-13469
-10809
-5283
712
5069
8215
10836
11733
9727
6059
2955
-53
-3524
-6578
-7880
-7600
-7485
-7553
-6727
-5057
-3650
-2753
-1587
250
1776
2409
3058
4075
4681
3942
2717
1586
352
-1494
-3514
-4675
-5221
-5699
-6137
-5445
-3665
-1780
-585
780
2507
3593
3574
3247
3283
3033
2138
1209
1360
1684
2058
2555
3344
3825
3144
1452
-492
-2892
-5302
-8035
-10205
-10506
-8723
-4563
-230
5103
10881
14887
15685
13594
10844
7564
2504
-3301
-6831
-7746
-7973
-7790
-5690
-1416
2004
2982
2851
3020
2757
660
-1726
-2123
-845
517
1798
4540
7907
9717
9173
7411
4934
746
-4579
-9462
-12118
-13170
-13095
-10784
-6155
-690
3890
7808
10924
12093
10755
7722
4292
370
-3743
-7308
-9426
-10108
-10016
-8983
-7127
-4723
-2449
-657
775
1904
2602
2492
2371
2435
2320
1849
1310
1057
419
-1023
-2694
-4010
-5135
-6287
-6853
-6100
-4438
-2844
-1222
1046
3200
4273
4514
4536
4412
3190
1770
963
665
994
1317
2562
3737
4151
3207
1517
-987
-3503
-6158
-9216
-10501
-10040
-6833
-2726
1842
7965
13472
16131
15368
13058
10426
5973
-241
-5345
-7564
-8301
-8747
-7778
-3921
741
3155
3819
4322
4770
3147
-101
-1905
-1876
-1342
-782
1215
4846
7929
8959
8394
7064
4461
351
-4494
-8763
-11812
-13481
-13738
-11621
-7137
-1429
4036
8237
11354
12954
11889
8516
4360
-79
-4722
-9295
-11982
-12149
-11245
-9755
-7161
-3593
-560
1330
2635
3563
3465
2163
906
361
17
-281
-292
198
552
27
-1052
-2159
-3393
-5101
-6467
-6522
-5469
-4131
-2264
355
2957
4861
5863
6492
6130
4799
2986
1328
417
6
525
1530
2661
3637
3568
2417
380
-1793
-4135
-7461
-9746
-9849
-7145
-3548
548
6522
12440
15812
15649
13869
11806
7827
1411
-4398
-7370
-8753
-9837
-9524
-5991
-973
2277
3755
5146
6605
5724
2458
-364
-1402
-1831
-2607
-1822
1250
4778
6644
7225
7444
6199
2703
-2603
-7240
-10679
-13299
-14508
-13012
-8700
-3311
2049
7099
11500
13765
12870
9699
5357
278
-5350
-10320
-13187
-13932
-13085
-10968
-7324
-2972
713
3196
4738
5280
4448
2560
703
-732
-1793
-2289
-1984
-788
407
915
695
-8
-1206
-2964
-4754
-5642
-5515
-4832
-3581
-1341
1738
4420
6181
7529
7843
6973
4943
2709
1190
62
-528
25
1238
2748
3411
3231
2374
615
-2108
-6122
-9125
-10191
-8480
-5749
-1730
4467
10711
14746
15615
15258
14078
10214
3667
-2464
-6269
-8909
-11150
-11478
-8298
-3470
34
2548
5392
7890
7519
4492
1763
100
-1681
-3810
-4043
-1602
1435
3499
5237
7081
7307
4804
299
-4069
-7848
-11582
-14315
-14306
-11151
-6533
-1565
4018
9732
13432
13650
11417
7934
3159
-3156
-9210
-12889
-14481
-14632
-13007
-9082
-4030
335
3432
5709
6934
6251
3975
1503
-508
-2278
-3651
-3655
-2100
-320
795
1414
1831
1287
-614
-2934
-4389
-5231
-5866
-5477
-3274
-30
2973
5408
7628
9187
8965
7363
5358
3272
690
-1158
-1805
-1042
280
1197
2449
2757
2198
400
-2878
-5749
-8067
-8166
-6863
-4243
579
6194
10953
13433
14674
14947
13113
8230
2397
-2365
-6375
-9932
-12228
-11260
-7894
-4514
-1284
2271
6150
8114
7370
5538
3726
1578
-1443
-3730
-3921
-2521
-1017
741
3215
5406
5814
3759
450
-3327
-7401
-11168
-13524
-13064
-10111
-5830
-865
4825
10064
12933
12904
10736
7212
1965
-4357
-9798
-13226
-14870
-14851
-12448
-7978
-2858
1620
5165
7663
8399
7313
4950
2097
-688
-3036
-4448
-4487
-3402
-1814
-296
1000
1668
1441
305
-1201
-2610
-4023
-4677
-4265
-2633
-406
2151
4930
7304
8584
8429
7364
5700
3444
1005
-835
-1355
-1050
-739
-200
563
812
260
-1502
-3504
-5253
-6333
-5864
-4495
-1466
2700
7113
10447
12299
13389
13216
10868
6402
1717
-2435
-6306
-9769
-11515
-10505
-8040
-5216
-2141
1768
5580
7357
7117
6062
4717
2332
-782
-2972
-3265
-2496
-1591
71
2323
4301
4374
2620
139
-2953
-6322
-9873
-11852
-11188
-8665
-5245
-881
4467
9190
11479
11408
10143
7117
2013
-3795
-8650
-11852
-13878
-14081
-11914
-7952
-3438
733
4495
7288
8529
7944
6027
3525
940
-1594
-3613
-4384
-4091
-3270
-2134
-881
185
611
341
-340
-1317
-2169
-2686
-2505
-1744
-382
1546
3564
5317
6324
6710
6119
4965
3346
1519
251
-404
-634
-734
-705
-497
-657
-1339
-2536
-3882
-5270
-5928
-5047
-3429
-685
2773
6511
9524
11062
11898
11858
9919
6061
1947
-1844
-5340
-8507
-10304
-9770
-7975
-5689
-2776
916
4472
6408
6617
6134
5244
3411
791
-1194
-1879
-1762
-1473
-509
1249
2832
3230
2014
269
-1954
-4582
-7337
-9114
-8829
-6915
-4350
-1106
3196
7199
9322
9403
8652
6697
2644
-2335
-6536
-9491
-11641
-12591
-11324
-8114
-4447
-951
2517
5647
7387
7355
6216
4551
2450
-92
-2429
-3762
-4190
-4175
-3728
-2810
-1677
-909
-653
-752
-791
-907
-1008
-970
-635
372
1420
2325
3162
4002
4374
3891
3382
3001
2513
1676
1056
981
681
85
-687
-1517
-2467
-4141
-5661
-6672
-6672
-5020
-2915
-61
3467
7139
9908
10996
11131
10619
8612
4870
915
-2302
-4973
-7391
-8880
-8269
-6247
-3944
-1607
1168
4029
5535
5453
4677
3944
2787
741
-894
-1064
-426
47
589
1904
3288
3219
1917
328
-1024
-2908
-5452
-6986
-6707
-5450
-4284
-2265
1196
4553
6114
6575
7032
6220
3296
-552
-3498
-5754
-8232
-9768
-9290
-7435
-5436
-3280
-428
2423
4209
4782
4806
4503
3423
1552
-362
-1697
-2643
-3509
-4065
-3914
-3414
-3099
-2884
-2383
-1557
-869
-423
116
961
1692
1978
2133
2458
2631
2334
1614
1358
1436
1394
1378
1553
2132
2258
1742
1136
336
-919
-2675
-4891
-6673
-7632
-7119
-5366
-2898
514
4435
7974
10184
11203
11453
10467
7486
3486
60
-2715
-5404
-7693
-8252
-6917
-5072
-3131
-596
2393
4650
5191
5054
5073
4538
2857
802
-230
-465
-788
-928
-102
1403
2439
2166
1631
1311
272
-1572
-3498
-4081
-3919
-4006
-3644
-2073
164
1716
2477
3380
4192
3620
1827
242
-986
-2694
-4774
-6003
-6015
-5677
-5304
-4260
-2335
-383
952
1965
2997
3476
2944
1768
654
-396
-1678
-3034
-3852
-4083
-4210
-4303
-3925
-2928
-1844
-885
101
1272
2129
2388
2382
2249
2000
1406
613
353
434
559
821
1320
2071
2506
2438
2159
1687
592
-1079
-2636
-4464
-5948
-6861
-6349
-4276
-1920
1065
4476
7713
9552
9998
9933
9022
6565
3132
363
-1715
-3797
-5694
-6266
-5259
-4048
-2789
-908
1432
3229
3888
4261
4680
4596
3423
1853
920
457
-171
-855
-576
298
826
761
676
1045
599
-529
-1602
-1919
-1940
-2629
-3105
-2486
-1376
-881
-450
609
1883
2181
1605
1416
1176
-53
-1957
-3378
-3887
-4564
-5420
-5327
-4142
-2850
-1760
-393
1313
2558
2801
2595
2299
1565
85
-1737
-3235
-4247
-5133
-5729
-5315
-4174
-2833
-1417
202
1939
3036
3464
3539
3405
2859
1801
778
19
-426
-788
-760
-45
786
1457
1836
2090
1995
1097
-54
-1652
-3297
-4747
-5386
-4611
-3440
-1561
1018
3869
6178
7599
8683
9162
8275
6133
4012
1982
-489
-3067
-4984
-5562
-5471
-5041
-3725
-1565
690
2409
3849
5231
6031
5726
4526
3264
2158
785
-670
-1533
-1597
-1433
-1309
-873
-218
220
100
141
452
527
139
-664
-1195
-1592
-2082
-2441
-2349
-1783
-1151
-571
137
989
1279
851
152
-494
-1310
-2658
-3894
-4500
-4551
-4420
-3844
-2689
-1288
-73
857
1760
2330
2138
1297
249
-901
-2112
-3347
-4311
-4721
-4635
-4058
-3006
-1598
-88
1366
2606
3716
4323
4324
3855
2899
1908
853
-41
-678
-992
-1076
-753
-206
361
822
927
850
114
-975
-2007
-2444
-2344
-2089
-1058
570
2387
3814
4917
6129
6774
6341
5197
4153
2876
952
-1114
-2585
-3298
-3932
-4153
-3502
-2144
-764
445
1982
3652
4790
4867
4506
4079
3156
1736
391
-440
-977
-1471
-1707
-1243
-745
-792
-901
-686
-230
-239
-554
-488
-324
-499
-902
-991
-823
-1006
-1286
-1101
-596
-324
-439
-564
-607
-970
-1653
-2315
-2747
-3062
-3283
-3162
-2656
-2000
-1405
-777
-131
411
658
531
174
-272
-840
-1502
-2034
-2486
-2848
-2997
-2883
-2478
-1879
-1070
-55
1143
2214
2951
3480
3554
3151
2476
1603
900
235
-265
-484
-480
-232
70
236
328
253
-468
-1317
-1925
-1819
-1351
-963
129
1583
2914
3754
4400
5040
5122
4292
3303
2723
1890
577
-658
-1238
-1440
-1823
-1862
-1277
-492
66
708
1825
2771
3053
2791
2579
2296
1768
1052
477
168
-159
-372
-374
-119
163
28
-98
59
59
-267
-843
-1124
-1167
-1344
-1528
-1408
-1100
-1128
-1249
-1060
-724
-703
-850
-745
-508
-542
-941
-1288
-1510
-1996
-2576
-2839
-2942
-3053
-3069
-2697
-1982
-1333
-777
-194
232
418
292
-131
-624
-1285
-1905
-2259
-2479
-2418
-2170
-1711
-900
-46
897
1647
2206
2604
2598
2460
2050
1540
1030
679
595
601
742
778
880
764
235
-555
-1404
-2183
-2476
-1904
-1046
112
1358
2622
3702
4247
4528
4551
4041
3226
2538
1975
1272
324
-441
-689
-834
-865
-507
17
470
883
1487
2092
2248
1968
1654
1457
1117
736
543
504
482
434
579
815
716
170
-444
-690
-839
-1203
-1589
-1476
-1022
-890
-923
-729
-557
-789
-1246
-1308
-1070
-1299
-1708
-1651
-1327
-1332
-1582
-1601
-1480
-1760
-2112
-2238
-2351
-2618
-2832
-2614
-2167
-1813
-1359
-781
-298
-45
-3
-184
-635
-1126
-1558
-1867
-2053
-1977
-1736
-1313
-613
216
914
1290
1561
1829
1867
1710
1537
1422
1346
1225
1314
1453
1500
1414
1368
1136
738
-72
-1009
-1819
-1969
-1376
-811
-39
868
1997
2760
3128
3581
3920
3784
3296
3209
3247
2749
1799
958
593
63
-515
-719
-626
-492
-261
268
945
1192
1106
965
1080
1150
1242
1341
1337
1469
1387
1234
900
250
-772
-1712
-2155
-2189
-1971
-1834
-1333
-620
-256
-195
-335
-482
-1013
-1654
-1990
-1778
-1779
-2097
-1942
-1471
-1271
-1540
-1564
-1390
-1610
-2054
-2110
-1929
-2111
-2402
-2242
-1771
-1623
-1532
-1148
-692
-643
-613
-503
-572
-822
-1024
-984
-1028
-1074
-938
-657
-327
80
587
919
1100
1376
1576
1626
1561
1656
1736
1737
1882
2042
2107
1945
1645
1290
663
-453
-1450
-2149
-2174
-1724
-1084
-144
792
1905
2625
3135
3580
3857
3715
3367
3290
3085
2539
1569
853
424
-176
-749
-969
-950
-939
-640
-31
548
698
758
977
1387
1625
1860
2031
1931
1792
1306
858
217
-663
-1504
-1978
-2084
-2043
-1827
-1553
-888
-334
-22
65
53
-176
-787
-1238
-1594
-1913
-2240
-2334
-2061
-1740
-1537
-1455
-1345
-1333
-1500
-1729
-1858
-2029
-2248
-2203
-1976
-1748
-1523
-1295
-1040
-885
-915
-923
-989
-1106
-1177
-1013
-831
-703
-604
-432
-133
110
407
572
743
886
1037
1102
1094
1208
1250
1371
1667
1982
2201
2263
2241
2108
1743
997
-43
-1012
-1836
-1837
-1388
-909
-259
467
1383
1947
2360
2953
3458
3495
3386
3492
3462
2856
1823
1154
778
208
-326
-525
-519
-676
-638
-316
59
40
-99
152
581
1142
1350
1699
1878
1938
1768
1250
641
-207
-1041
-1720
-1896
-1934
-2103
-2005
-1516
-970
-716
-605
-394
-418
-776
-1017
-924
-1066
-1542
-1755
-1538
-1447
-1719
-1889
-1777
-1839
-2045
-1997
-1762
-1773
-1849
-1678
-1313
-1086
-1093
-887
-714
-757
-858
-921
-1029
-1228
-1296
-1066
-910
-850
-607
-321
-95
104
275
484
520
572
734
890
1037
1194
1520
1781
2091
2387
2544
2469
2284
1868
1129
11
-1094
-1975
-2380
-1958
-1388
-586
225
1231
2130
2610
3028
3338
3471
3261
3206
3234
2915
2131
1369
1058
702
286
-88
-234
-357
-517
-445
-196
-82
-88
65
423
904
1311
1655
1926
1992
1830
1384
834
177
-547
-1107
-1573
-1873
-2162
-2226
-1987
-1620
-1219
-881
-580
-364
-366
-444
-558
-776
-1178
-1484
-1553
-1614
-1842
-2020
-2039
-2081
-2163
-2225
-2068
-2024
-1982
-1736
-1352
-1009
-802
-638
-411
-353
-503
-741
-973
-1227
-1440
-1460
-1403
-1260
-1105
-791
-482
-132
166
450
702
898
1110
1281
1430
1489
1627
1713
1848
1871
1897
1889
1643
1349
838
52
-826
-1490
-1667
-1218
-749
-150
545
1305
1984
2351
2746
3014
3108
2951
2870
2853
2538
1845
1159
840
668
481
309
342
357
285
309
427
411
244
178
239
593
876
1163
1342
1419
1441
1309
1149
678
27
-690
-1170
-1653
-1961
-2126
-2051
-1833
-1590
-1216
-908
-692
-716
-707
-725
-826
-1076
-1295
-1432
-1582
-1827
-2026
-2080
-2259
-2426
-2415
-2282
-2057
-1903
-1674
-1309
-1054
-939
-817
-665
-648
-727
-793
-857
-982
-1184
-1274
-1203
-1195
-1064
-844
-549
-213
93
431
712
1012
1206
1366
1483
1583
1745
1848
1879
1927
1995
1928
1759
1459
947
58
-644
-1214
-1089
-723
-343
228
731
1434
1814
2193
2583
2928
2974
2922
3045
2993
2466
1751
1256
873
597
292
222
211
114
158
382
562
455
387
407
608
742
1012
1207
1217
1171
1070
871
467
-87
-662
-1130
-1556
-1787
-1909
-1859
-1779
-1570
-1374
-1124
-927
-839
-786
-729
-655
-824
-1145
-1455
-1775
-2228
-2576
-2669
-2711
-2744
-2594
-2263
-1978
-1756
-1494
-1168
-996
-914
-802
-761
-803
-937
-1002
-1056
-1217
-1330
-1291
-1251
-1209
-1087
-929
-726
-547
-209
309
696
1142
1568
1876
2091
2188
2224
2181
2093
2047
1935
1912
1749
1414
774
-38
-590
-832
-568
-219
269
694
1150
1628
1978
2336
2713
3056
3175
3282
3368
3095
2371
1567
1044
627
248
-2
59
79
127
324
683
860
720
488
534
580
657
771
725
697
541
473
222
-46
-513
-980
-1316
-1527
-1568
-1658
-1716
-1664
-1668
-1594
-1508
-1494
-1366
-1314
-1238
-1134
-1111
-1278
-1601
-1889
-2150
-2387
-2657
-2720
-2637
-2490
-2220
-1840
-1381
-1032
-842
-680
-550
-680
-832
-908
-935
-918
-876
-843
-863
-910
-1006
-1049
-1079
-994
-776
-458
49
640
1206
1749
2164
2438
2618
2612
2527
2290
2053
1799
1712
1488
1216
669
-86
-493
-699
-267
113
565
906
1243
1587
1774
1987
2242
2487
2625
2866
3074
3044
2498
1829
1289
855
429
95
-42
-137
-131
97
535
673
640
481
342
338
323
449
467
412
348
390
322
27
-453
-821
-1225
-1524
-1667
-1705
-1727
-1765
-1654
-1544
-1460
-1486
-1429
-1302
-1175
-1055
-925
-981
-1231
-1499
-1823
-2203
-2542
-2754
-2860
-2784
-2523
-2081
-1602
-1146
-665
-302
-171
-252
-384
-572
-765
-864
-863
-937
-1015
-1000
-944
-833
-817
-720
-551
-330
26
491
1006
1382
1764
2105
2327
2492
2416
2360
2165
2056
1978
1645
1050
229
-279
-528
-211
190
623
898
999
1189
1378
1510
1751
2032
2299
2707
3067
3287
2982
2414
1795
1284
881
449
164
-92
-221
-116
255
563
645
570
503
511
518
571
581
458
210
118
-100
-363
-792
-1235
-1475
-1587
-1495
-1374
-1233
-1162
-1097
-1086
-1167
-1310
-1567
-1761
-1869
-1820
-1616
-1501
-1427
-1338
-1392
-1563
-1773
-2045
-2300
-2510
-2500
-2323
-2035
-1703
-1322
-915
-633
-468
-407
-459
-606
-691
-734
-764
-838
-901
-913
-856
-766
-608
-387
-211
14
368
732
1021
1288
1534
1740
1907
2108
2250
2366
2162
1837
1233
403
-85
-172
274
755
1291
1650
1783
1707
1526
1464
1518
1586
1791
2137
2413
2597
2471
2165
1841
1652
1464
1283
1184
1088
953
874
896
844
661
454
388
399
544
574
593
169
-343
-605
-761
-676
-827
-939
-1141
-1335
-1423
-1344
-1255
-1195
-1152
-1018
-844
-842
-1094
-1550
-1969
-2282
-2407
-2402
-2298
-2191
-2118
-1987
-1733
-1521
-1588
-1676
-1616
-1517
-1487
-1441
-1352
-1443
-1644
-1637
-1424
-1392
-1428
-1270
-1006
-843
-653
-344
-176
-156
-98
92
238
222
228
377
453
589
783
1022
1140
1183
1407
1667
1758
1637
1352
765
397
268
724
1183
1542
1862
2035
2108
2060
2153
2173
2161
2110
2229
2344
2269
1951
1534
1222
1060
1134
1331
1503
1633
1730
1782
1850
1804
1512
1163
915
777
764
761
692
342
-218
-661
-951
-1133
-1275
-1270
-1209
-1102
-958
-835
-867
-972
-1209
-1301
-1299
-1391
-1564
-1807
-2070
-2310
-2414
-2368
-2344
-2285
-2159
-2033
-1873
-1765
-1722
-1817
-1846
-1795
-1735
-1754
-1766
-1757
-1832
-1926
-1897
-1776
-1788
-1791
-1565
-1296
-1064
-890
-637
-387
-274
-140
114
340
470
635
886
1030
1147
1178
1304
1336
1350
1400
1194
767
121
-125
9
555
1226
1968
2404
2531
2506
2503
2532
2509
2572
2706
2907
2992
3008
2749
2302
1741
1401
1307
1268
1412
1574
1764
2019
2210
2218
1984
1557
1165
941
832
908
907
767
398
-11
-339
-605
-788
-966
-978
-988
-1038
-1098
-1154
-1344
-1598
-1760
-1688
-1714
-1801
-1872
-2004
-2270
-2570
-2679
-2768
-2821
-2720
-2447
-2211
-1966
-1807
-1763
-1789
-1869
-1883
-1914
-2067
-2187
-2306
-2508
-2512
-2408
-2313
-2166
-1976
-1687
-1412
-1154
-915
-699
-549
-416
-292
-140
19
202
435
730
993
1248
1445
1629
1799
1649
1228
560
130
-81
289
980
1655
2263
2579
2731
2881
2998
3085
3086
3033
3067
3063
3074
2999
2824
2652
2547
2581
2684
2813
2843
2699
2654
2579
2401
2109
1696
1263
953
777
816
897
897
642
266
11
-330
-516
-702
-795
-891
-973
-1025
-1098
-1233
-1593
-1900
-2074
-2208
-2355
-2508
-2668
-2879
-3124
-3216
-3192
-3230
-3185
-3008
-2844
-2548
-2273
-2066
-2037
-2091
-2095
-2152
-2224
-2341
-2452
-2549
-2652
-2573
-2445
-2391
-2330
-2245
-2076
-1808
-1487
-1106
-728
-401
-112
44
238
357
456
504
627
735
886
1003
941
708
272
147
343
992
1676
2430
3033
3133
3034
2953
2923
2839
2751
2771
2880
3016
3183
3270
3284
3172
3099
3278
3557
3785
3855
3773
3658
3435
3118
2778
2333
1839
1469
1247
1304
1348
1280
1181
1093
922
683
296
-131
-591
-1145
-1391
-1456
-1494
-1633
-1754
-1854
-1979
-2044
-2163
-2308
-2481
-2768
-2972
-3102
-3278
-3493
-3680
-3775
-3814
-3656
-3373
-3103
-2888
-2664
-2515
-2525
-2702
-2939
-3289
-3557
-3608
-3440
-3091
-2726
-2359
-2022
-1729
-1488
-1317
-1173
-1100
-1045
-984
-879
-753
-564
-395
-154
227
692
1120
1267
1093
548
203
241
692
1307
2057
2685
2975
3085
3142
3287
3352
3325
3356
3489
3583
3600
3546
3395
3231
3184
3399
3800
4179
4362
4372
4309
4111
3837
3416
2935
2462
2117
1864
1867
2006
2055
1960
1820
1629
1337
870
332
-139
-613
-1008
-1163
-1226
-1339
-1523
-1691
-1852
-2051
-2268
-2488
-2758
-3017
-3231
-3415
-3565
-3670
-3706
-3732
-3643
-3529
-3372
-3225
-3147
-3124
-3148
-3287
-3454
-3695
-3908
-4002
-3927
-3678
-3380
-2977
-2621
-2385
-2185
-2037
-1939
-1886
-1842
-1721
-1505
-1212
-821
-425
-72
193
427
613
566
269
-336
-697
-646
-128
700
1559
2362
2829
3059
3142
3192
3244
3264
3225
3222
3380
3581
3668
3647
3632
3659
3792
4080
4411
4620
4547
4363
4178
4005
3770
3482
3206
3103
3035
3047
3078
2816
2386
1976
1716
1496
1248
1032
768
408
124
-14
-168
-398
-686
-947
-1189
-1459
-1740
-2045
-2545
-2956
-3178
-3364
-3479
-3558
-3617
-3634
-3517
-3405
-3318
-3333
-3463
-3579
-3719
-3807
-3889
-4038
-4135
-4096
-3976
-3769
-3590
-3466
-3288
-3140
-2953
-2708
-2501
-2401
-2320
-2192
-2014
-1744
-1456
-1220
-1045
-903
-665
-475
-420
-556
-833
-867
-484
285
1202
1948
2400
2555
2531
2413
2397
2488
2532
2671
2957
3314
3688
3858
3780
3718
3701
3849
4087
4400
4581
4562
4496
4444
4330
4099
3804
3491
3238
3024
2959
3044
3061
2920
2720
2531
2231
1829
1412
1069
793
540
413
319
54
-297
-684
-953
-1167
-1334
-1445
-1546
-1701
-1903
-2063
-2241
-2526
-2856
-3090
-3276
-3362
-3356
-3292
-3289
-3371
-3463
-3534
-3614
-3685
-3767
-3815
-3860
-3870
-3794
-3713
-3615
-3483
-3305
-3176
-2990
-2829
-2666
-2464
-2296
-2035
-1800
-1688
-1543
-1460
-1420
-1419
-1532
-1714
-1759
-1466
-857
-77
507
886
1034
993
950
1087
1460
1774
2113
2418
2724
2947
2981
2918
2831
2866
3120
3594
4100
4496
4720
4763
4760
4710
4525
4228
3962
3928
4009
4160
4303
4267
4070
3799
3610
3312
2957
2666
2339
2063
1902
1765
1584
1266
814
458
173
-115
-363
-636
-911
-1130
-1309
-1469
-1714
-2057
-2364
-2614
-2828
-2972
-3168
-3364
-3515
-3651
-3785
-3889
-4009
-4206
-4354
-4443
-4474
-4485
-4465
-4384
-4303
-4145
-3876
-3674
-3530
-3462
-3440
-3410
-3288
-3082
-2812
-2516
-2236
-1958
-1710
-1679
-1913
-2087
-2060
-1652
-965
-290
309
651
709
688
777
1053
1342
1637
2003
2366
2636
2761
2780
2741
2761
2964
3399
4003
4502
4826
5051
5081
5012
4795
4492
4207
4081
4146
4348
4605
4714
4642
4391
4092
3732
3336
2950
2596
2347
2182
2032
1852
1574
1162
721
397
197
-48
-268
-465
-695
-935
-1159
-1488
-1951
-2405
-2828
-3050
-3147
-3163
-3111
-3105
-3158
-3285
-3457
-3734
-4010
-4249
-4348
-4339
-4218
-4069
-3990
-3900
-3857
-3779
-3702
-3621
-3549
-3498
-3352
-3123
-2844
-2549
-2263
-2049
-1926
-1776
-1674
-1736
-1872
-1989
-1838
-1348
-771
-185
298
514
564
569
742
986
1236
1513
1811
2149
2385
2498
2531
2493
2502
2796
3266
3802
4217
4488
4572
4535
4406
4193
3921
3694
3674
3801
4031
4241
4242
4092
3885
3653
3452
3214
2893
2600
2373
2221
2131
1944
1597
1129
679
255
-30
-266
-474
-643
-762
-830
-988
-1225
-1604
-2055
-2435
-2627
-2746
-2794
-2881
-2997
-3108
-3229
-3367
-3581
-3749
-3952
-4066
-4025
-3923
-3832
-3735
-3611
-3471
-3343
-3212
-3144
-3111
-3086
-3074
-2928
-2730
-2546
-2356
-2170
-2021
-1878
-1726
-1716
-1779
-1729
-1453
-924
-326
186
533
637
559
464
502
659
882
1190
1562
1914
2185
2326
2322
2291
2354
2590
3020
3486
3861
4148
4275
4252
4151
3930
3651
3489
3506
3637
3786
3905
3939
3821
3655
3464
3290
3062
2746
2544
2419
2287
2128
1885
1578
1135
740
396
112
-120
-260
-297
-347
-420
-567
-894
-1352
-1810
-2191
-2466
-2687
-2776
-2800
-2863
-2931
-3019
-3239
-3499
-3759
-3867
-3895
-3850
-3794
-3730
-3661
-3657
-3568
-3539
-3516
-3488
-3442
-3348
-3223
-3031
-2885
-2694
-2506
-2289
-2063
-1884
-1733
-1670
-1674
-1738
-1635
-1243
-764
-308
158
439
551
579
627
819
1115
1426
1792
2164
2387
2502
2487
2432
2369
2513
2800
3239
3719
4057
4277
4368
4351
4165
3944
3784
3678
3664
3801
3948
4017
3889
3672
3493
3277
3113
3000
2840
2614
2364
2176
1902
1588
1255
857
520
219
-6
-206
-370
-525
-641
-787
-972
-1226
-1497
-1842
-2162
-2401
-2632
-2870
-3117
-3307
-3496
-3639
-3738
-3794
-3854
-3871
-3874
-3905
-3926
-3946
-3975
-3923
-3821
-3684
-3552
-3452
-3353
-3294
-3237
-3095
-2931
-2742
-2457
-2207
-1986
-1796
-1667
-1576
-1509
-1466
-1348
-1106
-762
-292
220
673
990
1115
1200
1313
1474
1633
1896
2196
2432
2648
2777
2840
2903
2994
3254
3645
4021
4315
4452
4402
4226
3999
3796
3637
3566
3624
3765
3938
4006
3968
3779
3518
3261
3028
2858
2659
2453
2256
2068
1814
1519
1141
731
388
111
-95
-276
-459
-644
-885
-1105
-1371
-1630
-1934
-2235
-2421
-2585
-2744
-2914
-3067
-3261
-3390
-3489
-3563
-3645
-3786
-3902
-3997
-4057
-4052
-4056
-3979
-3889
-3806
-3728
-3602
-3529
-3493
-3381
-3227
-3025
-2848
-2624
-2401
-2171
-1926
-1655
-1487
-1363
-1241
-1110
-924
-677
-403
-99
189
450
740
960
1149
1303
1478
1706
1974
2274
2549
2720
2835
2936
3027
3150
3305
3497
3668
3862
4062
4210
4204
4073
3908
3753
3665
3679
3743
3777
3784
3767
3684
3480
3197
2895
2508
2228
2019
1857
1708
1459
1213
957
724
446
242
34
-170
-342
-453
-583
-820
-1148
-1552
-1904
-2221
-2451
-2657
-2828
-2999
-3109
-3217
-3350
-3433
-3552
-3632
-3665
-3646
-3582
-3554
-3481
-3408
-3366
-3336
-3279
-3299
-3299
-3314
-3270
-3142
-3048
-2950
-2811
-2658
-2448
-2168
-1877
-1598
-1332
-1113
-936
-743
-598
-485
-357
-198
-42
195
423
646
852
1043
1199
1351
1581
1786
2022
2249
2477
2653
2767
2874
2881
2915
2916
2937
3080
3248
3437
3617
3762
3787
3766
3713
3602
3495
3428
3353
3305
3253
3170
3071
2881
2640
2371
2108
1819
1614
1416
1206
1066
901
697
498
308
101
-93
-324
-580
-833
-1140
-1504
-1827
-2147
-2432
-2625
-2718
-2793
-2842
-2866
-2892
-2953
-3036
-3102
-3246
-3373
-3462
-3535
-3608
-3607
-3608
-3613
-3555
-3453
-3298
-3133
-2936
-2758
-2620
-2463
-2372
-2280
-2163
-2035
-1899
-1712
-1486
-1300
-1089
-881
-658
-442
-220
-8
171
391
658
875
1097
1301
1406
1480
1554
1657
1799
1959
2177
2455
2689
2856
2961
2963
2929
2907
2900
2965
3074
3144
3231
3309
3342
3330
3291
3188
3063
2981
2893
2794
2712
2540
2327
2080
1845
1623
1427
1252
1097
962
813
659
477
259
10
-238
-452
-709
-925
-1147
-1377
-1545
-1686
-1814
-1933
-2022
-2121
-2274
-2377
-2490
-2616
-2750
-2872
-2934
-2972
-2941
-2887
-2805
-2759
-2721
-2658
-2622
-2614
-2593
-2608
-2570
-2538
-2457
-2301
-2145
-1967
-1754
-1549
-1360
-1180
-1040
-915
-805
-682
-566
-430
-289
-124
27
176
355
544
666
848
1001
1162
1371
1510
1666
1763
1874
1972
2031
2091
2124
2191
2232
2285
2360
2377
2368
2366
2360
2341
2344
2336
2330
2312
2284
2232
2162
2079
1953
1825
1718
1622
1484
1355
1174
998
846
676
548
417
274
143
16
-129
-261
-378
-495
-614
-685
-744
-832
-931
-1086
-1268
-1470
-1635
-1727
-1812
-1858
-1864
-1830
-1795
-1751
-1762
-1765
-1785
-1793
-1782
-1754
-1746
-1779
-1770
-1783
-1773
-1724
-1641
-1522
-1410
-1320
-1235
-1164
-1189
-1221
-1208
-1157
-1092
-945
-742
-546
-359
-186
6
65
102
113
92
53
109
143
234
391
549
680
769
872
935
992
1071
1172
1261
1346
1428
1461
1493
1488
1464
1481
1490
1522
1566
1562
1585
1564
1534
1508
1483
1450
1402
1375
1344
1318
1242
1178
1134
1058
1002
935
847
749
613
527
433
341
234
137
31
-39
-101
-180
-233
-317
-403
-478
-542
-608
-691
-825
-914
-1023
-1138
-1215
-1301
-1396
-1430
-1425
-1395
-1347
-1314
-1234
-1207
-1189
-1164
-1175
-1230
-1284
-1369
-1402
-1369
-1347
-1273
-1165
-1106
-1008
-915
-842
-807
-763
-710
-668
-590
-479
-412
-365
-293
-262
-172
-75
6
80
152
208
281
366
433
499
527
572
624
697
744
799
874
961
1052
1125
1164
1196
1193
1179
1193
1184
1194
1172
1151
1141
1123
1117
1107
1111
1062
1024
968
902
852
805
746
741
741
724
665
588
487
348
223
83
-23
-119
-174
-218
-239
-257
-314
-384
-451
-528
-630
-681
-738
-795
-821
-858
-878
-890
-905
-909
-895
-890
-850
-842
-835
-837
-821
-798
-782
-778
-765
-751
-778
-726
-692
-651
-613
-560
-500
-441
-379
-297
-203
-180
-123
-67
-57
-43
-39
-71
-36
-13
-29
35
80
121
212
306
358
380
422
407
404
397
418
446
464
468
478
535
548
555
596
597
605
602
604
583
558
540
514
497
457
417
364
313
260
236
193
195
149
106
90
32
4
-8
-45
-103
-120
-127
-143
-167
-171
-194
-261
-263
-239
-273
-299
-307
-326
-360
-356
-351
-339
-336
-295
-246
-222
-194
-208
-211
-215
-205
-135
-88
-27
6
59
74
78
65
37
9
-12
2
14
61
56
90
129
183
195
249
268
223
196
164
122
90
62
33
55
54
78
73
73
48
33
82
89
106
124
101
24
22
31
10
35
36
6
13
-30
-73
-110
-163
-162
-163
-143
-109
-90
-116
-159
-174
-233
-280
-326
-371
-400
-368
-354
-305
-224
-238
-236
-213
-212
-242
-242
-238
-263
-275
-276
-253
-258
-240
-191
-176
-164
-88
-49
-34
28
79
120
155
199
220
207
222
265
285
289
317
358
351
317
326
361
353
387
456
498
524
528
520
468
413
374
340
334
326
317
318
303
279
265
230
221
214
213
211
201
157
125
91
67
31
5
18
15
9
13
16
-8
-21
-51
-73
-120
-159
-175
-224
-249
-273
-290
-288
-288
-299
-337
-359
-358
-385
-401
-383
-407
-465
-487
-530
-573
-588
-593
-559
-541
-477
-441
-447
-443
-466
-447
-445
-388
-354
-329
-297
-289
-307
-300
-293
-281
-246
-208
-147
-108
-52
-24
-32
-20
13
43
81
125
170
189
230
256
282
307
334
384
407
478
534
566
584
625
651
666
665
620
611
578
534
525
537
504
553
585
607
631
629
628
607
626
615
640
604
592
549
460
418
343
279
249
213
209
232
207
194
115
51
-37
-134
-210
-277
-324
-344
-358
-402
-459
-503
-567
-610
-634
-673
-670
-675
-693
-738
-805
-885
-943
-997
-1024
-995
-950
-902
-846
-811
-788
-806
-811
-788
-812
-827
-799
-746
-706
-656
-587
-541
-504
-459
-473
-419
-353
-253
-146
-29
56
129
187
235
269
300
342
390
482
517
570
640
691
715
787
869
933
1025
1084
1125
1152
1159
1145
1119
1075
1060
1030
1006
997
991
1013
1013
1037
1026
1000
952
894
858
809
758
723
689
579
473
345
230
90
6
-32
-98
-128
-174
-223
-280
-335
-397
-472
-535
-628
-700
-834
-944
-1024
-1101
-1133
-1164
-1156
-1162
-1189
-1191
-1180
-1185
-1174
-1181
-1184
-1211
-1211
-1255
-1253
-1221
-1207
-1115
-1044
-969
-902
-838
-823
-739
-677
-612
-533
-485
-433
-391
-302
-258
-174
-97
-8
97
198
292
396
481
560
613
699
756
810
897
966
1013
1076
1126
1143
1144
1145
1169
1179
1216
1247
1273
1296
1298
1320
1325
1340
1341
1328
1328
1260
1207
1144
1027
947
881
839
780
727
669
597
515
444
385
308
212
136
27
-124
-205
-323
-444
-518
-575
-644
-715
-809
-888
-987
-1047
-1094
-1150
-1208
-1235
-1287
-1348
-1350
-1379
-1426
-1432
-1437
-1430
-1434
-1457
-1470
-1480
-1474
-1439
-1381
-1300
-1213
-1142
-1093
-1027
-1007
-959
-881
-839
-729
-643
-528
-428
-357
-304
-221
-148
-52
77
182
342
490
587
673
758
824
893
940
1021
1100
1143
1202
1260
1297
1337
1374
1444
1511
1579
1619
1655
1650
1647
1614
1552
1588
1564
1561
1551
1539
1459
1362
1257
1143
1039
962
903
853
791
730
660
588
501
371
253
123
-35
-178
-305
-413
-543
-627
-702
-809
-913
-979
-1113
-1251
-1344
-1449
-1501
-1532
-1557
-1529
-1520
-1560
-1585
-1669
-1756
-1836
-1904
-1911
-1871
-1835
-1734
-1632
-1565
-1489
-1405
-1344
-1298
-1224
-1172
-1111
-1046
-962
-850
-785
-683
-569
-479
-399
-306
-200
-78
45
176
325
456
587
689
816
938
1054
1163
1245
1302
1359
1395
1445
1530
1586
1674
1731
1787
1812
1817
1807
1789
1779
1778
1760
1761
1736
1700
1679
1653
1605
1584
1535
1487
1418
1353
1258
1126
1011
839
721
586
416
295
207
75
-27
-133
-251
-405
-555
-668
-797
-868
-989
-1090
-1172
-1300
-1432
-1508
-1602
-1694
-1727
-1766
-1811
-1880
-1931
-1974
-2029
-2072
-2087
-2074
-2074
-2041
-1974
-1903
-1818
-1720
-1610
-1499
-1438
-1352
-1289
-1279
-1214
-1127
-1042
-918
-779
-645
-490
-344
-206
-72
57
165
256
354
474
587
674
804
937
1021
1119
1234
1334
1451
1581
1701
1816
1896
1969
2001
2031
2060
2061
2051
2035
2005
1950
1915
1876
1845
1835
1810
1797
1770
1719
1628
1538
1438
1300
1170
1070
935
830
739
637
531
397
270
92
-84
-243
-416
-552
-665
-793
-919
-1042
-1185
-1291
-1410
-1491
-1538
-1613
-1652
-1731
-1763
-1832
-1906
-1980
-2038
-2087
-2116
-2113
-2105
-2049
-2013
-1961
-1904
-1842
-1805
-1713
-1663
-1610
-1561
-1483
-1413
-1335
-1194
-1060
-939
-825
-664
-563
-436
-315
-172
-31
106
233
358
464
591
710
825
926
1064
1158
1229
1333
1388
1435
1548
1657
1724
1818
1873
1931
1964
1998
2002
2039
2058
2036
2066
2033
1997
1958
1880
1813
1733
1631
1550
1460
1362
1269
1191
1119
1007
921
840
718
604
472
305
140
-13
-175
-332
-464
-598
-710
-791
-940
-1033
-1137
-1232
-1319
-1412
-1488
-1595
-1703
-1778
-1875
-1935
-1945
-1961
-1980
-1991
-1991
-2005
-1988
-1971
-1953
-1929
-1901
-1901
-1899
-1865
-1813
-1748
-1645
-1512
-1399
-1257
-1125
-1000
-884
-767
-631
-535
-433
-324
-211
-94
34
170
296
434
575
686
825
971
1109
1245
1348
1461
1573
1637
1721
1794
1842
1897
1977
1983
2022
2080
2087
2102
2110
2136
2130
2144
2145
2119
2071
2008
1907
1804
1686
1571
1476
1357
1238
1077
951
826
686
567
459
323
197
94
-23
-189
-324
-459
-671
-827
-974
-1158
-1252
-1353
-1464
-1541
-1612
-1686
-1801
-1883
-1987
-2075
-2142
-2169
-2202
-2223
-2210
-2192
-2171
-2111
-2078
-2052
-1982
-1958
-1907
-1824
-1772
-1675
-1595
-1523
-1410
-1323
-1214
-1086
-950
-811
-703
-562
-428
-312
-207
-52
88
237
379
510
626
743
876
1007
1136
1268
1398
1528
1624
1734
1800
1848
1938
1961
2011
2027
2050
2103
2122
2144
2161
2160
2153
2106
2055
2007
1958
1898
1818
1757
1660
1563
1491
1395
1278
1187
1096
938
819
665
496
329
152
8
-166
-305
-449
-611
-745
-885
-1002
-1097
-1200
-1289
-1397
-1488
-1611
-1700
-1805
-1878
-1947
-2010
-2063
-2089
-2126
-2160
-2176
-2172
-2172
-2157
-2095
-2046
-1984
-1930
-1835
-1772
-1730
-1636
-1559
-1487
-1384
-1272
-1169
-1059
-960
-831
-708
-543
-368
-181
-14
116
271
378
456
556
671
796
904
1003
1075
1134
1197
1280
1401
1522
1652
1769
1882
1937
1982
2017
2013
2022
2039
2029
2027
2028
1970
1970
1936
1902
1866
1781
1708
1608
1506
1393
1335
1244
1145
1056
971
861
724
565
419
276
116
8
-71
-203
-280
-374
-514
-650
-792
-891
-1038
-1156
-1262
-1404
-1530
-1612
-1717
-1773
-1802
-1846
-1852
-1876
-1877
-1905
-1915
-1922
-1941
-1940
-1922
-1894
-1874
-1842
-1771
-1712
-1630
-1531
-1439
-1361
-1268
-1189
-1105
-1018
-940
-830
-731
-630
-525
-397
-295
-160
-21
120
280
423
554
680
801
907
993
1090
1162
1257
1327
1384
1447
1501
1541
1567
1642
1685
1743
1817
1864
1902
1928
1920
1906
1874
1850
1823
1748
1703
1626
1525
1458
1375
1325
1255
1175
1126
1007
909
777
657
546
432
314
188
67
-94
-236
-376
-523
-628
-728
-829
-895
-974
-1062
-1144
-1244
-1330
-1394
-1486
-1559
-1618
-1695
-1762
-1778
-1803
-1819
-1806
-1790
-1766
-1723
-1704
-1673
-1646
-1634
-1602
-1566
-1501
-1433
-1386
-1268
-1177
-1091
-977
-862
-774
-693
-575
-481
-385
-254
-120
-22
97
233
309
366
468
517
582
695
805
899
1028
1131
1212
1297
1333
1393
1436
1477
1541
1576
1594
1617
1639
1641
1606
1584
1572
1542
1510
1517
1512
1482
1487
1447
1380
1297
1216
1126
1013
914
782
686
583
477
384
289
218
134
57
-33
-118
-222
-327
-435
-563
-624
-719
-799
-879
-960
-1048
-1118
-1208
-1276
-1344
-1401
-1435
-1475
-1490
-1526
-1567
-1563
-1571
-1612
-1565
-1528
-1517
-1454
-1378
-1325
-1275
-1214
-1185
-1129
-1092
-1041
-979
-931
-847
-761
-715
-619
-504
-414
-288
-151
-26
80
170
226
298
356
422
499
603
708
797
874
920
997
1047
1113
1196
1258
1316
1381
1395
1393
1376
1370
1368
1353
1360
1379
1361
1349
1345
1298
1286
1244
1207
1152
1093
1039
967
912
829
744
656
565
457
377
291
189
123
41
-40
-88
-186
-257
-350
-468
-569
-679
-764
-849
-909
-954
-983
-1033
-1095
-1113
-1166
-1226
-1240
-1223
-1235
-1220
-1198
-1206
-1205
-1211
-1216
-1220
-1223
-1214
-1183
-1189
-1140
-1109
-1071
-979
-894
-802
-705
-597
-531
-472
-427
-350
-275
-220
-140
-48
-23
67
132
169
239
321
416
494
561
648
712
743
793
851
880
884
933
951
976
1026
1062
1101
1116
1139
1147
1149
1175
1142
1139
1128
1108
1068
1012
965
915
872
829
787
724
703
625
547
484
390
334
281
221
179
153
103
30
-29
-127
-239
-349
-432
-512
-598
-639
-694
-728
-747
-792
-798
-828
-854
-878
-895
-918
-944
-943
-996
-1014
-1040
-1038
-1044
-1011
-997
-974
-959
-908
-851
-820
-737
-692
-640
-613
-556
-550
-528
-469
-434
-399
-331
-285
-232
-165
-113
-33
28
90
150
175
228
260
302
358
444
500
571
652
709
726
737
782
780
780
803
798
771
767
780
782
791
824
840
887
896
899
889
854
804
759
738
676
623
571
523
466
401
403
363
311
273
234
181
94
69
-16
-97
-144
-179
-246
-317
-357
-443
-486
-519
-562
-559
-580
-597
-588
-615
-617
-628
-653
-674
-677
-700
-713
-722
-720
-719
-728
-700
-686
-673
-689
-666
-647
-618
-566
-521
-455
-386
-317
-296
-255
-248
-226
-207
-177
-155
-127
-102
-61
-45
7
65
113
143
175
223
219
271
324
368
405
445
446
459
416
424
425
449
457
484
534
542
561
538
555
532
537
522
516
511
495
485
462
435
420
395
358
355
350
325
320
296
236
203
162
102
91
58
39
41
45
7
-4
-3
-32
-69
-101
-134
-180
-229
-267
-288
-303
-305
-291
-276
-284
-264
-289
-353
-388
-414
-455
-468
-463
-464
-454
-454
-414
-407
-394
-350
-333
-302
-303
-315
-310
-336
-322
-315
-319
-294
-261
-257
-255
-222
-206
-193
-183
-140
-131
-128
-82
-67
-48
-29
-9
28
55
73
78
131
180
187
242
262
251
260
251
227
236
208
204
249
257
268
329
352
377
401
436
449
419
417
412
379
370
385
377
356
334
314
288
271
223
230
233
229
209
211
201
188
198
196
184
156
127
79
42
-22
-61
-79
-110
-104
-102
-95
-84
-66
-94
-113
-121
-175
-199
-200
-222
-244
-264
-316
-348
-399
-440
-446
-444
-412
-353
-301
-266
-258
-255
-312
-352
-367
-411
-408
-402
-381
-379
-384
-382
-371
-343
-301
-238
-200
-166
-158
-131
-153
-129
-109
-112
-99
-88
-65
-68
-39
2
43
101
165
199
254
266
280
300
304
294
291
284
266
274
299
303
336
380
413
411
412
396
385
376
378
382
376
401
390
386
372
355
325
308
294
277
254
236
211
160
156
134
127
123
111
128
87
46
35
-12
-42
-54
-50
-79
-88
-97
-136
-157
-210
-234
-276
-289
-279
-282
-261
-286
-303
-303
-322
-339
-332
-343
-354
-352
-373
-398
-413
-399
-414
-392
-371
-377
-358
-364
-392
-381
-362
-325
-304
-253
-208
-209
-191
-187
-174
-203
-170
-157
-132
-93
-50
-33
14
53
63
108
126
118
144
160
154
201
208
220
251
273
271
272
298
313
353
410
424
459
468
477
480
459
429
402
387
363
366
378
388
386
392
391
391
391
372
361
366
324
298
263
214
177
139
117
111
119
126
101
78
69
7
-9
-42
-90
-123
-150
-199
-251
-304
-347
-396
-423
-429
-432
-398
-419
-387
-392
-431
-445
-488
-497
-515
-516
-496
-499
-500
-521
-556
-554
-560
-529
-506
-471
-430
-400
-363
-343
-307
-292
-277
-249
-241
-196
-187
-144
-107
-87
-19
11
72
92
95
122
134
181
223
235
300
333
330
360
372
386
394
436
451
456
485
506
494
492
526
540
549
546
540
541
522
522
557
533
515
532
471
431
411
361
328
315
302
272
255
219
176
152
122
89
63
28
-27
-69
-111
-153
-181
-186
-181
-211
-226
-257
-295
-341
-399
-419
-448
-470
-497
-513
-551
-595
-611
-612
-619
-583
-526
-506
-484
-488
-495
-499
-498
-495
-474
-450
-435
-412
-402
-398
-383
-360
-347
-314
-270
-226
-185
-123
-89
-11
21
81
123
140
180
202
193
203
247
251
273
305
318
337
359
395
419
470
506
519
564
546
554
554
546
539
522
522
515
475
466
472
435
438
434
425
411
398
385
376
344
342
314
271
244
204
157
145
86
37
8
-65
-106
-148
-203
-240
-241
-254
-279
-274
-305
-332
-351
-367
-386
-412
-415
-463
-473
-508
-547
-553
-562
-549
-521
-493
-470
-491
-475
-481
-492
-467
-433
-404
-377
-362
-336
-341
-336
-336
-324
-305
-270
-223
-193
-132
-90
-29
-3
33
81
69
90
98
102
128
137
146
165
192
243
304
340
376
421
406
396
420
413
423
431
460
466
473
501
472
467
469
472
494
494
469
478
415
382
349
324
328
315
328
323
279
240
199
138
129
87
65
85
42
18
4
-39
-75
-115
-149
-160
-187
-212
-221
-252
-296
-343
-363
-401
-412
-434
-425
-424
-415
-399
-393
-390
-393
-373
-414
-398
-383
-384
-385
-342
-350
-342
-336
-348
-353
-365
-360
-341
-296
-270
-219
-182
-164
-144
-122
-105
-67
-49
-19
14
11
18
35
29
42
73
131
173
245
281
316
328
301
309
267
283
284
314
327
346
365
389
385
364
375
368
360
370
381
352
368
342
335
337
308
293
280
223
188
172
132
130
132
89
91
99
71
45
32
-6
-8
-28
-47
-54
-72
-102
-123
-159
-177
-178
-197
-235
-235
-253
-257
-240
-229
-253
-223
-233
-254
-245
-285
-292
-295
-284
-292
-278
-251
-278
-263
-255
-285
-255
-253
-262
-237
-227
-204
-176
-144
-134
-125
-106
-102
-109
-110
-79
-71
-70
-43
-36
3
-2
19
27
25
41
77
87
102
130
144
158
157
188
189
213
206
224
200
201
222
204
210
211
235
212
233
230
239
244
252
264
253
255
237
251
220
211
191
148
134
110
91
86
121
135
136
166
166
140
131
116
92
63
41
-3
-25
-77
-131
-149
-150
-155
-128
-98
-65
-78
-72
-52
-87
-110
-126
-124
-175
-220
-219
-261
-282
-259
-248
-221
-208
-182
-197
-202
-209
-204
-172
-167
-157
-171
-172
-201
-226
-247
-248
-239
-219
-157
-154
-130
-107
-103
-83
-72
-57
-43
-28
-21
-33
-50
-51
-60
-54
-29
-24
0
25
42
56
52
57
78
78
90
125
182
197
201
223
212
184
170
194
195
196
218
236
225
210
216
226
231
243
261
262
240
233
218
231
203
184
210
182
199
196
175
163
158
136
133
131
118
111
97
80
22
12
-4
-28
-64
-43
-40
-86
-84
-103
-129
-148
-125
-127
-142
-131
-141
-149
-184
-198
-210
-218
-218
-233
-245
-270
-263
-266
-276
-263
-246
-261
-240
-262
-265
-268
-272
-269
-228
-218
-222
-175
-188
-183
-166
-172
-167
-151
-145
-121
-89
-80
-72
-45
-43
-18
19
39
63
98
103
116
131
134
128
140
173
163
175
155
159
163
168
220
235
280
274
301
292
246
252
252
262
265
281
293
275
241
233
207
199
204
210
237
246
237
236
196
167
153
136
123
117
82
62
42
-3
-30
-47
-49
-53
-29
-36
-38
-54
-82
-121
-169
-208
-221
-267
-272
-290
-320
-314
-322
-346
-335
-309
-293
-270
-229
-226
-244
-220
-259
-283
-293
-302
-302
-303
-277
-271
-245
-238
-231
-209
-196
-163
-136
-93
-70
-27
-17
8
15
24
27
30
27
44
68
85
112
122
151
186
212
250
279
277
289
276
253
241
236
236
244
254
282
278
293
276
282
267
252
273
274
284
293
312
292
294
266
233
203
183
163
126
68
81
49
15
35
28
1
-12
-32
-45
-64
-82
-103
-104
-114
-143
-145
-185
-223
-231
-246
-258
-253
-275
-285
-290
-305
-320
-314
-321
-307
-309
-320
-291
-300
-297
-277
-252
-266
-248
-243
-245
-247
-241
-215
-182
-149
-131
-85
-82
-71
-54
-35
-14
25
27
31
70
54
67
80
77
122
118
137
172
177
189
213
233
241
263
295
313
314
328
331
306
308
304
299
308
320
299
310
296
256
257
245
218
212
207
189
186
174
160
147
169
126
119
87
59
20
-20
-5
-38
-51
-59
-102
-137
-175
-208
-217
-238
-235
-226
-231
-224
-270
-277
-300
-328
-318
-323
-313
-335
-341
-320
-358
-344
-353
-372
-350
-352
-331
-289
-246
-245
-183
-187
-169
-149
-169
-160
-156
-150
-144
-132
-127
-89
-76
-33
0
69
115
155
185
216
241
224
265
251
251
259
256
264
257
277
280
291
317
354
366
390
401
400
406
388
376
351
341
328
302
312
298
282
274
256
212
173
158
122
94
96
76
95
89
91
87
50
-12
-84
-119
-179
-213
-210
-203
-225
-230
-225
-248
-279
-274
-274
-302
-294
-300
-321
-346
-365
-355
-387
-398
-370
-374
-388
-367
-358
-351
-340
-340
-331
-326
-299
-293
-261
-242
-198
-169
-157
-121
-120
-113
-84
-54
-31
19
65
88
128
137
135
144
167
148
151
186
175
219
228
249
264
291
335
357
379
379
407
384
366
360
355
352
337
340
334
314
295
283
252
243
258
237
270
265
249
264
221
199
145
116
73
35
20
-12
-49
-72
-86
-84
-95
-120
-112
-150
-162
-162
-183
-188
-201
-214
-241
-280
-284
-306
-337
-360
-353
-372
-385
-379
-396
-385
-368
-351
-346
-324
-294
-289
-269
-240
-232
-245
-210
-210
-220
-201
-189
-185
-174
-159
-151
-101
-59
-26
28
77
116
136
150
171
189
190
229
213
191
203
180
173
173
183
206
244
281
295
320
360
339
352
343
334
317
303
276
251
225
209
206
174
157
155
171
154
156
160
146
136
140
130
110
94
71
26
12
-14
-41
-50
-70
-91
-114
-129
-137
-161
-161
-138
-131
-128
-111
-119
-130
-153
-166
-199
-222
-240
-263
-257
-278
-247
-250
-252
-224
-198
-191
-163
-152
-175
-171
-185
-195
-199
-176
-157
-141
-141
-101
-82
-83
-65
-55
-48
-31
-10
8
14
2
38
51
49
58
105
90
90
105
107
107
93
111
111
124
152
185
184
204
195
191
190
185
155
172
202
182
185
171
152
116
110
89
95
96
111
120
106
104
123
117
107
107
102
92
64
55
6
-18
-61
-83
-75
-81
-58
-66
-27
-43
-75
-55
-80
-99
-120
-122
-131
-157
-168
-181
-183
-206
-209
-208
-229
-203
-192
-154
-136
-102
-103
-94
-97
-91
-91
-99
-75
-80
-85
-107
-96
-118
-107
-91
-58
-32
-15
10
30
41
70
92
107
141
143
137
130
131
95
104
81
66
93
91
93
108
118
130
114
136
138
133
130
147
137
128
131
144
116
118
125
94
84
84
77
50
70
72
78
70
61
45
26
7
-14
-35
-31
-43
-46
-39
-39
-47
-54
-55
-57
-80
-85
-84
-113
-128
-137
-156
-176
-212
-206
-238
-240
-201
-160
-138
-109
-82
-78
-87
-110
-110
-137
-131
-134
-125
-120
-132
-99
-92
-88
-59
-24
6
25
77
81
107
96
94
92
64
43
56
52
34
37
23
16
10
36
44
93
133
172
199
204
200
171
147
120
92
77
75
87
59
54
63
50
55
82
130
124
138
148
127
66
56
18
-3
-9
-3
4
10
17
0
2
0
-18
7
24
26
50
33
24
-8
-55
-59
-85
-127
-93
-115
-103
-106
-90
-87
-85
-79
-68
-71
-54
-32
-37
-31
-23
-41
-79
-73
-112
-107
-110
-101
-73
-64
-68
-68
-75
-56
-50
-27
-4
2
-8
-3
-3
-55
-43
-77
-77
-78
-51
-65
-43
-26
-20
9
21
51
49
41
11
1
-43
-60
-47
-74
-31
-3
-10
5
12
12
29
43
57
62
58
80
67
57
59
24
17
40
43
46
67
100
88
107
112
93
107
88
86
92
79
77
73
85
70
84
117
127
129
152
145
116
111
101
61
59
68
48
50
36
38
46
26
20
27
20
16
6
4
7
-26
-23
-28
-47
-66
-68
-96
-134
-140
-138
-135
-116
-112
-104
-91
-103
-121
-115
-125
-141
-128
-108
-141
-135
-167
-211
-224
-227
-215
-175
-125
-113
-96
-82
-96
-122
-89
-107
-74
-71
-58
-55
-70
-84
-107
-93
-115
-100
-78
-50
-5
57
67
97
106
103
97
78
112
87
107
126
111
95
113
120
132
171
227
267
277
299
296
275
227
206
193
157
158
183
172
172
160
157
150
132
155
160
166
179
172
158
139
127
84
53
35
12
-18
-11
-8
-6
-20
-38
-51
-77
-101
-95
-103
-113
-114
-128
-127
-149
-166
-180
-177
-208
-193
-203
-237
-225
-246
-252
-238
-242
-252
-225
-265
-257
-248
-240
-236
-220
-202
-226
-228
-220
-224
-197
-190
-149
-136
-145
-116
-113
-121
-103
-81
-73
-41
-6
23
43
71
63
81
113
103
108
163
157
175
202
208
210
217
238
235
259
277
278
297
311
319
342
324
336
312
293
303
282
278
282
284
279
279
252
236
205
191
160
144
128
103
86
93
103
75
81
44
-9
-27
-31
-82
-87
-109
-154
-143
-183
-215
-229
-256
-283
-297
-302
-277
-299
-292
-276
-268
-286
-294
-262
-305
-298
-313
-331
-350
-364
-374
-366
-350
-300
-246
-263
-252
-238
-248
-229
-184
-151
-119
-73
-68
-54
-63
-84
-81
-84
-54
3
21
74
95
123
144
145
175
175
210
236
267
303
325
344
354
328
321
303
284
285
271
295
313
360
397
423
455
442
418
387
338
299
277
270
251
231
221
180
146
113
102
105
80
107
94
48
27
0
-47
-105
-114
-148
-165
-165
-187
-202
-231
-265
-281
-287
-319
-318
-322
-343
-338
-357
-370
-385
-391
-392
-396
-386
-368
-352
-328
-311
-295
-350
-374
-380
-414
-407
-317
-226
-119
-27
-32
-38
-66
-157
-168
-143
-102
-49
33
102
114
177
176
139
138
187
183
153
225
266
266
358
433
438
411
402
377
300
279
322
329
319
348
376
345
360
349
344
321
287
276
267
265
232
231
226
185
130
102
46
-19
-49
-63
-48
-17
34
26
-7
-52
-113
-171
-202
-225
-229
-225
-215
-241
-297
-314
-338
-384
-378
-362
-328
-334
-334
-295
-317
-287
-277
-260
-238
-246
-258
-260
-293
-297
-284
-267
-244
-219
-178
-146
-102
-93
-63
-46
-43
-51
-30
2
22
50
86
95
114
110
125
142
150
165
211
242
257
292
301
303
319
309
295
283
275
261
254
253
217
220
220
226
267
276
296
300
264
236
208
171
162
169
154
146
134
114
37
26
-3
-32
-17
-3
1
-17
-5
-21
-51
-63
-91
-115
-126
-156
-175
-183
-201
-216
-223
-237
-260
-255
-255
-248
-246
-236
-226
-234
-220
-224
-235
-220
-211
-255
-234
-237
-258
-233
-215
-202
-188
-199
-176
-162
-177
-134
-120
-101
-85
-53
-46
-37
-45
-42
-21
-26
3
41
33
65
84
60
90
83
96
113
165
215
224
271
294
282
253
264
278
258
281
298
269
270
237
194
202
197
223
278
276
312
314
278
253
233
195
199
202
177
171
126
89
44
20
8
-4
-11
-5
-14
-43
-83
-79
-127
-141
-128
-150
-148
-150
-167
-216
-235
-275
-279
-285
-285
-269
-288
-284
-299
-313
-300
-295
-306
-293
-268
-274
-244
-231
-214
-211
-198
-189
-181
-182
-173
-162
-173
-174
-162
-155
-133
-97
-50
-12
29
63
104
118
124
160
165
160
177
198
187
191
185
203
209
217
236
241
260
265
271
293
308
324
332
333
336
303
295
282
253
227
205
186
177
157
141
146
129
112
111
87
66
66
49
31
6
-15
-33
-81
-90
-112
-134
-134
-158
-161
-177
-206
-214
-230
-240
-240
-219
-207
-223
-224
-226
-236
-250
-258
-244
-251
-245
-264
-258
-259
-269
-239
-233
-213
-196
-152
-144
-118
-106
-96
-98
-76
-80
-67
-43
-45
-10
-12
-8
29
48
47
68
73
77
90
86
119
124
175
200
205
224
216
210
204
192
207
190
217
223
211
218
175
191
183
181
194
200
206
200
190
175
139
154
146
121
132
109
85
40
13
-7
1
19
17
38
12
4
-18
-50
-50
-64
-70
-81
-81
-91
-135
-140
-170
-175
-153
-134
-132
-122
-109
-147
-148
-158
-149
-158
-146
-153
-165
-200
-217
-201
-208
-191
-145
-102
-81
-63
-64
-56
-76
-79
-85
-85
-71
-91
-63
-47
-61
-12
19
40
33
61
83
55
62
88
101
76
102
101
57
73
74
70
69
108
126
147
176
167
182
166
159
137
111
98
109
97
107
102
59
55
36
14
12
29
38
39
52
41
31
8
13
6
-28
-8
-30
-58
-61
-65
-62
-63
-74
-56
-64
-82
-69
-83
-83
-95
-89
-83
-74
-69
-72
-49
-39
-36
-48
-57
-52
-62
-76
-68
-56
-55
-32
-18
10
1
-5
10
-21
-10
-3
17
15
18
42
29
17
44
48
45
59
57
32
13
15
-9
9
39
35
43
73
55
44
55
46
40
57
66
75
60
54
32
6
-11
-31
-6
-4
-1
33
33
26
3
9
-18
-29
-10
-6
-13
-14
-30
-65
-83
-94
-94
-67
-55
-21
1
1
-12
-2
-13
-36
-27
-44
-39
-33
-54
-31
-46
-58
-44
-37
-22
-15
8
21
13
34
38
19
29
23
13
3
13
-6
-25
-22
-22
-33
-24
2
-6
9
33
32
65
59
72
84
110
60
-22
-5
-9
-50
1
130
78
14
0
-50
-132
-98
15
80
159
224
182
95
47
-13
-31
-45
-21
6
34
41
22
-14
-66
-98
-106
-55
-17
40
53
34
24
-24
-71
-49
-58
-83
-34
-33
-46
-40
-40
-57
-62
-53
-68
-70
-82
-54
-16
26
28
51
17
-23
-40
-65
-67
-40
-16
8
51
28
20
-15
-26
-25
1
24
32
66
67
42
18
24
-8
-30
12
23
19
32
42
17
29
51
56
64
66
54
57
43
22
19
13
16
3
-5
-4
-1
10
25
47
58
62
51
22
-8
-19
-46
-79
-49
-75
-66
-26
-29
-10
2
-8
-8
-31
-67
-72
-64
-77
-56
-34
-39
-49
-57
-91
-69
-53
-60
-44
-19
-10
-23
-20
-7
-43
-18
4
-29
-17
-22
-25
-28
-21
-2
16
29
64
51
72
70
56
45
32
22
6
29
29
54
45
61
94
79
79
101
93
89
111
80
89
89
69
75
83
79
71
85
64
66
47
66
62
60
78
73
32
43
24
12
10
14
9
-18
-30
-80
-67
-93
-79
-76
-57
-47
-52
-68
-75
-90
-123
-133
-104
-100
-112
-89
-88
-103
-123
-101
-125
-124
-113
-104
-125
-103
-101
-121
-109
-118
-111
-106
-87
-75
-78
-75
-51
-65
-77
-58
-45
-58
-32
-25
-32
-25
-25
-30
-37
-15
-18
-3
32
49
86
99
107
104
117
95
97
129
110
122
141
97
95
103
95
101
144
162
158
182
174
183
180
193
185
180
181
146
113
109
69
65
66
61
70
64
90
121
110
132
136
107
87
62
17
-12
-29
-62
-49
-74
-75
-74
-104
-99
-100
-91
-101
-85
-86
-93
-97
-92
-113
-141
-143
-163
-175
-190
-197
-205
-205
-232
-232
-227
-225
-190
-159
-128
-105
-105
-109
-127
-136
-141
-133
-116
-125
-117
-125
-115
-112
-93
-61
-30
6
45
83
81
103
108
106
108
114
133
110
131
121
106
112
101
123
130
162
191
235
241
241
254
217
207
195
185
167
157
164
146
141
146
131
96
106
98
87
88
96
91
80
81
67
28
6
-29
-72
-77
-97
-110
-109
-87
-102
-83
-87
-98
-119
-141
-161
-154
-159
-148
-145
-150
-148
-174
-182
-216
-234
-230
-215
-179
-191
-161
-132
-173
-142
-139
-120
-113
-94
-69
-81
-85
-90
-89
-98
-73
-64
-21
5
26
57
51
48
47
47
39
62
83
100
132
145
140
131
152
143
138
173
177
182
198
198
182
191
177
173
148
122
132
103
102
135
128
126
161
144
137
141
139
104
68
39
26
10
-18
-8
-4
-31
-17
-16
-52
-29
-26
-20
-2
19
-4
-31
-44
-125
-124
-141
-127
-132
-117
-93
-102
-122
-127
-144
-157
-129
-118
-102
-108
-110
-119
-142
-155
-155
-154
-150
-128
-151
-168
-145
-158
-149
-135
-107
-86
-59
-41
-58
-58
-48
-66
-29
-32
-14
29
16
32
41
31
47
67
74
92
105
128
131
124
128
141
142
131
161
160
168
194
178
189
157
161
124
133
108
115
117
118
119
117
138
111
137
116
130
108
96
78
48
38
14
-2
-17
-10
-17
-14
5
-10
-19
-27
-67
-55
-61
-86
-85
-82
-96
-129
-138
-154
-164
-162
-162
-145
-163
-167
-150
-169
-169
-156
-143
-128
-127
-112
-115
-122
-114
-132
-129
-127
-127
-110
-100
-93
-59
-24
-32
3
13
17
23
4
32
13
41
36
59
35
28
35
14
45
77
122
122
161
154
165
150
149
132
129
117
116
114
107
90
104
116
96
131
129
130
135
136
121
117
97
71
88
55
42
49
31
22
24
21
12
6
-8
-22
-15
-34
-12
-14
-23
-19
-36
-43
-69
-73
-94
-114
-102
-102
-98
-119
-113
-120
-135
-150
-136
-126
-112
-103
-92
-87
-108
-122
-112
-115
-120
-102
-94
-90
-99
-87
-104
-99
-72
-57
-38
1
31
33
51
41
22
31
36
38
28
46
41
33
42
41
57
57
82
104
110
114
108
97
89
87
75
90
79
93
97
80
81
67
56
51
56
57
73
70
94
104
93
94
89
53
36
5
6
4
6
23
1
-10
-18
-44
-47
-40
-27
-25
-8
-13
-17
-25
-54
-56
-55
-68
-84
-61
-96
-104
-102
-104
-102
-103
-93
-98
-100
-87
-89
-73
-79
-61
-57
-77
-56
-63
-77
-65
-63
-54
-60
-50
-51
-46
-47
-51
-35
-25
-6
4
50
43
79
84
80
83
82
60
58
54
47
52
43
47
60
53
52
67
72
73
105
115
117
135
137
96
112
83
62
70
33
42
34
37
36
34
15
14
25
28
38
62
70
68
58
56
22
-8
-30
-40
-54
-51
-51
-69
-60
-74
-101
-89
-86
-93
-62
-43
-35
-31
-31
-53
-64
-66
-79
-73
-84
-82
-85
-101
-93
-106
-102
-89
-74
-58
-45
-29
-25
-9
3
-9
-14
-16
-38
-17
-21
-31
-17
-27
-33
-20
-10
-7
0
-1
22
37
26
49
61
39
25
45
56
48
50
52
42
28
27
28
2
-3
16
20
28
50
59
76
91
98
88
82
77
59
49
65
59
65
50
35
21
2
7
17
26
30
69
39
45
37
-4
-1
0
-14
1
-1
-2
13
9
4
19
-2
-2
-5
-14
-18
-24
-26
-32
-35
-29
-42
-55
-27
-51
-8
-12
-9
-21
-27
-32
-52
-53
-59
-39
-46
-43
-40
-67
-70
-86
-94
-78
-62
-40
-29
-30
-19
-49
-59
-60
-89
-77
-51
-35
-19
-1
-9
-1
-21
-35
-33
-16
-4
3
15
35
24
11
4
-5
-6
2
46
64
61
83
83
62
48
46
51
44
53
62
71
76
64
77
76
61
62
52
52
47
50
63
72
58
63
46
34
24
-5
4
6
30
8
18
21
-12
-16
-16
7
-16
5
18
-6
0
3
-8
0
-18
-6
-18
-34
-27
-47
-39
-38
-27
-8
0
-7
-1
-16
-29
-31
-48
-58
-35
-56
-67
-61
-95
-97
-91
-75
-74
-55
-38
-38
-48
-42
-21
-48
-48
-18
-48
-38
-27
-43
-57
-74
-71
-90
-101
-82
-61
-54
-30
-23
-4
-9
-11
-13
6
-5
-5
37
23
-1
13
4
-15
15
35
70
86
96
118
119
108
121
119
100
121
111
112
90
97
68
73
78
66
93
67
80
92
99
123
145
140
132
132
80
78
43
34
42
23
41
53
24
-4
5
-22
-32
12
10
26
34
3
-5
-48
-58
-84
-94
-88
-104
-116
-120
-130
-139
-122
-126
-95
-73
-80
-71
-82
-105
-99
-124
-110
-96
-116
-117
-128
-152
-145
-161
-135
-97
-91
-49
-16
-37
-31
-22
-57
-53
-58
-50
-38
-44
-43
-31
-47
-41
-2
11
36
58
73
66
67
57
46
41
36
53
59
73
73
69
93
71
75
84
67
76
91
119
137
142
177
156
143
148
122
104
109
118
120
135
123
119
101
74
58
58
49
73
72
86
97
47
25
13
-30
-55
-24
-34
-44
-44
-74
-96
-102
-124
-88
-88
-57
-44
-47
-49
-74
-90
-104
-120
-126
-129
-134
-161
-151
-152
-154
-135
-114
-100
-94
-76
-87
-78
-88
-89
-79
-102
-90
-92
-89
-89
-86
-76
-62
-43
-14
2
17
11
25
22
36
39
57
67
53
63
62
50
39
58
52
49
90
124
107
144
144
150
153
147
150
144
129
122
128
120
112
105
118
106
119
136
127
114
127
107
94
83
81
55
41
46
18
3
-16
-18
-36
-60
-46
-70
-65
-71
-74
-76
-68
-59
-86
-82
-101
-116
-119
-108
-106
-109
-100
-113
-129
-123
-142
-144
-137
-133
-129
-126
-115
-131
-140
-133
-142
-119
-96
-71
-67
-70
-55
-72
-74
-61
-47
-51
-25
7
-10
4
3
-15
-2
-13
4
21
49
90
103
123
128
109
103
111
94
118
133
132
134
127
112
95
122
113
140
163
167
184
186
172
160
136
118
120
95
84
72
64
59
62
43
53
48
23
30
12
-6
-18
-37
-48
-51
-50
-38
-31
-46
-52
-61
-85
-84
-100
-111
-119
-123
-119
-140
-147
-149
-171
-157
-143
-134
-123
-116
-91
-110
-98
-93
-121
-110
-117
-138
-139
-129
-145
-134
-106
-99
-67
-37
-29
-11
-4
0
14
26
46
39
34
47
54
13
32
45
22
64
76
96
99
110
126
158
163
163
179
141
130
115
101
100
106
101
137
151
108
123
104
58
50
80
93
110
131
126
101
56
36
14
-8
-5
19
18
15
-5
-9
-23
-33
-37
-18
-23
-36
-25
-41
-62
-72
-84
-95
-100
-107
-101
-108
-96
-118
-117
-105
-117
-102
-78
-88
-103
-77
-100
-112
-119
-124
-112
-107
-100
-96
-95
-107
-112
-114
-105
-102
-69
-58
-60
-15
-20
-10
33
38
13
36
34
-8
9
24
26
66
81
94
106
95
104
102
108
132
154
141
153
140
118
128
122
123
117
136
127
114
103
87
69
58
87
76
72
87
94
62
60
49
25
18
15
8
-17
-19
-36
-65
-70
-76
-80
-61
-51
-50
-26
-41
-40
-51
-93
-104
-125
-101
-123
-130
-95
-101
-100
-79
-87
-88
-86
-69
-46
-45
-25
-23
-39
-56
-48
-67
-63
-76
-94
-71
-81
-51
-43
-10
-2
-5
4
-11
-22
-23
-10
-13
47
31
48
51
37
42
36
40
51
51
52
50
23
24
14
10
32
51
57
67
67
64
58
53
39
38
38
37
38
38
18
6
-14
0
-5
11
32
26
41
54
42
36
62
52
55
83
80
71
57
36
18
-14
-17
-13
-12
13
41
65
64
67
52
30
21
-10
-14
-11
-17
-14
-22
-36
-37
-65
-73
-62
-98
-95
-53
-46
-25
-10
9
5
2
-16
-47
-67
-89
-113
-115
-119
-98
-68
-89
-65
-65
-60
-57
-40
-31
-25
-4
-4
11
-8
3
-2
-13
0
-28
-9
-3
-10
7
-5
7
13
19
50
66
73
107
108
91
88
66
31
36
25
31
41
19
21
8
2
-16
24
36
34
59
70
43
28
30
-9
-24
-1
-12
-30
-36
-33
-48
-51
-47
-32
-11
9
14
21
14
-23
-24
-45
-54
-38
-26
-39
-24
-43
-60
-55
-65
-69
-39
-7
6
33
56
48
32
30
8
1
7
-3
-11
7
12
2
17
-3
-11
-13
-1
16
31
69
76
85
89
70
39
34
6
11
-1
4
4
-4
-1
4
9
11
7
3
0
-7
-7
9
16
34
31
28
20
-35
-18
-43
-38
-24
-21
2
1
3
2
-11
-23
-11
-21
-7
18
7
8
4
-18
-20
-16
-33
-18
-17
-30
-25
-24
-46
-42
-25
-11
17
14
38
34
11
15
39
21
22
2
-24
-49
-77
-73
-67
-57
-38
-2
10
7
4
21
-7
15
53
42
41
20
-26
-41
-53
-83
-63
-33
-20
9
45
42
63
42
33
55
34
22
42
24
-14
-10
-22
-17
-25
-12
0
15
18
19
22
21
13
29
13
13
-1
-28
-20
-37
-62
-35
-12
3
30
40
38
33
33
2
18
21
3
30
12
-20
-21
-27
-68
-51
-45
-53
-17
17
14
24
23
2
-3
-8
-20
2
-5
12
14
-15
-18
-22
-37
-37
-18
-22
-8
9
-4
-5
6
7
12
1
-8
-10
-27
-30
-2
15
41
67
76
82
47
26
24
2
0
30
39
39
42
31
7
-6
-5
16
52
61
67
95
74
45
48
4
-9
-3
-10
-6
-3
-28
-21
-32
-47
-44
-22
-15
-19
8
-9
-23
-37
-44
-65
-60
-67
-51
-51
-33
-39
-56
-25
-51
-37
-51
-39
-38
-41
-52
-46
-56
-68
-57
-58
-50
-22
-10
11
28
14
25
30
11
10
6
1
-3
5
7
-7
-5
14
3
39
46
58
78
66
76
73
69
67
68
66
57
47
43
28
26
22
24
51
76
67
78
82
39
23
9
-26
-31
-42
-44
-50
-47
-44
-31
-27
-18
-13
-19
-19
-35
-47
-33
-44
-43
-30
-67
-73
-64
-69
-57
-23
-10
21
3
21
13
-23
-19
-19
-19
-24
-2
-17
-31
-31
-31
-36
-19
5
7
26
32
34
15
14
-11
-13
-23
-39
-36
-40
-42
-36
-33
-14
22
15
44
49
37
34
53
64
56
76
58
29
36
35
10
35
50
73
106
85
106
84
58
58
72
71
70
77
47
34
11
-13
-9
-15
6
0
26
37
26
7
-3
-18
-41
-34
-60
-74
-92
-87
-97
-98
-81
-63
-58
-47
-42
-42
-61
-60
-43
-57
-47
-45
-58
-91
-106
-113
-110
-117
-72
-30
-21
12
30
13
-23
-35
-63
-66
-55
-27
-15
-15
-3
-9
-7
31
42
42
63
62
33
38
11
