0
0
-1
0
0
0
0
-1
0
0
0
0
0
0
0
0
0
0
0
0
0
0
-1
0
0
0
0
0
0
0
0
0
1
0
-1
0
0
0
0
0
0
0
0
0
0
0
0
0
0
0
0
0
0
0
-1
0
0
0
0
0
0
0
0
0
0
0
0
0
1
0
0
0
0
0
0
0
1
0
0
0
1
1
0
0
0
-1
1
1
0
0
0
0
0
0
0
1
0
0
0
1
0
0
0
0
0
-1
0
0
0
0
0
0
0
0
0
0
-1
-1
-1
0
0
0
0
-1
0
0
0
0
0
0
0
0
0
1
0
1
0
0
0
0
0
0
1
-1
0
1
-1
0
0
0
0
0
0
0
-1
0
0
0
-1
0
-1
0
0
0
0
0
-1
0
0
0
0
0
0
-1
0
0
0
0
0
0
0
0
-1
-1
0
0
0
0
0
1
0
0
0
0
0
-1
0
0
0
0
0
0
0
0
0
1
0
1
0
0
1
-1
1
0
0
0
-1
-1
0
0
0
-1
0
-1
0
0
0
-1
0
0
0
0
1
0
0
0
0
0
0
1
0
1
0
0
0
0
0
0
1
0
0
0
1
1
0
0
0
0
0
0
0
0
-1
1
0
0
0
0
0
0
0
1
0
0
-1
0
0
0
-1
-1
0
0
1
0
-1
0
0
0
0
0
0
-1
-1
0
0
-1
1
0
1
0
0
0
0
0
0
1
0
0
0
-1
0
0
0
0
0
1
-1
0
0
0
0
0
0
0
0
0
1
0
0
0
0
0
0
-1
0
0
-1
0
0
-1
0
0
0
0
0
0
0
0
1
0
0
-1
1
0
0
-1
-1
0
0
0
1
-1
0
0
0
-1
1
0
0
0
1
-1
0
0
0
0
0
0
0
0
0
0
0
-1
0
0
0
0
0
0
0
0
0
0
1
-1
0
0
-1
1
0
0
0
0
0
0
0
0
0
0
0
0
0
0
-1
0
0
0
0
0
0
0
-1
0
0
0
-1
0
0
-1
-1
0
0
0
0
0
1
1
-1
0
-1
0
0
0
0
0
0
0
0
1
0
0
0
0
-1
1
0
0
1
0
0
0
0
0
1
1
0
0
0
0
0
-1
0
-1
1
0
1
0
0
1
0
0
1
0
0
0
1
-1
-1
1
0
0
0
-1
0
0
1
0
0
0
0
0
0
-1
0
0
0
-1
0
0
1
1
-1
0
0
0
0
0
0
0
0
0
-1
1
0
0
1
0
0
0
0
1
-1
0
0
0
0
-1
1
0
0
-1
0
0
0
0
0
-1
0
-1
1
0
0
1
0
0
0
0
0
0
0
0
-1
0
0
0
1
0
1
0
0
0
0
-1
0
0
1
1
0
0
0
-1
-1
0
0
0
-1
0
0
1
0
1
0
0
1
0
0
1
0
0
0
0
0
0
0
0
0
0
0
-1
1
0
0
0
0
0
0
0
0
0
0
-1
0
-1
0
0
0
0
0
-1
0
0
0
1
0
0
0
0
0
0
0
0
0
-1
1
1
-1
0
0
0
0
0
0
0
0
0
0
0
0
0
-1
0
0
0
0
0
0
0
0
-1
0
0
0
0
-1
0
-1
0
0
0
0
0
-1
0
0
-1
0
0
0
1
0
0
0
0
0
0
1
0
0
0
0
0
1
0
0
0
1
1
0
0
0
0
0
0
0
0
1
1
1
0
0
-1
0
0
0
-1
-1
0
0
0
0
0
0
0
0
0
0
0
0
0
0
0
0
0
0
0
0
0
1
1
1
0
-1
0
0
0
0
0
0
1
-1
-1
0
0
0
0
0
1
0
-1
0
0
0
0
0
0
0
0
-1
0
0
0
0
1
0
0
0
0
0
-1
1
1
0
0
0
0
1
0
0
0
0
0
0
0
0
0
0
0
0
1
0
0
0
0
0
0
1
0
0
0
0
0
0
0
0
0
0
1
0
-1
0
0
0
0
-1
0
0
0
0
0
0
-1
0
0
-1
0
0
0
-1
1
0
0
0
0
0
0
0
0
0
0
0
0
0
-1
0
-1
0
0
0
0
0
0
0
0
0
1
0
0
0
0
0
0
0
0
0
0
0
1
0
0
0
0
0
0
0
0
0
-1
0
0
1
0
0
0
0
0
0
0
1
0
0
0
0
0
0
-1
0
1
0
0
0
0
0
0
0
0
-1
0
0
0
0
0
0
0
0
1
0
-1
0
1
0
0
-1
0
0
0
0
-1
0
0
0
0
1
0
0
0
0
0
0
0
0
-1
0
0
0
0
0
0
0
0
0
1
0
0
0
0
0
1
0
0
1
0
1
-1
0
0
0
0
0
0
0
0
-1
0
-1
-1
0
0
0
0
0
0
0
0
0
0
-1
0
-1
0
0
0
0
0
0
-1
0
0
0
0
0
0
0
0
0
0
0
0
0
0
0
0
0
1
1
0
-1
0
0
0
0
0
0
0
0
0
0
0
0
0
0
0
0
1
0
0
0
0
0
1
0
0
0
0
0
0
0
-1
-1
0
0
0
0
0
-1
-1
0
0
0
-1
1
0
0
-1
0
0
0
0
0
0
0
0
0
0
0
0
0
0
0
0
1
0
0
-1
0
0
0
0
0
0
1
0
0
-1
-1
0
0
0
0
-1
0
0
0
0
0
1
0
0
1
0
1
0
0
0
0
0
0
-1
0
0
0
0
0
0
1
0
0
0
0
0
0
-1
-1
0
-1
0
0
0
0
0
0
0
0
0
0
0
0
0
0
-1
0
0
0
0
1
0
0
0
0
0
0
0
0
0
0
-1
1
-1
0
0
0
0
0
0
0
0
1
0
1
0
0
0
1
-1
0
0
0
0
0
0
0
0
0
0
-1
0
0
0
0
1
1
0
1
0
0
0
0
0
0
0
0
0
0
-1
-1
-1
-1
0
0
0
0
0
-1
0
0
0
0
0
-1
0
-1
0
1
0
0
1
0
0
-1
0
-1
0
0
0
-1
0
1
-1
0
0
0
0
-1
0
1
0
-1
1
1
0
1
-1
0
0
1
0
0
-1
1
0
0
1
0
0
0
0
1
0
0
0
0
1
0
-1
0
-1
0
1
0
1
-1
0
1
0
0
0
0
0
-1
0
0
0
0
0
0
0
0
0
0
-1
0
1
0
1
0
-1
0
0
1
0
0
0
0
0
0
-1
0
-1
0
0
0
0
0
0
0
1
0
1
0
0
0
0
0
-1
0
0
0
0
0
-1
0
0
0
0
0
0
1
0
0
0
0
1
0
0
0
0
0
0
0
0
0
-1
0
1
0
0
0
0
0
0
0
0
0
0
0
0
0
0
0
-1
1
0
0
0
-1
0
0
0
1
0
0
0
-1
0
0
0
0
1
1
0
1
0
0
-1
0
-1
0
0
0
0
0
0
0
0
0
0
0
0
0
1
0
0
0
0
0
0
0
0
0
0
0
0
0
0
0
0
0
0
1
0
0
0
1
0
0
0
0
0
0
0
0
1
1
0
0
1
0
0
0
0
0
1
0
0
-1
1
0
-1
-1
0
0
0
0
0
1
0
1
0
0
0
1
0
-1
0
-1
0
0
-1
0
0
0
-1
0
0
0
0
0
0
0
0
1
-1
0
0
0
0
-1
0
0
0
0
0
1
0
0
0
0
0
0
0
0
1
1
0
0
0
0
0
0
0
0
0
1
0
-1
0
0
0
0
0
0
0
0
0
0
1
0
1
0
1
0
0
0
0
0
0
0
0
0
0
0
0
-1
0
0
0
-1
0
-1
0
0
0
0
0
0
0
0
1
-1
-1
-1
-2
-1
0
1
1
1
0
1
1
0
0
0
0
1
1
1
0
1
1
1
1
0
1
1
0
1
1
0
0
0
0
0
-1
0
-1
0
-1
0
-1
-1
-1
-1
0
-1
-1
-1
0
-1
-1
-1
-1
-1
-1
-1
-1
-1
-1
0
-1
-1
0
0
-1
0
-1
-1
-1
-1
0
0
0
1
0
0
1
-1
1
1
1
0
0
1
1
1
1
1
1
1
1
0
1
1
1
1
1
1
1
1
1
1
1
1
1
1
1
0
0
0
1
0
0
1
1
1
1
0
0
0
1
0
0
-1
0
-1
-1
-1
-1
-1
-1
0
-1
-1
-1
0
-1
-1
0
0
-1
-1
-1
0
0
-1
0
-1
-1
0
0
0
-1
-1
-1
0
0
0
0
0
0
-1
0
0
-1
-1
0
-1
-1
-1
0
0
0
-1
0
-1
-1
-2
0
0
0
0
-1
-1
-1
0
0
0
0
0
0
0
0
0
1
0
0
0
1
0
1
0
0
0
0
0
1
1
1
0
0
0
1
1
1
1
1
2
2
1
1
0
1
2
1
1
1
1
1
2
1
1
1
1
0
2
0
1
1
1
1
1
1
0
0
0
0
0
0
1
0
1
0
0
1
0
-1
-1
-1
-1
0
-1
-1
0
-1
-1
-1
-1
-2
-1
-1
-1
-2
-2
-2
-1
-2
-2
-1
-1
-1
-1
-1
-2
-2
-2
-2
-1
0
-1
-2
-1
-1
-2
-1
-3
-1
-1
0
0
-1
-2
-2
-2
-2
-2
-2
1
1
1
1
1
0
0
0
0
1
0
1
1
2
2
2
0
1
1
0
1
0
1
1
3
2
3
1
2
2
1
3
3
3
2
1
0
-2
-1
-4
-2
-2
0
0
1
0
-2
-2
-1
-3
-2
1
-1
1
-1
-1
-7
-5
-7
-6
-3
-3
-4
-2
-5
-6
-8
-11
-10
-10
-6
-8
-7
-9
-6
-9
-6
-2
-2
-1
6
4
3
2
4
0
4
7
6
4
3
6
6
11
10
9
12
17
21
19
18
15
19
19
22
30
27
36
29
29
25
27
20
12
17
16
16
14
22
9
9
8
6
2
0
-2
-13
-15
-15
-19
-13
-33
-34
-20
-23
-23
-30
-22
-36
-29
-24
-27
-52
-43
-56
-72
-51
-50
-37
-22
-17
-24
-34
-29
-47
-39
-39
-16
-2
9
21
20
9
14
8
9
1
-3
2
3
21
33
24
36
18
36
29
20
26
36
47
41
67
51
58
21
23
17
18
36
46
53
55
48
44
40
14
17
12
14
13
8
14
-1
-23
-20
-36
-46
-21
-34
-26
-15
-32
-32
-43
-27
-44
-42
-44
-44
-21
-43
-37
-16
-38
-32
-15
-24
-34
-48
-28
-27
-56
-46
-48
-39
-32
-10
-8
-3
2
4
-2
-22
-12
-23
3
7
33
16
-6
2
-2
1
-6
39
15
47
48
32
28
32
50
32
29
40
43
45
42
38
53
36
49
40
48
49
52
53
49
49
44
44
41
44
21
43
49
36
51
45
29
32
22
30
1
-7
8
-19
6
0
-2
-36
-41
-38
-67
-49
-44
-45
-40
-35
-55
-59
-73
-67
-66
-63
-43
-51
-38
-42
-47
-57
-80
-72
-82
-71
-57
-40
-20
-19
-22
-40
-36
-40
-27
-15
21
10
2
-5
-31
-49
-55
-31
-26
-2
-12
-13
-14
5
6
-2
13
21
21
10
13
16
0
17
12
17
30
43
29
29
13
51
62
55
91
99
103
91
106
83
84
74
68
58
47
40
34
46
32
35
21
48
26
13
11
32
22
14
37
-1
11
-10
-29
-23
-49
-29
-46
-28
-38
-41
-35
-55
-55
-43
-44
-72
-41
-69
-46
-58
-25
-44
-45
-52
-46
-38
-47
-37
-42
-35
-44
-6
-18
-3
9
-1
3
-10
-10
-17
-32
-5
9
19
24
34
12
4
4
1
22
28
38
48
54
52
61
35
48
32
54
49
57
57
28
37
2
22
0
4
11
7
11
3
26
2
1
-6
-6
-11
-30
-14
-48
-33
-42
-38
-32
-12
-16
-23
-22
-32
-12
-27
-26
-18
-23
-20
-21
-20
-27
-33
-46
-31
-41
-20
-12
-10
1
-7
2
-16
0
-14
-3
-9
-5
-15
-29
-42
-40
-25
-14
3
21
13
18
12
-14
-20
-23
-26
-12
12
7
37
44
27
23
33
20
26
10
18
49
35
33
21
35
19
18
46
59
44
63
63
74
75
67
58
48
41
31
34
35
33
39
37
10
16
4
6
22
41
32
15
11
-7
-33
-72
-62
-80
-78
-80
-60
-79
-71
-63
-71
-62
-59
-37
-49
-24
-55
-49
-49
-66
-67
-68
-49
-53
-18
-26
-23
-11
-18
0
-8
7
22
26
35
23
24
32
31
24
25
25
28
36
45
32
53
34
61
51
42
61
53
69
44
57
37
35
17
-9
-4
-10
-6
6
24
1
18
23
-1
-2
-23
-18
-12
-26
-14
-28
-43
-40
-44
-39
-42
-21
-41
-33
-40
-19
-33
-29
-18
-35
-30
-30
-26
-28
-25
-13
-9
-11
-15
-4
-11
-16
3
10
25
24
36
4
6
9
23
19
27
33
41
27
14
14
-1
3
8
14
-3
0
3
6
-6
2
1
-18
-8
-25
-9
-6
4
-2
-1
4
-6
-10
-12
-12
-19
-7
3
-7
-4
13
-11
11
14
24
27
-16
10
-13
-12
-9
17
12
20
28
11
14
0
21
16
35
28
31
30
21
20
17
16
29
67
45
52
28
19
2
-3
2
-3
0
18
18
11
17
4
5
-6
0
13
13
35
28
15
2
-16
-37
-34
-39
-36
-62
-50
-39
-63
-37
-52
-21
-47
-52
-45
-46
-55
-46
-43
-57
-40
-47
-59
-59
-73
-65
-54
-26
-33
-32
-1
-17
-16
-9
-2
18
14
19
22
29
14
17
21
4
6
20
36
24
40
62
66
62
85
80
73
64
91
65
75
50
31
28
13
22
25
52
49
51
33
36
1
-8
-10
-16
3
6
26
7
-9
-24
-25
-41
-37
-25
-39
-22
-54
-22
-44
-44
-36
-29
-21
-29
-14
-22
-20
-38
-42
-57
-65
-65
-41
-46
-16
-18
-3
-12
-1
2
-22
4
-5
0
22
6
16
12
9
25
-7
15
5
23
31
36
46
50
53
48
46
48
35
31
27
-7
5
-17
-14
-21
-13
18
27
32
34
40
6
13
16
-13
-23
-9
-20
-26
-9
9
-26
-30
-28
-43
-27
-38
-22
10
14
14
16
-15
-31
-28
-45
-42
-34
-17
-20
-41
-18
-21
-17
-9
13
15
18
21
23
8
-13
-14
-32
-12
-20
-22
-14
-4
-9
-6
-1
-9
24
14
7
-2
-2
-5
-18
0
5
25
10
38
38
20
40
44
36
41
54
60
48
28
29
4
25
16
14
24
13
17
28
33
12
7
17
14
5
29
27
14
15
16
4
-4
-3
-23
-25
-22
-6
-15
-12
-19
-23
-18
3
-6
-5
-21
-35
-26
-49
-46
-50
-60
-63
-51
-53
-36
-28
-25
-50
-31
-24
-10
-4
15
0
5
-42
-36
-32
-39
-23
-24
11
-8
-7
-25
-22
-32
-24
4
17
27
49
50
35
30
28
19
31
20
27
45
27
52
11
32
31
42
48
65
63
63
63
36
35
1
14
-10
11
7
4
4
-16
2
-21
-5
5
16
18
6
-3
-17
-19
-39
-34
-27
-22
-19
-32
-20
-44
-33
-10
-11
18
11
6
2
2
-9
-19
-16
-12
-9
-14
-23
-35
-32
-56
-35
-40
-24
-16
-8
26
2
12
-1
-7
-22
-15
-19
-17
-4
9
1
-5
2
-8
10
22
30
34
44
59
35
17
12
10
8
1
13
8
5
-7
-10
4
17
26
48
65
63
52
62
50
47
20
15
4
-20
-16
-17
-31
-32
-30
-28
-40
-22
-26
-11
2
-2
9
-11
6
-27
-46
-60
-82
-60
-76
-73
-49
-41
-22
-21
10
-9
0
-12
-2
-7
-19
-33
-37
-23
-38
-24
-34
-30
-28
-22
-29
-10
1
22
51
56
65
66
56
55
45
16
37
25
46
59
57
77
62
60
63
49
87
81
82
87
66
71
34
37
41
33
16
3
-4
-19
-30
-23
-27
-8
-7
13
24
20
-5
-18
-33
-60
-58
-74
-71
-67
-72
-56
-43
-46
-58
-46
-69
-76
-55
-69
-46
-71
-41
-33
-52
-47
-49
-55
-73
-47
-37
-28
-38
-27
-22
-11
-2
-16
13
8
7
-2
-9
-5
-13
2
27
39
48
51
47
41
36
28
51
57
42
46
52
37
35
33
56
48
60
60
58
82
59
65
62
52
47
46
39
3
20
-27
-8
-20
-6
-10
-10
-5
-6
6
-10
-3
-14
-21
-15
-6
-1
-19
-32
-42
-49
-46
-23
-20
-23
5
-8
4
2
-1
0
-12
6
4
-12
2
-26
-23
-15
-11
-7
-24
-12
-11
-12
0
-1
24
29
16
28
6
4
5
-10
-31
-27
-49
-51
-48
-53
-54
-32
-29
-8
-20
-8
-9
-15
-14
-5
8
13
15
-6
-23
-44
-53
-43
-27
-24
14
45
29
35
11
12
5
-6
-10
-4
13
23
20
10
-2
1
-9
-14
-11
-6
-1
0
18
24
35
43
46
54
34
30
22
18
-11
2
9
16
1
12
11
5
16
19
45
35
57
39
57
48
47
57
41
51
27
8
-11
-38
-29
-22
-8
19
12
27
25
12
-8
-22
-24
-46
-19
-15
-13
-25
-26
-21
-26
-22
-25
-17
-28
-12
-5
18
-19
-15
-21
-14
-31
-34
-19
-32
-20
-28
-20
-23
-28
-20
-13
-28
-11
0
-41
-40
-47
-43
-40
-29
-3
-23
-44
-45
-50
-41
-47
-22
-14
-2
19
14
35
-7
8
14
20
16
26
44
18
61
35
56
78
71
73
58
74
64
67
29
37
44
29
50
40
36
19
22
26
29
2
10
12
-4
13
18
27
-9
7
8
-9
-10
-25
-40
-49
-39
-33
-32
-23
-22
-36
-25
-22
-23
-37
-39
-34
-43
-52
-48
-36
-56
-37
-21
-18
-2
-7
-11
-33
-28
-33
-36
-33
-33
-21
-18
-28
-21
-23
-30
-32
-14
-12
0
-9
22
22
23
38
33
38
14
40
16
18
23
18
35
6
27
10
10
31
45
49
49
54
64
40
47
49
32
28
25
8
-5
18
-5
24
34
28
52
56
55
42
31
36
36
19
35
1
-3
-25
-20
-34
-57
-41
-52
-36
-42
-45
-27
-24
-19
-21
-19
-20
-27
-37
-58
-59
-81
-77
-78
-74
-65
-55
-54
-65
-46
-38
-28
-18
12
22
17
16
9
-31
-40
-27
-31
-12
8
18
32
19
32
22
42
49
64
74
61
66
57
50
32
36
42
58
66
51
62
58
67
62
51
75
81
85
59
29
19
-11
-16
-23
-16
-16
-7
-1
-31
-22
-33
-33
-36
-32
-35
-26
-49
-61
-71
-87
-71
-75
-71
-60
-43
-71
-51
-49
-62
-61
-54
-48
-56
-43
-46
-35
-42
-27
-23
-10
-11
-1
-1
8
2
1
14
6
8
20
11
10
-6
2
5
12
19
24
33
28
29
12
31
8
26
23
24
42
27
37
23
5
15
18
10
32
42
49
50
54
23
25
16
25
40
65
88
81
86
68
56
40
33
40
39
37
50
40
27
16
14
24
12
27
21
8
8
8
-12
-30
-43
-58
-53
-72
-43
-55
-30
-40
-56
-40
-42
-49
-33
-55
-44
-31
-56
-61
-70
-66
-72
-59
-74
-41
-52
-44
-61
-41
-39
-42
-10
-17
-12
-19
-8
-19
-12
-17
-9
1
7
20
35
32
44
29
35
33
26
57
46
39
50
35
21
6
6
13
8
21
40
65
71
70
56
56
24
10
24
8
28
29
12
3
-38
-51
-86
-76
-81
-48
-14
10
27
9
5
-29
-30
-45
-38
-29
-22
-41
-23
-36
-49
-46
-56
-49
-24
-10
-14
16
17
28
-13
18
5
11
3
13
27
10
42
28
38
37
45
19
47
38
45
57
55
57
44
56
35
41
32
39
29
10
3
-21
3
-12
1
31
15
17
28
15
3
-5
-12
-16
-5
-4
-9
-10
-8
-12
-39
-28
-26
-31
-35
3
13
11
5
-5
-12
-33
-53
-61
-53
-54
-50
-37
-10
-32
-16
-9
-18
-11
16
17
21
31
10
-1
-11
-29
-46
-52
-35
-35
-18
-3
-1
5
-2
9
15
5
5
13
0
-2
6
-2
2
-6
-10
-17
-23
-22
-31
-24
-12
-19
-7
8
-2
-1
7
4
0
7
12
16
26
25
24
18
-1
9
24
27
27
32
29
32
45
45
44
24
42
3
34
13
0
-2
-30
-4
-3
9
35
40
46
35
26
35
20
8
9
25
9
9
2
-1
-21
-33
-15
-11
0
17
20
34
28
24
16
10
-30
2
-12
-13
-15
-13
-14
-46
-19
-27
-39
-20
-8
-12
-15
-15
-30
-35
-38
-45
-34
-44
-49
-60
-44
-49
-64
-46
-57
-49
-35
-29
-11
11
15
19
20
2
-1
-15
-28
-24
-26
-6
-1
13
-9
8
-28
-14
13
12
42
42
56
49
46
20
8
3
9
4
16
8
24
23
21
46
43
49
53
45
46
31
31
32
28
29
23
26
27
24
25
25
22
6
40
37
36
48
36
31
14
9
-4
-6
-2
-28
-20
-19
-21
-3
-10
4
5
11
6
2
-28
-55
-45
-59
-70
-77
-71
-80
-75
-63
-53
-56
-73
-43
-80
-53
-43
-40
-42
-52
-33
-50
-59
-76
-65
-89
-62
-56
-59
-27
-23
-2
-1
49
40
52
73
64
48
43
38
15
32
24
37
53
56
97
86
97
85
104
118
132
134
130
145
114
88
62
69
37
23
28
31
22
26
47
58
32
49
27
5
12
-20
-7
0
-20
-31
-55
-63
-100
-114
-109
-107
-90
-86
-56
-77
-88
-87
-89
-93
-86
-64
-61
-91
-116
-90
-110
-98
-83
-59
-46
-44
-22
-30
-29
-17
-14
9
5
12
31
34
25
19
11
17
15
11
35
34
64
75
79
64
61
86
57
53
47
37
35
48
55
30
32
29
28
24
55
48
56
31
36
11
-2
-2
-9
-17
0
-8
-21
-14
-29
-33
-17
-4
-5
15
25
19
4
-4
-13
5
7
-8
-6
-17
-29
-33
-25
-12
-26
4
17
19
17
6
11
-34
-23
-29
-48
-24
-23
-26
-27
-36
-7
-43
-17
-14
-13
-1
-14
5
-28
-10
-25
-13
-20
-10
-6
-10
-2
19
21
19
22
22
7
4
22
22
47
50
55
54
35
40
13
23
28
24
27
12
13
4
0
-10
4
9
25
21
13
18
20
7
-1
6
-7
-20
-20
-25
-8
-18
-8
-1
-1
10
-6
-1
-22
-25
-38
-37
-27
-37
-21
-34
-34
-25
-37
-21
-24
-16
-23
-9
-12
-19
-17
-12
-26
-14
-20
-21
-10
-15
-14
-32
-29
-29
-31
-18
2
11
30
35
34
18
10
-3
-15
-21
-25
-3
0
14
9
16
15
18
24
32
42
59
54
37
30
17
8
-6
-4
5
-12
2
18
12
16
10
43
37
47
75
62
54
48
38
22
15
-5
-6
-16
-5
-5
26
16
9
21
20
0
11
15
-21
9
-12
-7
-34
-56
-56
-73
-68
-63
-62
-55
-37
-37
-33
-12
-12
-17
-28
-35
-10
-16
-14
-19
-20
-34
-38
-34
-21
-18
5
6
17
58
27
31
19
25
-2
-4
-22
0
4
26
32
20
22
-12
2
-9
-5
-1
3
14
7
2
-1
-5
-12
-5
-11
-1
15
9
11
4
0
-14
-9
-3
-8
7
16
28
41
43
30
37
28
32
27
35
36
38
23
20
27
8
12
1
16
5
16
23
21
36
24
42
35
28
24
11
-11
-12
-11
-26
-13
-9
-29
-22
-29
-45
-35
-35
-14
-22
-24
-41
-68
-74
-85
-86
-85
-62
-32
-36
-26
-35
-49
-47
-53
-40
-47
-45
-41
-43
-35
-38
-40
-30
-53
-8
-19
-6
-2
-1
6
-1
7
3
13
32
51
54
65
62
59
47
55
70
76
83
95
85
94
78
64
51
42
42
53
65
62
45
40
34
25
37
29
21
18
24
11
18
4
18
0
-17
-15
-26
-36
-38
-39
-23
-15
-4
-1
-8
-38
-56
-53
-59
-40
-37
-29
-21
-1
-27
-20
-57
-52
-46
-27
-21
-14
-12
10
-20
-20
-21
-29
-6
-8
29
12
8
1
-4
-12
-14
-20
-12
-20
-30
-10
-17
-19
-2
6
16
11
15
2
-9
-22
-52
-48
-39
-29
-11
-2
-6
2
7
7
13
18
30
23
30
16
18
23
25
31
34
52
59
82
62
47
57
32
48
29
54
46
30
28
19
7
-18
-4
-25
6
13
27
23
10
19
4
-1
-16
-21
-30
-26
-50
-49
-54
-70
-64
-88
-82
-90
-76
-85
-68
-54
-61
-48
-36
-29
-16
-12
-12
-23
-50
-54
-63
-73
-28
-23
1
10
11
3
-4
2
9
31
3
45
21
24
18
18
39
30
60
44
41
16
23
14
36
57
77
84
80
84
52
65
29
24
35
47
41
61
79
67
70
67
49
51
56
49
41
44
35
40
38
40
40
9
26
12
7
-4
-8
-15
-5
-14
-7
-21
-41
-26
-22
-44
-53
-64
-88
-112
-110
-105
-90
-57
-33
-43
-49
-51
-62
-89
-81
-77
-69
-52
-47
-43
-56
-41
-60
-62
-50
-57
-41
-6
-6
30
31
27
34
13
11
-13
-9
-10
-2
3
27
6
-7
6
-5
-13
-9
17
30
28
35
23
28
21
11
9
11
9
13
7
16
4
-1
11
4
31
28
53
51
43
53
26
50
24
19
34
28
46
52
54
21
39
2
22
10
39
61
54
66
49
33
25
21
6
4
16
9
4
2
-8
7
-14
-16
-11
-23
-21
-27
-39
-29
-39
-45
-50
-60
-68
-65
-75
-63
-54
-45
-34
-18
-10
-27
-24
-21
-19
-18
-18
-11
-24
-27
-41
-41
-25
-22
17
17
31
41
45
44
23
35
18
32
36
47
49
40
8
11
-18
-8
-1
6
45
46
47
40
30
16
16
-5
19
8
-5
-14
-40
-46
-50
-43
-14
2
22
43
40
36
-2
0
-14
-21
-29
-5
0
3
-13
-15
-27
-32
-26
-32
-3
-18
23
20
33
31
13
8
10
-8
-41
-41
-42
-41
-20
-7
-10
3
9
8
6
10
7
-5
-1
-17
-21
-5
-8
-19
-25
-14
-31
-22
-25
-23
-37
-26
-28
-5
12
0
21
4
-6
-28
-31
-55
-38
-36
-23
5
0
13
-1
1
-17
-14
16
13
40
55
71
69
68
51
40
28
38
45
68
77
84
70
50
28
21
27
41
64
61
77
70
54
17
16
5
-8
-21
-11
-1
-13
6
2
-1
-24
-12
-32
-35
-28
-33
-22
-51
-31
-64
-74
-76
-95
-101
-68
-55
-50
-37
-42
-55
-52
-39
-49
-42
-43
-37
-39
-49
-54
-50
-49
-32
-1
18
32
33
36
16
16
30
24
40
60
52
64
65
40
42
36
39
33
67
61
70
70
72
65
37
42
5
12
7
5
-16
0
12
4
6
5
-7
-13
-1
-25
-16
-27
-36
-32
-23
-27
-8
-19
-9
2
-38
-32
-16
-52
-35
-31
-33
-31
-17
-10
-23
4
-17
-7
-24
-17
-35
-52
-36
-53
-45
-31
-21
-21
13
2
26
11
13
19
13
27
5
26
1
12
-4
-6
5
-1
7
-6
25
15
34
32
42
42
55
61
33
42
12
7
-9
5
6
13
22
21
14
14
6
7
10
33
24
11
22
11
-19
-51
-46
-54
-66
-35
-13
-10
12
25
21
33
18
33
22
22
24
8
36
8
13
-5
-7
1
-6
5
2
14
17
25
0
28
18
24
17
13
3
-6
-28
-45
-43
-62
-50
-53
-54
-53
-48
-43
-29
-29
1
10
5
10
15
-9
-30
-38
-47
-68
-61
-46
-44
-20
0
17
3
-1
2
-15
-5
0
7
31
30
24
27
14
10
-4
-7
-9
-3
-4
-6
11
14
27
26
38
62
52
54
49
34
32
14
18
11
12
12
20
10
10
12
12
-13
8
3
-4
-3
-3
5
6
14
6
-2
-7
-26
-14
-4
0
-7
15
0
-22
-24
-35
-39
-46
-23
-30
-16
-7
11
8
-9
-4
-17
-28
-12
-12
-17
9
19
-10
6
-9
-29
-26
-12
-5
-2
42
28
21
16
8
25
3
15
25
38
35
32
30
-11
-16
-3
13
7
23
28
31
17
20
9
12
16
-5
7
24
14
14
11
-20
-23
-15
-13
-17
11
-6
8
4
-2
-33
-15
-19
-7
8
-23
-7
-25
-46
-52
-30
-63
-40
-22
-26
-22
-3
-19
-34
-21
-21
-24
-4
-9
4
6
12
18
-19
-11
-35
-30
-19
-8
-9
15
2
13
19
12
8
-10
7
0
4
0
23
17
15
29
7
14
18
18
24
38
25
25
19
2
13
-7
-12
-11
-24
-1
5
14
25
31
23
37
20
20
1
-2
-8
8
2
-4
16
11
20
-7
3
22
-3
7
33
38
31
40
45
33
15
14
16
19
5
8
11
-7
-14
-6
-8
-14
-4
-7
19
-11
15
11
-6
7
-4
-6
-11
-36
-38
-39
-57
-53
-47
-51
-45
-10
-8
-12
5
-9
-7
-23
-25
-18
-35
-21
-10
-19
-8
-16
-36
-41
-47
-33
-21
-6
-8
9
32
26
18
20
1
-13
-9
-28
-29
-41
-18
-19
-27
-5
-3
-12
18
5
7
23
5
20
16
1
15
27
8
4
4
-24
-29
2
-3
9
26
37
30
34
32
24
21
16
2
14
16
24
31
14
30
29
30
22
31
31
28
32
20
39
18
29
15
13
21
4
5
-17
-6
-9
7
1
12
13
21
28
18
16
-12
-17
-19
-2
-13
14
-7
-3
-11
-6
0
-26
3
-7
-2
-22
5
-19
-25
-25
-24
-15
-15
8
-4
-6
-23
-18
-33
-25
-21
-15
-15
11
0
-16
-6
-34
4
-1
23
26
8
1
-14
-34
-40
-21
-8
-26
-16
2
3
-9
-27
-13
-37
-19
-7
-4
-7
5
-14
-24
-33
-55
-51
-48
-40
-49
-24
-4
-28
-33
-14
-7
-19
-12
0
5
16
11
-3
-9
-8
3
-4
28
12
28
7
18
20
35
37
43
54
60
66
64
82
44
45
39
62
55
64
73
50
47
31
49
30
33
32
42
46
42
43
27
22
7
1
-5
25
35
28
32
21
-36
-45
-48
-64
-83
-61
-37
-31
-25
9
-12
-19
-27
-62
-47
-59
-37
-45
-31
-30
-28
-54
-60
-85
-92
-70
-89
-40
-28
-4
7
-16
-20
-36
-43
-41
-61
-63
-49
-48
-35
-21
-18
-4
1
-6
18
23
29
42
32
17
13
35
33
34
62
44
50
21
27
-18
9
47
57
99
100
111
99
85
49
53
49
23
46
40
38
36
9
13
5
6
-9
5
22
18
15
11
17
-13
-28
-46
-39
-54
-46
-28
-25
-22
-33
-27
-2
-11
-18
-9
-15
2
-20
-31
-41
-33
-8
-36
-21
1
-33
-22
-33
-34
-38
-32
-21
-28
-30
-11
-7
16
4
-13
-20
-27
-38
-21
5
-8
29
36
9
11
25
0
-8
16
9
27
24
29
8
24
21
26
38
20
24
-10
4
-35
-22
7
25
28
33
23
11
-17
-30
-36
-24
2
19
33
27
8
-20
-30
-61
-65
-40
-19
-21
24
26
23
14
-16
-15
-16
-23
-9
-7
25
13
1
12
-7
-4
1
7
24
37
25
28
29
-10
21
26
41
35
44
24
-2
-29
-52
-45
-38
1
26
51
25
28
-8
-38
-36
-35
-18
7
7
21
26
-2
-27
-39
-40
-28
-28
2
21
35
34
38
14
-6
-33
-29
-36
-17
-16
4
22
-13
-28
-32
-19
-59
-44
-19
-8
-5
21
38
8
1
5
2
-12
-2
-15
7
6
-10
27
39
45
40
56
49
26
37
13
8
9
28
45
42
55
30
23
-8
-3
-2
0
31
39
48
41
17
18
-24
-12
-41
-38
-34
-25
-25
-14
-25
-19
-7
-51
-27
-25
2
15
15
14
-7
-30
-57
-68
-44
-43
-47
-19
-25
-7
-34
-17
-34
-26
-29
-30
17
-11
-3
-3
-10
-28
-29
-22
-50
-61
-49
-24
5
14
35
50
56
76
65
67
67
46
34
19
33
18
22
28
23
24
35
42
32
27
30
19
26
31
22
12
-4
-14
-12
-21
-40
-58
-37
-35
-48
-21
-19
-15
-27
-13
-28
-17
-25
-17
-24
-26
-2
-33
-51
-51
-62
-50
-42
-12
-10
1
-4
-5
-4
-18
-1
20
35
38
32
14
37
13
-4
-8
-19
-22
-19
22
26
20
11
21
32
26
28
24
17
-23
-10
-6
2
11
32
42
56
55
40
47
17
26
41
67
49
65
37
51
65
28
60
47
49
18
11
24
12
16
21
6
6
3
-12
8
-26
-3
-27
-16
-26
-15
-11
-40
-15
-24
-16
-40
-34
-78
-51
-69
-41
-38
-56
-54
-79
-84
-83
-46
-34
-40
-23
-21
-30
-22
-51
-20
-17
-16
18
2
24
-16
-29
-25
-26
-26
-17
1
18
3
-27
3
-28
10
34
47
34
28
7
-20
-55
-43
-23
-19
10
5
27
31
51
31
25
21
2
1
-7
-2
-16
-23
-11
14
3
37
43
19
42
42
32
19
32
18
13
43
30
17
24
2
13
17
35
27
10
19
7
40
14
10
8
20
21
-12
2
-22
-28
-27
-8
-19
8
51
37
31
12
18
10
-12
-14
10
-6
-16
0
-8
-14
-3
6
3
-3
-13
-9
-11
-12
3
20
17
18
-1
-19
-15
-9
-24
-12
-7
-6
11
1
9
-5
9
-26
-20
7
-10
11
-3
4
-18
-24
-1
-7
-25
-12
1
-29
3
-21
-23
-14
-50
-36
-36
-45
-24
-29
4
2
7
21
15
24
-10
-6
-13
-38
-42
-42
-6
-5
23
31
24
4
-4
-7
-30
-35
-32
-3
6
32
14
6
2
-36
-47
-32
9
-8
26
28
22
0
19
30
6
32
12
4
-9
-3
-13
7
7
18
29
38
48
35
37
54
38
48
59
32
40
6
-16
-32
-56
-30
-26
2
10
28
28
10
5
0
24
-15
7
17
38
11
-1
-30
-23
-47
-37
-18
-12
-5
-42
9
9
26
45
42
19
14
-7
-11
-23
-43
-38
-30
-18
5
-11
-4
-1
-31
-36
-2
-3
4
18
55
45
18
26
-20
-17
-23
-36
-35
-23
-33
-20
-28
-31
-28
-30
-4
11
-9
22
23
-13
-24
-37
-35
-44
-38
-9
0
-3
-9
-4
-5
-6
23
37
41
15
12
0
6
25
28
27
36
-3
4
3
-10
-4
24
41
33
79
41
31
24
38
25
18
33
24
3
-7
3
-6
20
11
30
47
31
28
41
30
14
17
34
39
0
-18
-7
-24
-41
-48
-27
-17
-17
-2
2
-8
-24
2
7
-14
-6
-4
-15
-23
-56
-81
-98
-88
-85
-89
-57
-29
-49
-20
5
-41
-59
-48
-58
-59
-51
-45
-20
-41
-40
-20
-70
-61
-51
-26
-37
3
14
34
24
28
39
41
46
21
20
2
15
31
44
45
50
38
23
42
25
50
66
82
83
96
110
81
99
78
55
58
43
24
41
24
23
30
41
60
48
50
18
10
11
-20
-16
4
-5
-10
11
16
-13
-12
-6
-34
-11
-27
-16
-7
-12
-16
4
-7
-43
-39
-70
-70
-54
-55
-55
-45
-19
-27
-26
-28
-49
-37
-49
-43
-50
-26
-23
-26
-23
-14
-11
-47
-18
-20
-36
-55
-41
-9
-31
0
1
1
-2
-16
-12
-5
1
-13
-11
17
2
-7
-15
-4
-36
-23
8
21
61
31
42
33
15
-21
-3
20
39
42
72
66
27
7
-3
-1
3
48
64
83
70
59
40
43
31
21
41
21
24
13
6
-2
-32
4
26
28
59
43
46
15
2
-19
-44
-28
-13
-9
-10
-7
-18
-42
-45
-50
-13
-23
-23
0
7
0
-25
-17
-63
-39
-25
-48
-28
-22
-17
-45
-53
-42
-41
-12
-23
-44
-26
-39
-61
-62
-46
-26
-36
-12
-2
-27
-41
-15
-18
3
18
31
39
32
30
22
24
6
3
13
26
19
24
20
38
30
40
22
29
27
5
21
13
15
9
24
49
48
41
52
47
13
15
0
8
30
45
59
46
25
8
-14
-24
13
23
41
46
39
38
-6
-4
-20
5
2
4
11
-42
-43
-44
-50
-40
13
22
38
9
-1
-8
-30
-28
-16
-34
-46
-18
-35
-30
-56
-36
-52
-27
-15
-6
12
0
-1
-27
-9
-22
-12
6
3
-6
-5
-20
-29
-26
-13
-11
-17
2
7
18
32
43
21
29
23
14
4
5
-13
-31
-8
-24
-31
-6
23
20
8
35
37
26
28
27
13
-7
-6
-22
-13
21
52
33
31
18
-14
-37
-14
-13
-22
4
5
7
3
-6
-16
-19
-13
3
24
21
-4
-18
-36
-49
-42
-33
-41
-43
-44
-61
-44
-32
-24
-25
-18
4
0
-3
-13
-29
-11
-38
-35
-6
-11
-20
-16
2
4
13
14
33
45
41
55
47
50
40
28
28
20
23
-5
13
29
24
34
50
45
10
24
20
13
20
41
40
34
51
32
23
17
13
10
21
12
30
28
26
17
-9
15
-23
0
1
-9
13
5
-16
-30
-19
-7
-3
-10
21
16
-17
3
-27
-62
-50
-44
-34
-17
12
4
-7
-24
-41
-43
-22
-15
-8
-12
-4
-10
-23
-2
-18
20
1
36
48
26
-12
-36
-59
-71
-19
1
8
19
38
8
10
-2
-23
-16
-31
-37
-22
-20
-30
-2
14
4
-3
-31
-43
-75
-56
-37
-20
9
-1
-3
-43
-34
-52
-58
-33
4
11
9
42
18
1
-5
12
17
25
41
30
12
5
-2
3
12
18
61
52
67
73
68
41
25
35
14
8
33
35
46
55
21
22
9
-15
9
22
20
40
37
20
-4
1
-22
-38
-39
-23
-21
11
2
-7
13
23
18
12
-25
-23
-23
-28
-9
18
10
8
11
-28
-21
-35
-24
-19
-20
-5
35
28
16
-9
-22
-27
-45
-22
9
6
6
12
-6
-9
-53
-45
-46
-13
-19
-18
1
-24
-39
-46
-23
-15
18
25
32
8
-1
-34
-64
-57
-40
-1
1
3
32
30
8
16
-2
-1
8
20
14
-1
-2
-26
-32
-13
-26
-9
4
22
11
12
9
33
28
47
38
55
43
32
22
5
29
26
39
19
37
12
11
7
-4
-9
3
-5
4
18
9
20
1
-13
-24
-18
-8
-20
-20
-20
-7
-12
-2
-16
-9
-2
-1
5
23
19
5
-3
0
-45
-36
-31
-40
-46
-5
2
12
39
4
30
-11
-15
-7
18
-8
-1
21
-3
0
19
16
18
32
42
32
42
41
9
24
-2
8
4
-11
-4
-20
-54
-45
-13
10
6
27
22
12
-18
-49
-72
-64
-62
-46
-27
-39
-37
-51
-53
-73
-38
-15
1
-1
25
2
-27
-22
-18
-33
-8
-1
6
18
-12
-12
-27
-8
-13
2
16
38
32
21
23
20
13
4
3
6
40
38
38
50
50
43
25
25
23
39
31
28
52
55
62
56
48
47
16
16
20
13
28
37
34
33
15
-9
3
-9
13
16
30
35
16
41
28
-2
-11
-21
-21
-35
-29
-19
-35
-27
-12
-49
-57
-35
-21
4
-28
-29
-47
-61
-85
-71
-62
-56
-36
-21
-14
-25
-35
-45
-51
-68
-53
-29
-18
-19
-16
-9
-8
-35
-34
-28
-30
-20
-10
16
3
10
4
-14
-1
-14
-4
-6
10
1
21
33
3
23
19
22
16
15
29
-4
8
-8
7
16
19
50
73
59
66
67
49
43
50
44
19
5
8
29
21
35
55
53
30
38
39
22
54
60
48
47
50
34
21
-1
-15
-13
-3
-24
-22
12
-1
6
20
24
17
-7
-6
-38
-24
-24
-22
-6
-15
-22
-40
-41
-83
-61
-50
-27
-34
-35
-10
-17
-10
-23
-33
-57
-53
-63
-83
-79
-63
-55
-58
-41
-27
-29
-37
0
-15
-24
-24
-5
-25
-26
-24
-4
5
0
8
8
4
9
12
26
44
38
49
44
31
25
8
-6
17
9
22
34
59
57
46
52
18
13
32
5
2
5
-5
10
8
-3
-4
-4
0
26
39
34
45
31
8
11
1
12
12
20
20
15
11
-3
-15
-31
-23
1
16
14
20
13
-10
-6
-4
14
35
16
17
-19
-25
-47
-57
-59
-36
-19
-18
1
6
12
-30
-6
-34
2
19
29
45
27
18
7
-11
-45
-31
-30
-29
-25
11
21
26
29
39
31
23
32
0
-10
-38
-42
-57
-51
-35
-37
-11
7
13
17
28
8
-7
1
-4
6
-2
-16
-41
-28
-45
-56
-44
-45
-23
-26
19
35
28
29
-5
22
8
0
-2
-11
-10
-12
15
20
33
31
11
-5
-14
-12
-4
29
52
59
65
51
19
1
-26
-26
-17
-34
-17
-2
1
-6
6
2
-5
20
6
20
-6
0
-12
-23
1
-13
19
25
42
15
11
2
-21
-12
-23
4
9
-5
36
21
32
29
20
13
-21
-8
-17
-33
-13
-5
-11
-24
-19
-6
-16
-7
-13
-11
-9
-18
-8
-2
2
11
28
28
14
-16
-22
-4
6
16
38
56
30
7
-11
6
-40
-15
-12
6
5
-28
10
-14
-2
-1
0
29
30
-13
-16
-55
-43
-49
-20
-2
5
19
27
12
-12
-15
-8
-27
-5
46
26
53
21
28
25
-22
-6
-23
2
10
5
1
-16
-22
-33
2
-8
31
29
24
31
18
20
-2
-5
-6
-9
7
-2
-16
-45
-40
-72
-57
-49
-6
5
28
35
-2
-5
-26
-56
-60
-48
-55
-49
-46
-41
-11
20
3
13
-2
-1
6
8
22
24
31
35
35
31
26
22
47
39
56
47
39
26
21
8
7
35
26
45
46
35
27
29
24
7
13
8
-3
9
20
22
27
26
14
2
-13
-27
-51
-43
-59
-51
-39
-12
13
23
39
14
-5
-23
-3
-23
-14
0
-18
-25
-36
-46
-57
-50
-43
-29
-3
-7
-21
-2
7
-3
-6
-15
-30
-40
-25
-12
-10
-22
-2
-10
-27
-17
-6
-32
-28
-4
3
12
27
18
27
47
35
36
46
20
2
15
16
-10
24
22
-3
16
33
27
35
39
43
48
44
44
31
22
16
3
17
19
7
6
3
-14
-24
-42
-36
-16
-3
0
18
20
14
-5
-7
-26
-37
-51
-60
-68
-85
-75
-80
-53
-43
-16
-15
-23
-30
-14
0
-11
12
35
-12
-18
-32
-43
-60
-48
-24
7
22
30
35
38
15
26
50
45
70
52
55
51
32
21
32
44
36
43
47
41
36
49
28
48
54
59
43
34
15
-4
-7
8
-5
-9
0
-26
-14
-22
-18
-19
-13
-5
0
-12
-31
-36
-37
-34
-26
3
-19
-19
-19
-39
-42
-27
-14
-26
-11
-14
-27
-15
-13
-24
-22
-36
-14
2
16
-5
2
4
-15
-10
-13
-3
-20
-21
-30
-25
-29
-17
0
11
17
9
50
31
21
-6
10
-29
-22
-7
-17
7
20
28
22
30
25
29
20
19
-6
-7
-8
-2
5
2
23
17
31
6
-13
-29
-14
-34
-13
21
18
37
26
29
8
1
-19
-30
-31
-69
-35
-11
-9
11
27
12
8
-13
-4
-10
-8
7
5
14
-9
-35
-15
-16
-4
9
14
27
9
-4
0
-6
-4
20
19
18
16
4
-7
-7
-5
7
7
30
7
1
-2
-17
-22
-6
-14
2
1
0
3
0
-10
-13
37
43
47
33
45
25
15
8
3
-10
-5
3
-4
21
18
19
30
32
25
23
29
0
3
-3
-12
-29
-36
-43
-19
-20
-14
18
9
9
-6
-3
-13
-19
-12
-1
-3
-10
-4
-35
-39
-37
-18
-11
-7
1
-3
-7
-14
-4
-13
-9
-21
-14
-14
-6
-12
0
-3
-18
-5
-15
0
7
18
9
16
16
-3
-9
-1
-9
-8
0
9
-1
15
14
-3
-20
-19
-25
-21
-23
-11
-27
-3
16
-6
-2
4
-4
2
-16
2
0
-15
7
-5
-13
-31
-11
-19
-26
-9
28
20
42
46
21
33
0
3
6
4
25
27
20
28
5
17
10
12
20
30
42
38
36
32
37
18
27
40
45
24
28
8
26
4
35
24
5
10
13
14
-6
0
1
15
10
12
-3
-22
-28
-60
-45
-71
-68
-69
-49
-30
-38
-10
-2
-27
-22
-31
-59
-47
-73
-71
-72
-82
-71
-44
-47
-24
-35
-20
-13
-13
2
7
19
5
7
-31
-12
0
9
14
32
30
26
34
41
34
36
77
59
51
75
48
56
56
64
73
38
41
24
30
6
29
33
39
60
63
51
37
15
5
2
-12
-4
-12
-17
-25
-24
-49
-20
-5
7
9
25
31
-20
-40
-44
-53
-72
-57
-39
-18
-24
-7
-23
-24
-30
-48
-30
-33
-42
-41
-36
-22
-5
-14
-22
-27
-45
-57
-59
-38
-25
-26
-11
-8
-20
-25
-26
-21
-32
-17
-2
-3
8
-2
26
13
8
15
11
16
19
24
44
43
63
44
52
38
24
27
28
55
55
65
52
69
36
65
41
42
53
37
38
54
38
8
22
12
20
31
30
18
37
23
27
-1
-5
-6
-29
-20
-43
-25
-39
-36
-29
-36
-32
-30
-36
-40
-44
-31
-30
-47
-22
-61
-54
-68
-77
-75
-65
-53
-36
-44
-35
-23
-16
6
-10
11
-4
-24
-50
-46
-39
-28
-28
9
33
26
22
19
16
-3
-3
16
25
25
34
36
27
39
15
0
5
-31
3
20
19
37
47
58
34
38
37
43
60
44
41
36
20
22
-7
-9
-19
1
2
15
23
14
34
28
34
26
41
26
33
32
18
19
3
-15
2
-24
-23
-22
-20
-16
-15
-18
-24
-30
-39
-23
-26
-27
-19
-33
-48
-51
-50
-57
-60
-42
-42
2
-15
0
-11
-34
-37
-23
-26
-16
-4
-9
14
-15
-9
-31
-38
-37
-29
2
22
29
35
32
29
13
7
24
15
15
8
23
13
2
-18
-5
-23
-21
-2
22
21
29
33
32
28
4
21
-1
13
25
27
19
31
13
-1
19
1
31
34
52
39
40
42
34
17
10
16
-15
-17
-20
-18
17
22
34
33
-2
-3
-26
-12
-7
-19
9
36
18
12
9
-41
-50
-50
-55
-16
-3
5
16
8
5
-19
-40
-49
-60
-38
-19
-9
7
-17
-20
-56
-66
-55
-35
-32
-12
-1
-11
-19
-28
-31
-21
-17
7
22
5
3
0
2
-22
-10
8
23
-4
7
21
23
37
39
53
31
35
32
36
28
23
23
37
38
45
39
24
29
19
2
31
42
22
30
31
19
6
1
-11
-12
-15
-2
-4
-15
-26
-39
-46
-41
-33
-42
-26
-16
-20
-26
-28
-46
-40
-38
-37
-21
-34
-33
-31
-50
-23
-33
-11
-6
3
1
10
1
-6
39
6
37
15
36
17
22
28
29
39
10
50
41
38
50
38
45
27
22
15
11
8
24
42
26
21
-3
3
-12
-21
-12
2
-16
-21
-40
-34
-56
-43
-27
-30
-14
-28
-8
-37
-68
-36
-43
-52
-43
-38
-40
-28
-21
-17
-4
0
2
-11
1
-16
-17
-8
20
25
27
34
12
6
1
9
18
31
56
50
55
59
39
25
23
4
9
28
22
34
51
52
38
27
27
26
17
3
48
40
35
27
12
-11
-26
-17
-15
-16
-1
8
2
14
12
-5
-27
-26
-26
-42
-19
-16
1
-19
-27
-7
-32
-46
-47
-47
-46
-19
-4
6
6
1
-22
-5
-34
-29
-28
-16
-12
-4
-6
-16
-19
-28
-28
-43
-19
-8
1
6
12
10
20
6
13
9
9
15
11
-21
-14
-13
-30
-11
-1
6
-3
-1
3
7
-13
-21
-7
-4
14
0
22
19
3
-3
-16
2
-8
7
14
16
24
17
19
14
22
8
35
40
22
14
17
3
-18
0
4
1
22
20
12
15
8
15
13
18
34
32
36
33
25
7
10
0
17
19
-2
-11
-10
-23
-17
10
29
14
28
10
-37
-31
-56
-43
-24
-6
20
37
31
14
-11
-30
-23
-37
-15
0
12
26
9
-10
-19
-30
-27
-31
-13
-2
-1
-6
-21
-18
-26
-40
-33
-18
-1
3
-17
5
-27
-28
-17
-13
-4
-10
4
-12
-3
-9
-28
-17
-20
-11
-8
7
17
-4
20
-13
-15
-16
-12
-2
23
26
23
7
14
-5
0
10
6
19
5
25
-2
17
-8
13
16
15
23
33
20
17
33
8
14
9
20
11
8
28
21
15
7
22
17
35
43
46
48
16
41
12
25
27
11
25
5
2
-19
-7
-9
5
2
-3
-11
-6
-23
-17
-20
-38
-10
-33
-32
-28
-44
-36
-32
-43
-29
-35
-35
-54
-69
-78
-70
-48
-59
-37
-29
-5
-27
-16
-29
-23
-19
4
0
-14
11
28
12
25
30
11
12
3
25
13
37
42
34
44
33
50
28
22
11
7
13
19
15
14
32
20
42
25
13
34
33
29
27
0
-7
-20
-20
-1
8
19
19
30
10
17
-3
-7
1
-9
3
-1
17
3
0
-3
-16
-18
-33
-21
-28
-25
-16
10
18
12
12
1
-17
-37
-51
-61
-37
-34
-20
-22
-5
-2
-20
-12
-33
-27
-33
-24
4
-18
-2
0
-8
7
23
22
7
21
-1
-12
-21
-27
-23
-9
5
12
18
36
21
14
-8
-23
-6
-7
10
25
35
42
29
38
19
-3
7
13
18
8
17
6
-7
-25
6
22
3
23
24
23
24
30
43
30
31
34
33
18
5
-10
-8
-30
-23
-13
-17
16
23
41
23
41
14
-5
-11
-28
-20
-34
-27
-13
-35
-50
-36
-54
-34
-29
6
6
6
4
-16
-22
-48
-42
-35
-9
2
5
3
-7
-41
-49
-62
-53
-37
-15
-3
5
18
10
3
-4
-4
2
0
17
14
13
13
-4
-6
-6
-1
-3
8
7
8
20
3
27
27
27
58
40
46
32
23
-3
-3
-15
5
-2
20
38
27
25
18
9
-2
11
9
40
28
47
33
8
8
-6
-7
5
-18
0
0
10
15
12
21
15
16
-1
-1
-13
-21
-25
-2
-10
-1
-21
-36
-39
-46
-38
-33
-1
13
26
0
-19
-44
-59
-54
-53
-45
-30
-34
-22
-34
-34
-37
-57
-38
-51
-24
-15
2
-13
1
-9
-27
-19
-11
-18
-15
23
18
26
13
-1
-14
-15
13
8
16
37
56
38
48
52
37
56
48
49
53
55
31
37
38
43
44
57
75
62
74
62
59
64
46
36
45
23
22
21
38
6
19
27
-12
-1
-3
-7
-4
-8
-16
-2
-5
-18
-20
-41
-53
-62
-59
-75
-90
-58
-75
-73
-58
-63
-71
-76
-70
-69
-59
-56
-56
-56
-50
-51
-60
-54
-32
-37
-18
-11
-15
-16
-13
-20
-21
4
9
16
32
22
3
4
1
11
38
60
87
67
63
24
-9
4
-3
26
28
62
55
38
22
6
-2
7
17
33
46
46
35
30
14
-4
12
0
11
14
20
11
2
2
-1
0
-8
2
17
7
31
7
14
13
-7
-6
-30
-33
-29
-9
-16
-26
-20
-18
-15
-4
2
27
9
25
27
15
4
31
25
12
27
3
-15
-11
-2
-7
7
15
31
10
-12
-13
-15
-29
-14
-13
-15
7
5
9
-14
-5
-14
9
3
-6
-4
-4
-3
-4
-22
-11
-12
-17
-24
-27
-28
-27
-19
-13
17
15
10
-2
-3
-7
-33
-32
-26
-31
-28
-10
-1
-3
11
8
10
19
20
2
16
12
-9
-7
0
-10
5
11
21
0
-27
-36
-30
-40
-36
-11
5
23
33
44
28
25
9
3
-15
-7
-20
-26
-26
-20
-5
2
9
18
33
24
-5
-12
-8
-18
12
38
53
52
47
29
-5
-28
-26
-13
-12
11
48
44
49
35
23
-2
2
13
-9
1
8
16
8
0
29
9
7
2
7
10
-8
-5
-8
2
-14
-2
-6
-3
-6
-19
-16
-27
-35
-36
-30
-19
-19
-16
-28
-35
-14
-16
-9
-5
-5
-30
-19
-40
-31
-29
-22
-2
-35
-14
-43
-51
-37
-26
-12
9
10
27
10
-3
-8
-29
-24
-36
-8
5
37
43
40
37
35
45
48
56
37
52
35
28
38
30
43
22
34
38
31
30
39
28
39
43
34
42
27
19
13
0
3
-16
6
11
-1
15
34
30
19
8
4
-7
1
-5
-9
-13
-11
-17
-17
-33
-58
-55
-47
-36
-27
-9
-8
5
-21
-12
-8
-31
-26
-31
-46
-59
-56
-82
-76
-84
-52
-55
-28
-17
3
9
-9
5
-10
-22
-32
-35
-57
-59
-70
-65
-66
-29
-13
19
13
24
32
20
21
32
36
35
49
23
-1
4
-10
3
7
21
38
46
65
43
30
19
27
22
30
47
41
22
26
26
-6
15
17
27
26
37
32
26
37
17
31
52
42
55
54
47
49
21
18
25
4
18
12
17
11
14
-11
2
3
4
9
12
14
-7
-6
-17
-17
-28
-16
-25
-47
-51
-52
-81
-67
-45
-41
-43
-41
-52
-45
-47
-51
-41
-47
-28
-31
-36
-51
-47
-75
-60
-49
-39
-22
-33
-12
-35
-19
-18
5
-6
14
20
16
25
16
28
11
12
15
23
13
17
28
42
56
62
62
67
96
65
50
63
58
52
31
52
24
26
17
19
32
33
44
42
45
44
28
23
22
-1
-18
-7
-14
-25
-31
-24
-24
-30
-38
-14
-5
-9
7
2
-3
-38
-49
-55
-55
-68
-54
-43
-49
-63
-53
-43
-48
-30
-42
-5
-28
-33
-27
-43
-32
-52
-27
-28
-7
-2
-2
-1
-4
-12
-24
-36
-27
-11
2
40
45
49
40
36
23
9
12
5
19
11
26
30
36
58
43
52
37
40
38
41
53
39
16
27
7
13
-4
16
21
13
20
9
21
-4
20
2
7
-7
9
16
5
8
0
-15
-14
-22
-25
-18
-11
-22
-6
-20
-25
-26
-23
-5
-3
18
17
25
-4
-23
-11
-24
-31
-13
-28
-23
-9
10
-5
2
12
6
5
-10
-9
-27
-42
-56
-50
-22
-22
-21
3
13
1
18
28
-1
3
-2
-9
-15
-23
0
-2
-13
-17
-21
-14
-1
21
19
26
16
23
-1
-24
-23
-15
-12
-25
6
-3
-1
8
37
36
32
60
39
42
34
19
19
3
5
2
-2
8
19
36
25
16
27
13
9
19
9
25
33
41
35
31
28
11
-2
-25
-21
-25
-35
-24
-8
-24
-4
-4
16
3
15
0
-16
-34
-26
-36
-46
-40
-28
-15
-24
0
4
-1
-11
-24
-29
-31
-40
-48
-25
-21
-15
-9
-9
3
-14
-27
-35
-39
-34
-33
-26
2
6
22
34
7
5
8
-11
-12
-27
-12
-21
-24
-9
-15
-3
8
19
14
19
3
11
18
11
30
23
37
20
25
0
1
-17
-6
11
5
12
4
19
32
26
40
52
60
42
31
37
27
36
33
48
39
23
33
12
28
13
10
19
21
22
32
16
28
23
3
-1
-15
5
-20
-11
-26
-13
-10
7
10
5
4
-9
-33
-66
-74
-78
-71
-87
-61
-60
-47
-38
-44
-38
-74
-50
-44
-50
-49
-57
-34
-40
-6
-17
2
-5
-17
-3
-9
4
0
14
14
38
22
34
54
57
58
53
70
48
34
40
39
34
50
66
75
55
83
78
50
29
27
47
25
43
55
46
31
34
3
-31
-38
-60
-41
-54
-46
-24
-29
-4
-18
-17
-60
-53
-43
-82
-64
-54
-74
-79
-56
-63
-46
-23
-18
-40
-23
-22
-32
-18
-22
-41
-32
-27
-18
-22
-12
1
-6
10
21
22
13
30
35
26
25
25
26
11
22
16
25
9
10
2
14
18
27
56
36
46
35
11
-1
-7
2
-19
0
-1
3
-12
1
-15
-9
6
17
43
18
41
28
22
5
0
-12
-5
20
18
30
25
29
27
10
-1
-5
9
25
22
43
43
29
22
-17
-12
-46
-25
-5
15
15
0
10
-6
-11
-25
4
-15
-4
-10
-28
-25
-41
-47
-36
-35
-24
-5
-17
-17
-27
-19
-20
-12
-10
12
12
2
4
-11
-10
-33
-13
-21
-21
3
-20
-3
-13
-19
2
17
13
40
18
7
8
-15
-20
-17
-7
21
29
27
37
32
15
8
20
25
6
20
11
15
11
-12
5
-4
-2
-4
5
-16
-6
-13
-4
31
21
26
28
12
7
8
-25
-17
-27
-10
-36
-20
-43
-44
-29
-41
-26
-13
4
-15
5
-14
-44
-32
-22
-22
-19
-10
-14
4
-13
-20
-16
-19
-8
1
20
28
31
34
14
-5
0
0
9
26
30
41
21
18
16
-4
17
22
23
30
34
38
23
21
36
30
45
53
45
32
13
-6
-6
-12
-4
5
37
12
8
-3
-17
-17
-26
-23
-29
-18
9
2
-7
2
-30
-38
-43
-41
-20
-18
-17
-6
-20
-31
-34
-28
-19
-7
-7
-3
-6
-22
-15
-33
-48
-33
-32
-16
-17
-4
3
3
21
-5
34
13
29
20
35
5
-12
6
-5
-2
5
33
38
33
25
29
20
31
9
10
11
-4
3
3
6
14
21
26
14
13
8
-1
-12
8
14
6
20
16
-4
-22
-28
-32
-44
-20
10
13
27
24
13
11
-18
-14
-17
-9
-10
6
27
1
14
1
14
-2
-19
11
-7
3
-3
4
6
2
6
6
-29
-18
-5
-18
3
1
31
13
12
15
10
-15
-33
-33
-64
-52
-48
-58
-24
-33
-4
8
-6
-28
-16
-14
-23
-23
-17
-2
-38
-28
-7
-18
-31
-24
-21
-17
2
12
14
3
1
-26
-5
-1
-10
25
25
45
40
60
53
49
41
35
32
30
25
30
33
28
9
25
34
16
32
42
50
42
42
55
35
23
9
0
15
1
-11
-20
-10
-28
-15
13
-4
-16
-17
-24
-41
-24
-39
-41
-38
-22
-28
-6
-5
-20
-26
-45
-54
-46
-35
-38
0
2
10
-13
-23
-14
-16
-11
17
27
24
-3
-27
-17
-16
-4
11
35
42
32
33
23
5
-8
-3
-8
21
30
30
40
29
32
29
13
4
1
-12
11
27
11
21
10
-5
4
-6
-11
-7
-4
-24
-14
-8
-39
-14
4
-32
3
15
8
17
-10
5
-24
-25
-16
2
2
-2
16
-23
-22
-39
-29
-15
-9
6
5
-10
-13
-27
-31
-30
-18
-9
10
7
17
5
-27
-20
-29
-12
-23
16
3
-5
-4
-20
-8
-10
3
-8
6
15
3
1
1
-4
-5
13
9
34
33
17
28
7
3
-7
-8
1
19
28
40
50
26
35
18
23
25
12
23
27
32
25
36
33
21
12
-9
7
-2
25
37
54
49
37
26
-8
-29
-23
-13
-14
10
-2
21
6
-12
-18
-41
-43
-50
-51
-31
-16
-17
-15
-20
-43
-38
-45
-48
-22
-52
-30
-43
-44
-51
-41
-27
-16
-9
-8
16
-5
-20
-15
-24
-42
-24
-23
-23
-19
1
24
15
14
31
26
12
34
8
19
9
33
42
36
40
41
40
7
34
27
31
23
30
39
30
23
23
22
9
12
31
7
16
17
12
5
5
0
0
-15
-14
-14
-31
-9
-14
5
-5
-4
3
18
-26
-32
-33
-35
-40
-20
-14
-24
-1
-1
-19
-24
-19
-26
-20
-34
6
14
32
8
21
9
-19
-37
-33
-25
-31
-10
-2
15
16
13
3
18
-4
5
-12
-1
-7
13
11
1
7
1
11
-1
-2
-3
-16
-12
2
0
15
26
16
8
-10
-8
-2
7
25
27
20
22
0
5
16
26
20
25
37
-20
-8
-22
-3
19
49
62
52
47
-7
-11
-51
-52
-39
-13
-10
9
18
18
0
0
15
-6
15
19
8
13
3
-10
1
-12
-11
-19
-31
-34
-39
-28
-37
-12
-5
4
6
15
-10
-18
-26
-15
-12
-8
-3
12
0
-23
-17
-39
-20
-33
-27
-10
-11
-15
9
19
-11
21
9
11
3
4
-16
-16
-20
-26
-13
1
27
33
31
30
28
9
7
-3
9
-9
8
17
28
17
18
18
-3
-22
-23
-29
-36
-19
7
18
18
25
13
2
-13
-9
22
19
36
33
16
7
-15
-13
-9
-18
0
3
23
8
23
13
-4
15
19
20
11
18
46
26
39
34
2
-1
-12
-15
8
13
19
10
6
-14
-38
-19
-35
-20
-3
10
7
16
-3
-12
-33
-32
-26
-1
4
-6
8
-32
-41
-51
-66
-59
-30
-20
6
9
5
-1
-23
-31
-27
-49
-48
-28
-22
-38
-20
-8
-17
-20
4
10
-2
1
10
17
8
17
28
21
0
10
16
14
15
16
34
44
25
50
40
33
44
30
43
28
53
52
54
39
36
61
42
42
10
31
12
27
41
61
58
38
27
-29
-55
-75
-40
-32
-3
-6
14
-13
-19
-45
-68
-44
-51
-33
-24
-5
-22
-15
-41
-57
-67
-76
-63
-59
-55
-44
-17
-23
-39
-24
-31
-9
-11
1
8
-16
-6
-15
-19
-52
-28
-19
-3
10
26
46
30
37
19
11
11
28
25
51
35
55
58
23
22
-1
13
7
27
27
31
24
10
2
-11
-9
-15
8
21
6
37
16
10
-2
-14
7
6
9
10
17
2
-4
-37
-33
-29
-19
-6
14
12
8
-3
6
-18
-27
-5
3
14
24
58
38
8
7
8
-11
12
22
15
2
14
2
-16
-1
16
16
2
12
-21
-10
-24
7
5
-14
-9
-3
-22
-39
-23
-40
-51
-53
-42
-60
-42
-32
-47
-25
-14
-1
-9
-10
14
-37
-10
-19
-51
-47
-49
-45
-27
-5
3
-5
-5
15
17
33
62
67
52
73
68
52
36
33
33
27
56
80
80
95
85
104
75
78
72
55
79
26
38
15
10
23
28
30
44
33
-6
-13
-44
-48
-57
-46
-61
-49
-23
-48
-64
-70
-58
-58
-93
-79
-72
-93
-85
-101
-72
-91
-89
-85
-72
-64
-101
-80
-79
-91
-117
-91
-70
-74
-70
-60
-40
-60
-50
-45
-30
-14
8
26
10
18
25
29
27
21
42
61
82
90
90
109
126
144
127
163
190
151
147
163
188
141
148
199
203
167
174
165
144
110
76
115
127
122
129
135
104
58
49
13
-7
-28
-17
10
1
-3
-29
-66
-99
-108
-138
-139
-151
-157
-158
-182
-180
-214
-234
-260
-256
-312
-287
-263
-258
-240
-262
-245
-281
-286
-281
-246
-284
-265
-229
-229
-237
-225
-187
-202
-152
-133
-75
-83
-88
-87
-94
-56
-28
33
96
146
137
127
133
135
171
200
282
378
406
429
450
465
474
501
541
574
574
598
604
587
585
573
594
586
566
550
525
480
406
369
324
313
232
220
170
101
30
-29
-91
-161
-197
-222
-266
-321
-350
-419
-477
-514
-530
-557
-588
-609
-621
-662
-662
-674
-685
-706
-714
-721
-740
-763
-747
-701
-707
-689
-645
-614
-623
-645
-602
-575
-538
-495
-408
-344
-363
-341
-289
-248
-190
-107
-20
25
0
38
97
200
314
369
496
568
581
588
666
785
840
901
1012
1085
1069
1060
1084
1114
1119
1172
1281
1305
1241
1177
1121
1007
939
914
944
883
829
737
618
352
46
-76
-4
86
0
18
-87
-436
-769
-766
-632
-704
-714
-612
-625
-853
-986
-954
-1017
-1061
-975
-773
-721
-780
-866
-930
-954
-909
-757
-623
-540
-583
-666
-670
-586
-572
-571
-429
-329
-364
-382
-339
-389
-520
-416
-259
-200
-173
-157
-162
-248
-203
-88
30
114
109
55
6
-52
-37
36
185
292
345
357
317
184
-48
-97
74
358
507
573
681
593
283
153
421
677
708
727
942
958
636
526
685
821
784
895
1221
1296
1049
845
866
824
757
841
1091
1076
797
603
498
401
273
244
173
107
102
120
9
-115
-200
-370
-577
-531
-284
-347
-560
-585
-584
-769
-876
-718
-692
-860
-927
-736
-686
-779
-767
-757
-826
-874
-735
-669
-733
-825
-882
-873
-822
-779
-790
-758
-743
-791
-784
-693
-632
-723
-752
-580
-493
-491
-450
-401
-446
-467
-284
-109
-44
-69
-12
32
84
138
169
230
178
188
300
514
655
651
618
576
429
152
130
390
636
672
815
997
879
464
304
581
749
741
905
1253
1209
803
704
925
977
875
1058
1404
1441
1169
1035
1068
999
868
973
1233
1203
977
789
693
425
166
173
316
180
-106
-147
-143
-373
-613
-475
-405
-662
-841
-718
-719
-1067
-1177
-1061
-1097
-1348
-1353
-1173
-1241
-1429
-1388
-1191
-1200
-1284
-1220
-1116
-1195
-1271
-1200
-1086
-1074
-1121
-1073
-1003
-998
-1024
-938
-805
-748
-720
-547
-407
-378
-356
-248
-174
-158
-54
51
132
144
231
354
472
493
581
714
740
696
708
836
856
858
985
1042
1057
1031
1013
891
530
320
431
810
923
960
1148
1079
607
147
413
711
643
648
970
1156
665
393
562
705
489
478
1041
1281
998
715
763
722
432
434
751
922
612
342
334
272
20
-192
-101
-19
-119
-315
-397
-443
-766
-1138
-1215
-955
-870
-924
-823
-820
-1080
-1418
-1409
-1268
-1252
-1252
-1124
-1012
-1114
-1224
-1239
-1169
-1162
-1115
-878
-732
-685
-839
-826
-726
-693
-624
-465
-266
-377
-454
-354
-268
-274
-196
60
163
169
213
322
283
204
299
501
615
644
708
756
702
629
674
797
792
703
710
769
718
635
728
810
720
627
578
338
-221
-541
-301
174
291
442
726
511
-273
-755
-274
97
34
164
668
688
63
-137
157
277
71
362
1139
1367
1043
813
844
654
453
705
1175
1341
1009
707
643
526
348
221
291
315
230
113
34
11
-205
-478
-598
-404
-363
-607
-718
-766
-957
-1227
-1145
-971
-1028
-1151
-1088
-985
-1076
-1103
-1071
-1072
-1057
-958
-834
-799
-814
-921
-974
-966
-868
-710
-635
-573
-587
-551
-425
-323
-273
-227
-79
-27
-34
14
141
117
32
147
348
419
368
382
424
415
413
564
782
768
601
501
493
398
371
533
624
586
543
601
546
172
-465
-792
-510
52
269
457
845
617
-446
-1013
-336
219
96
280
994
1012
180
-47
398
442
45
408
1368
1679
1251
950
993
781
520
817
1472
1722
1322
902
818
690
496
261
238
383
374
119
-159
-69
-142
-614
-801
-258
-44
-615
-909
-789
-1060
-1557
-1302
-786
-948
-1280
-1166
-1074
-1368
-1396
-1124
-1073
-1119
-904
-679
-828
-1052
-1075
-1080
-1073
-805
-514
-477
-587
-637
-665
-616
-428
-283
-141
46
70
16
77
165
121
136
406
577
531
513
468
381
382
612
858
1000
914
726
485
274
262
391
589
698
682
608
524
340
-168
-834
-1058
-565
-54
63
387
767
246
-948
-1223
-405
-5
-84
337
923
605
-168
-124
207
100
-4
663
1508
1589
1301
1141
935
580
579
1107
1630
1801
1559
1194
889
753
737
701
710
736
663
252
-255
-308
-135
-273
-349
167
404
-340
-1044
-967
-981
-1383
-1191
-462
-533
-1160
-1272
-1093
-1390
-1638
-1201
-792
-847
-867
-653
-850
-1266
-1321
-1120
-974
-788
-529
-615
-877
-977
-953
-865
-645
-340
-179
-131
-158
-295
-351
-309
-211
-39
250
456
440
361
199
107
175
418
643
727
693
549
363
181
174
366
578
581
621
768
732
280
-370
-792
-670
-223
129
560
1002
850
-73
-787
-576
-80
120
449
1012
1142
573
258
410
343
131
468
1278
1688
1597
1419
1208
785
491
744
1237
1619
1622
1338
970
715
595
477
485
701
763
299
-286
-433
-391
-710
-756
-22
361
-353
-881
-741
-969
-1557
-1207
-380
-497
-968
-811
-762
-1437
-1677
-1157
-873
-980
-687
-269
-622
-1181
-1212
-1081
-1159
-954
-443
-398
-703
-903
-903
-1007
-960
-616
-301
-150
-196
-284
-381
-546
-631
-328
137
365
387
396
313
10
-166
131
563
645
574
643
590
219
-71
182
466
395
471
810
847
244
-414
-776
-764
-465
-81
435
882
787
-11
-727
-595
-278
-96
264
919
1107
624
404
483
339
99
520
1344
1712
1733
1770
1594
1047
699
980
1403
1663
1723
1652
1378
995
762
693
733
819
978
923
442
-148
-447
-595
-833
-584
139
292
-376
-874
-800
-1177
-1704
-1195
-423
-654
-1159
-744
-650
-1550
-1934
-1274
-980
-1239
-847
-298
-688
-1440
-1455
-1252
-1321
-1076
-543
-451
-780
-878
-860
-1046
-1015
-655
-323
-266
-294
-339
-507
-752
-698
-228
186
320
401
447
193
-184
-72
306
492
540
638
626
374
119
30
128
277
469
656
753
396
-350
-795
-603
-284
-24
501
1023
750
-191
-502
-235
-121
-67
486
1132
1021
711
781
839
499
317
906
1510
1684
1811
2020
1786
1059
879
1267
1507
1542
1679
1765
1415
998
856
776
633
608
705
530
76
-323
-407
-539
-695
-585
-152
-141
-730
-1056
-943
-1122
-1630
-1353
-720
-941
-1410
-1058
-629
-1424
-1847
-1236
-865
-1283
-1219
-525
-724
-1369
-1329
-968
-1104
-1133
-691
-613
-871
-895
-757
-860
-989
-630
-336
-268
-235
-153
-134
-350
-386
-113
258
328
248
427
486
202
98
485
783
665
630
766
698
351
150
296
420
439
552
731
313
-502
-900
-675
-466
-320
350
907
524
-382
-634
-369
-459
-412
234
869
699
456
709
707
221
29
702
1293
1352
1664
2060
1832
1025
773
1183
1397
1421
1612
1888
1616
1178
1008
925
756
587
552
466
400
322
-64
-410
-288
-182
-435
-383
23
-343
-1133
-1089
-749
-1153
-1417
-684
-456
-1159
-1240
-695
-1032
-1737
-1408
-750
-986
-1178
-661
-599
-1271
-1605
-1251
-1191
-1330
-1182
-949
-951
-1040
-904
-762
-678
-730
-677
-503
-506
-533
-448
-264
-331
-262
91
213
190
274
406
333
336
704
750
629
644
669
409
203
369
474
523
652
888
285
-750
-1276
-996
-500
-65
886
1441
749
-515
-867
-369
-237
20
841
1470
1163
744
1016
972
405
269
1157
2032
2268
2544
2529
1739
681
515
1193
1574
1755
1787
1558
833
289
314
212
-28
-112
318
328
-189
-741
-1350
-1860
-1896
-822
178
443
45
-694
-1356
-1598
-951
-299
142
317
150
-127
-436
-465
-945
-1098
-639
-65
166
-66
-430
-1393
-2165
-2046
-1376
-905
-1044
-1287
-1849
-2276
-2161
-1727
-1227
-967
-739
-911
-1175
-1239
-1214
-1051
-504
380
854
861
691
335
-40
76
902
1542
1623
1328
941
452
-120
-83
226
683
952
1165
764
-910
-2559
-2957
-1716
-434
807
1934
1683
-270
-2079
-1542
-99
814
1816
2981
3319
2223
1392
1247
1107
1118
1843
3354
4053
3632
2360
915
-42
-223
605
1499
1889
1230
-132
-1260
-1732
-1558
-1211
-621
63
437
197
-687
-2385
-3440
-2914
-1164
594
2294
2982
1077
-1243
-1381
-148
284
1224
2857
2059
-182
-679
-173
-1434
-2328
-683
240
-676
-1215
-1112
-2719
-4311
-3150
-1317
-900
-1097
-1055
-2282
-3675
-3045
-1344
-180
468
1239
868
-283
-938
-1006
-725
130
1610
2493
2318
1393
-56
-928
-730
353
1331
1677
1069
-490
-1601
-1957
-1571
-1089
-217
583
550
-247
-2159
-3963
-4190
-2258
164
2027
3525
3163
567
-1999
-1452
948
2476
3585
4773
4917
2971
1221
1031
1148
1073
1749
3542
4241
3080
1096
-630
-1604
-1655
-301
1329
1866
715
-1170
-2366
-2527
-1756
-616
738
1761
1960
1450
430
-830
-2061
-1734
179
2502
3709
3298
1504
-1000
-2174
-1539
124
1296
1459
466
-1328
-2511
-2966
-2989
-2673
-1832
-1193
-1378
-1809
-2549
-3643
-4154
-2951
-1017
75
320
-285
-1778
-2969
-2302
-533
845
1711
2230
1635
-29
-1066
-1137
-845
-283
988
1981
1552
258
-989
-1721
-1639
-498
847
1372
928
-154
-1297
-1833
-1532
-732
-30
955
1758
1683
-270
-2782
-3738
-2473
-11
2192
4139
4477
2004
-1366
-2124
-67
1756
2781
3981
4593
3237
1122
401
276
107
595
2403
3892
3532
1846
-268
-1731
-1932
-642
1268
2397
2009
191
-1504
-2024
-1365
-417
814
2055
2396
1518
242
-395
-1283
-1739
-417
2168
3219
1911
494
-906
-2498
-2810
-710
1188
701
-503
-1445
-2563
-3701
-3239
-2083
-1656
-1429
-1150
-1455
-2624
-3319
-3278
-2657
-1272
249
571
-493
-1622
-2414
-2476
-1276
683
1819
1673
1159
406
-664
-1343
-907
-3
754
1094
1087
612
-434
-1387
-1326
-129
998
1297
1261
611
-571
-1493
-1079
-124
441
1190
1736
1574
-627
-3018
-3669
-2311
104
2196
4090
4283
1980
-1111
-2035
-178
1729
2978
4078
4656
3446
1266
274
169
339
776
2386
3774
3329
1482
-628
-1817
-2047
-936
895
2125
1669
-208
-1809
-2323
-1783
-821
612
1952
2221
1516
624
3
-841
-1417
-696
1190
2571
2284
984
-649
-2221
-2929
-1721
222
910
-34
-1475
-2638
-3521
-3446
-2456
-1457
-1232
-1433
-1580
-2112
-2762
-2993
-2389
-1280
-125
623
299
-875
-2041
-2221
-1337
231
1506
1888
1451
537
-504
-1301
-1104
-258
379
636
903
755
-233
-1356
-1381
-684
202
1245
1696
1236
109
-770
-1127
-793
552
1693
2054
1041
-1344
-3362
-3482
-1142
1295
3132
4379
3675
989
-1264
-683
1078
2051
3058
4284
4434
2678
1054
282
-158
-119
1011
2988
3663
2617
477
-1302
-2170
-1885
-579
898
1655
638
-1030
-2023
-1921
-1535
-750
883
2126
2359
1687
841
-725
-2177
-1920
-150
1852
2508
2140
119
-2478
-3595
-2652
-883
147
565
-344
-2108
-3421
-3423
-2833
-2323
-1401
-729
-652
-1228
-1931
-2663
-2925
-1835
-271
985
1249
519
-1149
-2443
-2002
-458
988
1813
2059
1350
63
-946
-1443
-1374
-641
474
1160
1220
740
-385
-1562
-1484
-66
1405
2046
1786
961
-430
-1082
-705
690
1770
1924
398
-2237
-3443
-2728
-626
1138
3019
4014
2500
135
-963
181
1160
1766
2888
3929
3780
2111
990
246
-97
-79
1281
3017
3217
1964
26
-1095
-1753
-1388
-201
994
1171
0
-1023
-1561
-1509
-1382
-487
998
2059
2233
1780
1020
-395
-1498
-1713
-454
790
1200
819
-75
-1025
-2306
-2401
-1527
-728
-695
-1080
-1198
-1892
-2465
-2563
-2088
-1747
-1450
-1066
-1176
-1657
-2137
-1951
-1534
-599
246
514
162
-642
-1173
-1496
-919
73
952
1270
1065
520
-523
-1145
-1064
-458
155
830
1178
833
199
-76
152
608
1038
1404
1231
804
508
396
605
841
582
-1700
-3835
-3681
-1342
869
1762
2945
2631
156
-1890
-967
1926
2954
2930
3092
3310
2191
680
631
1187
1239
940
2004
2946
2401
292
-1281
-1434
-1250
-530
361
1127
283
-1557
-2281
-1587
-495
-7
900
1658
1757
411
-453
-311
-325
-194
461
2172
2086
372
-844
-1243
-1380
-1348
-52
527
-449
-1639
-1969
-2241
-2602
-1903
-1165
-949
-1391
-1311
-1539
-2139
-2328
-1861
-935
-358
2
-266
-723
-1266
-1535
-1225
-195
724
695
384
108
-286
-1222
-1547
-876
94
592
577
632
-88
-967
-1139
-86
1285
1863
1891
1548
750
70
-2
642
1452
1615
795
-1671
-3354
-2998
-1059
903
2323
3713
2765
152
-1691
-756
1329
2353
3185
3905
3835
2146
609
94
392
559
1037
2340
2916
2116
-19
-1488
-1901
-1745
-861
295
1137
334
-1179
-2026
-1846
-1270
-772
131
1016
1332
841
382
54
-328
-241
574
1404
1359
564
-478
-1284
-1586
-1125
-384
-320
-732
-1471
-2015
-2107
-1700
-1166
-974
-963
-951
-1052
-1425
-1672
-1762
-1617
-1122
-309
250
45
-481
-996
-1202
-936
-133
810
918
415
-160
-512
-804
-1096
-741
-183
40
9
-57
-172
-529
-677
-54
1077
1818
1759
1043
167
-216
-297
621
1810
2387
247
-3270
-4723
-3509
-645
1520
3709
4494
2132
-1112
-2367
-404
1721
2969
3916
4413
3626
1626
238
-245
123
327
1567
3021
3446
2043
-473
-2030
-2633
-1929
-452
1183
1637
309
-1463
-2488
-2260
-1434
60
1699
2680
2368
1002
-487
-1764
-2106
-1124
1038
2670
2794
1328
-783
-2394
-3002
-1965
-379
657
329
-823
-2062
-2968
-2945
-2138
-1191
-533
-126
-174
-872
-1921
-2491
-2159
-1338
-112
836
950
98
-1248
-1908
-1459
-136
1216
1740
1409
413
-938
-1884
-1980
-1256
-321
463
795
582
-50
-735
-995
-420
802
1528
1578
1124
632
30
-23
714
1591
584
-2307
-3883
-3330
-975
985
2794
4199
2506
-367
-2042
-589
1702
2771
3517
3957
3560
2012
707
248
529
289
729
2046
2886
2354
254
-1166
-2023
-2207
-1286
396
1601
800
-636
-1470
-1506
-1561
-874
688
1934
2006
1284
931
230
-660
-865
123
1329
1436
929
69
-938
-1853
-1974
-1365
-755
-671
-1188
-1732
-2198
-2278
-1957
-1365
-978
-847
-736
-941
-1278
-1726
-1692
-1231
-729
-175
149
254
-288
-976
-1042
-330
502
1020
978
489
-445
-1311
-1396
-1039
-385
-9
251
138
-285
-569
-577
24
636
1224
1418
1130
563
-81
208
749
1672
1019
-1437
-3359
-3883
-1861
331
2585
4286
3230
464
-1782
-1220
878
2477
3523
4135
3688
2321
1018
383
391
33
438
1568
2650
2582
892
-765
-2123
-2688
-1978
-122
1538
1414
-46
-1273
-1844
-2079
-1442
214
1931
2395
2017
1450
491
-707
-1323
-547
630
1302
1100
287
-838
-1819
-2061
-1733
-977
-593
-896
-1585
-2020
-2102
-1921
-1409
-841
-478
-542
-757
-1079
-1377
-1596
-1435
-695
-29
374
364
30
-495
-825
-495
367
1206
1302
701
-385
-1199
-1420
-1123
-453
187
360
28
-507
-710
-564
-117
511
1035
1211
1010
667
598
767
1002
872
-1372
-3464
-4016
-2408
201
1906
3980
3632
897
-1797
-2090
133
2030
3477
4299
4010
2439
941
133
181
295
462
1442
2180
2568
1455
-150
-1620
-2637
-2350
-1013
921
1690
853
-627
-1567
-1803
-1342
-181
1311
2056
1672
1119
637
220
-368
-373
143
514
832
622
-143
-1201
-1748
-1682
-1378
-920
-550
-875
-1807
-2356
-2271
-1745
-1066
-485
-340
-604
-984
-1307
-1549
-1511
-1203
-708
-255
171
323
156
-240
-366
-6
581
1146
1051
301
-404
-752
-708
-326
239
497
168
-589
-865
-736
-320
273
831
1310
1386
1276
1063
729
581
-307
-2717
-3927
-3305
-761
1426
2794
4179
2869
-163
-2466
-1857
729
2687
3982
4431
3579
1612
-93
-740
-151
371
871
1569
2024
2084
845
-638
-1856
-2527
-2185
-930
676
1276
651
-495
-1382
-1778
-1078
344
1648
1974
1511
1176
601
31
-300
-11
2
-177
-103
117
-122
-1101
-1559
-1470
-1238
-1083
-812
-687
-1208
-1886
-2106
-1776
-1244
-707
-630
-718
-901
-1160
-1405
-1551
-1134
-780
-484
-189
101
131
-32
-46
271
857
1193
1031
299
-294
-613
-555
-231
228
677
298
-208
-352
-117
362
681
1029
1123
809
752
767
1099
387
-2208
-3826
-3819
-1437
1207
3427
5253
3943
650
-2076
-2007
111
2202
4001
4854
3794
1675
-67
-917
-798
-562
394
1479
1947
1935
944
-434
-2124
-3223
-2944
-1657
66
1017
698
-338
-1354
-1939
-1643
-468
1047
2053
1955
1508
908
366
-90
-321
-126
84
113
-187
-798
-1218
-1561
-1764
-1608
-915
-335
-647
-1314
-1647
-1620
-1724
-1500
-787
-292
-350
-766
-950
-1109
-1224
-1194
-941
-454
-116
50
-38
10
172
358
652
918
842
288
-502
-1020
-754
-191
398
585
678
670
487
215
15
235
427
569
910
1172
1413
478
-2057
-3621
-3557
-1304
1219
3472
5474
4700
1885
-800
-1316
157
1806
3361
4480
4065
2518
643
-675
-1033
-1063
-216
956
1824
2154
1340
23
-1745
-3159
-3312
-2181
-590
429
542
12
-949
-2016
-2115
-977
635
1494
1534
1257
456
-454
-877
-313
265
203
-122
-532
-1185
-1904
-2087
-1740
-1393
-966
-427
-408
-775
-1194
-1575
-1940
-1894
-1184
-620
-597
-778
-911
-1234
-1558
-1377
-717
-213
-29
-32
-64
59
279
542
682
792
652
191
-230
-398
-377
-214
256
830
1389
1403
1013
567
26
-87
159
932
1545
1626
-278
-2685
-4060
-3402
-895
1609
4727
6045
4593
1577
-682
-487
694
2469
4248
5165
4451
2696
852
-389
-1129
-1271
-441
694
1986
2294
1573
-4
-2073
-3490
-3719
-2378
-594
646
951
418
-892
-2124
-2323
-1477
-317
400
1099
1180
495
-492
-827
-648
-489
-6
576
615
-120
-1188
-2165
-3003
-3072
-2221
-1163
-421
-272
-682
-1575
-2450
-2617
-2255
-1598
-773
-221
-232
-607
-1155
-1647
-2013
-1886
-1199
-258
744
1320
1331
714
-230
-1037
-1457
-1139
-351
476
929
1110
1032
582
-8
-139
89
355
725
1464
2088
2107
630
-1447
-2962
-3248
-1696
432
3333
5321
5025
3149
993
286
784
1939
3627
4936
5137
4180
2670
1560
643
-34
-13
424
1384
2049
2278
1916
403
-1474
-3023
-3352
-2440
-1095
253
935
555
-648
-1908
-2266
-1812
-1181
-495
131
449
243
-129
-432
-719
-1093
-1235
-961
-469
-88
-227
-949
-1921
-2677
-2859
-2554
-1867
-1204
-930
-1112
-1554
-1946
-2199
-2282
-2170
-1753
-1337
-838
-577
-773
-1371
-2027
-2068
-1520
-535
482
1088
1111
518
-427
-1163
-1266
-874
-405
186
791
1169
1100
624
213
-162
-230
235
982
1758
1060
-179
-1371
-1833
-1198
16
2265
4071
4412
3492
2146
1352
1123
1637
2735
3801
4485
4517
3934
3157
2202
1369
862
626
1122
1852
2683
2927
2008
557
-1189
-2311
-2636
-1994
-597
607
955
446
-514
-1405
-1936
-2132
-1863
-1304
-592
224
712
947
776
148
-764
-1616
-1794
-1275
-733
-436
-539
-1050
-1924
-2691
-3026
-2903
-2596
-2218
-1843
-1626
-1548
-1666
-2029
-2367
-2451
-2330
-2086
-1707
-1328
-1189
-1358
-1524
-1440
-1135
-708
-504
-417
-473
-533
-632
-598
-265
132
332
313
348
369
101
-254
-83
404
1046
1157
634
28
-696
-690
-195
1167
2919
3850
3912
3124
2373
1860
1575
1840
2502
3203
3676
3777
3672
3344
2644
1882
1315
1293
1639
2167
2784
2859
2444
1506
439
-477
-1071
-1034
-617
36
495
626
404
-123
-955
-1901
-2536
-2697
-2178
-1201
128
1240
1469
944
-160
-1307
-2103
-2254
-1802
-1145
-617
-383
-515
-921
-1504
-2232
-2809
-3120
-3002
-2493
-1787
-1086
-807
-1044
-1754
-2569
-3117
-3315
-2991
-2415
-1771
-1317
-1140
-1147
-1340
-1407
-1430
-1428
-1228
-859
-432
-139
57
267
385
292
231
221
243
172
338
763
1202
1422
1230
994
497
136
135
740
1809
2625
3013
2975
2614
2003
1506
1436
1822
2191
2530
2763
2908
2987
2800
2624
2304
2006
1727
1646
1801
1992
2132
2026
1726
1380
990
612
331
-14
-266
-465
-461
-270
-167
-248
-629
-1097
-1556
-1735
-1446
-845
-123
307
286
-78
-655
-1286
-1755
-1954
-1808
-1464
-1081
-798
-707
-904
-1362
-1881
-2285
-2425
-2290
-2017
-1732
-1503
-1492
-1695
-1952
-2233
-2479
-2679
-2679
-2563
-2262
-1771
-1343
-925
-829
-999
-1244
-1476
-1542
-1358
-774
-44
527
789
799
550
160
-109
20
456
1021
1542
1854
2020
1810
1484
1241
1052
974
986
1184
1481
1731
1917
2091
2031
1832
1614
1503
1501
1449
1500
1671
1903
2109
2225
2374
2284
1828
1294
873
725
876
1296
1863
2175
2053
1539
824
108
-346
-455
-275
-61
142
158
-43
-419
-763
-965
-1060
-977
-854
-585
-362
-316
-464
-741
-1072
-1382
-1551
-1467
-1244
-1141
-1086
-1197
-1311
-1331
-1452
-1518
-1642
-1708
-1781
-1801
-1659
-1544
-1565
-1858
-2180
-2393
-2546
-2560
-2365
-1949
-1648
-1439
-1253
-1167
-1221
-1264
-1093
-830
-594
-259
-1
132
329
591
686
600
597
650
698
960
1385
1848
2117
2124
2000
1752
1578
1418
1266
1282
1414
1445
1477
1453
1367
1325
1250
1256
1413
1539
1587
1627
1573
1471
1292
1207
1151
1056
1038
1076
1129
1093
964
821
706
580
485
541
537
480
338
159
-127
-457
-694
-796
-863
-823
-570
-405
-253
-347
-500
-667
-1035
-1132
-1069
-920
-705
-628
-568
-808
-1107
-1153
-1249
-1242
-1217
-1232
-1229
-1220
-986
-904
-959
-954
-1155
-1369
-1632
-1700
-1740
-1792
-1551
-1415
-1156
-1189
-1240
-1212
-1232
-1144
-876
-641
-400
-173
16
218
196
246
276
297
439
641
887
1078
1046
1049
1121
1222
1100
1025
992
1004
989
1063
1265
1260
1259
1253
1095
987
964
918
899
1032
1350
1361
1227
1120
857
666
651
799
1002
1010
923
728
465
386
267
198
253
258
264
174
149
63
-62
-212
-428
-478
-407
-434
-457
-518
-592
-591
-596
-456
-384
-415
-501
-602
-610
-599
-601
-582
-585
-685
-627
-543
-489
-511
-657
-695
-759
-891
-925
-964
-901
-791
-749
-690
-608
-672
-782
-914
-909
-801
-728
-592
-464
-359
-350
-355
-295
-297
-288
-215
-69
103
259
508
628
681
622
576
484
382
351
321
312
319
404
548
647
688
684
640
568
558
631
648
626
642
576
599
631
697
719
702
694
574
533
593
559
496
532
503
457
363
257
139
4
2
5
79
151
58
-90
-263
-470
-603
-585
-359
-173
-42
61
24
-100
-268
-407
-470
-441
-446
-407
-361
-294
-339
-354
-336
-375
-417
-448
-357
-310
-332
-512
-649
-727
-735
-715
-601
-458
-348
-372
-414
-372
-344
-364
-405
-416
-434
-389
-358
-244
-115
-69
-12
65
143
235
274
374
504
579
567
547
483
404
404
399
499
555
587
513
468
463
430
465
478
488
503
499
469
433
309
294
270
317
401
512
586
528
435
276
129
78
47
51
82
133
93
65
52
-23
-180
-328
-404
-518
-510
-519
-538
-543
-524
-532
-506
-374
-226
-126
-158
-196
-243
-315
-380
-425
-376
-308
-308
-300
-262
-204
-279
-281
-283
-209
-134
-152
-148
-189
-339
-446
-511
-477
-357
-255
-157
-155
-166
-205
-319
-370
-265
-150
-135
-143
-47
3
16
-37
37
175
219
296
414
505
505
413
378
432
509
614
718
819
865
778
666
576
486
446
433
480
576
530
427
426
369
334
306
283
301
297
266
281
356
388
313
215
167
66
-8
0
-14
25
-29
-46
-104
-210
-312
-411
-397
-543
-559
-540
-568
-533
-425
-367
-324
-321
-358
-476
-547
-649
-686
-649
-576
-407
-244
-156
-236
-317
-384
-429
-466
-408
-334
-198
-160
-186
-168
-230
-348
-395
-428
-397
-283
-137
-80
-174
-217
-325
-366
-334
-272
-128
-4
121
171
153
169
141
125
164
258
396
383
367
351
459
477
561
677
667
649
598
633
617
675
681
643
645
602
539
431
337
316
258
256
338
458
424
412
404
332
240
57
9
85
164
335
390
456
377
160
-127
-234
-257
-267
-199
-18
69
24
-83
-154
-249
-431
-410
-418
-386
-307
-316
-333
-377
-427
-519
-637
-605
-622
-594
-559
-456
-327
-409
-414
-416
-464
-501
-501
-429
-414
-337
-303
-343
-332
-329
-395
-372
-383
-341
-261
-338
-256
-261
-293
-287
-279
-232
-172
-107
-1
-44
-38
38
82
137
211
238
228
295
351
465
511
597
609
609
594
614
602
571
566
581
573
598
646
654
563
447
360
349
406
439
559
614
569
483
398
291
275
266
320
333
288
210
169
101
73
124
66
-5
-17
-22
-59
-128
-111
-140
-244
-277
-312
-353
-373
-419
-433
-474
-445
-406
-493
-440
-459
-498
-553
-593
-586
-546
-586
-515
-449
-457
-405
-410
-378
-395
-399
-431
-366
-269
-226
-169
-107
-122
-154
-212
-262
-217
-206
-211
-170
-112
-91
-127
-166
-131
-118
-110
20
77
121
133
182
169
222
282
268
290
347
364
383
436
442
483
460
446
483
494
470
507
430
431
442
425
457
444
456
466
460
370
349
334
304
288
336
399
397
363
330
299
203
132
109
83
46
56
2
31
-10
-107
-180
-245
-256
-294
-269
-273
-302
-314
-379
-400
-419
-446
-463
-473
-466
-468
-503
-519
-530
-574
-578
-517
-452
-409
-375
-374
-344
-358
-305
-275
-243
-220
-206
-147
-176
-185
-253
-270
-241
-223
-207
-119
0
34
42
34
-53
-87
-120
-133
6
108
165
208
246
168
115
97
154
276
420
501
582
575
499
434
383
373
383
409
417
413
422
368
313
293
288
304
321
338
423
448
423
420
376
297
294
259
244
296
292
230
157
87
64
5
-29
-23
-48
-46
-76
-74
-78
-160
-195
-251
-306
-291
-326
-312
-334
-342
-417
-425
-419
-437
-392
-375
-375
-389
-398
-436
-434
-394
-398
-402
-382
-398
-395
-385
-387
-328
-265
-204
-217
-225
-278
-363
-429
-449
-329
-213
-118
-34
4
-94
-151
-173
-272
-230
-94
16
135
198
177
153
107
84
102
168
331
446
496
593
542
488
471
475
540
604
654
632
608
595
509
456
488
457
417
387
440
475
503
535
560
543
472
397
329
263
266
233
213
241
154
96
28
-52
-113
-166
-196
-183
-191
-191
-206
-274
-321
-349
-396
-397
-486
-513
-508
-521
-500
-510
-533
-519
-516
-532
-497
-405
-417
-416
-408
-431
-461
-522
-488
-518
-470
-434
-372
-351
-337
-382
-443
-441
-481
-354
-259
-198
-155
-178
-184
-174
-172
-172
-98
-35
-10
-12
29
32
-5
-11
59
149
228
317
373
425
478
497
533
611
585
546
523
500
565
626
683
707
777
731
631
568
557
576
613
672
730
743
673
585
444
421
339
329
390
377
394
337
303
240
180
128
7
19
9
-41
-53
-43
-88
-209
-337
-413
-447
-478
-465
-393
-376
-414
-469
-542
-601
-676
-652
-579
-506
-457
-441
-473
-599
-634
-701
-732
-682
-620
-589
-603
-578
-545
-568
-623
-577
-565
-523
-425
-376
-342
-383
-360
-377
-427
-378
-313
-275
-205
-156
-131
-147
-138
-79
-5
42
118
182
251
317
354
381
388
383
430
452
503
576
600
693
707
782
798
750
757
773
752
763
801
826
839
827
824
773
675
583
541
491
534
574
553
582
539
437
315
278
228
172
267
308
247
176
97
-29
-140
-205
-181
-196
-201
-195
-164
-208
-297
-358
-473
-582
-618
-593
-571
-507
-452
-527
-576
-589
-700
-748
-736
-761
-770
-759
-671
-674
-675
-709
-753
-777
-776
-699
-636
-566
-507
-503
-530
-545
-584
-571
-482
-411
-327
-266
-250
-258
-286
-333
-300
-203
-124
20
133
174
217
247
236
269
329
354
427
475
552
568
594
632
649
687
715
759
828
835
907
946
954
919
887
833
735
717
644
660
670
701
701
653
631
527
471
422
405
413
432
450
458
394
293
175
40
-50
-81
-81
-76
-55
-33
-80
-141
-155
-270
-315
-355
-385
-437
-416
-442
-538
-579
-644
-699
-734
-777
-750
-742
-783
-784
-752
-703
-724
-720
-711
-803
-869
-815
-802
-743
-652
-591
-562
-571
-575
-539
-560
-489
-402
-344
-323
-285
-232
-261
-269
-217
-180
-170
-49
-8
34
77
146
266
208
307
333
357
428
443
470
575
608
686
746
787
779
753
805
761
746
789
767
764
778
743
723
681
713
709
645
629
599
621
542
513
476
495
447
424
416
374
322
262
261
223
154
129
114
79
-15
-94
-89
-148
-169
-120
-109
-160
-196
-271
-386
-461
-457
-537
-582
-582
-589
-666
-715
-719
-795
-834
-823
-826
-812
-750
-756
-715
-730
-749
-751
-785
-755
-738
-691
-643
-627
-568
-548
-487
-510
-430
-374
-389
-315
-258
-241
-204
-174
-73
-64
-24
-9
6
80
118
216
287
328
410
471
519
608
670
749
735
731
768
742
740
760
742
748
756
738
756
750
799
783
780
798
767
710
665
635
604
577
514
487
415
357
311
307
324
290
270
217
162
160
68
-11
-81
-140
-148
-213
-183
-204
-258
-314
-372
-386
-458
-493
-469
-532
-606
-629
-577
-626
-681
-664
-752
-776
-762
-765
-788
-772
-733
-764
-736
-715
-696
-660
-584
-557
-559
-506
-491
-483
-453
-431
-421
-396
-345
-309
-235
-216
-164
-159
-139
-115
-84
23
64
89
145
174
205
229
278
375
421
534
609
667
669
691
649
665
695
731
755
764
783
779
773
733
741
727
744
732
758
720
675
663
624
584
565
519
499
412
392
383
316
302
249
176
95
76
36
-1
-44
-69
-148
-208
-276
-317
-339
-400
-411
-429
-466
-513
-571
-569
-599
-621
-606
-665
-633
-701
-734
-709
-753
-759
-762
-763
-735
-747
-744
-707
-712
-621
-604
-547
-529
-484
-423
-439
-311
-306
-261
-252
-295
-257
-248
-212
-122
-89
-50
-19
-13
18
26
89
207
216
377
404
437
438
414
446
437
494
511
580
629
642
712
716
712
747
705
751
732
752
773
695
715
700
639
625
567
525
476
429
434
436
503
461
446
366
309
234
111
102
87
58
57
27
-70
-135
-171
-251
-286
-249
-302
-312
-341
-420
-440
-499
-497
-510
-515
-526
-549
-575
-596
-636
-652
-708
-683
-650
-677
-636
-624
-616
-648
-648
-598
-594
-573
-520
-488
-486
-455
-396
-389
-349
-326
-283
-248
-208
-205
-173
-99
-105
-113
-70
-13
0
60
115
160
171
168
192
234
344
389
465
504
494
476
551
559
579
604
619
637
611
639
613
562
603
616
679
713
721
716
612
546
512
421
354
395
366
389
402
437
380
323
271
258
170
114
90
-1
-29
-58
-61
-63
-140
-186
-187
-266
-269
-351
-384
-457
-476
-430
-414
-336
-376
-407
-448
-486
-501
-526
-559
-578
-602
-594
-550
-545
-579
-587
-588
-563
-551
-481
-434
-395
-329
-313
-290
-282
-302
-378
-408
-374
-336
-251
-162
-89
-59
2
26
38
5
-7
33
75
161
217
241
277
288
272
268
259
325
316
394
485
556
583
605
584
536
502
501
501
522
558
531
523
454
443
427
409
393
376
433
423
381
372
334
299
267
218
202
190
172
171
88
54
-16
-59
-115
-168
-191
-150
-131
-177
-191
-205
-290
-388
-393
-417
-424
-420
-383
-397
-412
-460
-499
-503
-534
-509
-495
-441
-444
-423
-473
-474
-481
-462
-456
-459
-381
-360
-354
-298
-317
-280
-290
-295
-234
-224
-154
-82
-38
-60
-61
3
-1
-8
66
116
128
175
197
227
254
296
384
356
400
487
449
447
505
515
464
490
533
490
503
545
548
516
509
528
531
497
483
447
384
345
347
302
278
245
227
179
142
90
106
99
41
37
0
-6
-29
-20
-84
-130
-163
-219
-239
-272
-311
-309
-304
-378
-376
-412
-370
-404
-381
-361
-371
-372
-445
-446
-466
-479
-465
-450
-412
-378
-388
-352
-372
-382
-420
-370
-377
-333
-297
-259
-219
-242
-241
-257
-209
-248
-208
-157
-102
-29
27
48
49
9
1
18
9
81
147
216
288
290
293
285
281
267
271
346
378
430
458
477
510
491
516
508
508
515
501
473
458
434
435
423
406
405
390
343
323
306
298
231
234
223
223
165
122
85
19
0
-30
-9
-27
-40
-54
-77
-132
-147
-211
-278
-307
-345
-350
-296
-290
-311
-322
-358
-380
-415
-392
-401
-393
-384
-358
-406
-419
-417
-428
-408
-388
-302
-262
-272
-257
-277
-383
-410
-383
-338
-284
-196
-155
-143
-177
-185
-173
-174
-103
-27
7
38
-26
5
-10
-10
51
109
144
137
182
156
147
204
263
314
367
359
330
300
361
341
347
392
386
368
389
370
380
370
416
396
344
343
299
314
286
319
346
364
352
288
218
174
96
113
145
133
147
119
59
-14
-61
-73
-75
-3
55
31
44
-17
-132
-206
-218
-270
-320
-260
-250
-250
-270
-229
-234
-228
-183
-229
-329
-350
-353
-380
-385
-285
-231
-242
-277
-351
-411
-456
-422
-382
-373
-356
-287
-246
-243
-161
-129
-161
-186
-252
-276
-276
-241
-193
-137
-76
-22
-26
24
35
23
56
51
55
68
95
133
172
218
260
257
234
271
274
309
309
362
392
389
441
394
384
355
344
321
311
319
335
384
408
419
417
343
264
208
171
175
196
253
253
255
241
222
194
85
63
8
-3
-22
-23
-42
-60
-47
-63
-73
-99
-98
-123
-138
-188
-218
-279
-275
-305
-332
-324
-301
-269
-246
-228
-222
-226
-272
-283
-323
-326
-362
-357
-344
-357
-325
-316
-302
-275
-270
-259
-262
-267
-258
-235
-183
-148
-133
-106
-104
-131
-140
-105
-79
-59
-38
-20
-15
-3
30
59
64
85
114
136
167
186
249
250
254
261
250
253
255
275
294
330
309
311
310
317
332
335
341
335
321
282
241
206
199
201
207
247
235
203
173
139
106
82
100
111
123
137
87
49
7
-42
-98
-101
-73
-87
-76
-75
-62
-91
-89
-111
-133
-156
-174
-181
-175
-189
-211
-196
-205
-210
-213
-201
-211
-200
-230
-215
-211
-219
-225
-220
-234
-255
-249
-256
-250
-243
-231
-215
-199
-175
-158
-116
-111
-82
-78
-83
-55
-62
-45
-53
-56
-32
-12
-20
12
38
51
85
93
121
139
146
137
129
137
124
148
152
182
203
229
247
242
231
180
191
187
175
229
249
262
250
244
191
145
143
124
129
139
172
183
176
160
127
123
81
65
68
51
55
61
38
29
3
-35
-54
-86
-77
-105
-104
-89
-111
-121
-108
-116
-110
-132
-114
-101
-102
-91
-97
-129
-183
-190
-231
-236
-241
-220
-180
-161
-161
-169
-186
-208
-177
-186
-161
-141
-120
-129
-149
-155
-181
-151
-126
-91
-56
-44
-23
-39
-60
-51
-43
7
21
36
55
60
32
44
41
55
58
89
108
130
138
139
156
152
149
182
191
206
206
195
207
186
202
179
194
204
204
189
163
146
127
118
138
153
173
203
187
165
121
94
66
29
42
54
36
42
35
-11
-32
-47
-58
-62
-58
-38
-58
-56
-71
-87
-107
-161
-164
-189
-195
-178
-185
-151
-153
-159
-173
-187
-211
-233
-220
-224
-204
-217
-221
-208
-206
-209
-177
-192
-196
-195
-202
-203
-192
-141
-111
-79
-48
-32
-45
-28
-49
-32
-19
3
32
55
85
69
90
103
102
129
139
152
172
167
168
160
179
191
219
251
265
290
288
279
262
245
218
226
225
232
228
236
250
217
227
203
196
189
157
150
146
115
71
73
45
16
13
2
11
-21
-40
-61
-85
-86
-116
-117
-115
-120
-129
-138
-190
-217
-238
-262
-239
-242
-226
-212
-221
-226
-232
-234
-248
-245
-246
-246
-236
-226
-233
-248
-223
-248
-223
-222
-214
-188
-200
-140
-148
-129
-108
-96
-94
-86
-77
-72
-43
-45
-14
18
51
81
76
108
104
90
119
108
118
152
173
196
228
243
249
238
233
238
244
272
283
293
295
286
286
285
289
288
275
286
263
271
267
266
248
224
216
176
172
139
117
125
118
102
67
50
31
-22
-44
-53
-67
-78
-85
-100
-122
-134
-165
-201
-218
-233
-220
-226
-211
-220
-207
-219
-252
-266
-297
-317
-323
-320
-306
-273
-254
-236
-237
-258
-284
-283
-297
-278
-276
-250
-232
-202
-188
-181
-177
-155
-143
-101
-79
-47
-34
-35
-23
-39
-11
-25
13
18
61
86
98
124
125
152
170
187
197
223
227
235
253
273
269
270
281
274
259
272
292
296
308
317
342
347
328
326
303
288
297
279
267
255
241
227
215
198
179
158
123
113
95
73
68
62
34
3
-13
-46
-66
-97
-125
-148
-172
-176
-193
-195
-200
-216
-224
-241
-251
-276
-292
-318
-303
-322
-325
-310
-338
-332
-347
-367
-363
-359
-360
-344
-325
-340
-314
-310
-298
-284
-273
-267
-244
-213
-195
-171
-161
-148
-141
-115
-105
-74
-41
11
24
40
56
67
87
101
147
161
214
232
263
279
279
287
303
323
334
368
355
382
383
409
404
408
409
401
390
378
367
360
365
365
383
383
350
311
254
221
181
157
152
157
163
144
110
92
55
12
-20
-38
-55
-89
-111
-141
-168
-198
-222
-241
-257
-262
-269
-286
-272
-311
-321
-326
-335
-344
-359
-365
-378
-358
-359
-339
-332
-322
-330
-320
-339
-337
-350
-327
-299
-279
-264
-248
-228
-228
-197
-185
-131
-115
-67
-61
-47
-54
-47
-37
-21
38
77
107
137
152
137
175
170
190
215
229
255
287
307
304
317
306
291
324
327
325
328
343
329
320
326
322
315
344
337
317
308
286
249
217
219
187
190
164
155
139
104
87
50
29
9
8
-24
-18
-56
-71
-107
-131
-136
-164
-190
-207
-211
-241
-252
-256
-270
-275
-270
-261
-245
-242
-240
-262
-267
-281
-277
-267
-250
-260
-236
-229
-249
-239
-241
-231
-216
-195
-190
-176
-179
-165
-167
-135
-106
-99
-55
-37
-36
-47
-50
-58
-45
-21
24
43
67
100
109
117
111
141
155
158
174
192
187
205
213
213
230
239
257
254
260
267
289
283
290
291
282
284
269
274
268
266
254
247
230
212
176
179
172
144
133
121
91
74
59
46
47
21
22
-4
-24
-62
-110
-120
-142
-144
-146
-153
-162
-165
-166
-179
-212
-223
-231
-255
-261
-244
-242
-230
-231
-238
-249
-255
-249
-252
-261
-247
-235
-238
-236
-239
-244
-241
-222
-220
-189
-204
-192
-181
-202
-178
-151
-136
-86
-58
-39
-34
-21
-16
-10
8
27
55
78
101
119
126
146
157
170
186
199
204
225
209
213
242
242
271
288
305
295
297
282
281
285
293
299
292
292
291
272
244
238
222
201
218
195
185
183
149
130
109
93
86
59
40
14
5
-29
-37
-52
-78
-96
-118
-123
-154
-153
-167
-165
-179
-182
-196
-206
-233
-229
-248
-262
-258
-280
-281
-287
-269
-260
-243
-242
-246
-249
-259
-249
-254
-227
-213
-184
-171
-160
-143
-168
-175
-180
-156
-127
-105
-78
-42
-39
-36
-39
-40
-36
-2
25
58
70
103
95
75
77
77
103
122
148
157
187
176
199
195
203
205
207
207
214
220
213
233
220
238
218
232
234
228
218
234
239
241
222
204
184
185
171
148
151
134
128
132
118
117
120
96
69
45
32
13
-5
-17
-35
-76
-84
-98
-136
-150
-147
-161
-174
-181
-190
-220
-228
-230
-234
-243
-253
-244
-257
-264
-252
-258
-264
-266
-286
-285
-265
-264
-229
-209
-187
-184
-180
-180
-189
-153
-155
-118
-102
-81
-73
-62
-55
-48
-41
-23
1
7
41
65
89
98
103
108
120
117
145
159
182
193
199
203
200
221
224
236
229
228
244
236
245
242
253
245
231
229
238
218
212
209
191
175
186
171
161
146
120
113
82
77
54
53
44
25
17
-2
-11
-33
-31
-43
-74
-57
-85
-111
-131
-151
-173
-181
-177
-183
-176
-177
-198
-200
-214
-222
-209
-210
-181
-193
-197
-200
-211
-217
-222
-210
-219
-193
-181
-171
-160
-163
-152
-134
-118
-114
-105
-98
-107
-113
-109
-105
-79
-68
-42
-29
-11
-12
-21
-1
-18
1
16
56
75
89
99
93
103
126
133
144
172
184
198
191
206
219
218
240
239
247
232
226
211
195
202
211
217
212
224
222
238
236
214
210
177
173
152
133
125
129
115
103
98
86
62
22
28
27
8
12
6
-29
-58
-73
-87
-108
-121
-126
-136
-152
-168
-190
-197
-203
-204
-208
-217
-229
-232
-230
-254
-256
-242
-251
-261
-242
-253
-255
-258
-242
-229
-217
-206
-195
-188
-193
-182
-172
-145
-143
-114
-118
-90
-82
-61
-58
-54
-23
-19
-17
-12
13
11
59
64
89
118
126
145
140
143
138
165
173
173
173
191
184
220
232
239
258
242
229
222
218
207
204
213
211
219
213
205
189
163
162
146
154
161
165
148
127
132
106
101
88
79
68
59
49
24
19
-18
-18
-42
-53
-68
-74
-85
-92
-113
-112
-133
-146
-152
-174
-159
-172
-167
-177
-181
-182
-180
-202
-213
-207
-210
-218
-200
-213
-205
-212
-203
-179
-186
-153
-156
-145
-133
-150
-143
-131
-120
-94
-84
-70
-76
-90
-80
-77
-57
-30
-3
26
29
48
50
50
32
52
56
73
110
117
129
127
125
119
125
120
138
147
166
179
200
194
196
206
192
194
199
193
185
175
164
163
161
136
148
130
144
152
140
144
138
126
114
122
110
101
69
49
18
14
-16
-14
-20
-35
-36
-43
-40
-72
-82
-93
-102
-104
-122
-130
-160
-177
-188
-187
-205
-192
-187
-208
-191
-208
-190
-198
-182
-170
-167
-153
-177
-186
-201
-215
-216
-193
-188
-159
-149
-134
-129
-123
-93
-96
-63
-53
-38
-23
-24
-13
-6
11
20
37
36
41
62
77
76
95
124
160
172
187
182
179
187
164
190
187
185
194
195
176
173
189
177
200
210
207
215
192
178
158
141
145
138
140
136
132
123
96
94
53
39
19
34
27
28
41
25
17
-16
-24
-56
-66
-72
-70
-71
-87
-80
-87
-119
-122
-139
-147
-149
-156
-141
-162
-154
-155
-166
-173
-177
-171
-190
-178
-182
-198
-195
-195
-197
-210
-188
-167
-144
-146
-123
-127
-115
-122
-119
-106
-107
-95
-79
-57
-43
-35
-37
-7
10
31
37
39
51
71
75
86
94
116
130
121
132
133
147
153
151
166
162
167
166
167
162
182
194
190
216
189
194
186
164
141
136
130
129
126
130
120
119
112
79
86
63
52
61
51
51
31
21
6
-5
-28
-38
-50
-53
-53
-77
-72
-84
-95
-116
-93
-118
-122
-110
-109
-126
-139
-135
-158
-170
-160
-158
-151
-141
-143
-130
-144
-156
-131
-131
-118
-101
-77
-80
-64
-76
-83
-93
-100
-97
-101
-65
-62
-24
-22
3
-11
-22
-7
-16
-9
1
31
40
62
28
38
27
15
33
45
64
87
95
92
96
72
76
85
101
109
138
139
144
124
108
89
86
104
99
123
124
143
130
135
104
102
104
84
86
68
77
46
43
41
24
32
26
19
17
5
22
8
-9
-18
-21
-36
-59
-60
-71
-89
-70
-70
-55
-75
-72
-78
-101
-107
-116
-124
-126
-142
-139
-108
-116
-99
-101
-85
-99
-93
-103
-97
-87
-92
-75
-74
-64
-65
-40
-62
-38
-57
-50
-35
-28
-42
-37
-14
-9
-3
5
24
22
30
39
61
57
56
51
43
33
44
53
56
89
80
91
104
115
103
100
118
96
103
111
121
124
136
55
-93
-108
-41
121
196
230
212
136
92
68
84
48
53
62
57
55
61
37
-32
-65
-3
113
182
142
-119
-380
-449
-339
-140
151
346
268
70
-83
-210
-281
-177
-34
-36
-43
29
-73
-251
-352
-278
-186
-68
77
74
-86
-166
-201
-207
-170
-138
-97
-126
-79
-55
-64
-84
-108
-117
-91
-30
36
59
69
91
78
17
-48
-108
-109
-100
14
157
251
253
143
76
-60
-121
-97
14
115
219
331
283
126
-5
-98
-166
-88
125
287
346
343
255
81
-17
-14
24
88
225
314
281
202
96
-52
-135
-70
57
214
327
334
204
62
-70
-143
-89
24
118
179
161
93
-30
-130
-203
-227
-142
-49
80
99
70
-48
-212
-297
-331
-212
-105
-23
16
-73
-171
-271
-315
-277
-209
-116
-60
-24
-78
-136
-236
-291
-297
-229
-112
-22
5
-42
-122
-204
-233
-217
-128
-38
11
27
24
-31
-72
-102
-88
-49
9
49
68
39
5
10
9
42
124
185
198
198
158
108
72
58
99
135
200
251
234
206
155
121
101
133
150
173
190
189
170
122
102
84
78
80
120
119
114
78
25
-19
-42
-31
-2
22
39
49
20
-26
-70
-100
-118
-119
-80
-48
-27
-7
-16
-58
-106
-109
-101
-85
-64
-32
-23
-60
-88
-107
-86
-96
-67
-42
-22
-9
-35
-65
-95
-96
-103
-62
-23
-9
-12
-32
-18
-54
-46
-42
-28
-29
-10
6
-2
-2
-18
-12
-1
6
15
23
10
2
13
15
29
47
36
46
38
36
13
24
32
30
23
33
56
67
55
43
38
26
37
38
58
69
68
64
50
29
14
-4
-9
17
20
40
42
34
16
2
16
7
27
12
14
-11
-5
-27
-48
-43
-37
-37
-23
-1
-13
-39
-48
-63
-56
-27
-38
-16
-17
-34
-61
-50
-72
-91
-92
-62
-60
-75
-55
-72
-78
-98
-89
-80
-40
-31
-5
-12
-24
-40
-54
-50
-47
-44
-45
-4
7
-5
8
4
-4
-6
-19
-17
-7
0
32
42
55
49
57
41
1
1
9
29
75
89
100
99
105
88
75
68
58
69
86
125
113
116
138
103
97
86
94
102
102
108
96
82
91
96
87
68
69
74
71
57
43
26
25
1
-18
-8
3
28
4
-16
-34
-62
-78
-96
-93
-99
-91
-67
-83
-79
-108
-121
-113
-128
-115
-102
-104
-102
-104
-127
-133
-124
-127
-106
-103
-86
-79
-70
-98
-99
-86
-110
-82
-86
-79
-77
-56
-56
-61
-28
-27
-22
-23
-20
-10
-8
4
6
4
-2
8
34
47
61
92
84
88
77
79
46
57
69
94
137
151
156
145
122
99
90
80
100
108
123
141
143
124
117
89
73
77
82
71
50
44
34
11
11
2
21
5
12
12
-13
-13
-24
-26
-45
-43
-55
-78
-87
-108
-101
-101
-87
-78
-77
-82
-79
-84
-119
-123
-99
-104
-82
-65
-61
-60
-74
-61
-82
-62
-83
-52
-58
-55
-46
-38
-36
-41
2
-10
10
-21
-13
-38
-33
-24
-16
6
-1
47
38
45
40
38
33
51
63
60
63
68
69
62
79
69
74
80
92
100
100
109
110
120
110
96
82
75
68
67
69
73
71
57
58
48
44
40
41
51
40
50
22
6
-12
-14
-22
-34
-25
-35
-56
-66
-75
-81
-68
-62
-64
-57
-65
-85
-89
-112
-96
-99
-93
-91
-91
-95
-110
-110
-121
-119
-125
-107
-118
-108
-102
-94
-81
-70
-34
-36
-42
-38
-45
-52
-62
-45
-46
-53
-31
-14
0
24
50
60
61
52
72
66
55
69
68
69
59
70
88
85
92
97
113
114
123
119
115
107
94
97
94
108
101
88
103
87
73
76
68
64
54
63
58
64
57
51
33
31
29
15
17
32
30
11
0
-22
-36
-47
-32
-45
-30
-32
-32
-39
-20
-30
-34
-34
-46
-57
-59
-68
-80
-81
-103
-95
-94
-90
-94
-80
-76
-80
-75
-67
-78
-99
-92
-97
-118
-119
-113
-105
-104
-87
-88
-73
-70
-73
-63
-76
-68
-76
-67
-54
-37
-15
-14
-9
-6
-10
-7
-6
11
36
41
47
54
50
46
62
60
87
113
115
121
119
111
90
92
96
107
114
119
113
100
111
111
119
120
124
137
126
120
82
97
66
51
51
35
55
39
52
45
47
45
45
29
31
4
3
-9
-13
-27
-35
-31
-43
-47
-47
-59
-61
-67
-75
-68
-82
-69
-69
-87
-104
-107
-108
-120
-119
-108
-103
-99
-79
-72
-98
-111
-94
-115
-116
-112
-98
-74
-73
-49
-56
-43
-57
-49
-62
-39
-29
-23
3
7
-2
-5
1
8
2
10
46
40
67
54
63
64
55
58
63
70
68
87
87
72
74
68
72
77
78
84
88
68
75
72
66
55
71
91
95
88
71
72
52
48
20
43
36
39
36
12
5
-7
-1
-12
0
8
1
-12
-21
-35
-28
-46
-50
-47
-59
-70
-73
-72
-79
-84
-65
-66
-70
-76
-86
-79
-84
-80
-83
-75
-78
-71
-68
-71
-74
-63
-54
-56
-36
-30
-35
-27
-16
-2
-5
1
0
-19
-19
-26
-10
-12
1
33
42
34
38
25
19
7
38
52
51
66
76
65
48
49
63
42
47
31
45
45
69
69
85
101
71
81
59
58
62
62
75
77
79
63
48
24
17
23
15
27
37
30
43
41
14
4
1
-16
-25
-26
-14
-13
-18
-27
-45
-57
-67
-60
-40
-33
-23
-15
-51
-37
-60
-69
-56
-51
-63
-52
-46
-61
-68
-65
-61
-76
-65
-62
-50
-58
-63
-61
-49
-46
-24
-2
-29
-15
-20
-34
-61
-60
-45
-49
-21
-4
-3
15
-2
-5
0
-12
-8
-1
29
30
13
31
-1
-17
-9
-3
29
37
35
53
59
30
40
28
31
44
48
56
46
33
17
25
18
23
40
58
85
80
65
43
30
17
19
43
47
62
85
63
51
26
18
38
41
33
53
43
37
7
-12
-14
-21
5
3
31
28
19
17
11
-27
-21
-19
-42
-32
-31
-20
-25
-44
-57
-79
-70
-66
-62
-46
-23
-19
-19
-27
-51
-57
-63
-65
-45
-46
-35
-25
-26
-58
-46
-40
-54
-36
-36
-2
-6
-1
-10
-28
-30
-17
-32
-18
-1
-16
14
-1
-10
-10
9
27
31
43
31
24
12
23
22
34
27
43
40
17
16
14
9
0
18
39
22
35
49
43
49
35
30
32
9
21
31
34
37
47
51
30
36
30
20
7
17
9
12
20
17
31
26
45
8
-14
-17
-24
-21
-20
-6
-11
-9
-17
-2
-22
-17
-17
-16
-30
-41
-55
-53
-48
-43
-51
-54
-43
-48
-53
-57
-39
-29
-30
-48
-35
-41
-36
-40
-48
-36
-48
-33
-45
-25
-11
0
-14
-7
6
-37
-17
6
45
11
-79
-4
135
-115
-74
218
66
-127
8
153
-29
-109
144
180
-63
-40
193
64
-103
43
153
-14
-71
87
84
-8
47
132
35
-11
18
18
-6
28
73
90
55
37
38
11
-24
8
23
15
19
56
38
-4
51
21
-2
-9
-15
-22
-6
23
18
-1
-11
-39
-48
-59
-45
-29
-33
4
2
-25
-32
-33
-51
-59
-57
-47
-39
-35
-28
-28
-45
-47
-48
-44
-69
-58
-19
-21
-34
-27
-36
-32
-55
-40
-46
-52
-20
-46
-19
-5
-26
-60
-51
-26
-17
-2
25
25
25
8
14
-3
-5
11
27
46
44
38
28
23
29
32
40
69
62
55
67
53
38
38
52
51
42
80
89
47
56
69
45
41
70
86
49
39
58
46
7
31
43
42
27
43
20
4
0
-12
1
9
-6
-3
13
-29
-52
-49
-56
-69
-45
-18
-49
-52
-74
-87
-102
-109
-107
-94
-70
-88
-83
-57
-79
-80
-46
-67
-88
-84
-61
-57
-63
-67
-38
-35
-53
-40
-33
-18
-36
-9
14
1
5
37
58
40
49
38
33
13
11
28
33
50
69
89
47
24
46
54
49
64
82
73
69
54
37
27
20
31
33
68
68
50
49
80
48
26
31
49
23
5
24
41
25
33
44
13
-20
-8
16
10
6
20
12
-20
-38
-37
-11
-11
-7
13
6
-23
-21
-29
-29
-23
-3
1
-3
-29
-30
-52
-61
-43
-47
-28
-36
-14
-7
-39
-38
-43
-46
-72
-52
-38
-47
-45
-32
-37
-48
-55
-24
-31
-37
-5
-9
-34
-24
-23
-39
-25
20
-6
-21
0
-6
-20
-26
10
-18
-15
0
10
21
17
48
46
34
24
19
13
39
40
37
53
40
31
28
36
35
48
66
76
46
57
36
-3
12
31
30
34
45
18
4
25
12
27
34
29
12
10
18
5
-4
5
-6
-12
31
7
7
19
14
-15
-17
-36
-18
-31
-39
-24
-31
-53
-54
-44
-20
-37
-30
-2
-26
-28
-18
-35
-54
-44
-28
-57
-60
-49
-65
-67
-41
-21
-22
-29
-7
-3
-39
-32
-15
-26
-40
-15
-20
-28
-26
-7
7
-2
25
34
14
8
16
27
25
31
45
36
35
44
33
43
53
60
68
48
37
23
27
40
45
62
78
84
81
45
30
20
34
33
47
56
45
16
22
21
6
9
9
35
29
30
40
24
-5
-7
-4
-18
-10
-10
3
-11
-31
-34
-32
-31
-43
-56
-30
-45
-63
-26
-3
-24
-54
-28
-39
-71
-60
-38
-55
-50
-49
-61
-72
-68
-92
-64
-55
-36
-36
-36
-45
-65
-54
-47
-49
-22
0
0
-15
-37
-38
-47
-44
-34
-8
-22
-17
-14
-2
-15
11
0
10
-3
-6
32
22
45
40
48
43
42
24
27
23
31
37
64
84
75
105
71
57
67
61
75
79
78
106
105
99
72
56
45
19
33
45
59
66
77
63
52
48
37
35
31
25
22
25
23
-1
-11
-16
-12
-56
-74
-73
-81
-56
-37
-2
-14
-21
-33
-59
-81
-104
-85
-54
-49
-54
-61
-62
-78
-78
-67
-50
-54
-43
-38
-52
-55
-39
-49
-53
-31
-44
-36
-35
-39
-42
-45
-36
-31
-35
-26
-21
-21
-8
4
10
14
11
13
17
15
21
19
26
20
42
47
52
39
44
37
35
61
57
66
73
79
58
50
32
44
56
49
61
44
43
42
37
51
75
65
56
34
33
6
-11
18
24
0
9
3
-17
-33
-28
2
-24
-10
22
-16
-24
-51
-56
-53
-57
-32
-31
-41
-48
-56
-68
-60
-49
-31
-10
-26
-20
-54
-54
-75
-86
-73
-41
-31
-21
-11
-37
-38
-63
-57
-55
-40
-17
-15
-6
16
22
-10
-8
-28
-33
-37
-16
-1
16
44
59
43
25
14
20
45
45
66
75
70
52
41
22
34
51
50
68
79
65
74
47
26
41
54
61
88
74
67
65
41
25
8
19
7
17
27
35
33
41
39
17
1
13
1
-15
-14
6
-3
-3
2
-6
-12
-32
-30
-25
-7
-9
-1
8
5
-20
-41
-38
-78
-83
-79
-72
-50
-43
-41
-44
-51
-80
-82
-73
-70
-72
-56
-65
-74
-84
-88
-93
-84
-63
-57
-29
-53
-49
-62
-53
-52
-31
-7
-3
-1
8
3
-15
-11
-4
-10
-10
-7
-1
26
39
58
70
68
71
42
8
38
43
36
71
75
79
61
63
32
31
44
46
85
91
91
59
74
58
45
47
51
41
56
50
40
65
48
31
11
33
29
30
68
58
32
23
-2
-6
-28
-30
0
11
36
22
10
-38
-64
-61
-58
-53
-32
-11
17
35
7
-23
-56
-95
-81
-63
-39
-24
-20
-24
-38
-41
-57
-63
-44
-55
-25
-32
-41
-35
-54
-63
-66
-41
-51
-46
-43
-17
-18
-9
-14
-33
-33
-59
-34
-30
-25
-13
18
-6
-14
8
-5
1
-18
-30
-6
-4
-3
11
6
-11
10
50
43
49
57
47
34
32
34
58
54
53
63
52
56
55
58
62
63
84
72
70
35
24
19
37
45
56
45
22
37
12
-5
-23
-6
-8
4
23
20
-12
-34
-43
-54
-26
-30
-23
-16
-30
-46
-43
-69
-77
-75
-80
-42
-28
-1
-25
-27
-46
-59
-60
-34
-24
-15
-10
-13
-11
-42
-27
-27
-7
-2
40
30
9
-9
-9
-10
-10
12
30
39
38
28
13
14
7
0
16
33
36
41
24
41
10
33
35
34
49
44
53
41
36
32
32
28
26
20
14
12
17
13
13
13
12
27
55
43
20
13
1
-29
-21
-17
-26
-22
-9
7
-3
-11
-20
-18
-30
-23
-18
-16
-33
-51
-67
-74
-94
-61
-39
-23
-20
-27
-23
-52
-75
-79
-68
-66
-38
-34
-20
-28
-80
-103
-101
-68
-40
17
42
53
8
-21
-39
-49
-54
-43
4
40
61
21
20
3
-29
-25
31
63
66
94
88
57
40
32
33
44
60
78
94
67
77
78
46
58
66
61
69
85
64
78
42
44
24
17
36
24
38
25
39
30
14
10
18
-12
2
-16
-10
-2
-3
7
-21
-16
-29
-11
-49
-32
-40
-64
-50
-48
-35
-19
-32
-45
-54
-64
-54
-43
-27
-20
-7
-13
-42
-43
-57
-82
-46
-34
-44
-26
-33
-39
-35
-14
-24
-40
-24
-39
-57
-48
-38
-37
-41
-19
-4
-20
5
8
0
-7
0
3
0
18
19
18
-1
-4
6
20
35
65
72
43
35
21
5
19
41
65
53
73
78
43
24
6
12
25
41
48
54
23
11
27
3
24
31
16
22
-5
16
13
10
18
9
-19
2
-12
-22
-17
-13
-26
-19
19
-13
1
-12
-17
-41
-21
-20
-27
11
4
-11
-27
-46
-66
-65
-49
10
21
27
24
-2
-30
-48
-40
-23
3
26
22
1
0
-14
-36
-27
0
20
40
43
51
3
1
-16
-13
-6
-7
26
2
16
1
-6
-2
16
19
48
25
37
27
-12
-24
-55
-30
-13
3
-10
27
31
13
1
3
-12
-22
-5
-2
-2
2
-6
11
7
-13
-10
-3
-6
-26
-1
14
12
27
24
21
-16
-5
0
-13
-5
-11
31
28
52
29
27
9
-27
-46
-26
-10
-2
13
1
21
-10
-17
-30
-26
-19
-8
15
28
14
-12
-5
-22
-57
-71
-56
-49
-16
8
27
19
-6
-48
-54
-63
-75
-29
-27
16
25
7
-6
-25
-73
-62
-24
6
29
42
50
30
-8
-22
-24
-6
4
43
65
60
56
40
2
-10
5
10
25
27
40
53
50
37
40
27
34
39
46
49
51
41
27
4
-5
17
3
38
35
47
32
17
20
-13
-27
14
-9
12
-1
3
12
-18
-46
-42
-34
-41
-25
-17
-32
-37
-19
-27
-36
-43
-46
-25
-20
-27
-23
-34
-44
-61
-36
-27
-24
-19
-13
1
-8
7
26
13
-5
4
-6
-22
-17
-40
-28
-18
32
31
34
25
-19
-9
-21
-25
-22
-6
-2
19
17
8
-8
-14
-16
5
13
10
35
29
-2
-20
-4
-28
-13
36
44
57
61
31
0
-17
-2
14
42
41
38
51
31
20
20
-1
-3
27
28
36
37
18
24
-6
-18
-12
-6
11
9
19
-1
-4
-19
-4
-8
-20
-10
5
1
-3
-2
2
-9
-23
-27
-33
-42
-36
-28
-26
-10
-23
-17
-26
-44
-52
-37
-27
-7
-26
-3
-12
-25
-28
-28
-3
-38
-3
-1
2
-7
-27
-26
-7
-13
-6
2
8
14
11
37
27
29
1
12
-5
18
21
14
41
40
45
18
32
14
-4
30
35
40
52
69
52
20
29
-10
-14
-22
-17
16
27
32
29
21
10
12
1
4
1
-22
-12
-15
-17
-6
0
-8
0
-5
-10
-13
-31
-29
-36
-1
24
4
6
15
6
-19
-30
-11
-20
-14
-13
-9
-4
-11
6
12
-9
-3
-18
-15
-3
-12
-11
-21
-13
-27
-37
-29
-28
-19
-39
-30
8
7
-8
-1
-14
2
-1
-8
-1
-8
-5
-25
-21
-28
-36
-16
7
12
9
26
32
24
-7
4
-2
1
11
7
12
-10
6
-3
4
1
3
17
-9
5
23
22
30
28
23
-3
-9
-13
-7
0
10
43
22
15
18
-5
-8
-2
8
24
32
42
58
58
26
24
26
21
8
12
49
29
14
17
9
-8
5
11
49
54
40
40
22
2
-34
-5
5
-27
-9
-14
-31
-31
-30
-28
-27
-37
-16
-14
-25
-24
-28
-55
-53
-57
-84
-64
-51
-31
-49
-36
-37
-32
-47
-36
-15
9
17
-3
-4
-26
-58
-60
-22
-12
-17
10
22
-22
-1
0
-3
-4
26
12
12
18
7
9
2
9
9
6
7
19
28
33
17
19
10
34
22
58
52
58
36
11
-3
-3
-2
3
35
17
46
28
31
29
16
21
33
61
53
40
45
11
1
-3
12
21
2
20
22
19
15
33
34
42
37
18
6
-7
-6
-17
-31
-43
-30
-24
-18
-9
-15
-19
-14
-25
-38
-32
-17
-26
-38
-28
-48
-52
-63
-89
-62
-60
-43
-26
-20
-31
-42
-28
-64
-59
-31
-43
-45
-39
-21
-56
-26
-9
-14
-11
3
-15
-35
-32
-23
-10
-8
16
32
41
40
18
27
13
5
40
54
67
56
56
60
48
39
39
48
60
71
77
79
56
48
41
15
35
28
19
38
29
22
5
3
5
12
25
18
37
16
17
1
-17
-49
-37
-23
-14
6
-2
11
1
-18
-42
-34
-22
-39
-25
-11
-2
10
2
4
-18
-33
-37
-68
-52
-34
-26
-4
6
0
-38
-18
-39
-64
-39
-7
-25
-17
-4
-2
-24
-32
-11
-56
-49
-41
-22
-11
3
20
-11
-5
5
-21
11
15
19
12
13
19
1
7
-24
-12
-5
13
38
52
47
47
36
26
-9
-4
4
6
20
19
38
21
25
20
-6
8
19
20
22
36
25
19
16
1
-9
-6
-5
-6
20
30
43
43
36
13
8
-21
-6
-4
-8
-10
18
24
8
8
5
-11
-30
-17
-12
-18
-4
-23
-10
-5
-17
-13
-27
-35
-63
-25
-27
-18
-10
-22
-3
-4
-24
-21
-10
-25
-28
-17
-11
-10
12
4
15
2
-3
-2
-15
-24
-26
-6
14
26
43
22
20
0
-16
-21
-2
12
10
23
21
16
6
11
16
23
4
7
-5
-21
-2
-21
-8
-3
13
20
-6
9
9
2
22
17
23
16
11
14
8
-4
-8
-6
-2
-12
-2
10
4
23
3
27
10
-9
-2
-11
-10
-8
24
22
13
21
-15
-17
-17
-22
-20
0
6
1
9
3
-5
-17
4
3
-7
5
8
-12
-12
-14
-30
-20
-14
-12
-6
9
11
4
2
-9
-21
-6
-11
0
7
0
-1
-16
-17
-25
-22
-9
24
8
19
4
4
-10
-33
-12
-26
-3
-17
-9
14
16
15
2
10
-12
-21
-3
17
29
43
46
16
2
-29
-25
-30
-12
4
40
45
42
5
-8
3
0
22
15
25
6
3
-5
-18
-31
-26
-20
-15
8
47
39
37
42
-1
-21
-20
-25
-15
-20
14
19
-1
-16
-11
7
0
18
38
22
29
2
-6
-15
-47
-9
-2
-5
-4
5
-2
6
14
3
12
12
-4
-5
2
-8
-5
-27
-29
-28
-45
-23
-10
-13
-8
9
-4
-11
-16
-28
-27
-23
-12
-2
11
14
-11
-6
-15
-37
-19
-12
-26
0
15
31
12
2
5
-15
-10
0
18
2
6
16
23
20
22
33
12
8
10
21
25
35
49
61
33
26
35
18
-10
2
13
2
27
29
39
29
25
30
17
13
-8
10
8
5
-11
-16
-4
-20
-19
-19
-4
-25
-19
-13
-22
-36
-28
-16
-44
-42
-37
-15
-18
-25
-24
-34
-48
-49
-50
-51
-47
-36
-25
-20
-21
-17
-24
-25
-3
-27
-7
0
-4
-4
-21
7
-22
-18
-30
-9
0
-9
11
11
31
32
55
47
41
39
52
53
30
33
26
22
46
42
44
69
54
31
32
35
53
37
36
40
52
43
34
34
32
19
25
27
11
20
1
8
5
-2
0
-16
-20
-29
-24
-5
3
-3
-10
-17
-31
-50
-61
-46
-55
-50
-26
-27
-39
-70
-45
-49
-66
-52
-50
-30
-14
-20
-17
-21
-25
-44
-55
-56
-59
-35
-20
-13
-10
-18
-18
-11
-16
-6
11
21
44
19
0
-18
1
8
9
32
30
51
48
47
12
8
7
-5
1
19
42
43
59
43
39
23
3
-4
-16
0
-2
21
26
27
4
-1
2
1
12
7
41
6
11
-2
3
7
1
1
-3
4
-3
8
3
13
21
21
23
20
15
11
0
6
1
27
15
10
39
13
-1
-6
5
11
-2
21
31
3
-2
2
-9
-8
-9
-1
-4
-12
-15
-7
-22
-24
-26
-16
-14
-19
0
-17
-28
-33
-9
-30
-37
-11
-27
-23
-19
-14
-8
-33
-38
-55
-47
-37
-29
-15
-18
-16
-25
-32
-11
-30
-27
-25
-12
-19
-18
-18
-14
4
-4
4
11
16
-3
3
15
13
20
44
43
31
41
33
37
40
41
46
32
44
52
51
42
43
41
32
37
24
8
1
4
12
13
19
33
29
18
-11
-18
-29
-38
-16
-25
-7
7
12
-21
-14
-36
-29
-31
-19
-8
-26
-17
-18
-24
-41
-36
-38
-51
-34
-21
-25
-5
3
-6
-3
-9
-10
-19
-25
-11
-10
8
0
-6
-21
-24
-39
-10
17
15
23
20
19
1
0
-8
-5
12
26
38
34
29
27
9
12
28
36
28
45
28
24
42
41
46
45
52
32
19
20
-8
-11
4
-10
8
21
33
19
31
16
1
-9
-15
-17
-17
-10
-2
6
-20
-20
-34
-32
-19
-24
-14
-26
-19
-22
-18
-25
-32
-34
-23
-32
-21
-32
-35
-46
-47
-20
-17
-27
-32
-20
-29
-23
-25
-25
-7
-3
8
3
-11
-19
-29
-23
-8
-10
-4
4
4
24
27
21
6
5
6
15
29
47
27
23
18
22
23
27
4
23
34
40
32
24
42
10
27
26
20
14
-2
7
1
5
12
11
9
8
6
8
14
27
-5
-2
-5
-11
-8
-16
-17
-9
-13
-4
5
4
8
-8
5
-5
-13
-8
-5
10
4
4
-4
-17
-36
-31
-24
-10
-1
8
13
8
-3
-24
-19
-29
-25
-13
-15
1
-9
-6
-20
-22
-28
-32
-24
4
-17
0
4
5
-20
-17
-9
-10
-6
-7
3
-5
6
-11
2
-8
-4
8
19
19
25
20
23
14
10
8
-3
23
16
26
23
15
21
23
25
23
32
21
-5
22
22
18
22
16
0
3
10
11
26
24
28
17
13
16
20
23
32
28
28
16
-5
-10
-37
-36
-6
-5
2
-5
3
-4
-17
-21
-23
-27
-22
-21
-19
-32
-41
-44
-48
-53
-40
-12
-5
-18
-4
-22
-49
-29
-64
-57
-64
-54
-36
-32
-11
-15
-17
-11
-21
-18
1
1
12
18
11
11
6
-3
-9
-9
-9
9
25
38
27
25
19
2
20
8
23
27
41
47
39
38
28
30
-1
20
8
12
15
6
23
-1
34
34
58
54
40
30
20
8
12
18
6
13
7
-4
3
6
-3
22
16
15
1
14
18
-4
10
0
5
-15
-18
-21
-16
-35
-10
-10
-7
-9
-20
-11
-18
-9
-14
-12
-7
0
-17
-22
-26
-28
-24
-15
-14
2
-1
-9
-9
-11
-20
-24
-14
-1
-13
-15
-11
-12
-20
-24
-4
7
-6
-1
-13
-25
-32
-21
-22
-17
-9
6
-4
-5
-10
-8
-13
-22
-3
-22
-19
-41
-22
-11
-9
10
8
16
12
5
15
14
23
24
14
31
12
20
23
20
5
0
15
-5
13
22
45
35
31
26
9
18
3
22
31
24
25
30
25
12
6
5
5
16
34
29
26
22
16
14
-3
21
17
17
14
-6
-8
-20
-26
-18
-1
-6
14
16
-6
-11
-13
-24
-22
-22
-13
-9
-19
-12
-12
-44
-45
-43
-53
-36
-36
-18
-17
-32
-20
-24
-25
-35
-33
-42
-33
-26
-5
-8
6
1
-3
-2
-15
-10
-22
3
1
10
12
11
-8
-13
-3
-2
10
21
19
31
21
11
23
30
27
36
37
34
36
47
39
26
40
36
23
20
2
3
14
11
27
27
32
38
35
27
27
32
21
18
11
2
-9
-15
-26
-26
-17
-6
8
1
5
-3
-4
-27
-20
-28
-25
-9
-25
-25
-32
-50
-43
-47
-39
-36
-38
-35
-49
-39
-38
-40
-35
-23
-23
-12
-7
-5
-17
-5
-3
-1
-3
0
-3
-5
-1
-12
14
7
28
33
37
29
22
17
24
21
11
36
35
34
31
19
12
1
-4
11
12
14
26
30
32
29
21
11
-13
-11
-18
-11
3
12
-8
-5
-9
-18
0
-3
-8
-10
-17
-1
-14
-17
-17
-12
-13
4
-1
-12
-22
-5
-13
-19
-10
-25
-24
-20
-22
1
-16
-15
-11
-16
-12
-18
0
-8
-3
13
6
7
2
-8
-1
-2
3
25
20
24
32
36
40
39
40
39
41
18
10
3
-1
-4
9
27
20
30
36
24
18
4
-3
-9
4
11
19
25
19
-2
-8
-29
-38
-31
-33
-22
-27
0
-8
-8
-23
-37
-45
-61
-37
-30
-20
-28
-21
-20
-33
-32
-31
-34
-17
5
4
0
2
1
0
-2
-6
21
19
16
13
16
38
19
21
34
19
31
26
18
11
19
22
26
29
23
34
22
52
29
24
24
13
10
9
7
18
18
13
0
4
-4
-15
-11
4
-1
-2
7
-24
-13
-43
-22
-28
-22
-16
-14
-17
-23
-23
-42
-17
-29
-29
-33
-41
-32
-34
-21
-22
-15
-31
-25
-37
-36
-31
-23
0
-3
12
25
21
-2
11
-13
-11
5
18
12
18
16
-4
-9
-6
-8
9
23
20
42
33
23
15
11
-4
11
-8
6
18
-2
8
-1
-4
-4
-9
14
12
14
-1
6
-2
12
10
23
33
22
28
5
-4
-13
4
5
6
13
12
6
-1
10
13
22
25
26
-1
8
-4
-24
-2
-5
7
11
23
2
0
-4
-13
-8
-5
-3
-6
-1
-1
-5
-6
-7
-23
-6
-7
-3
13
13
1
-4
-10
-9
-2
1
0
5
8
9
4
-14
-6
-14
-10
2
13
13
11
8
5
-7
-9
-6
-10
-8
-5
-5
4
-15
-18
-29
-34
-29
-20
-1
-7
5
1
-5
-7
-15
-12
-5
-14
-1
-2
-11
-24
-18
-14
-16
-13
-16
-1
3
4
-9
5
-13
1
-12
-13
2
-2
16
7
6
-5
-10
-20
-22
-9
1
21
18
33
21
33
18
12
22
21
49
33
38
24
18
14
24
17
13
19
25
26
24
43
28
21
14
-4
-1
5
-3
-12
-8
-1
-16
-7
-4
-1
-11
-16
-22
-27
-25
-29
-20
-25
-10
-14
-21
-30
-26
-36
-34
-28
-43
-36
-34
-33
-32
-20
-12
-11
-10
1
-9
-16
-21
-18
-17
-10
-5
4
17
14
-1
1
11
-1
19
34
27
34
41
41
18
23
20
22
30
27
47
58
46
33
30
28
14
19
38
23
31
33
35
31
25
9
11
8
-8
5
22
11
4
-7
-17
-24
-33
-10
-18
-18
-1
-9
-7
-22
-31
-30
-40
-46
-44
-43
-44
-43
-36
-40
-34
-23
-34
-40
-29
-37
-28
-26
-14
-21
-32
-26
-32
-19
-16
-15
-1
0
-12
-24
-12
-22
-13
8
29
34
27
30
9
5
5
12
13
33
31
27
30
41
33
43
50
55
54
50
44
40
27
29
17
26
16
19
35
30
44
24
29
22
22
-1
15
15
-6
2
-1
-10
-18
-19
-10
-2
-2
-3
-4
-9
-15
-27
-38
-47
-28
-24
-23
-12
-14
-26
-32
-37
-48
-48
-54
-41
-33
-40
-21
-9
-30
-38
-28
-32
-21
-37
-27
-28
-25
-5
0
9
-9
-8
-3
-7
-4
8
5
5
13
5
25
11
14
11
7
13
20
22
28
30
33
27
26
33
11
29
15
20
17
14
21
26
23
5
18
13
21
28
21
2
1
9
8
14
13
8
21
10
1
2
2
-3
15
21
26
24
27
33
7
-2
-6
-1
-2
0
3
4
-8
-13
-29
-27
-18
-11
-1
-5
2
-7
-16
-20
-29
-30
-25
-25
-19
-31
-28
-50
-33
-37
-27
-17
-24
-13
-24
-16
-35
-33
-47
-17
-22
-9
-8
-16
-15
-19
-9
-10
-2
-12
7
-2
8
13
11
8
13
10
13
29
21
20
19
28
21
29
37
40
35
33
31
32
23
36
36
36
38
24
23
15
16
13
15
16
9
5
22
9
18
11
8
3
-4
-5
-20
-18
-23
-8
-6
10
7
7
-4
-14
-22
-19
-27
-17
-5
-18
-11
-21
-37
-38
-32
-37
-4
-8
-6
-6
-10
-12
-24
-27
-18
-20
-9
-2
-2
2
-17
-11
-29
-15
-16
-8
-6
3
6
16
14
5
4
-1
-5
-3
-11
-8
-1
2
11
17
11
3
-1
-7
8
13
19
19
4
-10
-7
-13
-4
9
12
34
14
17
12
-10
1
-5
2
-4
8
12
0
16
20
12
23
6
17
3
13
18
1
9
18
23
20
22
19
14
16
9
15
16
15
13
11
3
-8
-11
-14
-7
-12
11
3
12
4
0
-11
-14
-16
-16
-7
2
-15
-21
-25
-34
-33
-32
-26
-1
-12
-8
6
-14
-10
-23
-6
-16
-12
-6
3
-23
-27
-27
-30
-33
-28
-12
-16
2
-1
7
-1
-8
-15
-23
-13
-10
-3
1
-9
-1
-26
-7
-3
0
10
26
42
25
30
24
25
5
16
24
24
33
33
35
24
34
37
28
19
24
25
29
31
21
31
21
16
17
13
9
-3
5
-3
-9
3
2
-8
-6
-2
-10
-7
-15
-27
-18
-23
-30
-24
-20
-25
-37
-29
-25
-32
-30
-18
-30
-12
-28
-21
-16
-24
-15
-23
-10
-32
-25
-39
-22
-19
-8
-3
3
12
-8
-2
-10
-1
-6
10
8
14
17
9
21
11
24
41
26
47
40
30
38
35
25
38
34
17
23
17
32
29
20
30
29
6
21
13
5
2
8
6
5
12
-2
-14
-10
-14
-2
-6
15
6
-2
-1
-1
-4
-18
-10
-30
-10
-12
-2
-7
-22
-7
-30
-26
-5
0
-5
-11
-8
-10
-24
-33
-33
-43
-36
-33
-8
-1
-10
6
-7
-8
-18
-33
-19
-26
-15
-12
4
-1
-14
-12
-14
-12
-13
-13
-1
5
-9
4
8
0
17
19
10
30
18
21
13
15
4
7
10
11
4
22
20
28
26
22
26
18
7
-5
0
-10
15
10
17
7
-3
-15
-17
-22
-16
-3
3
27
18
12
9
-1
-3
-16
0
-10
2
9
10
12
-2
-3
0
-4
-9
-6
12
6
4
1
-2
2
1
-3
-2
5
10
17
3
13
-2
-5
-14
-7
-9
-6
-6
-1
-5
-8
-11
-18
-8
-15
-5
14
17
11
11
-7
-16
-15
-6
-10
-9
23
-4
6
2
-11
-20
-7
6
21
25
17
7
-6
-18
-26
-17
-20
-8
-4
9
-3
2
-8
-9
-6
-7
-8
0
4
-8
0
4
-3
3
1
16
15
12
16
4
14
6
2
19
17
19
6
23
20
8
7
-12
-1
3
2
-2
14
6
4
5
-6
-8
-3
-1
-4
-3
0
1
-12
0
6
10
9
14
11
-5
-1
-11
-15
-6
4
8
18
19
2
-2
-17
-21
-12
-7
9
13
10
11
1
-7
-6
-11
-7
-12
-4
-20
-23
-22
-31
-23
-23
-25
-18
-20
-21
-21
-25
-16
-25
-9
-25
-18
-12
-30
-26
-29
-31
-33
-18
-10
-2
16
25
35
19
33
15
0
-6
3
2
10
25
22
24
23
24
15
17
7
30
23
26
35
35
32
27
18
10
3
-5
-4
-4
-3
2
18
15
2
16
12
-3
10
6
9
-2
4
3
-9
-6
-1
-3
-5
-10
-12
-15
-12
-5
1
10
3
14
-1
-10
-19
-13
-22
-14
4
-7
4
-3
-7
-13
-7
-5
-8
-4
19
18
26
30
15
11
7
8
-3
6
10
3
13
-3
4
7
14
8
23
28
18
28
4
13
2
5
5
-1
11
-23
-3
-14
-12
-2
-2
13
-7
1
-9
-16
-27
-22
-23
-7
-8
-11
-22
-32
-36
-46
-35
-32
-19
-15
-14
-29
-24
-22
-32
-19
-15
-6
-16
-29
-9
-28
-25
-11
-1
-11
-5
-5
-16
-13
-4
-3
10
11
20
17
8
13
4
16
17
17
6
18
12
16
7
8
9
10
13
20
23
8
26
5
12
8
18
10
4
1
13
15
9
12
1
12
-5
1
-19
-14
-21
2
3
7
14
1
1
7
-5
-2
2
4
1
1
11
-8
7
5
7
7
3
9
10
6
11
26
24
9
15
10
2
8
8
17
18
30
22
18
15
16
6
0
12
5
13
26
18
20
2
6
3
-3
1
-5
-11
1
-8
1
4
1
2
-5
10
-3
-2
-15
-4
-13
-15
-17
-24
-18
-29
-33
-23
-28
-27
-28
-27
-20
-13
-15
-21
-25
-30
-35
-30
-36
-37
-23
-26
-19
-18
-14
-21
-22
-8
-6
4
5
-7
-17
-30
-24
-18
-10
-8
-10
-6
-6
2
-6
-4
-10
-7
10
12
33
23
22
2
12
-4
-10
8
14
11
23
30
22
22
13
22
6
25
32
23
27
23
24
20
22
25
35
29
43
49
38
32
49
33
20
30
33
30
34
29
10
9
1
-3
-7
-10
-5
-4
5
12
13
10
6
6
-13
-27
-36
-40
-44
-35
-21
-31
-27
-38
-27
-49
-41
-32
-22
-16
-12
-5
-16
-32
-41
-36
-50
-34
-23
-15
-6
-5
3
-16
-6
-3
-6
9
23
7
4
6
-12
-16
-15
3
-6
0
18
23
14
5
19
12
1
16
12
9
6
18
0
12
7
6
9
12
13
12
25
19
16
11
22
11
8
20
3
7
1
2
0
-4
-6
9
4
6
1
-5
-1
-10
1
6
14
7
10
3
1
8
-7
2
5
1
4
4
5
-1
-2
-8
-16
10
-6
-4
-8
-8
-16
-17
-14
-21
-10
-22
1
-19
-12
-27
-21
-17
-21
-23
-15
-3
-6
-5
1
6
-1
-2
-14
-5
-17
-6
-16
-7
-3
11
20
23
14
3
5
-3
4
8
15
12
32
26
17
17
18
20
18
22
40
24
21
9
3
-9
-7
4
1
12
15
19
4
-9
-9
-13
-14
0
-4
6
17
5
3
-8
-15
-19
-4
-16
0
1
14
12
-7
-2
-10
-2
-8
-5
5
2
1
-5
-10
-12
-8
-11
-21
-11
-15
-15
-17
-16
-6
-8
7
-2
1
-11
-23
-24
-22
-22
-10
-5
-8
-1
-8
-12
-12
-15
-12
4
13
11
13
20
2
7
4
6
-5
10
16
19
19
7
19
11
-1
-1
-1
8
-2
-3
2
-3
-16
1
-1
-2
7
13
23
8
16
3
7
2
7
11
16
20
7
8
1
-2
-3
-3
7
10
19
25
25
15
-2
9
-10
-1
9
-2
13
13
5
6
-1
-5
-17
-18
-1
-3
-1
0
0
-15
-18
-21
-15
-27
-7
-3
-6
-11
-9
-13
-26
-27
-28
-13
-18
-8
-13
-12
-11
-23
-19
0
-5
5
9
10
4
-2
1
2
5
4
12
9
-5
2
-1
12
7
14
20
6
15
14
11
-2
27
18
-1
10
5
2
0
11
1
13
14
6
1
2
0
3
6
-5
7
-2
12
-2
5
-8
-1
3
-8
4
4
2
-11
-5
-17
-24
-20
-29
-12
-8
-10
2
-20
-13
-26
-17
-15
-15
3
-9
-6
-11
-12
-23
-14
-9
6
13
4
5
14
-8
0
3
7
13
22
35
10
25
14
19
11
21
29
39
30
18
20
0
7
-4
9
-3
2
-1
-2
-11
-15
-5
5
6
14
14
10
-14
-7
-18
-16
7
-2
1
-3
12
-1
-1
-2
-8
6
17
13
25
7
3
3
-4
-8
-3
5
9
15
18
14
1
-7
-20
-14
-19
1
0
-9
-4
-14
-14
-20
-23
-16
-22
-24
-23
-28
-31
-40
-37
-27
-27
-20
-10
-9
-10
-21
-14
-26
-20
-31
-30
-20
-26
-24
-7
-12
-2
4
20
21
13
19
17
24
6
7
-1
-4
1
24
6
31
40
41
43
37
42
32
36
27
35
28
31
31
27
21
17
25
27
22
27
26
11
8
18
8
7
10
-3
5
-9
0
-5
-10
-18
-18
-14
-20
-13
-19
-21
-26
-23
-28
-29
-30
-23
-25
-21
-25
-22
-21
-21
-18
-21
-18
-9
-14
-12
3
-7
-9
2
-6
6
3
12
4
4
14
-3
-1
-2
13
6
12
19
15
9
10
15
8
17
11
11
-1
4
15
12
21
19
18
-6
-12
-20
-28
-29
-10
8
14
10
13
4
-11
-29
-18
-23
-26
-6
-13
-2
-6
-3
3
4
-2
0
2
-2
-5
9
7
9
15
15
5
4
-1
-12
-2
15
13
24
27
14
13
-1
13
1
5
-8
-11
-23
-27
-24
-10
-20
-9
2
-13
-15
-26
-24
-26
-23
-24
-21
-12
-17
-27
-16
-17
-3
-11
4
0
-7
7
-1
16
10
21
26
27
25
25
21
17
23
19
21
29
36
26
26
22
22
25
11
19
23
14
17
11
5
0
-9
2
-6
10
14
20
23
-3
-9
-10
-33
-14
-11
-7
-16
-5
2
3
-6
-7
-12
-13
-12
-5
-2
-5
-1
-8
-10
-22
-22
-32
-23
-26
-17
-14
-13
-10
-12
-8
-15
-1
3
3
-9
-2
-15
-28
-21
-19
-4
-5
6
21
5
9
1
-8
-3
-5
4
24
15
29
27
21
21
9
24
6
27
21
24
17
16
16
14
16
19
33
22
22
8
13
1
1
-1
2
-8
-16
-14
-17
-6
-6
-11
-1
-18
-17
-16
-26
-33
-33
-24
-11
-5
-5
-8
-12
-20
-22
-30
-37
-27
-27
-17
-9
-7
-10
-18
-11
-10
-16
-7
-18
-16
-21
-17
-10
-10
2
-7
14
8
1
14
6
3
18
12
25
30
23
27
19
21
17
21
15
17
29
24
32
33
33
38
24
34
18
32
24
26
31
18
22
10
10
13
14
8
11
8
6
-7
-12
-7
-14
-2
-2
11
3
-15
-28
-27
-41
-32
-21
-34
-9
-27
-10
-40
-35
-37
-38
-21
-13
-1
-8
-16
-31
-37
-45
-25
-30
-8
-13
-8
-5
-12
-6
-13
-1
3
5
19
13
23
11
-2
-10
-14
-10
-5
10
20
15
21
16
18
11
3
12
4
18
20
29
31
25
20
12
18
8
16
24
11
20
17
15
17
19
16
24
13
15
5
0
0
-11
-2
4
20
24
24
11
5
-6
-20
-25
-18
-7
-5
0
-4
-6
-25
-27
-16
-28
-16
-3
-8
-8
-16
-24
-24
-15
-24
-17
-8
-14
-7
-28
-24
-16
-27
-15
-19
-23
-19
-14
-24
-12
-14
-5
-3
-9
-6
-11
-6
-9
-13
-3
-2
7
1
6
-7
11
-1
8
23
14
23
12
14
11
17
16
30
34
23
27
18
29
25
22
31
23
20
14
19
15
18
23
11
24
15
5
2
0
-4
-3
10
9
5
5
-1
0
-6
-9
-3
2
0
-2
-5
-5
-6
-21
-7
-1
-21
-4
-13
-26
-28
-32
-24
-11
2
-1
-1
-3
-10
-25
-15
-23
-15
-11
-4
-7
-10
-11
-16
-6
-5
9
1
12
6
-2
13
2
1
4
-7
2
5
-3
-7
-12
-1
-11
10
4
7
5
23
13
-3
-5
-11
-5
-4
2
4
11
10
16
12
17
10
9
11
13
16
10
9
4
9
8
15
11
9
0
8
-5
-15
-7
-12
3
1
13
-2
-8
-1
-5
-18
-7
-11
