0
0
-1
0
0
0
0
-1
0
0
0
0
0
0
0
0
0
0
0
0
0
0
-1
0
0
0
0
0
0
0
0
0
1
0
-1
0
0
0
0
0
0
0
0
0
0
0
0
0
0
0
0
0
0
0
-1
0
0
0
0
0
0
0
0
0
0
0
0
0
1
0
0
0
0
0
0
0
1
0
0
0
1
1
0
0
0
-1
1
1
0
0
0
0
0
0
0
1
0
0
0
1
0
0
0
0
0
-1
0
0
0
0
0
0
0
0
0
0
-1
-1
-1
0
0
0
0
-1
0
0
0
0
0
0
0
0
0
1
0
1
0
0
0
0
0
0
1
-1
0
1
-1
0
0
0
0
0
0
0
-1
0
0
0
-1
0
-1
0
0
0
0
0
-1
0
0
0
0
0
0
-1
0
0
0
0
0
0
0
0
-1
-1
0
0
0
0
0
1
0
0
0
0
0
-1
0
0
0
0
0
0
0
0
0
1
0
1
0
0
1
-1
1
0
0
0
-1
-1
0
0
0
-1
0
-1
0
0
0
-1
0
0
0
0
1
0
0
0
0
0
0
1
0
1
0
0
0
0
0
0
1
0
0
0
1
1
0
0
0
0
0
0
0
0
-1
1
0
0
0
0
0
0
0
1
0
0
-1
0
0
0
-1
-1
-1
0
1
0
-1
0
0
0
0
0
0
-1
0
0
0
0
1
1
1
0
0
0
0
0
0
1
0
-1
0
-1
0
1
0
0
0
1
-1
-1
-1
0
0
0
0
-1
0
1
1
0
1
0
1
0
-1
1
0
0
0
-1
1
1
-1
-1
0
1
3
0
-2
1
2
2
1
-1
2
1
-1
0
-1
1
3
1
0
1
0
2
0
-2
2
1
1
1
1
1
2
-1
-1
1
0
0
-1
-1
1
1
0
0
0
-1
1
-1
0
1
1
3
-1
-2
1
0
2
-1
-1
3
0
-1
0
0
0
2
1
1
0
-1
1
2
1
2
1
-1
1
1
1
1
-3
0
2
0
1
0
1
3
2
0
-2
0
1
3
2
0
3
5
3
0
-1
2
3
2
1
4
3
1
-2
2
6
1
1
0
1
4
1
2
3
2
4
2
-3
-1
3
6
5
-2
2
5
2
0
-1
3
3
1
0
-1
3
0
2
2
0
1
1
0
-1
-1
2
5
-1
-1
0
-2
3
-2
2
5
-2
0
1
3
1
-2
3
1
1
-1
1
-2
1
4
2
4
-2
-3
0
-2
-1
0
3
-1
-2
1
3
-2
-5
1
1
-1
-2
-3
-2
1
-2
2
-4
-3
-1
-4
9
-33
29
-71
-135
102
84
42
74
56
75
63
70
63
47
52
52
41
53
53
31
30
24
31
44
33
11
7
9
-9
11
-12
-48
-8
-15
-45
-32
-32
-52
-49
-45
-57
-49
-46
-63
-67
-53
-52
-49
-67
-98
-73
-61
-65
-70
-66
-50
-63
-40
-7
-20
-34
-31
-43
-39
-4
-8
-32
-30
-16
-40
-62
-38
-31
-5
9
13
11
-18
-9
-30
-14
15
-36
-15
-8
-13
46
32
4
11
-11
-16
4
5
7
16
8
34
51
29
27
21
21
46
57
72
73
66
78
58
3
7
51
56
61
57
55
80
76
82
87
55
56
27
0
27
27
39
30
-5
17
37
29
18
11
16
26
38
23
2
15
9
-7
16
23
-7
-10
-11
-4
-3
3
0
-19
1
9
-5
-42
-29
-26
-55
-28
-34
-43
-29
-26
-19
-44
-45
-38
-56
-38
-56
-77
-82
-102
-68
-36
-37
-49
-45
-48
-55
-66
-71
-69
-53
-32
-31
-21
-27
-21
-39
-50
-20
-32
-27
-38
-80
-74
-33
-15
-24
-26
-39
-45
-67
-76
-40
-35
-32
-17
-12
-13
-28
-37
-35
-6
12
-9
-9
-2
-10
-15
-7
14
14
18
40
47
39
47
63
46
35
50
39
35
35
10
13
29
40
54
65
83
70
81
83
53
54
57
92
92
68
75
75
81
89
96
88
78
90
99
98
100
84
56
66
99
89
74
84
72
51
46
83
97
81
83
77
75
62
43
41
45
43
29
26
23
13
10
13
28
26
3
13
17
5
13
10
-1
5
8
5
12
-9
-30
-17
-21
-30
-41
-57
-60
-62
-46
-47
-70
-79
-83
-72
-65
-67
-66
-62
-69
-85
-82
-79
-84
-92
-84
-96
-102
-88
-99
-102
-93
-79
-81
-79
-90
-117
-109
-104
-95
-103
-104
-88
-106
-123
-123
-119
-121
-140
-144
-119
-111
-109
-105
-101
-97
-80
-92
-101
-78
-107
-103
-85
-83
-70
-84
-79
-81
-88
-68
-61
-53
-54
-66
-78
-75
-27
-26
-27
6
-13
-19
-20
-12
14
7
4
13
10
-3
6
20
27
33
26
46
35
29
54
54
69
83
82
76
65
65
66
73
81
86
86
85
97
106
116
115
106
132
133
109
93
102
125
111
134
151
145
155
135
140
162
148
134
122
122
132
121
121
118
125
137
129
151
149
133
135
139
133
110
110
105
103
132
119
100
100
72
58
68
80
91
76
78
77
42
49
49
50
61
47
43
30
20
13
10
14
19
11
-2
-11
-27
-40
-50
-37
-29
-31
-42
-76
-71
-55
-63
-52
-65
-66
-64
-100
-86
-75
-97
-86
-93
-89
-83
-103
-107
-111
-81
-62
-96
-99
-95
-119
-128
-107
-113
-126
-111
-112
-123
-115
-113
-114
-111
-99
-95
-109
-108
-98
-88
-88
-74
-68
-93
-93
-72
-70
-69
-54
-57
-57
-63
-70
-53
-35
-20
-36
-46
-32
-30
-30
-39
-32
-11
-8
2
5
22
35
32
22
-5
0
15
19
13
23
49
31
24
39
34
24
37
51
39
41
41
34
45
44
55
60
67
59
41
48
55
53
59
61
43
29
21
20
33
36
32
36
43
38
20
1
4
5
-7
4
11
7
1
-9
15
3
-15
5
-15
-27
-30
-33
-22
-21
-11
-19
-31
-24
-25
-47
-37
-32
-63
-67
-64
-62
-55
-62
-51
-42
-56
-61
-63
-53
-45
-49
-41
-54
-55
-40
-45
-33
-22
-31
-47
-63
-62
-59
-47
-54
-47
-23
-29
-31
-25
-10
4
9
17
20
14
1
11
21
11
6
15
30
17
10
23
36
65
55
45
79
82
76
81
81
102
99
77
72
73
85
95
107
124
121
124
125
109
125
131
124
143
153
138
122
124
110
107
147
157
136
126
119
121
125
124
125
106
112
127
103
90
88
102
111
103
106
98
90
76
49
51
65
55
32
21
34
37
28
48
45
31
28
18
19
-10
-18
-4
-23
-15
-16
-39
-44
-64
-83
-71
-67
-64
-63
-83
-82
-73
-84
-97
-92
-99
-105
-106
-128
-131
-129
-133
-121
-102
-85
-97
-121
-115
-119
-138
-130
-116
-123
-128
-119
-127
-130
-125
-135
-127
-115
-124
-134
-144
-154
-140
-134
-119
-95
-107
-106
-120
-119
-85
-99
-92
-87
-86
-74
-94
-91
-91
-82
-82
-88
-61
-65
-87
-75
-53
-36
-31
-18
0
-12
-21
-24
-12
1
-1
2
12
14
-1
0
-5
-1
24
36
34
28
27
31
50
72
70
63
61
51
68
95
75
80
85
65
80
68
66
73
73
106
103
82
85
86
94
103
108
110
91
80
67
59
77
77
66
61
44
42
53
52
58
55
58
76
60
59
64
57
51
38
58
48
25
34
34
29
18
35
35
12
8
6
24
31
26
52
55
42
30
18
12
2
16
21
19
28
18
-1
-11
-9
4
16
11
5
8
26
31
16
11
-1
8
17
14
12
2
10
7
2
4
-2
10
21
4
8
33
33
30
26
36
45
23
22
15
10
7
7
12
6
10
-2
-7
8
19
18
8
12
18
0
-6
-3
-19
-12
-21
-34
-17
-40
-52
-34
-11
-2
-17
-4
-12
-23
2
-11
-4
-6
-29
-27
-34
-24
-35
-45
-20
-30
-43
-40
-47
-51
-45
-45
-36
-29
-32
-17
-23
-33
-25
-31
-35
-43
-40
-28
-38
-43
-30
-29
-42
-43
-28
-42
-60
-29
-29
-32
-15
-18
-13
-13
-19
-25
-35
-52
-59
-46
-53
-46
-51
-68
-39
-29
-15
-7
-30
-24
-31
-37
-32
-38
-33
-37
-39
-41
-55
-42
-58
-72
-45
-42
-41
-28
-26
-28
-36
-24
-9
-19
-19
-24
-29
-21
-34
-28
-11
-18
-20
-15
-16
-22
-25
-15
-9
1
11
7
15
-10
-18
11
-7
13
35
13
8
-6
-3
7
14
24
25
29
25
9
20
38
28
24
28
37
31
19
40
25
14
32
30
29
43
53
34
17
28
32
39
39
29
29
27
22
22
27
17
7
25
21
12
31
21
12
16
10
23
32
15
1
19
26
10
6
5
6
12
11
10
8
7
21
21
16
25
25
5
-3
11
2
-5
-6
-17
-10
9
19
4
7
16
13
17
7
1
-4
10
23
11
16
14
10
10
7
1
10
15
8
2
-1
2
11
23
22
29
29
30
27
10
19
18
10
23
21
2
-1
16
10
-3
-6
-13
-19
-37
-29
-2
-1
-10
-23
-34
-44
-66
-48
-41
-47
-44
-55
-54
-73
-67
-46
-68
-60
-50
-76
-83
-67
-73
-71
-55
-56
-73
-85
-85
-116
-120
-95
-100
-98
-84
-92
-102
-95
-96
-76
-68
-72
-72
-87
-83
-75
-63
-61
-69
-53
-55
-47
-47
-69
-52
-40
-41
-21
-20
-31
-22
-20
-15
2
-1
-6
-11
-18
-19
-11
-4
7
22
14
16
21
30
34
26
39
46
48
60
59
55
67
82
71
68
56
46
61
71
90
85
81
87
76
80
94
114
93
70
93
89
82
96
98
94
89
87
96
92
79
75
77
100
104
106
101
88
90
83
104
110
107
106
90
80
59
62
69
64
57
70
79
38
24
29
25
32
39
39
33
37
34
11
-4
-9
-5
-10
-34
-42
-47
-59
-51
-50
-56
-51
-45
-38
-57
-68
-63
-69
-74
-74
-70
-81
-81
-78
-91
-86
-89
-94
-88
-93
-96
-96
-96
-101
-103
-98
-104
-97
-96
-112
-100
-89
-85
-85
-84
-63
-74
-70
-62
-65
-58
-69
-52
-56
-70
-48
-42
-31
-22
-18
-10
-3
-1
-7
-7
-16
-2
25
21
19
12
10
19
25
37
44
55
56
35
54
74
69
72
79
85
80
79
89
80
86
83
72
69
61
80
80
96
110
80
89
107
106
98
82
88
89
101
111
96
103
83
69
83
71
64
50
44
47
43
48
37
31
30
18
18
15
15
17
8
16
22
16
2
-3
-7
-8
-14
-25
-20
-34
-26
-20
-45
-28
-39
-54
-38
-58
-56
-51
-61
-57
-51
-64
-81
-89
-84
-74
-78
-74
-67
-77
-100
-110
-98
-94
-86
-79
-68
-71
-81
-89
-103
-102
-98
-83
-69
-67
-64
-79
-88
-83
-85
-85
-69
-38
-35
-39
-37
-38
-26
-22
-9
4
-1
-8
-30
-34
-21
-5
8
21
36
24
14
22
25
27
42
59
69
77
68
58
71
82
84
100
116
120
118
123
120
106
110
124
143
159
165
154
134
135
128
138
148
129
134
133
122
120
113
101
97
101
116
115
98
89
101
111
111
133
131
97
91
80
60
58
47
58
62
49
48
35
10
-10
0
-5
-8
14
-4
-19
-25
-45
-36
-34
-43
-39
-40
-42
-52
-73
-87
-89
-88
-84
-70
-74
-71
-77
-100
-98
-109
-105
-101
-115
-115
-109
-95
-110
-120
-123
-138
-135
-140
-140
-133
-136
-134
-128
-130
-107
-97
-99
-94
-115
-111
-114
-124
-119
-124
-107
-99
-94
-95
-111
-106
-106
-108
-103
-87
-77
-70
-68
-80
-75
-76
-76
-68
-51
-29
-34
-37
-31
-25
-29
-34
1
-2
-19
0
2
-10
-16
-11
-11
-5
18
22
21
27
33
38
37
28
35
35
28
43
59
67
66
56
65
56
64
90
62
51
81
81
83
92
64
54
68
93
105
93
87
77
75
83
95
89
75
99
109
107
121
103
92
106
115
115
96
84
98
100
91
92
102
99
92
99
85
63
60
60
72
86
78
69
63
63
67
57
51
52
41
44
54
48
43
28
27
35
17
4
5
-5
-11
-3
8
-15
-36
-26
-41
-53
-43
-38
-48
-57
-34
-31
-54
-58
-62
-81
-84
-58
-48
-68
-79
-94
-103
-104
-101
-82
-83
-81
-64
-73
-108
-118
-105
-111
-114
-89
-68
-73
-93
-91
-79
-84
-73
-66
-85
-79
-79
-84
-57
-62
-94
-95
-78
-75
-85
-83
-62
-50
-56
-55
-60
-58
-53
-58
-60
-64
-70
-54
-50
-68
-58
-49
-48
-29
-24
-33
-45
-50
-47
-41
-27
-23
-28
-38
-52
-46
-36
-39
-34
-28
-25
-8
-3
-12
-29
-27
-13
-19
-11
5
8
20
20
-3
2
27
32
22
30
47
46
48
51
46
40
48
59
66
67
62
67
90
101
94
109
116
103
87
77
89
100
106
105
98
92
95
109
110
97
81
86
107
112
99
89
92
85
100
110
102
93
78
85
88
81
77
68
76
79
72
62
41
38
35
37
39
30
19
13
30
32
9
3
11
14
8
1
-15
-8
7
-10
-15
-18
-20
-11
-23
-30
-39
-57
-46
-32
-34
-20
-23
-29
-40
-49
-42
-58
-55
-45
-38
-40
-55
-31
-22
-45
-35
-30
-46
-49
-42
-43
-41
-33
-32
-20
-11
-24
-33
-40
-40
-23
-25
-22
-6
-19
-36
-36
-19
-18
-30
-23
-4
3
-14
-18
-21
-14
4
-4
7
13
5
3
-8
-12
-15
-16
-10
9
22
11
8
1
-14
-15
-8
5
16
29
33
7
0
16
14
10
21
35
27
15
21
21
6
7
4
14
30
37
14
-11
-7
-10
-3
14
35
36
15
15
30
26
15
11
8
6
-2
-2
15
9
-21
-25
-18
-19
-4
3
-20
-38
-41
-48
-56
-33
-33
-57
-54
-57
-71
-80
-89
-96
-86
-76
-77
-89
-95
-92
-101
-99
-88
-87
-96
-118
-125
-121
-116
-112
-115
-109
-100
-101
-102
-104
-118
-125
-132
-134
-100
-81
-83
-92
-87
-88
-98
-75
-76
-90
-81
-76
-58
-41
-41
-51
-48
-30
-31
-30
-27
-6
-1
-22
-13
4
18
28
52
76
70
75
73
51
47
49
66
81
88
91
83
84
97
118
129
119
128
126
110
119
131
125
120
140
136
123
132
136
136
114
114
138
145
162
170
149
141
129
109
111
103
98
89
90
109
109
112
108
97
100
100
105
105
76
64
76
79
78
76
88
76
45
47
48
44
50
47
42
33
31
35
30
24
9
-13
-2
0
-4
-5
-10
-12
-18
-12
-14
-12
-15
-39
-41
-34
-51
-56
-46
-49
-54
-53
-43
-46
-61
-60
-57
-69
-72
-60
-56
-55
-66
-89
-86
-76
-78
-80
-72
-75
-86
-85
-77
-71
-72
-55
-47
-69
-75
-81
-83
-72
-70
-60
-52
-57
-41
-35
-44
-43
-37
-35
-36
-8
-3
-24
-17
-23
-17
-6
-8
17
24
17
4
-1
10
17
46
50
47
60
39
31
41
38
46
68
72
64
64
54
56
71
75
85
89
65
58
61
53
63
94
97
72
74
82
68
63
61
51
40
42
48
48
42
18
19
21
12
33
43
18
-10
-7
1
-6
4
14
4
-9
-15
-22
-44
-59
-40
-40
-56
-51
-45
-48
-62
-64
-68
-80
-75
-75
-67
-78
-104
-93
-78
-82
-83
-87
-101
-101
-99
-91
-87
-91
-102
-123
-122
-107
-95
-91
-82
-86
-113
-108
-100
-98
-90
-85
-75
-74
-65
-64
-73
-72
-74
-81
-80
-75
-68
-65
-62
-50
-37
-24
-34
-44
-32
-33
-34
-25
-9
-12
9
28
4
6
16
15
14
21
36
32
39
41
39
45
56
76
88
89
85
86
76
80
100
109
124
131
112
92
115
125
114
116
107
103
96
86
108
116
113
123
133
125
117
127
121
116
124
127
117
124
121
102
98
89
85
92
98
96
87
83
71
68
87
102
110
100
75
59
41
20
40
61
49
42
28
11
20
24
10
17
6
-22
-11
0
-9
-1
-11
-36
-32
-17
-24
-31
-30
-60
-70
-67
-88
-70
-54
-65
-70
-82
-96
-98
-98
-98
-88
-86
-92
-79
-93
-109
-101
-97
-108
-110
-105
-123
-125
-110
-106
-102
-112
-116
-110
-111
-113
-100
-82
-101
-117
-92
-95
-94
-57
-57
-67
-68
-78
-84
-75
-50
-48
-53
-60
-58
-44
-51
-41
-25
-41
-38
-10
-4
3
7
-2
14
19
11
33
34
15
29
32
18
39
50
34
29
41
39
43
73
80
60
57
58
54
61
74
86
99
94
100
102
77
70
76
79
68
65
82
79
61
62
77
84
66
57
63
46
53
82
82
83
95
77
60
52
41
53
53
50
49
31
32
47
42
26
26
38
34
20
25
31
17
7
9
21
15
6
16
21
1
-26
-38
-30
-33
-43
-17
-14
-25
-31
-51
-38
-44
-52
-29
-25
-31
-36
-39
-41
-42
-51
-59
-49
-53
-61
-63
-77
-86
-92
-88
-64
-50
-64
-66
-47
-62
-70
-53
-68
-72
-66
-60
-49
-50
-47
-56
-66
-78
-77
-69
-67
-43
-44
-46
-44
-56
-48
-50
-45
-27
-23
-21
-21
-25
-38
-40
-18
-16
-25
-23
-18
-24
-38
-27
-19
-30
-33
-23
-16
-25
-16
-9
-9
-10
-19
-20
-2
15
3
2
-7
-21
-13
-16
-9
8
11
8
2
-1
-7
-8
4
15
22
39
42
27
28
21
2
21
32
30
39
27
20
9
11
21
19
33
43
50
47
44
56
44
39
40
44
56
50
49
47
46
36
24
44
31
29
49
34
26
31
25
13
22
33
39
52
42
42
38
36
44
32
34
20
7
16
7
4
7
12
0
-9
0
0
-4
-7
7
7
1
1
-5
14
13
4
16
6
-16
-9
-9
-30
-32
-16
-17
-23
-20
-28
-35
-37
-34
-28
-23
-32
-44
-31
-20
-21
-20
-16
-22
-46
-52
-44
-51
-43
-27
-28
-32
-30
-43
-52
-50
-48
-48
-33
-21
-28
-35
-24
-22
-23
-16
-21
-16
-24
-37
-17
0
1
8
6
-9
-10
8
14
10
13
9
-2
5
20
20
23
34
27
19
15
20
14
1
25
44
42
52
52
40
19
16
32
41
31
26
47
50
30
35
71
57
37
57
47
34
46
45
47
41
32
38
34
40
40
32
30
33
40
22
26
42
49
48
45
56
35
5
10
27
36
30
37
34
8
7
-3
-19
-2
-2
-12
6
-8
-19
-6
-9
-7
-11
-25
-22
-27
-36
-32
-42
-48
-40
-44
-53
-62
-75
-74
-58
-62
-77
-64
-61
-78
-75
-66
-68
-58
-60
-85
-86
-72
-89
-81
-64
-75
-87
-86
-67
-78
-85
-65
-55
-53
-58
-65
-71
-67
-70
-60
-39
-40
-46
-40
-33
-51
-52
-24
-27
-22
-13
-22
-29
-33
-31
-24
-10
4
-4
-3
8
7
14
18
16
23
38
33
19
39
35
27
46
23
8
26
32
45
52
52
61
67
67
57
50
61
56
49
55
67
76
67
84
95
69
70
81
70
71
62
64
81
90
100
93
99
91
84
86
71
81
83
86
101
110
97
79
89
77
65
64
58
67
55
51
52
48
56
53
55
44
26
18
10
34
39
18
28
28
15
-10
-19
-29
-43
-34
-24
-9
-22
-39
-36
-38
-52
-63
-52
-63
-88
-82
-75
-92
-86
-70
-82
-66
-65
-80
-85
-93
-93
-106
-102
-93
-95
-95
-95
-90
-87
-80
-73
-76
-74
-68
-64
-49
-41
-52
-47
-37
-42
-47
-60
-57
-36
-36
-44
-25
-3
-14
-9
0
-11
-12
-2
-3
-4
5
4
-2
10
14
14
17
27
32
20
26
28
26
38
37
28
29
29
19
35
50
36
45
51
36
35
38
40
43
49
54
46
30
29
36
45
45
38
39
37
23
20
40
37
30
39
47
41
39
46
29
30
36
20
20
20
9
18
24
19
30
34
21
12
6
6
-5
-1
16
3
-6
6
9
8
4
13
16
7
-2
-26
-25
-16
-22
-8
-12
-27
-24
-42
-58
-39
-29
-29
-17
-13
-27
-47
-53
-44
-34
-32
-39
-30
-29
-41
-39
-40
-36
-32
-26
-7
-1
-15
-29
-38
-48
-47
-26
-16
-10
-14
-23
-24
-36
-30
-18
-9
1
0
9
19
19
15
8
-6
-10
7
12
13
15
29
40
32
29
36
39
42
58
51
34
32
30
39
45
46
62
70
55
56
60
45
38
50
62
59
65
68
61
55
48
41
42
51
59
60
53
45
31
29
41
39
28
33
32
30
31
7
0
9
8
13
17
20
14
13
17
6
0
-17
-29
-17
-24
-31
-24
-27
-21
-12
-26
-24
-19
-27
-29
-32
-28
-31
-39
-39
-43
-52
-47
-41
-40
-30
-30
-44
-48
-52
-55
-46
-51
-56
-47
-38
-44
-50
-43
-41
-50
-52
-58
-59
-45
-45
-51
-54
-53
-43
-33
-32
-23
-29
-54
-50
-44
-35
-32
-41
-25
-17
-28
-27
-23
-37
-41
-26
-27
-29
-12
-8
-9
-9
-9
3
13
9
-4
-5
5
13
15
16
6
0
9
20
28
31
31
32
42
40
28
31
32
35
46
44
41
37
25
20
18
19
34
35
29
25
28
30
27
38
34
23
19
11
24
27
20
12
-1
1
15
17
18
17
-1
10
15
-3
-11
-22
-15
-1
5
2
9
11
-19
-21
-8
-23
-17
10
9
-4
-17
-22
-12
-3
-5
-4
7
7
-5
-3
-3
-12
-5
7
3
-7
-8
-13
-14
-4
-1
-10
-14
7
12
-2
-2
-9
-12
-13
-3
12
20
26
7
-4
-2
-15
-17
-7
-2
-8
-11
-10
-10
-7
-6
-9
-6
-8
-7
5
0
-9
-3
-13
-25
-18
-11
-7
-6
2
-2
-22
-23
-10
-6
-1
-2
-11
-16
-3
1
-18
-17
-6
-12
-4
11
7
0
-6
-17
-23
-10
-2
4
7
-3
-8
-14
-15
-6
-7
-18
-12
-6
-6
-10
-12
-2
-10
-1
8
-4
-4
-18
-15
-2
3
-1
-17
-8
-6
-2
9
-1
1
6
3
15
16
7
7
-1
6
18
12
23
29
21
12
14
11
-12
-6
-11
-26
-5
6
14
19
12
-4
-10
0
5
0
9
13
20
16
-7
-7
-26
-42
-23
-26
-34
-20
-4
-13
-26
-19
-11
-19
-22
-14
-7
-12
-34
-29
-33
-35
-24
-37
-20
-21
-31
-28
-39
-30
-17
0
8
2
-5
-5
-4
-2
2
-16
-13
-5
-6
-8
-16
-6
-15
-23
-17
1
12
-6
8
20
14
9
0
-5
-16
-5
-2
-9
-6
-14
-19
-27
-33
-21
-14
-7
1
-12
-21
-18
-29
-29
-29
-29
-9
-6
-10
-13
-13
-12
-19
-18
-31
-21
6
-5
-17
-8
-15
-12
2
16
28
22
27
20
15
32
24
23
41
47
51
46
33
31
47
46
50
75
86
82
78
79
88
88
84
85
84
87
96
99
101
92
86
103
110
103
109
112
117
125
117
108
108
106
88
88
102
105
103
99
98
98
100
96
99
110
100
86
84
89
92
90
81
82
79
65
57
54
74
70
55
53
33
38
40
38
42
34
27
19
8
-7
-19
-14
-2
-9
-11
-7
-14
-23
-38
-39
-53
-51
-34
-48
-52
-56
-66
-75
-84
-95
-104
-94
-101
-116
-124
-133
-147
-141
-145
-148
-133
-146
-160
-152
-156
-168
-163
-148
-146
-145
-139
-136
-137
-151
-165
-164
-173
-167
-156
-157
-142
-139
-149
-150
-150
-148
-143
-131
-113
-107
-113
-117
-102
-94
-103
-102
-82
-61
-51
-56
-61
-65
-59
-35
-38
-33
-6
-7
-8
-8
-11
-14
-15
-8
-5
-8
-7
5
19
32
42
59
60
48
58
47
37
43
42
39
36
43
61
75
66
59
59
50
70
88
86
83
90
94
82
84
82
69
53
45
49
49
62
70
69
76
71
76
77
77
73
77
95
96
99
87
86
91
78
92
99
96
96
94
91
89
83
69
56
61
70
66
74
80
68
59
57
61
64
63
56
61
61
71
68
42
39
40
32
37
51
53
48
33
15
14
22
25
33
41
33
22
12
6
-1
4
6
6
24
15
5
-1
-6
7
14
19
21
23
29
33
23
16
3
-7
3
-4
-14
-3
-7
-6
7
4
-1
7
16
9
0
8
10
7
10
16
23
29
30
19
22
27
15
20
25
26
21
13
17
14
9
3
3
4
-17
-14
8
15
20
24
19
14
7
-9
0
14
19
16
4
-8
-17
-8
0
7
36
46
34
24
17
9
7
15
20
14
-4
-11
-10
-22
-19
-9
-20
-24
-33
-33
-23
-22
-16
-28
-45
-46
-45
-45
-43
-42
-51
-52
-47
-50
-47
-30
-38
-50
-46
-59
-78
-76
-68
-65
-54
-59
-69
-66
-64
-69
-72
-55
-52
-50
-44
-49
-58
-77
-76
-68
-66
-63
-55
-50
-60
-64
-58
-55
-47
-32
-29
-16
2
-6
-32
-50
-42
-39
-36
-10
-4
-15
-21
-28
-28
-36
-22
-8
-12
1
0
-14
-25
-24
-23
-18
-5
-11
-22
-29
-28
-19
0
6
-7
-14
-21
-24
-36
-27
-26
-40
-37
-38
-47
-54
-39
-28
-40
-32
-26
-30
-26
-18
-6
-12
-16
-16
-29
-31
-23
-27
-27
-26
-33
-34
-42
-28
-27
-52
-33
-18
-21
-8
-1
-6
-22
-23
-16
-6
0
-12
-12
-1
4
7
3
-3
18
31
15
16
25
16
26
40
32
32
30
26
42
42
32
42
49
45
43
51
55
54
60
59
51
43
40
39
36
36
42
52
64
68
60
71
73
62
60
56
60
56
42
39
31
33
33
35
49
37
27
32
38
35
45
52
39
36
32
24
22
24
9
4
14
11
14
21
7
7
9
1
7
14
18
-4
-8
-6
-22
-15
-10
-14
-18
-20
-27
-24
-16
-13
-2
10
5
-8
-12
-18
-19
-22
-14
-10
-12
-25
-46
-31
-15
-16
-20
-22
-22
-22
-28
-26
-21
-30
-36
-35
-35
-34
-19
2
6
-12
-17
-20
-29
-18
-8
-20
-5
17
5
-2
9
12
3
-1
-7
-12
-8
-14
-23
-6
3
0
8
0
-10
-3
-1
1
14
17
14
18
13
18
24
18
19
22
25
32
41
41
30
20
20
17
5
5
18
34
37
30
28
12
15
30
30
39
39
26
29
36
37
32
25
26
25
16
12
11
11
12
5
0
-2
-6
0
-3
-2
-2
-11
-8
-9
-4
-9
-11
-4
-10
-12
-22
-23
-19
-24
-34
-42
-42
-46
-45
-34
-31
-47
-47
-44
-49
-51
-60
-71
-77
-73
-69
-77
-76
-70
-70
-65
-64
-65
-61
-50
-43
-54
-57
-66
-73
-64
-67
-70
-68
-60
-54
-55
-55
-55
-50
-45
-42
-34
-37
-40
-39
-48
-37
-27
-25
-22
-25
-24
-27
-29
-24
-17
-4
12
22
21
14
21
27
30
38
35
33
39
43
39
39
41
45
52
47
49
62
70
55
50
57
54
61
69
77
85
83
83
86
85
76
73
73
72
74
72
76
86
79
69
64
60
64
62
61
57
53
55
57
56
47
45
48
42
44
46
30
20
22
26
34
24
10
4
-5
-12
-11
-6
-12
-6
5
-7
-17
-20
-30
-47
-55
-60
-67
-63
-47
-45
-46
-47
-51
-40
-40
-44
-42
-38
-33
-30
-35
-44
-48
-50
-46
-54
-60
-64
-74
-72
-67
-59
-52
-48
-39
-35
-25
-19
-38
-39
-30
-43
-38
-27
-22
-13
-12
-13
-12
-13
-7
9
11
15
17
11
7
9
12
5
11
25
21
15
14
12
32
54
55
71
68
40
45
53
50
60
58
52
70
63
57
65
70
71
73
73
68
82
88
85
98
101
89
77
76
72
74
78
77
82
79
72
77
76
81
92
77
72
77
71
67
77
84
80
76
62
51
39
28
28
35
33
21
27
37
34
42
37
33
45
29
12
9
3
1
4
2
-14
-19
-17
-31
-28
-20
-32
-31
-27
-37
-24
-5
-15
-26
-26
-37
-43
-56
-66
-61
-59
-55
-54
-67
-69
-53
-65
-69
-58
-73
-72
-53
-49
-55
-53
-59
-63
-56
-62
-73
-68
-68
-76
-55
-56
-62
-37
-31
-35
-37
-47
-55
-50
-47
-48
-39
-32
-37
-35
-37
-52
-53
-41
-20
-11
-16
-13
-13
-14
-21
-9
-10
-20
-7
-10
-17
-17
-13
-1
5
11
18
8
10
21
15
21
21
13
11
18
32
27
28
28
21
16
19
7
11
40
35
22
24
16
16
36
39
41
55
34
19
31
31
26
29
36
28
21
25
29
31
26
27
30
26
33
41
40
44
32
10
10
25
19
15
23
25
26
23
17
16
15
7
22
31
32
40
33
31
19
12
15
17
26
18
4
2
14
15
13
17
13
10
7
6
10
9
6
10
15
6
-1
1
-5
2
9
-5
-16
-13
-1
-8
-5
-1
-9
-13
-19
-17
-25
-30
-22
-27
-36
-39
-37
-32
-30
-36
-34
-32
-32
-36
-46
-48
-37
-32
-46
-45
-44
-61
-66
-70
-79
-88
-78
-68
-60
-56
-66
-65
-64
-68
-57
-43
-47
-57
-66
-72
-68
-70
-75
-71
-70
-64
-65
-72
-52
-47
-50
-45
-49
-47
-51
-43
-37
-48
-46
-50
-56
-47
-44
-42
-24
-25
-36
-29
-23
-24
-7
1
5
18
7
9
7
-1
9
13
11
5
13
18
15
31
41
38
36
42
45
38
37
43
53
53
53
58
52
53
48
54
65
63
66
55
51
61
59
67
75
76
72
67
68
68
56
56
57
51
64
67
62
66
63
48
49
49
41
55
53
43
48
46
25
16
17
15
19
16
15
11
4
1
8
5
1
9
-1
-15
-15
-15
-31
-28
-14
-30
-39
-38
-38
-51
-52
-50
-63
-56
-58
-63
-61
-62
-46
-56
-63
-53
-72
-77
-64
-68
-67
-71
-67
-65
-59
-55
-69
-57
-65
-79
-69
-61
-55
-60
-55
-56
-66
-65
-61
-42
-26
-27
-31
-35
-35
-21
-7
-11
-7
3
-6
-16
-19
-9
1
11
17
16
27
31
28
31
28
37
34
29
33
37
41
38
51
45
43
59
66
72
68
68
68
69
70
69
63
63
61
59
56
46
46
55
71
67
61
64
45
42
53
44
38
54
62
44
35
33
19
26
45
39
26
16
14
13
8
12
16
23
10
-12
-19
-34
-34
-16
-13
-12
-13
-40
-53
-51
-58
-50
-33
-40
-58
-55
-53
-63
-68
-66
-75
-74
-65
-79
-80
-76
-66
-74
-84
-80
-88
-83
-72
-62
-76
-93
-88
-100
-100
-85
-66
-64
-68
-64
-82
-78
-67
-60
-56
-62
-53
-54
-66
-49
-23
-25
-33
-33
-29
-37
-41
-40
-38
-28
-13
-2
0
5
-4
-4
17
13
15
19
9
21
30
20
32
34
32
46
47
42
53
65
54
57
66
60
54
50
54
61
69
65
69
82
65
53
65
53
51
59
62
74
60
62
85
72
62
62
51
57
66
54
50
50
37
19
28
44
37
36
38
34
26
10
15
12
-1
9
7
10
16
12
-2
-17
-8
-13
-24
-7
-15
-26
-16
-14
-29
-51
-41
-16
-27
-44
-43
-33
-42
-45
-27
-42
-49
-47
-58
-63
-63
-52
-58
-51
-38
-48
-56
-49
-23
-21
-30
-24
-30
-47
-52
-48
-38
-24
-24
-26
-20
-7
2
2
7
13
3
13
31
23
27
18
19
27
18
20
17
26
30
33
38
38
57
61
56
62
68
69
63
54
55
47
46
53
65
74
62
70
73
75
91
95
99
95
88
82
76
71
67
61
64
59
52
63
56
63
75
77
84
83
79
72
70
65
54
39
52
66
41
31
44
46
30
41
45
38
42
30
35
49
29
14
26
27
30
19
11
26
23
16
10
21
16
0
0
-5
-3
-13
-18
-9
-10
-8
-10
-10
-5
-20
-33
-27
-30
-33
-34
-26
-12
-21
-33
-27
-41
-57
-52
-54
-53
-46
-31
-43
-51
-50
-52
-44
-52
-52
-58
-60
-54
-68
-66
-57
-50
-40
-43
-55
-47
-49
-58
-51
-35
-29
-47
-55
-61
-51
-44
-58
-51
-41
-50
-57
-51
-35
-23
-24
-24
-11
-6
-17
-18
-7
-4
-7
-13
-24
-22
1
2
0
17
12
1
-7
10
21
-5
2
21
18
18
20
8
9
19
6
17
20
4
4
11
12
14
9
-1
4
2
3
16
21
13
9
3
-12
-11
-7
-8
-1
12
9
-12
-11
-14
-40
-35
-18
-13
-24
-34
-19
-20
-29
-18
-18
-36
-39
-32
-28
-27
-19
-9
-10
-7
-17
-38
-30
-18
-23
-24
-11
-6
-28
-16
1
-7
-13
-15
-8
-11
-5
2
3
12
14
-1
-10
11
1
-15
-5
2
2
0
11
12
6
23
22
11
11
8
0
0
9
11
0
3
13
7
13
23
22
3
-1
14
3
0
-1
-2
4
9
21
-10
-25
-4
-25
-21
1
-10
-19
-4
5
-17
-15
-10
-19
-17
-23
-18
-13
-12
-14
-22
-16
-19
-19
-12
-14
-5
-10
-22
-17
-21
-26
-24
-28
-28
-29
-18
-9
-10
8
6
3
0
-9
6
1
-1
2
-7
2
19
11
-1
11
4
3
12
-1
-9
-3
14
19
19
20
10
4
12
14
13
19
27
26
16
24
32
28
16
31
35
19
22
19
15
21
24
24
34
34
28
32
25
28
18
7
5
13
24
22
26
24
27
23
19
26
16
19
32
39
35
32
32
41
40
21
15
6
-4
-15
-21
-14
-10
-7
4
10
10
14
3
-1
-10
-15
-21
-32
-28
-39
-50
-40
-26
-26
-42
-34
-25
-38
-39
-38
-46
-44
-48
-54
-52
-48
-69
-78
-70
-89
-89
-84
-98
-93
-92
-88
-60
-53
-60
-59
-59
-66
-83
-89
-85
-87
-66
-57
-70
-62
-65
-66
-70
-55
-45
-63
-51
-27
-21
-30
-37
-40
-39
-32
-38
-31
-29
-32
-25
-23
-19
-10
-10
-3
13
16
35
43
40
36
29
37
35
27
34
43
53
64
67
70
71
72
72
66
75
69
57
69
90
91
84
98
100
84
72
79
90
90
83
75
78
75
71
76
89
90
85
81
69
64
65
53
33
49
61
48
50
50
49
44
37
30
18
7
-2
3
4
-5
-5
-3
-6
-6
-17
-30
-31
-44
-42
-36
-45
-39
-47
-58
-49
-57
-60
-55
-61
-64
-67
-74
-81
-81
-86
-93
-86
-88
-85
-78
-87
-88
-101
-112
-100
-95
-91
-91
-88
-85
-93
-98
-87
-75
-82
-100
-86
-69
-70
-61
-63
-63
-65
-71
-50
-37
-41
-46
-36
-26
-23
-16
-5
13
23
28
22
24
44
48
45
55
71
67
61
74
81
80
94
109
121
128
121
127
133
120
135
140
134
153
152
143
154
148
140
148
141
141
141
144
153
156
148
145
151
139
133
127
125
122
116
115
114
115
103
104
100
78
83
86
84
84
66
55
52
37
29
27
19
14
6
-3
-10
-17
-20
-24
-32
-42
-44
-46
-51
-43
-39
-58
-84
-91
-93
-83
-85
-96
-95
-109
-126
-132
-122
-113
-116
-124
-113
-117
-133
-126
-125
-139
-144
-143
-149
-158
-156
-151
-147
-129
-140
-144
-127
-136
-140
-135
-137
-130
-129
-124
-117
-126
-123
-125
-128
-111
-108
-109
-97
-85
-90
-97
-76
-55
-66
-83
-77
-65
-58
-50
-37
-40
-44
-40
-33
-19
-12
-18
-16
1
0
-9
20
36
35
41
22
47
67
49
56
47
49
63
78
100
101
85
72
81
99
117
119
112
113
98
86
98
117
123
130
115
103
116
122
122
107
96
90
84
98
94
83
79
86
82
77
91
96
82
85
79
54
48
56
53
24
21
18
1
6
7
13
10
-6
-1
-14
-23
-12
-30
-39
-39
-40
-19
-16
-24
-34
-56
-59
-53
-57
-59
-39
-41
-65
-60
-38
-37
-62
-71
-66
-57
-47
-46
-56
-67
-66
-78
-68
-50
-52
-57
-56
-38
-31
-31
-15
-25
-33
-32
-44
-36
-34
-40
-45
-37
-20
-32
-27
-9
-8
-7
-2
2
-5
3
14
19
15
3
1
-1
4
19
31
38
41
27
24
38
35
36
51
74
101
91
73
73
52
53
56
58
77
70
71
88
84
87
87
68
70
78
69
79
97
108
102
103
100
76
58
44
54
76
90
88
69
69
74
44
51
58
55
60
36
49
63
55
41
21
23
30
20
15
28
35
36
35
22
16
16
-3
-19
-14
-16
-10
5
13
27
4
-12
-2
-14
4
13
-17
-25
-14
-8
-9
-7
-43
-74
-54
-34
70
122
40
-26
-110
-148
-101
-78
-19
57
11
29
66
1
-39
-135
-205
-128
-40
9
42
18
-23
-66
-94
-61
-48
-51
-37
-47
-34
3
-35
-72
-61
-67
-57
-46
-24
-14
-58
-96
-117
-123
-96
-72
-38
11
-23
-53
-75
-132
-121
-115
-116
-71
-65
-62
-38
-64
-71
-75
-125
-124
-107
-118
-93
-71
-109
-88
-55
-77
-49
-67
-97
-77
-115
-135
-121
-122
-76
-51
-45
-23
-43
-42
-37
-70
-79
-83
-75
-23
6
39
49
11
-5
-35
-45
-25
7
32
34
69
69
50
68
47
3
19
33
30
92
99
65
76
55
74
118
116
107
98
72
77
102
100
98
101
125
139
125
138
124
94
94
86
100
112
113
133
134
121
136
135
103
109
109
88
85
93
89
92
111
113
116
103
76
77
89
74
57
70
66
65
102
99
60
49
16
5
37
49
32
13
5
-2
5
-1
3
9
-6
-34
-41
-52
-68
-37
-43
-46
-26
-39
-31
-27
-69
-70
-53
-54
-48
-63
-68
-64
-66
-69
-64
-67
-76
-60
-53
-61
-77
-109
-115
-105
-82
-38
-22
-21
-40
-55
-34
-64
-86
-70
-82
-60
-32
-28
-18
-32
-24
-17
-18
6
-7
-15
-4
-13
5
8
8
40
36
30
58
48
15
18
13
21
39
21
31
60
67
93
86
44
46
50
64
103
100
99
87
68
105
104
88
102
67
75
89
71
99
88
60
75
59
30
68
63
39
52
34
24
28
25
6
8
67
60
11
52
-64
-125
44
-44
-60
21
-111
6
65
-121
-37
-49
-200
-16
11
-61
18
-150
-190
-80
-118
-92
-119
-183
-130
-138
-145
-116
-181
-204
-186
-207
-131
-97
-178
-160
-170
-190
-150
-195
-207
-177
-181
-134
-113
-142
-168
-223
-189
-128
-157
-128
-190
-211
-66
-119
-129
-98
-218
-158
-104
-182
-75
-72
-172
-54
-43
-71
14
-44
-86
-28
-60
-70
-5
-11
-9
12
1
30
56
83
46
15
66
39
61
111
73
110
123
81
156
140
89
144
126
121
146
107
122
175
168
176
188
153
156
156
146
170
174
173
180
181
202
205
184
175
148
146
156
153
187
164
148
169
145
167
162
126
151
123
101
125
99
89
96
82
102
105
99
105
86
75
62
24
15
13
17
22
14
18
-5
7
13
-12
-23
-35
-29
-38
-51
-49
-35
-30
-51
-46
-33
-58
-62
-66
-96
-87
-101
-131
-96
-76
-94
-65
-54
-65
-63
-101
-112
-92
-98
-109
-81
-85
-95
-50
-61
-68
-59
-104
-100
-77
-106
-89
-54
-72
-39
-15
-45
-41
-38
-43
-26
-17
-37
-24
-3
4
37
42
26
25
34
34
45
34
34
50
32
54
76
68
82
60
45
69
71
92
90
74
103
107
100
126
103
87
104
71
87
84
66
84
83
108
124
113
93
85
70
55
78
95
111
89
66
74
65
60
55
44
30
34
44
57
44
22
39
35
50
52
8
0
-7
-13
-2
-29
-39
-29
-30
-1
14
-18
-29
-34
-53
-31
-18
-53
-39
-34
-47
-23
-52
-75
-65
-82
-77
-52
-77
-87
-82
-104
-67
-49
-79
-71
-78
-78
-75
-103
-125
-126
-125
-110
-87
-110
-103
-94
-119
-106
-122
-148
-154
-145
-110
-103
-106
-130
-146
-124
-121
-126
-105
-116
-135
-105
-118
-116
-121
-144
-100
-94
-100
-90
-116
-140
-121
-129
-138
-98
-107
-102
-63
-70
-67
-72
-99
-77
-69
-80
-68
-82
-70
-33
-42
-34
-48
-54
-13
-33
-22
12
-13
0
-1
-1
35
9
6
48
51
51
34
29
49
51
56
52
35
44
66
43
62
85
43
46
86
73
76
71
47
84
91
74
82
84
99
108
107
103
98
88
63
79
113
99
101
104
91
105
88
75
93
97
109
111
108
102
84
77
94
97
97
96
74
92
100
69
67
67
68
99
104
77
78
64
49
70
49
37
52
49
78
85
51
45
34
43
69
61
32
20
36
38
36
33
14
6
17
18
21
31
20
17
8
5
3
-16
-9
7
-8
-10
-23
-24
2
-28
-30
-11
-14
-14
-34
-41
-15
-28
-67
-64
-44
-30
-25
-29
-14
-21
-64
-53
-56
-66
-24
-6
-18
-1
-7
-38
-32
-24
-23
-45
-55
-50
-54
-34
-27
-10
2
-13
-15
-37
-35
-33
-31
-7
-16
-2
-1
-25
-13
3
1
11
19
12
6
-13
-22
-7
22
39
44
54
34
22
22
24
48
37
36
48
56
82
73
62
57
43
53
39
49
70
42
44
59
64
67
74
83
89
73
45
61
81
88
82
57
59
60
53
63
60
56
61
47
31
37
26
24
47
56
62
53
22
14
12
0
6
-7
-19
-20
-29
-16
-3
-16
-21
-27
-41
-37
-57
-71
-72
-88
-80
-72
-66
-66
-75
-95
-91
-79
-103
-104
-125
-134
-109
-103
-108
-132
-140
-133
-145
-150
-143
-145
-142
-150
-150
-143
-161
-153
-139
-133
-137
-143
-138
-151
-151
-137
-140
-152
-139
-144
-147
-112
-112
-113
-113
-125
-113
-88
-90
-76
-61
-83
-62
-48
-75
-76
-59
-42
-30
-35
-27
-14
-14
3
31
23
22
23
9
42
56
57
66
59
59
56
59
72
84
82
108
126
120
128
106
90
112
125
129
138
134
125
132
137
149
159
159
174
193
183
167
161
153
150
153
160
147
146
155
152
160
167
147
144
147
113
131
155
152
142
130
124
117
101
70
109
105
77
80
48
58
64
47
55
97
85
51
62
53
44
27
-4
-2
26
3
2
23
-11
-24
-32
-31
-18
-34
-74
-80
-53
-54
-63
-65
-70
-71
-78
-81
-77
-100
-119
-102
-99
-80
-79
-99
-104
-106
-78
-91
-106
-91
-124
-144
-125
-108
-96
-98
-81
-87
-95
-68
-88
-90
-72
-76
-61
-82
-98
-69
-84
-78
-43
-61
-58
-42
-64
-64
-31
-21
-35
-26
-10
9
23
7
29
48
29
16
10
33
43
36
53
50
63
71
50
79
86
70
99
91
81
106
96
105
127
96
105
134
129
133
107
98
104
94
90
98
106
112
107
82
90
85
69
64
78
107
101
77
63
60
44
46
38
43
34
1
16
-7
-12
-6
-35
-34
-35
-47
-52
-59
-74
-69
-86
-98
-95
-117
-127
-111
-124
-140
-124
-160
-178
-166
-182
-179
-187
-197
-194
-204
-223
-228
-232
-230
-223
-230
-220
-213
-223
-232
-241
-249
-244
-242
-249
-223
-223
-250
-242
-229
-237
-245
-219
-206
-207
-206
-218
-202
-195
-209
-187
-172
-167
-153
-161
-159
-126
-120
-127
-125
-139
-119
-105
-99
-50
-45
-61
-52
-48
-54
-44
-16
0
24
34
30
38
42
37
47
62
72
85
86
100
98
87
87
94
120
134
148
150
140
143
148
163
168
184
207
203
192
181
176
188
188
175
186
188
184
188
187
201
203
196
190
199
199
173
182
181
163
163
171
185
174
167
158
142
142
124
119
114
102
113
109
110
101
66
53
73
70
62
66
47
37
47
50
51
46
39
28
21
8
4
-15
-41
-8
-7
-39
-50
-49
-35
-47
-43
-33
-52
-60
-59
-64
-60
-41
-48
-60
-72
-77
-74
-81
-74
-87
-80
-62
-59
-45
-70
-69
-67
-77
-68
-76
-59
-48
-59
-59
-52
-50
-35
-16
-33
-20
-12
-30
-19
-11
-9
10
19
15
32
24
3
-1
13
32
26
40
40
42
43
59
90
73
79
79
75
98
107
96
100
108
103
127
120
113
125
131
143
148
150
125
126
133
132
142
149
145
115
105
109
115
131
135
135
122
126
132
119
108
98
108
100
92
116
111
92
81
71
79
81
66
73
80
59
52
52
26
9
29
39
43
48
17
-3
-7
-15
-13
-18
-27
-17
-21
-39
-35
-27
-41
-61
-68
-61
-60
-73
-83
-93
-97
-108
-104
-96
-99
-93
-105
-129
-136
-128
-129
-129
-108
-94
-114
-138
-136
-144
-153
-160
-163
-143
-153
-171
-158
-161
-163
-152
-175
-187
-172
-160
-161
-159
-175
-176
-163
-177
-161
-158
-158
-157
-172
-160
-171
-190
-187
-173
-165
-163
-151
-141
-138
-159
-150
-143
-136
-122
-141
-132
-129
-147
-139
-95
-94
-123
-128
-127
-107
-117
-127
-111
-112
-107
-95
-101
-102
-87
-81
-82
-79
-74
-76
-87
-64
-32
-29
-11
4
-4
-28
-32
1
6
1
19
26
32
20
12
27
45
36
40
82
75
74
75
62
83
78
95
100
86
105
103
102
107
109
114
122
125
137
150
136
141
143
142
152
148
147
134
136
149
141
133
149
154
126
142
162
149
139
133
142
138
120
113
121
111
105
122
115
104
94
69
78
87
73
83
78
60
42
25
48
46
20
11
32
44
14
4
9
-13
-17
-13
-28
-17
-3
-8
-20
-38
-33
-38
-57
-52
-54
-72
-66
-55
-53
-61
-60
-39
-52
-58
-67
-70
-59
-55
-37
-40
-41
-57
-70
-47
-46
-52
-48
-40
-36
-23
-17
-12
-10
-1
28
22
23
25
14
27
37
52
47
48
64
72
84
79
87
94
94
96
94
103
99
115
128
116
129
141
117
118
130
122
135
144
154
143
123
132
150
162
158
158
146
138
158
162
151
150
141
140
143
148
159
143
125
133
138
123
115
118
109
104
97
81
75
72
66
54
51
67
63
46
39
27
14
14
11
1
-8
-30
-32
-15
-37
-57
-64
-57
-62
-75
-68
-84
-98
-112
-118
-121
-134
-141
-142
-130
-137
-157
-171
-192
-211
-210
-201
-218
-213
-205
-238
-267
-274
-273
-277
-258
-250
-264
-274
-278
-269
-280
-304
-281
-267
-272
-265
-261
-257
-271
-270
-259
-257
-247
-235
-222
-230
-238
-240
-222
-208
-215
-206
-181
-150
-143
-145
-143
-140
-145
-137
-108
-90
-79
-81
-68
-48
-49
-46
-35
-14
-9
-5
28
22
-2
13
31
57
82
71
74
113
113
100
99
93
98
105
124
144
152
138
135
145
141
155
179
182
172
177
172
165
174
168
164
166
171
187
194
187
183
171
166
187
189
183
177
185
185
175
175
167
163
146
154
167
172
161
130
139
135
117
124
125
129
119
97
92
97
82
63
68
59
56
62
47
30
10
-6
-21
-10
-7
-35
-32
-30
-53
-70
-81
-83
-85
-92
-81
-75
-82
-90
-104
-117
-133
-115
-104
-120
-116
-127
-126
-130
-139
-124
-129
-140
-123
-105
-108
-103
-95
-119
-129
-122
-111
-91
-83
-64
-61
-72
-61
-67
-70
-45
-32
-13
1
-17
-26
-28
-34
-5
32
37
47
49
44
49
45
55
58
68
85
90
93
86
78
75
80
80
77
84
99
93
103
130
102
87
107
110
114
126
132
135
129
110
120
132
132
135
128
134
128
119
126
138
147
147
139
135
141
128
115
114
122
114
112
116
103
108
101
90
88
86
65
60
85
76
55
47
47
42
27
28
32
24
12
-8
-14
-18
-16
-16
-38
-56
-69
-68
-78
-73
-59
-91
-100
-89
-95
-105
-120
-114
-110
-120
-120
-124
-136
-157
-165
-173
-175
-170
-174
-168
-176
-187
-194
-205
-194
-199
-216
-215
-186
-175
-199
-187
-191
-211
-192
-176
-188
-182
-166
-177
-196
-195
-175
-173
-164
-139
-130
-151
-168
-150
-139
-127
-108
-106
-113
-110
-99
-97
-76
-64
-60
-54
-60
-53
-50
-38
-13
-15
-20
-11
4
8
5
23
30
31
51
42
28
45
51
47
66
88
88
66
65
65
53
70
84
82
88
86
71
64
63
72
76
58
69
88
71
60
65
68
68
61
74
91
83
77
71
77
63
62
77
74
88
91
83
81
80
75
76
81
80
100
96
75
93
81
54
77
75
73
90
102
109
98
101
90
80
99
115
114
106
119
95
65
72
83
100
92
95
100
76
72
58
51
52
54
68
66
70
58
29
18
25
20
14
23
7
0
7
-4
-7
-25
-37
-34
-45
-32
-32
-64
-65
-60
-78
-85
-52
-36
-35
-33
-37
-55
-72
-57
-60
-59
-39
-33
-42
-63
-65
-57
-62
-45
-26
-40
-45
-33
-34
-44
-41
-36
-39
-33
-38
-33
-36
-49
-45
-39
-32
-35
-25
-15
-22
-22
-23
-16
-18
-20
-17
-25
-15
7
7
4
2
7
1
-12
7
24
20
11
6
3
22
42
25
28
38
31
25
17
33
38
32
42
50
64
50
43
64
71
76
64
70
84
67
81
100
110
102
81
89
103
102
99
106
119
119
115
105
109
107
80
84
100
114
94
78
92
91
76
84
94
70
62
71
68
47
51
74
51
32
57
42
7
8
18
5
-21
-14
4
-11
-27
-37
-38
-56
-69
-53
-54
-67
-77
-69
-92
-113
-109
-120
-127
-151
-142
-124
-142
-149
-151
-156
-173
-174
-157
-164
-186
-186
-169
-179
-198
-189
-180
-187
-189
-176
-161
-173
-156
-160
-175
-145
-150
-152
-144
-151
-134
-138
-127
-100
-108
-116
-114
-95
-94
-96
-78
-48
-41
-59
-53
-45
-34
-29
-23
10
8
1
-3
-13
2
18
48
62
74
71
52
64
70
80
94
103
108
113
124
128
136
125
125
152
151
167
174
145
144
161
176
182
180
175
184
185
183
188
172
149
156
173
184
200
189
155
130
136
140
139
165
163
149
128
98
104
111
108
103
118
125
110
96
81
70
49
44
59
63
32
0
-1
-12
-37
-37
-43
-42
-32
-51
-57
-65
-82
-100
-118
-113
-100
-116
-147
-154
-148
-185
-197
-167
-167
-189
-201
-196
-203
-196
-223
-237
-195
-202
-202
-200
-226
-224
-229
-241
-217
-177
-190
-211
-202
-198
-189
-172
-158
-147
-148
-142
-143
-128
-96
-86
-77
-71
-45
-37
-39
-8
19
12
27
47
48
58
76
91
89
89
109
142
154
172
209
218
195
210
255
273
274
305
328
332
319
330
351
335
340
349
355
363
373
378
360
339
348
351
335
321
325
309
290
279
265
255
209
184
185
161
133
118
97
61
18
20
31
-24
-70
-59
-80
-131
-145
-142
-175
-217
-215
-218
-237
-253
-256
-277
-317
-325
-316
-333
-347
-326
-327
-365
-377
-365
-361
-389
-389
-378
-403
-410
-403
-381
-395
-414
-407
-387
-365
-362
-343
-330
-355
-364
-311
-259
-249
-237
-199
-193
-183
-140
-119
-107
-101
-71
-10
33
59
71
79
80
116
154
163
172
201
244
259
287
308
304
286
308
364
390
398
407
399
387
398
415
439
456
463
475
474
463
438
422
411
404
435
458
436
390
357
328
265
139
31
50
24
-92
-91
2
-51
-281
-453
-426
-383
-485
-536
-396
-310
-442
-562
-495
-437
-509
-555
-478
-304
-212
-269
-301
-270
-241
-263
-280
-156
7
-1
-123
-129
-48
-93
-201
-202
-105
-62
-120
-127
-123
-222
-303
-289
-270
-261
-204
-166
-244
-316
-271
-205
-241
-300
-204
-51
-64
-120
-49
20
-3
5
109
233
269
223
169
191
286
306
264
257
326
371
295
220
281
310
194
156
266
362
280
149
164
247
253
219
265
323
317
252
214
336
460
442
374
432
576
598
486
431
508
526
435
442
590
609
362
54
-47
10
32
-41
-43
40
-71
-418
-651
-570
-492
-635
-733
-546
-290
-341
-565
-606
-527
-534
-547
-354
-36
95
-61
-199
-154
-59
-69
-115
-44
111
187
112
51
53
-53
-253
-298
-133
46
32
-123
-244
-323
-486
-562
-441
-397
-435
-366
-309
-359
-444
-521
-548
-525
-395
-152
33
-9
-82
-19
13
-8
104
276
339
350
413
454
412
348
302
284
330
466
560
480
318
240
207
121
110
237
301
215
171
277
300
141
37
100
170
179
285
440
454
332
271
377
504
574
675
773
708
649
694
611
395
284
318
227
189
383
419
116
-324
-530
-486
-558
-698
-612
-438
-524
-672
-627
-583
-604
-719
-812
-593
-190
-25
-127
-147
-66
-93
-211
-152
163
341
189
91
281
375
126
-109
-88
34
103
130
145
91
-92
-302
-416
-411
-360
-332
-365
-435
-423
-363
-465
-737
-836
-631
-451
-486
-470
-267
-251
-526
-635
-405
-186
-192
-228
-66
153
114
-75
-112
-62
-24
35
121
273
392
241
-47
-55
119
101
-25
-8
142
199
36
-114
-46
-15
-199
-217
26
211
156
34
15
66
110
131
239
458
617
592
537
630
815
935
934
977
1160
1115
661
213
202
555
815
686
513
609
456
-335
-974
-706
-207
-402
-858
-532
166
-45
-1007
-1287
-720
-398
-664
-647
107
660
152
-651
-460
302
345
-244
-158
729
1127
522
15
277
442
-57
-356
234
946
854
185
-188
-61
-54
-479
-770
-434
25
-119
-501
-504
-329
-591
-1166
-1197
-584
-209
-417
-680
-696
-722
-837
-864
-717
-380
-137
-156
-272
-205
-64
-179
-469
-378
186
536
337
143
258
238
-8
-57
251
433
297
168
247
339
250
19
-154
-118
87
220
230
249
237
74
-139
-38
343
511
382
417
703
855
743
750
946
1114
1180
1322
1476
1273
732
282
311
677
1043
1169
999
639
253
-242
-647
-642
-406
-459
-641
-410
-43
-199
-838
-1200
-1061
-828
-644
-231
232
271
-116
-423
-347
-49
51
-83
-15
448
838
660
250
61
-40
-244
-193
309
796
702
207
-135
-181
-208
-371
-580
-744
-763
-497
-251
-394
-614
-627
-814
-1309
-1309
-630
-308
-777
-989
-401
0
-463
-854
-506
-139
-185
2
518
691
425
78
-102
127
664
806
490
449
824
827
318
89
354
371
-1
94
769
919
299
-189
-178
-33
-8
55
150
234
247
185
131
193
320
260
141
430
1042
1335
1111
830
604
86
-465
-236
611
871
515
433
576
128
-870
-1379
-1047
-729
-929
-959
-363
40
-607
-1567
-1685
-1116
-840
-1006
-682
229
456
-318
-830
-434
-9
-359
-668
-44
853
878
256
3
166
-2
-520
-493
265
868
667
171
65
152
-220
-995
-1277
-589
150
-122
-645
-190
245
-727
-1878
-1327
-103
-249
-994
-482
567
181
-949
-827
-26
-53
-248
304
932
1082
833
305
69
431
838
770
729
1228
1574
992
246
466
781
274
29
784
1346
1009
577
489
266
-178
-217
318
697
615
549
611
426
171
211
329
438
686
1081
1375
1376
1141
647
-160
-688
-302
579
858
598
573
508
-227
-1241
-1600
-1215
-932
-1258
-1294
-417
147
-755
-2013
-2150
-1436
-1177
-1467
-992
281
538
-626
-1261
-580
19
-446
-974
-336
907
1017
96
-144
291
2
-843
-833
205
966
625
9
53
189
-522
-1440
-1329
-511
-207
-354
-149
167
-222
-1171
-1588
-1212
-892
-704
-235
124
12
-112
-235
-639
-735
-297
100
382
818
1075
861
405
176
307
541
770
1134
1306
1081
951
907
485
59
246
630
749
872
1127
1056
471
-113
-119
263
465
575
809
838
645
563
509
393
543
952
1223
1374
1597
1583
812
-386
-741
217
1004
744
541
994
944
-336
-1693
-1563
-562
-844
-1953
-1321
511
445
-1452
-2345
-1387
-707
-1552
-2006
-431
1081
210
-1264
-885
388
183
-1186
-1280
451
1505
560
-262
442
870
-210
-1193
-536
817
998
111
-177
396
134
-1159
-1734
-1068
-446
-604
-739
-233
125
-634
-1730
-1800
-1224
-992
-985
-678
-162
86
-267
-778
-683
-353
-384
-309
288
905
1014
645
280
315
472
378
511
1081
1351
1042
702
641
656
469
198
390
868
984
748
578
511
275
-109
-279
150
822
812
410
584
979
619
46
381
1265
1470
968
799
661
-120
-359
457
624
-59
259
1188
445
-1250
-1554
-678
-722
-1797
-1725
-125
431
-972
-1967
-1336
-497
-1081
-2147
-1629
317
860
-687
-1186
424
991
-707
-1632
-27
1535
769
-410
172
1343
788
-606
-659
388
890
338
-103
493
1000
-55
-1542
-1278
-1
-52
-1061
-924
247
225
-1201
-1815
-939
-622
-1384
-1420
-440
116
-164
-684
-807
-475
-271
-326
-183
334
771
695
279
273
702
762
375
524
1183
1366
928
590
579
597
508
475
759
1107
1096
789
432
245
288
193
95
348
828
941
686
596
638
564
558
794
1204
1458
974
-212
-1038
-413
827
696
-354
116
1163
-67
-2436
-2225
-133
-334
-2428
-2209
558
1355
-895
-2429
-1363
-288
-1252
-2099
-419
1896
1399
-1131
-1568
706
1474
-638
-1947
-65
1965
1126
-350
314
1091
-412
-2169
-1426
880
1626
326
-1005
-978
-389
-612
-1595
-2019
-1159
-360
-632
-812
129
751
-953
-2957
-1986
602
1031
-983
-1765
-591
139
75
311
818
216
-798
-290
1598
2919
2258
826
144
1148
2400
2012
1100
1316
2338
2345
1588
1563
1560
182
-1103
-338
1575
2212
1180
212
34
-21
-173
58
671
1164
1311
1532
2277
2963
2396
529
-1881
-3572
-2697
509
2589
1506
-488
-1179
-1726
-3562
-4753
-2866
-439
-711
-1302
668
2287
307
-3028
-3771
-1076
1708
2322
2691
3796
3023
-327
-2667
-1399
997
924
-615
-93
2003
1591
-1471
-3919
-4293
-3835
-3214
-1609
762
1899
318
-2567
-4119
-3518
-2074
-1282
-847
486
1910
1597
-339
-1339
-665
-521
-1069
222
3175
3932
1214
-1564
-1850
-1113
-999
-380
1174
1545
461
-619
-1040
-1130
-1388
-1829
-1569
384
2516
2392
496
-813
-689
-271
159
2050
4187
3905
2008
1511
2642
2801
1757
1274
1835
2435
2550
2531
2041
1090
167
-198
476
1264
890
-849
-3075
-4484
-3624
-1068
119
-866
-1922
-1734
-1647
-2636
-2650
-611
988
569
349
2025
3556
2844
588
-126
1946
3777
3546
2728
2345
1124
-1429
-3197
-2580
-905
-940
-2520
-2979
-2427
-2739
-4323
-5369
-4757
-3287
-1463
210
1328
1537
630
-938
-1328
323
1368
1105
2298
3838
2593
303
137
109
-1731
-2299
-322
1236
359
-889
-1508
-2881
-3846
-2859
-1107
104
1015
1321
412
-313
-158
-335
-341
968
3049
3763
2799
1961
1470
363
-577
494
2500
3108
2790
2583
1628
-80
-560
625
1114
712
941
1384
1112
506
545
776
587
64
-384
-754
-2256
-3819
-2490
342
500
-1326
-1160
-179
-1926
-4016
-2482
717
1288
422
1215
2523
2073
95
-779
900
3053
3052
1938
1884
1535
-684
-2972
-3386
-2283
-1251
-1333
-1897
-1972
-1939
-3034
-4807
-5155
-3686
-1621
24
1192
1883
1575
212
-1242
-804
873
1024
475
1742
3008
1729
-66
-466
-991
-1844
-1405
83
867
491
-405
-1769
-2439
-1789
-804
-172
610
1437
1474
1304
1191
696
67
138
1176
2457
3023
2801
2011
835
89
420
1338
1988
2167
2067
1792
1437
1313
1404
811
-71
514
1733
1943
1590
1454
987
-97
-1083
-1999
-3284
-4184
-2807
97
1064
-542
-1840
-1886
-3036
-4986
-3811
604
2712
1079
899
3048
2771
-355
-1667
614
3312
3719
3149
3073
2062
-1094
-4379
-5260
-3591
-1557
-1229
-2019
-2373
-2406
-3824
-5884
-6101
-4118
-1769
-83
1539
2580
2195
343
-1465
-1110
564
1076
741
1780
2874
1503
-449
-905
-1122
-2053
-2240
-682
788
467
-897
-1669
-1635
-1506
-1190
-437
898
2008
2204
2094
1838
1257
625
773
1911
3065
3396
3074
2398
1441
797
1040
1678
1976
2038
2178
2323
1880
1459
1279
424
-197
760
2222
2076
1292
1511
1330
-709
-3383
-4883
-4456
-2136
406
971
79
-603
-1782
-4399
-5812
-2963
1337
2316
1161
1810
3395
2517
-414
-1508
900
3771
4080
3232
3182
2225
-1269
-4835
-5223
-2970
-1244
-1589
-2629
-2924
-2956
-4042
-5633
-5802
-3923
-1371
443
1726
2787
2626
460
-1855
-1585
353
1216
1578
3009
3251
760
-1368
-1581
-1580
-1994
-1439
-35
554
102
-774
-2106
-3151
-2495
-712
879
1983
2386
1910
1099
243
-238
441
1879
2845
3182
3296
2895
1755
644
398
938
1876
2512
2609
2739
2834
2185
1173
411
-375
-162
1438
2068
1420
1543
1605
-503
-3823
-6221
-6379
-3505
146
1154
160
-456
-1221
-4056
-6450
-4359
261
2303
1729
2302
3953
3531
323
-2043
-501
2681
3696
3252
3438
2844
-519
-4746
-6217
-4654
-2478
-1726
-2357
-2969
-2625
-2942
-5024
-6340
-4775
-1757
340
1648
2963
3552
2144
-215
-1345
-1051
132
1833
2963
2408
1249
294
-1593
-3592
-3018
-576
230
-530
47
1016
-757
-3004
-2311
-446
519
1566
2674
2921
2711
1776
524
663
2048
2606
2522
3311
3953
2982
1643
1094
1030
1617
2360
2798
3265
3587
2834
1369
458
478
1027
1270
1309
1574
1622
410
-2527
-6366
-8337
-5669
-586
1474
126
-526
-674
-3826
-7785
-5919
728
3491
1276
1519
4771
4684
442
-2430
-846
2222
3150
2801
3549
3681
203
-5073
-7526
-6055
-3538
-2294
-2356
-3031
-3280
-3574
-4934
-6306
-5518
-2184
821
1908
2461
3430
2914
-91
-2353
-1193
1275
1933
1538
1719
1778
357
-2207
-3626
-2548
-1005
-750
-663
519
1389
-421
-2922
-2317
362
1713
2088
3131
3715
2717
1295
1023
1793
2458
2890
3462
3787
3400
2445
1697
1622
1689
2035
3183
4052
3463
2379
1942
1569
1083
1211
2228
3127
2696
1018
-451
-2030
-5500
-8677
-6868
-1009
1984
262
-1296
-869
-2942
-7514
-7385
-1015
3601
2450
1696
4571
5683
1376
-2728
-1359
2441
3499
2801
3268
3366
645
-3669
-6116
-5766
-3879
-2582
-2851
-3487
-3072
-3002
-4644
-6271
-5608
-2726
57
1433
2179
3301
2951
279
-1364
-373
190
-707
-331
867
910
383
-715
-2552
-3499
-2784
-1925
-1526
-524
519
-160
-1252
-556
448
479
932
2165
3075
3480
3246
2808
2493
1818
1342
2407
4176
4224
2995
2378
2387
2083
2512
3518
3368
2865
2894
2343
1597
2376
3158
2596
2146
1804
352
-2714
-7059
-9203
-5698
-480
534
-751
-251
-385
-4603
-8589
-5989
-66
1700
470
1934
5537
5757
1129
-2510
-847
2192
1993
1223
2679
3277
174
-4536
-6812
-5814
-3815
-3167
-3875
-3687
-2236
-2333
-4583
-6063
-4783
-1917
355
1232
2191
3954
3488
101
-1841
-271
1414
831
-316
-103
852
328
-1796
-2941
-2355
-1939
-2864
-3168
-1104
521
-541
-1396
16
1045
639
682
1787
3000
3384
2886
2751
3376
3393
2460
2196
3342
4255
4243
3683
2853
2480
3079
3605
3354
3352
3484
3033
2282
2163
2825
3493
3189
1561
-654
-3973
-7759
-8168
-3410
1080
883
-689
-488
-1428
-6028
-8377
-3925
1560
1898
984
3391
6043
3784
-1443
-2901
72
2080
1248
1234
2188
1252
-2614
-6012
-6536
-5418
-4453
-4237
-4151
-3485
-2497
-2761
-4112
-5023
-3942
-1496
565
1369
1924
2689
2800
1510
-688
-1149
146
111
-1281
-564
1711
1215
-1959
-3311
-1868
-1647
-3699
-3500
-405
749
-740
-885
742
1215
-20
-708
704
3047
3745
2620
2153
2811
2719
1600
1893
3796
5016
4303
3334
4011
4828
3888
2610
3214
4110
3449
2594
2983
3426
3271
2572
1299
-643
-4305
-8246
-7620
-2285
788
216
28
462
-1769
-6004
-6559
-2085
1690
1760
2310
5307
7181
4409
-256
-1710
-189
718
1144
2132
2227
276
-3400
-6579
-7837
-7071
-5507
-4436
-4320
-3669
-2200
-2084
-3917
-5306
-3674
-774
201
533
3208
5177
2934
-351
-677
204
-667
-1844
-632
1455
1243
-430
-1154
-1379
-2559
-3918
-3688
-1618
205
368
70
658
961
-230
-1278
-78
2164
3271
3486
3586
3264
1944
398
292
1734
3231
4493
5268
5095
4458
3790
3033
2685
3322
3898
3692
3473
3707
3605
2801
1661
-253
-4378
-8722
-8149
-2633
967
142
-508
-128
-2220
-6819
-7510
-1855
2968
1926
876
4479
7435
4917
451
-480
1006
1037
371
1687
2986
1161
-3541
-7300
-7945
-6936
-6222
-6238
-6273
-5369
-3673
-3145
-4051
-4755
-3371
-1289
-870
-837
1751
4699
4043
1228
15
702
222
-1506
-1645
157
1069
59
-1075
-638
-180
-1843
-4068
-3440
-629
733
350
803
2128
1517
-346
-648
1162
3312
3904
3297
3242
3263
2291
1303
1492
2610
3935
4371
4177
4777
5304
4422
3155
3210
3338
2800
3130
4252
4089
2895
2106
-188
-6021
-10551
-7480
-744
1122
-877
-249
1490
-2090
-8947
-8741
-973
3270
1173
1936
7565
9195
3454
-1884
-879
1807
1031
-204
1775
3588
845
-4623
-7925
-8454
-7927
-7134
-6460
-5776
-3989
-2343
-3316
-5854
-6521
-4288
-2064
-990
1064
4368
5666
3260
-419
-1942
-1516
-1202
-1125
98
1945
2071
-220
-2612
-2940
-2828
-3689
-3674
-920
2124
2483
1431
1304
1108
-276
-1093
500
3601
5534
5116
3773
2877
1668
295
266
1884
3740
4707
4730
4628
4432
3692
2755
2553
3325
4526
6076
7166
6679
3990
944
-1083
-4082
-7765
-7006
-960
2709
354
-2428
-1873
-2305
-6787
-9598
-5202
1160
2203
1275
4451
8197
5970
403
-1462
1031
3172
3276
3162
3329
1867
-1972
-5841
-7639
-7420
-6574
-6289
-7018
-6685
-4331
-3027
-5190
-8519
-8277
-4185
-838
-207
1327
4601
4757
234
-3185
-1583
771
-451
-1700
894
3778
2278
-1602
-2821
-1699
-2598
-5155
-3944
817
2881
1012
198
1394
1016
-1141
-1450
1662
5183
5867
4780
4672
4599
2510
758
2199
4698
5344
4983
5788
6756
6029
3952
2788
3201
3093
2653
4187
6517
5475
1764
-1960
-6269
-9801
-8134
-2051
1783
1155
-253
-668
-2852
-7038
-7591
-2610
1592
1672
2517
7062
9317
5144
64
-478
1073
774
537
2168
3314
719
-4333
-7611
-8347
-8487
-8810
-8426
-7288
-5882
-4407
-3429
-4426
-6439
-6320
-3856
-1923
-524
2594
5703
4717
592
-1605
-1044
-918
-2184
-1971
610
1950
-274
-2508
-2232
-2411
-4961
-6605
-4305
-882
176
385
1998
3179
1671
-1021
-1109
2069
4665
4857
5598
7236
6558
3390
1672
3115
4909
5146
5133
6225
7200
6445
4989
4804
4666
3044
1965
3258
4796
4457
1910
-2568
-6684
-7216
-4124
-1035
700
1697
1268
-1650
-5348
-5818
-2398
614
825
1612
4863
7344
6153
3293
2083
2147
766
-752
583
2934
2059
-2142
-5879
-7464
-7786
-8215
-8679
-8202
-6478
-5464
-5796
-5945
-5463
-4830
-4176
-3606
-2910
-24
3725
3956
775
-941
-475
-1264
-2698
-1297
1959
2555
-642
-3352
-2413
-1332
-3529
-5807
-4191
-1679
-1823
-2350
-473
1633
1110
-966
-1396
1054
3504
3411
3143
4935
5641
3728
2609
4286
6085
5701
4759
5343
6584
6426
5329
5495
6250
5482
4062
3961
4123
3123
1541
-1696
-5814
-6712
-3238
-13
75
-409
288
-417
-4393
-6599
-2837
2015
2281
1184
3621
6946
6440
3777
3073
3988
3275
1240
982
2576
2592
-527
-4022
-6090
-7083
-7715
-7880
-7762
-7510
-6898
-6288
-6387
-7133
-6761
-4709
-3282
-3284
-1478
2565
3965
1057
-1453
-1143
-880
-1941
-1345
1890
3862
1620
-1890
-2802
-2413
-3644
-5121
-3791
-1400
-1391
-2898
-2430
-383
57
-1372
-1613
624
2443
1994
2177
4448
5405
3356
1945
3804
5992
6042
5754
7044
7476
5540
3816
4536
6399
6939
6048
5181
4868
4054
1998
-1766
-5545
-5903
-2668
-65
283
635
1391
-640
-6216
-8766
-4061
1621
1860
883
3864
7282
5954
2420
1981
4378
4970
2653
1761
4251
5639
2029
-2934
-5283
-5824
-6492
-7181
-7400
-6696
-5779
-6482
-8617
-9954
-8796
-6390
-4860
-4332
-2359
1063
2092
-474
-2105
-909
-444
-1542
-727
2549
4421
2750
-129
-1155
-1580
-3537
-5580
-4612
-2019
-1651
-3000
-2665
-1099
-1380
-3361
-3908
-1521
896
851
643
2916
4566
3154
1932
3831
6126
5677
4768
6014
7623
7034
5248
4822
5732
6257
6379
6703
6372
4524
1926
-2103
-6704
-7598
-3490
597
1047
589
1213
67
-5082
-9080
-6495
-963
819
731
4005
8109
7323
3369
1948
3769
4518
2697
2281
5096
6990
4265
44
-2353
-3804
-5814
-7156
-6872
-5681
-4907
-5785
-8141
-9948
-9206
-7252
-5933
-4783
-2363
-4
95
-1328
-1529
-651
-887
-1755
-541
2820
4794
3653
1833
1375
638
-1450
-3446
-3314
-2082
-2219
-3365
-2950
-1166
-937
-2714
-3833
-2810
-1696
-1658
-984
833
1841
1705
2202
4095
5712
5947
5461
5377
5703
5837
5783
6086
6779
6982
7258
7571
7100
5923
5103
2975
-2512
-7422
-6828
-2946
-1185
-882
652
1702
-1621
-7403
-8844
-4793
-2029
-2748
-1333
3859
6864
4761
2549
3720
5231
3321
1117
2517
5803
5847
2965
1123
253
-1694
-4371
-5732
-5864
-5642
-6282
-7627
-8647
-8436
-7585
-6725
-5866
-4864
-3787
-2748
-1969
-1408
-358
152
-545
-1164
-17
1862
3045
3113
2871
2739
2056
501
-890
-900
-949
-2259
-3123
-1894
-569
-626
-1182
-1432
-1820
-2676
-3222
-2119
-99
770
784
1927
3985
4796
4362
4139
4711
5110
4939
5074
6180
7337
7568
7392
7599
8152
8624
8804
8739
5470
-4177
-13283
-11627
-3369
258
460
4002
6997
182
-12328
-14981
-6043
-1881
-6964
-5974
5585
11676
5534
515
4325
7468
2492
-2935
180
6893
6617
1315
319
2969
1574
-3789
-7166
-7224
-7284
-8599
-9372
-8284
-6432
-6043
-7108
-7588
-6412
-4587
-3298
-2479
-1183
-403
-1217
-2065
-1258
608
2190
2549
2304
2988
3844
3359
1783
441
-268
-1398
-3237
-3573
-1401
1044
1360
-7
-1241
-1932
-2800
-3576
-3100
-1580
-190
839
2269
3715
4212
3937
3370
2775
2859
3574
4662
6141
7011
6589
6055
6642
7479
7419
7587
8067
7843
6711
2493
-4292
-7540
-5382
-3605
-3057
-272
3502
3101
-3124
-8717
-8380
-6406
-7647
-7805
-2338
4052
4567
1860
1978
4181
3725
583
-915
1480
3537
2305
1559
3235
4188
1383
-3166
-5516
-4797
-4922
-6907
-7743
-6390
-5711
-7026
-7093
-4890
-3478
-4330
-5488
-4831
-2782
-2192
-2659
-1603
198
289
-338
59
1734
3144
2912
2011
1731
2131
1844
493
-126
590
523
-329
-713
-370
427
639
-217
-978
-1094
-931
-669
-462
254
1822
3124
3347
3157
3612
4504
4290
3251
3009
4221
5681
6034
5764
6158
6936
6550
4842
3761
4450
5209
4273
2594
1474
132
-2232
-4570
-4446
-2446
-1251
-1260
-1366
-1684
-3028
-4960
-5887
-5007
-3849
-3386
-2564
-756
895
1191
680
552
429
27
-255
-161
267
804
1035
514
-704
-2224
-3182
-3379
-3251
-3387
-3711
-3860
-4251
-4953
-5077
-4267
-3390
-2974
-2590
-2332
-2592
-2887
-2781
-2465
-2158
-1651
-816
350
1276
1663
2304
2755
1848
528
369
1003
1257
1085
1431
2450
2767
1775
614
533
804
-40
-967
-488
838
1661
1844
2418
3375
3399
2340
1895
2859
3982
4256
3970
4121
4464
3997
3399
3597
4269
4431
3833
3103
2528
1644
591
-40
84
696
702
-24
-646
-944
-1218
-1366
-1366
-1265
-1141
-1539
-2456
-2800
-2148
-1738
-2128
-2077
-1348
-1308
-2140
-2592
-1957
-770
-314
-859
-845
-498
-1732
-3503
-3278
-1937
-1708
-2081
-1434
-188
85
-787
-1663
-1704
-2178
-3601
-3797
-2375
-1465
-1555
-1514
-1146
-1050
-1453
-1774
-1201
-401
-737
-1379
-871
147
477
629
1554
2388
1750
590
544
1436
1565
531
272
1070
1526
1204
1122
1780
2251
1845
1154
1134
1501
1641
1683
2074
2497
2362
2178
2528
2690
2201
1653
1675
1816
1629
1625
1570
1291
713
14
-44
658
1413
1588
1667
1436
364
-398
-109
322
200
68
153
-271
-1081
-1507
-1557
-1362
-1341
-1574
-1470
-1329
-1582
-1799
-1574
-1509
-1898
-2225
-2138
-1535
-817
-626
-673
-472
-528
-1380
-2194
-2071
-1702
-1359
-1027
-1014
-1089
-1087
-1227
-1336
-1192
-985
-863
-869
-890
-734
-542
-750
-1154
-1120
-474
-17
-27
-52
-64
-49
-61
23
517
961
848
376
147
578
1173
1492
1585
1648
1585
1227
964
1274
1741
1735
1208
621
463
875
1543
1549
1317
1262
920
577
434
705
1130
1180
838
391
470
704
425
310
782
928
46
-527
-63
304
482
558
436
-76
-808
-1195
-1108
-707
-575
-462
-75
196
-116
-729
-985
-1109
-1217
-927
-256
382
699
752
388
-224
-747
-1444
-1864
-1682
-1118
-526
-91
287
525
4
-1528
-2718
-2626
-1748
-1046
-614
60
563
306
-296
-870
-1181
-1204
-1090
-771
-391
385
1299
1518
985
247
-219
-480
-303
398
984
1263
1074
610
328
168
399
827
1220
1224
657
248
51
199
347
32
-246
-126
383
646
598
607
700
563
-167
-535
47
552
393
104
545
1088
983
630
328
156
-140
-258
84
733
930
301
-165
-281
-631
-885
-582
-85
-46
-567
-1047
-1091
-831
-610
-537
-322
80
133
-107
-270
-672
-1220
-1097
-562
-28
809
1333
1024
187
-863
-1837
-2006
-1471
-1165
-776
69
525
95
-184
73
-137
-834
-1489
-1365
-242
721
984
1068
1289
940
30
-329
154
964
1220
932
527
620
968
629
295
374
432
210
60
409
1003
1162
813
234
-178
-197
-162
12
431
626
227
96
343
482
413
403
349
-203
-543
-415
199
895
838
308
-45
157
248
-363
-317
313
466
260
89
152
76
-197
-703
-933
-599
-290
-566
-876
-646
-355
-575
-936
-830
-679
-719
-999
-926
-380
171
308
70
-172
-688
-976
-1045
-1025
-862
-832
-614
-723
-939
-585
-122
62
-350
-888
-802
-415
-273
130
856
1072
257
-465
-96
438
678
451
507
869
604
458
704
1100
1032
237
-484
-482
85
369
378
384
644
622
268
313
491
691
712
341
-118
116
912
1370
1206
583
264
478
452
301
753
1071
683
9
-364
121
472
505
583
568
765
615
213
166
373
169
-107
10
306
601
493
9
-348
-324
-496
-763
-698
-331
1
-209
-581
-703
-683
-567
-616
-497
-359
-852
-1175
-998
-959
-995
-941
-789
-769
-939
-554
-422
-688
-998
-1362
-1048
-692
-386
-171
598
899
374
213
9
238
-149
-340
138
546
907
1039
894
407
-17
-667
-677
-480
-248
153
92
12
-185
-45
15
-238
-170
-46
-122
-376
-301
133
721
1079
905
502
401
589
251
-247
144
708
634
542
422
454
695
739
471
154
360
659
457
95
427
210
-577
-363
74
471
900
207
-233
-98
-817
-1045
-560
353
490
253
452
108
-318
-538
-830
-699
-223
-234
-580
-766
-698
-686
-586
-533
-543
-1001
-1480
-1108
-816
-963
-1039
-795
-203
-314
-480
337
915
836
212
-24
420
526
470
770
1141
1098
639
123
-54
432
546
513
480
178
371
-93
-563
-334
276
630
422
454
242
-4
-318
-560
-472
-183
410
780
938
949
756
162
-423
-343
78
403
575
1147
1400
1104
760
320
-27
-250
-291
-96
643
826
464
463
302
-267
-721
-615
-585
-571
-266
193
424
-17
-594
-597
-648
-1034
-1138
-603
329
115
-444
-358
-799
-1170
-1256
-1138
-732
-515
-556
-900
-943
-1020
-1209
-1339
-1286
-1365
-1389
-743
-297
-26
-89
-301
-601
-838
-713
-171
412
529
271
49
306
223
155
249
516
746
724
1023
774
571
352
73
435
549
647
661
633
437
141
130
401
950
906
669
459
338
288
405
524
544
808
655
624
490
662
1057
819
811
732
537
601
829
1089
1140
1202
1143
523
66
-48
-229
-96
80
52
294
556
416
-3
-434
-586
-780
-715
-385
-197
-118
-190
-393
-703
-645
-345
-71
-28
-129
-415
-766
-871
-1276
-1174
-969
-999
-605
-787
-845
-870
-1107
-1353
-1396
-859
-594
-517
-478
-291
-567
-545
-356
-604
-184
-78
-126
-24
390
463
219
95
-239
282
277
204
274
162
453
-217
-329
12
179
542
723
736
391
361
93
-55
-220
-86
456
258
489
623
712
693
24
-22
147
421
552
608
1164
1077
767
599
428
463
272
142
27
198
303
115
9
-285
-175
-130
-404
-615
-486
73
-248
-649
-408
-104
-66
-260
-260
-388
135
195
-251
53
39
-152
-670
-952
-721
-484
-357
-544
-224
-309
-709
-546
-562
-598
-463
-206
-254
-353
-133
108
235
305
469
256
-82
-161
-75
107
181
393
482
176
26
358
539
174
-129
-105
-66
241
732
986
1193
1028
526
394
174
174
459
335
478
339
596
689
513
567
276
245
-38
279
304
628
689
201
773
644
382
97
118
336
140
-168
-292
-15
-135
-275
-753
-616
-215
-750
-849
-707
-462
-585
-665
-406
-403
-462
-774
-518
-139
-59
-116
-276
-312
-711
-603
-643
-966
-941
-791
-489
-979
-793
-554
-746
-415
-646
-563
-611
-644
-161
38
280
-72
81
286
-68
333
197
135
82
-212
-245
-403
-21
60
-224
-231
-364
-94
96
-41
598
901
1074
1160
745
1134
967
532
686
800
1241
1096
881
900
481
377
538
465
239
476
622
317
242
630
913
567
373
634
582
579
600
411
471
286
197
398
229
-239
-122
-268
-772
-392
-476
-529
-557
-634
111
1
-366
-591
-266
-169
-551
-567
-561
-138
-674
-749
-864
-599
-329
-1013
-485
-591
-903
-869
-1051
-723
-391
-415
-278
-270
-264
-29
155
314
174
2
60
266
225
-129
68
-157
-694
-776
-740
-289
-352
-747
-407
-312
-264
-25
-215
215
235
526
782
324
678
930
668
626
1006
799
699
990
381
251
942
412
-148
1
389
359
120
54
356
649
204
457
287
729
607
34
558
341
234
-45
281
634
339
285
-436
-607
-447
-240
-101
-314
305
-18
55
29
-403
189
-389
-596
-476
-804
-661
-273
32
-338
-1271
-1275
-1036
-1145
-786
-920
-792
-562
-603
-270
-49
-167
-335
-49
99
196
512
520
193
119
263
269
450
72
-350
-260
-409
-973
-911
-406
-145
-374
-430
389
418
-103
-280
165
203
264
574
871
1288
822
752
685
748
519
176
641
576
988
750
245
309
17
337
125
182
617
658
710
41
393
442
-228
194
22
265
544
17
625
481
-256
14
-231
75
300
16
207
-461
-238
219
-51
278
49
-140
-357
-412
-221
-393
-517
-778
-765
-753
-1109
-741
-886
-1276
-768
-1315
-977
-434
-505
-401
-829
-366
-123
-476
-124
5
335
316
-122
33
-264
-322
-771
-573
-44
-422
-235
-286
-436
-761
-1172
-447
-126
-317
-137
-97
69
-91
265
503
388
554
270
430
-18
-226
294
186
463
745
1021
857
507
195
453
616
501
978
723
837
1094
1181
901
761
256
44
218
-214
739
759
346
468
278
142
859
976
558
370
194
693
79
922
841
237
565
207
240
364
392
-168
-87
-928
-565
-388
-820
-180
-351
148
-317
-1062
-403
-250
-831
-268
198
112
199
-101
-657
316
423
-357
37
-663
-9
-373
-1348
-409
-398
-553
-398
-613
-503
10
-1117
-1239
-87
-797
-395
-771
-278
-345
-1159
827
-371
-179
328
-480
494
-324
-650
-222
-60
-112
-278
428
43
273
122
-209
743
160
393
152
-417
430
577
34
713
-157
-196
870
-697
506
999
-197
155
423
264
401
790
241
647
874
517
856
26
494
533
-43
300
244
567
-104
-2
117
-453
-402
-422
-336
-82
-262
-142
-263
-273
295
173
36
422
158
-211
10
-212
15
159
368
-442
381
396
-869
-155
-1412
-844
-179
-814
-260
-109
-280
-454
-600
-1324
-920
-346
-755
-69
-398
-432
86
-589
-413
-221
-26
-377
-446
-89
119
258
-69
108
97
-75
-121
-22
158
408
526
194
229
86
-36
9
-61
40
120
212
73
230
259
200
310
44
282
730
591
515
810
455
231
675
232
420
613
205
433
399
383
148
131
-20
-109
-43
-181
202
-37
-110
-64
-350
64
208
-57
-157
80
221
276
205
146
362
-75
-74
-255
-390
207
-197
-172
-34
-322
-455
-807
-820
-669
-355
-461
-595
-513
-729
-757
-1026
-850
-575
-748
-484
-525
-523
-447
-668
-622
-671
-448
-273
-329
-33
92
-142
-148
-123
-135
-4
-100
21
199
261
141
-6
189
50
120
12
-294
210
334
496
488
326
478
251
415
620
739
932
821
788
848
726
737
721
601
725
732
712
601
385
579
428
283
540
287
197
341
290
410
529
408
533
635
448
540
468
502
843
795
591
574
420
384
578
336
339
226
-76
-288
-299
83
-215
-56
-116
-522
-405
-605
-663
-799
-697
-752
-674
-615
-763
-530
-701
-684
-769
-632
-611
-676
-444
-587
-494
-572
-590
-582
-493
-194
-213
-242
-312
-494
-580
-523
-543
-516
-219
-176
-327
-376
-240
-164
-222
-136
-309
9
136
-17
232
290
449
411
340
568
448
261
491
327
354
441
295
257
208
285
70
91
140
129
-12
-119
43
261
417
218
380
462
315
336
397
573
890
662
575
774
483
631
168
416
374
5
379
-167
248
183
-229
-168
-314
-358
-408
-366
-321
-334
-427
-274
-169
-263
-502
-163
-337
-599
-388
-453
-172
-319
-155
-156
-472
-224
-269
-210
-132
-345
-484
-289
91
-369
-430
-89
-531
-408
-429
-430
-351
-383
-184
-521
-128
76
-211
133
1
-112
130
-3
88
406
399
411
413
486
318
245
430
113
134
35
216
127
-158
153
-229
19
-193
-392
58
-161
34
104
12
207
88
283
605
263
281
391
261
295
357
228
350
238
-79
139
-114
-62
79
-322
-340
-284
-432
-322
-283
-367
-257
-408
-486
-480
-440
-267
-272
-358
-282
-120
-180
-220
-209
-129
-233
-197
-111
-229
23
123
-24
-64
8
-40
-36
59
-277
-297
-63
-20
104
-132
-237
-53
-134
-254
-169
15
126
25
140
346
368
509
558
505
461
527
583
690
685
512
698
600
499
464
410
633
277
112
258
-10
-7
62
87
207
231
225
53
208
397
337
553
576
504
505
429
582
312
184
333
90
260
195
-74
39
34
-239
-427
-242
-329
-462
-350
-432
-373
-417
-564
-421
-427
-501
-437
-336
-272
-269
-266
-349
-336
-372
-371
-311
-325
-148
-120
-30
-127
-247
-140
-251
-171
-119
-106
-12
-215
-203
-59
-250
-334
-372
-342
-283
-117
-111
-195
131
6
-169
-83
-115
243
324
169
399
446
527
405
219
414
413
216
218
194
108
198
-33
-155
53
-68
-187
-53
-89
-47
-27
4
3
72
295
103
219
356
94
190
216
97
216
133
96
-12
-122
-213
-265
-260
-392
-249
-327
-469
-393
-451
-483
-444
-438
-464
-424
-424
-369
-219
-273
-290
-227
-106
-98
-272
-204
-132
-264
-193
-127
-82
50
-20
93
153
24
15
26
-56
123
324
115
135
254
166
181
145
-8
145
92
88
279
326
558
353
250
360
298
437
551
596
636
581
432
486
462
372
472
323
226
222
20
166
172
-114
21
-23
-5
-130
-278
177
76
4
83
-32
61
1
-55
-92
49
-101
-255
-84
-252
-194
-239
-382
-245
-374
-362
-533
-658
-499
-651
-516
-502
-590
-414
-464
-487
-503
-555
-411
-566
-518
-433
-529
-275
-361
-322
-393
-385
-242
-456
-282
-187
-190
-58
-188
-78
70
-68
53
-29
165
257
-44
138
177
189
174
59
139
197
347
462
384
444
540
510
587
657
683
742
831
835
719
770
774
745
639
562
669
622
605
580
449
415
438
185
197
405
360
391
313
271
251
260
302
280
292
243
120
113
125
-55
-33
-51
-136
-153
-266
-267
-314
-309
-405
-468
-324
-474
-545
-456
-424
-370
-466
-489
-412
-427
-322
-403
-489
-458
-517
-519
-419
-392
-462
-283
-342
-378
-340
-371
-274
-339
-283
-202
-285
-235
-167
-184
-143
-100
-50
-47
-51
-98
-109
-100
-212
-126
84
150
193
293
298
272
322
212
272
441
459
505
588
564
408
413
324
197
271
308
250
251
328
147
19
150
63
89
217
193
211
209
221
165
78
156
266
231
144
24
4
111
-11
-158
-210
-222
-207
-304
-338
-353
-338
-404
-480
-433
-477
-428
-394
-412
-331
-335
-420
-392
-325
-307
-223
-208
-240
-235
-259
-217
-193
-201
-168
-74
17
-75
-155
-78
-45
-48
-14
85
119
10
-10
-19
40
111
10
31
90
55
7
77
178
112
166
266
225
224
403
464
455
489
393
405
427
468
544
500
435
343
300
328
252
200
286
251
143
186
201
137
128
72
38
69
162
240
201
213
196
86
71
104
97
102
45
-65
-92
-73
-123
-196
-334
-419
-416
-451
-410
-477
-468
-420
-510
-500
-558
-585
-474
-474
-521
-471
-482
-456
-366
-388
-392
-380
-364
-310
-285
-213
-161
-192
-251
-235
-157
-167
-107
-107
-88
-13
-85
-51
-39
-18
-31
-157
-143
-103
24
50
52
163
66
120
126
78
217
207
224
283
314
305
269
330
304
201
256
319
229
197
201
122
107
71
175
281
190
129
97
164
133
164
219
223
247
192
226
295
318
267
291
222
124
165
155
119
20
49
98
-6
-26
-32
-65
-111
-146
-163
-160
-107
-121
-101
-128
-158
-142
-153
-156
-86
1
-62
-65
-135
-173
-38
-48
-39
52
64
66
69
-38
-94
-4
46
3
31
103
58
61
44
-13
61
41
3
117
95
56
98
124
203
260
239
173
223
219
236
322
220
161
149
102
119
119
107
135
71
2
-46
-62
-23
-56
-94
-154
-132
-39
-82
-95
-16
7
7
-80
-89
-55
-118
-49
-24
-43
-23
-56
-133
-104
-33
-161
-201
-176
-183
-90
-73
-142
-196
-252
-254
-212
-177
-185
-232
-234
-245
-212
-187
-165
-79
-156
-152
-78
-65
-14
-15
13
67
35
-54
17
62
68
109
25
6
46
7
-58
-24
7
-6
-23
-34
-9
12
59
36
35
89
117
163
143
146
165
216
303
288
252
265
246
208
167
160
176
134
129
124
115
150
143
99
30
-4
-5
42
63
74
134
101
67
1
-14
42
66
75
20
-4
-37
-55
-18
23
3
-76
-89
-159
-197
-103
-107
-146
-203
-274
-260
-261
-265
-257
-243
-238
-198
-220
-224
-169
-162
-181
-221
-161
-154
-101
-59
-106
-18
-10
-13
-25
-29
8
-82
-82
-70
-64
-27
-43
-31
-46
-49
-53
-99
-45
-26
-80
-67
-68
-10
79
110
121
49
46
54
-21
55
91
66
59
60
73
2
34
15
-11
37
-28
-72
-49
-56
-40
44
19
-27
-16
8
22
38
54
11
71
152
104
89
90
90
80
56
131
115
69
102
53
26
50
42
13
3
9
-33
-18
-10
-42
-20
-23
-69
-110
-57
-7
-19
2
21
35
67
91
50
62
139
82
66
115
103
107
116
123
115
87
15
23
73
29
-5
30
85
71
27
26
55
36
10
99
133
102
140
165
221
185
157
190
155
212
124
105
216
153
110
78
1
-62
-26
-9
-4
-22
-83
-54
-51
10
30
-31
-8
-13
-49
-46
13
18
25
49
86
138
109
89
100
88
5
-12
15
31
30
22
34
-62
-105
-78
-57
-88
-137
-141
-181
-132
-98
-140
-113
-90
-92
-98
-72
-81
-44
8
-55
-77
-49
6
-32
-22
19
-78
-64
-1
-8
-75
-105
-97
-160
-159
-147
-154
-129
-103
-125
-197
-144
-105
-148
-87
-32
-86
-54
4
-33
14
36
0
-6
-13
34
52
43
18
-66
-78
-60
-85
-52
-66
-104
-101
-115
-111
-160
-134
-73
-102
-50
-71
-86
-10
-20
1
14
43
79
68
69
109
115
108
176
153
104
101
78
65
46
32
67
119
106
91
71
10
1
13
35
75
78
72
85
119
137
158
151
110
135
175
157
161
146
75
42
117
152
80
73
42
-22
-54
-78
-115
-132
-52
-37
-91
-109
-149
-198
-170
-128
-160
-98
-47
-120
-115
-93
-91
-88
-96
-116
-135
-89
-118
-130
-123
-169
-167
-209
-203
-188
-194
-192
-218
-229
-248
-251
-267
-245
-212
-172
-99
-124
-103
-94
-138
-88
-52
-36
-13
26
63
59
69
78
47
87
105
67
67
76
106
63
73
110
24
7
55
69
84
84
76
93
129
122
118
199
236
199
228
280
263
278
263
284
325
264
242
220
202
188
167
164
151
112
65
49
53
54
24
2
-11
-44
-31
-19
-5
51
61
52
80
102
69
39
36
39
46
43
37
13
-8
-25
-54
-64
-105
-136
-149
-163
-117
-119
-147
-122
-118
-125
-90
-93
-100
-79
-80
-69
-75
-63
11
50
23
36
50
62
102
106
102
82
82
108
97
101
103
87
57
27
25
-11
-10
-21
-44
5
-4
-9
-5
19
33
-14
4
31
52
96
107
107
114
61
63
93
66
76
86
55
-21
-58
-67
-116
-86
-45
-62
-55
-90
-148
-181
-199
-160
-140
-119
-79
-73
-25
-20
-66
-56
-72
-55
9
6
-1
29
-3
-59
-59
-38
-34
-37
-42
-58
-83
-88
-97
-121
-112
-83
-81
-104
-61
-58
-94
-85
-38
-1
-46
-12
39
36
73
90
69
81
109
133
184
189
162
159
122
102
116
111
99
86
79
47
60
60
24
31
9
-4
26
42
41
74
73
25
43
28
8
29
21
33
29
30
22
-21
-52
-92
-100
-100
-125
-136
-138
-155
-188
-210
-215
-256
-267
-251
-265
-261
-249
-246
-232
-226
-250
-220
-196
-210
-195
-178
-167
-190
-143
-97
-138
-142
-123
-124
-137
-114
-98
-131
-131
-116
-113
-95
-52
-74
-115
-50
-28
-36
-9
12
38
80
125
97
86
132
147
179
235
260
269
264
241
219
222
243
253
266
303
281
265
271
228
236
213
200
224
214
223
230
271
277
271
244
169
166
163
190
221
218
217
177
145
142
151
130
95
63
-8
-15
27
28
52
76
22
-41
-76
-117
-144
-121
-109
-114
-63
-56
-87
-85
-84
-114
-145
-116
-94
-92
-92
-102
-91
-75
-81
-106
-115
-113
-145
-143
-119
-122
-114
-127
-109
-54
-52
-49
-37
-41
-42
-17
-4
6
31
27
57
90
80
89
123
125
146
158
120
102
92
107
95
122
162
144
144
145
164
122
72
50
51
73
84
106
102
106
78
69
70
18
19
1
3
33
43
65
55
35
20
-4
-54
-93
-103
-106
-87
-73
-97
-127
-136
-157
-175
-179
-196
-203
-189
-170
-164
-162
-136
-145
-147
-126
-132
-129
-140
-158
-148
-124
-125
-114
-88
-116
-122
-83
-99
-148
-129
-103
-107
-90
-95
-59
-5
-1
3
-15
-6
16
-1
32
65
63
80
87
85
96
117
114
94
106
103
91
102
120
119
93
121
132
112
110
87
83
69
71
71
44
48
47
56
74
69
58
39
-1
-12
25
9
-27
-16
-10
-13
-14
-38
-73
-83
-100
-100
-89
-108
-117
-146
-155
-120
-137
-153
-164
-156
-166
-177
-174
-209
-171
-171
-172
-130
-121
-107
-121
-115
-136
-123
-106
-142
-120
-97
-62
-63
-48
-17
-44
-44
-66
-75
-80
-58
-22
-42
8
34
29
62
76
71
61
75
57
80
126
127
170
200
191
163
153
124
113
116
87
101
112
119
117
104
80
50
67
71
63
49
32
71
59
46
90
71
59
49
31
17
4
2
-14
-23
-31
-26
-8
-25
-65
-57
-48
-45
-36
-62
-71
-77
-80
-99
-117
-100
-81
-56
-76
-103
-106
-121
-96
-61
-58
-49
-31
-16
-20
-12
28
4
16
38
25
35
33
69
37
40
90
63
100
98
36
23
54
104
110
128
169
165
140
136
171
216
229
217
217
225
210
193
194
232
226
179
167
180
205
172
147
133
117
96
76
122
151
157
138
104
59
52
60
45
50
34
21
-5
-12
7
-10
-44
-83
-72
-74
-99
-86
-80
-119
-135
-124
-148
-159
-135
-153
-188
-166
-175
-205
-197
-195
-203
-220
-236
-223
-205
-161
-160
-202
-192
-192
-191
-174
-147
-122
-139
-139
-124
-107
-99
-120
-129
-141
-120
-87
-84
-50
-54
-58
-45
-78
-67
-23
-9
-6
3
30
16
7
42
69
86
66
31
33
31
37
45
58
64
42
70
73
57
40
3
1
0
26
43
59
76
44
31
26
-1
13
-4
-29
4
17
30
19
9
-22
-61
-63
-88
-63
-61
-73
-33
-38
-56
-63
-48
-47
-64
-46
-26
-17
-61
-69
-30
-53
-51
-53
-57
-37
-49
-46
-45
-21
-10
-15
22
44
27
0
17
43
27
37
53
55
85
80
60
63
57
56
40
40
50
40
31
20
46
56
33
24
1
2
7
-16
-6
31
40
18
15
11
-37
-75
-95
-101
-79
-77
-89
-96
-104
-146
-197
-176
-177
-185
-169
-175
-177
-177
-172
-179
-204
-239
-236
-234
-248
-193
-173
-197
-214
-213
-235
-267
-231
-215
-197
-172
-165
-177
-166
-140
-154
-143
-135
-119
-110
-105
-76
-44
-23
-16
9
22
40
42
36
60
76
108
131
140
167
195
201
215
249
234
234
263
285
316
334
341
337
342
351
376
377
371
365
334
353
364
387
394
375
394
393
370
347
327
310
314
316
305
309
332
304
239
215
197
182
173
162
155
114
98
107
86
80
61
29
6
-20
-34
-60
-53
-62
-117
-124
-108
-106
-117
-127
-139
-157
-197
-216
-183
-196
-218
-199
-194
-178
-189
-198
-182
-200
-208
-203
-191
-209
-225
-196
-176
-150
-128
-119
-120
-133
-133
-122
-122
-103
-87
-63
-29
-4
30
19
11
8
12
37
28
37
71
92
84
96
125
114
123
129
132
132
101
114
113
133
176
173
182
147
124
129
108
115
135
140
125
104
89
93
86
65
44
32
28
14
4
-6
-12
-43
-64
-70
-63
-51
-64
-85
-129
-124
-114
-137
-141
-118
-120
-166
-152
-120
-159
-187
-168
-155
-164
-176
-162
-157
-161
-163
-166
-141
-122
-143
-145
-125
-132
-129
-129
-104
-82
-86
-69
-63
-46
-53
-43
-41
-27
5
-22
14
52
62
66
45
40
33
37
49
88
94
79
88
67
60
55
66
72
61
77
68
55
65
70
56
51
74
52
34
29
19
24
1
-16
-14
-2
-3
-32
-64
-83
-89
-110
-116
-108
-111
-104
-98
-113
-150
-190
-197
-192
-200
-170
-161
-190
-183
-184
-173
-150
-154
-170
-205
-222
-216
-196
-153
-134
-128
-121
-145
-157
-152
-136
-125
-107
-74
-72
-39
-29
-37
-32
-32
-21
0
18
24
53
83
103
106
133
157
145
167
199
204
194
193
204
224
223
212
217
233
242
227
232
256
259
237
245
225
206
222
209
236
247
228
232
205
174
169
178
171
160
181
163
125
133
126
118
101
91
85
56
27
-2
14
23
1
15
6
-25
-43
-66
-60
-79
-94
-77
-86
-87
-72
-61
-86
-82
-53
-65
-81
-94
-82
-71
-87
-69
-45
-58
-91
-99
-64
-77
-76
-21
-26
-53
-46
-18
-4
-3
4
31
33
16
38
55
59
61
77
91
109
109
98
92
88
94
94
114
117
110
112
108
88
62
64
55
68
89
77
61
50
27
3
4
38
39
12
17
-22
-43
-34
-47
-53
-50
-52
-69
-69
-87
-103
-99
-128
-162
-177
-163
-158
-180
-163
-173
-195
-183
-191
-185
-202
-200
-195
-212
-201
-204
-209
-198
-171
-158
-167
-143
-152
-178
-150
-139
-107
-89
-103
-81
-82
-76
-74
-74
-75
-86
-63
-20
7
6
7
8
5
14
50
79
78
80
96
105
91
115
146
154
168
156
155
159
161
166
182
227
221
194
179
145
129
154
177
179
199
198
169
138
131
128
126
139
125
119
115
115
122
118
107
93
78
62
36
22
45
40
35
26
-2
-8
-23
-37
-29
-29
-67
-89
-107
-114
-106
-86
-63
-101
-120
-113
-137
-145
-141
-156
-163
-136
-118
-107
-101
-105
-131
-143
-130
-120
-129
-131
-110
-101
-93
-107
-108
-123
-136
-118
-127
-91
-57
-66
-69
-61
-71
-93
-97
-80
-46
-3
17
-7
-30
-43
-35
-36
-31
-18
-20
-5
23
24
12
17
-7
-23
-13
-17
-23
-12
1
-10
-12
-1
-5
-4
-3
-27
-4
11
-29
-14
-4
-20
-25
-29
-21
-20
-25
-33
-24
-16
-17
-14
-1
5
-14
-26
-32
-32
-17
-10
-8
14
4
8
17
7
23
26
35
21
7
50
61
46
52
68
78
53
55
93
101
111
106
99
96
67
70
117
138
133
143
131
101
90
106
124
134
122
120
144
134
124
106
74
75
100
109
105
104
74
42
28
39
62
61
49
36
9
-20
-34
-56
-62
-55
-46
-69
-89
-83
-113
-114
-111
-131
-138
-164
-201
-192
-167
-165
-140
-149
-173
-182
-217
-231
-225
-210
-183
-170
-201
-205
-177
-204
-207
-201
-209
-183
-193
-197
-154
-135
-115
-95
-101
-70
-50
-47
-20
-24
-35
-8
-8
-17
20
44
63
90
103
116
133
136
158
172
164
175
184
207
238
266
268
270
288
289
315
318
300
283
265
281
295
281
265
296
324
308
293
266
251
272
241
263
289
239
246
198
171
210
169
135
121
89
89
76
29
44
54
46
50
31
10
-6
-15
-45
-37
-5
-47
-95
-108
-115
-145
-175
-175
-165
-151
-159
-186
-166
-208
-245
-190
-208
-223
-209
-208
-204
-229
-226
-188
-191
-222
-223
-170
-154
-169
-158
-178
-174
-151
-83
-87
-142
-113
-80
-31
-27
-40
-31
-32
-5
11
-15
19
44
115
135
81
112
-581
-1337
-1254
-657
392
863
782
622
-25
-724
-816
-333
229
545
536
476
386
65
-264
-301
-17
444
775
572
171
-272
-771
-914
-612
-127
40
-48
34
36
-250
-475
-522
-353
-293
-243
259
533
410
139
-204
-240
-203
-287
-309
-229
-83
9
69
-157
-161
25
-164
-133
138
282
38
-234
-345
-370
-172
-42
247
420
96
220
412
109
-20
-128
-17
19
-161
197
261
198
78
-196
74
4
55
286
191
295
357
445
375
284
405
245
191
300
354
503
452
345
341
208
100
248
427
375
381
380
84
-6
-78
-105
120
123
164
249
206
109
88
20
-120
63
222
341
398
178
63
-22
-108
-87
13
116
114
71
43
-55
-124
-161
-194
-20
10
-93
-66
-171
-272
-332
-311
-146
-136
-99
27
29
-31
-168
-283
-207
-180
-147
-14
-10
-14
-131
-236
-205
-148
-48
-19
-21
-79
-54
-6
-66
-20
23
21
33
11
-20
-43
-45
-80
-75
-6
40
23
22
55
74
70
68
51
16
30
9
69
141
95
96
117
111
62
-19
5
110
128
96
111
73
1
7
33
31
77
51
-108
-82
9
13
33
12
7
36
-14
-72
-54
-102
-115
-18
-1
-21
-59
-142
-149
-105
-89
-46
-60
-84
-23
-98
-158
-138
-166
-153
-162
-102
-80
-191
-192
-177
-135
-79
-116
-83
-31
-53
-70
0
60
12
-35
-4
22
-9
-61
-47
-13
-39
-31
25
66
40
81
92
-9
-31
-107
-30
112
84
145
157
64
-33
-30
77
100
139
189
157
91
2
-55
-51
3
96
178
201
129
58
-3
-32
25
69
92
53
-19
12
55
5
-34
-35
-89
-172
-179
-123
-99
-110
-114
-82
-78
-116
-153
-148
-119
-183
-210
-176
-168
-152
-132
-71
-46
-98
-118
-134
-171
-178
-198
-197
-172
-204
-163
-118
-84
-39
-91
-163
-241
-259
-199
-141
-57
4
-13
-35
-79
-135
-103
-117
-164
-143
-120
4
62
16
63
9
-52
-29
7
75
73
23
-3
-38
-94
-51
47
158
188
120
163
128
27
17
39
76
130
201
215
236
232
174
107
-3
3
96
80
97
168
140
94
29
-9
71
115
143
158
155
205
133
55
21
-5
62
92
113
145
159
126
20
-18
-24
-16
-13
-54
-37
27
23
-43
-33
-8
-70
-102
-61
40
93
-9
-4
-13
-114
-119
-140
-7
47
-58
6
-22
-117
-149
-127
-40
-30
-64
-96
-83
-125
-156
-77
-94
-64
-7
-45
-24
-51
-103
-82
-92
-67
-64
-87
-20
23
36
23
-10
-57
-116
-123
-67
18
31
16
7
-47
-67
-73
-25
32
51
92
34
-37
-30
-50
-46
-45
-16
64
70
82
105
76
32
6
31
41
32
30
46
70
50
90
82
16
9
21
66
60
52
112
161
146
125
101
48
92
100
91
167
155
159
153
125
145
138
157
174
173
170
121
114
122
141
170
153
180
173
186
227
216
253
214
156
144
124
181
184
177
234
257
193
135
152
108
90
118
120
122
72
38
18
-7
3
23
32
41
44
21
-4
-36
-70
-78
-65
-51
-14
-16
-78
-101
-162
-205
-181
-151
-87
-99
-143
-152
-196
-239
-232
-233
-244
-228
-234
-235
-254
-248
-227
-286
-249
-223
-245
-252
-319
-298
-286
-291
-276
-301
-304
-319
-290
-235
-244
-207
-158
-232
-228
-198
-229
-156
-107
-99
-108
-163
-201
-185
-160
-134
-74
-66
-56
-5
23
28
6
-21
-59
-21
-5
-20
33
45
54
58
61
100
92
95
151
180
203
211
199
186
91
82
158
141
159
177
206
225
137
99
107
127
124
131
183
173
141
124
112
110
121
113
119
130
97
114
127
115
94
39
3
18
70
49
14
16
-2
-13
-24
-24
20
4
-48
-38
1
-7
-31
6
0
-54
-71
-77
-67
-35
-36
-69
-94
-102
-62
2
-15
-60
-53
-82
-117
-83
-51
-6
25
0
0
-26
-59
-53
-53
-34
-23
-1
19
23
45
20
6
12
9
9
32
67
65
64
46
48
85
91
106
129
139
104
42
54
89
131
158
95
47
-3
-10
88
151
166
148
113
107
109
134
140
120
89
76
103
96
75
83
92
45
24
34
37
76
73
93
100
68
86
68
53
35
32
59
58
95
105
69
51
46
-12
-43
28
56
44
36
38
69
40
-2
32
39
12
25
58
82
75
49
51
63
55
15
-23
-18
-6
-12
-13
33
47
23
42
68
74
37
-7
27
59
43
55
68
59
47
7
20
28
4
-31
-100
-79
-31
1
37
41
56
26
-20
-39
-16
13
-29
-2
48
-2
-17
-29
-53
-48
-57
-35
-39
-77
-91
-93
-100
-105
-99
-106
-106
-95
-99
-106
-99
-121
-173
-175
-138
-125
-118
-80
-61
-88
-115
-166
-218
-208
-208
-188
-170
-161
-94
-108
-158
-165
-174
-158
-136
-101
-87
-87
-130
-161
-127
-140
-122
-103
-88
-56
-80
-78
-114
-130
-103
-94
-39
-42
-47
-16
-37
-41
-64
-81
-63
-54
-21
31
45
45
61
45
12
-21
-4
65
104
105
98
102
47
2
45
58
41
39
25
29
26
27
43
29
41
63
66
44
6
0
3
37
55
22
-10
-2
30
0
15
45
20
25
-16
-27
8
-18
-35
-44
-42
-43
-70
-42
9
45
46
20
2
-13
-24
-36
-41
-39
-29
-16
-15
-36
-45
-39
-50
-18
35
49
57
62
74
40
-23
-15
-17
-21
35
76
80
50
32
16
33
62
39
63
88
78
59
47
64
32
33
79
89
106
98
98
101
81
94
76
36
37
38
13
2
25
43
46
22
4
18
10
0
11
21
19
-2
-25
-42
-56
-54
-39
-12
18
-3
-55
-62
-47
-58
-76
-88
-73
-69
-83
-92
-92
-84
-99
-63
-48
-61
-57
-98
-88
-72
-70
-51
-65
-43
-16
-46
-72
-74
-47
-23
-11
33
24
-19
-16
6
24
37
50
64
56
45
53
66
93
90
71
95
128
166
157
157
186
154
138
132
160
192
192
228
213
207
195
150
172
181
188
216
235
222
197
195
186
187
179
188
189
156
156
153
153
151
152
170
155
140
128
127
118
101
99
75
64
57
38
12
-22
-14
-2
-8
-12
-36
-48
-41
-36
-37
-62
-75
-98
-137
-155
-152
-121
-135
-130
-103
-119
-146
-190
-192
-182
-194
-187
-187
-173
-169
-180
-181
-200
-221
-240
-224
-195
-189
-185
-177
-171
-174
-191
-219
-196
-160
-152
-134
-159
-183
-175
-189
-161
-132
-116
-90
-89
-73
-71
-103
-114
-105
-76
-56
-24
-3
-44
-72
-50
-30
-45
-29
-13
-27
-5
-5
10
48
58
46
17
7
-22
-12
30
39
71
54
15
-6
-17
12
30
33
22
-16
-44
-43
-17
6
22
39
37
25
-11
-22
-4
-8
-6
7
26
22
-6
-1
4
-9
-23
-26
-14
-15
2
21
-2
-6
6
3
-20
-24
-13
10
61
66
37
10
9
27
33
44
45
42
27
4
20
30
13
20
42
55
53
47
47
33
29
38
38
38
61
76
71
61
30
13
5
13
38
37
34
15
-6
-9
-12
7
8
4
13
-2
-17
-40
-53
-29
-29
-24
0
-35
-72
-63
-72
-72
-78
-95
-75
-49
-41
-61
-88
-92
-86
-92
-82
-45
-46
-57
-59
-58
-50
-63
-67
-52
-28
4
9
6
-5
-20
-44
-44
-1
1
25
66
50
65
67
63
84
101
138
148
147
156
142
152
181
183
192
212
226
258
258
231
228
223
211
231
274
284
288
292
284
284
273
271
286
280
266
276
290
285
284
274
264
234
213
225
237
226
182
159
141
132
156
186
196
164
141
112
56
44
69
68
39
40
42
19
4
-31
-34
-62
-97
-83
-117
-127
-145
-175
-135
-138
-165
-157
-173
-220
-216
-172
-179
-189
-186
-219
-234
-242
-238
-215
-235
-243
-241
-277
-270
-257
-250
-253
-284
-265
-253
-259
-216
-201
-202
-197
-207
-204
-217
-205
-191
-191
-178
-176
-161
-155
-154
-141
-144
-160
-149
-120
-115
-106
-84
-84
-76
-63
-56
-37
-49
-68
-52
-31
-15
-31
-16
3
-19
4
38
42
32
15
-2
-23
-21
9
41
62
52
40
29
23
37
39
57
63
34
29
56
66
52
56
57
58
76
57
45
58
51
41
42
77
93
79
90
64
43
55
51
73
85
76
57
49
86
88
76
75
77
93
72
77
94
74
59
51
83
91
65
85
72
60
52
50
80
69
66
68
52
38
33
49
48
46
32
20
17
9
5
-1
6
-4
-9
1
-2
-8
-22
-25
-39
-31
-6
-19
-11
-32
-45
-42
-72
-55
-66
-93
-73
-77
-79
-84
-87
-88
-114
-109
-107
-91
-81
-107
-104
-121
-136
-135
-128
-87
-69
-54
-75
-133
-119
-121
-123
-78
-75
-93
-91
-68
-66
-83
-77
-69
-63
-58
-48
-49
-47
-22
-20
-29
-14
-7
-15
1
9
-11
-13
-12
1
30
40
58
69
61
47
27
29
21
40
71
67
100
114
107
111
109
111
106
105
90
74
58
58
90
99
113
130
136
123
98
81
62
56
76
97
104
110
109
95
90
87
76
79
81
73
78
67
52
60
72
64
47
67
74
45
54
51
35
56
57
65
90
88
78
61
55
48
32
42
59
54
53
83
84
52
50
48
48
63
81
83
58
58
75
69
64
76
74
65
75
75
66
41
38
57
50
45
64
66
42
58
67
40
69
71
24
14
15
5
3
12
22
2
-24
-32
-20
-23
-39
-31
-49
-62
-56
-83
-88
-72
-70
-68
-71
-80
-92
-105
-135
-140
-129
-125
-120
-134
-135
-146
-175
-181
-182
-166
-166
-179
-160
-163
-180
-195
-197
-186
-200
-192
-174
-175
-191
-209
-192
-190
-184
-161
-157
-140
-126
-137
-132
-143
-133
-113
-123
-94
-76
-77
-68
-53
-45
-57
-36
-37
-58
-48
-39
-32
-17
-5
22
31
16
29
57
62
47
58
66
60
85
94
86
76
85
101
103
107
96
74
75
94
100
117
124
98
85
77
77
93
100
112
98
51
53
51
32
49
70
67
40
16
0
8
-5
-2
27
-9
-24
-19
-23
-14
-32
-41
-44
-67
-74
-81
-95
-88
-80
-82
-68
-78
-116
-124
-133
-155
-139
-119
-115
-122
-119
-127
-169
-170
-152
-142
-138
-149
-143
-143
-145
-140
-139
-128
-135
-134
-113
-120
-139
-136
-128
-116
-101
-93
-85
-96
-120
-105
-101
-103
-90
-88
-77
-77
-64
-35
-20
-7
-12
-3
-1
-7
-5
-11
11
27
48
74
80
75
66
83
89
96
117
94
94
122
141
153
140
146
152
129
147
180
175
176
182
190
195
193
210
227
222
192
175
188
205
240
257
238
235
223
212
228
228
228
228
230
236
222
212
219
225
237
222
187
184
182
173
178
177
180
170
152
147
152
157
159
167
153
146
128
106
116
131
136
127
102
82
74
57
67
80
72
66
47
34
1
-12
-6
8
20
-26
-45
-43
-51
-51
-51
-50
-82
-94
-79
-98
-110
-106
-127
-141
-136
-130
-131
-128
-136
-147
-153
-176
-166
-148
-159
-169
-192
-210
-216
-192
-190
-206
-204
-235
-237
-230
-248
-231
-204
-206
-212
-216
-212
-227
-243
-224
-198
-188
-185
-165
-176
-202
-199
-194
-171
-148
-136
-140
-143
-128
-130
-141
-133
-101
-103
-112
-65
-35
-57
-77
-59
-54
-54
-35
-10
8
-17
-17
-2
-3
45
74
67
74
62
57
42
39
80
93
86
87
112
98
79
100
112
114
91
95
114
108
101
102
105
110
122
109
107
118
97
77
76
98
102
90
101
82
60
67
52
47
39
34
37
23
18
3
8
-8
-8
21
-15
-23
-34
-56
-44
-48
-26
-34
-61
-68
-96
-103
-92
-78
-77
-93
-90
-101
-124
-134
-131
-107
-107
-105
-107
-130
-133
-133
-131
-125
-110
-128
-143
-126
-137
-130
-122
-123
-90
-92
-114
-98
-98
-97
-100
-88
-74
-71
-54
-53
-35
-30
-44
-23
-8
-3
-10
-14
9
7
-1
34
34
31
62
44
51
73
74
89
90
106
109
90
84
116
147
123
146
178
149
147
163
162
149
154
187
166
156
172
166
176
175
193
191
178
208
202
175
173
185
190
193
214
221
192
179
203
189
187
195
189
190
180
201
197
166
179
192
179
165
174
170
149
157
149
134
147
149
145
121
85
94
98
89
93
92
83
62
63
91
74
52
59
39
24
27
41
49
27
21
22
3
-5
7
16
8
-9
-23
-50
-32
-29
-69
-55
-69
-68
-60
-81
-47
-56
-91
-86
-87
-90
-90
-76
-90
-103
-110
-124
-95
-82
-80
-64
-83
-95
-77
-80
-77
-77
-101
-106
-113
-99
-88
-106
-109
-110
-118
-117
-105
-99
-96
-101
-110
-111
-113
-105
-79
-67
-81
-74
-69
-95
-84
-79
-104
-91
-86
-56
-26
-58
-48
-51
-72
-28
-4
-13
-26
-32
-33
-48
-42
-20
-23
-39
-41
-28
-26
-21
-2
-12
-12
-28
-44
-13
4
42
28
-7
10
-10
-33
-24
14
22
-2
12
19
13
9
5
13
3
-6
5
-1
7
10
-15
-14
-15
-24
-36
-50
-31
-26
-56
-53
-27
-31
-30
-41
-44
-19
-36
-34
-16
-28
-40
-63
-53
-34
-53
-62
-65
-55
-68
-80
-64
-55
-42
-58
-62
-48
-69
-87
-90
-78
-78
-86
-73
-76
-88
-80
-92
-96
-92
-88
-59
-61
-60
-72
-87
-45
-51
-52
-34
-54
-64
-66
-60
-55
-56
-51
-48
-48
-54
-49
-40
-36
-21
-27
-24
-10
-23
-15
-15
-20
0
-13
-24
3
6
-9
0
9
26
30
34
48
52
56
34
36
44
49
57
45
64
63
34
33
48
57
62
68
58
52
44
46
76
98
93
85
74
73
89
85
101
111
94
89
85
90
89
96
114
125
121
114
115
100
104
112
102
114
108
105
121
102
104
122
98
104
136
121
115
138
134
143
146
132
158
158
157
174
154
143
146
137
153
181
172
175
169
144
140
131
152
158
155
178
166
138
138
133
118
137
144
139
148
114
93
100
94
115
128
112
97
81
88
77
64
61
50
55
27
27
22
-15
0
-5
-12
-21
-55
-61
-65
-70
-76
-77
-98
-125
-113
-130
-132
-127
-141
-125
-127
-152
-194
-218
-200
-185
-172
-164
-164
-202
-222
-216
-239
-233
-225
-216
-216
-239
-235
-242
-242
-231
-218
-211
-225
-206
-199
-217
-217
-195
-196
-229
-210
-177
-162
-156
-172
-159
-163
-176
-156
-121
-100
-103
-91
-83
-85
-75
-77
-73
-62
-61
-53
-37
-32
-50
-41
-3
-15
-16
0
19
48
45
51
48
44
43
40
54
50
44
43
72
83
66
89
75
57
82
74
68
85
74
71
78
73
71
58
54
59
45
20
15
27
25
8
10
43
46
30
32
12
-1
-16
-46
-28
-23
-47
-38
-24
-15
-27
-50
-53
-56
-72
-89
-69
-50
-53
-51
-49
-52
-68
-71
-61
-60
-71
-96
-108
-106
-97
-92
-85
-64
-65
-65
-48
-63
-82
-95
-104
-95
-86
-60
-54
-67
-59
-70
-82
-83
-89
-82
-72
-58
-51
-53
-57
-53
-53
-64
-46
-29
-37
-33
-39
-38
-35
-31
-22
-24
-15
-12
-7
14
25
10
-7
6
18
32
54
74
93
87
72
66
95
100
101
144
146
139
147
139
146
155
159
169
174
192
193
197
213
209
215
202
209
241
253
252
240
253
241
219
245
251
272
287
267
280
276
265
279
284
291
274
252
253
261
250
238
239
217
192
189
194
206
200
175
170
176
155
144
125
93
90
89
95
104
82
54
45
55
58
52
43
17
-8
-18
-42
-44
-30
-48
-55
-36
-57
-94
-103
-115
-115
-111
-125
-129
-140
-143
-141
-155
-162
-179
-190
-171
-168
-164
-165
-186
-174
-164
-173
-162
-152
-170
-178
-167
-162
-168
-181
-180
-160
-166
-180
-161
-146
-155
-149
-127
-131
-153
-139
-119
-121
-120
-125
-128
-133
-125
-109
-105
-88
-100
-96
-58
-40
-42
-40
-56
-66
-45
-33
-29
-35
-28
-30
-23
2
-21
-41
-38
-27
-14
9
18
10
8
14
43
45
23
23
22
20
33
40
36
32
32
31
27
36
48
43
52
54
36
28
30
11
10
26
17
20
22
14
6
16
23
11
9
-2
-13
-29
-16
9
-21
-21
-6
-29
-14
-22
-45
-36
-41
-41
-48
-56
-54
-67
-68
-50
-40
-51
-58
-67
-85
-84
-84
-75
-62
-78
-89
-79
-71
-73
-69
-60
-63
-82
-84
-84
-89
-77
-73
-73
-67
-58
-56
-55
-51
-60
-78
-68
-32
-23
-24
-30
-33
-40
-49
-32
-23
-22
-27
-17
1
11
11
-4
4
9
18
42
33
20
6
-6
8
11
13
28
30
31
32
21
2
25
46
51
74
67
51
50
63
73
73
74
66
77
84
77
88
105
96
85
92
96
111
116
120
132
125
135
139
112
118
125
113
118
140
154
128
99
108
128
141
151
183
186
159
163
163
155
157
159
169
166
164
160
137
143
146
140
172
163
146
142
120
129
123
102
98
88
100
121
123
103
73
60
59
68
58
59
60
34
43
55
53
58
31
21
24
5
7
21
13
-9
-12
-11
-30
-35
-22
-27
-64
-65
-59
-64
-54
-56
-52
-64
-82
-73
-71
-86
-107
-110
-120
-119
-85
-74
-80
-87
-108
-126
-133
-118
-105
-110
-115
-108
-114
-132
-127
-137
-136
-124
-129
-130
-142
-156
-153
-140
-126
-124
-107
-123
-135
-106
-106
-109
-110
-117
-136
-119
-92
-118
-123
-119
-124
-110
-105
-100
-85
-92
-93
-67
-49
-52
-62
-74
-84
-88
-96
-74
-64
-70
-52
-52
-56
-37
-25
-38
-34
-7
-9
-2
4
-15
0
7
6
18
0
7
29
22
22
19
16
21
27
28
38
46
28
32
49
55
65
68
57
64
59
41
57
73
86
80
66
74
86
88
78
86
85
57
58
76
64
56
76
82
68
76
83
69
56
49
55
53
56
64
58
52
37
23
23
23
25
37
42
50
39
18
26
21
10
-6
-22
-12
-31
-43
-21
-24
-24
-22
-38
-55
-57
-57
-60
-55
-84
-111
-95
-98
-94
-86
-104
-108
-120
-115
-100
-103
-116
-111
-87
-91
-80
-80
-124
-148
-161
-155
-147
-166
-155
-136
-136
-125
-108
-121
-146
-140
-128
-124
-107
-92
-105
-89
-81
-90
-63
-69
-87
-71
-65
-57
-47
-54
-53
-25
-4
2
21
6
-10
7
11
13
24
26
33
52
55
44
49
59
47
72
105
85
96
131
152
145
137
144
124
132
187
208
177
170
154
121
149
178
157
143
156
154
139
138
153
163
167
174
169
168
161
163
159
131
127
145
158
151
121
107
113
118
137
144
115
100
98
95
97
80
57
50
37
42
37
13
6
-4
-17
-21
-4
-2
-28
-48
-63
-76
-64
-67
-78
-83
-104
-90
-75
-107
-125
-120
-133
-127
-100
-103
-113
-100
-101
-129
-144
-145
-153
-175
-165
-146
-146
-155
-165
-143
-169
-181
-156
-187
-181
-144
-145
-154
-147
-138
-134
-122
-100
-102
-121
-125
-102
-99
-109
-82
-71
-65
-44
-38
-61
-77
-52
-53
-57
-38
-59
-52
-17
-12
-11
-2
1
2
41
65
68
52
30
53
52
66
71
54
67
78
92
97
106
105
97
99
105
126
140
163
178
155
139
141
148
151
118
121
129
126
191
215
205
186
204
220
177
203
210
184
205
198
169
169
184
156
113
92
72
86
103
94
104
94
90
115
139
129
113
105
87
71
32
51
64
7
14
24
-34
-41
-22
-36
-43
-81
-80
-44
-69
-73
-27
-18
-75
-126
-101
-123
-185
-158
-171
-194
-171
-171
-155
-142
-188
-215
-204
-235
-214
-217
-233
-200
-199
-172
-181
-210
-203
-197
-222
-230
-219
-218
-181
-206
-223
-168
-174
-168
-150
-163
-154
-160
-178
-190
-157
-130
-133
-88
-94
-94
-59
-79
-64
-58
-83
-39
-7
-6
-23
-52
-21
15
23
-39
111
-147
-580
18
404
139
91
288
261
271
520
236
-51
-166
-22
446
403
215
219
122
-64
-27
53
-62
123
428
494
543
660
721
352
-133
139
332
-144
-122
321
131
-441
-215
99
-256
-236
-63
73
301
253
278
309
150
97
263
159
-99
37
187
189
-3
-48
166
25
-176
-92
34
-13
78
238
95
-13
89
20
-233
-213
-95
-209
-323
-163
85
20
-177
-209
-195
-106
-33
-115
-175
-135
-89
-124
-170
-267
-309
-206
-206
-230
-106
-21
-129
-242
-232
-184
-148
-90
-58
-76
-61
-10
-57
-192
-197
-192
-229
-164
-143
-147
-101
-149
-270
-264
-203
-221
-195
-186
-186
-165
-193
-166
-142
-159
-178
-204
-117
-48
-100
-118
-159
-198
-160
-96
-51
-62
-87
-43
-16
-24
38
40
36
38
36
142
213
235
248
264
296
298
277
250
240
253
299
333
312
325
321
286
268
218
210
205
264
300
249
260
261
260
245
240
231
197
209
196
212
211
159
243
305
198
204
238
153
138
158
129
89
62
63
107
65
-14
24
-23
-30
-34
-136
-118
-122
-152
-199
-189
-206
-268
-215
-226
-265
-306
-293
-290
-315
-257
-244
-239
-210
-171
-170
-179
-184
-205
-223
-198
-134
-159
-117
-76
-108
-66
-50
-58
-66
-103
-91
-52
-74
-27
-4
-76
-22
58
49
-13
-4
51
23
9
45
40
14
56
120
135
105
90
87
85
146
168
129
145
155
138
124
117
127
108
95
118
143
119
51
41
51
56
76
81
78
88
99
97
88
49
33
61
37
15
41
39
58
70
56
49
41
65
15
-14
37
-27
-67
-28
-37
-55
-42
-29
-4
3
-61
-64
-29
-47
-29
15
24
-16
-14
28
-24
-29
12
1
18
43
46
56
66
65
82
95
87
84
91
124
88
45
90
54
13
78
79
60
80
39
18
56
48
29
76
64
6
51
85
63
0
-19
32
46
9
-34
-16
-21
-46
-50
-57
-42
-36
-30
-38
-98
-99
-85
-120
-96
-90
-139
-137
-103
-116
-157
-160
-123
-135
-176
-146
-151
-160
-121
-123
-158
-167
-120
-124
-162
-162
-144
-138
-126
-66
-92
-113
-69
-77
-64
-68
-104
-96
-99
-97
-60
-48
-57
-54
-72
-91
-95
-77
-50
-56
-60
-36
-8
-7
-15
-21
-22
-37
-21
50
43
-25
-35
0
-27
-27
39
14
1
14
23
30
10
29
30
33
59
74
71
47
10
-30
-16
-30
-30
14
8
-9
-22
-10
2
10
21
-4
-1
11
-5
-11
-11
-19
-58
-55
2
22
31
5
-16
-17
-27
8
-8
-57
-31
-1
24
43
24
-4
9
25
5
31
62
72
70
58
41
0
15
33
50
56
50
70
68
83
72
36
45
73
102
129
157
144
92
52
59
80
39
42
79
65
86
105
59
33
42
56
73
57
48
73
75
63
61
43
16
29
32
2
-13
19
37
2
-1
13
0
10
2
-20
-16
-31
-27
-12
-32
-34
-20
-42
-47
-42
-41
-14
-25
-32
-20
-31
-46
-43
-20
-20
-10
3
-19
-21
-3
5
-4
-9
3
8
12
18
5
7
18
27
46
54
54
65
38
3
18
30
55
86
75
83
88
84
105
106
109
111
96
119
157
167
153
134
122
93
88
127
139
140
162
162
142
159
165
137
130
134
141
146
113
89
94
91
72
74
88
46
40
77
76
58
47
71
67
48
67
58
11
-24
-39
-35
-21
-20
-3
6
3
-18
-28
-39
-61
-57
-59
-43
-35
-59
-72
-79
-102
-131
-141
-130
-123
-125
-112
-121
-142
-146
-160
-166
-144
-124
-132
-130
-122
-155
-204
-191
-148
-184
-184
-137
-145
-142
-124
-143
-167
-188
-191
-161
-138
-137
-156
-163
-137
-117
-135
-170
-170
-154
-152
-144
-148
-170
-170
-148
-141
-151
-133
-121
-140
-129
-117
-133
-126
-130
-126
-78
-61
-75
-99
-111
-106
-101
-65
-51
-79
-66
-37
-38
-53
-55
-35
-17
-6
-5
0
-14
-26
-24
-23
-30
-24
25
50
53
54
29
38
48
20
27
62
84
102
104
108
112
90
87
84
80
104
96
91
119
122
100
96
90
92
101
124
129
114
126
128
118
99
86
100
90
80
91
100
100
85
71
71
70
70
71
76
81
55
3
-17
-18
-18
-17
-1
32
-1
-29
-17
-38
-35
-26
-26
-17
-6
5
0
-13
-45
-59
-59
-28
-7
-39
-35
-24
-30
-17
-2
9
0
7
26
13
9
-12
-34
-7
9
12
1
5
28
16
23
25
18
21
30
39
32
27
24
32
31
51
67
48
59
61
48
48
45
41
61
99
99
87
106
97
79
96
84
68
68
80
96
109
126
103
75
65
79
105
89
80
82
78
71
90
98
84
94
85
94
107
80
45
41
47
56
78
90
83
84
111
110
83
64
55
37
35
69
77
42
25
51
39
5
4
21
19
7
36
42
33
29
20
17
-4
-3
-12
-27
-26
-33
-33
-27
-24
-27
-31
-41
-31
-29
-43
-47
-48
-72
-71
-70
-87
-74
-82
-80
-82
-91
-101
-129
-115
-122
-133
-115
-115
-134
-141
-137
-144
-148
-132
-104
-133
-142
-120
-121
-122
-159
-159
-141
-130
-107
-110
-135
-131
-132
-141
-100
-81
-90
-91
-83
-82
-114
-128
-123
-92
-58
-47
-59
-75
-63
-69
-56
-36
-42
-30
-26
-15
2
-14
-32
-26
-10
5
23
32
19
16
41
51
25
6
25
38
63
75
38
30
15
-21
-14
11
33
51
57
45
33
28
27
34
47
44
17
24
43
38
29
17
11
19
29
34
40
53
55
65
61
48
48
38
55
53
41
38
31
38
37
36
43
72
95
76
57
53
49
46
64
77
54
31
38
45
56
44
32
48
53
60
61
52
36
39
54
30
32
51
40
45
59
54
43
39
54
72
49
33
46
49
41
37
53
49
49
58
39
15
1
12
39
59
62
59
57
41
24
35
51
42
50
64
37
13
2
12
41
50
39
9
2
32
43
34
28
27
17
10
12
4
-5
-8
-12
-9
-6
-25
-14
20
21
14
28
44
29
8
17
7
3
4
4
2
-10
4
25
19
5
17
17
-9
-8
12
30
33
30
12
-1
-12
-26
0
14
2
-8
-11
-5
-10
4
10
-14
-9
4
5
-1
6
-3
-29
-5
-12
-44
-40
-36
-15
-11
-19
-10
-14
-33
-39
-26
-24
-35
-37
-19
-6
-13
-39
-47
-26
-47
-47
-19
-34
-23
12
7
-9
-6
-16
-14
2
5
12
-3
-25
-32
-26
-15
-6
12
19
-3
-19
-6
4
-8
-9
-2
-18
-21
0
-3
-14
-15
-15
-32
-42
-28
-26
-18
-21
-5
19
-17
-42
-40
-37
-49
-55
-49
-42
-53
-76
-69
-81
-99
-81
-67
-78
-94
-93
-90
-81
-79
-79
-92
-118
-104
-80
-89
-93
-91
-97
-90
-85
-73
-55
-50
-47
-56
-67
-84
-97
-77
-61
-58
-40
-46
-86
-86
-64
-64
-51
-17
2
-20
-33
-24
-17
-14
-12
-11
-4
2
-25
-24
-23
-30
-16
-4
17
30
28
7
1
2
-7
6
16
11
1
10
10
9
17
-4
-6
16
28
31
34
30
24
33
55
71
68
56
44
38
39
55
61
52
54
69
81
69
77
102
121
125
107
101
113
123
111
107
121
114
96
108
123
125
129
122
133
146
129
117
128
140
135
140
115
100
112
95
114
130
112
101
107
112
106
110
105
100
97
98
83
66
71
65
72
68
47
47
41
40
45
37
30
32
14
1
8
-1
-27
-34
-26
-24
-35
-46
-36
-24
-39
-74
-64
-34
-50
-54
-40
-50
-81
-91
-90
-82
-82
-108
-102
-91
-78
-73
-87
-74
-71
-74
-63
-56
-54
-71
-92
-91
-83
-63
-45
-49
-60
-59
-42
-40
-49
-42
-27
-13
12
32
4
-14
3
-23
-16
23
23
36
29
25
34
17
35
62
67
57
51
42
46
50
23
29
61
53
38
48
49
24
28
56
59
63
58
32
35
41
22
31
41
35
27
-7
-4
27
28
22
21
9
-11
2
23
24
17
-11
-11
-5
-20
-36
-47
-37
-32
-26
-19
-36
-60
-57
-43
-45
-43
-42
-53
-69
-75
-74
-81
-79
-81
-89
-89
-104
-114
-93
-84
-96
-113
-123
-119
-130
-126
-116
-117
-99
-102
-127
-132
-131
-138
-131
-113
-103
-115
-135
-139
-135
-134
-131
-118
-106
-87
-84
-115
-118
-104
-96
-98
-88
-73
-69
-66
-76
-66
-53
-65
-64
-64
-56
-52
-52
-29
-16
-17
-18
-35
-20
-2
-10
2
6
18
30
19
20
27
34
39
43
57
78
73
65
70
69
74
76
86
94
100
90
96
103
90
105
100
97
101
114
124
124
140
128
108
101
97
104
111
122
123
129
144
135
123
103
95
111
123
141
122
107
117
114
111
109
98
87
101
102
88
82
85
96
66
55
70
74
76
68
65
55
47
31
31
62
51
36
44
38
36
33
14
7
25
32
30
24
6
9
18
12
8
21
17
3
0
-16
-28
-29
-17
-20
-22
-17
-28
-17
-14
-30
-46
-53
-35
-10
-11
-22
-20
-29
-36
-23
-27
-38
-28
-29
-33
-23
-27
-30
-35
-41
-28
-41
-47
-19
-22
-24
-9
-25
-20
-12
-12
-9
-5
25
20
8
0
-18
-17
1
33
34
28
21
17
14
22
37
28
41
46
42
43
44
36
29
48
51
43
41
51
39
27
42
47
44
56
79
70
51
64
62
36
51
72
48
36
43
40
36
43
16
-7
1
14
24
17
25
17
-12
-13
-16
-28
-21
-3
2
-7
-43
-62
-60
-47
-29
-44
-42
-48
-59
-45
-51
-66
-83
-88
-73
-58
-57
-65
-69
-70
-87
-92
-72
-61
-54
-50
-58
-83
-82
-77
-72
-65
-80
-82
-86
-74
-63
-74
-66
-55
-57
-58
-57
-53
-45
-42
-36
-51
-55
-43
-58
-54
-49
-49
-52
-65
-60
-57
-67
-47
-28
-30
-28
-25
-31
-35
-13
-22
-48
-35
-22
-26
-25
-17
-32
-43
-31
-20
-18
-10
-5
-18
-16
-11
-16
-11
-6
-15
-11
3
10
6
21
26
4
0
0
-5
-7
2
19
33
28
27
28
1
23
43
21
27
26
39
53
36
35
37
41
46
36
33
32
45
58
48
41
52
50
37
57
65
46
51
45
36
49
54
49
38
42
52
38
30
24
21
34
31
28
29
21
20
8
20
31
29
30
20
9
-8
0
1
-9
17
24
17
18
20
19
-5
-26
-13
-11
-20
-10
-12
0
-9
-37
-26
-13
-13
-17
-16
-24
-7
6
-5
4
-3
-13
-23
-35
-36
-39
-17
1
-12
-16
-44
-52
2
23
14
-4
-19
-44
-58
-27
-4
1
-3
5
-11
-26
-27
-34
-15
-19
-42
-43
-19
7
-15
-40
-23
-1
10
23
21
4
-3
-7
-11
-21
-44
-53
-27
-4
8
25
22
3
-9
6
5
-14
36
60
41
53
27
0
0
16
24
2
20
41
29
10
30
47
51
75
79
77
29
-8
5
1
2
50
75
21
-6
2
2
28
71
78
53
62
77
37
16
22
4
29
49
60
51
19
10
9
26
25
19
14
9
25
16
-7
8
-15
-37
-3
