0
0
-1
0
0
0
0
-1
0
0
0
0
0
0
0
0
0
0
0
0
0
0
-1
0
0
0
0
0
0
0
0
0
1
0
-1
0
0
0
0
0
0
0
0
0
0
0
0
0
0
0
0
0
0
0
-1
0
0
0
0
0
0
0
0
0
0
0
0
0
1
0
0
0
0
0
0
0
1
0
0
0
1
1
0
0
0
-1
1
1
0
0
0
0
0
0
0
1
0
0
0
1
0
0
0
0
0
-1
0
0
0
0
0
0
0
0
0
0
-1
-1
-1
0
0
0
0
-1
0
0
0
0
0
0
0
0
0
1
0
1
0
0
0
0
0
0
1
-1
0
1
-1
0
0
0
0
0
0
0
-1
0
0
0
-1
0
-1
0
0
0
0
0
-1
0
0
0
0
0
0
-1
0
0
0
0
0
0
0
0
-1
-1
0
0
0
0
0
1
0
0
0
0
0
-1
0
0
0
0
0
0
0
0
0
1
0
1
0
0
1
-1
1
0
0
0
-1
-1
0
0
0
-1
0
-1
0
0
0
-1
0
0
0
0
1
0
0
0
0
0
0
1
0
1
0
0
0
0
0
0
1
0
0
0
1
1
0
0
0
0
0
0
0
0
-1
1
0
0
0
0
0
0
0
1
0
0
-1
0
0
0
-1
-1
-1
0
1
0
-1
0
-1
0
0
0
0
-1
-1
0
-1
-1
1
0
0
-1
0
0
0
0
0
0
-1
-1
0
0
1
1
-1
0
-1
0
0
0
0
0
-1
0
-1
0
0
0
0
-1
-1
-1
0
0
0
-1
-1
-1
-2
-1
-1
-1
-1
-2
-1
-1
-1
0
0
0
0
-1
-1
-2
0
0
-1
-1
-2
-2
-2
0
1
-1
-1
-1
-2
-1
1
1
0
0
0
-2
0
1
1
1
0
-1
-1
0
0
1
0
-2
-2
-1
-1
0
1
1
1
-1
-3
-1
1
0
1
-1
-3
-1
-2
-2
-1
0
0
-2
-3
-1
-1
0
0
-1
-1
-2
-2
-1
0
0
0
-1
-2
-2
-1
1
1
-1
-1
-2
-1
-2
-1
-1
-1
1
0
-2
-1
1
0
0
-1
-2
-3
-1
0
1
1
0
-1
-2
-3
-1
1
1
-1
0
-2
-2
0
1
1
-1
-4
-5
-3
-1
0
1
0
-4
-4
-2
0
2
2
0
-1
-3
-3
-1
-1
0
-2
-5
-3
-3
-1
0
0
-2
-4
-3
-2
-3
-1
-2
-2
-3
-4
-3
-2
-1
1
1
0
-1
-2
-3
0
0
1
0
-2
-1
-1
-3
0
0
0
-1
-2
-4
-1
2
1
1
1
-2
-3
-3
-1
2
0
2
-2
0
0
4
11
4
25
-8
45
-17
-189
-71
-39
-65
-30
-56
-66
-104
-59
-31
-79
-70
-40
-44
-69
-67
-67
-35
-7
-22
-41
-34
-72
-132
-74
-56
-35
12
31
10
-23
33
14
-19
-28
-36
-16
-61
-27
1
-42
3
6
-46
-27
-13
-26
34
30
-50
-51
-21
-9
2
-24
-14
40
15
10
33
18
23
45
49
51
39
32
61
37
4
53
46
-10
-29
-26
-12
-13
-2
-14
-2
32
-10
-24
45
74
20
33
30
-54
-23
14
0
-4
25
24
-8
94
71
4
57
10
3
12
-23
-27
-11
6
-18
27
44
49
76
32
37
54
45
92
121
61
41
41
75
152
112
46
87
89
49
104
114
107
112
103
167
112
6
53
64
43
68
40
41
44
40
61
86
140
150
134
67
59
107
47
53
68
40
55
17
5
61
66
42
13
-36
-16
-20
-33
-19
-56
-3
34
14
6
-22
-4
-2
2
17
-19
-5
60
6
-65
-38
-24
-9
-8
-52
-38
-3
-8
-17
-31
-19
-18
-16
-20
-63
-22
-4
-56
-63
-47
-31
-26
-20
-88
-126
-83
-80
-74
-104
-123
-80
-57
-58
-117
-144
-59
-48
-68
-42
-39
-25
-53
-61
-80
-101
-30
-39
-71
-62
-65
-55
-74
-80
-92
-98
-65
-71
-113
-76
-44
-73
-34
10
-30
-64
-57
-74
-102
-90
-48
-73
-100
-75
-37
-30
-72
-82
-90
-67
-89
-136
-97
-108
-88
-59
-84
-87
-58
-40
-46
-44
-94
-55
-20
-73
-86
-95
-116
-93
-65
-128
-143
-99
-64
-73
-79
-11
29
57
0
-35
-24
-30
-14
-62
-56
-52
-43
-37
-54
-24
-6
22
16
8
13
27
67
54
20
54
80
50
-6
-33
14
29
33
62
38
38
88
83
36
58
76
30
46
29
25
84
58
68
66
29
80
69
70
76
12
75
92
36
26
32
51
17
10
32
47
90
92
79
98
108
99
78
52
57
25
35
106
108
122
100
57
91
82
23
30
46
53
85
73
77
76
59
106
94
62
63
51
40
40
83
83
61
70
95
81
43
56
46
33
47
57
84
57
63
98
65
83
69
69
89
46
86
112
97
88
84
85
97
105
68
119
135
62
54
82
108
68
0
18
38
13
16
18
18
54
61
17
50
84
37
11
6
36
37
5
-15
-14
-1
-22
-52
-28
-2
-59
-86
-55
-68
-98
-50
29
21
4
4
14
6
-22
-20
-34
-36
-24
-20
-19
-17
-17
-23
13
0
-52
-43
-56
-81
-102
-150
-109
-33
-72
-89
-40
-41
-55
-39
-37
-24
-49
-123
-103
-66
-102
-149
-129
-93
-62
-95
-142
-99
-113
-110
-79
-67
-55
-76
-74
-92
-97
-97
-137
-99
-46
-57
-110
-135
-82
-65
-96
-99
-74
-70
-82
-69
-82
-77
-68
-48
23
11
-26
-32
-18
-17
-75
-96
-56
-58
-95
-96
-72
-45
-52
-69
-19
-2
-59
-83
-39
-22
-68
-103
-100
-85
-87
-103
-115
-54
-35
-71
-44
-6
31
4
-37
-44
-22
-4
-61
-25
30
-27
-40
-45
-5
7
-42
12
44
37
39
9
7
49
82
73
91
105
71
50
44
59
21
12
84
77
70
40
23
52
31
42
58
91
90
62
73
28
-4
16
51
43
17
79
113
104
79
41
101
99
47
56
33
45
54
34
55
62
52
77
90
71
74
52
22
83
107
57
62
66
68
43
-2
-32
-47
9
-8
-10
65
31
11
37
16
-18
-24
-14
-8
-9
-4
26
29
41
59
32
54
40
-13
10
-4
-30
-2
7
28
47
38
57
81
73
38
-4
-2
11
-45
-53
4
-13
-81
-73
-18
-28
-77
-88
-52
-87
-82
-50
-64
-20
-20
-5
-5
-34
-17
-19
-38
-51
-29
11
43
-1
-41
3
9
4
1
-16
-24
-22
-24
-63
-69
-47
-25
-14
-32
-26
4
19
5
34
2
-62
-55
-52
-37
-44
-29
-36
-42
-36
-47
24
44
-29
-23
22
9
1
8
-3
19
51
45
8
-23
-5
-1
-59
-52
7
16
0
-19
7
38
39
13
-25
2
22
-22
-61
-49
2
46
48
6
-22
-3
0
-41
-41
2
0
-49
-61
-12
17
24
46
73
63
61
64
17
24
57
21
31
101
82
44
49
73
92
51
12
48
53
-21
-8
13
45
72
15
0
24
76
19
-31
-17
-74
-49
-7
-43
-9
35
33
12
-22
11
33
28
32
41
41
17
-24
-51
31
58
30
22
-4
68
36
-72
-46
-14
-15
-22
-52
-41
29
9
-22
-3
22
16
-87
-90
-24
-55
-99
-73
-9
17
-9
-57
-93
-96
-51
-52
-92
-33
6
-19
-12
-11
20
40
6
-11
-30
-60
-35
-33
-77
-94
-103
-74
-68
-67
-18
2
4
-23
-14
18
-24
-71
-31
7
-27
-6
-2
-29
-8
-33
-64
-44
-37
-30
-32
-64
-41
-29
-35
-16
-45
-51
-32
-44
-45
-46
-52
-23
-4
-16
-33
-61
-60
-17
-28
-83
-76
-44
-55
-57
-26
-12
-41
-69
-44
-37
-51
-54
-69
-29
10
-36
-71
-37
-3
-31
-11
-5
-55
-37
-37
-49
-9
39
51
68
75
36
37
49
39
57
43
8
40
34
-18
8
31
25
37
3
11
46
15
8
17
29
34
-10
2
47
-3
-5
42
81
108
47
10
61
77
66
74
62
100
140
77
48
108
120
97
90
81
68
56
66
68
65
110
100
70
115
104
85
102
92
72
52
52
48
39
46
69
69
91
119
68
65
59
24
36
19
36
47
66
133
124
126
144
91
47
67
87
75
53
18
17
27
10
-15
9
57
74
62
79
82
40
48
28
57
92
61
55
25
14
-5
28
52
39
24
-58
-35
23
-1
-36
-12
22
40
11
-37
1
-3
-10
0
1
26
-9
-61
-66
-3
-32
-61
-40
-65
-24
-22
-18
-16
-33
-16
-54
-60
-22
-18
-35
-34
-50
-64
-62
-92
-110
-119
-123
-124
-122
-112
-87
-59
-40
-33
-80
-70
-50
-43
-21
-69
-44
-72
-139
-78
-54
-74
-67
-65
-49
-33
-70
-70
-27
-19
-76
-115
-73
-49
-36
-43
-60
-122
-103
-34
-78
-43
-69
-118
-94
-109
-85
-87
-81
-108
-91
-67
-110
-88
-72
-19
-69
-116
-87
-110
-30
-44
-78
-16
-33
-49
-8
-11
-35
-7
-24
-64
-26
-10
-77
-41
-19
-57
27
13
-54
-43
-2
-55
-97
-33
-36
20
4
-32
12
12
3
-9
71
76
35
33
-3
18
45
67
60
57
53
48
90
93
60
26
64
84
96
103
61
62
73
69
31
62
105
116
136
138
156
86
59
87
67
106
122
91
104
87
28
59
87
49
78
98
101
113
92
114
156
184
145
110
159
118
36
97
161
146
161
128
144
177
76
57
105
81
63
57
64
94
94
61
53
58
71
43
15
55
59
50
4
-10
62
78
25
6
14
-14
-23
-14
-7
0
7
17
46
47
3
25
34
34
5
-34
-21
-21
-12
-51
-33
4
7
38
-32
-60
-22
-28
-82
-96
-56
-51
-38
-88
-109
-51
-61
-91
-85
-64
-39
-26
-40
-43
-60
-91
-138
-102
-20
-47
-43
-67
-74
-39
-51
-59
-73
-88
-78
-33
-58
-96
-91
-71
-35
-62
-121
-137
-90
-114
-153
-138
-173
-153
-110
-132
-117
-76
-110
-132
-110
-74
-60
-104
-107
-102
-69
-71
-125
-102
-76
-73
-91
-68
-73
-94
-110
-103
-19
-24
-23
-9
-25
-26
-33
-19
19
22
-19
-19
-2
28
9
-28
-48
-35
-22
-79
-83
-77
-36
-23
-71
7
60
67
80
57
79
53
9
58
78
48
42
9
11
60
65
63
45
87
135
114
101
102
120
121
99
106
123
122
133
94
62
92
71
64
79
72
96
95
33
35
85
64
55
42
53
109
90
117
122
74
71
30
45
35
3
25
1
12
42
48
38
28
84
84
43
44
23
55
58
42
63
32
46
20
-5
28
0
20
59
40
34
75
78
43
57
73
87
113
87
17
0
36
63
61
21
0
51
53
11
7
-6
31
66
46
33
18
48
38
36
46
-7
-9
-41
-59
-51
-39
-14
-46
-56
-53
-12
-15
-66
-44
-58
-77
-83
-86
-63
-97
-80
-64
-98
-84
-117
-102
-95
-143
-127
-123
-113
-140
-164
-105
-124
-140
-101
-79
-47
-88
-135
-108
-38
-33
-62
-51
-62
-55
-52
-75
-60
-41
-76
-93
-41
2
-42
-75
-35
-42
-64
-51
-66
-37
4
-31
-53
-55
-33
-35
-40
8
28
-21
-38
3
5
-2
-37
-62
-34
-41
-41
-17
14
19
11
37
46
42
4
15
68
33
-4
-14
12
26
23
56
17
-6
15
-14
9
43
25
31
42
59
28
-37
-22
-1
28
31
20
15
-35
-10
22
13
14
-8
4
14
-23
-24
10
23
10
17
37
47
51
18
43
67
15
-13
-17
8
14
-7
9
27
28
-6
-26
56
54
24
71
89
130
97
60
110
128
99
51
44
39
42
61
58
66
60
81
86
71
68
58
51
64
72
75
132
76
55
94
66
90
42
27
40
25
21
-8
27
-3
18
70
48
78
89
119
137
101
80
65
62
72
95
31
-64
-14
-26
-70
-18
-42
-20
6
-37
-36
-36
-14
5
37
35
1
9
-31
-37
-60
-84
-89
-131
-121
-118
-81
-77
-77
-70
-113
-64
-34
-64
-77
-78
-60
-81
-117
-111
-65
-65
-115
-90
-67
-88
-119
-130
-116
-94
-51
-27
-7
22
-16
-63
-27
-40
-55
-16
-36
-13
-21
-67
-37
-20
-8
-39
-35
-11
-63
-71
-74
-46
8
30
19
34
50
-8
-15
-31
-51
-10
-46
-77
-56
-45
-23
-40
-77
-70
-60
-33
-29
-12
52
41
40
22
1
20
-11
-29
-41
-42
-65
-105
-61
-16
-48
-80
-87
-59
-35
-90
-91
-60
-29
-16
-39
19
58
57
59
27
28
41
30
18
31
39
-3
-11
23
55
63
29
36
66
81
103
95
84
113
133
118
101
63
54
73
15
-13
25
28
32
52
26
33
65
39
44
59
41
31
66
64
64
106
72
89
95
59
43
26
25
22
53
36
59
81
30
56
63
56
93
70
48
95
85
79
89
52
44
38
40
14
-13
-12
11
37
-2
5
25
70
89
34
19
-15
1
3
-32
12
-9
-36
6
21
1
-62
-80
-50
-31
-15
-47
-17
33
-30
-51
-38
-30
-4
-40
-56
-49
-82
-117
-106
-47
-27
5
4
-38
-18
-44
-105
-82
-57
-61
-47
-49
-53
-40
-43
-48
-36
-6
1
-13
-5
-9
-5
-22
-22
27
21
11
12
-8
-20
-47
-50
-28
-25
-33
-19
-9
-14
1
-21
-62
-79
-65
-29
-39
-45
-69
-87
-66
-100
-113
-96
-99
-63
-67
-86
-82
-91
-81
-75
-32
-3
-29
-53
-66
-62
-33
-27
-51
-66
-65
-17
-3
-49
-36
-9
4
32
30
-18
-4
36
-10
7
43
21
43
66
59
75
32
-6
33
8
-4
15
35
75
63
-3
8
68
99
111
88
82
63
73
68
41
100
109
96
73
48
71
57
56
89
76
42
54
70
92
76
81
88
29
66
73
47
89
81
62
64
31
3
22
57
71
24
-8
19
68
73
30
49
106
122
85
53
60
52
32
23
34
42
13
33
35
4
25
3
45
118
72
38
25
-6
0
-6
-37
-15
19
-16
-27
8
-5
-39
-17
-8
3
18
-36
-67
-49
-15
-4
-15
-3
-4
-14
-39
-53
-51
-76
-50
-42
-29
17
-4
-10
4
24
8
-3
20
-12
47
49
-23
-9
-33
-7
-18
-60
-70
-86
-50
-79
-60
-19
-42
-16
-45
-56
-29
-42
-57
-99
-62
-51
-77
-51
-104
-128
-104
-118
-108
-104
-142
-82
-63
-139
-96
-89
-69
-26
-76
-59
-87
-116
-69
-59
-46
-94
-152
-127
-101
-72
-70
-87
-69
-81
-76
-78
-55
-45
-65
-64
-73
-34
-63
-74
-7
3
-36
-81
-77
-78
-53
-54
-71
-41
-35
-12
-6
-34
-9
-11
-18
16
35
69
49
14
27
25
12
-28
-11
16
4
20
12
42
72
74
104
78
88
115
63
92
86
34
91
82
68
94
41
-13
-12
12
55
82
50
32
52
90
119
75
60
96
97
95
109
96
55
56
60
79
85
32
46
96
101
63
21
32
74
79
90
89
67
72
58
90
109
66
86
71
55
108
112
90
67
62
56
59
71
36
37
46
52
54
39
51
67
52
27
24
17
17
8
35
85
66
32
23
28
40
45
4
-4
5
14
61
42
41
23
-31
-8
10
17
26
11
36
96
71
11
-31
-37
0
-16
-8
-7
-47
-47
-58
-39
-28
-27
-9
-30
-36
-48
-53
-60
-65
-83
-67
-44
-116
-101
-56
-55
-26
-18
-49
-51
-59
-118
-89
-66
-93
-107
-109
-113
-123
-78
-74
-80
-72
-89
-82
-79
-24
-33
-74
-81
-115
-100
-115
-113
-108
-152
-133
-91
-67
-63
-66
-102
-105
-73
-86
-79
-81
-78
-47
-54
-62
-34
-59
-109
-59
-57
-47
-18
-28
19
6
-44
-57
-49
-26
-16
-19
-35
13
59
33
28
-3
13
34
-21
-22
-24
-35
-48
-25
37
5
-50
-15
3
-14
-37
-10
59
12
-23
4
34
34
1
3
-9
17
25
13
40
6
15
27
5
9
0
-19
-12
53
51
29
49
26
41
61
30
58
66
26
27
14
17
39
35
31
28
36
-6
-19
1
-3
33
30
39
28
39
79
47
82
72
49
33
-1
5
-9
43
40
52
56
1
24
5
21
42
72
85
33
58
47
43
48
54
70
32
-8
11
89
79
25
18
51
54
3
-17
-2
62
71
13
5
48
58
26
21
43
55
1
-31
-18
28
51
-1
-1
-9
-18
-8
-39
-27
43
49
-31
-50
-2
-13
-41
-38
-8
44
5
-61
-60
-34
-45
-64
-60
-76
-16
28
-2
-3
11
16
-12
-57
-69
-41
-19
-3
-24
17
60
-15
-47
4
53
-24
-73
-44
-18
33
-23
-9
22
-13
11
-17
-39
-11
53
60
13
15
-1
-59
-59
-12
-10
-25
-36
6
60
65
-3
-28
49
25
17
37
43
55
10
36
32
8
-8
-45
-36
3
41
-2
5
32
50
83
42
20
23
-7
9
30
-19
-17
42
32
-30
-24
-22
-68
-66
-24
-7
-20
-35
-71
-46
1
-19
-8
-21
-21
16
2
-2
-15
-23
-23
2
-26
-80
-35
15
48
42
27
5
-14
12
4
-11
6
35
21
-17
25
25
-20
18
29
-16
-26
10
8
-8
-4
-22
3
12
-49
-38
-21
-16
14
26
20
-5
-26
-37
5
6
-16
4
-5
-7
11
9
-19
-33
-3
37
19
0
31
52
-8
-55
-13
3
-15
-34
-37
-8
1
12
9
-6
-4
-11
-13
-71
-69
-14
-71
-97
-8
30
-20
-37
-34
-16
-9
-19
-27
-49
-42
-31
-22
-51
-50
15
-28
-20
21
-4
6
-23
-37
-29
-23
11
14
-34
-81
-22
66
-2
-58
-18
18
44
-28
-63
-18
17
37
3
-24
-56
-35
-15
-85
-12
71
-3
-61
-7
35
-21
-29
-7
28
49
-39
-67
14
24
-1
0
0
59
98
17
-19
42
79
49
-32
-56
-3
44
-26
-71
9
38
36
23
-9
-6
50
74
7
1
38
51
46
-41
-41
14
1
13
-29
-31
38
30
5
-16
-19
17
60
47
-14
25
52
76
93
23
38
78
58
20
-11
32
92
73
30
27
72
86
53
46
27
43
96
96
41
11
57
81
71
61
53
45
69
93
24
-6
45
80
37
-47
-35
36
84
45
8
28
71
112
65
14
-13
43
124
81
22
-9
17
60
4
-20
0
21
71
61
10
-22
81
163
54
-6
-10
49
62
-16
-6
10
55
58
21
4
-34
2
-17
-48
-42
-30
23
13
12
1
1
18
-17
-20
-31
-4
36
-55
-121
-95
-51
-21
-56
-84
-52
-38
-48
-53
-29
1
15
14
-23
-54
-57
-22
-42
-103
-86
-87
-134
-100
-22
13
-16
-47
-31
-30
-62
-94
-83
-36
-16
-65
-123
-93
-63
-53
-31
-32
-45
-84
-123
-112
-53
-40
-54
-61
-107
-91
-61
-116
-123
-15
-9
-93
-72
-56
-45
-48
-107
-85
-38
-69
-102
-103
-101
-75
-77
-104
-89
-26
-19
-74
-33
7
-26
-50
-30
-20
-29
-49
-103
-114
-94
-74
-48
-34
-53
-55
-61
-129
-98
-1
9
-23
-4
8
-20
-35
-75
-52
-14
-39
-44
-28
-33
-24
3
-52
-21
45
14
-2
-40
-49
-10
-14
-53
-17
43
27
61
84
60
82
57
2
-10
19
40
27
54
65
73
66
22
71
87
53
59
106
132
84
89
86
84
122
99
76
67
53
57
57
81
140
118
96
129
129
127
105
95
96
74
66
84
112
100
65
73
110
117
112
81
54
90
69
22
3
7
99
119
29
43
107
74
29
41
61
79
70
28
46
61
33
33
18
23
42
-8
-50
-37
8
45
77
87
82
91
72
42
40
27
-15
-22
13
57
59
-26
-38
26
1
-19
4
4
16
2
-4
1
-45
-45
-4
20
15
-12
-3
-27
-63
-42
-19
-45
-54
-22
-68
-93
-52
-58
-46
-31
-21
9
-24
-40
3
1
-28
-32
-9
-30
-73
-37
-32
-58
-82
-82
-39
-34
-14
-37
-51
3
10
-20
-76
-74
-18
-35
-73
-87
-78
-92
-136
-110
-89
-117
-83
-68
-74
-47
-66
-65
-48
-45
-61
-91
-79
-87
-84
-102
-118
-56
-36
-28
-42
-67
-44
-61
-67
-66
-82
-51
-72
-94
-48
-11
13
36
58
51
46
27
-25
3
-5
-58
-9
24
11
-13
-28
7
23
22
17
53
45
-6
93
120
70
80
78
42
6
30
18
3
12
35
58
28
53
108
82
42
50
79
108
70
52
89
52
51
58
69
93
51
45
36
58
50
5
12
21
60
56
50
58
77
79
29
33
41
-2
-34
-35
-54
-17
31
12
-4
-7
12
-3
13
30
-7
7
1
6
27
-36
-66
-25
-15
-32
-37
-37
-43
-22
-20
-19
14
12
-9
-32
-4
-8
-39
-14
3
14
-25
-68
-31
-19
-56
-65
-74
-88
-57
7
-7
-35
-13
-26
-9
22
43
9
-50
-42
-61
-52
-47
-58
-48
-47
5
14
-22
-33
-31
-24
-9
3
-22
-24
-25
-36
-32
-55
-89
-98
-64
-53
-103
-132
-59
-52
-113
-100
-66
-30
-67
-73
-81
-139
-111
-74
-41
-78
-135
-125
-114
-107
-110
-84
-45
-59
-54
-30
-41
-75
-97
-57
-34
-34
-22
-36
-7
25
30
46
45
45
46
51
34
4
21
66
69
53
56
37
38
18
-2
83
83
-18
-17
56
72
21
-9
14
52
55
37
45
83
71
63
80
72
78
64
66
87
100
93
83
98
84
84
98
100
80
51
91
93
19
44
78
69
78
74
98
97
85
89
53
43
52
45
25
3
-4
-15
-8
0
57
96
32
35
59
1
13
62
62
49
9
-40
-61
-32
-52
-57
10
-5
-31
-27
-18
46
74
51
39
50
46
36
41
9
42
89
48
31
30
68
77
15
40
75
99
73
27
44
62
77
60
73
78
72
95
53
46
57
66
94
29
28
88
72
42
19
53
75
44
1
32
82
18
3
30
36
47
23
-7
-56
-78
-49
-57
-119
-170
-125
-97
-132
-88
-52
-59
-35
-31
-19
-21
-76
-75
-19
-53
-119
-46
-59
-146
-147
-186
-142
-108
-127
-77
-93
-88
-56
-58
3
45
25
-35
-51
-45
-110
-119
-142
-137
-84
-135
-100
-67
-73
-66
-82
-49
-55
-22
-15
-17
60
-2
-22
45
-8
-35
-15
-21
-66
-106
-64
-64
-87
-28
15
-17
-67
-72
-61
-29
1
-30
4
26
-25
-18
-10
-18
-47
-74
-86
-73
-64
-134
-143
-80
-35
-2
-25
-30
-12
-44
-43
1
38
-22
-62
2
-17
-27
-22
-14
0
-41
-34
-24
2
7
-11
17
-13
2
74
111
121
68
40
54
47
22
2
-1
-48
-41
-21
-22
21
32
58
8
-41
24
54
25
28
73
84
38
3
43
54
24
6
30
50
21
47
61
42
82
114
110
120
95
23
43
98
55
28
32
31
59
72
106
99
81
137
101
86
89
63
118
121
76
34
33
78
62
99
142
68
66
96
106
132
107
75
62
88
73
66
101
50
19
41
51
33
19
28
46
37
-32
-41
11
7
-23
-23
21
15
-41
-58
-82
-72
-65
-60
-31
-71
-74
-62
-99
-106
-74
-43
-112
-165
-135
-80
-34
-56
-74
-75
-55
-50
-55
-40
-29
-14
-4
-55
-113
-61
-14
-29
-55
-48
-23
-48
-37
-19
18
48
0
3
8
50
110
83
57
36
-4
-28
-46
-62
-45
-55
-40
-21
-32
3
31
53
42
8
29
49
24
-52
-65
22
25
-32
-28
-10
-16
-60
-101
-102
-48
-10
-35
-33
-7
45
35
-19
-34
-11
43
5
-18
1
-70
-87
-23
-59
-108
-31
41
0
-46
-32
-48
-21
13
18
38
23
70
72
18
6
15
43
-44
-36
34
11
41
21
72
98
15
66
78
46
66
98
111
71
114
129
70
55
20
42
36
13
54
61
93
116
94
74
45
52
49
68
119
88
30
-4
5
30
36
25
-4
-60
-80
-52
-44
-29
-28
-27
-63
-137
-74
59
51
-14
-17
-11
3
3
7
-9
-76
-77
-58
-76
-53
-25
-40
-91
-99
-45
-37
-50
-45
-65
-83
-71
-70
-57
-37
-85
-69
-55
-119
-94
-76
-94
-41
-20
-49
-70
-104
-76
-44
-46
-58
-50
11
-52
-77
-13
-44
-18
33
43
21
-10
-19
-42
-43
-28
-17
-30
-35
-9
0
3
50
52
11
-25
-14
49
42
62
37
-7
-2
-11
9
-35
-22
7
-34
-17
-6
-10
-7
21
16
-20
6
-36
-67
-24
-23
-11
16
15
3
-20
-6
-6
-42
-9
-18
-58
-88
-91
-14
-3
-7
-21
-62
-1
42
-10
-30
71
73
-36
-71
-35
23
24
1
-25
-34
-72
-68
-57
-26
1
-70
-26
-14
-19
30
47
62
19
25
63
67
54
53
56
46
25
22
12
-23
22
74
4
-37
45
109
137
113
89
112
103
131
164
127
68
116
159
96
104
109
79
74
50
33
40
61
77
80
59
77
134
110
78
79
65
91
99
49
11
24
43
53
55
32
44
27
14
42
59
38
42
112
81
12
46
96
121
71
12
48
54
3
-21
-39
-60
-4
12
-46
-44
-19
-4
-15
-32
-20
15
39
40
50
-9
-41
10
28
-8
-52
-58
-50
-43
-48
-46
-27
-15
13
7
-20
-1
23
6
-33
-51
-36
9
38
18
-33
-38
-15
-45
-70
-53
-42
-30
-17
-45
-56
-11
12
-39
-82
-53
-50
-63
-55
-76
-80
-56
-58
-66
-62
-76
-89
-94
-100
-82
-98
-109
-98
-106
-93
-19
5
-55
-83
-101
-82
-55
-75
-90
-89
-83
-118
-142
-111
-126
-126
-74
-99
-131
-102
-49
-58
-79
-61
-90
-56
-76
-162
-154
-124
-98
-110
-93
-62
-64
-74
-84
-67
-37
-47
-52
-14
-40
-19
-20
-45
-1
-12
-15
-18
-10
-30
-64
-42
-38
17
49
4
41
43
26
62
30
5
16
44
29
34
79
43
38
84
104
100
56
38
34
28
78
48
18
38
55
66
32
49
59
56
41
26
16
42
80
53
93
79
30
54
34
6
-18
3
41
21
13
20
64
72
67
68
8
21
61
48
19
42
84
53
47
50
61
54
35
33
18
44
46
46
25
14
82
92
49
46
56
73
93
22
7
71
89
64
-7
-10
37
52
9
-33
2
14
10
45
74
96
84
34
35
62
68
61
45
39
11
29
72
52
60
49
37
59
83
109
100
92
92
93
92
84
88
41
-15
67
108
25
4
-12
-12
-8
-54
-58
-67
-80
-52
-76
-85
-43
-9
14
-12
-8
4
-16
-54
-80
-33
3
0
-4
-36
-86
-76
-62
-90
-82
-70
-53
-67
-64
-64
-62
-3
-6
17
14
-17
-45
-107
-59
-37
-70
-62
-63
-59
-25
-11
-46
-39
15
25
5
4
14
29
13
-41
-40
-13
-11
-27
-53
-44
-43
-59
-59
-44
-29
-31
-39
-49
-21
13
25
43
53
43
5
18
49
26
2
-43
-74
-51
-24
2
46
36
-40
-65
-34
3
21
17
-3
4
35
38
38
16
-19
-8
27
25
-31
-64
-62
-55
-18
6
15
17
2
-11
-29
-27
-33
-3
10
-48
-48
-37
-31
-41
-54
-18
14
53
-1
-66
-14
6
29
14
-28
-23
-26
18
37
12
-20
-41
-19
-35
-28
15
16
22
10
-14
0
11
38
58
31
32
71
43
-1
18
15
17
58
22
-37
-51
-52
12
80
62
23
21
32
54
63
40
60
83
76
29
-14
37
56
1
-32
-15
16
-16
-10
12
-2
53
58
54
82
38
6
10
16
25
33
24
-28
-32
-28
-37
46
13
-78
-40
-36
-49
-33
-36
-37
-61
-75
-43
-66
-90
-39
-26
-48
-79
-63
-54
-107
-123
-99
-112
-152
-110
-56
-64
-48
-10
-7
-14
-39
-42
16
-7
-39
-45
-99
-87
-52
-80
-99
-106
-64
-28
-23
12
-6
2
20
50
54
-10
32
34
-25
-19
-31
-23
18
0
-12
19
74
64
9
10
33
71
45
22
47
5
-32
-13
0
11
-7
-19
-10
-68
-51
-18
-50
2
48
17
-4
18
20
6
9
18
22
-17
-36
-2
-13
-43
-28
-20
-23
-14
-38
19
64
8
39
48
60
89
61
72
94
79
58
63
73
45
34
80
85
101
116
90
116
119
139
182
150
124
134
80
80
114
90
118
123
77
67
72
41
68
71
46
76
50
38
47
42
57
75
53
68
88
37
34
68
31
-24
-9
4
14
-19
-12
36
6
22
45
14
1
38
20
5
8
-6
-22
-25
1
31
23
-60
-55
18
-24
-64
-11
5
-3
-35
-41
-9
6
-13
-35
-11
-28
-38
-39
-25
-26
-54
-51
-64
-71
-90
-85
-78
-86
-60
-63
-62
-28
-21
3
-1
-19
-6
-49
-55
-61
-97
-99
-119
-132
-89
-98
-136
-56
-38
-68
-56
-52
-38
-80
-107
-76
-87
-119
-102
-91
-116
-121
-97
-69
-79
-73
-26
-49
-76
-35
-48
-56
-70
-57
-6
-40
-21
-9
-45
-15
-9
-35
-40
-62
-87
-76
-74
-85
-77
-69
-46
-2
-23
-1
65
12
12
10
-49
-30
-15
-14
-29
-56
-41
-9
-38
-42
24
19
-14
-26
-7
28
16
29
19
-14
-29
-36
5
14
7
39
54
28
30
21
13
68
38
28
42
-5
65
78
28
62
45
24
10
-8
16
29
4
-6
35
46
23
40
30
37
52
35
47
62
39
4
32
23
15
32
35
28
1
57
77
88
99
37
52
75
71
100
81
42
29
50
69
41
51
74
53
50
72
65
84
90
117
150
96
98
118
103
97
93
48
39
102
65
49
63
13
20
23
12
33
39
23
37
76
57
67
67
23
31
2
-12
-30
-20
23
-48
-48
-7
-2
-4
-12
25
-9
-9
30
57
65
19
12
-18
-41
-38
-49
-21
-34
-24
6
-73
-66
-3
-12
-37
-73
-22
18
-10
19
50
50
45
-1
-19
-52
-42
-9
-60
-63
-79
-83
-48
-24
-19
-26
-33
-26
-1
-40
-8
25
-20
-8
-38
-86
-102
-94
-53
-89
-128
-98
-81
-80
-101
-78
-67
-105
-49
-14
-45
-32
-66
-84
-38
-112
-143
-83
-119
-78
-83
-164
-124
-76
-62
-80
-64
-52
-71
-53
-38
-25
-40
-79
-79
-5
5
-23
47
19
-69
-71
-102
-100
-54
-55
-56
-34
-4
4
9
6
27
31
-1
52
99
91
50
0
-8
-32
-34
-20
-6
15
-26
-29
9
28
86
76
21
52
74
27
19
55
63
76
65
20
40
39
-7
15
28
40
92
71
57
122
138
115
111
121
135
124
110
87
91
71
22
29
8
9
63
47
44
96
87
105
80
-4
58
81
44
71
62
41
20
19
30
-3
-13
28
36
13
-11
-22
-5
7
9
19
39
46
38
25
54
72
59
62
40
40
23
-33
-5
27
18
50
8
-26
49
41
31
70
46
51
52
6
41
57
-10
-43
-34
-2
6
-13
-25
-61
-73
-21
-26
-30
18
-14
-53
-40
11
15
-37
-75
-124
-135
-101
-87
-15
17
-74
-56
-23
-66
-51
-31
-19
-28
-63
-38
-15
-44
-38
-24
-55
-49
-25
-70
-88
-31
-8
-17
-67
-64
-39
-66
-64
-38
7
3
-38
-35
-18
-28
-39
-35
-31
-15
-21
-44
-48
-20
-17
-30
-23
-9
0
21
23
-12
1
4
14
27
-2
-18
-29
-20
-7
26
17
17
78
48
37
65
47
79
102
69
54
38
24
24
13
-13
-38
-34
-28
-36
-5
44
21
26
45
2
25
65
89
41
9
62
-8
-37
-9
-1
23
-32
-44
-27
-12
2
-28
-23
-19
11
47
39
53
29
-10
-7
20
50
28
45
-7
-59
-26
-39
9
10
-17
-19
-11
21
29
66
35
18
66
19
-5
2
-8
-9
-33
-21
-16
-2
-29
-73
-49
-31
1
17
19
40
50
54
41
59
65
3
-19
-12
-32
-42
-6
0
-10
-13
-21
37
59
14
38
15
-61
-27
-19
-31
-14
-6
26
58
37
37
30
-20
-17
-5
6
-1
35
32
-24
-42
-53
4
6
-24
1
-7
2
30
30
38
54
-10
-63
-36
-40
-39
-20
-29
-65
-57
-31
-32
17
-17
-24
41
-7
-1
16
-3
-21
-59
-48
-46
-51
-65
-30
-18
-95
-53
20
5
13
73
59
9
8
-16
7
30
2
-3
-44
-45
-14
-31
-30
-55
-19
12
-24
-23
-17
8
7
26
-21
-83
18
37
-14
-52
-47
29
1
-45
-29
6
25
-26
-28
14
15
36
43
-15
-1
44
8
-23
6
47
14
-60
-85
-29
31
1
-26
6
51
66
-28
-37
39
17
-41
-41
-1
-42
-49
-29
-63
-78
-59
-16
-3
-3
23
55
31
-20
-24
41
57
33
42
31
16
11
3
-27
-13
-11
-44
-12
43
59
43
37
31
20
22
11
15
39
36
24
30
34
30
35
61
20
6
22
18
51
-6
8
90
52
87
90
58
67
36
63
33
30
34
-17
50
-4
-75
-5
-23
-35
-23
-31
3
-10
4
49
-4
-9
50
59
91
98
60
32
-6
-3
-22
-87
-87
-59
-56
-20
-13
-33
-30
-37
-32
-32
3
49
40
22
-15
-34
-1
-17
-30
-18
-54
-77
-62
-21
1
0
39
71
17
-24
-18
-26
-9
-38
-101
-44
25
28
11
-37
-67
-82
-49
-41
-45
5
-9
-4
2
-37
-41
-1
-6
-33
-17
4
43
23
3
19
-52
-53
31
49
21
-12
-52
-55
-7
-12
-5
11
18
32
-3
15
-14
-38
-31
-73
-28
-24
-35
-6
-32
-37
-67
-66
-20
-36
-24
1
9
3
17
53
30
7
0
-1
-57
-70
8
16
-2
3
13
34
21
22
41
6
-46
-37
17
20
11
9
11
9
-9
1
2
52
87
39
11
31
68
55
25
23
15
30
77
108
62
17
59
39
-15
-16
35
76
41
80
83
28
26
17
39
47
47
54
23
11
50
64
22
-9
-1
64
48
-14
1
5
0
18
25
23
24
25
-14
-65
-37
-27
-60
-55
-12
-13
-42
-39
-47
-46
-54
-38
-34
-53
-16
-16
-33
-29
-57
-60
-53
-29
-23
-42
-25
-37
-12
-16
-28
-3
-12
-8
-21
-25
-43
-77
-44
-31
-11
10
9
37
44
42
9
-14
-7
2
16
16
-20
-38
28
7
-25
21
16
33
51
33
24
-6
8
23
-18
-17
-23
-54
-40
-31
-8
-23
-42
-9
1
80
95
17
0
-54
-72
11
47
10
-5
-9
15
5
-48
4
11
-15
12
3
21
37
32
11
-29
-11
-14
-27
6
12
26
44
45
37
33
33
47
-7
-23
47
15
43
45
4
44
11
10
23
-13
30
53
44
80
85
102
71
19
44
4
-59
-21
0
-1
25
15
13
-9
3
42
36
40
46
37
29
40
53
32
-6
-18
-29
-18
10
-13
-16
1
-18
-20
-1
39
100
86
36
30
-19
-43
-47
-74
-77
-66
-40
-22
-1
-41
-66
-41
-40
5
-10
-15
1
44
86
-49
-59
9
24
-47
-168
-75
-17
-59
-100
-75
86
89
-70
-96
-7
69
-21
-152
-29
115
82
-72
-76
101
53
-124
-169
-34
139
35
-152
-61
113
124
-37
-86
97
169
44
-75
-53
84
120
-15
-76
53
134
6
-84
-37
36
26
-80
-66
24
56
15
-64
-24
36
3
-55
-44
63
76
0
-6
8
25
5
-37
-31
-14
-38
-76
-46
-12
-17
-7
-38
-44
-8
-16
8
42
23
-36
-38
-28
-59
-28
-7
-27
-21
-30
-66
-27
-5
-11
2
-11
29
51
32
34
-15
-30
-5
-62
-49
17
-13
-47
-33
30
30
-42
-23
15
1
-7
-6
2
15
8
-3
2
20
14
-38
-78
-58
-32
-25
0
37
-21
-48
-25
-51
-28
-12
-6
8
11
3
-5
-37
-39
34
6
-63
-59
-37
4
28
30
6
26
-4
-72
-40
-4
56
59
4
-14
-1
24
54
53
34
16
-34
-12
13
1
-12
-20
23
-6
-1
70
3
15
32
-32
7
-17
19
55
-32
-49
-33
-27
-29
-6
9
14
37
39
49
34
39
64
68
46
1
36
36
-29
-26
44
62
4
24
55
21
-3
40
37
-12
45
-8
32
81
87
167
-98
-49
215
11
-123
-9
209
164
-145
-3
213
58
-42
-47
62
199
181
64
-24
105
244
-5
-143
127
209
5
-61
81
142
70
-50
-20
81
142
151
16
33
90
82
74
-17
17
94
29
-72
-21
124
100
-37
24
89
-13
-37
-76
-44
11
-55
12
-18
-115
-25
-52
-95
-31
-12
-43
-116
-99
-14
-49
-107
-51
-31
-28
-2
-12
-20
-45
-58
-19
-7
-6
14
5
-27
-70
-40
-17
-46
-25
13
27
-4
23
47
8
-6
-4
1
0
-11
-37
-52
-78
-30
-28
-79
-14
5
-3
-53
-78
6
-15
-29
1
13
21
-58
-65
-20
-48
-69
-97
-102
-20
-62
-70
-5
-55
-50
-100
-32
18
-115
-65
-18
12
1
-102
-65
-31
-21
3
-70
-92
-28
-8
-42
-2
53
-20
-72
-18
12
-21
-17
-17
-36
-32
-3
-46
-97
-24
-54
-104
-62
-60
-39
-47
-51
-35
-42
26
-53
-141
-68
-63
-76
-82
-22
30
9
-17
-35
-10
6
-21
-63
-15
12
-14
-29
-11
45
20
11
21
63
82
27
39
69
94
37
40
83
62
67
39
62
69
27
42
89
125
91
64
37
25
11
-13
21
2
-6
18
12
15
12
43
69
31
-11
-39
-33
16
15
-10
-22
-44
-31
21
27
-65
-73
-35
-30
-31
-34
44
38
57
123
86
69
68
49
11
21
42
35
4
-35
-27
-54
-36
11
9
-5
-15
37
74
65
83
114
129
129
121
93
47
37
13
-44
-32
-20
-23
-2
49
75
21
21
60
92
102
93
122
127
87
38
10
12
48
20
-6
-12
-47
-18
-21
-10
17
38
60
46
60
114
135
82
55
-13
-36
38
11
3
5
-6
-6
-33
22
17
-38
12
13
16
72
22
18
38
2
51
-1
-15
-1
-70
-37
-65
-74
-86
-89
-85
-104
-32
-48
-77
-77
-80
-51
-26
6
31
30
1
-30
-55
-32
-39
-49
-62
-89
-52
-78
-109
-82
-25
47
93
135
143
125
87
68
40
14
29
-7
-28
6
13
56
45
-37
-50
-41
-28
2
54
61
55
71
71
84
88
66
61
54
25
-28
-95
-68
-74
-83
-83
-62
9
-3
6
-14
-8
23
-37
-6
56
2
-1
25
1
-19
-58
-65
-86
-111
-103
-125
-87
-77
-56
36
79
104
94
99
62
-27
-41
-5
-25
-71
-43
-40
1
16
0
26
-7
0
17
10
28
58
64
97
130
61
8
15
27
10
-44
-68
-94
-115
-113
-134
-101
-36
2
16
2
-10
-16
-3
-11
-78
-99
-58
-28
-43
-76
-34
-22
-72
-98
-66
-7
-18
-37
-9
36
60
66
98
126
134
99
69
108
68
-2
-35
-54
-36
-29
-8
-5
-6
11
-48
-58
3
9
33
31
32
43
7
56
54
28
40
-31
-62
-119
-139
-106
-145
-160
-136
-65
-60
-70
-14
-34
-64
-79
-102
-105
-108
-92
-107
-142
-143
-192
-137
-22
-99
-165
-103
-27
-46
-45
14
20
84
110
104
107
96
88
25
19
3
3
15
10
39
17
6
27
70
98
84
76
83
93
63
72
115
97
84
73
2
13
22
-73
-107
-122
-94
-15
-25
-48
-25
25
43
34
50
35
-9
-45
-50
-85
-133
-117
-104
-94
-59
-66
-69
-34
0
-3
-11
91
110
101
171
186
198
171
84
75
98
73
33
1
5
-17
-61
-57
-18
25
48
53
57
49
49
46
14
27
52
84
93
38
29
-1
-77
-82
-80
-93
-130
-176
-107
-56
-80
-36
-23
41
72
-3
18
11
-1
-1
-37
-30
-47
-51
-85
-123
-42
-29
-70
-37
-3
9
41
91
163
170
144
187
201
190
165
158
126
71
71
75
47
15
58
74
16
12
68
57
66
94
38
47
45
37
86
53
42
62
29
-5
-49
-2
-34
-94
-42
-74
-79
-69
-72
-60
-91
-59
-11
-37
-32
-54
-103
-81
-80
-67
-80
-82
-48
-63
-35
-5
-25
-16
-2
-1
49
101
128
138
107
124
91
38
112
71
29
70
15
-26
-1
11
8
25
-19
-43
-19
13
24
-26
-34
-13
-14
-50
-47
-15
-22
-40
-113
-145
-142
-166
-130
-54
-84
-139
-130
-111
-56
-52
-74
-105
-142
-94
-61
-57
-55
-77
-56
-47
-49
-27
-12
-9
-27
-20
-13
-7
-18
-56
-70
-52
-47
-31
-45
-68
-31
-59
-92
-41
-23
-67
-37
39
25
-22
-29
-6
-7
-50
-100
-145
-113
-101
-106
-72
-97
-75
-65
-63
-40
-46
-10
11
1
11
11
-18
32
67
-6
-8
16
-3
-20
-36
-20
-13
-16
20
56
32
25
84
125
98
75
63
11
48
103
88
91
83
88
117
115
101
71
16
-6
-5
1
16
79
120
92
86
107
101
30
-1
-6
-43
-60
-53
20
24
-10
7
26
101
93
76
129
119
57
1
58
71
60
50
-8
120
123
23
59
40
-21
-49
-9
29
78
71
46
86
115
103
12
17
90
64
14
24
26
4
5
23
12
-18
9
-23
-56
-39
-30
13
9
14
44
57
69
14
-39
-52
-42
-3
-51
-132
-115
-117
-142
-74
10
25
-3
-6
59
86
22
-6
54
65
-36
-55
3
22
-31
-46
11
-21
-78
-64
-10
20
11
-9
2
58
105
61
24
26
-16
2
-6
-31
-57
-94
-70
-43
3
-66
-102
-25
-13
37
20
-30
-8
31
42
2
42
38
11
64
64
6
-50
-36
-38
-99
-94
-55
-31
-11
5
34
62
114
120
97
135
116
27
-9
-2
-5
-40
-97
-72
-37
-36
-41
-50
-28
-39
8
53
56
72
13
35
97
90
66
-4
30
103
21
-89
-105
-76
-97
-81
-25
-40
-73
-108
-49
-22
-97
-24
9
-2
83
86
73
71
84
83
44
5
-14
-17
-90
-45
1
-58
-40
-4
69
73
68
121
61
53
117
108
63
37
61
96
65
26
27
-28
-8
-6
-67
-100
-110
22
3
-103
-33
2
-6
-7
24
34
-74
-104
-56
-61
-85
-69
-48
-61
-50
-36
-34
-88
-91
-13
-58
-67
-19
-19
-83
-118
29
65
-67
-45
17
-53
-103
-112
-70
-42
-50
21
65
20
-8
55
92
79
61
65
96
51
43
108
91
20
11
41
30
-55
-50
24
-31
-58
-13
8
-7
12
103
44
-37
77
71
-59
-13
57
-13
-76
0
8
-84
-73
29
38
-97
-41
43
-53
6
93
79
53
18
48
54
7
38
52
-18
-25
-7
-61
-72
-45
13
37
-68
-57
35
52
24
-39
15
36
-23
39
54
-9
-13
-18
-39
-68
-113
-114
-139
-189
-116
-83
-145
-78
-23
-86
-81
21
56
-22
-62
-28
-71
-113
-81
-76
-74
-48
-46
-82
-70
-13
-28
-57
39
56
4
40
79
99
-1
-23
54
-17
-62
-16
-71
-109
-55
-19
-13
8
66
74
41
27
62
37
21
85
28
32
139
163
113
63
63
47
22
13
0
-13
-11
17
29
21
54
121
194
249
205
178
143
119
145
107
85
49
35
41
33
15
-1
4
-13
20
80
103
104
175
199
190
242
208
167
129
66
15
-16
-44
-69
-118
-162
-81
1
27
43
71
87
28
20
106
44
-27
39
43
13
1
39
36
8
6
-59
-81
-57
-35
-89
-134
-17
37
11
-6
19
68
3
25
20
-68
-39
-69
-65
-60
-138
-78
-46
-104
-42
-35
-104
-47
32
-7
1
51
69
90
76
97
48
-23
-42
-103
-145
-158
-184
-167
-151
-140
-69
-69
-44
17
-5
22
71
-7
-52
-59
-137
-80
-7
-90
-160
-152
-89
-121
-232
-186
-113
-106
-37
23
24
-54
38
184
53
29
70
-5
-20
28
-11
-96
-17
44
-8
21
108
170
120
27
129
131
38
92
107
105
99
94
64
26
24
-48
-95
-106
-170
-217
-198
-122
-126
-121
-77
-57
2
-2
-36
-23
-30
-91
-126
-170
-242
-182
-160
-260
-266
-248
-236
-208
-126
-66
-138
-154
-77
19
-20
-95
-8
56
20
-25
6
-11
-98
-101
-91
-77
-60
-19
44
-2
9
104
57
5
109
172
83
68
149
108
59
84
102
13
-36
28
-26
-120
-128
-73
-73
-68
15
63
105
129
150
173
158
209
243
180
176
161
121
104
92
176
167
68
96
195
204
175
253
253
259
350
341
342
330
237
177
189
223
233
202
163
211
267
244
212
217
220
246
223
95
57
65
77
22
-42
-12
-62
-150
-170
-176
-285
-396
-405
-397
-450
-537
-533
-487
-472
-445
-439
-463
-442
-401
-402
-438
-424
-362
-365
-409
-379
-354
-422
-416
-350
-309
-271
-264
-221
-167
-122
-39
-46
-7
68
-1
31
117
114
66
46
138
206
140
136
241
358
449
409
384
485
578
540
525
555
594
580
530
660
705
590
505
521
588
514
367
337
447
459
304
284
424
457
376
319
358
390
357
301
296
405
368
266
243
266
407
348
231
313
360
239
8
-92
-43
24
18
-173
-203
-43
-182
-608
-741
-442
-515
-931
-926
-563
-539
-1008
-1083
-733
-624
-848
-1009
-761
-594
-721
-855
-844
-665
-563
-692
-677
-318
-206
-461
-551
-408
-404
-649
-761
-470
-272
-444
-527
-372
-362
-557
-588
-467
-348
-370
-408
-261
-163
-242
-296
-197
-64
28
109
207
335
420
356
344
480
576
666
721
768
892
916
883
963
1024
999
1087
1139
1115
1155
1181
1161
1116
1195
1202
1097
1035
1100
1192
1059
952
957
923
882
984
1126
964
448
-101
-96
363
412
-172
-358
341
205
-1096
-1449
-473
-279
-1565
-1860
-443
-108
-1609
-2250
-1151
-637
-1588
-2179
-1328
-317
-539
-1361
-1322
-528
-383
-1007
-1127
-461
-113
-261
-307
-298
-180
19
-166
-638
-436
278
210
-480
-429
298
95
-816
-677
10
-123
-441
-113
118
-213
-273
-87
-281
-354
44
206
22
151
415
306
25
80
289
252
335
688
800
647
666
789
650
394
493
858
899
669
651
796
798
583
506
686
853
812
702
811
853
693
482
542
897
797
513
745
966
759
578
808
1077
796
163
-188
52
579
465
-286
-191
712
215
-1542
-1562
51
-167
-2142
-2020
95
95
-2096
-2563
-821
-378
-1914
-2462
-1119
-28
-617
-1619
-1365
-357
-273
-1124
-1207
-218
373
-157
-675
-238
118
-272
-567
-305
38
176
71
-383
-544
-104
-78
-793
-936
-6
393
-419
-731
15
202
-577
-773
16
348
-16
52
485
436
133
170
312
459
714
824
799
917
1085
923
687
884
1108
890
792
1264
1536
1056
673
892
1112
895
696
917
1119
1017
824
666
569
519
513
556
595
685
716
597
546
535
454
511
587
188
-537
-674
58
392
-352
-630
444
529
-1593
-2462
-463
496
-1622
-2876
-749
903
-1049
-3060
-1591
150
-1089
-2745
-1843
244
359
-1294
-1846
-519
328
-625
-1321
-374
705
444
-331
-242
504
478
-752
-1136
220
1025
105
-623
121
431
-1018
-1685
-155
484
-933
-1136
477
440
-1225
-1247
-111
-358
-1031
-297
626
449
-135
-366
-214
149
383
139
137
1033
1481
686
243
911
1096
321
230
1173
1721
1240
790
1003
1144
796
563
929
1303
1218
982
994
1117
876
375
231
671
1062
998
906
1102
1269
1048
640
698
931
231
-1191
-1622
-123
1116
176
-382
787
422
-2583
-4150
-1593
570
-1421
-3329
-1483
687
-1064
-3992
-3530
-1517
-1379
-2198
-915
1853
1764
-1345
-3026
-1574
561
959
559
1215
2190
2126
874
-230
-404
-743
-1465
-1194
760
2167
818
-1653
-3123
-3971
-4191
-2520
-254
143
-559
-600
-912
-2290
-2608
-1261
-154
720
2625
4147
2845
430
-612
-624
459
2485
3841
3470
2314
1488
537
-468
-606
-77
561
1307
1763
1306
16
-1394
-2176
-1512
401
1748
1876
1624
1080
207
-101
615
1419
1659
2130
3077
3281
2500
1850
1809
1957
2431
2970
2497
961
-1396
-3691
-3616
-905
712
-669
-2261
-2669
-3721
-5687
-5511
-2382
-723
-2004
-2020
496
1390
-1035
-3030
-1674
1623
3407
3359
3842
3994
1979
-670
-1186
524
1902
1685
965
673
156
-1559
-3839
-4919
-4066
-2327
-1621
-2240
-2450
-1947
-2705
-4610
-4460
-2225
-1259
-1080
632
2205
1598
384
-206
-322
963
3160
3896
3136
2946
2835
1287
-373
-168
840
579
495
1291
598
-1113
-2024
-2138
-1670
-665
223
326
219
279
250
118
169
1098
2295
2809
3047
3165
2686
1938
1926
2698
3151
2860
2547
2137
1432
1304
1541
1094
840
1487
1847
1156
-599
-3822
-6809
-6136
-2131
681
17
-1544
-2847
-5316
-7285
-5322
-880
1086
374
822
2725
2550
-587
-2460
-533
2623
4581
5625
5834
4060
306
-2999
-3416
-1417
309
402
-170
-806
-2105
-4574
-6945
-7245
-5445
-2908
-858
207
-115
-1780
-3383
-3978
-3316
-1110
1809
3255
2650
2435
2486
217
-1929
-581
2128
3071
2916
2997
1945
-540
-2328
-2431
-1463
-122
944
721
-407
-1013
-1641
-2317
-1641
24
1375
1995
1937
1552
1331
1015
689
1768
3728
4206
3364
3141
3177
1853
649
1755
3406
3280
2184
1443
817
34
-162
324
1201
1982
1881
853
-1352
-4478
-6417
-4897
-1179
682
641
488
-1604
-5598
-7045
-3934
-329
385
484
2386
3866
1766
-1879
-2468
-161
2074
3539
4977
5518
3339
-858
-3833
-3520
-1613
-672
-467
-275
-662
-2035
-4492
-6758
-6790
-4531
-2103
-900
-56
183
-1721
-4330
-4129
-1214
871
1660
2825
3222
1862
552
340
162
142
1501
3111
3309
2441
1040
-776
-2111
-1801
-269
977
1352
793
-749
-2093
-1883
-725
285
1402
2063
1590
1540
1854
1167
877
1969
2859
2946
3568
4521
3726
1538
550
1167
1719
2121
3164
3609
2036
-39
-594
-36
630
1208
1807
925
-2969
-7091
-6378
-1968
-298
-1620
-1417
-860
-3433
-6335
-4292
81
128
-2172
-366
4063
4380
550
-1508
-116
1760
2648
3603
4921
4416
1068
-2604
-3443
-1786
-662
-1251
-2258
-2382
-2174
-3518
-5874
-6480
-5124
-3881
-2979
-1312
35
-606
-2561
-3480
-2156
118
1831
2672
2450
1652
1213
915
497
619
1337
1719
1799
2040
1720
337
-1321
-2016
-1468
-340
706
994
385
-627
-1160
-725
193
924
1354
2285
3310
2954
2261
2459
2583
2547
3121
4063
4426
3877
3151
2617
2144
1777
1831
2311
2486
2174
1594
1215
1166
649
-132
-1077
-3458
-6338
-5699
-1567
211
-1628
-2748
-2871
-4799
-6769
-4354
605
1880
-488
-729
2103
2820
25
-1501
444
2930
3724
3738
3858
2722
-313
-3191
-3491
-1855
-712
-1020
-2403
-3494
-3601
-4255
-6148
-6690
-4731
-2665
-1683
-1315
-1113
-1243
-2096
-2305
-702
1299
2015
1863
1778
1544
1342
1350
908
440
826
1554
1704
1307
645
-198
-829
-868
-520
-330
-265
-134
-162
-178
43
418
723
1014
1532
2061
2342
2483
2544
2755
3389
3920
3845
3412
2968
2634
2547
2507
2476
2723
2685
2161
1979
1967
1483
797
291
251
138
-2199
-6332
-6956
-2951
-336
-1363
-2193
-1939
-3960
-7317
-6445
-1133
2173
580
-786
1565
3380
1213
-1428
-263
2727
3658
3238
3496
3600
1608
-2143
-4596
-3936
-1844
-1029
-2177
-3600
-3867
-4284
-6200
-7220
-5331
-2898
-2414
-2603
-1239
271
-711
-2698
-2093
517
1592
1641
2611
2683
940
-374
-205
433
805
891
772
714
569
170
-507
-1178
-1181
-631
13
611
1045
798
354
750
1206
1159
1754
2812
3126
3240
3704
3821
3698
3913
4091
3789
3347
3299
3753
3930
3128
2360
2442
2531
2064
1807
2416
2226
674
-391
-2182
-6024
-7775
-4200
-311
-741
-2005
-1577
-3390
-8232
-8847
-2614
2191
860
-675
1976
4214
1622
-2100
-1553
1967
3628
3212
3595
4217
2137
-2289
-5322
-4952
-2652
-1066
-1538
-2988
-3526
-3749
-5646
-7512
-6391
-3626
-1992
-1806
-1391
288
1135
-437
-1630
57
2046
1807
1141
1893
2844
1939
-111
-795
36
497
17
-162
547
887
-69
-1156
-1296
-1082
-836
-178
690
1298
1838
2013
1518
1469
2068
2312
2566
3462
4162
4193
4089
3918
3716
3487
3141
3343
4062
4094
3334
2922
3179
3283
2693
1891
1455
1224
731
-909
-4513
-7035
-5063
-1706
-1178
-1830
-1117
-1885
-6384
-8867
-4332
1296
805
-1669
673
4321
3103
-925
-1455
1568
2890
1825
2033
3642
2901
-1078
-4706
-5354
-4111
-3459
-3930
-4039
-3337
-3450
-5441
-7285
-6596
-4366
-2923
-2406
-1512
-7
515
-438
-900
149
1199
1297
1299
1564
1875
1859
546
-1222
-1320
-216
-143
-856
-521
15
-526
-1114
-1005
-841
-710
-270
273
966
1876
2388
2337
2507
2681
2053
2211
4068
5181
4612
4417
4818
4053
2724
2918
4253
4622
4010
3806
3843
3537
3153
3069
2907
1442
-229
-90
-824
-4977
-7405
-4153
-719
-1686
-3045
-1253
-1197
-6463
-8937
-2829
2773
719
-1957
1260
4927
2810
-1654
-1763
1820
3219
1629
1344
2941
2164
-2239
-6006
-6266
-4476
-3149
-3756
-4979
-4494
-3642
-5061
-6805
-5795
-3168
-1965
-2567
-1920
1261
2990
624
-1203
888
2410
991
311
1930
3080
1780
-356
-1008
-299
-139
-1165
-1739
-530
824
4
-1530
-1377
-723
-805
-374
940
1861
2061
2143
2530
3229
3244
2217
2111
3545
4544
4876
5628
5763
4040
2241
2427
3925
4896
4518
3815
4069
4425
4142
3652
2037
-330
-1703
-4062
-7333
-5279
665
1449
-2858
-4459
-2350
-3437
-8211
-7283
842
4838
578
-1618
3230
6049
1356
-3188
-848
3583
4124
2408
2213
2438
-738
-5842
-8004
-6765
-4771
-3780
-4523
-5765
-5021
-4219
-6301
-8360
-6712
-2931
-1334
-1884
227
4499
3833
-1171
-2268
630
1322
480
1961
4031
3245
321
-1680
-1742
-1515
-2013
-2267
-714
1772
2199
45
-2116
-2721
-2793
-2002
1039
4157
4364
2906
2458
2767
2967
2862
2524
3221
4784
5699
5861
5823
4746
2751
1830
2578
4267
5666
5783
5100
4972
5086
3121
-60
-1212
-1942
-6300
-9285
-3463
3879
2284
-3492
-3940
-2490
-7248
-11550
-4572
5812
5895
219
1136
5764
4080
-2084
-3255
1745
4982
3631
2324
3136
1838
-3754
-8820
-9914
-8396
-5701
-3748
-4774
-6474
-5601
-5427
-8616
-10145
-6028
-876
-154
-869
1568
4397
2898
-1271
-2167
495
2004
1502
1692
3230
3034
-486
-3875
-3522
-1490
-1513
-1872
-18
2038
1521
-550
-1588
-1742
-1702
-747
1472
3807
4960
4548
3329
3016
3236
2914
3360
4844
5514
5318
5642
5745
4661
3428
2862
3350
4491
5340
5802
6234
6081
3484
-141
-1945
-4419
-8556
-7734
-746
3435
897
-1725
-1070
-3457
-10034
-9862
97
6160
2563
607
5877
8533
2509
-3283
-1098
3220
3046
1498
3316
5577
2110
-5248
-9802
-10457
-9765
-7983
-5979
-5408
-4924
-4506
-6689
-9936
-9589
-5448
-2416
-2130
-241
4217
5541
1687
-1664
-1135
-211
-510
442
2855
4024
2164
-1343
-3390
-2986
-2919
-4251
-3616
-391
1722
1037
-149
-439
-1297
-2164
-674
2572
4721
5031
5003
5288
5221
4001
3069
4304
5611
5091
5039
6968
7599
4783
2559
3407
4512
4699
5089
6276
6625
3414
-421
-1014
-3714
-9803
-8601
-70
3183
-300
-1526
385
-2475
-9756
-9566
274
6144
2512
807
6647
9308
3066
-2104
-36
2709
1860
718
2296
4428
1884
-4681
-9213
-10327
-10167
-9048
-7631
-6907
-5886
-5108
-6812
-9441
-9077
-5802
-3736
-3202
-423
3963
4960
1687
-859
-547
-122
-610
-432
1148
2338
1225
-1465
-2893
-2429
-3042
-4546
-3864
-1295
183
-615
-1565
-1131
-830
-1387
-319
2585
4011
3817
4470
5751
5768
4915
5106
6122
6396
5828
5592
6477
7088
6088
5039
5139
5659
5891
5983
5922
5059
2717
258
-2022
-6657
-9256
-4055
2185
1471
-1956
-1344
-182
-4748
-9109
-4131
4482
5059
876
3087
9406
8536
1327
-849
2736
3828
1812
1218
2696
2779
-1087
-6016
-8604
-9256
-9168
-8786
-8776
-8480
-6720
-5704
-7611
-9429
-7486
-4165
-3978
-4393
-599
3983
3593
247
-833
4
-266
-1077
-385
1114
1407
-281
-2258
-2467
-2487
-4104
-5075
-3296
-658
-165
-1572
-2088
-1310
-1620
-2395
-508
2742
3977
3654
4220
5526
5289
3952
4234
6081
7001
6649
6881
7802
7430
5771
5380
6659
7681
7736
7262
5855
3123
218
-3283
-7354
-7415
-2072
2219
1242
-1156
-1307
-2196
-6465
-8253
-2053
5255
5027
2351
5003
9066
7331
2035
910
4271
5491
2903
1904
3994
3452
-1853
-6877
-8504
-8783
-9059
-8873
-8619
-7963
-7047
-7422
-9029
-9385
-7277
-5094
-4390
-3236
-307
2299
2267
162
-1252
-715
-167
-396
15
858
560
-1279
-3194
-3573
-3110
-3533
-4413
-4020
-2424
-1655
-2240
-2480
-2197
-2348
-1947
-355
1385
2708
3353
3575
4297
4674
4068
4535
6145
6460
5953
6558
7226
6629
5625
5705
6523
7039
7253
7360
6027
2964
-311
-4405
-8036
-6611
-578
3269
2240
296
-513
-3121
-6908
-5965
617
5241
4036
3316
7181
9687
6092
2049
2803
4610
3220
1508
3241
5453
3179
-1611
-4780
-6921
-9098
-9787
-8960
-7911
-7027
-6675
-6814
-7412
-7982
-7262
-5477
-4526
-3655
-517
2332
1378
-727
-684
-328
-1294
-1527
-217
1087
610
-1657
-3038
-2944
-3699
-5166
-5051
-3428
-2242
-2476
-3574
-3761
-2624
-1995
-2144
-1045
1264
2317
2206
2941
4149
4157
3564
4127
5529
6243
6250
6734
7277
6980
6066
5721
6869
7732
7490
7331
6697
3712
-1627
-7474
-9463
-5261
-14
2289
2976
2764
-465
-6297
-8442
-3157
3071
3781
2991
6532
10996
10003
5206
3970
5793
4571
1390
1384
4957
6351
2498
-2293
-4348
-6016
-8622
-9610
-8549
-7665
-7632
-7920
-8323
-8182
-6605
-4894
-4664
-4543
-2777
-75
1113
598
665
1569
1360
75
-462
-1
138
-903
-2299
-2195
-1480
-2327
-4030
-4693
-4213
-4040
-4404
-4122
-3380
-3057
-2806
-2160
-1445
-521
582
1431
2553
4099
4849
4450
4583
4853
4047
3875
5388
6738
7124
7224
7250
7133
6459
6155
6797
6626
3459
-2636
-8816
-9536
-4773
-1030
695
2680
2622
-2654
-8939
-8396
-1659
2157
473
978
6944
10882
8462
5458
6839
7814
4286
676
2087
6592
7061
2754
-835
-2214
-4761
-8087
-9268
-8571
-7637
-7827
-9385
-9848
-7564
-5127
-5330
-5854
-4407
-2778
-1960
-961
835
2708
3113
2057
1559
1812
1560
428
-1069
-1498
-597
-109
-749
-1752
-2895
-4084
-4904
-5257
-4774
-3796
-3108
-2803
-2339
-1354
-498
-281
-265
491
2217
4102
5267
5758
5746
4934
3974
4014
5093
6122
6473
6798
7368
7078
6200
6631
8242
7885
2064
-6819
-10556
-6933
-3109
-1772
1340
5072
2151
-6610
-10105
-4018
1198
-1879
-4530
1353
8852
8804
5353
6315
8898
6669
1284
-489
3327
6696
5250
2063
918
196
-2432
-6094
-8768
-8581
-7267
-8726
-11615
-10469
-5682
-3668
-5644
-6675
-5334
-4150
-4414
-3862
-446
3189
3380
1691
1898
3158
2196
-699
-2089
-662
1165
1385
662
583
453
-1526
-4312
-5214
-4139
-3571
-3784
-2874
-835
475
-178
-1655
-1540
-49
1134
2473
4603
5494
4314
3627
4397
5150
5218
5142
5681
6451
6653
6486
6645
7144
7466
7908
6542
162
-7426
-7963
-4115
-3787
-3759
1046
5028
320
-7640
-7365
-1295
-1443
-7359
-6728
2132
7440
4936
2866
6041
8222
4607
-907
-1086
4050
6048
3033
1285
2764
2750
-1002
-5405
-6772
-5869
-6698
-9724
-10603
-7685
-5050
-5808
-7208
-6709
-5204
-4495
-4957
-4052
-1039
1065
1431
1697
2088
2090
1116
-647
-1041
935
2449
1771
1323
2086
1571
-611
-2072
-2601
-2942
-2622
-1831
-974
-527
-1101
-1995
-1964
-1175
-121
1188
2370
2840
2772
2966
3615
3994
3935
3962
4491
5451
6160
6197
6074
5756
5116
5153
6280
8467
9749
5817
-2405
-6518
-4667
-3736
-3992
-519
4274
2915
-3747
-6949
-3901
-1736
-5093
-7645
-3192
2568
2574
695
2858
5890
4422
-95
-1476
1938
4334
2636
779
1546
2130
573
-1605
-2544
-2355
-3140
-6292
-9517
-9148
-7089
-6839
-6657
-5140
-3689
-3411
-3815
-3577
-2277
-1804
-2525
-2092
-663
391
1149
1475
1313
1235
1208
632
186
802
1428
1290
1043
1125
1019
471
-220
-770
-885
-1181
-1837
-1741
-604
992
2205
2570
2441
2107
1641
1400
1836
2777
3605
4227
5104
5601
4779
3590
3154
3441
4253
5314
6608
7703
7681
7064
6135
3135
-1534
-3732
-3279
-2814
-2086
395
2728
998
-3312
-4812
-3178
-3235
-5654
-5796
-2885
-1274
-2198
-2061
356
2310
1995
-69
-1003
-419
-607
-1441
-1291
-86
849
760
-188
-1076
-1535
-3164
-6161
-8070
-7541
-6052
-4615
-2753
-1070
-666
-1699
-3138
-3819
-3841
-3975
-3682
-2178
-232
941
823
86
-109
70
-331
-299
965
1610
1146
1349
2266
2249
1128
-24
-576
-404
-124
250
1576
2689
2072
914
1077
1845
1862
1436
1337
1934
2322
1555
973
1903
3098
3207
2947
3106
3444
3653
3738
3780
3874
3778
3481
3641
4620
5783
5829
4019
1036
-1756
-3971
-4831
-3699
-1393
674
1388
631
-689
-1804
-3060
-4614
-5499
-4931
-3782
-2932
-1915
-386
851
988
101
-937
-1290
-1121
-1422
-2096
-2027
-1168
-1093
-2280
-2691
-1844
-1499
-2352
-3277
-3030
-2618
-3015
-3009
-1687
-340
-656
-1733
-1970
-1656
-1844
-2207
-1799
-1104
-1120
-1514
-933
377
988
886
783
607
306
276
742
1646
2245
2071
1850
1964
2127
2064
1761
1421
1077
872
978
1456
1932
2136
2110
2043
1931
1558
1267
1482
2098
2629
2752
2819
3112
3215
2956
2629
2305
1937
1925
2182
2231
2143
2025
1667
960
624
1448
2594
2034
573
-38
-493
-1571
-2618
-2384
-1716
-2216
-2684
-1842
-1032
-1562
-2572
-2754
-3199
-3968
-3569
-2397
-1680
-1593
-1562
-1356
-1486
-1974
-1716
-1231
-1552
-2154
-2002
-1067
-235
100
-136
-587
-994
-1045
-900
-986
-1041
-881
-735
-1053
-1404
-1098
-756
-916
-934
-681
-639
-837
-951
-763
-221
480
1059
1404
1493
1400
1098
747
534
952
1605
1579
1262
1375
1854
1831
1489
1363
1005
482
426
1013
1924
2333
2188
1980
1685
1478
1535
1653
1354
1172
1424
1325
920
796
1087
988
517
492
894
1027
325
-420
-507
-459
-650
-556
153
673
412
-76
-316
-650
-1001
-915
-840
-924
-791
-785
-1316
-1967
-2056
-1715
-1581
-1724
-1561
-1073
-887
-1275
-1602
-1079
-439
-801
-1682
-1778
-1127
-899
-1203
-1185
-628
-87
-227
-1051
-1253
-404
47
-568
-1055
-568
-132
-387
-446
274
685
10
-563
-669
-789
-832
-702
-224
231
453
817
1082
1207
1031
623
503
410
511
672
972
1766
2383
2295
1707
1221
1153
956
251
6
596
1337
1560
1290
1166
1229
671
-517
-832
91
997
1027
433
192
476
230
-553
-670
-218
-262
-330
-68
350
650
547
52
-679
-890
-699
-586
-749
-682
-343
-194
-190
-522
-751
-825
-1231
-1535
-1342
-739
-241
-370
-571
-550
-743
-914
-607
-383
-419
-210
148
489
748
950
737
187
-303
-676
-526
88
510
648
668
474
183
-86
-404
-743
-1082
-1433
-1196
-237
1027
1581
1210
1033
849
312
-307
-267
328
742
893
1077
1502
1432
1236
907
408
74
-273
75
613
1018
1110
788
252
-487
-828
-688
-362
-183
-45
53
227
304
76
-119
-330
-516
-502
-137
274
728
765
316
93
-279
-133
259
-1
-267
-431
-334
-485
-865
-588
-347
-373
-799
-1198
-1204
-1155
-1376
-1435
-899
-461
-226
-519
-706
-819
-872
-583
-260
237
762
1173
1074
588
-20
-558
-833
-977
-778
-317
91
476
632
302
-165
-622
-1149
-890
-411
-165
258
508
534
75
-241
227
389
230
260
376
683
757
894
1092
876
489
320
349
459
586
629
812
682
118
-135
147
349
185
150
113
-38
150
365
392
558
776
319
-132
361
635
168
-40
81
104
211
746
1055
767
646
179
-480
-396
66
477
337
1
55
-277
-483
-454
-796
-1069
-947
-824
-843
-568
-137
45
-50
-134
-272
-377
-285
-238
-272
-195
-63
-349
-679
-357
-247
-287
-547
-988
-960
-816
-624
-702
-558
-144
143
-2
-434
-244
198
251
-143
-69
401
443
185
12
246
226
-153
-233
4
359
514
267
515
722
353
-23
-683
-861
-789
-512
51
346
510
728
581
-202
-435
-98
66
229
417
411
410
465
396
425
378
147
273
383
541
690
628
744
527
223
2
24
56
14
-9
-124
206
342
332
579
329
-314
-777
-855
-595
191
563
305
315
191
168
-119
-480
-379
-515
-764
-626
-497
-229
-292
-604
-730
-1305
-1471
-1061
-429
-77
-23
16
-210
-357
-561
-683
-380
-43
328
708
603
294
292
181
-173
-406
-103
284
-35
188
635
279
543
49
-74
58
-485
-220
-617
-177
95
3
409
439
603
547
190
-16
-289
-84
331
377
714
811
1143
725
498
371
-174
232
106
-93
284
888
1190
744
394
408
-39
-753
-615
-293
163
640
604
705
533
179
-229
-318
-189
-22
282
297
-35
73
112
-117
-170
-876
-694
-732
-1090
-544
-221
-490
-695
-1423
-1646
-925
-750
-269
-646
-369
-538
-741
-589
-1177
-453
68
170
-161
-222
97
51
-493
-595
-175
-140
-81
139
745
839
422
68
88
378
195
-173
7
208
86
71
182
792
1020
822
944
1006
1000
567
515
465
143
308
671
978
766
747
523
282
204
-61
172
120
105
550
649
785
460
229
711
363
236
469
865
1157
604
253
181
420
464
172
102
532
281
-95
-46
-196
17
-213
-441
-567
-492
-460
-821
-535
-544
-682
-592
-878
-648
-550
-788
-752
-1033
-1144
-1293
-1474
-1002
-728
-574
-351
-449
-483
-779
-795
-610
-865
-355
-284
-450
-555
-732
16
-377
-858
-685
-791
-315
-418
-409
101
101
239
-305
-11
558
100
848
629
624
1054
239
371
416
500
486
346
135
677
532
-229
91
-235
289
94
-90
442
-11
-31
138
133
793
836
413
429
594
985
810
823
843
1016
987
450
624
632
-91
-565
-428
-285
-430
-448
-12
444
469
-237
-371
-323
-253
-593
-1090
-598
-758
-244
-394
-385
-38
-397
-560
-1013
-749
-763
-760
-1098
-921
-130
-404
-342
-351
-171
134
-664
-449
-335
-261
251
-288
-240
-455
-570
-588
-543
-493
-533
-2
-226
-143
309
345
427
526
773
877
834
900
634
818
796
623
818
926
880
688
778
545
291
393
308
501
810
484
326
374
499
422
640
921
762
838
664
645
804
915
982
757
559
560
646
483
43
37
-283
-563
-601
-437
171
-58
-121
-196
-165
-68
-701
-577
-347
-692
-796
-570
-519
-415
-571
-1388
-1678
-1167
-786
-715
-286
-522
-480
-914
-1243
-559
-108
112
-627
-564
-157
-3
-322
-175
-348
-769
-446
-711
-592
-458
-540
-655
-757
-673
-295
-418
-194
58
-48
-119
-105
395
424
801
877
847
798
754
606
341
470
476
545
683
717
1008
974
674
445
35
487
339
823
1207
923
1322
934
976
757
484
731
696
652
354
451
647
506
58
-15
37
-150
-64
-245
-66
-207
-360
38
-425
-347
-170
-408
-547
-936
-269
-216
-873
-693
-610
-737
-785
-993
-760
-730
-976
-936
-724
-146
-268
-274
-326
-617
-184
-365
-605
-141
-452
-128
-370
-800
172
-265
-485
-516
-642
-206
-477
-228
128
-270
-335
-290
-187
-41
103
26
77
183
17
306
168
287
86
-263
304
234
648
1129
457
981
701
-7
791
399
440
799
703
982
868
1147
1109
699
658
433
586
394
-78
312
156
206
421
-77
634
135
-265
243
-542
447
337
-168
720
18
281
43
-514
-280
-554
-304
-558
-828
-417
-554
-473
-632
-1030
-605
-1022
-1108
-733
-257
-184
-538
-436
-485
-425
-418
-744
-439
204
-535
-628
-163
-179
-80
-596
-513
-22
-353
-134
55
-12
397
-276
-70
657
111
369
466
369
508
294
188
256
-14
186
169
-267
477
-1
493
724
129
769
281
112
690
974
872
1044
928
722
1000
622
385
326
435
702
341
548
189
-28
105
-440
-202
236
-246
-184
237
-114
121
26
166
-8
-671
-315
-75
8
-1
-269
217
-135
-811
-354
-531
-439
-661
-780
-451
-527
-516
-842
-407
-55
-518
-256
-659
-968
-601
-939
-778
-788
-471
-309
-639
-296
-714
-754
-461
-612
-425
-105
197
-19
-180
-132
-435
-78
95
52
528
511
415
170
-214
108
51
-159
-216
-140
305
377
546
174
271
564
115
-14
234
465
623
798
721
713
419
487
512
474
709
420
464
518
398
395
257
320
703
322
275
611
664
804
124
185
144
204
142
-210
226
222
400
261
176
247
-72
-31
7
-267
-119
-88
92
132
133
19
-253
45
-316
-413
-190
-152
-296
-352
-346
-237
-151
-454
-673
-845
-786
-617
-505
-579
-343
-164
-59
-281
-235
-87
-447
-218
-491
107
452
19
308
-83
-172
-395
-480
-281
-238
57
112
408
391
20
-273
-357
-84
-357
-64
688
682
728
523
259
-29
-61
-57
-281
-14
-156
-270
90
-114
-155
193
-9
-64
55
-33
275
647
519
277
468
269
102
267
47
99
-206
-62
-171
-268
404
-100
185
-51
-437
61
-179
-144
145
155
224
298
238
102
-73
100
-328
-369
-326
-287
-149
-121
-140
-304
-520
-509
-203
-509
-173
-399
-25
46
-312
256
-114
279
242
-97
164
57
254
123
-242
178
-177
-422
-93
-318
125
-54
-197
-35
115
99
-340
-7
-180
-141
140
-5
438
392
-303
-92
-147
-341
-210
-316
66
-114
-384
-407
-333
-144
-236
-390
-40
120
-76
104
407
649
220
-87
60
215
361
99
-234
47
-3
84
256
2
184
220
-241
-259
208
352
418
81
289
511
318
550
246
523
546
-108
158
71
-103
191
-149
-262
134
182
-76
-263
-32
76
137
-96
-288
408
355
181
487
339
356
146
-154
196
345
143
76
67
245
-39
-126
-28
-293
-75
-124
-40
74
-19
-45
-42
-90
-215
-184
-337
-270
-511
-666
-357
-193
-187
-232
-379
-711
-438
-420
-538
-86
-346
-261
-30
-225
89
319
-48
-146
-39
-221
-369
-224
5
-221
-175
-231
122
290
-123
-169
-63
128
-200
61
332
205
535
363
402
493
302
335
252
247
366
635
247
131
138
136
291
-100
327
356
35
181
333
363
382
68
28
85
402
344
314
753
239
572
412
194
216
302
465
35
123
283
231
183
151
96
327
-86
-240
44
-78
181
-225
-546
-156
-603
-517
-592
-863
-347
-792
-701
-637
-832
-447
-797
-685
-449
-629
-242
-294
-496
-2
-225
-91
-110
-531
-323
-598
-501
-499
-340
-369
-544
-358
-342
-342
-253
-181
-436
-277
-123
-32
-52
324
153
-25
293
-22
391
216
164
356
221
421
332
339
461
288
197
30
62
274
227
479
387
623
566
422
473
301
554
434
325
474
494
254
394
468
515
577
351
555
571
489
291
252
507
209
119
190
72
275
77
-100
27
-79
-130
-470
-585
-436
-432
-458
-749
-619
-500
-621
-477
-570
-441
-258
-308
-294
-330
-331
-364
-185
-107
-153
-37
-38
-153
-224
-181
-376
-479
-335
-279
-132
-73
-17
47
-152
-119
-35
-103
107
106
108
170
161
380
402
617
471
202
268
188
306
294
308
325
297
191
246
295
152
225
134
151
183
141
285
291
339
369
145
125
258
321
308
382
341
202
289
370
508
417
242
95
53
127
135
211
88
66
-86
-213
-205
-413
-556
-517
-355
-523
-545
-384
-579
-668
-583
-579
-674
-614
-597
-633
-481
-466
-460
-469
-534
-530
-501
-406
-347
-441
-492
-341
-277
-394
-383
-314
-310
-341
-285
-263
-266
-221
-259
-44
30
31
112
-18
137
215
277
488
404
441
520
619
570
391
521
563
654
670
594
685
494
297
359
415
442
474
331
251
366
345
362
427
401
349
300
232
223
337
417
276
255
285
91
115
79
30
61
37
20
-92
-234
-263
-155
-331
-477
-382
-401
-418
-477
-463
-355
-477
-583
-606
-608
-453
-437
-405
-312
-401
-477
-502
-348
-87
-40
-170
-140
-89
-159
-150
-219
-267
-286
-361
-250
-147
-103
-75
-119
-98
-140
-113
-56
-21
28
76
154
124
214
318
277
239
241
243
292
367
396
428
386
384
465
599
584
411
521
402
255
427
329
257
285
190
220
343
286
277
266
273
441
408
343
375
217
215
290
202
209
178
136
64
31
-18
-138
-167
-178
-191
-199
-146
-222
-377
-354
-363
-468
-439
-445
-392
-240
-209
-163
-280
-405
-444
-518
-399
-248
-254
-315
-189
-12
-5
-66
-175
-276
-289
-175
-165
-62
120
58
-2
-31
28
-11
-118
-147
-218
-69
24
-1
166
229
209
203
68
48
94
122
239
276
318
304
275
322
296
283
255
299
404
335
215
297
250
99
110
46
-29
49
132
37
129
233
117
52
-96
-135
-84
-61
-2
-72
-87
-57
-122
-150
-184
-296
-452
-575
-616
-561
-464
-390
-387
-403
-451
-535
-646
-645
-588
-612
-523
-462
-447
-482
-468
-430
-398
-462
-576
-466
-432
-331
-182
-170
-207
-240
-275
-270
-232
-191
-139
-145
20
204
273
314
243
197
219
186
187
303
339
332
320
372
502
504
459
394
467
609
665
700
713
709
640
725
829
813
864
862
786
742
687
645
489
413
523
401
436
528
369
329
302
244
152
75
77
11
-19
-6
-53
-160
-210
-164
-152
-158
-175
-279
-368
-316
-266
-373
-501
-554
-625
-616
-586
-614
-517
-456
-519
-531
-550
-567
-557
-567
-551
-548
-632
-592
-461
-442
-472
-467
-404
-483
-533
-449
-457
-350
-183
-211
-204
-79
1
24
67
127
58
63
178
319
365
356
431
300
266
268
294
390
372
473
438
467
609
563
483
486
522
578
640
630
603
587
642
702
631
527
411
320
350
386
344
295
260
264
202
166
192
81
65
115
182
185
70
5
-122
-143
-172
-326
-327
-269
-277
-302
-399
-432
-429
-534
-547
-498
-506
-504
-425
-367
-419
-434
-415
-408
-411
-491
-612
-618
-570
-562
-547
-601
-555
-533
-618
-505
-409
-445
-440
-373
-320
-303
-234
-215
-166
-53
-32
10
12
12
117
59
22
185
124
29
176
282
279
362
403
385
413
348
420
524
520
551
493
515
630
633
569
519
498
484
431
419
516
525
509
528
472
438
393
315
240
164
189
193
192
251
175
105
63
-28
-119
-99
24
-5
-80
-129
-200
-236
-238
-281
-373
-410
-432
-427
-448
-393
-330
-447
-454
-465
-524
-506
-469
-382
-449
-488
-424
-426
-409
-339
-298
-336
-333
-359
-389
-379
-322
-231
-194
-178
-116
-23
-42
7
58
50
90
133
187
174
202
162
119
153
190
251
301
277
227
257
258
254
271
299
389
471
444
437
485
480
501
504
530
542
440
373
355
358
328
341
407
313
285
309
227
252
199
222
347
246
196
263
178
82
48
-41
-93
-95
-122
-196
-211
-206
-238
-247
-332
-369
-406
-498
-457
-443
-377
-346
-436
-383
-336
-395
-436
-428
-377
-459
-486
-463
-411
-324
-422
-334
-209
-316
-309
-201
-277
-208
-118
-148
-16
4
19
40
30
61
35
-40
-28
76
41
-19
21
141
197
208
184
156
211
105
118
160
128
256
285
278
213
176
229
176
134
118
172
161
175
201
141
174
124
60
-19
-57
42
71
51
-36
-68
12
28
45
10
-19
6
-19
-74
-106
-89
-155
-176
-153
-133
-123
-124
-85
-110
-63
-134
-175
-93
-127
-70
-67
-85
-85
-159
-131
-87
-54
-77
-90
-71
-79
-11
-12
-52
-14
21
-3
-27
-11
10
65
89
69
62
70
53
66
78
5
17
37
48
143
95
38
137
200
162
186
224
175
191
217
307
378
294
314
337
303
249
233
278
138
137
248
211
212
177
96
123
128
71
56
57
75
57
21
23
28
7
-4
-79
-131
-163
-216
-135
-90
-89
-151
-203
-276
-307
-218
-252
-259
-243
-248
-236
-277
-310
-292
-294
-338
-303
-273
-320
-310
-261
-303
-298
-250
-300
-253
-185
-156
-84
-90
-65
-50
-98
-48
13
-32
-48
37
67
22
37
113
140
173
144
83
53
79
164
139
173
216
172
207
170
117
162
138
144
158
181
222
192
208
182
148
141
59
-8
53
72
50
121
102
10
-16
22
40
-6
10
85
33
-90
-135
-42
14
-71
-101
-106
-86
-97
-76
-17
-70
-75
-134
-161
-122
-152
-142
-116
-120
-182
-173
-133
-147
-147
-160
-138
-163
-158
-97
-109
-139
-119
-144
-243
-194
-133
-137
-128
-155
-116
-42
-65
-61
35
0
-8
11
34
85
29
80
163
94
61
81
5
25
136
162
90
112
95
46
172
205
267
301
240
182
183
194
167
250
268
268
310
280
205
172
210
169
52
69
52
-31
12
19
41
57
70
125
23
-102
-107
-57
19
35
36
42
5
-26
-24
-45
-90
-87
-107
-125
-130
-147
-147
-125
-49
-53
-177
-266
-173
-141
-151
-106
-148
-114
-68
-110
-132
-86
-130
-65
-17
-75
54
95
158
158
132
161
23
24
65
76
192
294
334
276
241
265
184
160
231
206
223
315
243
173
227
215
174
184
241
241
171
67
84
171
96
80
120
91
-12
-42
62
11
-107
-167
-210
-182
-193
-285
-309
-257
-256
-324
-345
-263
-223
-227
-217
-262
-292
-208
-164
-179
-70
-83
-213
-205
-243
-249
-121
-124
-171
-213
-248
-178
-94
-134
-199
-165
-207
-133
-77
-138
-52
-27
-68
-85
-109
-86
-65
-74
-32
-8
-52
-75
-23
-68
-96
15
-7
23
62
86
115
45
126
101
14
26
-7
54
82
69
85
54
5
-30
-28
-20
-37
-36
27
56
60
111
98
38
59
165
171
45
2
12
49
82
44
56
10
-18
-11
-52
-5
23
9
-6
45
70
-8
-14
2
-59
-112
-79
3
55
61
78
104
84
56
94
58
14
88
120
111
108
106
91
70
66
4
-48
-83
-135
-86
-10
-44
-61
-5
-4
30
74
17
-21
-19
2
95
100
79
173
144
107
147
159
163
159
128
65
155
199
176
150
46
145
180
69
42
21
74
31
-3
24
-20
39
31
48
69
-21
-4
-5
46
85
62
47
0
42
23
6
-21
-108
-117
-76
1
6
-63
-104
-61
-58
-154
-136
-92
-121
-107
-161
-169
-119
-111
-23
-48
-128
-51
-25
-52
-39
-66
-123
-70
57
72
12
-24
0
28
24
-29
-53
9
-6
-32
-34
-22
46
50
4
-21
58
104
23
9
13
57
65
7
62
99
135
184
205
201
139
124
131
124
88
93
133
71
68
81
-2
5
85
56
-38
-118
-150
-120
-148
-130
-113
-130
-126
-199
-191
-199
-196
-163
-180
-142
-119
-74
-120
-111
-32
-108
-124
-115
-137
-143
-161
-144
-165
-210
-223
-220
-201
-196
-197
-150
-84
-115
-131
-65
-3
48
41
-4
-43
22
63
-4
36
122
144
158
168
167
164
160
165
186
170
193
236
174
170
209
198
196
193
189
113
62
126
109
104
165
144
136
129
115
89
102
123
124
161
83
130
190
85
59
11
-2
38
-7
-50
-29
-48
-57
-14
-42
-82
-87
-86
-56
44
78
-14
-84
-56
-41
-69
-49
-92
-117
-99
-102
-90
-87
-83
-149
-162
-83
-79
-112
-118
-140
-152
-178
-223
-200
-189
-203
-235
-227
-136
-106
-111
-167
-263
-213
-35
-12
-74
-62
-105
-65
11
32
62
64
128
78
22
84
58
70
122
149
166
152
162
179
173
116
65
72
116
147
184
230
182
146
167
166
104
114
157
93
114
124
93
84
88
120
47
19
47
31
48
-3
-63
-47
-34
-105
-147
-121
-170
-213
-232
-253
-232
-189
-197
-211
-199
-282
-325
-247
-213
-213
-165
-169
-240
-267
-229
-249
-303
-270
-244
-202
-184
-201
-150
-135
-141
-124
-93
-114
-170
-118
-62
-43
40
82
50
37
44
44
122
272
229
120
167
239
339
327
261
336
405
392
349
352
345
288
320
367
330
342
341
330
376
309
268
249
237
280
236
268
290
228
218
210
179
149
155
114
56
51
-9
-57
-63
-97
-72
-28
-55
-51
-98
-130
-92
-169
-140
-97
-187
-200
-168
-144
-190
-239
-262
-309
-302
-301
-242
-161
-218
-262
-267
-246
-276
-300
-190
-199
-217
-180
-186
-153
-168
-165
-142
-150
-167
-155
-76
4
4
-38
-69
-81
-27
68
124
129
157
153
126
222
281
196
217
229
179
217
196
259
303
214
251
302
232
201
252
278
247
205
261
311
286
276
229
158
136
157
103
38
37
60
142
162
67
49
55
-39
-76
-125
-166
-84
-82
-129
-122
-106
-119
-188
-246
-261
-280
-322
-344
-315
-279
-282
-272
-293
-313
-288
-304
-262
-271
-300
-261
-260
-239
-252
-265
-272
-281
-260
-253
-237
-250
-246
-240
-222
-161
-144
-59
-40
-95
-77
-98
-47
7
23
52
52
89
118
96
68
100
126
152
149
99
137
188
160
129
197
259
157
94
145
131
138
134
91
79
74
113
118
130
139
41
36
66
35
49
59
-23
-25
2
-61
25
31
-39
-51
-114
-109
-112
-156
-201
-141
-76
-137
-144
-121
-132
-152
-113
-131
-231
-195
-180
-195
-157
-113
-80
-115
-114
-115
-83
3
-22
-53
-65
-104
-69
-33
-44
-38
-39
-23
15
21
11
-1
57
63
100
160
115
190
237
193
163
160
199
230
250
306
308
239
250
227
223
231
208
248
262
276
250
225
259
296
281
234
234
222
188
164
192
184
188
213
168
144
60
85
182
168
124
40
73
132
76
30
5
39
96
51
5
-15
-18
-30
-103
-127
-140
-145
-133
-126
-126
-94
-95
-135
-153
-159
-126
-134
-108
-121
-166
-92
-128
-155
-132
-198
-154
-124
-178
-198
-173
-94
-123
-136
-106
-130
-44
-7
-54
-50
-54
-63
-85
-73
-34
28
72
-24
-139
-79
47
72
112
120
85
61
51
62
24
67
75
69
123
66
58
98
74
40
-1
19
16
10
69
27
-26
-28
-38
-36
-50
-15
26
-17
-84
-129
-118
-77
-78
-142
-175
-187
-210
-163
-179
-219
-212
-243
-259
-223
-173
-185
-187
-171
-218
-257
-232
-194
-164
-125
-116
-125
-96
-112
-194
-165
-113
-110
-73
-77
-71
-13
23
7
21
43
73
88
82
92
33
56
109
89
135
171
159
100
121
219
196
224
216
162
252
259
254
271
249
232
206
235
222
251
283
189
133
138
174
164
157
187
145
180
173
45
45
126
128
53
6
26
53
90
103
22
-10
-23
-78
-81
-11
15
-78
-95
-82
-82
-56
-74
-109
-137
-169
-201
-207
-202
-181
-156
-153
-197
-200
-172
-172
-142
-112
-106
-110
-76
-88
-155
-83
-30
-62
-73
-89
-89
-87
-19
17
-16
74
126
91
119
123
84
94
129
163
179
167
123
134
199
194
177
187
201
238
251
207
210
269
325
280
204
221
273
319
273
261
241
183
187
114
73
50
14
50
59
74
71
42
35
-25
-61
-104
-118
-72
-70
-72
-127
-227
-253
-219
-258
-316
-287
-288
-320
-320
-293
-222
-204
-279
-316
-280
-314
-342
-309
-305
-276
-306
-332
-287
-263
-289
-314
-263
-259
-245
-174
-191
-169
-112
-73
-75
-141
-70
-29
-5
30
-47
-63
-44
7
7
23
76
49
62
97
95
118
158
184
222
204
156
152
154
186
198
194
152
154
202
198
221
184
166
195
229
237
183
175
177
203
216
215
205
122
69
41
7
6
46
62
35
40
-7
-97
-115
-81
-84
-102
-15
3
-69
-88
-120
-148
-191
-170
-182
-304
-298
-264
-291
-266
-231
-233
-216
-202
-172
-169
-193
-116
-93
-142
-172
-142
-68
-71
-41
-13
-83
-101
-50
10
54
59
22
-3
54
118
146
201
254
230
224
273
256
236
253
244
258
317
309
253
271
285
239
248
291
321
356
342
353
332
346
409
340
260
225
283
291
273
238
114
105
149
216
203
109
31
12
-62
-121
12
-27
-116
-100
-180
-220
-194
-214
-240
-198
-178
-271
-316
-304
-312
-225
-170
-252
-306
-313
-248
-230
-267
-244
-261
-280
-260
-194
-101
-179
-236
-62
-433
-1141
-1555
-1367
-493
110
420
326
-153
-567
-977
-557
97
225
381
122
215
39
-412
-447
-678
5
370
436
530
174
77
-292
-362
-115
57
34
6
292
482
309
-38
-68
37
198
301
248
233
147
57
-152
-381
-222
9
28
-149
-194
-98
2
4
-83
117
245
316
305
124
54
34
-12
-87
-3
182
302
198
62
46
-49
-157
-189
-75
30
47
-15
-89
-123
-198
-301
-280
-176
-37
165
197
183
125
52
62
144
203
171
209
135
172
286
264
251
214
214
250
371
333
294
351
265
286
284
246
211
218
315
268
239
216
271
335
387
451
355
368
367
336
358
313
273
329
374
345
427
374
265
318
328
283
244
191
145
186
231
190
125
117
94
23
72
75
120
151
-1
3
62
116
119
58
28
-77
-83
-50
-30
41
-24
-197
-284
-264
-261
-153
-120
-276
-280
-243
-174
-82
-109
-148
-257
-298
-243
-230
-313
-375
-323
-360
-279
-241
-278
-229
-266
-259
-326
-245
-58
-19
-31
-161
-228
-261
-318
-241
-101
-31
19
11
-52
-111
-200
-151
8
36
79
81
79
114
-61
-75
-84
-112
21
4
73
101
132
188
68
-9
-22
122
279
267
267
225
81
-47
-114
-32
30
105
179
94
112
63
-65
-84
-134
-149
-14
106
45
-99
-119
-135
-272
-390
-383
-195
21
61
-47
-110
-295
-453
-410
-369
-286
-277
-206
-134
-175
-219
-279
-238
-152
-186
-208
-171
-188
-161
-185
-239
-254
-263
-209
-149
-98
-152
-231
-141
-114
-121
-1
-19
-4
-8
-112
-60
-75
-57
-5
-62
-38
30
64
46
-4
-63
-45
13
51
127
96
52
71
136
151
20
-33
-21
87
134
88
153
139
89
76
53
2
-1
80
159
106
41
19
-20
-11
-40
-46
-50
-51
-28
6
72
4
-148
-212
-197
-101
-62
-77
-92
-196
-141
-9
-33
16
5
-65
-29
-44
-38
44
93
82
28
-72
-169
-130
-12
39
106
137
51
18
36
80
58
-24
41
62
50
157
165
211
246
168
181
88
63
217
281
290
268
250
202
200
257
256
323
337
304
301
246
210
196
223
240
170
136
190
208
202
166
98
39
57
160
210
248
267
220
128
38
-2
27
141
139
30
-45
-79
-35
-130
-179
-234
-257
-234
-655
-274
423
131
119
367
103
128
360
-47
-368
-728
-809
-261
-309
-307
0
-190
-276
-167
-323
-39
277
47
-28
0
92
92
-208
-281
-126
-178
-224
63
221
-56
-297
-101
149
-72
-303
-228
-60
195
392
300
113
86
35
-28
-65
-65
-13
-42
0
120
101
-24
-38
-82
-120
44
174
192
161
179
224
220
241
155
16
-18
-25
37
146
258
300
182
106
70
79
177
169
101
-42
-158
-133
-228
-296
-257
-184
-100
-142
-119
4
32
55
93
55
99
127
151
263
197
168
179
32
9
77
100
67
-24
-34
35
-72
-161
-87
-142
-151
-85
-73
-3
36
-98
-187
-213
-225
-144
-118
-7
-9
-98
-15
15
42
61
41
12
-37
10
121
151
118
67
45
85
110
179
232
229
223
229
284
296
282
199
121
153
159
256
307
316
386
347
337
217
89
67
-31
54
129
151
164
43
-4
-57
-65
-49
-13
11
-65
-85
-89
-61
-84
-89
-106
-192
-191
-241
-244
-249
-359
-397
-436
-447
-322
-299
-393
-392
-426
-422
-428
-443
-375
-448
-454
-441
-592
-603
-506
-529
-506
-413
-462
-510
-500
-526
-503
-487
-498
-554
-600
-477
-393
-438
-390
-281
-308
-296
-232
-243
-172
-85
-31
47
87
72
74
105
125
146
146
135
174
245
256
180
201
314
224
146
140
95
171
214
222
283
319
231
168
262
257
186
176
125
93
141
166
176
191
147
83
34
58
90
86
88
106
129
113
110
92
64
41
-1
-35
0
92
54
-15
-33
-98
-76
24
52
27
9
10
-3
16
40
-25
-18
26
-22
3
-1
-52
-51
-47
40
101
161
177
124
138
107
103
86
108
208
228
230
221
271
279
232
286
356
400
432
435
408
354
288
305
292
252
294
401
513
473
408
340
296
355
348
330
403
438
374
342
347
314
269
228
228
250
223
181
172
177
123
39
50
121
116
97
113
106
75
-24
-76
-47
-77
0
13
-136
-191
-244
-239
-157
-110
-143
-184
-182
-250
-308
-315
-295
-285
-251
-180
-187
-201
-247
-314
-262
-226
-269
-224
-155
-128
-105
-117
-125
-85
-36
10
55
81
101
24
-5
14
-39
16
-9
-42
7
32
75
39
11
27
65
82
104
99
17
50
77
49
91
62
1
13
-11
10
44
-25
-30
56
133
150
122
65
-3
-30
-16
-27
-163
-217
-172
-222
-203
-243
-285
-238
-333
-290
-261
-326
-283
-387
-426
-436
-512
-457
-429
-397
-383
-420
-476
-511
-472
-430
-383
-416
-479
-465
-425
-383
-321
-298
-357
-373
-331
-309
-277
-242
-259
-277
-264
-248
-229
-217
-173
-130
-173
-205
-164
-163
-111
-52
-114
-111
-102
-93
-32
-9
32
48
56
70
59
81
121
133
85
56
41
64
129
131
159
163
147
229
255
235
250
262
228
174
241
264
216
237
246
228
232
252
212
209
249
230
192
178
193
210
215
169
147
147
140
188
230
230
223
151
64
114
117
125
190
153
188
197
148
165
174
238
259
211
185
134
129
114
123
170
166
191
176
195
193
178
191
126
121
122
174
186
109
120
65
67
128
112
133
128
135
148
102
99
115
119
163
136
83
105
42
29
87
85
64
39
22
-18
-5
6
8
6
9
51
30
70
52
23
49
-36
-24
36
6
-9
11
-1
7
9
-38
-77
-73
-72
-88
-40
-51
-79
-39
-21
-8
-46
-117
-84
-75
-114
-90
-137
-154
-98
-113
-151
-143
-137
-113
-75
-93
-147
-141
-88
-89
-34
-22
-79
-7
23
-12
-38
-88
-123
-114
-64
-99
-118
-83
-97
-65
-32
-37
-21
13
25
41
48
-6
14
23
-4
64
26
-39
-8
-21
-7
32
-10
-34
22
7
-6
34
3
-12
-27
3
41
21
63
60
26
-15
6
-25
-120
-75
-85
-45
-37
-131
-110
-57
18
1
-57
-42
-46
-18
30
24
14
-36
-98
-36
-31
-56
14
-7
-65
-75
-114
-107
-81
-131
-139
-154
-134
-16
-21
-86
-80
-63
-90
-86
-62
-127
-144
-144
-170
-129
-147
-162
-137
-121
-59
-58
-69
-51
-39
-14
-7
-29
-78
-55
-50
-72
-39
-48
-107
-125
-70
-56
-54
-43
-72
-54
-26
-9
52
96
51
-22
-30
-35
-9
42
-23
-50
13
34
14
8
30
6
10
15
-10
1
26
48
36
18
-24
-55
-60
-36
-38
-60
-56
-101
-48
-20
-47
-27
-64
-80
-131
-137
-37
25
37
-8
-33
19
0
-53
-22
-33
-95
-116
-87
-36
25
40
-13
-60
-70
-50
-34
6
4
4
26
23
34
0
15
28
17
49
10
-54
19
29
-55
-3
26
19
38
50
66
91
120
125
131
113
90
16
6
58
17
56
76
20
48
81
90
123
136
106
110
128
131
118
96
76
70
113
81
25
14
2
22
71
83
56
39
11
13
50
92
85
48
60
64
48
39
31
3
-10
-10
23
63
11
-14
-17
-11
65
63
63
99
76
58
11
-55
-29
-6
-3
28
17
11
-15
0
67
45
13
11
-29
3
37
5
40
12
4
47
50
41
31
50
26
47
107
105
118
151
100
88
118
130
123
90
73
57
138
182
153
130
99
115
147
144
101
98
104
115
144
139
94
107
124
105
108
59
113
192
163
145
75
55
69
33
61
82
30
45
85
46
74
98
70
98
91
116
91
10
18
-15
-17
51
45
-2
-29
-39
-19
-11
-49
-50
-11
8
-4
-98
-136
-52
-52
-71
-43
-43
-54
-85
-99
-120
-155
-146
-162
-195
-187
-173
-138
-135
-164
-163
-168
-171
-192
-214
-238
-225
-198
-261
-299
-294
-254
-203
-226
-276
-286
-273
-301
-265
-223
-248
-243
-250
-254
-187
-153
-162
-122
-126
-116
-142
-196
-127
-115
-134
-151
-173
-120
-89
-66
-40
-32
-19
26
50
7
-17
6
27
8
4
2
-5
10
-18
-6
-4
-3
32
21
36
26
24
21
-7
2
31
20
27
63
35
47
2
-39
29
-30
-100
-97
-81
-51
-35
-12
-8
31
59
15
-15
-91
-122
-104
-120
-58
-40
-92
-93
-77
-100
-128
-114
-99
-96
-76
-48
-71
-60
26
3
-39
-13
-39
-30
1
13
10
-44
-41
-20
-27
13
68
125
190
145
93
141
145
180
215
161
176
136
79
129
149
172
183
171
149
159
202
181
204
239
247
281
231
199
231
197
190
228
232
225
178
160
197
198
194
225
213
207
226
234
256
250
288
244
118
134
141
129
142
77
53
85
26
32
56
-18
0
32
48
13
-29
-30
-77
-88
-121
-91
-37
-61
-62
-113
-156
-143
-145
-169
-194
-177
-163
-146
-112
-102
-73
-43
-69
-113
-70
-45
-51
-16
-72
-90
-36
-10
44
32
3
31
20
21
33
13
30
83
154
185
134
131
158
163
174
160
125
82
76
110
132
95
72
88
104
93
76
135
135
128
122
96
111
103
104
51
38
0
-31
18
-48
-73
-57
-82
-54
-14
-55
-91
-105
-136
-127
-148
-131
-126
-189
-223
-208
-201
-216
-250
-270
-276
-325
-272
-218
-233
-234
-249
-284
-266
-223
-267
-232
-206
-224
-189
-194
-196
-206
-208
-183
-158
-139
-139
-121
-151
-140
-42
-43
-74
-53
-29
-1
12
0
7
71
116
94
81
72
38
57
86
64
121
155
76
123
162
121
141
156
172
152
147
178
194
200
125
105
102
22
26
52
22
13
32
49
62
30
23
51
44
39
18
-16
-79
-104
-77
-102
-94
-110
-155
-102
-118
-157
-129
-147
-134
-105
-115
-146
-136
-81
-79
-92
-61
-66
-103
-83
-81
-110
-93
-49
-13
-30
-61
-78
-87
-39
-31
-3
49
29
46
97
68
56
127
91
51
41
47
112
95
109
111
96
135
111
119
106
89
167
153
143
138
87
119
119
119
110
72
83
88
140
127
83
125
84
79
85
38
13
-18
19
62
66
35
8
14
-5
4
-17
-30
-35
-73
-31
-28
-52
-72
-84
-55
-54
-58
-84
-102
-114
-122
-81
-82
-149
-129
-98
-141
-127
-123
-160
-192
-131
-109
-166
-107
-147
-124
-71
-129
-64
-69
-107
-121
-104
-76
-93
-54
-93
-104
-74
-85
-34
-26
-25
-19
-3
48
29
22
35
9
29
23
24
82
75
100
182
161
91
107
119
83
88
111
132
148
179
190
179
154
124
153
129
95
103
99
96
90
90
97
133
102
50
67
49
50
89
41
-2
55
54
6
3
4
-12
-14
-1
15
46
76
66
25
4
-52
-110
-75
-28
2
50
43
46
63
36
109
70
-32
-22
-74
-70
-19
-5
12
23
47
70
76
86
81
63
57
9
-18
-10
-34
10
88
94
29
4
42
25
41
88
57
45
69
81
133
127
59
72
89
93
120
108
51
34
75
51
62
90
50
92
89
68
116
98
45
46
60
3
28
46
-8
-19
-55
-40
-15
-27
-55
-106
-73
-3
11
-24
-35
-94
-145
-109
-99
-120
-152
-130
-141
-157
-158
-187
-159
-156
-132
-150
-175
-167
-179
-173
-206
-184
-167
-191
-207
-241
-251
-246
-230
-211
-177
-154
-155
-152
-148
-145
-137
-149
-172
-191
-191
-145
-132
-108
-66
-80
-65
-52
-81
-62
-17
-23
-15
14
-20
-28
53
68
27
43
67
60
49
88
115
84
94
95
85
144
149
130
117
101
119
113
126
97
88
118
79
75
65
62
87
57
93
104
45
88
99
28
-3
-23
-51
-47
-14
0
27
34
-4
-19
-33
-37
-64
-91
-88
-107
-57
-29
-72
-61
-37
-62
-95
-38
-42
-86
-46
-51
-46
-17
-21
-73
-59
-3
-62
-55
-21
-35
45
107
73
44
72
61
3
21
44
65
73
0
11
37
21
62
78
32
-5
22
38
77
104
