0
0
-1
0
0
0
0
-1
0
0
0
0
0
0
0
0
0
0
0
0
0
0
-1
0
0
0
0
0
0
0
0
0
1
0
-1
0
0
0
0
0
0
0
0
0
0
0
0
0
0
0
0
0
0
0
-1
0
0
0
0
0
0
0
0
0
0
0
0
0
1
0
0
0
0
0
0
0
1
0
0
0
1
1
0
0
0
-1
1
1
0
0
0
0
0
0
0
1
0
0
0
1
0
0
0
0
0
-1
0
0
0
0
0
0
0
0
0
0
-1
-1
-1
0
0
0
0
-1
0
0
0
0
0
0
0
0
0
1
0
1
0
0
0
0
0
0
1
-1
0
1
-1
0
0
0
0
0
0
0
-1
0
0
0
-1
0
-1
0
0
0
0
0
-1
0
0
0
0
0
0
-1
0
0
0
0
0
0
0
0
-1
-1
0
0
0
0
0
1
0
0
0
0
0
-1
0
0
0
0
0
0
0
0
0
1
0
1
0
0
1
-1
1
0
0
0
-1
-1
0
0
0
-1
0
-1
0
0
0
-1
0
0
0
0
1
0
0
0
0
0
0
1
0
1
0
0
0
0
0
0
1
0
0
0
1
1
0
0
0
0
0
0
0
0
-1
1
0
0
0
0
0
0
0
1
0
0
-1
0
0
0
-1
-1
-1
0
1
0
-1
0
-1
0
-1
0
0
0
-1
0
0
-1
1
0
1
1
0
-1
0
0
0
0
-1
0
0
-1
0
-1
-1
1
0
0
0
-1
0
-1
0
0
-3
-1
0
-1
1
-1
0
2
1
0
-1
-2
-1
-1
-1
-2
-1
-1
0
-1
-1
2
3
0
-4
-1
0
-2
1
0
1
0
-1
-4
-4
0
1
1
1
-1
0
-1
-2
1
-1
-4
-3
-3
-1
-1
-1
1
4
0
-2
-1
-2
1
-1
-2
-2
-2
-3
-4
1
-1
2
0
-6
-3
-2
0
-2
-2
4
-5
-5
2
-4
-2
-4
-2
1
-1
3
-3
-3
2
0
-2
-4
-2
-5
-5
0
-2
-1
0
3
2
-2
-2
-2
-1
-1
-4
-2
-2
0
0
-5
-2
1
0
-1
0
1
-2
0
3
-4
-3
0
1
-1
0
-2
-4
3
0
-3
0
-2
3
4
-5
-5
0
-1
-1
-7
-6
-2
-3
4
1
5
4
-5
-6
-4
-5
-5
1
1
1
-2
-2
-1
-7
-4
-2
1
0
0
3
1
-4
3
-2
-8
1
1
-4
-6
0
-6
-4
1
6
6
3
3
-9
-3
-5
-3
-8
-6
3
2
2
2
8
1
-6
-4
-14
-9
5
-3
0
3
1
7
-1
-13
-6
-6
-10
-4
7
7
7
10
11
19
3
12
-34
5
-50
-197
-88
-77
-62
-35
-60
-17
11
-4
-28
-41
-50
-15
-58
-81
-70
-29
-53
-74
-31
-41
-60
-88
-30
-45
-33
-36
-54
-15
-30
-37
-58
-27
-41
-41
-49
-57
-15
-18
-26
-2
19
7
5
-17
-19
-10
-41
-38
-36
-32
-7
-30
14
5
11
23
-5
14
-4
-6
4
16
-35
1
-12
-26
-3
4
30
-14
20
26
46
19
39
55
26
59
21
52
37
26
51
47
40
43
59
45
62
53
39
47
46
57
37
19
26
42
69
47
46
86
90
55
61
73
59
76
55
60
53
26
29
36
42
45
53
37
38
64
87
57
78
88
61
56
49
82
81
40
17
75
33
-11
34
16
32
8
-13
23
37
40
14
47
91
49
62
83
51
41
61
23
40
66
18
22
20
23
30
7
-6
33
21
-4
34
70
48
7
52
47
31
25
-9
27
1
-16
4
11
2
-8
1
-9
-1
3
-4
-5
2
-7
-22
-11
-31
3
-11
-78
-1
-23
-60
-21
-30
-47
-36
-56
-56
-23
-84
-64
-53
-65
-70
-81
-61
-57
-45
-41
-33
-80
-45
-44
-55
-16
-47
-23
-21
-31
-25
-33
-72
-57
-55
-77
-56
-72
-54
-46
-45
-42
-46
-54
-35
-45
-55
-40
-78
-43
-20
-49
-24
-30
-47
-26
-69
-50
-24
-68
-88
-95
-53
-48
-48
-26
7
-12
-29
-25
-30
-15
-23
-9
-37
-23
-12
-29
-27
-23
-1
-33
-50
-21
-46
-58
-44
-53
-10
-17
-16
-16
-32
14
0
-8
11
7
16
5
-25
7
25
1
-4
-22
-36
-18
-20
-48
-2
-11
-13
16
-14
11
15
10
15
0
4
1
-9
22
26
-1
16
16
28
10
-12
0
-7
-23
-7
19
-9
35
26
-15
4
-24
-5
12
-16
0
16
-18
20
8
1
21
-10
36
4
-23
36
29
28
36
-4
13
45
14
40
19
-23
-3
0
7
6
-1
7
51
38
21
73
41
37
24
-6
23
-10
45
56
3
37
24
-4
31
14
10
46
24
71
72
40
65
63
49
45
35
53
44
-3
28
25
10
39
39
47
31
28
36
53
65
42
50
24
21
61
28
39
70
55
49
22
22
51
19
4
26
33
49
45
75
65
41
49
46
35
36
58
38
24
17
16
24
12
13
22
1
-11
6
14
-11
-4
16
-7
-27
-42
-3
-26
-50
-36
-46
-45
-77
-44
-12
-15
-21
4
14
-14
-24
-39
-53
-76
-64
-63
-57
-51
-54
-56
-65
-54
-35
-26
-41
-18
-26
-62
-61
-59
-24
-58
-78
-34
-41
-53
-62
-63
-30
-37
-63
-29
-51
-48
-28
-40
-17
-58
-43
-19
-80
-81
-67
-76
-80
-52
-47
-47
-39
-38
-15
-29
-50
-28
-52
-58
-49
-64
-40
-43
-27
8
-27
-64
-24
-15
-33
-53
-60
-4
-14
-35
-11
-40
-38
-21
-35
-11
-5
-5
13
-21
-14
23
8
20
27
10
9
-9
-15
0
-13
14
42
44
45
44
76
36
11
25
15
-6
-20
2
7
37
38
33
64
48
59
67
33
77
79
37
57
44
12
12
13
8
22
15
39
51
57
53
34
65
63
70
70
51
48
50
43
15
29
20
14
31
24
60
57
12
25
33
10
16
-2
17
18
-12
18
25
13
16
20
8
15
5
6
-3
-20
10
-1
-42
-38
-21
-30
-29
-38
-24
-15
-54
-24
-7
-45
-22
-28
-34
-8
-38
-38
-19
-26
-28
-29
-26
-18
-20
-17
-18
-42
-25
14
-34
-45
-16
-19
-25
-66
-39
16
-4
-7
14
-22
-31
-15
1
29
4
12
14
-4
2
-4
-14
-4
10
-9
-5
-16
24
53
-6
17
27
-8
-6
9
27
34
0
7
26
-6
16
22
26
14
2
31
24
15
2
5
-1
17
22
17
45
10
14
27
3
35
37
25
45
37
46
49
15
21
25
-14
-14
-7
4
11
-1
6
-5
-15
-27
3
8
1
9
-4
16
-6
-8
25
9
14
33
2
21
17
-19
13
-1
-8
-13
-32
-20
-7
-2
-6
-10
-8
-8
-17
-20
-13
-3
-4
12
3
-8
-19
-43
-15
-22
-34
-9
-39
-42
-28
-39
-9
5
-22
-34
-20
-33
-21
-26
-24
-3
-19
-21
-23
-15
-7
-16
-29
-2
-16
-28
-8
-23
-5
-22
-34
-2
-6
-9
-12
-42
-31
-16
-25
2
3
12
28
20
9
30
45
20
21
-2
-8
15
32
30
3
7
14
-3
1
14
10
21
18
22
36
36
41
50
42
32
45
39
31
43
34
36
23
1
35
34
34
47
29
10
13
27
14
25
29
41
38
25
41
21
25
5
-6
26
1
17
36
12
11
14
19
15
4
11
-6
-28
-9
3
10
22
43
44
8
2
10
12
1
5
-9
-14
-14
-25
4
13
-8
-17
-8
-29
-38
-19
-38
-41
-31
-30
-34
-29
-22
-20
-10
-35
-36
-24
-28
-32
-30
-34
-41
-18
-10
-28
-38
-57
-74
-65
-72
-45
-21
-52
-37
-31
-51
-38
-41
-29
-29
-33
-26
-40
-50
-50
-48
-22
-11
-35
-37
-28
-33
-28
-15
-21
-16
-17
-19
-4
9
18
26
23
0
6
0
-2
21
12
25
32
29
51
32
24
59
54
50
48
42
45
42
36
40
30
34
65
44
65
74
61
69
37
61
72
47
73
58
42
61
53
41
30
32
40
41
35
49
56
32
30
33
46
55
40
36
37
30
31
23
27
36
32
32
17
4
18
30
15
31
38
14
6
-3
27
40
16
21
19
-17
-27
-19
6
4
-2
11
-7
-8
-10
-13
-5
-10
-5
1
-5
-21
-5
-10
-29
-8
-9
-14
-10
-24
-30
-36
-41
-25
-33
-51
-39
-49
-59
-65
-52
-18
-32
-54
-45
-59
-65
-41
-40
-34
-46
-59
-61
-62
-56
-31
-19
-25
-27
-47
-37
-45
-46
-14
-26
-41
-40
-46
-48
-36
-51
-37
-31
-59
-39
-42
-47
-33
-35
-34
-33
-29
-9
15
-5
-13
-13
-16
-16
-26
-1
-6
-17
-5
-9
-14
-16
-16
-22
-24
-28
-7
15
-1
1
11
-5
-5
-11
-18
-5
-26
-14
-11
-22
-6
4
0
-4
22
9
0
-7
-4
7
-3
-3
-15
-1
-13
1
28
6
-23
-26
-22
-36
-12
-14
-2
14
-3
12
11
-4
-10
4
4
-8
-10
-9
5
5
13
6
-2
-2
1
15
0
12
23
14
-3
9
7
-6
17
-4
-11
-16
-7
7
-20
-28
-16
11
-5
-7
6
-2
-3
-9
-6
-18
-7
3
-12
-3
-13
-15
10
6
1
7
-3
-6
-7
-13
-16
-17
-19
-24
-34
-41
-14
-4
-13
-14
-17
-14
-28
-8
0
-10
-4
-4
1
9
22
21
34
18
1
19
11
5
-10
4
14
19
33
13
10
-1
-12
-3
0
-8
24
41
26
44
37
36
50
45
43
39
39
39
36
26
30
31
38
27
8
21
20
18
24
19
8
14
28
27
15
31
43
25
27
22
5
-24
-10
7
-7
24
44
45
34
16
14
15
8
9
19
11
14
8
3
6
-4
-5
3
2
0
2
3
10
16
16
9
7
12
5
5
5
-11
-12
-20
-27
-17
-18
-20
-11
3
15
26
17
11
0
-9
-4
-15
1
6
-25
-13
-18
-33
-34
-35
-14
-19
-18
-8
-19
-23
-11
-9
-13
-17
-11
-6
-34
-27
-12
-1
-4
-15
8
2
4
1
-25
-19
-28
-8
17
-3
22
16
-15
9
3
10
21
17
43
24
-12
2
-18
-12
5
-18
14
-8
-20
2
-11
6
9
6
16
9
-8
0
-3
-4
-11
-16
-9
-21
-15
-14
-8
-1
14
25
3
-11
-21
-16
-19
-22
-6
-6
-17
-22
-33
-44
-27
-33
3
16
-12
8
-11
-28
-20
-6
-1
0
-15
0
-7
-33
-1
-7
2
-11
-19
-27
-35
-42
-32
-13
-34
-39
-39
-17
-38
-40
-24
-5
-26
-15
7
-28
-14
-37
-33
-47
-48
-23
-27
-37
-35
-34
-55
-28
-35
-15
-21
-40
-20
-44
-38
-28
-26
-35
-47
-58
-47
-40
-33
-12
-30
-25
-19
-31
-8
-19
-29
-8
-5
-7
-8
10
13
-8
-6
-6
-11
2
20
18
2
6
1
-15
-18
-4
15
25
12
8
9
-16
6
6
10
19
-2
15
14
11
-2
6
-3
-18
2
6
5
15
38
29
37
25
4
4
-16
-31
-18
-9
-7
2
-4
-6
0
16
3
22
57
57
64
55
30
25
30
28
52
52
44
40
60
43
35
65
64
69
68
67
54
66
68
79
85
70
77
55
57
84
102
106
111
88
78
86
82
81
74
75
60
58
65
66
65
65
56
46
62
65
80
78
55
59
52
45
48
41
31
31
37
41
50
35
32
21
16
9
5
21
13
19
11
23
9
7
25
24
28
19
47
33
33
65
84
66
48
49
8
53
67
61
66
23
33
23
22
30
37
38
36
45
53
51
22
40
45
57
70
60
64
42
53
56
41
19
11
16
-12
2
-5
-20
-18
-18
-19
-27
-49
-50
-28
-38
-26
-8
-17
-46
-55
-64
-84
-71
-68
-82
-73
-60
-91
-67
-58
-83
-60
-50
-60
-63
-43
-50
-71
-81
-78
-59
-66
-67
-43
-43
-45
-26
-17
-42
-53
-37
-41
-34
-13
-20
-26
-29
-42
-15
-20
-47
-31
-23
-37
-11
24
26
-11
-3
41
0
-24
-28
11
5
-12
23
-7
-55
-80
-29
-50
-79
-63
-63
-94
-107
-32
-55
-88
-77
-33
-7
-48
-31
-31
-59
-83
-64
-46
-77
-85
-64
-58
-80
-59
-49
-63
-54
-68
-44
-32
-44
-40
-39
-34
-51
-56
-59
-73
-75
-55
-37
-44
-23
-15
-13
2
16
43
38
18
31
30
-8
-3
8
-9
-22
-18
3
16
13
4
20
30
20
33
38
1
-13
6
2
-12
-12
-14
-13
1
-2
6
3
-7
2
8
6
4
17
-4
-16
-8
2
-2
-29
-16
-7
-1
-3
1
-6
-13
14
9
23
3
5
-3
-29
11
2
8
7
22
37
32
42
18
11
1
17
19
18
2
-2
33
7
43
62
48
39
32
51
24
53
51
29
42
37
56
29
28
36
19
14
9
7
5
-2
-5
27
14
7
24
8
13
14
20
11
8
18
19
14
10
28
16
6
14
10
-1
-10
0
-5
-5
21
6
-5
1
-19
-3
5
-4
-3
12
19
12
34
41
36
32
33
22
17
40
3
-9
0
-9
1
-13
-15
1
8
24
26
17
20
-5
-15
-17
-15
10
1
4
17
8
-5
-11
-9
-12
-10
-7
0
-3
-9
19
10
11
21
-5
-8
-5
-3
-7
-11
-8
-7
-28
-26
4
-11
-11
6
15
2
6
16
3
8
7
5
19
35
10
12
23
11
19
6
30
26
17
41
21
34
24
4
20
-3
1
4
-18
-11
4
2
-11
-4
-3
-12
-5
1
-2
-8
-6
-7
-8
-1
-13
-20
-25
-25
-21
-24
-18
-10
-38
-35
-28
-49
-24
-13
-17
-7
-5
-12
-15
-6
-22
-25
-12
-17
-23
-34
-40
-49
-30
-12
-24
-21
-22
-9
-5
-5
-4
-21
-6
0
-10
9
15
12
6
5
18
7
5
-3
2
7
-19
-4
-22
-43
-27
-22
-18
-25
-12
-9
-36
-28
-2
-10
-39
-30
-9
-32
-16
-5
-27
-23
-17
-20
-20
-8
-18
-7
-7
-28
-9
-27
-35
-49
-65
-47
-64
-57
-63
-73
-44
-49
-28
6
-8
20
13
-10
14
-16
2
4
-9
17
-15
13
-9
-27
8
-26
2
1
0
13
9
39
11
22
26
-5
8
-20
-26
-19
-40
-21
-15
1
15
-11
10
1
6
29
-9
9
4
-22
2
-12
-7
-12
-20
-8
-41
-24
-19
-45
-33
-41
-21
-30
-45
-18
-23
-15
-36
-31
-21
-45
-25
-24
-15
-6
-1
11
-1
13
22
20
7
4
17
4
-18
-11
-4
-3
3
13
22
5
5
11
12
28
15
19
23
26
33
33
45
38
44
46
37
38
29
33
43
51
44
43
41
53
57
47
60
47
47
30
22
27
13
20
17
17
5
16
32
22
25
28
36
34
48
52
44
73
70
44
61
66
47
47
49
47
43
51
54
44
57
53
48
70
53
51
41
28
52
26
32
27
16
50
20
43
51
37
64
48
61
55
45
47
43
62
56
64
65
36
52
33
4
23
-12
-7
8
-6
16
2
21
24
28
50
0
15
1
-15
7
-24
-11
-13
-14
-12
-9
7
-11
14
20
12
31
12
22
5
-18
-5
-25
-12
-33
-52
-41
-67
-33
-50
-60
-24
-50
-29
-34
-45
-36
-56
-30
-49
-40
-25
-45
-26
-60
-32
-16
-48
-23
-47
-37
-52
-61
-32
-75
-52
-66
-78
-46
-78
-59
-77
-70
-43
-68
-36
-59
-70
-49
-68
-35
-27
-26
-23
-16
2
-17
-11
-37
-48
-29
-55
-37
-37
-55
-24
-17
-3
-1
-4
-11
-31
-5
-24
-31
-19
-40
-27
-28
-34
-19
-27
-23
-17
-9
10
-7
-7
-3
-4
5
6
7
-4
16
3
-7
5
-21
-1
-22
-21
15
-26
-11
-24
-30
-22
-38
14
-12
-11
10
4
35
-2
13
15
-13
7
-16
9
2
9
34
12
52
34
18
26
18
44
14
-2
5
-7
5
-7
-13
1
-18
4
24
2
29
17
-6
17
23
31
30
44
38
21
21
17
19
7
10
18
23
22
18
20
3
11
21
5
10
16
12
25
35
37
28
21
23
12
10
8
-7
6
5
13
23
0
19
8
17
30
20
39
-10
22
32
9
43
8
44
26
18
46
-9
32
10
2
21
-18
17
-4
-6
12
-7
13
7
22
29
19
47
44
70
67
43
68
46
47
51
23
19
21
26
18
25
16
-18
4
-6
0
24
0
38
50
50
64
47
54
28
33
45
4
21
-19
-31
-9
-24
12
-9
6
31
13
39
33
31
17
11
33
6
-5
-19
-37
-26
-47
-20
-22
-54
-8
-14
-2
22
10
33
7
15
17
-11
-8
-23
-3
-13
-5
14
-16
-19
-20
-12
-13
-21
-22
-33
-19
-9
-11
0
-3
-22
-23
-13
-13
-10
-4
-16
-7
14
6
-9
-15
-23
-31
-29
-19
-17
-17
-16
-15
-19
-12
-9
-25
-15
-15
-14
-17
-29
-22
-45
-40
-23
-24
-22
-21
-3
-17
-10
4
-26
-13
-7
-3
21
9
14
9
-19
7
11
-17
-7
3
7
12
11
28
10
-4
-4
-17
6
-6
0
-7
-21
21
1
10
7
11
39
35
51
25
10
14
-3
2
-1
-6
-12
-8
-2
-7
2
6
12
17
24
40
20
0
-8
-24
-11
-27
-35
-37
-55
-30
-33
-13
1
-19
-3
-9
6
8
0
14
-9
10
9
-21
-7
-21
-18
-25
-32
-29
-46
-31
-52
-46
-33
-44
-22
-54
-40
-10
-28
-8
-16
-10
-17
-24
-15
-36
-35
-45
-52
-52
-56
-40
-51
-57
-34
-34
-16
-1
-25
-20
-25
-26
-21
-39
-47
-60
-60
-62
-69
-59
-73
-75
-75
-72
-51
-56
-45
-45
-41
-14
-18
-23
-16
-15
-15
-3
-16
-44
-35
-33
-49
-29
-22
-36
-45
-40
-35
-49
-55
-59
-61
-47
-29
-20
-38
-27
0
-9
9
-2
-8
13
9
21
14
27
16
-2
7
-3
16
9
1
0
-8
13
5
4
5
1
7
9
16
9
5
6
8
30
34
29
42
40
38
31
21
21
14
22
32
30
35
34
42
42
47
60
54
55
56
54
53
54
59
37
32
31
31
45
49
62
58
56
70
64
59
62
57
68
79
78
87
75
54
68
61
72
76
64
82
77
82
90
72
65
65
59
58
55
51
50
49
56
44
40
46
37
49
68
66
63
53
59
59
49
59
46
56
68
67
62
60
60
44
38
29
31
34
39
45
28
23
4
-2
-2
-11
2
3
19
22
19
31
20
26
34
36
34
32
35
20
29
26
20
19
17
25
6
8
18
7
-11
-23
-23
-35
-32
-26
-25
-13
-4
-7
-15
-17
-28
-16
-2
-2
6
-4
-1
-10
-6
-1
-22
-14
-19
-24
-16
-17
-27
-41
-44
-63
-71
-62
-71
-64
-56
-66
-52
-45
-49
-47
-61
-42
-40
-55
-41
-43
-53
-40
-33
-47
-39
-38
-43
-47
-44
-42
-64
-70
-70
-78
-85
-76
-75
-70
-59
-61
-59
-68
-64
-61
-69
-74
-69
-61
-70
-70
-74
-75
-68
-66
-67
-63
-57
-44
-35
-48
-40
-43
-57
-55
-56
-57
-63
-74
-77
-82
-83
-74
-74
-68
-62
-55
-57
-52
-50
-64
-61
-58
-41
-32
-38
-28
-25
-25
-21
-23
-39
-36
-25
-24
-3
-7
-11
-6
-15
-14
-37
-25
-22
-35
-17
-25
-29
-26
-25
-14
-9
1
15
7
17
21
25
42
31
38
29
31
38
23
44
33
24
33
32
34
43
47
50
51
49
48
28
37
40
36
43
38
33
41
66
53
70
68
55
77
67
69
65
77
81
62
80
83
76
74
69
57
53
63
62
53
51
52
56
70
64
68
58
47
61
35
56
43
25
49
34
56
55
47
62
57
60
56
63
66
57
63
58
50
36
28
39
23
22
24
-3
-4
-1
6
8
18
29
17
25
29
22
23
22
19
23
22
38
32
17
28
19
22
3
-6
-1
-7
9
-1
5
19
15
19
4
3
15
0
-13
-19
-15
-7
-18
-3
-7
-14
-2
-4
3
-6
-7
-4
-9
8
11
12
17
26
35
18
13
4
-7
-11
-9
9
-12
-8
0
-19
-5
-6
-9
-9
-25
-13
-17
-17
4
2
21
26
39
37
32
42
16
27
29
21
31
15
8
13
3
-5
-10
-25
-28
-31
-26
-25
-24
-8
-6
-1
9
16
8
12
13
1
3
-3
-1
-5
-3
11
-3
2
-7
-19
-6
-25
-22
-23
-24
-8
-13
0
-4
-22
-19
-29
-33
-28
-35
-30
-39
-31
-14
-19
-5
-16
-28
-22
-21
-23
-29
-28
-27
-19
-11
-6
-13
-15
-16
-31
-21
-31
-39
-27
-40
-40
-34
-43
-45
-56
-62
-60
-74
-75
-77
-79
-68
-71
-60
-50
-43
-40
-44
-27
-39
-41
-27
-46
-45
-46
-44
-44
-50
-47
-61
-61
-64
-73
-72
-74
-88
-83
-59
-65
-59
-49
-48
-40
-38
-28
-24
-27
-11
-2
-11
-2
-2
-2
5
8
12
4
3
2
-2
2
-6
-5
-6
6
1
-19
-3
-15
-22
-19
-21
-12
-11
8
5
10
27
19
19
20
17
18
18
8
7
5
-3
9
5
-1
-4
-11
-8
-17
-28
-23
-20
-36
-39
-37
-40
-38
-44
-35
-38
-38
-14
-20
-20
-3
3
9
11
22
25
20
33
26
18
19
5
4
-6
-5
-6
-9
6
-3
-7
-21
-11
7
10
11
7
28
21
32
37
26
40
29
33
24
16
31
33
25
20
26
26
37
36
28
22
33
35
7
15
17
11
20
15
10
10
8
-14
-23
-14
-16
-3
19
13
12
33
20
24
36
15
29
37
43
52
51
58
56
59
63
60
56
65
61
60
60
40
41
36
39
50
50
58
59
63
61
82
100
87
101
107
107
119
118
116
110
99
99
88
87
94
82
94
101
100
97
80
74
69
65
54
46
31
27
31
22
28
22
30
28
32
33
21
29
27
32
17
19
24
13
17
1
7
3
-12
-13
-36
-24
-23
-33
-25
-34
-36
-40
-37
-30
-35
-38
-43
-38
-28
-25
-22
-28
-33
-28
-35
-13
-25
-35
-22
-48
-36
-42
-42
-26
-36
-18
-32
-29
-26
-43
-42
-53
-57
-60
-75
-82
-87
-97
-91
-93
-89
-80
-78
-60
-53
-53
-53
-43
-28
-36
-43
-56
-68
-63
-77
-80
-85
-88
-84
-93
-86
-82
-81
-79
-83
-81
-90
-78
-61
-69
-59
-65
-64
-48
-60
-50
-64
-57
-38
-57
-35
-42
-29
-20
-36
-26
-41
-30
-21
-29
-16
-13
-21
-14
-5
-9
-10
-17
-4
-10
-26
-9
-17
-18
-17
-19
-7
-9
1
-2
3
14
6
16
10
-4
0
0
3
7
12
11
-1
12
-4
-17
-18
-26
-16
-33
-26
-30
-44
-31
-28
-21
-35
-19
-9
-10
11
13
9
7
8
13
11
21
15
-2
2
-3
-10
-13
-14
-7
-11
-16
-2
1
-1
2
4
12
9
4
16
17
16
22
15
5
5
20
12
13
18
12
26
21
37
33
19
39
28
28
30
33
33
19
30
27
17
13
16
18
14
17
3
1
12
-4
1
4
16
29
10
29
23
21
41
26
38
32
32
37
31
48
39
34
33
40
42
29
45
39
30
38
40
31
30
39
40
41
48
56
55
69
72
74
94
85
82
81
82
78
72
78
65
66
69
70
60
56
64
48
53
54
56
61
36
39
32
25
38
31
31
31
23
14
23
35
32
33
42
36
23
25
13
-1
-10
3
6
-7
10
0
-1
8
7
1
-5
4
-2
1
-12
-21
-19
-18
-13
-24
-23
-22
-22
-13
-9
-11
-7
5
16
13
16
33
6
11
5
-10
-6
-29
-21
-39
-22
-10
-33
-24
-39
-26
-29
-36
-28
-48
-30
-19
-17
-20
-18
-7
-19
-18
-13
-24
-30
-29
-17
-25
-27
-3
-14
-4
5
-18
-10
-19
-20
-20
-30
-22
-31
-22
-22
-29
-16
-27
-18
-17
-21
-18
-7
5
8
17
7
12
17
16
10
7
7
-8
-3
-13
-7
-10
-9
0
-11
12
2
8
11
4
28
16
14
13
6
1
-3
-3
-20
-26
-23
-23
-21
-11
-5
-8
4
11
10
12
17
10
4
7
7
2
-3
-5
-13
-21
-34
-31
-50
-63
-57
-74
-56
-62
-62
-39
-40
-18
-16
-3
-2
-13
1
-26
-32
-27
-36
-39
-52
-44
-49
-59
-49
-56
-63
-56
-65
-53
-53
-55
-51
-57
-40
-66
-58
-55
-77
-58
-68
-56
-67
-66
-50
-72
-57
-56
-50
-49
-68
-59
-67
-74
-65
-59
-51
-49
-20
-35
-51
-23
-36
-40
-56
-65
-45
-62
-59
-43
-42
-34
-24
-15
-23
-29
-11
-19
-21
-6
-2
-7
-3
31
19
13
27
21
31
19
17
15
-1
10
15
18
12
18
37
12
16
36
15
18
31
50
58
68
96
79
78
80
81
75
46
75
69
54
65
59
65
53
73
73
50
64
52
58
48
44
64
46
63
65
56
70
64
76
64
59
75
65
87
74
82
95
60
82
71
49
66
55
62
63
64
77
77
86
83
86
92
75
80
51
33
48
40
36
21
43
47
32
53
40
45
47
46
63
32
40
47
30
41
20
18
14
-1
12
-2
-3
-1
8
10
-11
1
-11
-28
-33
-47
-28
-26
-35
-13
-10
-24
-3
13
-4
-9
8
3
-19
4
8
-11
-4
7
4
-9
8
12
-15
-12
1
-13
-20
-10
-2
-8
-7
14
11
-2
-8
4
8
7
23
20
19
36
36
18
17
14
11
0
-10
-2
-6
-4
2
4
7
0
4
-2
-21
-18
-14
-27
-34
-41
-40
-32
-38
-39
-30
-20
-24
-32
-26
-21
-16
-5
4
-9
0
9
-11
-13
-21
-23
-39
-47
-27
-37
-42
-25
-19
-26
-25
-4
-5
-46
-23
-16
-54
-40
-30
-35
-38
-20
-5
-11
-11
-4
8
1
-3
0
-8
-15
-4
-6
-28
-42
-37
-49
-70
-64
-64
-80
-91
-80
-66
-77
-79
-61
-57
-78
-73
-54
-75
-77
-55
-68
-87
-65
-52
-86
-93
-69
-80
-98
-87
-79
-92
-86
-70
-62
-68
-66
-42
-56
-76
-58
-54
-71
-73
-59
-64
-76
-46
-40
-59
-44
-24
-5
-19
-21
10
-2
0
30
30
20
20
45
41
0
19
25
8
17
22
21
2
25
35
17
32
23
26
16
3
15
1
-2
18
27
19
29
53
47
41
37
32
27
20
26
20
22
28
28
28
7
8
9
-15
-10
6
7
-8
2
19
9
5
20
19
3
18
35
28
23
32
45
34
39
58
56
39
41
57
34
27
51
47
38
56
69
46
40
47
39
28
26
37
30
26
38
36
28
31
55
56
39
49
40
35
44
37
41
24
16
20
13
10
7
16
17
13
14
26
15
6
31
26
-4
-2
6
-12
-13
-3
5
14
11
30
33
26
35
44
34
22
53
50
22
46
60
33
33
54
40
18
30
41
24
20
44
46
28
41
62
47
38
44
52
45
48
73
67
52
62
58
40
40
39
25
15
6
6
10
5
3
20
29
19
28
38
6
-2
18
-10
-33
-21
-19
-42
-48
-22
-27
-52
-48
-15
-24
-46
-5
1
-27
-16
2
-11
-37
-13
-22
-69
-55
-39
-63
-70
-40
-32
-56
-29
4
-15
-22
-4
-12
-37
-37
-26
-36
-37
-15
-9
-17
-17
-5
-11
-13
-1
-24
-32
-15
-30
-34
-22
-23
-33
-24
-7
-32
-24
-22
-43
-36
-44
-46
-52
-48
-40
-55
-63
-50
-30
-47
-45
-13
-17
-24
-12
5
-6
-25
-8
-28
-52
-38
-40
-50
-52
-48
-47
-43
-24
-16
-20
-22
-15
-12
-37
-37
-10
-18
-18
-6
-12
-13
-11
2
-4
-19
-14
-18
-19
-38
-41
-18
-28
-30
-20
-17
-27
-30
-3
-16
-31
-14
-15
-29
-35
-17
-27
-49
-41
-36
-44
-54
-48
-42
-51
-33
-25
-29
-34
-25
-10
-33
-30
-19
-38
-38
-37
-39
-35
-41
-38
-37
-32
-26
-41
-27
-24
-31
-22
-13
6
-6
5
14
6
8
-7
0
-3
-4
1
-11
3
12
10
5
7
8
-12
10
27
-4
0
19
24
13
18
48
29
20
45
46
17
3
46
36
4
36
42
22
21
48
50
18
40
67
41
34
43
40
28
29
39
33
45
45
46
53
47
52
50
43
39
33
33
38
50
54
66
69
71
75
66
65
79
68
37
43
48
28
30
45
34
37
57
63
57
49
70
73
61
81
82
57
52
56
39
13
16
23
9
7
17
24
15
30
54
42
41
56
62
43
31
38
17
29
44
39
44
34
49
45
23
26
15
6
10
20
19
14
28
38
40
37
26
36
31
4
17
26
7
-2
8
17
-3
4
27
21
8
16
30
3
-1
31
20
15
34
40
21
2
13
4
-24
-24
-12
-9
-20
2
12
-4
20
27
21
23
8
8
2
1
2
-3
-6
-1
5
-12
-6
4
-20
-16
-3
-13
-16
-15
-4
-9
-21
-18
-9
-13
-18
0
-9
-31
-13
-6
-19
-28
-24
-17
-36
-51
-30
-27
-49
-33
-2
-7
-24
-9
-2
-19
-34
-20
-13
-58
-46
-19
-51
-52
-39
-38
-47
-50
-34
-41
-49
-46
-42
-44
-56
-40
-34
-39
-12
-13
-20
-17
-14
-6
-21
-28
-38
-32
-34
-59
-46
-56
-65
-64
-61
-42
-55
-48
-32
-36
-27
-26
-17
-19
-27
-20
-33
-27
-30
-43
-43
-56
-49
-50
-46
-25
-27
-18
-7
-10
-11
-12
-1
-13
-13
-10
-32
-34
-43
-52
-47
-48
-40
-31
-32
-31
-15
1
-22
-24
-2
-14
-15
-15
-19
-19
-24
-4
-9
-22
-3
5
-13
-25
-7
-8
-38
-36
-24
-22
-34
-27
-14
-26
-17
-11
-20
-21
-32
-24
-24
-32
-25
-32
-34
-35
-23
-13
-18
-11
-2
4
-3
-7
-4
-10
-14
-27
-26
-34
-44
-26
-30
-22
-9
-3
18
12
19
30
27
34
39
38
31
33
36
11
15
17
-3
6
11
15
9
6
26
14
10
27
38
41
34
48
52
49
62
72
75
66
72
74
62
48
46
43
16
26
23
9
20
20
33
30
26
50
45
40
55
64
63
56
65
62
48
48
37
35
34
19
27
28
35
55
44
53
76
73
73
75
74
69
55
42
54
48
26
48
46
24
33
37
35
27
29
46
41
25
26
44
37
30
51
52
51
52
36
31
24
14
5
4
7
0
-6
-3
11
14
15
25
29
26
20
16
9
4
-1
-13
-15
-20
-36
-32
-29
-39
-42
-35
-21
-13
-22
-11
1
-12
-11
3
-8
-8
4
-23
-25
-15
-37
-39
-37
-35
-45
-42
-24
-43
-35
-19
-23
-15
-17
-16
-26
-33
-17
-27
-50
-43
-35
-52
-54
-32
-37
-38
-22
-19
-26
-28
-15
-12
-22
-20
-15
-12
-21
-22
-15
-23
-35
-49
-53
-52
-71
-83
-74
-75
-69
-58
-50
-31
-29
-19
-14
-21
-21
-37
-38
-47
-60
-63
-73
-74
-71
-73
-68
-62
-67
-65
-70
-83
-72
-57
-61
-73
-68
-65
-69
-59
-52
-55
-57
-49
-44
-57
-65
-56
-52
-73
-73
-59
-76
-87
-76
-67
-71
-82
-68
-49
-41
-44
-34
-14
-31
-36
-37
-54
-64
-82
-82
-80
-83
-75
-67
-63
-56
-63
-62
-40
-44
-31
-21
-25
-13
-11
-30
-46
-44
-58
-71
-65
-69
-64
-55
-51
-36
-26
-28
-20
0
-6
-8
2
-8
-8
0
-7
-7
2
0
6
16
8
10
22
12
21
44
42
51
63
51
54
70
71
73
74
68
57
45
48
40
36
35
49
69
64
86
87
92
108
104
113
104
109
116
107
102
95
95
78
62
57
47
46
60
67
63
68
77
83
84
96
111
98
85
95
99
74
64
74
64
55
53
54
67
58
68
95
95
95
105
111
93
88
82
71
71
69
80
63
61
77
72
68
57
79
63
43
62
55
63
73
69
82
80
70
73
72
71
68
69
75
69
55
46
46
32
17
26
20
20
22
22
34
28
18
19
17
12
14
32
32
28
41
30
32
28
21
33
19
20
25
24
16
16
37
15
14
25
8
2
6
8
-1
-7
10
21
16
19
49
60
40
56
60
37
35
33
29
15
-5
-12
-23
-17
-7
7
13
20
53
42
27
41
29
20
14
18
22
4
1
-5
-18
-31
-47
-39
-51
-48
-41
-48
-27
-26
-28
-24
-23
-29
-27
-17
-29
-29
-38
-47
-49
-67
-71
-76
-87
-87
-81
-94
-102
-81
-83
-89
-81
-89
-82
-77
-93
-93
-82
-91
-88
-70
-64
-66
-63
-73
-85
-87
-89
-94
-98
-95
-86
-80
-88
-79
-71
-75
-81
-89
-80
-83
-92
-88
-85
-89
-90
-79
-74
-78
-82
-80
-81
-80
-81
-83
-79
-88
-75
-71
-89
-75
-51
-57
-60
-49
-43
-43
-54
-49
-44
-52
-61
-53
-46
-55
-46
-44
-64
-65
-49
-50
-64
-48
-40
-40
-30
-20
-1
0
5
11
3
8
4
14
24
12
17
15
1
-3
-11
-17
-30
-23
-8
-19
-6
-1
9
-2
-4
32
16
16
42
46
46
36
40
35
24
32
16
8
13
-3
-5
7
0
6
20
28
27
20
29
28
27
29
25
30
16
9
16
12
7
11
19
24
18
20
27
25
18
18
20
13
26
34
29
25
31
28
17
22
17
16
14
20
30
25
39
38
36
36
31
40
30
29
40
54
53
38
51
58
51
60
68
76
78
85
95
90
87
82
80
61
56
76
59
57
67
58
60
55
55
61
54
49
60
69
71
81
93
94
85
91
93
88
78
67
72
72
69
73
64
52
53
49
51
50
48
60
65
64
56
65
69
67
55
38
41
28
23
29
33
32
30
36
33
36
31
22
41
42
35
48
51
40
29
30
34
12
4
7
1
-8
-26
-26
-22
-29
-30
-29
-32
-34
-25
-17
-5
-4
-10
-12
-18
-16
-28
-43
-35
-33
-37
-42
-47
-45
-40
-50
-52
-52
-67
-61
-52
-68
-61
-50
-60
-56
-46
-53
-57
-59
-74
-70
-58
-63
-54
-42
-34
-28
-35
-49
-38
-24
-36
-46
-39
-38
-59
-67
-59
-60
-64
-59
-37
-38
-47
-36
-33
-44
-36
-35
-38
-33
-44
-44
-48
-39
-35
-49
-35
-26
-34
-40
-34
-36
-36
-28
-31
-23
-24
-35
-30
-21
-25
-32
-25
-23
-28
-30
-27
-32
-48
-45
-38
-48
-46
-35
-47
-53
-44
-36
-33
-31
-25
-17
-13
-17
-12
-4
-2
-13
-12
3
-7
-23
-30
-21
-37
-53
-45
-58
-61
-57
-60
-59
-53
-49
-49
-26
-20
-37
-23
-16
-24
-8
2
-5
-8
3
-2
-16
-21
-26
-24
-26
-25
-35
-39
-34
-31
-20
-11
-7
-11
-7
2
-4
0
12
11
7
7
9
2
-7
-8
-4
-9
-14
-3
2
8
21
30
38
47
47
49
52
44
49
52
37
29
29
12
2
7
-2
-8
1
14
15
26
43
54
47
56
84
79
68
83
91
72
72
67
51
47
40
38
42
40
44
51
46
60
66
59
62
56
70
68
67
85
85
81
78
90
78
63
79
70
58
65
66
62
53
56
59
49
50
49
41
46
63
66
55
56
61
55
51
56
46
36
40
45
50
40
34
29
22
14
8
18
10
6
18
19
16
24
23
5
8
3
-13
-4
3
8
12
13
18
6
2
9
-9
-17
-15
3
-1
-3
15
-2
-7
-3
-2
-7
-12
2
7
12
-1
-13
-2
-10
-5
4
1
9
8
18
28
7
9
0
-14
-9
-16
-24
-30
-23
-22
-29
-15
-7
-20
-12
-6
-11
-5
-9
-8
-5
-9
-2
3
-7
-15
-29
-50
-51
-51
-47
-30
-31
-34
-18
-15
-21
-16
-17
-24
-21
-26
-40
-40
-40
-56
-63
-50
-50
-51
-50
-44
-42
-50
-39
-42
-39
-25
-29
-25
-18
-16
-15
-20
-21
-25
-37
-36
-43
-48
-47
-52
-49
-34
-34
-31
-20
-23
-17
-12
-16
-11
-7
-1
-2
-2
6
11
2
-3
0
-15
-28
-35
-31
-20
-18
-12
-2
5
5
3
0
0
-9
-16
-12
-13
-10
-14
-16
-17
-17
-1
4
0
11
12
4
6
11
6
-5
4
9
0
-4
-3
-5
-21
-13
-10
-21
-4
-5
0
13
10
12
17
8
-3
2
3
2
-2
1
0
7
25
21
20
19
26
28
17
16
11
22
21
9
18
4
3
3
-5
3
3
3
1
2
3
3
8
8
-2
-16
-22
-19
-13
-14
-16
-2
7
1
4
4
10
13
19
22
19
19
9
5
-6
-11
-19
-26
-22
-26
-24
-27
-26
-30
-32
-17
-18
-18
-14
-10
-2
-6
-2
7
7
7
10
16
4
-5
-5
-10
-11
-15
-14
-9
-15
-2
8
-2
0
-2
-4
1
-6
-11
-3
7
2
2
8
-13
-14
-1
-3
5
3
20
31
26
33
32
35
35
48
57
48
40
32
31
25
18
20
25
24
22
18
29
31
17
22
21
18
28
30
39
52
61
68
73
79
75
65
67
54
39
36
40
33
26
44
42
29
24
15
19
20
14
12
7
5
16
22
18
22
15
8
12
7
11
18
19
20
22
18
10
1
-4
4
-1
-11
-14
-22
-32
-42
-35
-34
-42
-27
-21
-26
-32
-40
-44
-49
-55
-46
-37
-31
-23
-22
-9
-3
-5
-1
-7
-22
-21
-14
-28
-27
-22
-30
-32
-44
-41
-31
-34
-36
-30
-20
-26
-28
-20
-20
-22
-30
-37
-33
-32
-35
-26
-13
-13
-13
-8
-5
5
7
4
15
12
9
2
0
2
-19
-27
-22
-26
-34
-32
-26
-30
-23
-21
-14
-5
-10
2
7
-10
-1
7
-3
4
11
8
2
-2
9
6
-8
-5
-6
-11
-11
-12
-15
-11
-10
-15
-16
-11
-9
-17
-9
-1
-10
-5
0
0
5
2
5
11
6
-1
10
16
20
32
28
35
28
13
26
19
7
14
10
12
14
9
11
9
19
22
6
10
7
1
-7
-2
4
-1
1
7
12
6
22
19
14
31
25
19
15
13
6
5
6
2
-8
-21
-24
-35
-42
-41
-45
-45
-41
-39
-39
-35
-30
-34
-33
-27
-31
-36
-42
-54
-55
-45
-35
-33
-23
-22
-14
-15
-19
-12
-33
-33
-27
-45
-35
-30
-39
-39
-39
-38
-36
-38
-26
-17
-18
-5
0
-2
2
6
8
16
22
9
1
8
14
19
24
27
38
44
37
36
36
27
32
26
16
16
20
25
25
36
32
29
39
30
36
36
32
39
28
37
44
36
49
58
52
50
51
38
29
29
27
27
30
17
16
23
14
12
17
18
14
20
26
22
22
16
26
20
6
17
15
11
9
5
13
28
30
32
39
42
48
42
32
30
19
7
4
-6
-23
-17
-7
-5
-4
4
15
14
21
22
11
5
3
-5
-12
-12
-12
-5
-12
-18
-16
-20
-8
-16
-12
12
3
-1
1
-10
-15
-25
-39
-40
-53
-62
-57
-65
-59
-48
-57
-63
-51
-51
-53
-38
-33
-40
-43
-32
-28
-38
-28
-27
-31
-22
-22
-16
-24
-28
-14
-22
-23
-19
-26
-30
-33
-28
-30
-35
-31
-29
-25
-22
-18
-15
-23
-21
-15
-14
-9
-6
7
7
9
24
22
23
21
12
10
-6
-11
-1
-15
-15
-4
-4
-1
-2
0
-5
-1
5
0
-7
-7
4
0
-7
-3
-1
2
-2
10
10
-2
9
18
21
29
33
29
28
23
7
4
-3
-11
-14
-21
-14
-7
-3
5
10
14
21
18
5
9
12
-10
-9
11
4
-1
21
21
20
14
16
16
-11
-8
-6
-21
-27
-22
-24
-30
-26
-32
-44
-44
-39
-32
-34
-29
-15
-23
-31
-26
-30
-39
-54
-43
-41
-53
-39
-40
-42
-35
-20
-6
-9
-2
-1
-23
-35
-28
-35
-47
-40
-35
-40
-36
-31
-34
-34
-33
-31
-28
-30
-17
-11
-20
-24
-15
-8
-25
3
23
14
36
40
41
41
36
50
48
37
39
34
28
29
20
17
22
11
18
28
39
44
44
52
57
53
52
61
60
60
74
75
75
74
80
83
78
93
93
85
85
73
74
68
61
66
61
60
60
54
47
52
55
53
55
46
50
49
36
37
35
33
47
45
53
64
63
63
45
49
43
23
25
22
4
-7
2
1
-2
-4
-1
-9
-16
7
12
12
18
8
-9
-10
-13
-19
-16
-22
-14
-13
-13
9
16
8
13
24
25
20
15
16
3
-16
-14
-9
-23
-25
-19
-15
-7
-1
3
-11
-4
5
-13
-10
-7
-15
-11
-6
-7
-5
-8
-7
-4
-7
1
5
-1
8
18
14
18
16
0
-4
-17
-34
-37
-40
-33
-30
-25
-16
-22
-16
-29
-38
-24
-23
-28
-24
-4
-4
3
7
6
14
0
3
7
-8
-2
2
0
10
10
11
17
15
7
12
17
15
15
9
4
-5
-6
-4
-10
-12
-18
-9
-1
-1
13
8
17
36
34
49
55
51
49
40
37
17
5
-3
-11
-16
-24
-14
-16
-16
-14
-10
1
-14
-14
-12
-26
-25
-21
-30
-27
-17
-17
-22
-18
-16
-20
-21
-34
-31
-35
-40
-34
-41
-39
-37
-41
-47
-53
-69
-77
-75
-72
-80
-82
-77
-80
-68
-78
-81
-71
-73
-76
-74
-68
-73
-74
-74
-55
-39
-40
-28
-25
-34
-39
-48
-61
-61
-64
-70
-62
-58
-52
-47
-48
-47
-57
-64
-57
-64
-68
-69
-57
-46
-43
-23
-10
-6
-5
-4
-5
5
3
0
21
18
26
38
27
31
22
11
2
-5
4
12
27
32
32
34
29
39
37
32
32
34
32
28
40
51
59
67
68
83
83
82
94
85
77
78
69
64
56
46
49
47
43
56
62
39
47
58
38
43
47
42
41
37
45
45
42
37
36
38
41
39
42
56
51
51
54
54
49
39
29
27
31
26
23
38
39
26
35
33
32
33
22
27
24
19
22
20
22
13
10
12
6
18
21
29
40
30
36
31
28
30
15
8
10
1
-5
4
1
11
10
-9
-9
-12
-21
-23
-30
-37
-39
-38
-20
-17
-16
5
9
15
14
7
16
3
5
11
-13
-13
-11
-25
-25
-21
-25
-33
-32
-32
-22
-19
-18
11
9
3
20
9
3
9
-4
-12
-20
-22
-7
-10
-2
18
38
38
34
34
15
18
14
-4
6
9
3
3
11
12
0
0
-1
-12
-17
-26
-25
-23
-20
0
16
19
19
22
27
33
20
9
14
10
5
12
13
7
5
-5
-20
-28
-27
-33
-38
-34
-30
-28
-28
-25
-21
-27
-33
-36
-48
-37
-34
-42
-29
-29
-24
-8
-12
-9
-12
-17
-17
-31
-48
-61
-71
-74
-80
-85
-79
-79
-81
-72
-75
-70
-59
-54
-50
-53
-43
-35
-44
-37
-50
-64
-64
-75
-70
-74
-73
-59
-70
-63
-43
-48
-49
-45
-56
-55
-54
-76
-73
-63
-72
-71
-72
-63
-61
-64
-48
-61
-64
-53
-61
-57
-52
-54
-51
-43
-37
-30
-32
-32
-21
-26
-29
-20
-25
-26
-18
-25
-28
-14
-11
-16
-19
-20
-15
-14
-9
6
8
11
18
25
22
20
23
23
24
23
34
49
51
56
65
69
75
76
71
72
63
52
48
44
39
37
39
41
56
74
77
81
92
97
97
92
91
95
85
76
78
75
60
57
65
63
54
67
81
79
87
88
88
80
76
72
57
53
47
42
42
45
52
56
62
55
57
54
41
44
37
31
23
23
31
20
22
22
20
27
21
32
49
53
61
64
64
59
45
46
41
33
26
31
34
24
20
3
3
3
-6
4
0
2
6
5
14
16
15
25
34
44
42
50
54
44
49
36
20
7
-9
-2
-20
-26
-6
-21
-30
-18
-18
-22
-28
-22
-23
-30
-33
-34
-28
-35
-43
-45
-55
-50
-45
-43
-39
-26
-17
-23
-16
-17
-30
-39
-51
-52
-59
-69
-55
-50
-55
-51
-48
-42
-38
-41
-40
-38
-34
-44
-44
-40
-51
-42
-20
-23
-25
-5
2
-10
-3
8
5
14
25
21
8
8
9
-7
-24
-27
-31
-38
-34
-41
-46
-36
-33
-40
-37
-34
-39
-34
-27
-17
-9
-12
-1
13
21
21
14
17
13
0
-14
-16
-26
-44
-43
-53
-63
-59
-56
-50
-55
-44
-40
-48
-42
-36
-20
-12
-20
-13
-15
-24
-14
-12
-21
-11
-1
7
12
10
18
11
6
1
-10
-16
-27
-25
-27
-41
-33
-21
-29
-29
-18
-16
-17
-10
-4
-12
-14
-7
-10
-14
-5
-8
-14
-8
-9
-7
0
1
-3
2
19
19
6
0
4
3
-8
-15
-13
-20
-16
-26
-37
-20
-29
-31
-15
-14
-6
-7
5
12
11
33
34
33
45
52
49
44
43
26
14
15
16
5
8
18
15
21
21
30
53
46
42
52
49
48
47
42
37
24
17
14
5
5
20
24
30
44
49
63
69
64
58
54
46
37
38
26
15
14
6
7
11
14
21
25
25
21
20
15
10
5
-3
-15
-31
-30
-33
-36
-19
-15
-6
8
15
24
32
50
56
47
41
28
22
7
-14
-16
-17
-23
-34
-28
-21
-20
-14
-4
-6
-12
-8
-2
-1
-8
-1
10
8
16
20
19
25
18
8
5
4
-8
-20
-21
-35
-26
-20
-34
-25
-22
-19
-26
-23
-5
-16
-17
-2
-2
-14
-24
-16
-24
-30
-17
-25
-16
-3
-3
7
10
6
1
3
7
-12
-20
-15
-32
-43
-44
-24
-20
-20
-10
6
14
13
19
12
15
17
3
-3
-11
-11
8
-7
-17
7
19
23
21
27
39
34
36
47
35
29
30
13
-6
-9
-14
-18
-9
-5
-1
10
10
8
5
-6
-4
6
1
-5
1
13
13
10
16
30
28
16
16
16
13
-2
-13
-26
-27
-32
-46
-38
-44
-50
-37
-35
-39
-33
-31
-30
-34
-33
-31
-27
-19
-28
-37
-31
-27
-35
-37
-28
-23
-37
-39
-33
-48
-46
-52
-70
-63
-71
-68
-58
-66
-51
-32
-33
-28
-7
1
-8
-11
-10
-28
-37
-38
-52
-56
-52
-49
-51
-41
-28
-19
-4
4
12
6
6
11
2
-3
-2
-5
-13
-18
-26
-17
-9
-14
9
28
19
23
32
25
28
19
10
18
11
7
16
16
16
18
24
30
25
19
23
18
6
15
23
18
21
23
12
12
23
20
17
17
21
31
38
32
33
36
31
32
21
17
19
19
20
25
35
32
31
23
16
17
4
6
-1
-14
-6
-3
2
6
14
22
22
28
22
11
15
2
-14
-9
-12
-19
-14
-19
-14
-4
-8
-3
14
23
28
36
34
29
22
10
1
-21
-29
-30
-42
-51
-44
-39
-44
-23
-12
-6
-2
-6
5
5
2
4
-1
-9
-4
5
2
10
11
16
23
11
12
10
6
12
9
9
3
-8
-6
-16
-12
-8
-23
-6
1
4
9
9
16
17
19
21
25
20
25
31
17
22
32
22
25
27
18
25
25
22
26
26
25
24
33
39
36
34
35
29
24
32
25
5
5
5
-5
-6
-2
2
-2
14
25
18
22
42
52
50
57
56
50
49
47
38
25
23
18
8
11
7
3
7
3
12
16
6
7
9
2
-12
-13
-8
-17
-17
-1
-3
-6
1
4
9
-2
1
7
-5
-8
-11
-13
-13
-22
-25
-32
-35
-30
-46
-54
-50
-45
-48
-52
-45
-44
-41
-47
-49
-51
-51
-39
-35
-36
-35
-22
-26
-41
-39
-54
-61
-53
-52
-51
-48
-41
-43
-45
-36
-32
-35
-37
-28
-22
-42
-49
-51
-53
-52
-59
-48
-49
-47
-28
-22
-5
2
9
23
28
21
16
25
12
-1
-8
-23
-28
-35
-34
-22
-20
-15
-5
-3
9
17
10
3
2
3
-5
-1
3
-4
4
17
8
10
25
28
32
37
44
51
45
41
39
34
33
32
29
27
19
20
12
11
22
23
25
17
12
14
18
24
25
30
30
31
33
32
36
39
44
46
43
46
46
36
36
41
38
27
26
33
29
14
22
27
15
13
9
2
-4
-7
-6
3
-1
-5
0
-7
6
19
12
18
34
41
29
33
37
15
9
14
11
-2
0
-2
-8
-9
-16
-13
-13
-12
-9
-16
-20
-27
-29
-35
-45
-32
-26
-36
-31
-26
-28
-23
-13
0
-1
-1
5
3
-13
-21
-14
-17
-30
-30
-32
-46
-51
-49
-48
-47
-43
-31
-38
-49
-43
-44
-49
-48
-49
-41
-39
-43
-29
-24
-28
-17
-14
-17
-6
-5
-2
-1
4
13
3
0
1
7
2
-2
11
8
8
13
0
2
3
-6
4
-6
-12
1
5
3
10
21
16
19
29
25
19
26
35
29
30
34
29
31
23
19
14
-1
-1
-8
-14
-15
-29
-29
-31
-35
-28
-32
-27
-17
-12
0
1
11
25
15
23
30
20
25
20
11
11
8
17
19
6
8
3
-10
-6
-12
-8
7
5
11
5
1
10
7
13
19
16
14
13
14
13
20
27
33
42
39
44
53
54
57
60
56
53
45
33
27
16
4
4
-3
-18
-22
-24
-26
-22
-25
-22
-10
-4
4
14
11
20
27
22
24
31
22
21
17
14
16
1
16
21
10
13
7
5
-4
-5
-4
-22
-21
-14
-18
-13
-13
-12
-7
3
15
19
22
28
29
29
28
40
42
37
48
47
40
35
39
47
51
44
42
42
31
33
26
22
27
22
13
5
0
-7
0
5
1
5
5
-6
-1
5
9
20
24
27
30
36
38
29
32
36
24
14
-4
-28
-31
-37
-54
-52
-45
-45
-55
-55
-50
-54
-45
-30
-33
-25
-18
-27
-19
-6
-7
-12
-12
-11
-12
-17
-28
-29
-31
-29
-20
-23
-26
-33
-35
-36
-50
-53
-51
-61
-59
-53
-64
-69
-77
-81
-70
-77
-72
-57
-64
-61
-57
-46
-46
-47
-35
-37
-31
-31
-34
-30
-42
-47
-57
-61
-58
-66
-66
-71
-70
-77
-75
-68
-86
-77
-68
-76
-67
-66
-60
-57
-61
-49
-45
-50
-37
-15
-7
2
17
26
29
32
39
45
32
28
32
25
11
-6
-1
2
0
7
-3
-1
11
8
17
20
33
46
38
44
47
49
48
52
64
63
61
62
68
63
62
69
61
53
49
51
47
32
30
24
23
27
16
13
9
11
18
17
22
23
20
24
34
38
41
42
40
44
43
47
54
45
48
57
52
50
49
56
57
46
50
52
50
41
36
35
26
24
19
-2
-3
4
2
3
4
16
24
27
50
60
56
69
79
69
70
67
53
54
42
32
25
13
5
-5
-6
-7
-11
-15
-15
-9
-11
-4
9
5
18
21
15
20
15
20
29
21
28
28
26
22
16
28
25
31
34
25
23
12
4
6
8
9
16
18
11
4
9
12
4
-4
-3
-8
-8
6
-4
2
16
6
17
22
13
24
22
20
20
21
28
20
19
16
12
22
13
6
-8
-14
-16
-35
-31
-36
-46
-49
-63
-60
-58
-55
-44
-42
-30
-21
-18
-7
-7
6
5
-7
-10
-24
-17
-21
-37
-41
-49
-56
-65
-75
-73
-64
-64
-72
-69
-69
-69
-65
-66
-61
-59
-59
-55
-68
-73
-66
-61
-50
-55
-49
-40
-38
-35
-43
-36
-37
-43
-46
-61
-67
-69
-75
-67
-60
-72
-76
-70
-76
-87
-81
-76
-82
-71
-60
-57
-57
-57
-49
-43
-38
-40
-39
-36
-28
-26
-22
-12
-14
-18
-11
-12
-22
-15
-16
-27
-29
-30
-28
-35
-37
-50
-50
-45
-45
-42
-44
-32
-30
-24
-11
-7
0
11
9
12
21
13
15
13
7
2
-13
-13
-14
-25
-18
-17
-30
-33
-31
-25
-29
-29
-21
-22
-21
-23
-24
-12
-8
0
1
4
21
34
37
41
47
50
46
37
30
27
30
22
17
13
7
12
10
8
14
16
13
13
19
21
21
26
36
41
37
40
46
50
44
46
48
49
62
60
61
68
67
74
69
69
69
58
56
57
49
41
38
31
19
19
16
9
12
7
11
16
23
35
35
41
55
65
67
76
75
66
78
80
83
86
78
83
82
75
74
75
71
59
50
49
33
33
39
37
39
31
31
35
45
56
52
57
76
89
86
85
90
93
94
98
90
79
75
66
56
47
39
39
38
32
27
28
24
19
14
10
16
13
16
31
23
31
35
26
28
13
12
17
15
13
13
26
22
14
30
37
33
44
45
43
48
35
20
16
14
1
-10
-20
-24
-29
-32
-28
-24
-17
-5
3
15
23
23
33
35
32
35
36
41
36
33
39
34
24
27
18
17
16
-2
-7
-26
-40
-48
-56
-54
-69
-68
-50
-53
-43
-36
-33
-17
-18
-10
-10
-11
-15
-20
-18
-22
-31
-50
-43
-48
-55
-64
-78
-73
-72
-79
-84
-79
-80
-73
-77
-82
-84
-72
-84
-100
-79
-86
-75
-66
-70
-49
-50
-60
-59
-61
-57
-54
-53
-46
-51
-59
-62
-56
-57
-53
-51
-61
-64
-59
-62
-81
-78
-72
-83
-79
-87
-90
-75
-80
-72
-61
-57
-48
-43
-44
-40
-35
-44
-45
-44
-50
-49
-55
-56
-46
-57
-63
-57
-61
-63
-64
-67
-69
-62
-67
-66
-50
-59
-55
-39
-44
-38
-23
-22
-17
-14
-10
-7
-22
-20
-11
-14
-15
-17
3
11
1
4
4
1
16
9
8
18
15
21
8
14
30
23
14
9
21
19
16
21
19
38
34
26
32
31
35
44
52
54
59
58
49
60
58
61
65
46
39
37
29
27
24
32
31
25
35
46
52
50
58
62
60
58
65
72
70
74
70
72
73
65
75
78
73
84
77
65
66
54
43
45
36
33
41
29
35
44
38
58
62
67
79
81
88
89
94
94
84
84
79
78
70
51
47
47
42
42
41
45
55
54
54
58
55
45
43
38
40
43
29
34
41
37
36
41
43
43
56
52
42
43
34
29
32
31
33
28
34
36
36
42
27
19
19
13
3
1
7
-4
-4
5
-4
-10
-19
-15
-18
-12
2
-5
-2
-1
12
13
1
13
7
3
5
3
13
7
-3
-2
-11
-5
-17
-37
-42
-60
-65
-56
-57
-51
-38
-39
-41
-29
-19
-14
-14
-11
7
-3
-13
-7
-17
-28
-34
-37
-41
-44
-48
-53
-47
-50
-54
-47
-54
-55
-64
-59
-51
-67
-59
-47
-57
-57
-45
-52
-62
-60
-59
-60
-60
-61
-55
-49
-52
-52
-44
-41
-47
-49
-48
-48
-46
-51
-46
-47
-56
-44
-55
-73
-63
-62
-76
-73
-61
-58
-55
-51
-45
-35
-27
-18
-9
-2
-1
4
12
4
1
0
-12
-13
-18
-15
-15
-29
-19
-13
-23
-27
-22
-27
-35
-31
-23
-20
-19
-16
-5
-7
-5
2
2
2
-4
2
12
9
7
1
-5
-14
-23
-23
-14
-6
-9
-6
-1
-5
1
1
-6
0
-7
-20
-19
-11
-8
-6
-2
5
10
1
6
15
8
13
18
15
21
20
18
14
19
25
18
19
13
21
28
22
26
12
14
19
6
9
1
3
17
17
28
38
31
20
26
28
27
34
29
32
36
33
38
31
22
28
19
11
14
18
15
10
17
15
10
7
6
4
-7
-11
2
6
6
10
9
18
21
22
26
26
25
33
42
41
50
40
33
29
13
21
20
17
24
20
25
23
21
17
-1
4
7
1
3
11
21
31
26
36
45
40
42
52
55
42
44
42
31
21
16
19
13
14
25
25
27
41
40
44
47
41
36
28
15
6
9
2
5
18
14
12
17
17
9
7
13
20
24
33
40
33
27
26
25
18
18
19
15
17
10
11
5
-2
-5
-11
-5
-17
-20
-5
-6
1
6
12
20
10
8
15
8
15
24
20
17
27
23
7
6
3
-3
-8
-11
-10
-4
-12
-8
3
-6
-9
-18
-12
-9
-21
-14
-8
-9
-8
-12
-15
-9
-5
-10
-14
-12
-13
-17
-17
-11
-11
-8
-1
-8
-9
1
-1
-1
7
0
-5
-8
-17
-28
-33
-35
-38
-35
-39
-40
-40
-45
-41
-34
-32
-27
-17
-10
-6
-5
-3
-3
-12
-14
-19
-21
-21
-21
-17
-21
-15
-11
-22
-27
-36
-45
-54
-51
-48
-47
-38
-34
-25
-34
-32
-23
-34
-31
-23
-26
-21
-26
-20
-14
-17
-5
-11
-21
-15
-27
-34
-32
-34
-31
-29
-22
-35
-48
-44
-56
-67
-61
-57
-57
-48
-44
-42
-41
-36
-23
-26
-32
-18
-18
-20
-14
-16
-11
-13
-15
-21
-24
-12
-7
-6
-15
-20
-15
-21
-30
-24
-25
-33
-36
-35
-27
-33
-29
-21
-21
-14
-3
12
16
20
27
33
44
41
32
28
32
37
29
27
27
17
18
21
23
17
11
11
4
-5
-5
3
4
1
5
6
9
12
12
20
29
33
40
42
41
44
37
36
34
29
25
20
23
30
35
29
38
34
21
18
15
18
13
4
7
13
14
24
26
31
38
40
56
57
52
56
61
63
50
48
49
34
27
18
8
17
21
32
39
37
43
45
37
36
42
32
20
18
19
8
-2
1
6
12
17
28
41
36
43
49
47
50
47
35
25
25
9
0
2
6
7
0
4
5
1
-2
8
8
-4
2
-2
-8
-10
-19
-13
-6
-8
-2
5
14
24
27
25
28
29
14
9
4
-10
-8
-10
-13
-17
-13
-8
-18
-22
-19
-22
-26
-27
-27
-27
-26
-22
-36
-35
-17
-23
-26
-17
-22
-19
-8
-12
-20
-19
-14
-24
-40
-36
-41
-47
-46
-39
-30
-35
-31
-19
-19
-23
-32
-28
-22
-40
-49
-37
-41
-53
-46
-38
-38
-33
-27
-23
-27
-21
-5
-9
-16
-11
-4
-6
-21
-20
-16
-28
-30
-30
-33
-23
-19
-26
-27
-21
-26
-30
-25
-24
-27
-26
-29
-40
-32
-19
-15
-15
-10
5
-5
0
15
0
-7
-11
-11
-11
-18
-14
-8
-8
-17
-18
-12
-13
-12
-9
-9
-8
-12
-11
-14
-16
-14
-8
8
11
10
13
19
26
22
31
32
25
24
14
9
8
8
10
8
21
32
23
24
30
26
25
25
26
9
-2
3
5
5
6
6
13
25
23
29
36
36
43
47
43
37
32
30
21
10
16
12
0
6
6
3
9
19
22
23
27
17
9
7
5
6
-5
-5
3
6
11
21
34
38
36
42
41
35
31
14
15
22
11
7
15
12
2
1
8
8
-9
-2
6
1
3
-9
-4
-5
-11
-3
-3
0
-3
5
11
9
16
15
14
11
4
-4
-17
-24
-25
-21
-32
-31
-15
-10
-4
-2
1
9
-2
-6
-8
-12
-17
-25
-22
-18
-12
-12
-6
8
8
19
24
19
18
8
14
15
-7
-12
-18
-21
-22
-28
-28
-17
0
7
5
2
6
10
5
1
-9
-10
-13
-33
-35
-37
-31
-18
-16
3
7
13
11
5
15
6
-4
-13
-15
-18
-26
-23
-23
-17
-18
-19
-7
-10
-6
-2
4
15
4
7
2
-3
4
-7
-11
-8
3
20
17
20
31
32
33
23
22
26
16
13
21
19
8
16
24
22
27
23
22
8
2
11
6
8
9
10
2
-2
9
1
6
15
18
24
28
28
25
32
23
13
16
5
4
8
2
4
1
8
13
6
12
15
13
8
10
20
9
0
8
11
1
2
16
29
24
25
40
36
33
34
25
21
16
8
8
16
9
-2
8
13
8
11
14
16
12
8
10
-1
-10
-1
-12
-19
-19
-13
-2
-1
5
14
18
11
11
11
5
2
-2
-10
-26
-35
-25
-23
-26
-16
-6
-11
-26
-23
-27
-36
-37
-42
-42
-53
-67
-61
-59
-63
-55
-41
-26
-11
-6
-4
10
4
-7
-8
-22
-36
-55
-63
-54
-67
-78
-67
-53
-57
-65
-52
-44
-44
-42
-47
-51
-53
-63
-83
-79
-72
-71
-72
-66
-44
-48
-47
-26
-27
-27
-28
-32
-35
-47
-52
-57
-67
-63
-62
-60
-61
-57
-52
-57
-54
-46
-43
-53
-45
-41
-60
-48
-49
-51
-40
-45
-36
-22
-21
-18
-11
1
0
-10
-6
-2
0
0
-4
-4
4
8
8
8
5
0
-4
-4
-12
-19
-21
-21
-26
-32
-26
-12
-1
14
27
47
66
76
82
84
81
73
61
50
46
32
25
28
34
31
28
46
55
52
53
55
66
67
54
48
43
35
33
34
42
47
49
62
72
72
78
93
98
90
86
87
79
61
59
57
48
58
70
66
64
70
71
67
68
71
64
54
55
56
39
30
41
44
34
39
57
59
56
61
70
68
61
61
52
50
51
50
58
62
58
55
58
48
34
31
14
1
-3
3
-4
-20
-11
-7
-5
1
11
19
21
47
57
43
52
60
50
38
28
21
15
4
-8
5
8
-2
4
19
17
-2
-11
-13
-15
-31
-46
-30
-25
-44
-41
-12
-1
-16
-17
7
20
17
15
26
23
0
-2
1
-18
-37
-39
-34
-45
-44
-30
-25
-19
-14
-25
-29
-22
-30
-54
-61
-53
-53
-65
-72
-53
-37
-37
-37
-18
5
-3
-15
-2
10
-12
-32
-8
11
-8
-28
2
32
9
-1
21
21
1
-18
-19
-13
-27
-36
-31
-29
-30
-32
-24
-25
-5
24
13
20
44
50
31
20
30
30
2
-25
-8
7
-11
-22
5
20
7
3
1
3
-17
-42
-29
-29
-48
-46
-35
-34
-28
-8
-4
-4
19
29
23
25
24
25
18
-4
-11
-4
-10
-44
-26
8
-10
-15
15
39
23
1
15
16
-13
-28
-15
-25
-32
-27
-30
-15
-10
-8
4
11
19
17
15
19
8
3
7
-8
-24
-15
-17
-30
-6
10
-16
-18
-11
-32
-55
-59
-61
-75
-88
-79
-76
-88
-85
-78
-63
-59
-56
-44
-39
-32
-43
-45
-46
-72
-85
-88
-97
-100
-103
-95
-93
-91
-85
-88
-78
-80
-85
-85
-88
-98
-102
-92
-102
-95
-76
-63
-43
-44
-30
-12
-7
18
17
10
19
7
-11
-16
-13
-38
-50
-29
-16
-1
1
16
42
54
41
19
52
66
33
34
66
73
57
67
101
121
121
127
158
191
194
196
227
241
230
212
212
227
205
186
195
207
220
218
209
214
230
214
183
189
186
151
125
137
134
99
108
127
117
113
123
129
105
90
88
60
19
-5
-22
-56
-100
-126
-140
-160
-203
-236
-236
-259
-298
-312
-314
-328
-367
-397
-383
-368
-404
-422
-377
-344
-372
-392
-346
-314
-328
-335
-309
-279
-297
-332
-325
-289
-290
-326
-320
-272
-237
-255
-271
-229
-203
-204
-209
-184
-148
-154
-148
-129
-104
-87
-89
-45
3
9
23
77
129
153
191
222
245
287
304
309
326
374
410
411
448
500
518
507
525
573
563
512
505
531
525
483
481
540
582
530
478
564
629
567
531
610
664
589
537
566
589
568
555
552
487
392
261
133
99
76
-25
-99
-29
-9
-240
-468
-452
-422
-619
-776
-619
-460
-579
-705
-624
-553
-662
-784
-721
-550
-522
-625
-597
-452
-443
-570
-608
-475
-337
-375
-467
-369
-216
-327
-518
-438
-302
-371
-437
-357
-266
-294
-406
-458
-422
-417
-481
-476
-357
-260
-283
-366
-352
-269
-301
-380
-314
-174
-135
-169
-140
-60
-7
-32
-29
115
216
175
178
260
275
219
213
289
395
415
386
442
506
470
414
435
473
499
517
514
530
545
497
411
389
458
497
453
428
534
643
536
423
568
684
563
529
679
723
595
509
523
439
166
-4
164
313
111
-112
1
96
-239
-653
-636
-389
-470
-727
-601
-297
-371
-666
-691
-469
-423
-624
-623
-277
-63
-247
-394
-192
5
-102
-254
-145
96
157
29
25
173
160
-9
-40
56
40
-38
-35
27
41
-101
-263
-239
-207
-444
-633
-367
-163
-424
-516
-194
-196
-619
-651
-328
-383
-620
-390
6
-46
-246
-156
3
17
-48
-55
143
407
380
180
234
339
172
81
215
290
309
305
247
252
269
91
-44
148
263
153
161
260
260
157
65
100
224
243
216
367
522
450
367
501
675
656
657
907
1042
843
776
925
636
80
197
785
762
206
167
648
529
-392
-861
-346
-44
-571
-831
-302
57
-324
-806
-695
-302
-396
-841
-706
-17
147
-320
-455
-52
168
-120
-367
-89
276
195
-20
49
192
157
16
-98
-61
79
98
10
24
57
-39
-205
-345
-255
-23
-184
-563
-407
-87
-509
-970
-552
-169
-577
-844
-437
-288
-725
-829
-496
-467
-535
-255
-129
-312
-181
20
-198
-203
185
192
-25
233
486
199
4
228
340
165
122
329
361
154
98
174
114
58
172
203
121
174
232
136
81
180
242
231
289
427
503
487
610
817
849
853
968
1035
946
652
256
275
826
925
286
211
951
913
-234
-762
-153
58
-622
-870
-274
53
-334
-714
-642
-434
-506
-860
-918
-389
-2
-265
-526
-209
179
24
-368
-353
66
232
-7
-105
53
187
172
3
-136
-36
120
34
-104
12
137
-18
-206
-124
-4
-198
-504
-559
-351
-319
-726
-893
-326
-45
-803
-1178
-386
-193
-1045
-1024
-96
-126
-734
-332
235
-227
-519
42
197
-81
262
623
315
278
643
417
32
400
735
388
219
577
669
285
212
545
505
138
200
546
491
274
399
520
367
337
409
293
246
515
742
742
804
958
970
863
848
690
-22
-687
-279
727
837
164
323
1074
291
-1577
-1626
-100
-133
-1482
-1253
129
243
-550
-767
-743
-1039
-1290
-1214
-703
203
777
363
-324
-204
280
19
-556
-206
685
869
511
418
418
55
-533
-990
-879
-165
275
-52
-456
-522
-737
-1349
-1916
-1829
-1187
-911
-1139
-823
-295
-1090
-2427
-2127
-734
-434
-698
302
1328
552
-332
279
594
-43
364
1480
1472
1190
1454
875
-394
-530
169
314
239
534
513
-118
-548
-502
-642
-864
-373
517
930
999
1031
645
55
109
722
1270
1787
2208
2021
1432
1202
1284
1121
1051
1600
2238
2453
2537
2430
1514
-324
-2623
-4008
-2722
70
828
-481
-1005
-1296
-3471
-5353
-4110
-1895
-1303
-783
1001
2164
1446
45
-790
-600
712
2428
3601
4157
4117
2924
763
-870
-1014
-392
-83
-62
151
167
-841
-2716
-4396
-5054
-4544
-3346
-2040
-788
113
-62
-1206
-2007
-1832
-1300
-534
856
2324
3152
3345
2658
1092
-180
-674
-929
-330
1482
2353
976
-583
-1150
-2199
-3487
-3049
-1523
-672
68
991
500
-1366
-2539
-2294
-1257
425
2358
3283
2756
1618
570
-83
-96
420
1133
1961
2724
2777
1759
194
-1046
-1467
-948
300
1457
1775
1299
400
-524
-882
-510
8
436
1214
2282
2857
2601
2069
1705
1311
616
-479
-1582
-1521
-8
1130
455
-748
-1353
-2566
-4510
-4777
-2625
-515
-46
65
779
828
-363
-1207
-476
1080
2446
3322
3823
3778
2643
594
-1162
-1665
-1082
-92
477
183
-769
-1975
-3343
-4531
-4803
-3867
-2417
-1209
-190
631
619
-364
-1223
-1032
-50
979
2068
3344
3890
2831
872
-1018
-2519
-2719
-1144
827
1823
1700
322
-2198
-4276
-4279
-2751
-1097
544
1909
1995
900
-523
-1943
-2463
-950
1741
3694
4210
3361
1319
-879
-1967
-1397
443
2153
2500
2076
1530
246
-1407
-2060
-1481
-257
1177
2198
2370
1644
385
-645
-759
44
1227
2186
2719
3014
3062
2598
1548
435
-869
-2959
-4101
-1683
1894
1809
-826
-1917
-2573
-5254
-6655
-3789
-188
687
812
1955
2292
748
-1042
-1005
872
3031
4464
5238
4629
2297
-236
-1947
-2964
-2495
-484
456
-678
-1878
-2409
-3784
-5744
-6295
-4676
-2052
-48
859
1416
1571
406
-1048
-865
607
1895
3142
4232
4096
2716
797
-1371
-2623
-2006
-1064
-841
-47
986
-346
-3352
-4610
-3780
-2881
-1605
768
2541
2469
1313
-89
-1104
-922
275
1908
3534
4424
3875
2135
123
-1327
-1646
-739
768
1855
2041
1314
108
-999
-1623
-1372
-167
1105
1794
2145
2010
1180
368
382
1048
1808
2457
3102
3475
3124
2098
907
-521
-2967
-5085
-3804
57
1599
-157
-1820
-2620
-4715
-7079
-5807
-1702
618
793
1886
2995
1795
-333
-778
510
2340
4200
5618
5560
3620
878
-1657
-3330
-3532
-1959
-211
-238
-1649
-2810
-3837
-5596
-7018
-6272
-3395
-577
938
1834
2309
1350
-351
-967
39
1962
3503
3996
3932
3505
1934
-599
-2842
-3647
-2803
-1345
-177
733
467
-2064
-5012
-5483
-3353
-973
456
1783
3109
2800
948
-405
-620
-120
1245
3201
4520
4504
3097
590
-1887
-2491
-1078
747
1847
1947
1219
19
-1167
-1458
-592
381
1422
2743
2944
1941
1474
1351
745
987
2687
3821
3285
2823
2712
1131
-1662
-4075
-5149
-3595
-233
1036
-219
-1403
-2585
-5151
-7031
-5225
-1206
1188
1703
2494
3212
2462
592
-207
1098
3200
4491
5062
4709
3117
731
-2087
-4111
-3899
-1879
-501
-932
-2250
-3302
-4681
-6245
-6543
-4981
-2137
490
1640
2009
2564
1795
-271
-937
829
2769
3287
3453
4144
3785
1109
-2148
-3921
-3980
-3186
-1748
137
884
-1092
-4263
-5680
-4861
-3338
-1519
1236
3662
3836
2346
1029
-85
-1059
-423
2394
5172
5545
3979
1926
-529
-2678
-2781
-903
1254
2350
2192
1105
-670
-2218
-2418
-1489
231
2511
4127
4119
2985
1393
267
543
1934
3183
3878
4420
3585
247
-3656
-5593
-5559
-3717
-1034
592
453
-1055
-3578
-6220
-6930
-4595
-1083
988
2407
3798
3882
2420
815
364
1606
3279
4182
4885
4923
3099
-444
-3807
-5367
-4750
-2958
-1364
-1141
-1965
-3224
-5176
-6641
-6213
-4278
-1810
591
2175
3292
3773
2505
306
-287
1160
2663
3525
4400
4598
2978
-108
-3586
-5280
-4148
-2640
-1934
-231
1008
-1526
-5507
-5803
-3366
-2355
-1558
1732
4637
4269
2609
1274
33
-407
775
3074
5393
6004
3881
403
-2111
-2858
-2139
-436
1069
1558
1108
97
-739
-951
-1098
-670
1263
2976
3367
3878
4154
2533
1182
2251
3327
2631
1860
1220
-1411
-4831
-5207
-2232
-265
-1147
-2551
-2796
-3252
-4982
-5618
-3042
142
685
895
2417
3116
2213
1734
2127
2919
4004
4794
4430
2995
1355
-611
-2389
-3584
-3957
-3358
-2497
-3136
-4039
-3766
-4232
-5833
-5850
-3464
-811
1121
2306
3001
2895
2083
951
863
2118
2632
2288
3358
4648
2778
-808
-3272
-4540
-4968
-3535
-918
479
-330
-2279
-4228
-5072
-4053
-2099
367
3023
4363
3690
2333
1002
-49
52
1746
3895
5115
5246
3887
941
-1872
-2840
-2320
-686
1111
1862
1548
267
-1260
-1654
-950
270
2192
3823
3961
3178
2985
3286
2785
2190
2387
1406
-1383
-3415
-3591
-2388
-702
-290
-1472
-2970
-4101
-5169
-5553
-3662
-437
1038
1134
1751
2156
1679
1009
1229
2917
4839
5213
4529
3302
1566
-410
-2288
-3509
-3538
-2674
-2074
-2709
-3920
-4383
-5084
-6102
-5818
-3832
-1327
745
1776
2199
2662
2681
1834
894
1268
1944
1734
2247
4046
3642
-73
-3769
-4866
-4375
-3811
-1935
784
670
-2363
-4193
-3996
-3593
-2980
-691
2509
4060
3732
3191
2229
482
-387
557
2876
5046
5542
4012
1417
-929
-2128
-2228
-1013
966
1672
993
309
-113
-754
-1047
-333
1191
2429
3259
3972
3855
3098
2739
2434
896
-1241
-2774
-3462
-3067
-951
980
411
-1653
-3637
-5318
-6415
-5493
-2437
743
2087
2251
2192
1576
294
-214
1146
3438
5129
5756
5431
3610
778
-2238
-4307
-4813
-3894
-2464
-1499
-1837
-3127
-4515
-5899
-6696
-6021
-3362
-86
2167
3004
3477
3303
1929
353
45
1168
2324
2852
3530
4124
2191
-2073
-5198
-5303
-4400
-3336
-1024
1216
422
-2558
-3970
-3495
-3147
-2537
26
3253
4832
4446
3283
1701
98
-339
1129
3707
5538
5420
3418
833
-1214
-2193
-1988
-537
1229
1999
1632
1084
534
-452
-842
321
1880
2639
3306
3955
3582
2671
2041
591
-2499
-5528
-5592
-2409
844
1514
576
-749
-3257
-6745
-7861
-4609
-366
1327
1825
3103
3291
1299
-728
-641
997
2817
4280
5373
5404
3737
628
-2794
-5160
-5546
-4027
-2497
-2274
-2714
-2993
-4204
-6121
-6727
-4917
-1866
664
2147
3272
4195
3891
2210
584
489
1195
1653
2239
3469
3392
715
-2551
-4086
-4378
-4166
-2773
-574
533
-439
-1796
-2241
-2240
-2203
-1193
638
2588
4140
4355
3092
1628
937
873
1650
3374
4870
4740
3333
1563
-97
-1206
-985
104
720
971
1770
2119
834
-224
323
1047
1300
2299
3500
3519
3085
2786
475
-4619
-8309
-6942
-2260
1229
2004
1604
135
-3968
-8548
-8133
-3043
815
1660
2828
4308
3488
1062
-393
-445
267
1373
2746
4295
4591
2589
-584
-3559
-6252
-6962
-4691
-2221
-2044
-2284
-2073
-3609
-6327
-6787
-4304
-1335
888
2476
4224
5338
3978
748
-954
-600
-225
578
2870
4541
3139
-278
-3603
-5297
-4914
-3181
-1229
834
1818
234
-1964
-2081
-1441
-1774
-1180
1248
3541
4567
4572
3220
1246
208
296
1135
2949
4615
4494
3220
1608
19
-429
188
499
976
2515
3758
3532
2771
2238
1203
125
327
1348
2487
3788
3528
-607
-6744
-9389
-6395
-2031
-34
934
1856
91
-4951
-8075
-5173
-546
701
985
3231
4857
3681
1708
849
684
404
631
2026
3816
4205
2031
-1621
-4963
-6886
-6485
-4572
-3773
-3923
-3084
-2565
-4227
-6093
-5296
-2667
-871
79
1956
4327
5002
3406
1568
835
158
-782
-500
814
1562
1339
-139
-2489
-3686
-3009
-2737
-3126
-1703
595
310
-1049
65
1626
595
-820
176
2054
2965
3250
3514
3597
3272
2346
1287
1283
2276
2786
2412
2198
2349
1924
761
82
404
894
1606
3338
4853
4485
3272
3007
2599
1149
743
1914
879
-4092
-8031
-6715
-2640
-783
-1015
-535
-608
-4356
-8832
-7435
-1278
2422
2093
2266
3486
2979
1261
1103
2531
3299
2582
1911
2361
2930
2377
396
-2773
-5836
-6493
-5001
-4034
-4418
-4149
-3516
-4416
-6265
-6272
-3475
-417
399
103
1556
3924
4170
2175
882
859
168
-1298
-1230
980
2819
1461
-1839
-3147
-2588
-3276
-4038
-1720
1203
815
-1100
-510
1129
795
-265
294
1606
2258
2741
3360
3570
3000
2190
1669
1865
2640
3322
3541
3510
2949
1954
1498
1786
2056
2100
2722
3897
4300
3456
3140
3751
3376
1708
496
-567
-4122
-8566
-8378
-3460
-112
-297
-343
-96
-3095
-8363
-9417
-4631
411
2329
3603
5473
5215
1971
-803
-420
1203
1737
2057
3043
3349
2369
965
-1238
-4888
-7312
-6499
-4928
-4700
-4123
-2542
-2250
-4525
-6964
-6094
-2508
-162
-129
1104
4009
4714
2386
711
695
-15
-1830
-2447
-455
2146
2112
-442
-2173
-2473
-3495
-4587
-2675
560
978
-388
41
1340
701
-754
-321
1616
2672
2598
2854
3704
3651
2354
1413
1880
2615
2622
2606
3289
3981
3561
2494
2066
2467
2451
2220
3293
5027
5093
4205
4545
4737
3045
900
-1580
-6179
-9670
-7150
-1540
681
14
42
-986
-6050
-10846
-9249
-3544
-74
796
2890
5717
5373
1865
37
1347
2008
620
414
2445
3771
2844
1034
-1267
-4496
-7017
-7290
-6237
-5334
-4490
-3479
-3453
-5232
-6472
-5037
-2748
-1966
-1363
1059
3790
3968
2466
1954
1568
-762
-3502
-2912
932
3722
3091
1717
1142
-853
-4265
-5227
-2922
-1125
-1224
-681
1087
1703
359
-1357
-1587
-419
546
1112
2868
5080
5123
3213
2246
2868
3270
3170
3837
5073
5280
4428
3508
3091
2921
2651
2529
3258
4467
5201
5572
5529
4676
1952
-4079
-10593
-11173
-5663
-730
1091
2714
3780
-219
-8167
-11635
-7776
-3065
-1415
633
4685
6616
4087
1070
1362
2624
1545
-633
-985
297
1395
2143
1944
-539
-3717
-5373
-6374
-7314
-6778
-4629
-2999
-4043
-6910
-7538
-4343
-1541
-1969
-1872
1382
3283
864
-1177
582
2292
448
-1451
662
3724
3283
1344
1399
1707
-336
-2590
-1985
-218
-777
-2396
-1836
106
532
-737
-1314
29
1063
-278
-1422
234
2427
2488
2337
4038
5514
5032
4349
4884
5404
4679
3590
3620
4289
4090
3643
4482
5532
5108
4214
4252
4599
4131
484
-6864
-12083
-9966
-4620
-1654
477
3889
4490
-2343
-10562
-10877
-5510
-2604
-1934
1385
5993
6534
3184
1739
3654
4269
1458
-1106
-864
-64
-292
12
226
-1325
-3512
-4920
-5753
-6231
-6414
-5920
-5630
-7375
-8892
-6581
-2654
-1596
-1681
803
2788
459
-2061
-771
939
181
-172
2088
4495
4317
2577
1780
1888
839
-1357
-1748
268
847
-1414
-2481
-588
660
-674
-1678
27
2221
1700
-137
-45
917
392
-72
1724
4499
5758
5468
5141
5145
4706
3256
1998
2690
4228
4420
4492
5708
6313
5289
4378
4375
4182
4027
2479
-3382
-10644
-12027
-8203
-4696
-1941
2871
6967
3211
-5644
-10024
-8494
-6881
-5637
-1471
4446
6653
3824
1752
3270
4733
2944
-421
-1996
-2231
-2445
-1474
395
1116
70
-2284
-5321
-8212
-9912
-8552
-6141
-6698
-7608
-4711
-930
-518
-1448
-264
638
-1261
-2204
12
1540
972
414
595
1583
2745
3337
3790
4142
3189
634
-1031
-253
183
-1240
-1535
107
724
-159
-478
812
1774
453
-988
-482
481
638
888
2605
4843
5402
4726
4151
4055
4151
3468
2756
3629
4120
2864
2196
3130
4122
4113
4007
4522
4230
2390
1779
3202
2538
-2607
-7382
-6804
-4421
-4029
-2640
1955
4439
-298
-7197
-8023
-5158
-5442
-6166
-2334
2219
1366
-2243
-1783
2030
2934
145
-1185
466
871
-1348
-2093
51
1503
310
-2210
-3918
-4242
-5246
-6955
-7097
-6210
-5913
-5430
-3901
-2098
-1139
-1295
-1799
-1849
-1518
-1137
-687
62
1056
1701
2363
3290
4055
4451
3848
2546
1560
1327
1533
1684
1941
2286
1765
416
-139
124
100
97
563
1038
939
483
735
1752
2580
3050
3439
3749
3796
3336
3217
3700
3903
3505
2543
1808
2109
2925
3403
3518
3158
2331
1171
70
-171
685
1963
2820
3128
2332
120
-2462
-4280
-5054
-4732
-2922
-424
622
-382
-1921
-3211
-4685
-5998
-6104
-4815
-3662
-3653
-3282
-1523
278
697
86
-48
125
-835
-1980
-1473
-36
184
-1271
-2624
-2747
-2850
-3437
-3264
-2586
-2749
-3712
-4202
-3644
-2975
-2690
-2226
-1119
40
281
128
564
1098
813
339
683
1710
2673
3022
3430
4347
4870
4444
3335
2413
1794
804
170
416
1022
1410
1637
1885
1746
1299
1024
1240
1660
2067
2200
2455
3294
3220
2353
2412
3174
3425
2830
2096
2073
2371
1839
1093
1043
1177
666
-5
-400
-1261
-2006
-1998
-1372
-168
1300
1930
1380
937
704
-464
-2146
-2863
-2546
-2365
-2468
-1895
-853
-488
-1133
-2135
-3108
-4193
-5194
-5784
-5154
-3074
-1296
-685
-430
-81
-116
-1017
-2408
-3187
-2721
-1921
-1359
-734
26
200
-859
-2112
-2620
-2725
-2427
-1608
-610
1
-68
-372
-505
-372
-106
266
852
1730
2289
2236
2083
1622
1403
1365
1412
2091
2824
2901
2624
2374
1805
1005
407
461
702
754
1074
1791
2095
2009
1841
1738
1746
1828
1771
1385
1580
2092
2162
1472
867
1135
1414
1296
1007
844
774
-133
-1284
-1479
-701
-130
-411
-892
-924
-762
-1305
-1530
-1020
-615
-915
-1419
-1079
-628
-822
-1244
-844
90
-157
-1451
-2259
-2250
-2268
-2587
-2320
-1346
-828
-994
-999
-190
-248
-1800
-2615
-2195
-1884
-2011
-1592
-724
-298
-470
-1127
-1873
-2183
-2292
-1782
-465
690
1171
1115
908
492
88
-142
-123
348
981
1155
1035
1734
2567
2449
1796
1597
1904
1948
1549
1460
1358
851
762
639
1038
1577
1612
1475
1061
926
705
706
1069
1270
1169
963
1288
1625
1474
1448
1680
1183
465
141
365
985
804
333
-111
-119
-97
-497
-683
-714
-1019
-1399
-1677
-1665
-1049
-1028
-942
-829
-828
-966
-1282
-911
-764
-818
-1273
-2121
-2570
-2302
-1928
-1787
-1238
-1132
-1273
-1041
-995
-1182
-1573
-1401
-387
-30
-294
-281
-228
-361
-730
-868
-626
-398
-363
-212
-142
64
140
20
104
75
-6
-125
-51
467
1298
1317
1181
1141
1154
1492
1429
1581
2173
2507
2503
2164
1704
1462
793
558
802
1094
1464
1310
1068
932
739
659
666
395
318
551
683
587
768
1462
1737
1430
893
544
795
917
391
343
490
134
-369
-957
-741
-408
-761
-1075
-1344
-1158
-1409
-1621
-1074
-1098
-1405
-1568
-1491
-1333
-1331
-1132
-916
-992
-1153
-1720
-1927
-1787
-1713
-2000
-2098
-1766
-1814
-1497
-1432
-1208
-1217
-1149
-1202
-1679
-1203
-465
225
29
50
-81
-777
-787
-350
251
404
184
189
474
309
562
905
597
106
-515
-735
-245
362
677
1267
1771
1563
1154
1355
1864
1770
1443
1275
998
990
1303
1810
1704
1544
956
482
562
92
618
1165
1145
612
138
98
1013
1586
1073
1251
1198
1282
1148
959
1605
1826
963
89
-204
275
466
322
459
-2
-435
-1022
-1135
-919
-557
-468
-1003
-905
-888
-687
-485
-597
-681
-810
-1411
-1421
-949
-985
-1161
-1709
-1557
-1581
-1949
-1239
-989
-1141
-1384
-1712
-1348
-1646
-1916
-1413
-798
-429
-775
-527
279
503
-140
-441
173
359
364
295
730
1189
727
-165
-456
-387
-64
214
49
1025
1159
713
673
630
933
970
807
890
1103
687
814
1007
998
1137
448
191
50
45
196
112
535
276
-88
226
714
1251
1257
650
265
-127
-416
277
1008
1394
1797
1193
622
400
-317
-170
-130
-342
-295
-236
-284
-798
-930
-865
-1299
-1270
-770
-655
-284
-24
26
-159
-478
-597
-853
-568
-504
-605
-304
-51
-443
-1408
-1295
-986
-969
-1143
-1191
-1000
-1442
-1492
-892
-498
-745
-798
-242
86
-197
-320
527
890
248
75
420
889
1048
779
637
648
652
94
-193
236
878
646
782
1480
1159
1069
1024
726
719
736
393
975
1308
1287
1088
546
543
581
442
-154
-140
-26
61
164
112
764
326
268
844
-131
-396
229
589
695
864
1254
1382
172
-216
-164
-568
-98
-467
-491
26
-794
-1353
-1324
-1035
-964
-1481
-1414
-1308
-953
-732
-432
-412
-538
-478
-732
-990
-939
-108
-279
-527
-561
-402
-578
-1250
-995
-1401
-1781
-2096
-1896
-1297
-1113
-493
-43
-301
-1199
-1429
-909
-769
-367
470
628
537
559
450
493
384
208
408
355
316
577
643
1042
1264
1048
935
883
1167
1021
724
693
902
1204
1355
1431
1359
1720
1116
856
921
855
1261
696
624
237
52
751
1346
1264
792
847
635
248
-188
192
761
719
846
616
321
371
420
395
-42
-163
-241
-283
-418
-701
-528
-478
-700
-980
-1043
-849
-1058
-796
-265
-716
-744
-861
-1191
-1045
-1118
-756
-252
-400
-157
-359
-464
-543
-1322
-1093
-958
-1138
-710
-491
-616
-407
-489
-1184
-1272
-736
-644
-702
-236
64
362
275
-429
-612
-316
-48
-494
-138
367
219
313
209
781
1004
431
205
358
636
451
749
1110
474
578
740
545
706
818
1102
909
572
795
842
712
508
516
435
165
461
440
331
386
453
440
420
768
818
526
345
254
249
209
442
110
-124
423
-35
-308
-618
-613
-376
-837
-806
-738
-641
-807
-820
-921
-812
-419
-603
-780
-1021
-533
-516
-772
-789
-1060
-266
-158
-197
164
-20
-417
-986
-972
-990
-840
-430
-293
55
-12
-327
-249
-599
-792
-341
7
-148
-261
519
388
-231
-107
87
445
-202
-422
299
417
712
660
367
1083
1494
1147
1238
928
925
867
68
320
895
1282
1053
1028
1273
414
85
134
299
401
599
1158
993
914
379
545
763
-100
142
252
1068
1330
531
583
741
672
-210
-100
371
151
-227
-563
-325
-334
-813
-585
-439
-1008
-1204
-1359
-896
-557
-531
-464
-1024
-1495
-1561
-1546
-1252
-260
-192
-775
-771
-1128
-1021
-751
-718
-650
-582
-695
-980
-851
-621
-252
-251
-471
-980
-854
-465
-441
-200
-392
-752
-1078
-333
117
-281
518
368
-60
219
-137
-58
84
346
513
405
120
622
1332
692
1257
1665
1184
1057
271
520
1324
1452
1350
1133
1027
830
307
383
663
546
806
380
407
659
440
664
537
726
765
595
648
614
717
560
689
620
426
569
-65
-214
89
-299
-639
-629
-16
-141
-735
-612
-819
-579
-1086
-1033
-12
-495
-219
-524
-858
-904
-1436
-661
-730
-737
-572
-839
-459
-602
-484
-389
-813
-1234
-1049
-210
-440
-580
-13
-301
-677
-1088
-874
-35
-102
-331
-211
329
12
-672
-179
-36
-258
-836
-767
256
274
198
114
242
621
-201
34
605
188
877
739
588
1237
841
730
1024
899
844
903
846
753
835
642
689
1053
520
410
364
423
572
44
242
276
243
282
151
473
705
364
97
180
197
209
-115
107
761
140
-631
40
189
-358
-644
-1022
-705
-652
-967
-506
-538
-458
-398
-868
-831
-997
-926
-877
-963
-713
-239
-130
-421
-336
-463
-543
-918
-1147
-470
-229
-348
-262
-163
-596
-916
-669
-488
-731
-495
21
-261
31
-32
-135
-18
-104
86
-411
-318
148
465
557
229
238
246
-20
292
655
793
1572
1145
604
518
397
990
1073
953
1149
1343
991
712
858
1040
877
650
1094
950
448
731
560
376
434
309
597
197
63
261
329
489
196
73
36
4
-34
123
-97
-41
-125
-177
-50
-480
-227
-463
-556
-750
-658
-281
-833
-685
-908
-942
-651
-1286
-1138
-535
-381
-728
-683
-372
-549
-672
-977
-833
-937
-819
-217
-301
-355
-296
-633
-1017
-883
-292
-65
-611
-562
-184
-560
-529
-42
-100
23
-267
-352
-3
-283
-45
414
303
-165
81
394
393
219
375
712
701
936
478
499
789
774
451
532
1094
895
959
1098
1148
1096
656
387
647
829
682
794
1042
926
856
768
403
176
193
282
354
408
162
353
637
19
20
493
-5
-367
-209
-57
-76
-298
-161
172
-132
-554
-393
-78
-218
-782
-635
-451
-636
-729
-615
-423
-559
-663
-571
-159
-420
-788
-356
-393
-786
-586
-361
-602
-720
-555
-333
-518
-864
-545
-226
-233
-505
-671
-531
-556
-427
-479
-378
-73
62
-14
-177
55
11
-208
-171
15
294
219
204
325
494
353
126
309
192
389
336
205
254
105
448
400
492
696
403
382
287
419
641
764
816
722
602
279
269
410
522
547
473
273
80
131
27
-119
5
33
-37
138
86
326
449
-272
-425
-458
-541
-319
-303
-65
-209
-291
-213
-542
-491
-409
-431
-396
-410
-424
-280
-64
-246
-496
-571
-738
-784
-627
-290
-214
-496
-350
-378
-630
-602
-834
-638
-414
-543
-483
-553
-308
-217
-306
-166
-277
-384
-194
42
5
95
201
-25
110
254
187
427
456
431
490
524
506
394
401
325
330
396
389
490
513
343
373
316
388
493
338
540
579
526
754
848
683
393
417
571
585
676
523
576
569
238
259
133
-98
-15
139
41
40
161
147
122
-103
-232
-264
-235
-18
47
105
165
158
123
8
-210
-263
-224
-234
-95
-64
15
-34
-248
-232
-475
-560
-393
-535
-466
-275
-247
-280
-365
-459
-443
-379
-502
-521
-254
-297
-482
-452
-559
-601
-629
-497
-140
38
19
-48
-37
-108
-172
-114
50
187
238
246
160
103
281
382
236
108
2
6
86
260
395
393
311
249
315
294
400
554
399
245
198
272
410
460
535
593
631
489
221
180
207
360
304
103
205
166
77
20
38
120
185
94
-85
-63
-90
-79
-3
78
88
-7
30
118
124
117
47
-27
-19
-78
-72
-53
49
101
-2
-94
-332
-390
-394
-442
-388
-430
-450
-363
-271
-335
-412
-351
-336
-404
-361
-223
-272
-454
-554
-458
-399
-458
-381
-273
-217
-212
-207
-68
-24
-174
-268
-255
-250
-137
72
150
206
23
-117
-82
-140
-13
70
163
219
206
347
263
182
222
160
227
235
213
291
407
401
242
193
67
-9
14
-10
80
123
154
200
31
-178
-169
-20
-77
-101
66
129
44
-167
-234
-154
-53
-95
-128
37
106
24
-70
-5
-58
-115
-23
20
57
-26
-99
-16
-6
-139
-39
100
-45
-256
-275
-186
-197
-214
-156
-101
-205
-303
-235
-120
-75
-39
-185
-278
-173
-120
-15
5
78
84
65
98
53
94
85
59
-17
-93
9
128
204
197
95
-59
-175
-208
-312
-100
231
259
311
423
500
414
357
376
236
223
246
297
473
461
455
364
158
51
-45
-41
-67
-14
89
104
138
42
17
33
-87
-173
-141
-27
52
47
14
111
143
64
-34
-116
-162
-234
-219
-133
-53
-62
-78
-74
-30
-121
-228
-110
-158
-202
-102
-74
-79
-172
-244
-208
-239
-312
-346
-248
-159
-216
-250
-237
-202
-202
-285
-270
-121
-26
-28
42
27
-110
-35
65
71
94
112
76
4
-19
-53
-76
-25
-11
-55
-24
-35
-41
47
85
120
106
148
249
264
388
497
451
471
498
384
266
333
394
356
433
463
428
324
178
120
49
162
191
55
55
42
77
68
60
186
220
133
50
73
40
9
90
82
84
69
25
-43
-136
-187
-197
-178
-193
-227
-137
-46
-135
-122
-82
-77
-97
-206
-309
-346
-256
-269
-296
-199
-186
-198
-209
-194
-109
-88
-185
-241
-263
-295
-174
-17
32
126
189
42
-3
63
22
2
13
-52
-95
0
66
1
-14
73
-37
-212
-235
-158
-15
67
66
88
143
87
94
173
229
258
193
206
175
101
130
130
119
96
81
96
-8
-66
-20
-73
-102
-119
-82
-11
-136
-160
-101
-94
-30
-44
-11
71
-3
-103
-111
-122
-173
-252
-279
-181
-59
-40
-46
-51
-123
-226
-247
-269
-260
-141
-87
-31
39
-55
-143
-213
-304
-272
-225
-198
-195
-136
-146
-195
-80
-89
-131
-93
-88
-40
30
96
118
163
155
103
213
232
138
92
141
201
137
125
162
175
139
105
103
103
88
67
101
182
261
272
333
354
282
316
326
337
382
364
377
364
250
162
135
106
73
71
67
69
48
-18
-95
-101
-39
30
16
-97
-52
-1
-48
-14
-52
-104
-107
-224
-289
-293
-307
-255
-232
-299
-358
-266
-183
-225
-283
-345
-413
-467
-453
-316
-162
-103
-85
-83
-129
-233
-324
-387
-367
-320
-213
-101
-58
-12
-85
-134
-234
-376
-298
-162
-61
14
117
194
167
197
211
175
175
143
159
203
208
217
242
274
300
344
346
316
288
276
359
353
322
453
547
566
543
517
571
551
461
435
423
437
447
448
450
458
436
333
262
183
136
62
-5
41
106
169
171
166
125
10
-48
-53
-80
-111
-123
-87
-61
-140
-216
-295
-381
-473
-568
-503
-448
-422
-345
-286
-310
-408
-442
-426
-354
-358
-349
-246
-231
-220
-234
-208
-197
-356
-447
-398
-323
-260
-195
-130
-162
-284
-369
-324
-207
-132
-139
-173
-144
-132
-102
22
117
145
144
158
137
128
148
117
100
91
95
154
255
322
335
349
263
170
210
229
306
431
473
517
534
489
320
201
197
154
223
328
401
454
403
285
164
157
158
127
159
197
227
184
113
64
45
-1
-77
-81
-104
-89
-84
-181
-218
-220
-274
-358
-397
-456
-477
-406
-395
-392
-402
-405
-353
-350
-388
-350
-265
-254
-289
-321
-301
-249
-214
-211
-216
-209
-219
-260
-294
-222
-234
-343
-348
-304
-242
-221
-177
-103
-94
-146
-214
-131
-65
-52
32
66
60
50
36
21
51
96
140
147
136
185
183
210
268
246
251
259
226
231
335
443
426
365
281
215
229
217
208
315
404
394
377
320
245
186
143
117
127
242
310
297
233
157
144
82
-4
-19
10
-7
-45
-85
-132
-154
-192
-260
-326
-346
-340
-324
-286
-253
-255
-320
-346
-294
-268
-247
-175
-122
-152
-218
-259
-204
-127
-135
-135
-79
-65
-113
-93
-56
-123
-159
-104
-91
-70
42
71
11
-11
15
14
-5
17
53
103
141
142
142
148
63
26
53
62
152
147
114
197
169
94
65
123
224
166
135
215
320
389
373
340
287
241
156
114
175
263
333
297
233
145
142
128
43
70
111
157
178
152
134
113
116
79
16
16
18
-29
-73
-84
-68
-86
-151
-215
-253
-254
-255
-245
-234
-273
-335
-376
-399
-399
-345
-262
-203
-225
-215
-155
-212
-257
-200
-196
-223
-234
-186
-112
-69
-34
-85
-121
-106
-134
-127
-38
33
55
47
58
107
123
143
183
173
145
122
132
164
170
242
316
340
329
253
215
185
128
99
106
157
237
268
260
331
408
358
262
198
194
215
191
212
252
290
290
226
173
119
49
-18
-40
-18
21
65
54
-1
-6
-23
-83
-136
-172
-151
-151
-176
-149
-104
-106
-174
-227
-269
-310
-317
-288
-259
-277
-294
-373
-444
-435
-423
-364
-287
-248
-243
-237
-223
-237
-274
-297
-313
-324
-335
-294
-199
-169
-159
-195
-237
-188
-177
-168
-134
-100
-60
-76
-136
-143
-43
21
-4
8
36
35
-18
-18
86
150
200
200
180
199
198
174
121
116
142
168
187
188
230
283
298
250
224
236
215
228
227
238
282
249
234
217
212
228
169
145
110
68
55
27
65
71
47
15
-29
-60
-111
-109
-129
-115
-64
-51
-22
-23
-56
-114
-143
-173
-209
-166
-149
-140
-136
-175
-184
-202
-225
-231
-229
-249
-244
-170
-117
-67
-66
-147
-183
-186
-189
-136
-27
38
33
15
-45
-77
-58
-26
-24
-36
-23
-32
2
46
61
39
-27
-68
-96
-95
-77
-13
96
112
61
32
14
0
6
46
84
115
152
153
183
215
204
210
179
131
113
132
142
167
219
186
183
192
124
99
159
187
157
122
123
157
123
102
137
132
97
65
45
23
-2
-27
-25
-5
-8
8
16
6
-4
-29
-15
28
39
-1
-37
-13
-35
-41
8
0
0
-28
-80
-75
-59
-56
-102
-122
-120
-172
-152
-82
-26
10
0
22
33
23
6
15
66
99
71
37
98
131
133
138
111
52
3
-57
-89
-35
4
39
80
67
20
19
-1
-59
-37
-5
-7
19
70
129
182
173
118
104
101
79
91
123
126
153
149
112
106
71
19
-51
-77
-34
-16
18
72
95
63
5
-21
-34
-3
15
-5
14
23
-1
-34
-45
-56
-66
-70
-114
-109
-70
-75
-93
-106
-75
-65
-90
-85
-63
-40
-67
-101
-122
-162
-190
-188
-142
-128
-143
-143
-159
-166
-176
-172
-155
-147
-111
-112
-92
-27
2
29
25
4
12
-1
-35
-73
-49
-10
-26
-36
-43
-40
-57
-75
-104
-113
-108
-122
-92
-94
-95
-76
-61
-15
5
47
99
97
109
89
42
31
58
122
140
121
103
91
60
16
6
-4
-24
-32
-16
28
87
110
68
28
5
4
15
27
66
94
74
32
-9
6
52
56
87
96
54
11
-18
-29
-67
-77
-74
-70
-62
-65
-52
-26
-22
-64
-107
-131
-113
-85
-84
-55
-32
-50
-83
-84
-55
-52
-68
-83
-72
-68
-69
-39
-8
38
36
15
42
25
9
1
-8
-32
-96
-86
-75
-56
-16
-33
-68
-78
-70
-64
-65
-48
-33
-29
3
29
34
42
46
27
-12
-14
2
-4
27
47
30
43
43
19
-19
-17
5
-9
-49
-51
-23
-20
-21
-44
-58
-38
-31
-31
-10
49
96
98
116
121
99
90
82
111
125
102
82
78
97
75
40
33
23
9
0
27
46
38
43
31
22
19
22
33
32
54
62
51
57
54
82
49
21
46
37
76
86
67
29
-2
14
-10
-13
-20
-19
9
-12
-35
-25
-23
-25
-36
-57
-61
-75
-75
-56
-60
-64
-38
-11
20
70
91
87
81
63
66
52
45
83
98
85
61
40
18
-9
1
13
7
14
15
26
48
49
45
30
-10
-12
13
40
80
68
24
13
7
12
37
48
52
51
16
-9
12
32
20
-17
-48
-59
-49
-59
-61
-22
-14
-44
-71
-68
-42
-40
-42
-51
-35
-6
-8
21
35
24
35
1
-30
-11
1
0
7
24
-1
-40
-50
-29
16
46
31
5
3
-13
-31
-21
-20
-24
-36
-25
-22
-51
-44
-61
-74
-54
-52
-15
33
74
87
64
63
43
59
86
68
82
75
51
48
47
64
64
65
75
70
79
62
48
40
26
43
33
41
83
80
42
8
8
10
-7
7
40
78
75
26
5
-3
-16
-17
-13
-21
-30
-47
-70
-72
-75
-72
-64
-79
-100
-105
-96
-102
-98
-86
-103
-105
-90
-89
-77
-77
-102
-124
-123
-95
-70
-60
-50
-54
-79
-112
-110
-86
-75
-62
-63
-59
-49
-56
-51
-57
-68
-68
-95
-100
-83
-69
-57
-69
-72
-60
-42
-10
19
23
30
23
-20
-22
-5
16
51
49
62
68
41
38
26
19
22
2
-13
-8
11
30
64
65
34
34
20
2
10
31
41
52
80
75
102
144
116
79
45
12
7
2
-8
-1
-5
-31
-45
-20
10
16
10
3
-10
-17
-33
-19
1
-16
7
23
23
32
22
17
2
-28
-42
-35
-29
-15
-20
-46
-51
-37
-24
-20
10
31
32
45
46
64
66
59
78
105
113
87
67
52
50
37
23
34
29
41
70
99
125
116
88
61
56
52
43
63
74
77
98
103
115
128
107
88
74
39
35
48
41
49
63
49
34
44
30
15
15
-3
7
23
45
57
55
64
41
15
-1
-25
-57
-77
-81
-78
-75
-71
-69
-69
-57
-66
-77
-98
-108
-95
-103
-68
-60
-72
-75
-95
-88
-108
-103
-98
-108
-103
-126
-132
-127
-118
-120
-129
-103
-89
-81
-63
-62
-52
-67
-70
-43
-13
33
42
39
30
19
29
17
26
41
28
16
7
8
-1
-10
-5
-6
13
11
13
38
45
64
49
53
79
74
84
63
43
38
19
27
24
52
92
84
68
39
11
-17
-46
-45
-33
-14
-5
-5
24
32
25
35
23
7
3
-12
-40
-39
-23
-36
-29
-20
-31
-33
-42
-37
-43
-63
-64
-70
-61
-43
-38
-37
-49
-63
-79
-82
-78
-74
-65
-67
-74
-62
-47
-44
-46
-47
-56
-57
-53
-50
-37
-34
-9
-10
-31
-7
6
-7
-7
3
-3
-7
15
42
57
77
89
84
95
98
96
111
112
96
70
61
71
86
88
77
72
60
46
53
50
59
69
53
62
76
87
109
114
105
101
95
68
64
67
54
57
34
19
33
32
27
15
-15
-52
-70
-75
-90
-86
-53
-58
-61
-39
-31
-39
-51
-37
-17
-11
-10
-7
0
-3
-11
-22
-28
-40
-70
-87
-93
-107
-115
-99
-91
-77
-64
-86
-73
-58
-57
-42
-43
-19
0
4
15
31
41
35
39
47
44
34
18
14
9
15
18
15
17
26
39
16
-10
-8
-10
9
31
55
94
108
117
117
92
83
62
46
64
56
52
44
25
22
-2
-4
6
-7
-24
-33
-19
-7
-4
0
12
16
18
15
1
5
3
-13
-47
-75
-79
-68
-74
-77
-71
-105
-111
-106
-94
-55
-53
-65
-88
-85
-58
-18
-10
-39
-34
-31
-32
-39
-42
-36
-37
-72
-99
-83
-97
-96
-77
-70
-62
-44
-37
-31
-2
-12
-26
-29
-25
8
31
52
87
88
66
55
68
68
52
65
81
74
39
37
30
19
9
-5
-1
-35
8
56
70
99
73
74
79
59
75
63
46
72
67
68
46
18
9
-2
5
-24
-26
-3
-2
4
-7
15
21
-16
-11
35
85
84
39
37
43
38
35
23
47
26
-20
4
21
23
6
-11
7
7
-26
-54
-66
-49
-33
-27
-10
-20
-15
-3
11
32
18
6
13
36
67
83
53
38
16
-26
-11
-15
-23
-1
23
17
-18
-27
-7
19
-45
-175
-222
-85
120
219
154
-8
-132
-230
-162
50
94
0
-77
-98
-68
-30
-37
-108
-94
-24
5
15
-29
-136
-248
-242
-94
-3
-33
-97
-138
-131
-176
-241
-201
-134
-134
-94
-13
-32
-112
-202
-205
-126
-20
69
-61
-190
-86
-104
-159
-127
18
24
-387
-622
-492
-91
141
-181
-519
-521
-379
-401
-524
-227
-47
-97
-175
-340
32
289
-22
-177
292
791
510
-73
-54
343
556
329
-15
86
130
-29
-399
-461
14
30
-354
-558
-304
-23
-123
-338
-250
79
153
-93
17
514
545
335
332
387
616
698
407
271
534
713
347
85
396
455
81
-114
-4
298
244
-131
-178
155
209
-250
-340
17
175
82
72
226
330
260
171
203
345
504
303
172
442
572
436
253
230
249
238
165
156
327
317
64
-48
109
94
-29
-29
28
58
-24
-20
-81
16
186
30
28
254
334
140
28
136
206
199
196
233
259
270
184
109
186
164
45
15
69
109
29
-38
29
21
-70
-58
-47
-62
-91
-90
17
61
53
12
-29
-60
-89
-5
5
60
93
-13
-52
-56
29
-6
-82
-6
-20
-128
-185
-180
-203
-231
-165
-143
-246
-285
-250
-259
-282
-317
-246
-142
-127
-97
-100
-88
-82
-69
-122
-181
-62
-91
-161
-54
4
-83
-224
-301
-242
-114
-94
-132
-130
-134
-218
-314
-248
-93
10
-54
-127
-31
-22
-90
-150
-150
-3
29
-36
-89
-22
28
-145
-142
-54
-63
-34
-81
-56
30
-72
-234
-239
-93
23
24
-28
-161
-202
-147
-205
-202
-140
-94
-140
-259
-149
-24
-54
-159
-242
-202
-194
-180
-160
-160
-107
-141
-201
-168
-103
-110
-193
-148
-39
-74
-200
-260
-262
-258
-218
-123
-83
-128
-172
-195
-165
-237
-256
-157
-131
-111
-104
-114
-148
-188
-189
-132
-10
36
12
-65
-151
-119
-114
-62
46
46
-43
-110
-92
-90
-53
13
6
-35
-70
-46
-39
-74
-18
-5
9
55
42
85
84
18
8
48
108
116
71
73
50
45
47
6
53
72
63
91
119
123
110
47
-17
50
97
146
248
307
229
82
71
146
225
240
198
217
215
195
141
73
94
86
134
248
238
213
179
94
84
133
230
305
321
364
312
146
73
80
135
211
256
240
214
268
171
63
128
161
171
191
260
314
219
146
113
117
215
210
205
275
283
229
174
176
145
102
121
150
167
181
127
-5
-86
-27
-4
37
161
172
115
30
17
34
30
32
7
82
127
84
15
-50
-65
-117
-54
56
75
64
-46
-127
-162
-170
-137
-117
-36
-13
-52
-50
-75
-131
-204
-201
-124
-54
-21
-75
-109
-124
-149
-143
-116
-63
5
-8
-75
-90
-133
-156
-222
-257
-146
-16
85
24
-13
-101
-173
-312
-329
72
76
0
44
115
41
-144
-159
-52
179
142
155
50
0
-45
-251
-143
-54
-37
-117
-77
-60
-100
-171
-383
-239
-96
18
93
62
100
35
-9
-43
31
78
119
93
39
94
7
16
-29
-6
11
-102
-48
-44
-48
-97
-158
-195
-94
68
4
-5
6
9
48
-14
-24
41
73
60
65
85
33
-43
-34
44
78
88
33
-29
28
57
30
30
48
54
51
8
-68
-65
-50
-42
-16
-52
-34
5
17
36
55
59
11
-3
-9
-6
-32
-7
33
-4
13
-31
-71
-76
-92
-85
-74
-60
-72
-77
-125
-143
-162
-178
-83
-30
-37
-67
-44
-40
-100
-54
-34
-53
-51
-60
-55
-95
-156
-218
-224
-152
-114
-118
-81
-69
-145
-256
-307
-262
-170
-47
5
12
-2
-103
-157
-158
-128
-69
-79
-20
17
-68
-125
-183
-207
-163
-72
-22
-2
39
-8
-72
-75
-68
-62
-11
58
119
109
18
-64
-136
-102
4
55
100
126
90
34
18
10
25
102
172
228
236
215
140
11
6
45
51
90
131
179
143
26
-48
-69
-29
55
134
199
235
172
75
50
33
16
56
108
153
150
102
61
-3
-17
-9
-62
-44
9
0
1
-1
-14
-59
-101
-102
-76
35
78
40
12
-17
-87
-136
-95
-38
-12
20
20
-23
-48
-68
-72
-83
-46
25
31
57
73
45
-3
-76
-54
35
116
188
175
140
118
50
40
52
39
97
131
152
178
171
116
53
86
111
110
161
210
209
208
203
138
123
179
193
198
239
245
204
186
184
186
195
169
201
226
205
188
142
149
173
139
101
113
132
146
149
116
68
54
68
33
29
95
102
63
78
84
40
21
-21
-30
38
44
38
50
65
80
33
-24
-60
-66
-26
15
33
35
-13
-80
-68
-61
-68
-70
-89
-69
-23
-17
-46
-37
-59
-54
-17
-42
-42
-23
-30
-65
-99
-124
-114
-90
-71
-57
-49
-1
-11
-39
-47
-71
-76
-87
-71
-66
-63
-33
-44
-22
-18
-27
-45
-112
-115
-108
-104
-68
-73
-86
-75
-109
-107
-80
-82
-76
-82
-60
-75
-130
-184
-226
-227
-205
-158
-137
-104
-81
-130
-156
-189
-206
-167
-139
-126
-131
-158
-181
-206
-245
-252
-269
-284
-239
-245
-238
-206
-221
-207
-216
-224
-207
-239
-235
-171
-159
-167
-144
-149
-135
-115
-114
-143
-165
-142
-148
-144
-125
-106
-83
-82
-86
-82
-72
-70
-58
-19
14
62
72
53
52
31
35
42
40
70
87
66
61
89
123
130
92
64
96
135
134
134
151
173
172
157
162
189
179
128
151
168
149
141
103
96
117
128
122
131
141
129
128
115
120
138
118
118
148
142
138
126
84
89
104
108
119
106
81
45
49
48
36
44
33
58
74
96
121
87
55
25
-13
-3
49
54
59
83
69
40
52
81
50
50
59
47
44
61
73
43
26
0
-5
21
23
7
14
38
42
25
29
63
35
39
77
63
64
30
1
34
67
85
74
48
65
76
47
44
48
28
15
22
36
46
37
-5
4
32
3
6
36
55
50
11
9
13
-3
11
21
9
21
25
-12
-43
-45
-32
-29
-44
-41
-57
-71
-62
-66
-58
-68
-90
-96
-82
-51
-33
-54
-123
-126
-84
-68
-80
-109
-112
-104
-109
-104
-84
-100
-121
-140
-136
-100
-64
-51
-62
-39
-54
-31
-11
-56
-19
5
-3
8
14
25
26
18
10
-5
-10
1
-13
0
36
34
34
31
23
3
8
44
60
72
83
68
56
70
99
117
110
113
108
86
84
58
46
36
19
22
9
28
44
24
21
4
-6
6
-4
-18
-19
-40
-47
-19
-28
-45
-35
-49
-55
-54
-71
-50
-36
-55
-62
-78
-96
-112
-127
-106
-55
-33
-36
-46
-51
-30
-41
-86
-72
-55
-58
-69
-70
-52
-64
-86
-104
-90
-66
-52
-29
-17
-6
-22
-35
-17
3
21
10
13
42
49
38
26
11
13
30
46
55
59
89
71
54
69
40
46
50
46
61
61
80
87
76
66
44
33
48
69
91
115
106
112
105
67
49
19
-8
2
-1
11
45
42
44
30
9
14
5
-21
-13
17
2
-5
-21
-40
-35
-67
-38
-7
-21
-13
-29
-18
-14
-57
-89
-109
-100
-101
-117
-100
-104
-127
-115
-123
-101
-86
-98
-88
-100
-100
-102
-87
-77
-95
-88
-83
-80
-68
-67
-80
-76
-86
-91
-73
-69
-75
-77
-70
-68
-67
-64
-58
-51
-48
-44
-59
-57
-19
-10
-24
-7
-5
-9
-18
-38
-35
-55
-61
-32
-26
-19
-22
-28
-14
-25
-34
-11
8
17
23
29
8
-3
-6
-19
-27
-24
8
1
-12
-11
-58
-70
-61
-69
-50
-23
-16
-1
8
3
25
4
-34
-31
-35
-17
10
29
51
71
66
47
44
58
56
12
-8
-5
13
18
22
39
55
88
95
95
96
95
104
109
120
112
135
163
175
197
187
169
170
174
180
195
174
172
186
162
162
172
159
160
172
182
190
202
220
215
196
188
181
176
197
212
206
190
176
183
160
136
143
112
106
113
82
89
93
88
94
92
80
70
71
65
56
21
23
28
9
14
6
9
7
-21
-57
-87
-84
-90
-90
-78
-76
-84
-94
-86
-86
-88
-88
-103
-115
-109
-101
-118
-124
-96
-97
-106
-94
-89
-118
-128
-129
-146
-146
-144
-140
-142
-158
-159
-153
-135
-117
-108
-93
-76
-72
-85
-95
-109
-117
-103
-82
-52
-19
-25
-57
-70
-92
-115
-119
-130
-144
-135
-128
-102
-71
-72
-82
-98
-99
-95
-107
-102
-87
-84
-70
-37
-25
-32
-33
-36
-37
-63
-78
-71
-62
-56
-75
-89
-93
-81
-64
-69
-60
-48
-51
-50
-61
-47
-36
-51
-46
-41
-21
-19
-18
1
-15
-20
-32
-47
-36
-37
-36
-32
-23
-14
-5
0
-4
8
18
21
17
14
24
34
36
32
26
23
29
39
31
16
8
-6
-13
-11
9
11
17
37
48
69
57
52
53
35
32
23
37
50
47
47
63
68
54
58
28
19
36
20
17
24
32
35
20
29
48
39
50
77
70
74
79
53
57
56
35
56
67
65
71
65
58
44
39
50
38
33
31
9
7
25
49
71
77
81
70
49
50
51
59
62
54
57
72
71
65
80
66
55
62
57
59
49
23
4
12
38
51
68
74
73
67
53
56
59
57
64
62
60
63
61
78
91
78
70
66
54
47
52
49
66
72
64
80
70
60
61
62
71
76
72
65
83
79
61
55
53
48
26
27
9
-22
-8
-8
-17
-6
-6
-1
6
14
19
1
-6
-9
-27
-41
-55
-76
-66
-52
-60
-56
-64
-95
-106
-122
-155
-172
-175
-176
-160
-138
-133
-129
-120
-120
-128
-125
-108
-109
-119
-106
-117
-132
-127
-138
-136
-134
-152
-146
-135
-148
-162
-167
-167
-159
-148
-143
-133
-117
-105
-82
-78
-67
-31
-24
-24
-34
-37
-14
-6
-10
-17
-8
7
12
3
2
0
-21
-23
-30
-30
-18
-11
-1
11
31
49
33
16
26
28
40
41
30
38
46
53
55
62
58
44
28
22
29
7
1
1
-12
-1
-5
-20
-13
-15
-34
-27
-2
9
10
23
28
14
17
15
15
28
18
5
-8
-12
-23
-39
-38
-60
-57
-16
-11
-22
-5
-2
4
24
27
11
0
3
6
35
40
32
30
20
36
20
-11
-17
-26
-27
-21
-4
6
15
41
45
39
45
64
73
56
59
53
32
51
57
48
65
58
51
52
27
18
24
17
23
25
34
50
33
31
25
10
28
28
13
26
39
42
53
53
44
52
50
41
42
24
3
-12
-35
-44
-39
-39
-48
-49
-37
-28
-18
-14
-28
-40
-39
-42
-49
-45
-49
-56
-54
-48
-46
-43
-37
-34
-46
-51
-43
-54
-49
-53
-60
-40
-47
-46
-22
-27
-51
-48
-47
-55
-45
-41
-32
-27
-33
-14
4
1
10
25
16
15
11
6
18
16
26
41
50
47
51
53
44
69
75
74
80
76
80
65
77
91
72
87
101
91
69
56
48
32
35
41
57
66
56
67
71
73
81
87
96
93
91
88
71
58
58
53
43
46
55
38
12
6
5
-1
3
9
14
27
26
26
19
4
10
5
11
31
26
23
35
41
44
57
55
39
30
10
-13
-20
-25
-27
-12
4
19
34
34
30
25
19
12
26
45
44
56
62
61
49
41
52
39
35
52
36
17
22
16
7
24
31
33
44
49
45
37
19
13
25
25
24
31
33
24
18
13
4
-2
-10
-16
-23
-43
-46
-32
-24
-7
-6
1
-2
-22
-24
-47
-72
-61
-62
-60
-50
-52
-48
-45
-49
-53
-55
-61
-76
-79
-76
-96
-103
-92
-94
-93
-85
-88
-93
-90
-93
-93
-88
-88
-72
-60
-57
-47
-42
-48
-63
-69
-75
-80
-90
-98
-80
-84
-78
-66
-71
-66
-64
-56
-61
-77
-77
-76
-73
-68
-49
-48
-52
-47
-50
-33
-29
-46
-34
-22
-40
-43
-49
-74
-66
-47
-68
-89
-82
-78
-85
-83
-71
-74
-81
-75
-58
-46
-46
-37
-19
-12
-19
-18
-8
-19
-38
-43
-53
-57
-54
-62
-64
-70
-63
-49
-50
-52
-69
-66
-46
-36
-15
-7
1
20
16
1
-7
-16
-31
-31
-29
-34
-17
-2
-7
1
19
19
13
19
18
8
10
15
19
29
25
24
27
26
34
38
49
50
41
52
46
45
60
57
59
81
81
71
73
68
57
61
66
65
86
90
92
100
105
116
126
139
128
116
119
102
92
83
70
67
78
102
109
122
140
139
138
142
140
137
150
150
148
152
140
153
159
156
150
138
122
103
106
98
101
116
119
120
122
119
94
83
79
79
83
70
77
85
81
83
82
74
85
91
81
91
74
56
43
30
35
19
3
8
9
0
-6
-2
-7
-5
4
8
19
12
8
15
3
-1
6
4
-5
-9
-22
-37
-53
-69
-60
-50
-44
-27
-19
-12
-10
-14
-18
-27
-32
-25
-49
-51
-39
-60
-52
-58
-66
-58
-65
-73
-81
-74
-86
-86
-84
-86
-58
-63
-75
-77
-83
-90
-113
-118
-107
-98
-100
-105
-99
-88
-90
-94
-83
-77
-81
-88
-96
-101
-108
-112
-109
-120
-126
-125
-126
-118
-119
-115
-92
-88
-90
-75
-70
-64
-54
-64
-56
-38
-27
-21
-25
-52
-65
-64
-92
-75
-55
-50
-32
-23
-17
-28
-27
-20
-20
-25
-16
-6
-1
12
17
19
31
35
18
20
24
14
7
-2
-3
4
10
1
4
14
-12
-20
-19
-22
-12
-7
-4
2
4
0
1
7
4
5
-3
-16
-12
-32
-52
-51
-57
-51
-52
-59
-44
-39
-31
-12
-22
-26
-12
-20
-32
-20
-18
-22
-19
-25
-22
-20
-33
-33
-27
-36
-42
-38
-46
-44
-29
-20
-13
-7
-1
-6
-13
-6
-18
-11
-1
-7
3
-3
3
14
14
20
19
24
19
20
22
31
42
40
61
56
43
46
33
40
41
36
39
30
34
56
61
66
79
83
81
93
100
92
93
84
74
65
56
56
48
45
42
38
40
40
29
27
43
44
43
55
46
49
56
41
54
53
41
35
14
4
-2
-11
-17
-4
-2
-4
-4
-6
-4
-16
-6
-6
-9
1
-12
-11
8
25
21
22
19
7
10
-7
-11
-5
-23
-18
-12
-10
3
3
1
10
25
38
30
38
56
52
56
71
62
49
63
64
60
59
49
45
30
21
16
25
34
36
53
52
47
58
63
63
69
63
59
59
52
51
50
48
52
49
37
25
14
-1
-14
-22
-18
-14
-13
-7
-6
-13
-18
3
-2
-28
-20
-22
-25
-21
-23
-18
-18
-20
-6
-4
-15
-12
-19
-32
-43
-51
-44
-51
-49
-34
-35
-33
-29
-26
-30
-17
-10
-8
5
-2
1
8
4
24
40
36
31
32
22
2
-3
-6
-13
-2
9
9
18
30
26
29
32
35
41
28
26
39
38
36
51
53
51
59
63
56
47
40
28
20
15
13
6
9
21
18
20
2
-8
14
12
-9
-8
-1
-19
-10
6
4
13
6
-5
-18
-40
-50
-75
-91
-86
-95
-110
-107
-100
-118
-105
-98
-106
-91
-105
-106
-103
-117
-101
-84
-81
-92
-88
-79
-91
-88
-106
-118
-109
-127
-132
-125
-131
-125
-107
-105
-100
-83
-70
-81
-80
-69
-70
-65
-54
-49
-57
-50
-40
-42
-53
-71
-61
-66
-64
-46
-44
-50
-55
-37
-44
-48
-26
-27
-32
-30
-28
-40
-48
-39
-43
-38
-30
-26
-11
-5
-6
0
10
3
-2
4
-9
-11
-10
-14
-2
-7
1
22
23
14
7
6
5
5
15
24
29
44
43
40
44
35
19
13
24
15
13
29
34
35
41
59
67
63
70
69
60
53
55
55
49
64
81
79
80
80
80
74
71
76
71
72
59
53
66
66
70
82
88
91
94
103
103
108
111
107
117
115
112
102
102
114
104
107
107
102
104
97
97
90
85
82
97
105
94
107
111
91
82
81
72
71
82
79
73
82
78
62
51
38
30
24
3
-11
-10
-19
-22
-19
-10
-3
-1
5
13
14
14
9
-1
4
-7
-26
-23
-36
-52
-45
-42
-51
-48
-45
-50
-48
-46
-38
-33
-28
-23
-20
-21
-20
-14
-19
-27
-26
-31
-34
-28
-20
-21
-15
-10
-20
-19
-22
-31
-34
-41
-44
-46
-42
-28
-21
-9
-3
0
8
14
3
6
15
5
11
16
12
10
14
-1
-15
-13
-30
-37
-35
-41
-48
-57
-56
-47
-45
-52
-43
-40
-42
-36
-46
-42
-40
-48
-41
-44
-46
-41
-55
-63
-66
-76
-80
-87
-97
-105
-103
-105
-112
-110
-111
-98
-91
-94
-85
-82
-96
-93
-85
-93
-88
-82
-82
-82
-81
-76
-74
-90
-100
-107
-111
-110
-117
-114
-110
-107
-98
-96
-77
-70
-74
-62
-53
-49
-45
-34
-27
-24
-14
-20
-24
-28
-27
-29
-38
-38
-45
-44
-41
-43
-31
-19
1
14
8
1
-2
0
6
12
13
14
24
28
24
25
27
19
29
30
28
42
33
35
38
36
51
61
69
80
86
70
76
84
75
83
92
96
103
106
104
114
122
120
125
123
116
109
97
85
86
93
96
103
104
111
117
101
103
105
105
105
95
108
108
97
102
104
103
93
94
82
84
101
82
82
87
77
83
88
95
95
83
85
94
83
67
71
74
66
80
82
72
72
63
51
40
29
20
16
5
6
13
0
8
16
1
-1
10
14
2
2
6
-13
-11
-6
-9
-11
-22
-16
-22
-44
-48
-54
-67
-68
-70
-71
-66
-70
-61
-55
-65
-65
-67
-62
-73
-85
-82
-87
-92
-99
-91
-98
-112
-109
-123
-127
-128
-130
-135
-139
-138
-134
-123
-112
-100
-96
-95
-82
-80
-92
-84
-73
-79
-79
-76
-79
-72
-65
-63
-64
-61
-58
-52
-63
-77
-68
-66
-65
-56
-47
-40
-36
-29
-29
-15
-16
-29
-19
-11
-12
-11
-7
-11
-12
-10
-11
-9
-8
-16
-26
-25
-23
-25
-19
-7
-3
11
25
25
27
18
15
27
31
38
36
36
36
35
46
42
25
36
24
-2
4
-3
-18
-17
-11
-8
-6
-4
6
10
-9
-4
2
-2
8
6
17
20
19
22
8
5
5
-6
-21
-26
-30
-37
-37
-40
-38
-38
-31
-15
-15
-16
-16
-11
-11
-11
0
1
-6
-5
-9
-21
-21
-26
-32
-44
-54
-48
-55
-63
-62
-58
-49
-33
-23
-12
0
-3
1
1
-7
-3
-1
2
2
8
13
0
-5
-8
-15
-16
-26
-24
-9
-6
-1
1
11
17
28
41
38
40
25
20
23
15
23
28
25
25
31
29
28
35
32
23
26
26
18
24
27
21
35
42
34
38
42
44
55
59
58
62
70
74
73
73
71
84
84
58
50
46
34
24
25
26
15
19
30
31
26
31
35
30
34
41
47
41
47
59
49
41
59
63
46
45
38
12
9
8
-4
-1
9
15
23
20
27
36
25
29
43
40
29
40
38
25
23
10
9
4
-12
-21
-28
-39
-46
-50
-60
-49
-34
-35
-29
-26
-29
-25
-23
-23
-19
-24
-23
-24
-20
-16
-25
-28
-39
-41
-49
-53
-60
-72
-64
-74
-70
-56
-51
-25
-18
-11
4
10
11
18
28
11
12
20
6
6
5
-5
-5
-1
-3
-3
3
-3
1
16
24
26
30
44
53
51
60
57
56
61
60
69
66
64
74
73
75
77
63
48
56
55
43
40
34
32
32
26
21
24
25
27
34
26
24
32
38
36
31
27
30
28
24
17
9
12
3
-1
-6
-21
-32
-35
-37
-53
-39
-33
-40
-22
-19
-19
-25
-22
-2
1
-2
4
4
-8
-15
-21
-39
-48
-48
-54
-61
-58
-55
-56
-52
-48
-43
-37
-35
-33
-32
-32
-22
-21
-21
-15
-24
-26
-16
-20
-38
-42
-49
-55
-55
-73
-85
-89
-99
-97
-91
-93
-92
-86
-77
-62
-55
-67
-65
-48
-43
-56
-59
-61
-70
-81
-92
-93
-104
-104
-105
-111
-102
-110
-105
-97
-101
-88
-71
-72
-64
-47
-49
-51
-41
-29
-25
-19
-21
-23
-1
-8
-20
-12
-20
-33
-23
-12
-25
-26
-22
-22
-13
-19
-13
-7
-3
11
13
12
4
9
23
24
25
36
40
28
32
32
12
10
6
3
5
-6
-7
-11
-12
-5
-1
7
7
6
22
29
25
40
54
63
69
60
58
49
37
38
39
27
35
49
45
52
53
50
50
54
63
56
72
91
91
97
115
124
120
129
126
124
124
115
113
97
92
92
87
81
79
85
70
63
75
74
70
77
89
86
93
100
88
97
99
92
98
91
84
85
74
53
45
36
29
21
20
34
15
-1
9
0
2
12
8
13
23
28
32
41
40
42
48
34
42
43
20
20
12
0
4
8
12
18
25
25
23
37
42
41
48
49
45
50
67
71
71
65
62
69
67
67
58
46
38
31
33
20
15
23
14
8
17
18
20
32
32
29
35
28
29
35
24
5
-11
-11
-25
-50
-58
-70
-75
-65
-72
-84
-77
-69
-69
-69
-64
-62
-66
-69
-67
-69
-71
-65
-59
-60
-66
-75
-79
-94
-112
-111
-122
-131
-126
-131
-143
-137
-132
-134
-122
-118
-112
-94
-87
-79
-74
-62
-50
-46
-44
-44
-51
-66
-79
-81
-82
-98
-90
-81
-94
-87
-77
-75
-68
-65
-64
-59
-55
-49
-42
-41
-31
-26
-28
-17
-24
-24
-15
-29
-33
-43
-53
-54
-64
-69
-68
-70
-69
-63
-58
-63
-61
-56
-53
-42
-48
-52
-37
-25
-25
-18
-11
-15
-9
-10
-15
-10
-23
-21
-12
-23
-23
-19
-14
-6
-2
-8
-1
5
6
26
36
37
50
59
57
58
55
44
48
41
31
26
20
26
26
21
22
20
17
26
23
21
26
20
31
34
30
45
41
48
64
61
59
67
70
60
51
44
37
29
34
24
8
6
1
-2
1
14
18
24
43
56
65
72
70
70
74
71
67
63
60
52
42
31
22
23
21
15
16
8
9
24
22
26
35
42
48
42
45
54
61
64
59
60
66
59
47
46
34
18
25
20
5
15
17
12
4
2
17
17
12
21
29
29
29
40
48
33
28
40
28
16
17
6
-1
-4
-3
0
-3
1
2
1
-3
-10
3
13
15
27
38
37
43
50
43
34
32
27
26
24
22
10
-2
-5
-13
-16
-21
-20
-19
-21
-20
-25
-21
-10
-7
2
5
5
18
20
12
8
2
1
-1
-13
-13
-15
-28
-27
-38
-45
-34
-33
-35
-39
-38
-33
-24
-15
-7
-2
6
20
29
37
35
31
34
25
20
18
6
-1
-14
-23
-18
-31
-45
-40
-43
-33
-26
-28
-18
-14
-4
14
20
24
25
28
32
27
27
20
8
8
2
-6
-11
-18
-27
-38
-41
-42
-51
-49
-37
-43
-33
-20
-9
5
13
20
21
25
21
18
17
7
-7
-11
-23
-40
-38
-37
-48
-47
-44
-45
-43
-44
-29
-16
-17
-6
3
15
20
13
19
22
19
28
28
18
13
7
0
-5
-11
-12
-14
-22
-24
-21
-20
-11
-7
-8
1
14
15
21
32
22
27
32
24
30
14
6
3
-15
-20
-25
-34
-40
-41
-46
-42
-40
-43
-34
-38
-32
-25
-18
-14
-15
-3
-10
-17
-9
-10
-14
-20
-24
-26
-24
-31
-38
-36
-43
-41
-35
-44
-49
-48
-39
-40
-45
-30
-28
-20
-3
-2
-2
-5
-1
-6
-9
-2
-4
-2
-1
-1
-9
-26
-22
-25
-30
-25
-24
-19
-18
-14
-6
-3
3
16
23
18
22
27
19
24
22
8
9
-4
-17
-15
-27
-25
-22
-35
-35
-21
-25
-24
-11
-7
-3
-1
2
4
11
3
-13
-3
-8
-15
-11
-14
-20
-26
-25
-30
-37
-33
-21
-27
-22
-6
-4
10
12
17
30
25
27
31
36
42
39
48
50
45
53
60
58
53
45
38
38
46
45
51
55
55
58
59
63
65
72
76
77
90
84
84
92
92
94
90
85
83
76
64
63
63
59
58
48
44
49
46
36
32
34
39
39
47
46
52
67
58
59
62
57
63
55
49
46
36
31
17
12
12
5
12
13
9
12
18
23
20
26
31
32
44
44
34
36
37
31
28
33
23
17
15
9
8
2
-6
-11
1
5
-3
-3
-4
2
-2
4
3
-6
0
-1
5
-5
-13
-8
-27
-35
-43
-62
-69
-74
-76
-75
-72
-68
-78
-84
-85
-87
-83
-91
-84
-71
-71
-57
-56
-67
-68
-70
-72
-76
-74
-79
-85
-91
-94
-84
-89
-101
-98
-95
-95
-86
-82
-87
-78
-68
-63
-57
-47
-45
-42
-37
-41
-30
-37
-48
-41
-54
-64
-75
-76
-67
-74
-63
-60
-75
-72
-72
-77
-75
-67
-56
-50
-42
-31
-22
-17
-27
-27
-25
-34
-31
-30
-41
-39
-41
-55
-47
-49
-59
-54
-50
-48
-39
-36
-33
-26
-32
-19
-6
-3
9
10
13
19
14
13
14
5
-1
4
-1
-3
3
0
-1
-1
1
2
3
14
17
32
48
48
68
70
67
68
58
58
58
64
53
41
42
28
29
28
14
20
23
13
5
13
14
5
4
17
34
40
40
53
58
50
54
57
55
49
42
43
28
20
16
3
4
-4
-4
2
-8
4
5
-1
12
25
38
52
69
71
76
71
60
61
52
47
38
27
22
9
4
16
25
15
24
35
25
25
23
36
43
42
55
65
73
73
70
81
74
60
58
48
50
43
29
36
30
25
18
23
20
7
21
26
25
27
31
40
47
52
55
56
38
28
29
22
22
6
-6
-11
-14
-8
-21
-23
-12
-9
-5
-1
3
8
10
11
17
22
21
25
30
29
30
24
25
27
20
18
12
9
13
7
7
2
3
7
-10
-17
-15
-12
-12
-13
-2
5
3
5
8
13
14
6
-6
-12
-16
-29
-31
-39
-52
-49
-46
-53
-58
-56
-61
-58
-56
-58
-52
-49
-42
-31
-21
-14
-14
-24
-26
-26
-30
-38
-51
-61
-62
-60
-67
-67
-63
-66
-63
-68
-68
-66
-69
-67
-51
-42
-42
-23
-20
-19
-15
-14
-10
-18
-22
-29
-28
-36
-50
-46
-55
-65
-59
-55
-47
-40
-40
-31
-26
-36
-27
-16
-16
-3
5
2
8
8
-1
-10
-17
-26
-19
-21
-36
-36
-42
-40
-29
-29
-14
-8
-10
-7
-3
8
7
9
22
21
18
25
28
18
9
14
13
5
4
8
12
11
21
28
28
32
26
32
22
11
14
-2
-5
0
0
7
16
22
27
29
24
35
25
9
19
18
10
6
7
4
-3
-12
-14
-9
-12
-19
-18
-23
-19
1
-1
14
32
26
26
21
13
0
-14
-10
-9
-18
-23
-23
-21
-22
-15
-14
-27
-33
-43
-36
-31
-44
-39
-34
-19
-7
-8
-6
-13
-2
-14
-18
-4
-24
-28
-29
-40
-26
-33
-38
-29
-40
-40
-40
-53
-58
-50
-44
-34
-19
-11
5
16
17
21
20
-2
-4
5
-15
-13
-8
-12
-5
-18
-13
-8
-12
-6
-8
-12
-18
-13
2
15
29
42
51
58
56
48
46
45
33
24
26
30
25
19
26
34
31
27
25
14
10
17
19
22
34
49
58
58
66
82
73
63
69
66
69
59
47
49
38
39
50
50
41
41
47
41
40
35
35
43
38
48
55
60
73
73
83
83
69
69
59
49
44
53
60
47
40
35
31
25
14
23
13
0
7
19
34
29
42
51
42
54
44
41
47
39
30
18
12
1
5
-1
-5
3
-7
-7
-13
-20
-17
-31
-23
-17
-14
3
9
15
10
7
1
-4
-9
-19
-19
-26
-33
-32
-39
-41
-41
-41
-41
-53
-54
-58
-63
-59
-54
-48
-45
-38
-33
-23
-19
-33
-37
-48
-51
-52
-70
-74
-76
-77
-72
-69
-69
-75
-75
-73
-78
-80
-78
-87
-85
-80
-74
-69
-66
-51
-51
-58
-58
-63
-58
-70
-80
-74
-77
-73
-68
-65
-62
-61
-54
-50
-54
-53
-48
-48
-43
-31
-28
-20
-4
2
4
0
-6
-10
-10
-3
-13
-15
-10
-9
-5
-2
-10
-11
0
-3
5
6
-4
4
-3
-18
-9
6
16
20
17
12
3
-5
-7
-16
-21
-20
-19
-17
-20
-9
-3
1
1
-5
-4
-4
-4
1
0
9
26
28
28
35
34
26
34
34
17
14
15
18
24
26
33
46
52
52
55
54
47
46
47
52
62
60
72
91
83
84
90
82
75
71
70
64
60
58
52
54
65
76
74
72
71
62
61
60
50
50
60
57
65
75
60
59
62
55
57
43
32
38
40
40
44
46
36
34
43
38
35
36
33
33
28
32
43
58
72
79
77
72
74
68
57
51
42
45
47
35
43
49
43
63
62
49
51
43
49
54
47
48
50
58
56
51
55
62
46
36
40
32
27
26
25
22
19
20
22
17
2
-5
-21
-30
-28
-28
-19
-18
-4
9
0
12
21
3
-5
-13
-26
-34
-53
-52
-62
-81
-68
-63
-65
-60
-52
-63
-63
-47
-61
-53
-33
-24
-8
-14
-14
-1
-10
-10
-27
-55
-58
-65
-63
-53
-46
-42
-46
-36
-31
-41
-42
-37
-37
-41
-45
-37
-46
-40
-25
-26
-19
-38
-42
-21
-45
-43
-32
-45
-36
-51
-59
-47
-48
-59
-68
-61
-70
-75
-73
-80
-78
-70
-40
-48
-58
-32
-31
-46
-48
-52
-65
-73
-60
-31
-29
-35
-35
-49
-65
-87
-96
-79
-72
-61
-40
-46
-54
-37
-35
-32
-9
-4
9
28
11
7
1
-19
-16
-7
-9
-1
6
9
5
-15
-14
-20
-30
-16
-16
-1
30
49
40
31
29
17
10
11
24
17
-4
14
14
0
23
12
9
19
-1
-1
3
-4
-14
-31
-34
-23
-13
6
16
6
22
32
23
22
11
9
9
4
25
40
16
20
27
3
-20
-31
-40
-31
-28
-23
11
12
13
15
20
61
55
28
50
54
30
31
19
6
18
31
44
47
15
5
6
-13
3
-6
-24
-12
-3
12
2
5
14
15
24
29
25
2
2
8
11
8
-17
-14
3
-12
-10
0
-4
7
-21
-31
3
2
-21
-21
-3
14
16
25
35
20
26
-5
-1
28
2
10
24
25
26
24
-4
-14
11
0
13
27
18
27
24
5
18
39
45
60
36
0
-6
-5
17
24
24
25
6
23
43
21
20
14
8
15
3
0
-12
-29
-13
-4
-13
-27
-26
-2
-5
12
14
16
33
6
27
41
53
52
33
59
32
15
32
3
-11
-12
-17
14
14
-6
29
49
50
66
74
90
72
37
11
12
57
58
62
53
51
71
55
70
52
11
23
44
51
35
5
27
28
7
45
35
36
78
57
54
42
12
24
-5
-42
-44
-54
-79
-84
-8
-26
-29
-105
-123
-62
-529
-327
222
95
47
74
158
150
220
92
-246
-406
-456
-177
19
45
93
10
-46
90
107
-22
-101
27
180
131
288
493
302
-32
-182
-139
-51
-158
80
506
139
-244
-273
-430
-797
-1158
-938
-353
293
458
598
812
267
2
-206
-725
-33
421
-141
75
284
112
-775
-819
294
153
-46
163
535
414
-342
-285
386
197
-349
255
576
-3
-176
132
269
-267
-449
172
111
-338
-134
151
27
-76
90
206
-19
-172
-13
-144
-282
26
134
-35
-157
-153
-146
-422
-349
-77
-47
111
110
69
164
171
126
109
86
70
100
142
130
65
94
-18
-281
-249
-114
-92
-29
-32
-99
-76
-117
-199
-198
-310
-294
-233
-257
-121
-118
-37
4
-268
-211
-151
-251
-64
-27
-54
-60
-149
-39
57
108
208
239
237
288
285
249
253
193
244
371
362
384
348
228
262
221
221
270
205
221
194
189
189
163
202
214
194
213
186
48
10
9
-33
36
123
148
163
98
23
31
-20
-33
29
23
35
-8
-37
14
-42
-95
-100
-117
-162
-195
-155
-183
-243
-163
-140
-252
-211
-161
-251
-284
-237
-216
-225
-189
-168
-162
-284
-312
-185
-260
-193
-152
-284
-174
-118
-189
-178
-108
-80
-77
-57
-49
-3
-20
4
46
43
101
95
109
229
257
106
75
114
104
159
162
198
201
149
176
123
68
172
184
155
220
221
281
292
243
215
139
150
176
237
190
120
185
104
81
164
124
69
64
62
54
28
32
17
-15
37
51
37
75
56
12
-43
-128
-113
-85
-109
-96
-74
-86
-163
-163
-147
-214
-210
-165
-167
-201
-178
-203
-232
-202
-230
-221
-162
-141
-111
-84
-120
-157
-158
-173
-162
-55
-41
-89
-37
-13
-21
-26
6
19
21
52
85
89
30
57
95
48
52
91
151
130
71
101
67
53
83
42
49
94
84
80
57
70
100
47
10
-14
-27
-68
-42
22
3
-8
-48
-33
-42
-113
-80
-76
-107
-84
-67
-86
-139
-163
-125
-116
-112
-145
-168
-143
-129
-102
-159
-182
-147
-165
-180
-163
-105
-72
-44
-54
-89
-77
-91
-125
-118
-60
-16
-37
-58
-25
-63
-82
-72
-41
44
18
39
45
41
132
124
117
145
137
109
110
151
144
119
111
94
122
135
171
208
142
159
157
116
122
91
87
83
87
93
114
118
55
91
118
83
69
54
78
69
49
28
-1
20
31
9
59
67
-48
-44
-15
-27
18
-21
-48
-14
-45
-53
-60
-47
12
-23
-42
-12
-42
-62
-47
-40
-41
-85
-134
-110
-116
-135
-81
-77
-86
-28
5
3
-7
-5
-4
-27
-13
54
19
23
67
26
46
43
32
47
38
57
51
26
26
48
65
46
14
-28
-9
86
146
158
121
130
121
45
49
47
39
43
20
24
17
0
30
57
65
39
-15
-20
-9
-1
-46
-51
-21
-36
6
43
67
62
38
46
13
-19
-29
-28
3
-22
-19
8
-16
34
61
22
41
36
-17
-36
-1
2
-37
-21
11
28
56
83
134
157
84
45
49
15
-3
-14
-16
4
58
75
44
42
12
4
27
7
16
0
0
27
-33
-27
-12
4
48
43
43
15
8
-4
0
19
14
29
16
25
6
-14
-5
-11
-13
-24
-40
-58
-31
6
5
5
35
33
15
-11
-40
-21
-27
-3
8
-53
-54
-49
-92
-130
-119
-87
-98
-127
-126
-105
-127
-128
-113
-126
-100
-65
-84
-79
-53
-96
-92
-73
-96
-86
-98
-103
-87
-90
-110
-123
-130
-126
-112
-99
-103
-109
-114
-126
-101
-112
-110
-92
-76
-44
-34
-35
-46
-36
-36
-43
-69
-59
-5
-14
6
29
-3
-10
-18
-34
-22
-6
-23
-11
47
59
48
58
59
46
41
61
76
67
52
28
10
-20
-30
-11
3
34
28
11
1
-7
15
-14
-39
-16
-20
2
27
21
25
1
10
2
-26
-4
-25
-47
-30
-34
-43
-48
-41
-25
-32
-26
-42
-32
-5
-27
-35
-14
1
-12
12
32
46
64
47
43
16
-9
-12
-21
-7
15
13
26
39
31
48
22
5
32
18
21
32
37
61
88
118
128
104
99
103
79
73
68
71
77
57
57
45
28
38
61
50
24
50
35
22
63
60
39
47
71
74
61
88
84
53
40
37
39
3
-2
38
31
4
8
10
-3
12
6
-15
-19
-13
6
14
-5
-4
19
28
38
41
28
18
39
50
53
40
14
60
58
36
45
23
22
41
38
18
16
24
42
60
67
77
66
65
94
93
79
104
106
69
65
42
24
56
82
104
93
49
46
73
58
58
68
33
53
54
18
44
42
47
66
49
55
37
19
8
-13
-19
-5
25
18
28
24
-22
-24
-29
-62
-92
-71
-54
-94
-79
-60
-58
-35
-17
-17
-28
-25
-34
-24
-40
-81
-77
-79
-84
-77
-71
-67
-51
-48
-59
-55
-73
-75
-62
-61
-44
-52
-31
9
-28
-33
-45
-85
-69
-68
-64
-66
-77
-61
-55
-76
-67
-44
-68
-81
-75
-68
-67
-79
-67
-58
-56
-51
-57
-62
-41
-34
-61
-66
-63
-92
-106
-101
-94
-84
-79
-70
-60
-55
-70
-100
-104
-105
-98
-101
-102
-71
-50
-48
-47
-25
-39
-39
-16
-34
-36
-57
-54
-31
-68
-62
-44
-52
-32
-16
-13
-30
-52
-51
-27
-22
-27
-8
-4
5
47
64
31
35
60
21
-12
0
-18
-22
-24
-42
-49
-70
-51
-29
-36
-31
-19
-20
-22
2
13
19
25
31
32
24
27
24
17
2
8
16
-13
7
38
-2
1
26
15
33
37
21
18
16
24
29
64
81
83
98
86
82
79
62
63
54
22
30
23
19
46
52
68
66
56
53
48
58
63
58
46
50
65
61
61
81
72
53
54
52
42
49
42
21
43
47
30
18
23
7
-21
-3
-15
-17
9
5
6
18
12
5
8
6
31
46
55
64
46
33
12
15
6
3
38
40
26
34
30
-9
-17
-16
3
11
13
48
47
54
57
50
53
57
58
54
64
70
59
39
44
31
12
17
13
8
-10
-6
-2
-23
1
18
2
10
19
33
68
63
49
56
44
24
-1
-25
-35
-27
-26
-17
-4
-19
-14
-15
-34
-49
-44
-44
-37
-19
-15
0
-22
-14
-1
-14
2
2
-10
-10
-5
-13
-28
-39
-35
-26
-18
-3
-10
-18
-4
-25
-34
-10
-11
-3
1
15
9
1
20
9
18
13
-6
2
-12
-6
-7
-14
1
21
43
31
16
0
-13
-3
-11
-15
-8
4
30
45
50
33
39
58
35
35
31
-12
-20
-8
-5
-1
11
6
9
8
-34
-31
-17
-20
-16
-15
-8
-4
-14
-9
13
-9
1
46
43
30
30
28
9
8
25
27
21
23
22
-2
-12
-10
-20
-35
-34
-14
-4
16
42
45
54
49
24
43
31
13
35
24
21
25
26
32
23
16
2
-4
-25
-32
-3
-12
-27
-7
-6
-11
-3
-6
2
16
13
6
4
-12
-31
-46
-54
-54
-40
-12
4
0
0
-8
-55
-75
-48
-52
-60
-20
8
-7
-14
-12
-22
-21
-12
-17
-4
-8
-18
-4
-8
-42
-49
-31
-45
-40
-34
-49
-49
-58
-56
-43
-53
-45
-18
-14
-3
-11
-25
-25
-23
-14
-18
-12
-12
-33
-44
-49
-53
-47
-43
-39
-53
-70
-66
-76
-64
-48
-48
-50
-48
-14
-35
-48
-25
-22
-19
-18
8
4
-4
15
-3
-11
-7
-10
-19
-21
-9
-36
-52
-33
-34
-27
-10
11
27
20
49
54
47
65
60
76
77
52
56
32
17
28
25
22
35
38
6
2
18
2
4
8
13
35
19
20
41
35
40
40
48
44
26
19
8
0
-12
-8
-3
-8
-4
-13
-1
-5
-2
21
0
20
27
9
26
12
19
20
0
20
24
18
15
3
-3
-16
-14
4
22
25
18
22
9
6
3
19
39
19
35
54
37
42
55
54
42
32
26
17
24
23
3
5
17
4
-1
15
13
1
5
-8
-36
-30
-17
-16
5
18
3
9
32
21
29
36
15
6
-1
-36
-33
-10
-41
-26
-6
-27
-15
-23
-27
-31
-32
-12
-9
4
6
8
34
30
23
22
18
26
22
15
15
16
4
-7
-1
-2
5
-9
-25
-9
-31
-44
-14
-13
-14
-2
0
6
-2
-4
7
2
17
29
2
-9
-2
-8
-19
-6
2
-13
-11
-20
-17
-27
-55
-41
-38
-21
-11
-3
19
6
16
15
-1
12
13
3
-2
-12
-15
-17
-22
-8
-10
-11
16
18
10
30
37
31
38
24
34
32
21
44
18
8
31
22
29
36
19
-14
-11
18
14
13
27
28
32
27
21
18
-6
1
3
2
16
-7
1
10
4
1
-6
18
21
13
11
3
-7
-16
-19
-36
-36
-35
-33
-31
-35
-26
-21
-21
-29
-20
3
-3
-4
23
21
9
17
21
20
-6
13
18
-16
-1
-3
-3
-8
-19
-2
7
-2
-8
-1
10
18
22
29
49
40
27
47
50
38
32
34
31
12
1
6
-2
-3
12
10
8
-4
-9
-9
-22
-34
-27
-29
-29
-3
-6
-2
1
-19
-15
-17
-23
-19
-26
-44
-48
-60
-74
-75
-67
-57
-71
-67
-52
-60
-75
-71
-74
-73
-57
-61
-47
-25
-13
-37
-43
-12
-43
-65
-38
-39
-48
-20
-3
-26
-13
10
-11
-28
-15
9
-7
-16
9
-1
-18
-28
-7
-2
-22
12
36
35
21
4
8
-23
-33
-16
-7
15
23
20
16
15
-8
-44
-45
-39
-56
-57
-40
-24
-12
0
