0
0
-1
0
0
0
0
-1
0
0
0
0
0
0
0
0
0
0
0
0
0
0
-1
0
0
0
0
0
0
0
0
0
1
0
-1
0
0
0
0
0
0
0
0
0
0
0
0
0
0
0
0
0
0
0
-1
0
0
0
0
0
0
0
0
0
0
0
0
0
1
0
0
0
0
0
0
0
1
0
0
0
1
1
0
0
0
-1
1
1
0
0
0
0
0
0
0
1
0
0
0
1
0
0
0
0
0
-1
0
0
0
0
0
0
0
0
0
0
-1
-1
-1
0
0
0
0
-1
0
0
0
0
0
0
0
0
0
1
0
1
0
0
0
0
0
0
1
-1
0
1
-1
0
0
0
0
0
0
0
-1
0
0
0
-1
0
-1
0
0
0
0
0
-1
0
0
0
0
0
0
-1
0
0
0
0
0
0
0
0
-1
-1
0
0
0
0
0
1
0
0
0
0
0
-1
0
0
0
0
0
0
0
0
0
1
0
1
0
0
1
-1
1
0
0
0
-1
-1
0
0
0
-1
0
-1
0
0
0
-1
0
0
0
0
1
0
0
0
0
0
0
1
0
1
0
0
0
0
0
0
1
0
0
0
1
1
0
0
0
0
0
0
0
0
-1
1
0
0
0
0
0
0
0
1
0
0
-1
0
0
0
-1
0
0
0
1
0
-1
0
0
0
0
0
0
-1
-1
0
0
-1
1
0
1
0
0
0
0
0
0
1
0
0
0
0
0
1
0
0
0
1
-1
0
1
1
1
0
0
0
1
1
1
0
1
0
0
0
0
0
0
0
0
1
0
0
0
-1
0
0
1
1
-1
0
1
0
0
-1
1
0
-1
-1
-1
0
-1
-1
-1
-2
-1
-1
0
-1
0
0
-1
0
1
-1
0
0
-1
0
0
0
0
-1
-1
0
0
1
1
0
0
-1
0
1
1
1
-1
-1
1
-1
1
2
-1
2
0
-1
0
1
1
0
-1
-1
0
0
0
1
-1
0
-1
-1
1
1
0
0
-2
-1
0
0
2
1
-1
0
0
-1
0
0
0
0
-1
0
1
-1
0
0
-2
1
1
2
1
-2
0
-1
1
3
0
-1
-1
0
0
2
0
-1
1
-1
0
0
1
2
0
-1
-1
-2
1
1
0
0
0
-2
1
1
1
0
-2
-1
0
0
2
1
0
-1
-2
-2
0
1
0
-1
-2
-2
-1
0
0
-2
-3
-2
-3
-2
1
-2
-1
-2
-3
-1
0
-2
0
-3
-4
-1
-2
0
0
-2
0
-2
-2
0
-2
0
-2
-3
1
2
2
0
-2
-2
0
2
2
1
-3
-3
-6
-2
-7
-4
-8
-15
79
85
32
68
31
9
26
-12
-30
-42
-12
2
-20
-3
-1
-5
-27
-54
-55
-47
-28
-23
-11
-19
-46
-27
-33
-67
-51
-37
-43
-39
-51
-42
-49
-57
-32
-62
-63
-42
-39
-9
6
-14
-24
-4
-9
16
-19
-86
-62
-51
-30
-24
-15
2
-27
-36
-71
-57
17
-16
-32
20
2
-22
7
9
-13
-3
-8
-11
-1
-46
-47
-5
-23
-21
-14
-19
41
48
22
24
22
23
-6
-13
-36
-57
-14
-16
-25
-18
-31
-16
-4
1
-22
-59
-36
-61
-94
-50
-7
2
-12
3
-9
-31
-32
-69
-52
-21
-31
-28
-38
-17
7
-29
-68
-41
6
29
44
31
28
28
19
29
32
66
63
50
63
38
63
65
36
66
83
83
82
94
87
66
100
98
86
107
84
88
77
41
54
69
78
57
101
148
101
108
99
80
88
53
86
94
69
84
88
85
41
68
92
71
81
45
61
47
19
53
18
24
53
50
65
40
32
32
26
50
40
39
17
-5
19
-27
-23
-7
-38
-1
-10
-43
-46
-30
-7
-20
-16
-13
3
17
7
33
46
55
50
31
35
23
27
38
33
30
19
23
37
43
32
20
37
39
28
35
52
61
51
71
73
54
69
39
22
28
4
31
58
41
45
86
96
66
68
55
42
29
2
16
18
17
44
53
65
32
11
16
-32
-7
-17
-49
3
3
-27
-42
-25
-21
-24
-5
-38
-49
-38
-25
-16
-72
-61
-32
-74
-90
-112
-106
-63
-75
-88
-82
-94
-82
-56
-82
-99
-61
-57
-58
-48
-66
-57
-67
-88
-84
-76
-65
-83
-98
-103
-95
-61
-38
-71
-63
-28
-65
-51
-2
8
-25
-42
12
8
-17
23
14
-18
20
20
-27
-26
-22
-47
-23
-19
-49
5
7
-10
28
-4
-17
-3
-8
-6
-6
-30
-52
-16
-20
-62
-42
-35
-55
-38
-36
-55
-60
-93
-92
-44
-40
-24
14
-4
-43
-43
-35
-62
-103
-118
-100
-89
-124
-114
-92
-128
-118
-108
-118
-105
-84
-77
-91
-80
-98
-77
-45
-81
-83
-76
-62
-39
-40
-34
-22
-22
-10
20
2
-32
11
-2
-28
43
39
31
63
41
48
58
89
82
67
105
87
83
92
92
87
59
56
58
89
97
68
79
94
92
90
102
120
115
108
109
83
87
95
52
52
81
45
40
92
72
55
65
13
7
27
2
-16
-44
-56
-27
-39
-42
-10
-17
-31
-2
28
-13
-25
-20
-50
-42
-34
-38
-53
-57
-48
-54
-37
-12
-17
-14
-4
3
16
25
40
15
-14
9
16
-8
-16
-4
-34
-41
-3
-3
-6
14
43
44
30
45
66
73
59
24
30
74
72
61
85
79
70
95
84
67
73
40
26
24
45
91
87
86
76
65
52
16
30
19
2
26
37
28
13
8
-44
-55
-28
-39
-7
-10
-54
-3
43
7
-2
24
5
-20
-7
-13
3
32
-7
-29
-20
-21
-35
-56
-26
-26
-53
-10
5
-15
17
30
-10
-10
19
9
-12
-4
-2
-4
35
47
28
48
44
28
23
31
50
30
24
15
-9
6
43
50
22
47
72
46
70
63
12
39
25
18
55
45
42
15
7
18
9
7
-19
-15
-8
-33
-13
41
43
0
19
8
-33
-10
-28
-54
-57
-48
-30
-39
-40
-46
-45
-68
-76
-63
-120
-106
-83
-103
-84
-77
-63
-70
-65
-66
-110
-107
-104
-102
-82
-108
-115
-96
-106
-94
-67
-43
-64
-55
-38
-40
-11
-39
-39
-45
-56
-45
-56
-38
-73
-66
-57
-59
-34
-43
12
8
14
35
-12
14
9
-11
-8
-18
-5
-19
5
20
-22
12
35
48
45
8
25
5
18
8
-17
14
-10
27
8
-12
20
-18
13
-21
-28
13
-3
22
18
-4
-24
-6
-16
-68
-42
-42
-66
-43
-34
-31
-14
-10
-3
20
-17
-53
4
-7
-43
-6
9
28
54
73
55
28
27
21
29
6
-5
13
3
10
3
12
21
-14
-2
-2
-32
-22
-15
-13
-12
5
14
11
38
46
31
19
7
-2
25
49
24
30
46
54
59
16
6
40
9
-29
19
44
24
43
29
-5
20
53
27
6
25
26
27
28
44
42
32
54
41
20
7
12
28
8
9
60
45
12
35
62
60
46
87
99
74
61
58
50
6
44
62
26
51
53
34
44
64
42
21
28
45
62
50
89
71
20
71
68
21
-3
38
71
59
85
71
70
86
102
110
74
89
101
93
95
98
100
52
55
94
44
33
52
30
47
50
48
72
63
70
105
74
23
59
49
-19
20
39
-20
-14
-4
-32
-16
-15
-38
-32
-69
-71
-51
-79
-47
-49
-52
-32
-34
-30
-57
-59
-68
-69
-78
-106
-108
-102
-117
-123
-107
-157
-169
-137
-147
-124
-125
-131
-91
-87
-101
-102
-124
-132
-92
-82
-112
-104
-97
-122
-95
-90
-145
-111
-60
-68
-71
-80
-60
-67
-57
-49
-72
-56
-76
-52
-50
-64
-20
-41
-46
-30
-34
-42
-32
-35
-56
-41
-35
-14
-3
13
11
3
31
-20
-26
-19
-48
-32
-44
-46
-60
-44
-4
-20
-24
-22
-9
12
-2
-14
4
-11
-6
-11
-31
-47
-81
-30
-41
-62
-36
-22
-14
-61
-37
-49
-72
-57
-51
-13
3
16
31
15
-13
12
-3
-61
-62
-30
-1
-8
14
12
10
19
12
21
1
33
54
75
98
87
97
63
72
75
49
57
49
60
69
95
88
82
87
93
129
97
82
105
89
72
115
95
50
107
85
40
42
44
37
42
50
45
54
8
45
107
58
49
56
43
12
-3
-5
-16
-7
9
-1
-25
-16
5
8
15
21
5
6
38
30
33
70
33
-1
22
22
0
11
17
0
40
55
39
47
21
47
91
71
74
110
103
78
115
129
92
112
145
131
124
140
138
129
131
133
127
119
102
106
138
124
101
126
138
96
114
128
84
109
86
77
105
90
85
69
102
78
51
61
22
31
40
57
35
14
56
29
3
-4
-37
-45
-24
-51
-65
-18
-32
-50
-45
-74
-102
-95
-105
-125
-88
-84
-91
-76
-70
-72
-70
-72
-103
-114
-132
-120
-97
-102
-85
-92
-66
-71
-106
-80
-68
-55
-61
-48
-18
-54
-45
-31
-48
-43
-65
-29
5
-25
-2
12
-11
-38
-29
-41
-86
-50
-45
-83
-66
-39
-22
-24
-24
-11
-8
-26
-38
-65
-69
-36
-58
-72
-72
-78
-66
-80
-111
-119
-102
-109
-93
-75
-99
-89
-96
-127
-122
-139
-160
-126
-114
-148
-129
-84
-106
-135
-99
-115
-148
-120
-111
-131
-139
-118
-120
-122
-88
-101
-103
-77
-73
-54
-41
-31
-9
-3
7
10
-1
13
23
17
4
9
45
24
20
57
59
51
47
59
70
94
115
128
141
135
123
99
98
81
61
62
48
69
104
93
70
100
114
81
81
86
40
43
66
35
52
73
58
61
45
-9
-29
-6
-28
-33
0
-3
-10
17
51
13
-18
-12
-43
-90
-95
-71
-103
-78
-57
-79
-48
-87
-106
-112
-144
-125
-113
-105
-113
-85
-40
-44
-46
-1
-3
-6
46
-17
-65
-18
-44
-41
23
0
-27
6
36
25
27
66
80
98
102
109
103
82
102
97
108
88
71
131
96
80
126
76
72
112
98
96
109
152
153
126
136
114
84
68
60
45
59
76
100
149
128
120
107
92
101
81
74
40
42
41
29
60
34
31
-3
-12
31
-25
-8
23
-19
-24
-32
-37
-53
-66
-52
-40
-52
-73
-56
-60
-81
-69
-52
-67
-93
-69
-63
-85
-80
-70
-94
-74
-24
-46
-57
-49
-33
-38
-74
-47
-41
-60
-48
-26
-25
-17
16
-2
-15
-27
-34
0
-13
-14
-11
-2
7
-23
-21
-19
-30
-57
-46
-24
-37
-13
-7
-18
-26
-12
-37
-72
-50
-79
-83
-65
-64
-57
-46
-42
-44
-22
-42
-63
-70
-67
-60
-101
-101
-106
-102
-81
-114
-75
-42
-69
-48
-65
-72
-45
-51
-38
-70
-104
-90
-69
-73
-129
-108
-71
-115
-93
-57
-116
-104
-64
-70
-49
-49
-20
-23
-27
14
-18
-5
-33
-58
-16
-34
-35
-43
-31
-15
-10
28
7
-16
32
61
24
32
40
10
18
25
42
32
40
41
14
34
18
15
26
17
31
14
0
23
24
23
31
34
57
48
27
26
5
-7
-5
4
23
33
40
37
22
43
22
16
40
31
94
81
91
144
108
137
139
102
74
69
80
65
65
35
26
35
30
50
72
71
75
109
94
89
74
63
71
42
53
57
34
24
23
28
-8
-14
16
-16
-21
5
-25
-25
13
43
56
48
58
72
45
48
51
15
31
37
20
7
4
10
7
13
0
-4
-14
-9
17
12
27
32
12
14
18
-5
7
8
-18
22
24
33
47
37
74
47
56
57
35
61
68
97
106
108
110
120
138
105
89
115
101
90
137
114
81
116
130
97
97
120
104
111
136
116
100
131
126
104
77
67
66
20
13
20
1
7
3
12
18
-1
17
44
41
40
95
84
40
69
59
16
20
-2
-12
31
32
33
26
17
4
-33
-40
-64
-47
-37
-41
-1
-11
-34
-19
-8
-20
-27
-33
-42
-57
-70
-48
-40
-58
-38
-6
-4
-4
-13
-15
-18
-37
-17
13
0
6
34
15
5
23
12
17
8
-13
8
28
22
24
11
-22
-17
-18
-10
3
1
5
2
-15
-43
-53
-71
-85
-104
-101
-83
-119
-104
-56
-60
-63
-71
-90
-81
-83
-102
-80
-63
-71
-74
-79
-70
-92
-111
-108
-108
-61
-78
-78
-73
-133
-105
-108
-142
-121
-120
-116
-121
-128
-122
-103
-113
-121
-108
-126
-131
-118
-141
-143
-111
-107
-116
-101
-78
-79
-78
-65
-79
-64
-55
-76
-34
-24
-6
24
-5
-24
-44
-25
-22
-49
-18
1
-21
-18
-3
-36
-47
-43
-52
-2
-11
-58
-50
-57
-69
-72
-39
-55
-77
-43
-79
-98
-98
-98
-85
-100
-73
-63
-57
-49
-63
-36
-23
-8
-26
-34
-19
-60
-46
-52
-57
-48
-57
-28
-49
-42
-34
-72
-66
-72
-94
-62
-59
-82
-39
-25
0
6
-28
-25
-21
11
-11
-34
-25
-86
-73
-27
-13
11
35
59
53
104
118
82
102
98
90
105
104
83
84
96
118
111
99
137
96
74
101
80
82
86
113
128
121
109
96
129
86
71
106
72
50
28
29
6
12
39
23
32
15
31
52
49
31
12
66
41
20
80
44
41
53
45
32
-32
-34
-17
-6
-1
-4
-11
-35
-42
-33
-17
-6
23
23
10
9
24
24
-17
16
5
-22
31
11
0
28
40
59
68
77
90
92
85
95
104
139
128
95
129
104
117
131
94
121
107
136
149
124
157
138
139
143
137
136
114
111
75
89
98
84
94
81
128
118
97
138
111
84
100
98
66
55
73
56
44
73
29
12
17
-51
10
39
-36
-24
-20
-49
-90
-41
-16
-89
-47
-54
-76
-50
-77
-110
-116
-86
-94
-86
-67
-100
-79
-68
-85
-69
-67
-67
-72
-73
-65
-72
-36
-44
-74
-42
-37
-29
-14
-11
-8
-6
-2
-6
-29
-20
9
-2
10
9
-19
-16
16
15
7
6
-33
-35
-51
-89
-62
-59
-81
-70
-27
-4
-18
2
-25
-24
29
-22
-14
7
-62
-12
11
-31
-8
-12
-19
-57
-49
-48
-82
-32
-47
-29
2
-38
-26
-29
-71
-81
-69
-90
-106
-106
-95
-78
-72
-42
-61
-93
-96
-116
-104
-108
-137
-115
-110
-100
-78
-86
-44
-35
-53
-33
-39
-24
-6
-3
-3
-18
0
-9
-20
-1
0
17
10
-10
21
56
45
0
-10
-21
-46
-16
-34
-57
-29
-19
-24
-29
-15
-28
5
-9
-74
-34
-24
-36
-37
-16
-18
-44
-5
-38
-53
-13
-55
-65
-36
-42
-48
-33
-42
-77
-75
-66
-88
-118
-125
-136
-134
-114
-150
-139
-125
-183
-184
-159
-156
-169
-156
-148
-161
-149
-106
-73
-86
-51
-43
-46
-13
-14
-4
-36
-2
8
3
49
8
53
48
30
93
49
73
106
93
92
78
88
75
78
104
96
72
87
91
84
102
111
116
93
87
115
132
131
130
163
182
191
197
173
184
197
168
150
147
132
118
145
144
111
159
177
137
117
124
102
98
93
29
49
35
9
33
25
38
27
15
-2
18
40
18
27
39
89
94
93
136
126
130
138
140
138
162
173
117
126
155
136
124
131
132
101
131
171
141
130
153
152
132
145
149
121
87
69
86
73
73
65
59
86
69
74
83
44
41
51
51
70
83
91
94
90
98
84
44
22
11
27
63
27
-14
18
29
-18
-41
-60
-110
-104
-95
-112
-127
-129
-112
-106
-110
-124
-123
-155
-199
-200
-192
-180
-178
-172
-164
-139
-107
-108
-110
-106
-99
-105
-84
-49
-57
-29
-15
-40
-28
-24
-28
-15
-31
-39
-12
-10
-20
-32
-41
-43
-55
-57
-48
-43
-48
-51
-47
-61
-71
-63
-55
-44
-54
-96
-114
-92
-95
-69
-45
-76
-43
-16
-32
-57
-78
-48
-36
-34
-39
-45
-43
-59
-41
-68
-102
-84
-83
-96
-105
-126
-170
-172
-159
-181
-174
-165
-201
-190
-156
-176
-197
-209
-196
-177
-164
-162
-171
-142
-151
-121
-86
-96
-57
-56
-37
-47
-48
27
-3
-3
30
47
79
38
41
24
-6
10
15
30
-7
23
63
10
16
9
-6
18
-2
17
35
11
28
19
3
32
22
1
40
51
19
56
101
85
66
88
105
77
84
119
100
84
107
144
161
133
136
138
120
122
67
50
66
28
52
53
9
11
39
20
-31
-20
-30
-42
16
33
21
50
76
71
72
76
77
66
95
141
114
124
165
159
171
150
121
178
172
156
165
134
181
183
153
176
162
156
142
141
137
110
152
133
67
77
80
91
89
39
24
37
73
70
53
77
56
84
102
25
21
49
42
72
67
72
120
97
77
55
20
41
36
31
9
-9
-2
-7
14
-47
-72
-41
-70
-76
-90
-95
-98
-120
-117
-106
-110
-97
-85
-97
-108
-112
-78
-72
-60
-10
-9
-7
-10
-31
-33
-10
13
8
11
5
32
69
36
-9
-24
-7
8
41
90
39
24
48
19
50
19
-33
5
-20
-22
2
-5
11
-11
-40
-45
-37
-13
-26
-33
-38
-68
25
77
50
84
49
29
57
46
42
33
32
57
71
58
20
-28
-8
-12
-73
-83
-103
-74
-32
-49
-74
-137
-116
-61
-97
-119
-151
-162
-127
-101
-66
-88
-81
-55
-70
-34
-23
-23
-45
-69
-49
-43
14
20
-11
14
-6
-26
-28
-5
4
-14
-6
-18
-46
-39
-38
-64
-86
-98
-75
-80
-63
-13
-54
-53
-61
-101
-99
-127
-147
-177
-156
-146
-146
-96
-84
-70
-82
-97
-109
-133
-100
-106
-117
-112
-119
-45
-46
-102
-112
-137
-103
-114
-185
-196
-180
-160
-154
-164
-201
-201
-183
-203
-214
-216
-202
-160
-134
-146
-182
-189
-136
-90
-80
-97
-130
-90
-49
-38
-22
-46
-65
-64
-23
-24
-33
-6
-20
3
7
3
16
16
-8
-46
-25
-10
-17
2
8
-10
3
5
-24
-31
-13
21
15
14
1
-10
21
30
44
35
31
31
23
54
42
42
57
30
38
57
50
52
39
35
59
55
60
62
30
14
8
15
3
-67
-89
-68
-71
-38
-36
-32
5
2
3
-18
-5
29
12
29
21
14
57
77
111
122
117
143
132
150
146
129
183
184
191
177
158
197
152
152
187
169
189
207
220
202
206
214
181
193
176
157
184
188
179
183
204
235
261
231
202
186
201
243
238
222
205
235
261
238
250
248
251
272
247
246
222
189
196
197
205
209
194
163
133
97
98
93
47
60
62
55
41
5
9
7
11
5
18
20
5
4
-2
47
69
87
100
58
39
40
48
42
38
6
7
50
24
25
49
23
-2
-19
-23
-18
-31
-61
-38
-39
-71
-69
-92
-95
-128
-167
-139
-134
-140
-157
-162
-157
-159
-130
-137
-152
-165
-166
-171
-187
-181
-180
-139
-119
-163
-188
-187
-179
-184
-191
-231
-251
-238
-246
-233
-227
-218
-229
-271
-286
-311
-316
-287
-313
-338
-325
-325
-314
-329
-351
-339
-324
-293
-275
-287
-269
-266
-253
-217
-221
-225
-229
-208
-175
-171
-145
-128
-146
-133
-101
-85
-75
-85
-101
-95
-99
-84
-49
-66
-84
-80
-68
-38
-37
-34
-20
-18
-2
-11
-25
-9
-5
-12
-15
-31
-35
-13
25
32
38
85
82
94
108
76
106
130
120
146
143
101
103
77
71
100
67
76
79
66
69
28
-4
21
59
51
40
19
12
60
76
58
36
45
72
63
35
16
26
61
74
68
96
135
162
156
161
180
176
195
174
136
159
190
219
200
135
139
147
124
135
117
83
93
119
119
101
124
133
118
95
80
88
98
83
31
53
69
77
119
103
74
59
73
90
85
100
137
160
172
186
172
169
171
136
87
82
91
82
106
90
51
45
16
-18
-36
-16
-1
1
-7
-24
-24
-3
6
-36
-41
-36
-52
-46
-29
-47
-81
-41
-37
-20
28
14
-1
-3
13
14
32
49
51
68
58
51
23
-10
7
8
-13
-3
-15
-38
-31
-36
-51
-59
-102
-115
-91
-105
-88
-54
-38
-61
-102
-95
-87
-80
-65
-92
-114
-96
-92
-97
-86
-68
-56
-51
-35
-28
-47
-50
-67
-70
-52
-66
-49
-54
-62
-73
-133
-121
-108
-139
-145
-134
-131
-135
-131
-134
-150
-153
-160
-193
-176
-154
-160
-126
-117
-128
-111
-128
-129
-102
-72
-60
-86
-74
-61
-70
-79
-62
-39
-47
-20
-6
-36
-49
-49
-58
-27
-6
-28
-22
-9
-16
-43
-47
-57
-65
-42
-21
-11
-9
16
26
12
32
59
29
36
56
31
39
34
43
73
87
102
103
119
142
122
94
83
96
103
114
140
127
130
122
84
82
74
42
55
81
51
35
36
23
21
20
12
15
9
-10
1
33
36
28
17
10
18
19
34
25
1
-6
-19
19
46
42
45
30
34
14
1
-15
-46
-42
-54
-35
-12
-27
-32
-42
-57
-63
-84
-123
-103
-91
-103
-87
-85
-94
-99
-83
-83
-62
-54
-47
-40
-77
-70
-51
-14
-3
-4
3
-7
14
-3
-19
-13
8
51
44
19
40
50
40
33
2
-6
-14
-42
-28
-29
-48
-36
-60
-45
-10
-17
17
19
4
4
29
25
-20
-11
3
12
-1
-2
1
-13
10
7
23
62
86
96
70
73
85
90
57
32
42
35
67
50
30
56
52
39
27
29
34
45
28
29
45
27
23
29
67
98
91
77
72
65
35
44
44
26
33
51
106
113
75
66
67
83
83
80
98
101
68
52
76
57
53
66
39
23
11
5
-9
-26
-76
-104
-60
-14
9
-12
-31
-10
5
1
-27
-50
-35
-12
-1
-29
-51
-47
-56
-57
-75
-68
-43
-24
-1
-23
-6
31
15
7
7
-6
-4
-5
-30
-19
-36
-61
-32
-19
-28
-41
1
33
8
-3
-5
7
21
42
63
53
43
39
45
79
91
84
91
110
114
105
114
110
93
77
79
89
92
87
42
34
52
18
24
45
27
21
-2
-35
-52
-69
-84
-104
-85
-46
-47
-54
-43
-37
-31
-8
-2
-35
-25
26
8
-3
9
-12
-37
-36
0
22
25
24
15
10
31
14
7
33
0
12
42
15
3
-5
-23
-28
-17
-11
2
-6
-31
-45
-54
-41
-38
-59
-41
-4
5
11
-5
-19
-3
1
-33
-61
-41
-32
-14
2
-5
-2
-32
-43
-33
-31
-40
-77
-106
-106
-104
-127
-112
-102
-131
-139
-135
-124
-152
-161
-151
-159
-125
-119
-126
-109
-118
-96
-90
-102
-84
-58
-39
-47
-27
-12
-30
-24
0
12
26
42
51
60
37
43
59
19
-6
-14
-3
12
8
12
25
35
10
-3
24
28
23
21
7
20
8
8
36
37
64
72
59
68
42
25
48
28
23
46
62
94
91
84
80
43
40
33
20
48
40
13
6
-11
-21
-27
-38
-45
-68
-89
-86
-69
-82
-98
-80
-86
-75
-69
-91
-94
-97
-89
-72
-81
-100
-75
-47
-51
-53
-74
-87
-78
-53
-37
-45
-28
-19
-27
-12
-3
-26
-22
-17
-34
-60
-64
-26
-40
-94
-130
-137
-103
-88
-106
-127
-108
-97
-109
-94
-97
-111
-104
-84
-78
-59
-45
-41
-28
-46
-32
-12
1
31
14
9
16
21
28
13
25
48
43
39
35
10
11
5
-10
1
-3
-10
3
-5
-17
-25
-44
-42
-28
9
4
-24
-3
4
-4
6
12
5
-6
-7
15
18
15
25
19
35
34
18
32
12
-23
1
25
37
41
36
55
58
54
45
26
35
21
14
12
3
24
32
49
66
58
91
113
101
93
97
130
155
159
150
150
205
233
223
230
243
246
233
228
218
217
231
229
231
219
219
216
187
176
151
137
139
126
121
128
133
112
79
51
55
68
34
25
38
22
0
-5
15
9
-10
12
21
11
-1
-49
-78
-66
-56
-43
-39
-49
-37
-23
-27
-28
-41
-39
-42
-61
-67
-74
-73
-58
-42
-31
-19
-24
-31
-26
-43
-32
-14
-24
-15
3
7
-8
-14
11
43
30
12
40
72
79
72
73
84
69
55
53
47
37
29
19
10
8
-5
-6
-7
-30
-39
-60
-95
-111
-104
-122
-150
-170
-195
-174
-146
-160
-182
-176
-180
-205
-205
-206
-217
-223
-241
-251
-237
-226
-227
-249
-244
-222
-197
-175
-204
-219
-199
-199
-223
-217
-188
-191
-215
-232
-198
-175
-186
-180
-174
-144
-115
-98
-80
-76
-62
-60
-72
-64
-38
-21
-9
-5
-14
6
35
59
70
64
77
100
109
118
127
114
107
114
124
134
120
92
69
56
53
60
62
59
79
63
34
45
38
42
36
-2
-9
-7
17
44
21
13
28
19
15
1
-36
-29
-12
-9
6
16
13
15
20
38
50
49
42
48
45
26
45
37
29
22
14
47
35
30
33
24
22
35
72
72
78
88
101
101
90
95
92
109
104
132
150
116
111
106
137
149
139
150
152
151
150
157
141
116
143
187
177
146
119
84
82
65
33
34
21
15
14
3
-11
-30
-25
-33
-45
-28
-18
10
24
14
17
3
-1
6
-13
-15
-23
-15
28
30
13
18
30
37
34
31
47
52
54
61
38
41
58
63
62
45
49
65
57
47
39
35
76
90
80
90
80
76
58
55
60
26
20
20
19
23
9
16
37
39
57
59
42
39
16
-9
-33
-34
0
25
32
7
-21
-49
-85
-107
-132
-148
-157
-176
-169
-161
-172
-164
-178
-195
-192
-188
-161
-147
-140
-129
-115
-112
-121
-99
-99
-97
-71
-72
-94
-88
-70
-62
-48
-64
-58
-35
-48
-28
-17
-26
-44
-73
-78
-79
-84
-103
-82
-63
-91
-92
-91
-80
-79
-95
-93
-94
-87
-74
-62
-55
-47
-50
-48
-47
-57
-44
-72
-99
-54
-20
-5
10
3
5
-8
-34
-18
-25
-48
-39
-30
-19
-38
-90
-98
-93
-106
-92
-86
-71
-59
-86
-83
-80
-104
-86
-63
-56
-31
-26
-33
-22
-22
-24
-26
-20
13
20
15
42
51
17
16
24
21
60
55
49
67
41
32
12
12
51
36
12
20
24
12
1
1
-6
-24
-25
-22
-42
-54
-55
-43
-51
-73
-62
-50
-52
-43
-14
-12
-25
-17
-19
-2
17
14
12
-11
-11
20
-3
-26
-21
-53
-54
-41
-58
-69
-81
-88
-76
-53
-24
-12
-30
-15
0
-12
-31
-46
-28
-9
-5
7
11
-14
-9
9
14
51
80
113
135
124
112
87
81
104
96
83
116
119
93
96
88
90
81
75
107
85
75
94
93
79
72
88
96
103
119
155
144
99
106
108
110
121
118
125
150
154
149
143
108
117
135
124
125
126
156
172
172
178
156
145
125
95
106
105
96
107
86
90
114
100
111
110
79
79
95
69
45
77
102
115
121
151
169
138
118
108
91
96
119
141
160
129
90
81
52
39
46
40
46
70
75
88
97
83
84
72
66
54
28
22
22
41
28
4
27
12
3
19
-18
-51
-35
-50
-77
-45
-22
-5
-5
-37
-34
-49
-86
-75
-76
-89
-79
-99
-104
-90
-86
-86
-110
-127
-136
-140
-136
-144
-163
-161
-140
-143
-152
-179
-174
-148
-160
-177
-168
-161
-162
-130
-128
-139
-133
-137
-133
-162
-158
-139
-155
-142
-127
-102
-88
-116
-114
-88
-105
-118
-116
-130
-150
-182
-187
-172
-179
-175
-149
-134
-133
-129
-138
-130
-129
-159
-153
-152
-154
-106
-86
-109
-117
-136
-156
-145
-157
-167
-148
-143
-137
-125
-116
-101
-100
-101
-98
-109
-124
-134
-132
-130
-150
-129
-71
-73
-75
-49
-75
-108
-106
-108
-87
-59
-43
-11
-14
-23
-11
-6
-15
-30
-14
0
-27
-29
-20
-25
15
48
26
24
38
39
29
3
-29
-47
-19
-8
6
39
51
71
49
20
27
33
37
28
38
54
50
71
69
29
16
8
-5
3
18
42
44
22
28
22
9
16
28
37
7
17
48
41
35
51
68
58
88
99
81
93
78
96
99
85
104
108
130
122
96
106
106
83
76
101
113
131
124
102
127
139
147
165
178
195
191
178
150
132
123
108
105
118
151
156
135
114
104
108
88
77
82
75
78
87
89
70
43
19
6
-2
8
50
55
56
72
51
38
43
61
77
37
12
38
36
27
26
16
12
11
11
2
-8
20
46
30
17
-3
-7
34
31
-4
22
49
47
42
33
64
78
39
25
36
41
44
48
36
29
53
68
50
25
10
3
-10
-13
-6
0
2
7
36
29
-4
5
14
7
-9
-33
-41
-32
-38
-56
-75
-77
-81
-104
-97
-80
-62
-47
-48
-68
-101
-106
-117
-139
-151
-143
-118
-118
-120
-92
-76
-79
-103
-130
-140
-155
-164
-151
-129
-107
-104
-98
-97
-104
-62
-16
-12
-35
-38
-29
-39
-54
-35
-1
7
-9
-10
11
7
8
15
27
50
77
101
83
75
89
75
80
90
69
77
98
110
125
120
101
86
89
97
81
84
99
106
113
88
58
57
56
40
53
50
21
36
52
31
10
23
32
7
-19
-39
-40
-35
-45
-49
-50
-49
-36
-27
-42
-48
-44
-51
-52
-23
-15
-16
16
5
-17
-23
-37
-54
-65
-56
-48
-31
-15
-15
-9
9
38
51
46
35
21
21
3
-17
-38
-58
-40
-21
-25
-20
4
15
33
50
62
73
38
21
17
-12
-26
-39
-35
-51
-70
-59
-59
-42
-39
-39
-49
-103
-138
-143
-122
-126
-151
-141
-113
-98
-116
-131
-141
-142
-131
-151
-178
-175
-160
-142
-155
-172
-165
-159
-143
-144
-157
-167
-173
-155
-139
-130
-122
-104
-67
-45
-49
-27
11
24
34
38
44
34
21
34
31
20
22
37
53
58
69
80
109
125
137
147
131
142
156
142
122
120
151
170
171
174
188
197
180
185
184
146
146
164
166
166
166
173
165
131
117
111
84
71
67
47
24
15
49
62
39
55
75
75
67
64
67
56
46
61
86
81
60
50
52
35
-2
18
46
58
66
68
87
87
80
79
65
57
53
70
76
53
54
74
96
139
149
131
105
93
123
127
98
78
88
96
80
98
126
99
62
61
80
105
97
89
116
113
112
148
121
61
50
54
37
8
10
28
25
29
27
10
2
-26
-53
-63
-66
-62
-57
-68
-76
-75
-81
-70
-84
-106
-94
-103
-111
-82
-62
-44
-39
-42
-15
-34
-75
-70
-54
-40
-26
-36
-51
-61
-52
-24
-42
-37
-8
-6
16
27
23
7
-12
14
29
27
17
-4
12
22
31
44
19
-10
-31
-20
-7
-14
-14
-30
-43
-47
-48
-41
-58
-105
-123
-103
-106
-118
-125
-136
-136
-151
-161
-165
-200
-213
-225
-238
-246
-250
-237
-255
-285
-284
-274
-270
-281
-298
-296
-296
-301
-266
-243
-262
-279
-268
-239
-215
-216
-215
-192
-193
-186
-184
-205
-189
-150
-122
-126
-150
-141
-122
-121
-112
-120
-110
-92
-93
-73
-65
-71
-66
-55
-36
-38
-51
-44
-25
-12
22
49
29
21
31
45
44
24
16
9
13
-8
-20
5
9
14
36
44
52
69
60
51
41
24
22
-1
-5
-12
-29
-8
14
46
59
51
64
52
59
77
69
77
81
85
114
123
124
119
94
99
110
112
120
138
151
150
156
167
183
201
245
275
259
263
273
257
227
206
203
205
233
263
257
263
282
293
297
271
242
216
193
191
195
189
183
204
210
212
223
221
214
192
166
147
148
159
153
140
134
117
96
71
41
16
10
28
30
48
66
19
-10
-2
-22
-41
-66
-74
-60
-79
-66
-50
-63
-49
-53
-71
-70
-71
-44
-42
-51
-28
-36
-31
-37
-70
-75
-74
-55
-44
-56
-41
-35
-44
-23
-5
-15
-27
-19
-8
-2
9
36
43
23
37
50
38
25
27
39
28
17
23
38
58
45
36
10
-19
5
14
17
26
11
-13
-31
-42
-29
-25
-48
-27
-6
-30
-42
-47
-52
-71
-80
-57
-46
-56
-76
-93
-101
-83
-79
-93
-92
-110
-127
-128
-115
-119
-151
-146
-134
-129
-114
-107
-93
-99
-109
-89
-84
-88
-72
-76
-64
-22
-18
-35
-53
-52
-28
-19
-39
-56
-58
-53
-29
6
18
13
7
2
11
3
-16
-5
23
25
16
38
54
49
65
65
51
48
59
61
48
49
42
38
26
-1
4
9
21
34
39
43
33
18
2
-11
-27
-35
-16
18
31
14
13
9
-22
-17
9
1
-26
-26
-9
-25
-41
-55
-99
-104
-85
-80
-55
-52
-37
-21
-44
-35
-24
-35
-20
-18
-20
-10
-17
-8
24
29
10
4
22
35
19
4
5
17
28
14
18
24
22
30
25
32
40
32
28
37
48
40
32
21
7
-13
-23
9
31
36
38
37
27
17
1
-29
-18
-13
-36
-27
-18
-34
-54
-57
-24
-4
-2
-8
-24
-42
-54
-45
-44
-57
-62
-64
-58
-42
-37
-28
-39
-47
-36
-47
-38
-36
-49
-56
-83
-83
-71
-66
-49
-36
-17
-6
-8
-18
-12
-9
-11
-10
-12
-2
6
-1
-16
-36
-43
-54
-57
-37
-41
-42
-37
-43
-29
-5
2
-5
3
7
9
26
40
33
24
18
20
33
23
10
5
15
8
-28
-19
-6
0
37
59
61
49
29
33
30
8
8
14
30
46
49
60
47
21
23
15
-1
2
22
18
-5
-3
-4
-23
-19
7
5
-17
-15
7
28
36
27
23
35
49
45
37
42
40
36
32
29
33
20
23
21
9
18
37
49
42
56
78
58
49
75
74
56
48
68
88
69
76
81
46
53
52
41
43
43
51
56
62
48
49
54
24
21
18
16
31
21
19
39
37
33
47
32
27
56
53
45
39
37
49
29
18
22
14
8
8
11
-6
-15
-1
2
6
13
16
24
19
7
8
0
2
11
0
4
20
14
10
15
-2
7
31
26
17
15
27
35
7
-17
-11
-21
-28
-12
-4
-5
-9
-10
-35
-57
-44
-44
-43
-43
-59
-71
-69
-49
-46
-55
-48
-31
-24
-24
-39
-64
-59
-45
-53
-50
-45
-72
-96
-76
-52
-62
-83
-66
-63
-72
-62
-52
-46
-58
-55
-33
-40
-36
-19
-28
-26
-23
-14
-4
-15
-9
-17
-29
-30
-42
-34
-35
-30
-25
-20
1
8
25
17
-14
-14
-9
1
9
30
47
42
47
45
34
24
25
27
32
55
61
54
47
42
24
9
22
36
18
10
16
11
13
14
29
22
-10
2
25
28
39
44
37
21
14
12
-24
-57
-56
-44
-44
-35
-10
-3
-2
27
33
19
13
12
19
19
16
17
22
14
6
8
-6
-8
-11
-9
15
21
36
43
33
37
28
29
33
21
32
47
47
39
24
30
30
25
37
28
31
44
22
12
-1
-20
-17
-12
-33
-42
-23
-32
-41
-19
12
15
0
-3
-10
-33
-46
-22
-25
-61
-59
-51
-56
-62
-69
-50
-61
-90
-81
-81
-70
-52
-43
-42
-67
-71
-54
-68
-72
-76
-88
-71
-50
-22
-24
-50
-50
-53
-54
-58
-73
-72
-89
-114
-96
-61
-53
-52
-28
-29
-35
-17
3
12
-7
-11
-21
-19
-3
-17
-27
-40
-35
-29
-41
-44
-40
-30
-19
-14
1
4
-4
-7
-27
-29
-12
-12
-24
-19
-15
-19
-24
-26
-5
-1
-10
-12
8
9
-6
14
23
1
-27
-21
-6
-10
6
23
0
-17
5
8
-11
-9
-6
-5
-16
-11
0
-13
-17
-23
-16
-26
-40
-29
-20
-2
11
24
48
35
23
28
43
48
33
49
60
60
77
102
114
106
103
105
103
84
74
68
50
95
136
135
130
104
111
115
90
91
94
102
118
107
102
99
85
92
97
93
87
98
122
98
97
136
120
84
75
69
67
81
88
93
83
78
111
107
94
102
105
108
103
124
136
119
106
121
134
124
108
104
90
58
70
108
126
133
124
127
122
106
120
111
91
79
64
61
29
-8
-40
-71
-73
-71
-77
-89
-98
-81
-56
-71
-68
-61
-85
-110
-105
-80
-94
-113
-118
-149
-181
-193
-204
-212
-199
-190
-215
-224
-218
-227
-208
-193
-188
-183
-181
-151
-133
-142
-154
-154
-141
-127
-127
-136
-130
-124
-124
-142
-141
-110
-102
-88
-90
-91
-92
-97
-86
-101
-105
-85
-70
-67
-68
-80
-91
-93
-109
-114
-100
-69
-38
-38
-35
-43
-55
-53
-46
-58
-74
-62
-66
-71
-65
-37
-36
-70
-40
-46
-51
-16
7
17
-21
-4
3
-27
35
57
36
21
12
40
16
9
10
-20
-17
-10
7
-13
-19
-12
-24
13
43
54
47
42
25
14
44
51
59
62
42
31
17
28
30
-6
-6
12
19
19
23
48
64
49
64
98
83
79
75
52
40
40
64
64
50
55
29
29
52
51
78
54
24
20
-9
4
32
45
64
64
39
32
67
83
123
134
93
110
110
126
131
88
85
67
90
140
143
129
88
103
157
176
198
182
137
101
83
111
162
186
171
122
88
83
75
54
40
34
39
63
89
106
108
107
89
98
124
122
107
83
66
61
63
77
66
26
37
72
79
77
87
100
89
101
106
87
89
87
81
63
56
73
48
58
73
50
42
30
29
16
8
31
34
36
56
60
53
41
15
-6
-15
-2
-3
-15
11
2
-13
-6
-11
-19
-29
-11
-6
-11
-7
-25
-42
-56
-53
-61
-79
-62
-59
-61
-77
-103
-116
-140
-148
-155
-145
-144
-178
-194
-221
-216
-168
-115
-98
-127
-130
-135
-150
-153
-156
-159
-190
-189
-166
-171
-170
-168
-179
-188
-189
-190
-189
-188
-164
-132
-128
-117
-95
-112
-138
-125
-107
-106
-97
-89
-107
-130
-143
-146
-142
-136
-114
-90
-92
-81
-72
-88
-70
-48
-48
-43
-39
-51
-49
-40
-35
-30
-30
-40
-43
-43
-36
-28
-55
-50
-33
-32
7
14
-6
-18
-20
2
-15
-33
-24
-30
-32
-5
32
28
15
36
37
41
67
80
75
60
67
61
39
34
38
44
46
58
82
86
80
75
47
32
59
69
61
72
70
69
78
80
87
70
66
69
66
81
86
96
84
77
79
57
63
56
68
68
42
50
26
32
25
15
54
42
60
77
64
73
43
36
32
7
12
-5
-19
-20
-13
-11
-25
-22
-31
-48
-60
-63
-44
-46
-38
-11
10
24
9
20
21
28
50
40
38
22
20
24
6
18
16
23
26
1
20
44
50
47
61
62
31
31
44
64
77
77
94
85
81
91
70
66
64
72
80
76
82
74
49
44
52
47
48
31
25
8
-15
-4
-15
-29
-21
-35
-43
-48
-53
-36
-42
-48
-57
-79
-93
-117
-116
-127
-132
-92
-82
-92
-90
-89
-81
-100
-106
-100
-90
-60
-43
-21
-15
-2
25
24
29
27
12
-7
-1
19
1
-7
-5
-8
-10
-9
2
7
10
48
95
102
96
105
110
94
105
109
99
88
75
90
80
70
69
42
41
55
54
44
41
24
5
8
7
14
-6
-10
28
15
-3
3
-10
-40
-46
-41
-45
-45
-46
-43
-48
-48
-45
-82
-101
-102
-116
-122
-124
-113
-108
-108
-83
-73
-63
-51
-61
-55
-35
-11
-3
0
10
6
21
23
29
48
42
71
71
58
67
50
55
63
55
64
63
65
78
90
108
115
108
94
72
75
94
88
95
101
94
88
69
55
43
1
-19
-4
5
-6
-5
-9
-45
-55
-48
-50
-32
-23
4
15
-21
-23
-55
-92
-98
-129
-140
-162
-158
-153
-167
-148
-153
-152
-167
-178
-159
-172
-149
-140
-139
-111
-110
-103
-122
-138
-131
-125
-94
-77
-74
-78
-94
-91
-76
-49
-13
-22
-28
-15
-26
-40
-56
-75
-72
-48
-25
6
23
13
31
46
74
96
82
81
82
118
128
94
109
76
44
51
52
82
59
43
34
17
40
31
29
21
28
32
14
28
17
3
8
-4
-3
-12
-12
4
-11
-19
-37
-62
-69
-79
-67
-62
-64
-46
-59
-87
-92
-82
-70
-61
-38
-21
-38
-64
-63
-54
-45
-12
-10
-21
-35
-52
-51
-61
-44
-11
0
16
34
57
58
49
64
54
53
84
98
116
133
127
132
124
114
107
111
101
69
92
89
78
108
87
90
102
86
101
77
78
89
68
99
115
99
63
29
34
19
29
40
31
49
33
32
17
-1
22
26
38
17
23
16
-14
18
16
20
29
-3
-4
-5
-17
-34
-46
-47
-41
-31
-37
-9
-1
-4
14
-10
-4
11
4
42
62
74
86
88
109
103
80
82
82
82
75
91
95
88
126
126
118
113
94
99
88
91
90
58
23
-7
-6
-25
-37
-36
-45
-9
37
51
30
11
-6
-3
15
4
9
-14
-43
-35
-64
-127
-160
-160
-158
-150
-129
-112
-117
-107
-89
-84
-79
-76
-54
-44
-45
-48
-70
-111
-142
-135
-146
-148
-131
-141
-123
-119
-117
-87
-93
-51
-22
-32
-5
-29
-36
-12
-3
23
25
25
35
23
21
19
35
55
50
77
60
24
24
23
42
44
53
41
19
22
-23
-36
-38
-59
7
53
67
85
55
35
16
-1
-10
-40
-40
-29
-48
-60
-91
-144
-173
-161
-121
-93
-96
-99
-91
-88
-46
6
8
-2
-19
-42
-57
-84
-100
-88
-78
-61
-55
-92
-104
-100
-92
-29
12
3
0
-10
-20
-13
14
39
32
48
100
108
77
76
90
104
110
131
150
120
99
87
75
70
65
47
26
56
56
51
56
62
96
63
77
118
86
110
115
73
73
56
34
13
-8
35
17
-37
-32
-60
-76
-95
-108
-97
-97
-32
-45
-94
-44
1
-4
-22
16
23
3
1
-15
-18
-32
-40
-36
-42
-46
-25
-58
-74
-25
-39
-13
-2
-12
40
32
33
49
61
75
75
85
100
125
100
130
147
121
130
93
127
105
71
104
67
87
76
68
104
90
108
84
42
31
52
76
36
106
105
11
112
70
40
-6
4
229
-141
-170
240
88
-221
-297
201
142
-420
-152
157
32
-306
-220
211
33
-148
-114
-59
140
38
-189
-219
16
155
-160
-262
21
100
-112
-281
-63
86
-140
-151
-14
33
52
11
-5
23
47
73
81
41
86
105
22
46
116
74
-9
14
87
50
18
27
42
108
104
100
93
91
80
19
6
52
123
84
33
71
84
41
20
-4
-2
25
-16
-12
-24
-37
-28
-110
-78
-26
-69
-68
-71
-31
-40
-46
-9
-33
-4
-7
-25
-41
-65
-30
-71
-121
-66
-22
-48
-74
-59
-47
-23
-11
-42
-6
26
-2
5
1
17
45
21
17
13
-1
17
2
-31
-38
-10
13
24
53
47
53
69
63
54
45
20
-7
-16
-39
-43
-74
-87
-39
-29
-47
-23
12
0
-23
-44
-34
-55
-115
-125
-104
-100
-122
-144
-149
-167
-162
-171
-187
-172
-177
-155
-127
-97
-100
-125
-91
-83
-99
-94
-121
-133
-102
-82
-78
-110
-81
-50
-100
-88
-85
-105
-59
-45
-41
-16
-12
-15
-72
-47
-4
-36
-52
-33
34
2
-5
56
39
34
43
57
68
53
50
12
24
80
47
7
-5
33
12
-49
-8
10
-1
39
95
69
42
76
46
-5
-27
-27
-55
-111
-67
-41
-97
-93
-11
4
-79
-58
0
-13
-84
-117
-72
-76
-94
-88
-56
17
28
-10
-18
-20
8
3
-30
4
37
48
22
11
36
26
28
27
18
34
35
32
69
80
70
119
146
150
182
175
144
151
139
108
99
90
102
79
89
143
97
96
120
94
83
106
172
140
102
161
165
157
136
114
137
122
91
57
36
28
-17
-12
40
9
-38
-9
32
30
-2
15
44
22
41
49
43
59
7
-20
-22
-25
-16
-27
14
34
35
63
68
78
61
33
28
14
11
-40
-44
21
-4
-18
5
43
61
57
81
106
129
120
142
162
142
133
97
80
89
74
60
40
41
60
96
141
138
130
143
148
93
43
87
105
98
84
95
127
50
-4
29
55
36
30
81
104
81
18
2
13
-10
-13
-20
4
3
-36
-15
-4
-22
-40
-70
-71
-79
-79
-52
-48
-38
-28
-20
14
15
-43
-67
-26
-42
-101
-117
-94
-98
-124
-82
-44
-42
-51
-6
59
8
13
54
20
21
6
-4
23
-18
-77
-73
-17
-17
-79
-69
-28
-16
-55
-103
-67
-43
-89
-68
3
-11
-38
-40
-40
-41
-86
-108
-75
-59
-74
-66
-59
-79
-80
-89
-114
-117
-143
-169
-181
-182
-148
-136
-104
-65
-109
-114
-78
-107
-139
-121
-97
-100
-109
-98
-91
-107
-98
-80
-108
-133
-131
-120
-104
-94
-93
-112
-77
-17
-39
-70
-47
-28
-58
-75
-48
-38
-65
-99
-63
-46
-87
-46
-1
-19
-44
-30
3
-31
-59
-53
-63
-84
-68
-59
-91
-56
-14
-26
2
13
-5
-16
-6
9
-29
-23
-8
-19
-13
-49
-41
-10
-80
-109
-23
0
-76
-75
9
-7
-84
-57
26
9
-77
-34
36
15
3
-10
-22
11
6
-48
-29
16
-8
-21
29
52
20
8
37
73
52
12
38
65
43
45
119
146
87
85
114
118
82
43
84
95
87
113
99
91
114
102
66
69
79
64
98
149
137
133
155
177
158
99
89
123
88
61
79
71
63
72
115
97
78
156
152
89
70
101
79
14
55
60
2
24
53
29
6
24
42
57
90
71
62
93
87
70
35
69
108
78
79
70
62
49
18
14
29
43
41
61
111
128
107
121
155
141
90
60
63
45
33
49
77
68
37
67
58
49
97
105
71
35
42
37
10
-11
2
39
18
6
26
11
-25
-16
10
-6
-18
-17
-44
-80
-78
-88
-113
-120
-129
-118
-122
-176
-177
-133
-113
-94
-73
-55
-82
-130
-119
-101
-141
-185
-134
-105
-154
-127
-116
-147
-135
-107
-100
-117
-98
-81
-84
-44
-44
-58
-42
-39
-24
19
38
-2
-27
-24
-63
-108
-82
-60
-76
-35
-7
-38
-41
-16
-11
-30
-35
-28
-26
-18
-61
-63
-66
-118
-101
-83
-77
-60
-23
-6
-28
-38
-44
-51
-84
-106
-98
-111
-118
-105
-129
-171
-145
-102
-141
-143
-88
-80
-86
-119
-116
-78
-83
-44
-17
-40
-52
-51
-40
-57
-67
-23
-11
-1
36
29
23
48
88
98
55
25
0
-12
8
31
53
88
118
134
157
139
104
90
56
80
137
121
68
84
97
43
55
73
-4
-28
67
102
55
52
59
28
49
102
91
54
53
76
54
14
26
35
-13
1
58
32
17
-1
-62
-48
-3
-22
-31
24
48
47
78
65
25
45
79
91
101
92
48
19
20
8
2
-4
-18
10
44
63
54
18
57
131
92
19
47
55
-1
17
79
49
-16
6
35
76
104
43
26
50
38
-11
-30
7
-8
-38
-3
18
-2
11
14
-20
-1
38
-12
-84
-19
1
-97
-62
13
-32
-56
23
61
5
-19
-25
-42
-29
-20
-7
16
44
8
-40
26
14
-53
-40
-7
-13
-42
9
-5
-38
31
11
-25
27
53
-12
-48
33
-12
-102
-54
-19
-39
-94
-73
-28
-71
-44
7
2
-6
-16
-11
-1
9
34
36
40
18
-48
-32
-13
-47
-29
-14
-32
-15
-14
-73
-76
7
30
-10
-15
6
1
-48
-58
-30
-71
-87
-21
8
12
31
14
-4
16
23
-46
-70
-5
-33
-100
-55
-30
-58
-29
-11
-4
-18
-59
-39
-30
-36
-4
0
0
24
22
11
12
17
-48
-84
-42
-87
-96
-2
13
-30
7
42
51
42
12
47
30
-77
-80
-10
-62
-113
12
54
-6
81
112
26
44
71
42
46
61
54
54
42
-1
2
-29
-90
-3
73
62
92
91
73
40
3
4
21
30
5
52
104
55
42
69
25
2
24
-27
-43
-2
-33
-40
20
12
-31
-21
-4
-7
-10
-27
-21
1
-31
-62
-27
-16
-61
-53
-52
-79
-42
-55
-87
-73
-84
-114
-112
-49
-30
-55
-76
-71
-81
-109
-54
-66
-97
-42
-27
-25
-5
-7
-26
-9
-19
-66
13
53
-23
12
81
45
29
49
27
21
34
48
82
85
53
53
44
41
70
48
43
81
63
30
68
64
-28
3
63
-3
6
69
5
-55
4
15
-75
-99
-49
-41
-106
-118
-43
-79
-100
-27
-21
-79
-104
-79
-126
-168
-132
-126
-150
-177
-200
-184
-136
-164
-192
-143
-138
-196
-189
-92
-120
-181
-84
-38
-101
-121
-42
-28
-105
-97
-97
-113
-105
-63
-15
-39
-10
8
-20
8
0
-17
7
25
55
96
76
32
67
85
39
74
137
113
96
159
148
100
108
75
100
150
149
227
235
151
215
279
225
226
302
271
199
299
363
310
250
238
329
322
275
357
412
300
217
321
326
260
332
359
282
280
336
288
219
265
308
241
209
296
293
148
147
263
193
71
136
189
88
30
82
76
1
-45
-55
-51
-101
-133
-112
-156
-145
-127
-193
-187
-159
-194
-244
-241
-214
-247
-313
-340
-289
-304
-382
-376
-367
-443
-503
-455
-448
-455
-442
-469
-434
-411
-451
-422
-335
-349
-374
-327
-343
-344
-354
-373
-316
-297
-334
-328
-267
-250
-254
-201
-162
-138
-96
-77
-34
36
44
32
77
137
170
207
252
332
389
364
379
446
456
439
487
547
573
594
583
567
579
585
571
604
654
614
572
614
663
652
611
605
613
557
519
589
573
465
438
479
443
382
345
164
-135
-343
-225
-66
-295
-476
-245
-315
-912
-985
-513
-603
-1159
-1094
-474
-470
-1057
-1139
-699
-707
-1132
-1001
-459
-420
-765
-832
-566
-393
-557
-739
-560
-279
-282
-372
-345
-328
-446
-622
-571
-302
-202
-374
-410
-304
-433
-538
-454
-477
-582
-474
-211
-147
-293
-363
-194
-60
-93
44
335
476
435
424
533
657
627
526
653
875
932
896
919
931
890
889
864
905
1044
1045
937
964
996
827
713
748
737
763
868
905
882
906
905
783
722
776
841
906
939
924
674
-51
-724
-332
454
14
-700
22
451
-1264
-2235
-435
318
-1913
-2769
-332
837
-1296
-2362
-542
45
-1897
-2304
-116
846
-717
-1662
-439
625
-129
-1132
-694
284
212
-459
-295
450
230
-980
-1152
134
397
-846
-903
249
-98
-1327
-902
31
-783
-1737
-755
331
-377
-1224
-585
94
-453
-869
-173
541
321
-60
306
931
842
170
102
771
1066
777
715
1047
1095
651
421
728
919
652
483
780
1014
773
478
455
510
458
478
658
723
563
441
549
571
448
474
564
639
749
906
965
918
914
915
913
971
967
326
-787
-629
671
274
-1277
-474
872
-1317
-3436
-968
1143
-1810
-4267
-1207
1473
-1328
-3725
-1042
966
-1923
-3705
-556
1727
-450
-2571
-1061
1050
332
-1334
-771
892
779
-278
92
1242
1066
-451
-1100
245
1248
30
-942
104
471
-972
-1240
117
-156
-1936
-1670
326
373
-1380
-1363
223
-94
-1534
-720
1031
643
-680
-273
1231
1396
103
-268
981
1607
920
747
1429
1589
964
572
939
1382
1084
556
784
1277
1078
414
90
382
589
308
323
760
598
-63
-11
419
218
-76
190
619
711
650
747
847
789
704
873
1030
994
1144
868
-304
-714
537
964
-643
-1029
802
557
-2439
-2546
715
465
-3463
-3298
941
1096
-2857
-3033
534
412
-3102
-2778
995
1320
-1821
-2332
439
1440
-589
-1521
255
1308
144
-476
666
1354
316
-726
-317
579
443
-308
-308
60
-110
-484
-698
-888
-1048
-1199
-1321
-927
-393
-727
-1161
-826
-654
-1007
-828
-118
-51
-365
-10
644
565
-27
62
654
710
637
1026
1241
1049
908
760
643
823
940
781
712
966
1163
676
48
360
807
266
-64
620
774
40
-85
331
317
83
109
412
755
771
536
653
977
988
948
1071
1227
1176
338
-744
-173
1201
445
-1021
39
1111
-1272
-3172
-668
1162
-1975
-4113
-553
1913
-1487
-3729
-614
997
-2398
-3798
-47
1998
-918
-2851
-392
1571
-113
-1573
-188
1183
489
-173
680
1550
1048
-222
-494
521
942
148
-209
344
297
-460
-569
-353
-862
-1428
-1045
-510
-792
-1010
-576
-516
-1164
-1308
-471
51
-341
-537
116
661
226
-261
176
762
587
397
989
1511
1260
865
829
867
800
791
839
910
983
927
603
212
208
397
185
-108
148
485
265
-108
-73
85
-2
-14
298
604
640
619
711
910
1157
1293
1287
1297
1231
523
-403
32
1135
595
-468
415
1189
-902
-2546
-484
1004
-1770
-3779
-751
1701
-1162
-3589
-1022
812
-2149
-3954
-708
1745
-586
-2784
-850
1447
218
-1738
-789
989
495
-542
257
1482
1084
-301
-681
346
915
-83
-664
209
296
-765
-741
-121
-993
-2045
-1476
-816
-1232
-1493
-982
-715
-1305
-1737
-1086
-330
-651
-1057
-330
528
376
-227
-201
460
626
244
596
1438
1489
1039
934
1084
1174
1038
799
1004
1454
1311
863
794
877
708
365
316
616
699
463
382
467
388
310
416
514
698
1035
1042
852
1293
1785
1456
1292
1749
1150
-734
-759
1517
1660
-714
-279
2244
162
-3739
-1529
2261
-828
-5313
-2273
2575
125
-4392
-2188
1664
-1246
-5228
-2220
2274
604
-3308
-2460
1242
1497
-1588
-2197
568
1447
-514
-875
1397
2379
229
-1570
-138
1629
453
-1151
-265
737
-289
-958
-159
-367
-1753
-1925
-1037
-931
-1294
-937
-467
-958
-1656
-1033
-27
-534
-1301
-473
736
747
111
24
575
710
190
428
1529
1777
1141
1013
1394
1500
1183
749
800
1321
1605
1351
863
845
1031
573
101
509
914
375
-10
438
712
413
195
450
822
1052
1142
1210
1522
1759
1574
1489
1499
464
-765
225
1867
797
-716
985
1779
-1937
-3463
674
1753
-3627
-5098
633
2437
-2958
-4611
497
1346
-4248
-5012
940
2640
-2273
-4048
24
2233
-460
-2353
-281
1470
73
-1189
348
2231
1369
-837
-875
983
1265
-438
-1058
-14
192
-746
-880
-418
-1004
-2160
-2152
-1179
-927
-1547
-1487
-808
-1079
-1648
-987
-259
-1014
-1627
-520
800
645
-297
-172
747
722
123
590
1561
1519
950
1001
1618
1793
1077
503
914
1614
1596
937
710
1137
940
78
169
1036
812
-152
60
972
926
249
269
989
1250
1090
1346
1849
1955
1586
1276
732
-373
-492
907
1270
-33
257
1797
-3
-3379
-1881
1712
-555
-5091
-2709
2416
410
-4492
-2635
1620
-955
-5502
-2914
2312
1083
-3598
-3183
987
1577
-1538
-2265
449
1464
-506
-1221
1021
2559
637
-1527
-374
1721
1092
-819
-798
233
22
-754
-559
-209
-1041
-1996
-1857
-1215
-932
-975
-1144
-1339
-1159
-604
-351
-662
-1071
-1006
-188
732
745
187
306
746
547
585
1402
1801
1344
1182
1653
2017
1831
1186
765
981
1703
1934
1007
457
1031
983
36
237
1236
841
-143
201
1182
1132
343
186
829
1342
1453
1677
1849
2269
2636
1140
-1963
-2666
644
2239
103
-187
1813
-136
-4652
-3031
1759
-400
-6384
-4727
2218
2335
-2803
-3323
-685
-2009
-4146
-1257
2579
753
-3563
-2465
1643
2055
-671
-1971
-936
-698
-363
1591
3296
2477
-926
-2315
-301
1243
-216
-2182
-998
623
27
-936
-1588
-3142
-4990
-4601
-1990
-166
-527
-1129
-1060
-1283
-1565
-1058
-21
768
1598
2546
3409
3385
1512
-225
61
1469
2513
2884
2923
2298
1291
343
-326
-511
-363
566
1749
2149
1970
1186
-259
-968
-85
1039
1550
2236
3165
3286
2419
1365
1114
1843
2571
3248
4311
4811
4145
3040
816
-3844
-6718
-2661
2911
1857
-2052
-2140
-2817
-7631
-8222
-1543
754
-5680
-7526
1207
7182
1809
-5223
-4584
-314
1858
3346
5985
6523
2590
-2060
-2161
1731
3145
-331
-3275
-1175
2552
1594
-3107
-6218
-6654
-6434
-4944
-1130
1025
-1375
-5029
-6056
-4164
-1950
-1646
-2101
-756
1660
2678
2601
1706
-632
-1705
988
4491
5141
3947
3007
1566
-825
-1620
-30
600
-744
-730
1220
1523
-1056
-3616
-3590
-1475
85
279
1018
2067
1558
396
752
2299
2950
2640
3492
5622
5776
3323
2260
3311
3413
2624
2850
3447
3062
2206
1778
1542
1183
761
-748
-5135
-9008
-5583
957
378
-4254
-4180
-3253
-7050
-7847
-384
4610
-946
-6238
186
9185
6894
-1799
-3731
1364
5056
5174
5389
6034
2581
-4696
-7160
-1813
2299
-1060
-6136
-5855
-2120
-1659
-5609
-8538
-8023
-6528
-4197
202
2992
919
-2891
-4490
-2826
846
3301
2895
1898
2010
2675
2728
444
-2698
-2409
906
2755
2433
1816
266
-2515
-4327
-3122
-207
736
-429
-307
1023
933
-277
-973
-581
993
3187
4633
4243
2753
2151
2490
2533
3021
4440
4621
3186
2828
3543
3169
1861
1018
1252
1873
2049
1993
2202
2147
1191
665
1177
-317
-5610
-8487
-2974
3346
1506
-3026
-3235
-3526
-7072
-6226
1308
4584
-1148
-4987
1024
7607
4143
-3495
-3940
1654
4350
3571
4324
4739
-180
-7085
-7087
-802
1925
-1825
-5213
-4234
-2616
-3321
-4969
-6154
-6191
-4598
-1612
1489
2769
1105
-2786
-4869
-1981
1748
2044
1650
2080
501
-1288
-217
-188
-2541
-2363
523
2222
2256
1565
-153
-2034
-2708
-1259
1646
2747
1775
1096
852
890
1506
1814
1220
1403
2979
4117
3854
2747
2054
1988
2204
3228
4554
4531
3187
2373
2425
2663
2902
2634
1955
1745
2441
3129
2843
1991
1395
13
-4907
-9650
-6012
1959
2348
-2620
-3042
-2576
-7152
-8674
-1198
5111
642
-5824
-1011
8568
6958
-2913
-5461
901
4936
3354
3242
5732
2674
-6269
-9441
-3245
1631
-1192
-5580
-5060
-2302
-3217
-6657
-7226
-5549
-4799
-3247
333
2969
2084
-1650
-4246
-2326
1155
2076
2190
2444
767
-840
-653
-1768
-3807
-2609
279
1177
1071
711
-697
-2140
-2573
-1838
188
2011
2349
2299
1887
945
978
1557
1781
2900
4515
4263
2984
2803
3092
3059
2896
3169
4094
4544
4005
3448
3364
3025
2267
2110
3139
4364
3598
1173
534
1733
-385
-6529
-8614
-2912
2108
-158
-3445
-2317
-3115
-8093
-7195
1857
5805
-1036
-5644
1201
8746
4553
-4157
-3591
3176
4631
1734
2423
4368
-374
-8604
-9293
-2182
1381
-2822
-6785
-5410
-3018
-4091
-6717
-6816
-4645
-2767
-983
1399
2544
604
-3032
-4224
-1017
2988
4080
2716
84
-2224
-2192
-1269
-2100
-3334
-2347
43
1404
618
-1687
-3366
-3405
-2230
-52
2394
3486
2184
15
-376
1402
2959
2750
2841
4594
5667
4354
2120
1428
2934
4285
3696
3782
5569
5227
2599
2220
3833
3836
3152
3834
5289
5563
2921
-174
-288
-699
-5143
-7610
-2019
3583
238
-5128
-3965
-2728
-7442
-7950
1780
7798
784
-5938
-124
7779
4272
-3963
-3359
4106
6129
1770
861
3264
-560
-9197
-10261
-2247
2291
-2167
-7600
-7160
-4553
-5189
-6740
-5532
-3142
-1980
-1051
1004
2608
1122
-2711
-4135
-772
3709
5244
3370
-348
-3205
-3036
-1551
-1619
-2190
-1392
-181
217
-14
-772
-2744
-4661
-3576
-54
2539
3225
2644
590
-1054
307
2659
2975
2570
3670
5395
5681
3601
1325
1770
3209
3620
4436
5885
5600
3199
1931
3133
4638
4669
4034
4236
4272
3115
1276
-1831
-6367
-8098
-2774
3643
2670
-1845
-3249
-4408
-7399
-5645
1978
5477
943
-2279
2873
8425
4388
-3365
-3520
2282
4567
2510
2403
3127
-1942
-9954
-10367
-3429
-181
-3729
-7096
-6362
-5170
-5850
-5990
-4966
-4195
-3215
-695
1919
2641
1600
-915
-2902
-1251
3059
5348
3423
-448
-3401
-3490
-1619
-1337
-2378
-1776
-509
-960
-1426
-758
-1437
-3217
-3063
-90
3046
2983
526
-724
371
1608
2210
3390
4333
4082
3714
4055
3831
2406
1938
3345
4707
4792
4447
3934
2891
2384
3049
4241
5003
4479
2962
1991
1310
-2220
-7160
-6862
-1040
2740
1177
-782
-994
-3418
-7202
-4995
3045
5885
626
-1226
5393
9602
3627
-3653
-2183
3194
3407
1008
2441
3725
-1655
-9397
-10611
-5271
-1987
-4818
-8091
-7072
-4995
-5825
-7353
-6269
-3951
-2740
-1742
479
2830
2721
-641
-3402
-1111
3429
4342
1756
-772
-1698
-1650
-2041
-2965
-2881
-1929
-1684
-1687
-839
-118
-1243
-3289
-2817
533
2887
2648
1983
1864
1487
1232
2213
3946
4416
3515
3723
4909
4969
4044
3143
2727
3358
4747
5075
4251
3583
2923
2818
3926
4748
4013
2586
1003
-2473
-6719
-6418
-935
2124
-706
-2549
-845
-1663
-5371
-4139
2509
4464
-415
-1374
6221
11120
4611
-3303
-1404
4316
3647
130
1562
3541
-1388
-8578
-8515
-3246
-2835
-7677
-9528
-6228
-3957
-5762
-7411
-6487
-5020
-4159
-2656
-389
1448
1914
-326
-2763
-861
2818
2956
480
-1206
-1910
-1855
-1427
-2099
-2945
-2717
-2423
-2248
-974
131
-1232
-3260
-2863
-323
1855
2307
1904
1711
2129
3085
4086
4341
3483
3045
4331
5575
5245
4496
4203
3929
3698
4001
4915
5419
4428
3290
3878
4690
3896
2600
2062
1145
-2587
-7296
-6326
570
3206
-1214
-3437
-1575
-2555
-5342
-2031
5047
4486
-2609
-2073
7920
11763
3785
-2361
1044
4970
2125
-588
2585
3637
-3398
-9845
-6945
-1032
-2611
-9103
-10797
-6673
-4228
-5523
-5900
-4612
-4325
-4963
-3860
-617
2149
2210
-563
-2787
-814
2889
2720
-810
-2747
-2502
-1898
-1791
-2672
-3438
-3493
-3928
-3885
-1418
1204
341
-2863
-3941
-1030
1804
1288
487
1569
2582
3068
4018
4442
3854
3294
2919
3620
5885
7506
6618
4260
2968
3712
5142
5204
4363
4907
6136
5549
4033
3558
2681
-938
-6334
-8374
-2669
4419
2825
-2749
-2937
-1692
-4655
-5456
1030
6403
2104
-4063
901
11102
9968
7
-2709
3049
5179
1295
567
4171
2459
-6068
-9887
-4441
-211
-4485
-10483
-10019
-5827
-4493
-5623
-5897
-5210
-5225
-5421
-3480
115
2457
1649
-1738
-3679
-690
3327
2086
-1900
-2906
-2044
-1785
-2192
-2785
-2923
-3438
-5275
-5429
-1355
1926
-243
-3833
-3425
-343
815
118
522
1752
2323
2750
4039
4957
4043
2438
2136
3963
6428
7241
6155
4938
4720
4870
5001
4917
4612
5185
6209
6617
6344
4787
812
-5099
-8787
-5566
2177
5027
950
-2037
-1878
-3212
-4623
-1076
4310
3534
-1342
257
9226
12445
4401
-2706
-381
4071
3206
1710
3928
3759
-2819
-8842
-7198
-2303
-2976
-8561
-11000
-7441
-3963
-4563
-6062
-5933
-5627
-6268
-5293
-1183
2722
2759
-1118
-4647
-2996
1861
2678
-916
-2339
-1441
-1898
-2792
-3141
-3741
-4803
-6225
-6384
-2834
1170
-257
-4579
-5304
-2525
-330
-38
52
879
1752
2135
2759
4168
4351
2302
1047
2959
5962
7236
6552
4856
3543
3866
5039
5331
4640
4105
4272
5292
6442
5736
2459
-3084
-8182
-7167
316
5383
2887
-1063
-1925
-2449
-2996
144
5274
4981
-687
-1218
7468
13572
8060
-30
-179
3618
3679
2300
3804
4126
-1139
-7139
-6660
-1831
-1055
-6298
-10928
-9752
-5583
-3728
-4560
-5083
-4632
-4941
-5194
-2831
1410
3275
446
-3703
-3447
1219
3473
340
-2784
-2345
-1549
-2469
-2841
-2090
-2721
-5514
-7436
-5005
-413
297
-3450
-5758
-3857
-1308
-681
-758
-57
1039
1602
2157
3422
4135
2959
1386
1807
4038
6148
6941
6213
4538
3320
3708
4774
4969
4753
4980
5443
5495
4382
1999
-1805
-6642
-8243
-2510
4411
3744
-922
-2562
-2630
-3415
-1629
3548
5971
2251
-516
5052
12386
10583
3077
373
3147
4592
3657
4146
4622
1031
-4968
-7134
-3713
-775
-3640
-9048
-10120
-6902
-4494
-4508
-5257
-5133
-4625
-4604
-3521
43
3191
1548
-3011
-3910
573
4158
2161
-1308
-2033
-1723
-2331
-2813
-2163
-1876
-3891
-6615
-5524
-1186
-101
-3805
-6513
-4760
-1997
-1427
-1331
-365
155
-126
277
2095
3856
3626
2009
2080
4035
5235
5381
5322
4844
4082
3940
4738
5666
5463
4334
4271
4947
3919
728
-3400
-6654
-6601
-2420
1788
2080
-45
-2308
-4268
-4292
-665
3453
3171
273
1122
6874
10842
8719
4800
3494
3569
3007
3513
5908
6018
1039
-4549
-4988
-2126
-1808
-5224
-8771
-9219
-7413
-5782
-4812
-4266
-4629
-6041
-6530
-3939
509
2995
1393
-2109
-2707
1413
4779
2862
-180
-706
-801
-1307
-980
-355
-642
-2719
-5587
-4975
-1057
-354
-4218
-6838
-5265
-2477
-1453
-1561
-1100
-457
-661
-358
1696
3585
3160
1557
2024
4572
6184
5917
5059
4542
4162
4032
4833
6061
5847
4148
3689
4407
2630
-2626
-7453
-7257
-3288
-1063
-893
381
363
-3996
-7092
-3041
3053
3003
-1074
-334
6039
9931
7938
5541
6208
5796
2351
1555
5616
7788
3693
-2013
-3589
-1652
-825
-3240
-6388
-7695
-7833
-7789
-7123
-5755
-4650
-5016
-6546
-6746
-3492
1023
1710
-1682
-3300
-324
3143
3363
2158
1987
1560
-366
-1393
519
2441
706
-3068
-3972
-1306
253
-1900
-4590
-4731
-3758
-3535
-2963
-1031
134
-1142
-2127
-267
2476
3107
2108
2002
3263
4636
5661
6431
6476
5751
4865
4448
5244
6380
6217
5246
4206
2350
-1142
-5189
-7093
-5438
-2881
-2472
-2499
-1447
-1952
-4574
-5156
-1975
436
-661
-1005
3038
7915
8329
5918
5427
6271
4929
2774
3677
5935
5191
1752
-657
-712
-689
-2189
-4384
-6092
-7228
-7764
-7311
-6461
-6080
-6328
-6709
-6635
-5578
-3153
-841
-1076
-3038
-2948
199
2614
2570
2322
2328
1373
345
907
2167
2210
288
-1770
-1073
932
358
-2408
-4175
-4233
-3786
-3094
-1853
-427
-111
-1246
-1640
-106
1641
1882
1544
2231
3790
5578
6900
6921
6001
5399
5367
5795
6756
7266
6813
5935
3949
27
-4094
-5589
-4240
-2916
-3151
-3045
-2301
-3569
-5995
-5513
-2434
-1500
-3470
-3229
1419
5726
5700
4056
4681
6330
5705
3682
3913
5907
5365
2002
-17
847
1586
-238
-3202
-4899
-5294
-6018
-7419
-7950
-6922
-5971
-6682
-7707
-6722
-4265
-2788
-3413
-4568
-3833
-1136
571
288
1108
3385
3394
1099
536
2659
4148
2438
-315
-217
1941
1880
-716
-2192
-1992
-2863
-4393
-3761
-1418
-227
-1041
-2020
-1209
723
1174
220
572
2488
3919
4489
5318
6390
6666
6129
5909
6480
7251
7667
7210
6056
4227
521
-3751
-4566
-2218
-1186
-1982
-2103
-2498
-4726
-6266
-4513
-2132
-3079
-5362
-3994
992
4240
3549
2596
3551
4143
3183
3079
4864
5718
3716
1101
857
2183
2338
813
-1382
-3410
-4764
-5369
-5841
-6570
-6978
-6800
-6877
-7559
-7265
-5156
-3784
-5249
-6909
-5250
-2124
-1305
-1579
37
2485
2747
1059
753
3192
4780
2597
261
1550
3579
2466
110
-172
331
-1070
-3233
-3072
-702
388
-1253
-2605
-1133
793
425
-660
15
1892
2679
2536
3649
5952
6833
5640
4965
6269
7941
8085
6938
6357
6302
3777
-1298
-3851
-1618
418
-829
-2027
-1481
-1975
-4351
-5342
-3161
-1364
-3769
-6693
-3939
1605
2895
1157
1556
3527
3386
1608
1560
3592
4399
2271
117
830
2864
3065
1118
-1181
-2674
-3282
-4118
-5838
-6532
-5191
-4594
-6338
-7308
-5341
-3349
-4851
-7915
-7822
-4728
-3026
-3525
-2541
746
2559
1106
-268
1456
3674
2600
427
1357
3926
3784
1492
802
1540
871
-1213
-2079
-481
1290
663
-930
-728
733
1043
262
102
823
1530
1483
1760
3709
5776
5641
4200
4302
6185
7244
6740
6526
7190
7325
5306
1129
-2148
-1281
854
-167
-1609
-45
990
-2043
-5299
-3848
-613
-2110
-7180
-7665
-1959
1766
3
-997
2065
3549
271
-2168
410
3912
2839
-1022
-1710
1307
3427
2336
257
-852
-1715
-3337
-5345
-5793
-4084
-2880
-4444
-6482
-5225
-2262
-2619
-6470
-8690
-6921
-4614
-4503
-4379
-1575
1526
752
-1894
-1210
1925
2327
-153
-754
1921
4069
3081
1317
1471
1877
317
-1268
-352
1832
2289
604
-443
882
2347
1464
-402
-443
1256
2274
1978
2241
3572
4018
2875
2675
4704
6269
5591
4419
4618
5722
6279
6677
7241
5402
169
-3198
-1035
1488
881
699
1861
439
-3349
-4054
-848
5
-4601
-8371
-5267
-323
-357
-2477
-1064
1578
95
-2995
-2273
1034
1935
-542
-2323
-1147
797
1016
-30
-496
-653
-1349
-2809
-4328
-4169
-2432
-1934
-4088
-5764
-4387
-2613
-3438
-5498
-5685
-3934
-3184
-4009
-3494
-951
-133
-2354
-3456
-987
1923
1964
651
867
2107
2045
818
679
1701
2028
1196
664
1744
3222
2974
1110
-75
632
1705
1914
1635
1643
2209
2398
1922
2011
3019
3622
2981
2195
2566
3709
4098
3461
3094
3540
4167
4510
4814
5945
7063
5464
1090
-1478
115
1675
584
-281
915
1157
-1397
-3109
-1198
739
-1999
-6692
-6894
-3390
-2165
-4127
-4100
-549
1019
-1877
-4274
-2305
176
-1310
-4237
-4243
-1523
169
-445
-539
888
1087
-1643
-4361
-4137
-2429
-2115
-3751
-4716
-3010
-655
-572
-2296
-2891
-2273
-2960
-4692
-4500
-1664
166
-1004
-2291
-853
1573
1304
-371
-76
1570
1845
554
583
2398
3114
1439
-141
1059
3108
3073
1728
1709
2955
2868
1601
1383
2687
3384
2134
1037
1821
3106
2714
1574
2007
3299
3375
2230
2015
3010
3140
2132
1724
2765
3936
4108
4016
4499
4667
3039
497
-781
-484
-41
-63
20
-13
-769
-1799
-2042
-1521
-1475
-2739
-4489
-5214
-4939
-4459
-3690
-2525
-1939
-2253
-2398
-2083
-1871
-2153
-2764
-3296
-3081
-1825
-655
-467
-910
-1290
-1622
-2220
-2597
-2448
-2063
-1960
-2264
-2177
-1283
-474
-870
-1847
-2091
-1704
-1532
-1766
-1712
-1374
-1174
-926
-315
643
1202
965
215
111
1164
1985
2034
1758
1808
2111
1991
1926
2347
2770
2337
1425
1505
2517
2935
2320
1761
2003
2458
2477
2392
2409
2451
2362
2250
2433
2733
2876
2575
2137
2048
2113
2265
2186
1834
1892
2170
1966
1518
1709
2097
1675
596
-395
-1146
-2306
-3198
-2561
-1204
-570
-516
-470
-956
-2006
-2923
-3229
-2986
-2948
-3353
-3529
-2799
-1886
-1651
-1475
-1064
-1152
-1849
-2252
-2142
-2334
-3016
-3332
-2778
-1748
-862
-616
-653
-679
-978
-1285
-1410
-1534
-1522
-1222
-860
-553
-349
-358
-425
-521
-799
-689
-196
-158
-377
-101
477
725
915
1210
1460
1461
1090
873
1272
1727
1388
770
800
1286
1624
1782
1968
2317
2403
2050
1964
2137
2184
1686
1180
1489
1969
2133
1989
1806
1680
1626
1326
702
358
389
562
399
344
797
974
319
-408
-337
14
110
-41
-93
109
160
157
30
-358
-718
-1065
-1390
-1589
-1358
-998
-1049
-1387
-1644
-1449
-1151
-1217
-1485
-1545
-1680
-2080
-2084
-1659
-1320
-1491
-1791
-1614
-1285
-1155
-1020
-775
-670
-749
-793
-819
-703
-441
-260
-155
-61
23
81
278
518
439
5
-540
-738
-508
-501
-720
-447
290
404
-29
260
869
716
2
57
786
923
774
935
1440
1767
1545
1486
1891
1992
1420
1155
1356
1054
772
924
1019
1049
1003
1067
915
571
585
447
-2
-365
-412
-152
144
119
88
196
171
278
340
323
-2
-509
-652
-423
230
198
-339
-242
-214
-466
-780
-875
-739
-699
-925
-1185
-925
-832
-1085
-1214
-1111
-821
-1044
-1459
-1255
-745
-468
-319
-100
-138
-46
141
6
76
200
149
-62
-326
-233
156
541
559
379
358
354
377
283
83
-248
-608
-756
-658
-101
347
406
488
580
622
379
84
26
-20
289
802
1149
1426
1514
1492
1432
1186
704
285
257
412
485
420
406
533
495
202
-242
-440
-639
-644
-177
38
-41
-94
-3
-107
63
192
-107
-136
-165
58
264
176
196
286
229
95
135
-163
-605
-616
-487
-535
-699
-742
-868
-1223
-1333
-1347
-1214
-1089
-1340
-1274
-1109
-899
-712
-925
-881
-577
-365
-252
55
298
224
161
-136
-646
-829
-631
-529
-478
-123
296
456
339
143
101
47
-104
-80
8
31
98
443
622
448
223
14
260
457
360
627
778
759
1032
1109
1071
938
787
686
663
918
1003
784
303
209
400
211
11
-187
-373
-252
116
122
253
490
517
603
501
594
519
530
388
360
773
713
988
982
407
193
-26
44
157
-11
154
122
-28
-214
-453
-392
-727
-958
-1058
-1118
-779
-892
-852
-606
-572
-354
-328
-565
-801
-618
-389
-540
-774
-831
-810
-1072
-829
-414
-431
-681
-1030
-782
-526
-423
-97
-276
-285
2
-332
-176
-10
-83
15
-325
-25
132
220
365
-15
106
-71
41
-62
233
933
386
625
810
857
978
599
287
-138
-236
-411
-486
-68
-46
-498
-485
-122
357
261
-137
95
360
268
320
618
824
1213
1023
930
955
899
1040
495
484
598
574
258
-111
263
225
115
-285
-334
318
121
10
64
190
303
-210
-111
-53
264
10
-711
-228
-305
-87
-206
-393
148
-416
-1001
-1283
-957
-439
-810
-847
-854
-934
-579
-558
-396
-287
-429
-174
-229
-289
-364
-700
-615
-583
-336
82
-15
-105
-49
205
254
-42
-30
55
439
592
619
717
704
915
792
800
785
637
143
98
265
57
308
191
98
-37
-233
-24
197
213
311
555
844
886
770
899
700
504
387
290
489
636
626
627
772
802
690
275
-183
-299
-694
-740
-4
577
738
841
722
615
369
-33
-116
-391
-262
-135
-253
83
-198
-384
-647
-1169
-1004
-1370
-1027
-892
-1076
-742
-1238
-1077
-990
-767
-676
-636
-416
-1095
-1067
-1038
-752
-645
-1038
-373
-402
-528
-685
-1181
-519
-503
-373
-238
-300
463
232
62
374
670
887
828
803
657
617
273
-88
539
824
655
632
588
564
231
179
1
284
499
262
815
1002
910
1019
656
732
622
601
755
469
417
27
513
506
149
656
598
292
-186
61
576
254
734
683
879
918
21
733
-79
69
801
121
662
209
299
50
-611
-433
-1245
-1076
-1160
-1239
-824
-1019
-881
-1087
-479
-571
-1162
-892
-1121
-1073
-1309
-1202
-1317
-1429
-606
-710
-649
-640
-1254
-1033
-872
-1251
-843
-865
-935
-257
-304
-67
-365
-173
27
-398
624
-206
-311
443
-500
243
666
468
665
380
757
556
126
379
620
616
545
600
861
1086
1022
1143
1075
1034
326
-36
724
625
787
709
44
599
579
385
247
-259
254
358
471
678
376
1142
196
59
1539
375
951
499
-62
961
-731
248
190
-469
371
-723
-76
-168
-335
-680
-750
283
-859
-642
-1011
-1200
-446
-751
-654
-988
-516
-783
-1034
-514
-809
-1015
-1450
-1256
-715
-504
-520
-1031
-535
-258
-707
-474
38
320
-264
-460
98
542
-188
-404
420
184
28
-443
27
717
-43
470
415
609
907
-136
590
658
677
1007
447
1348
1287
701
1125
847
1161
819
292
923
642
574
438
495
907
507
376
493
773
779
242
162
597
924
331
399
1102
644
-13
-241
262
278
-2
34
-71
20
-382
-699
-468
-359
-618
-966
-644
-403
-575
-535
-706
-620
-884
-1068
-678
-759
-784
-941
-1216
-1130
-1054
-982
-774
-1062
-1266
-1044
-716
-702
-897
-351
-766
-498
-54
-567
-35
-254
-82
-373
-2
389
-433
37
-341
198
-3
-672
215
1
76
-434
-49
750
66
526
465
799
785
415
1118
717
1112
851
649
1149
593
1011
877
871
893
558
916
711
844
920
1066
976
514
715
927
1141
962
812
688
448
366
184
304
4
-53
354
-243
28
-7
-571
42
-579
-506
-409
-953
-263
-404
-543
-492
-1004
-694
-796
-925
-674
-1009
-761
-1046
-1073
-794
-996
-837
-1013
-1140
-1323
-1043
-884
-1045
-643
-654
-191
-357
-543
-450
-893
-175
-428
-776
-457
-260
-63
-457
-167
11
-30
214
-30
206
428
203
-187
-37
645
353
362
553
1115
1148
492
502
576
715
141
273
577
1049
950
369
1144
994
970
831
846
1135
940
860
1100
1557
1181
1126
886
1145
1104
289
320
42
126
31
-234
105
172
161
-16
-238
-165
-465
-881
-633
-297
-449
-112
-257
-767
-508
-1013
-1104
-905
-470
-594
-1170
-700
-907
-911
-1237
-1061
-808
-1308
-1115
-1003
-166
-466
-1245
-988
-606
-444
-809
-855
-65
55
-738
-546
-13
138
-757
-641
331
-70
-33
-244
30
888
390
528
610
499
813
218
953
1091
477
632
29
557
950
950
894
583
916
71
-87
478
809
1011
813
1401
968
881
1154
878
1430
1001
954
1557
595
651
823
403
400
208
325
332
597
152
-297
-189
-209
-616
-677
42
-161
-18
-114
-455
-84
-1080
-1051
-603
-890
-53
-458
-556
-401
-817
-541
-1345
-1062
-930
-1235
-464
-504
-349
-679
-878
-744
-839
-666
-857
-657
-660
-1033
-991
-709
-646
-1029
-569
-463
-513
-213
-653
-529
-581
-642
-64
135
470
374
352
522
14
798
482
242
1019
76
304
673
52
331
508
380
708
292
692
980
534
851
584
893
864
922
1208
799
1068
994
841
930
815
596
443
680
260
572
653
258
334
-113
474
158
-54
258
-61
554
-145
-257
-186
-354
192
-738
-296
68
-207
-584
-763
-150
-781
-668
-762
-292
22
-634
-198
-531
-64
-503
-932
-50
-614
-578
-964
-784
-114
-835
-282
-364
-698
-297
-1237
-785
-709
-1082
-346
-582
-27
-100
-670
-96
36
-240
-194
-44
234
418
276
397
438
308
-518
-190
581
273
243
92
178
373
23
-52
715
666
395
605
679
859
784
352
190
561
761
249
332
523
317
137
-331
569
686
210
203
90
517
23
335
462
192
753
-61
240
513
181
-137
-615
60
-305
-225
-141
-233
254
-446
-434
-145
-425
-154
-29
261
86
-327
29
-78
-292
-454
-151
-222
-416
-596
-1010
-62
-418
-795
-388
-493
-490
-767
-180
-453
-659
-326
-862
254
48
-463
388
-356
-191
-173
-118
462
-146
-245
-376
366
442
-366
-52
-254
37
-197
-29
564
443
469
-149
763
779
240
502
-233
356
182
160
786
95
357
151
75
203
-83
510
-45
89
139
-51
338
-84
223
232
455
396
206
632
593
357
-73
-132
-49
-62
86
-256
-2
406
33
-58
-26
89
-51
-161
-347
286
745
122
57
220
174
59
-115
-359
6
3
-343
-67
-253
-277
-288
-687
-228
-187
-79
72
-466
-240
42
-101
-206
-135
117
305
-153
-72
-38
65
170
-280
37
108
64
-212
-251
-99
-275
-88
23
-116
163
47
-177
-163
-153
-343
-454
-358
-426
113
-275
-326
-137
-437
-562
-440
196
-120
-275
-275
-301
-6
-35
-44
-96
72
-34
-121
218
95
70
-171
-160
178
34
129
156
299
119
-308
-35
34
79
251
-5
254
523
425
392
219
383
347
62
147
419
294
167
351
417
506
288
-14
235
186
-32
326
446
496
376
118
335
196
-104
171
255
257
418
-6
137
457
304
341
45
86
-56
-68
59
-61
327
139
66
236
9
-94
-304
-380
-483
-307
-230
-433
-281
-412
-558
-714
-668
-684
-792
-702
-778
-644
-656
-486
-477
-565
-449
-473
-124
-285
-228
-36
-455
-236
-407
-388
-107
-283
-147
-324
-162
-71
-110
-191
-189
112
-133
77
165
234
372
78
334
172
288
569
-233
211
691
206
249
162
532
324
77
408
138
488
235
29
641
283
330
507
323
461
310
473
437
396
415
585
619
178
501
253
364
401
91
833
179
176
577
-70
394
-112
15
336
-277
40
-251
-240
-218
-362
-183
-415
-544
-644
-580
-664
-830
-818
-629
-417
-673
-536
-405
-709
-739
-693
-443
-356
-293
-373
-393
-187
-386
-444
-264
-218
-293
-191
-219
96
-6
-452
-126
67
-29
-112
151
188
115
143
-75
405
372
300
514
166
655
506
225
532
511
673
335
419
674
432
550
361
460
533
282
483
434
390
455
289
210
443
475
122
259
439
297
222
140
323
292
120
261
222
256
105
-97
243
78
-92
-59
-238
-72
-293
-469
-280
-340
-439
-673
-567
-440
-659
-729
-770
-713
-761
-893
-860
-636
-559
-750
-666
-522
-442
-476
-547
-572
-570
-316
-332
-281
-204
-341
-251
-239
-228
-187
-67
-72
-76
-56
-81
117
101
135
219
179
124
224
414
403
380
359
461
615
625
520
683
690
524
643
604
687
700
639
554
464
605
489
524
589
501
571
588
572
524
438
394
341
285
345
451
365
197
262
288
235
181
99
111
59
-43
-82
-48
-47
-160
-220
-204
-326
-405
-361
-416
-507
-518
-585
-647
-626
-703
-625
-626
-691
-574
-577
-657
-530
-441
-548
-398
-360
-427
-485
-432
-324
-371
-362
-480
-402
-328
-304
-253
-287
-271
-320
-212
-172
-173
-206
-290
-257
-229
-138
-38
60
-5
-10
170
103
108
232
277
310
279
473
446
376
471
393
438
400
384
426
425
463
408
380
377
402
270
189
346
276
268
329
318
352
248
322
362
158
248
271
49
79
103
45
34
3
-23
50
86
-64
-89
-192
-270
-262
-400
-359
-297
-299
-354
-335
-273
-402
-419
-465
-433
-376
-455
-367
-391
-338
-220
-255
-219
-269
-275
-278
-325
-204
-248
-239
-182
-101
9
-23
-38
-108
-76
-97
-91
-25
-49
130
204
200
236
126
111
146
154
246
331
389
442
402
465
542
455
557
503
440
574
528
495
530
561
433
400
440
436
398
282
329
335
364
374
238
269
218
181
173
95
156
100
128
141
151
162
-61
-154
-105
-116
-226
-215
-242
-274
-221
-347
-311
-314
-417
-416
-519
-447
-409
-391
-366
-441
-378
-441
-454
-444
-392
-330
-370
-297
-379
-346
-277
-271
-215
-263
-290
-209
-55
-92
-109
-45
-22
20
-3
77
49
35
142
150
211
210
215
362
462
362
397
496
429
406
402
485
478
454
530
497
522
498
493
518
437
413
446
482
415
380
340
284
216
139
189
102
36
106
59
33
-6
-125
-165
-200
-189
-238
-354
-310
-336
-376
-408
-364
-389
-473
-452
-546
-507
-558
-571
-481
-551
-588
-583
-492
-468
-519
-546
-504
-567
-692
-581
-523
-563
-530
-466
-465
-500
-488
-408
-384
-375
-326
-317
-237
-220
-229
-271
-244
-118
-146
-93
1
11
99
164
174
210
240
272
320
364
380
368
333
355
387
413
531
535
477
560
567
496
575
547
469
470
495
555
464
473
439
346
372
306
349
349
285
241
260
323
254
192
122
67
54
100
40
9
-9
-111
-124
-180
-186
-208
-281
-322
-321
-316
-342
-398
-406
-434
-406
-356
-417
-354
-361
-395
-403
-393
-315
-369
-416
-346
-259
-290
-311
-270
-261
-205
-214
-182
-89
-101
-190
-223
-171
-157
-125
-103
-107
-44
-15
-21
115
148
59
117
157
181
185
231
301
229
247
324
378
405
374
411
444
433
420
479
488
485
455
454
515
440
445
459
467
417
414
488
411
349
308
268
254
301
189
180
228
156
153
124
200
118
66
0
-41
33
-80
-141
-130
-90
-182
-233
-222
-327
-358
-395
-411
-398
-384
-399
-390
-361
-423
-466
-471
-512
-511
-496
-532
-444
-396
-368
-297
-308
-294
-286
-270
-270
-258
-209
-159
-108
-29
-3
-31
23
23
63
80
29
97
114
73
128
214
229
136
163
231
155
200
178
171
218
219
288
266
286
241
203
244
266
297
236
259
261
219
205
194
187
169
177
196
213
172
165
116
102
108
32
-12
-16
5
-20
-27
-30
-71
-99
-111
-176
-216
-230
-227
-222
-246
-228
-273
-271
-300
-327
-356
-393
-388
-363
-311
-357
-328
-296
-332
-335
-303
-216
-189
-191
-165
-156
-114
-73
-48
-24
-12
-12
-47
22
50
78
134
171
261
222
249
281
287
323
300
313
353
377
376
364
317
329
336
305
355
410
371
378
380
308
249
243
287
277
284
214
197
207
157
159
99
32
-1
33
-41
-52
26
-57
-112
-93
-123
-173
-164
-180
-162
-154
-164
-211
-202
-138
-228
-181
-155
-208
-202
-252
-271
-221
-221
-310
-307
-325
-345
-369
-408
-379
-368
-350
-409
-394
-331
-340
-311
-307
-309
-304
-283
-307
-259
-171
-170
-128
-105
-63
-63
-13
24
8
108
110
85
83
96
131
95
117
165
188
181
161
172
158
202
160
91
206
284
267
250
283
270
285
318
236
266
267
244
238
230
255
225
246
243
289
275
191
186
185
177
102
84
123
113
113
157
84
73
75
-26
-57
-91
-90
-125
-127
-119
-107
-71
-83
-109
-128
-115
-173
-167
-161
-243
-268
-263
-251
-259
-288
-274
-288
-314
-316
-363
-374
-329
-338
-314
-274
-279
-258
-241
-178
-156
-183
-183
-160
-81
-79
-58
-32
-12
41
82
96
119
182
138
129
124
102
107
126
192
196
207
242
265
254
250
198
163
222
251
210
208
249
285
312
264
252
245
244
231
214
231
236
201
180
213
143
131
90
47
80
30
-15
-35
-10
-35
-14
5
-13
-37
-44
-28
-141
-111
-49
-93
-125
-187
-185
-148
-139
-173
-189
-131
-168
-239
-208
-226
-249
-257
-292
-270
-199
-193
-212
-183
-186
-197
-210
-145
-123
-124
-84
-100
-27
-3
42
55
21
97
77
102
172
144
177
222
186
169
192
183
161
201
231
229
213
192
197
193
187
175
160
129
143
174
138
105
137
130
106
113
113
99
76
64
24
33
29
-6
-31
-47
-62
-109
-88
-71
-78
-83
-114
-156
-153
-159
-164
-148
-145
-126
-161
-156
-146
-138
-173
-194
-176
-166
-91
-91
-86
-90
-86
-106
-144
-124
-141
-160
-159
-142
-123
-93
-117
-120
-124
-137
-114
-165
-175
-144
-96
-54
-81
-83
-81
-51
-29
-47
-13
22
40
47
96
116
71
48
-8
3
33
49
83
41
68
96
73
84
103
115
92
102
137
138
157
170
126
123
156
147
110
74
106
144
119
105
115
104
76
73
69
33
38
63
59
54
32
-21
-34
-4
6
27
56
72
79
99
92
36
25
19
17
24
29
92
135
126
111
84
72
37
-10
-8
-28
-42
-27
2
33
-19
-65
-54
-47
-53
-92
-53
-2
-44
-52
-25
14
42
75
91
71
92
124
142
146
161
147
91
42
17
34
34
28
33
35
42
32
24
45
20
-9
-13
-36
-10
-3
-52
-75
-66
-66
-49
-21
-32
-36
-31
-42
-50
-81
-93
-75
-114
-114
-92
-107
-124
-155
-147
-160
-200
-216
-236
-232
-231
-229
-213
-225
-228
-213
-214
-216
-194
-158
-108
-88
-84
-55
-55
-61
-39
-54
-79
-78
-60
-27
-4
39
82
104
96
57
71
53
9
44
46
55
64
99
153
157
193
179
184
194
167
161
111
166
178
128
147
129
154
165
143
147
143
105
77
51
0
-4
-4
-55
-102
-94
-98
-131
-154
-157
-181
-189
-170
-155
-136
-189
-196
-164
-199
-220
-216
-189
-202
-214
-205
-174
-146
-189
-233
-225
-200
-205
-178
-169
-140
-89
-109
-94
-83
-60
-72
-87
-23
23
60
87
115
149
195
228
269
255
241
275
232
267
300
297
333
332
342
317
296
299
291
290
297
330
329
303
288
296
287
266
248
263
282
218
225
218
193
198
147
148
133
130
135
92
49
21
30
-16
-55
-52
-72
-129
-154
-171
-204
-216
-241
-242
-249
-263
-270
-278
-287
-273
-263
-292
-269
-254
-262
-270
-269
-233
-234
-235
-219
-198
-199
-217
-200
-200
-216
-180
-153
-170
-142
-98
-103
-128
-136
-109
-93
-83
-54
-41
-16
-13
-17
21
62
74
44
86
110
115
156
159
192
213
217
210
230
273
237
206
222
245
245
204
197
221
203
185
198
206
203
185
188
170
142
133
137
134
132
137
95
80
84
81
29
0
35
7
4
4
-33
-32
-41
-57
-90
-127
-149
-135
-141
-166
-141
-159
-196
-197
-208
-204
-195
-222
-237
-199
-193
-246
-236
-226
-248
-243
-282
-307
-281
-273
-308
-301
-255
-216
-213
-230
-219
-233
-191
-171
-173
-144
-126
-86
-100
-72
-40
-34
-7
-10
6
36
76
117
125
134
160
170
196
212
233
256
254
291
318
324
337
323
345
375
328
321
347
332
322
318
311
331
337
299
290
310
296
245
216
193
191
194
130
81
89
66
22
-11
-53
-73
-117
-154
-170
-185
-179
-202
-206
-213
-215
-230
-272
-273
-277
-292
-306
-314
-294
-291
-304
-293
-285
-257
-271
-302
-285
-305
-279
-260
-263
-244
-259
-221
-220
-226
-211
-178
-140
-113
-71
-66
-4
54
77
86
112
149
144
168
197
219
247
284
309
309
313
335
337
328
334
319
305
296
283
299
279
265
288
273
256
259
273
238
209
187
169
193
127
121
170
100
75
79
41
23
-5
-35
-77
-100
-123
-138
-135
-204
-225
-181
-203
-234
-255
-277
-283
-308
-312
-335
-373
-381
-383
-357
-358
-347
-330
-338
-309
-275
-267
-256
-260
-278
-273
-242
-234
-204
-165
-160
-148
-132
-100
-99
-123
-119
-96
-57
-29
-13
16
53
60
67
126
157
157
195
203
218
253
259
291
287
285
306
310
306
298
321
333
355
376
371
357
349
337
318
312
287
269
251
223
232
257
253
204
184
179
167
188
190
159
122
100
92
87
64
61
59
31
4
-12
-7
-47
-85
-95
-115
-145
-157
-142
-181
-212
-187
-165
-190
-208
-213
-239
-256
-272
-263
-252
-240
-222
-219
-197
-183
-175
-166
-190
-187
-167
-158
-134
-147
-127
-106
-129
-78
-35
-39
-33
-9
28
30
48
73
74
110
125
103
103
125
129
134
152
163
156
158
186
214
234
224
220
210
206
220
228
233
231
235
222
204
235
257
213
195
192
160
123
88
73
62
43
-12
-40
-24
-50
-71
-85
-107
-121
-128
-159
-169
-153
-198
-197
-192
-220
-214
-252
-264
-235
-230
-252
-293
-289
-303
-320
-291
-294
-283
-268
-290
-262
-245
-240
-222
-248
-242
-205
-195
-191
-177
-158
-117
-116
-134
-110
-78
-66
-71
-28
5
31
74
82
109
139
152
149
172
207
210
216
240
269
250
214
224
243
216
197
236
228
204
186
126
119
147
140
122
105
123
132
105
84
71
58
-1
-25
-18
-28
-8
-31
-59
-73
-118
-147
-157
-160
-190
-214
-230
-268
-270
-260
-250
-260
-274
-263
-287
-290
-264
-253
-248
-253
-244
-234
-246
-253
-250
-231
-199
-193
-172
-144
-144
-107
-94
-106
-74
-45
-12
27
40
58
76
76
88
122
145
160
189
194
179
185
175
182
192
177
212
267
294
306
316
326
331
353
345
334
346
351
342
318
312
276
243
220
200
220
203
201
194
180
175
145
135
96
52
9
-21
-9
4
3
-3
-7
-22
-44
-59
-50
-57
-85
-88
-72
-68
-71
-55
-51
-83
-125
-124
-123
-104
-76
-101
-90
-93
-101
-110
-119
-96
-102
-92
-76
-79
-52
-38
-60
-71
-59
-23
-3
2
17
4
16
28
18
47
76
85
64
79
126
128
116
127
145
137
120
127
115
88
88
79
89
108
77
71
71
49
53
80
90
81
112
100
84
105
110
110
91
99
86
35
42
78
48
21
16
-17
-34
-27
-13
-29
-67
-72
-74
-94
-103
-117
-117
-116
-136
-126
-144
-170
-169
-181
-177
-167
-154
-173
-176
-151
-159
-147
-126
-126
-121
-119
-146
-156
-159
-172
-181
-203
-168
-186
-210
-191
-212
-194
-185
-160
-143
-129
-106
-117
-95
-86
-55
-25
-25
14
54
48
49
55
48
69
88
102
151
165
148
193
230
207
194
212
200
173
177
186
196
189
171
162
157
171
165
128
136
165
135
110
147
169
159
143
106
87
66
22
4
1
-7
-27
-70
-77
-102
-168
-166
-175
-190
-170
-197
-203
-209
-204
-198
-251
-252
-245
-273
-297
-329
-300
-290
-312
-290
-269
-251
-248
-226
-210
-193
-160
-154
-127
-114
-133
-136
-120
-93
-58
-74
-84
-24
-14
-27
-9
39
84
67
86
128
153
174
171
212
234
254
296
311
340
338
371
373
313
321
309
308
325
349
365
310
304
302
262
257
239
237
227
243
243
178
164
137
111
70
33
56
19
-1
-8
-23
0
-45
-83
-91
-117
-112
-107
-90
-118
-159
-142
-149
-162
-194
-194
-163
-161
-149
-183
-205
-188
-193
-177
-166
-168
-172
-176
-147
-148
-169
-154
-131
-119
-104
-104
-101
-69
-79
-66
-32
-17
-12
-7
35
59
69
73
96
124
122
118
112
95
85
126
101
70
83
69
90
77
95
115
90
127
113
145
188
139
148
119
113
148
125
131
125
138
141
105
117
102
81
92
105
89
53
44
41
53
10
-28
-56
-88
-30
-33
-44
-38
-81
-74
-67
-77
-79
-117
-93
-76
-155
-166
-130
-120
-139
-197
-193
-202
-250
-233
-217
-202
-215
-233
-203
-232
-240
-212
-210
-188
-198
-219
-233
-236
-197
-193
-170
-126
-134
-136
-102
-102
-99
-68
-52
-10
14
17
36
47
84
103
108
129
120
150
189
190
193
162
167
186
182
232
250
234
248
277
287
256
276
267
259
303
264
253
227
203
242
238
226
208
185
193
140
173
138
72
152
63
213
53
195
-27
-1570
-1745
-1204
242
1256
513
339
-908
-1565
-1056
-433
1031
487
-130
-167
-525
129
-371
-718
-283
-313
232
292
64
222
-411
-1092
-1307
-1059
-72
272
-87
-256
-613
-487
-139
-233
224
118
45
441
96
425
187
-144
-255
-1007
-271
540
767
511
-86
-163
-577
-608
22
740
671
75
100
201
30
-379
-219
135
196
392
467
521
397
253
8
-186
-203
26
420
226
-12
-183
-298
-116
-97
-176
-88
7
118
202
34
-102
-193
-198
-167
-245
-20
197
183
105
-33
-47
-122
-110
184
302
193
44
-41
-7
-191
-185
42
34
94
111
167
99
50
164
89
129
139
243
298
167
240
211
150
152
243
254
163
288
332
356
323
278
284
137
120
225
373
392
296
233
200
249
223
233
287
261
260
189
143
139
60
120
192
151
160
159
199
170
109
152
94
133
127
108
212
93
0
5
17
94
102
40
18
77
-11
-159
-106
1
36
-16
-94
-119
-69
-16
-75
-110
-156
-144
32
91
63
-165
-352
-231
-156
-37
16
49
40
-211
-263
-193
-113
-35
-52
-21
-132
-211
-190
-199
-183
-277
-262
-139
-81
-64
-83
-128
-149
-78
-89
-68
-3
-24
-28
-142
-125
-101
-73
35
-65
-77
-90
-52
-6
-116
-37
19
73
173
97
-24
-126
-105
-35
-54
-56
116
193
102
85
25
-6
21
120
160
113
114
62
41
-14
-23
33
-43
-113
-103
-56
12
33
-67
-195
-224
-165
-28
18
-64
-167
-228
-186
-154
-132
-144
-170
-112
-146
-192
-157
-199
-246
-259
-250
-204
-138
-68
-83
-191
-345
-335
-212
-141
-24
-25
-67
-106
-217
-248
-196
-48
38
17
-1
-37
-39
-50
-56
-16
7
38
109
176
194
142
4
-58
34
102
150
192
137
39
-32
-44
35
62
40
58
50
30
-8
-19
-25
-32
-47
22
145
26
-79
-97
-104
-17
-66
-142
-163
-165
-182
-223
-240
-280
-261
-269
-256
-272
-379
-356
-286
-236
-205
-197
-210
-191
-100
-120
-189
-217
-227
-204
-172
-86
-4
-35
-113
-116
-93
-68
-48
-28
1
-1
-10
5
26
57
72
77
146
166
132
102
114
210
291
301
265
319
340
258
208
197
275
306
291
319
316
304
252
263
369
342
290
289
371
511
404
312
329
286
298
251
237
296
303
263
211
191
210
243
181
116
71
61
109
133
139
72
39
61
51
66
59
54
78
50
0
6
-44
-99
-88
-113
-50
-6
-65
-79
-58
-53
-93
-119
-155
-145
-137
-146
-55
-49
-73
-91
-148
-133
-143
-160
-147
-120
-87
-115
-101
-104
-154
-110
-79
-65
-30
-44
-30
-28
-54
-29
-17
-46
-65
-43
-24
-22
25
103
50
-43
-4
51
88
51
41
75
10
-4
19
44
80
37
-23
-36
65
162
147
111
32
-48
-48
60
138
143
166
109
80
60
-6
-7
2
63
117
115
102
63
-17
-127
-155
-149
-84
17
52
13
-104
-98
-44
-88
-100
-89
-40
-60
-178
-171
-117
-65
-54
-90
-101
-137
-101
-58
-65
-87
-172
-212
-232
-170
-76
-70
-25
1
0
-47
-97
-77
-67
-70
-79
-20
72
112
52
-37
-60
-16
78
94
104
98
38
21
5
-6
48
116
117
140
154
137
126
118
153
114
74
102
130
135
81
46
50
42
57
50
30
53
56
94
60
-77
-102
-171
-125
3
-50
-40
-70
-63
-51
-180
-217
-133
-10
-17
-49
-90
-111
-141
-309
-232
-165
-182
-198
-311
-256
-311
-340
-306
-298
-263
-360
-287
-167
-145
-94
-148
-192
-155
-134
-128
-137
-100
-28
-30
-57
-81
-56
-26
-110
-64
-11
-45
-7
-41
-86
-104
-112
-43
44
44
13
-15
6
64
89
124
125
148
179
141
94
106
134
105
83
107
176
165
118
107
77
91
63
74
138
85
60
61
58
20
-40
-13
-13
31
56
47
116
115
81
48
33
30
39
34
15
85
78
45
36
-33
-45
-58
-40
-8
-22
-14
-48
-56
-19
-16
18
52
20
24
54
0
6
64
84
99
75
50
42
64
16
-61
-50
-48
-31
20
81
100
51
1
-30
-20
30
84
144
159
121
97
55
23
39
42
27
51
96
126
116
69
49
7
11
104
127
132
123
60
54
35
45
124
143
149
128
107
104
86
93
54
31
28
21
82
101
81
67
65
95
71
76
124
126
123
99
52
21
42
29
24
22
4
72
64
34
27
18
52
77
117
102
68
54
19
-12
-18
7
22
44
4
-64
-91
-139
-128
-94
-89
-86
-96
-84
-89
-75
-51
-29
-4
3
2
-29
-36
-57
-74
-47
-35
-28
-10
-14
-41
-57
-41
-14
-17
-28
-21
3
7
6
7
-25
-65
-88
-78
-67
-32
3
-16
-41
-67
-83
-56
-24
-7
29
22
24
50
15
24
16
-21
-46
-60
-23
-31
-25
-36
-52
-7
-22
-45
-45
-47
-58
-80
-87
-91
-117
-148
-141
-131
-107
-80
-81
-89
-111
-119
-117
-130
-116
-91
-83
-96
-152
-147
-100
-105
-95
-92
-77
-59
-51
-16
-24
-60
-80
-80
-68
-47
-43
-50
-53
-97
-94
-60
-53
-31
-41
-8
2
-18
-19
-34
-14
4
53
54
-3
-22
-21
-10
-16
-11
-14
-32
-49
-25
-4
-21
2
24
38
13
-6
-2
-13
14
-3
-12
1
-25
-2
35
-1
-28
-15
-12
-2
-28
-48
-28
-30
-19
2
32
40
22
40
85
104
88
99
114
115
90
74
94
93
90
91
83
106
134
123
109
117
108
90
91
126
188
182
121
110
118
113
103
118
131
79
37
41
60
73
88
99
78
66
62
57
40
47
77
59
11
-22
-7
22
5
-17
-22
-26
-34
-57
-66
-57
-27
-8
-13
-21
-69
-87
-64
-27
23
11
5
-3
-28
-41
-63
-62
-56
-54
-38
-33
-23
8
9
-11
-9
-10
-7
17
39
36
21
-13
-8
18
22
65
107
113
97
100
98
80
68
51
97
106
99
113
79
55
44
44
46
43
23
23
32
1
3
16
9
-15
-9
37
29
8
-12
-31
-36
-65
-85
-55
-16
-7
-12
-52
-99
-94
-68
-27
-17
-33
-60
-90
-68
-61
-82
-79
-111
-114
-76
-78
-57
-35
-54
-77
-74
-63
-62
-48
-27
-15
-34
-58
-34
-6
-11
-17
-6
7
14
28
41
57
38
46
93
56
54
71
70
81
19
-6
30
30
24
24
18
11
19
32
38
42
55
61
51
52
39
10
3
3
3
1
-2
1
-5
-18
-39
-27
-9
-6
32
16
-5
-11
-41
-23
-21
-39
-45
-45
-43
-67
-74
-48
-26
-80
-98
-51
-52
-41
-32
-39
-53
-69
-66
-70
-64
-63
-56
-55
-45
-40
-57
-44
-44
-25
-21
-52
-56
-60
-63
-70
-86
-92
-69
-59
-91
-91
-59
-45
-43
-70
-75
-58
-56
-28
-21
5
38
-1
-6
-4
-22
-2
-18
-17
10
1
11
11
18
39
39
55
89
79
51
57
79
102
113
119
119
100
115
137
158
181
153
136
139
145
144
117
132
138
149
157
109
89
96
100
93
72
69
67
55
44
21
8
1
-17
-2
12
5
-6
-20
-41
-49
-30
-24
-20
-42
-81
-93
-120
-116
-88
-107
-97
-64
-59
-78
-86
-68
-71
-81
-88
-93
-73
-64
-73
-79
-89
-109
-108
-81
-76
-100
-105
-63
-22
-17
-1
8
-5
2
16
38
49
27
44
71
74
95
109
97
70
57
57
47
66
86
68
64
70
84
89
71
77
82
92
63
22
55
34
9
25
-22
-26
-5
-17
6
2
-11
-6
-34
-52
-60
-71
-62
-65
-65
-56
-56
-37
-44
-53
-51
-76
-65
-60
-50
-26
-22
-11
-38
-68
-73
-60
-41
-36
-22
-8
-5
-3
0
6
23
23
27
32
33
63
57
63
92
83
67
46
56
62
57
58
24
38
72
81
107
116
104
100
104
100
98
96
95
91
91
102
91
99
96
76
74
50
56
63
29
10
3
-1
-22
-33
-43
-32
-18
-29
-35
-41
-55
-66
-58
-67
-86
-63
-51
-56
-69
-100
-102
-116
-133
-109
-102
-89
-76
-84
-85
-118
-140
-136
-129
-105
-106
-118
-118
-122
-104
-93
-105
-115
-119
-110
-95
-91
-95
-110
-137
-151
-151
-141
-108
-93
-88
-75
-90
-95
-82
-81
-82
-44
-21
-25
-22
-36
-40
-52
-59
-48
-41
-9
12
28
23
4
31
42
50
60
61
66
71
76
76
101
109
99
87
83
89
69
71
86
87
100
98
85
92
81
72
79
79
82
91
104
97
66
41
47
58
57
49
40
39
17
-18
-51
-54
-59
-83
-62
-33
-42
-51
-62
-88
-100
-95
-76
-84
-95
-77
-82
-101
-114
-132
-132
-111
-102
-81
-75
-85
-71
-60
-50
-26
-3
-7
5
25
18
40
46
32
45
60
87
108
115
116
134
163
161
153
153
154
150
176
182
166
187
200
185
145
157
187
185
204
198
216
227
198
196
165
125
118
120
125
137
160
129
62
46
29
15
35
27
15
6
-18
-40
-32
-51
-82
-58
-64
-87
-68
-52
-69
-97
-99
-102
-103
-94
-100
-104
-109
-111
-108
-103
-90
-74
-71
-88
-97
-79
-46
-29
-33
-18
2
-9
-10
2
-20
-15
3
5
41
44
38
44
21
30
22
10
41
58
53
64
88
68
68
90
84
89
94
103
105
79
63
49
42
43
60
68
28
25
42
19
8
14
29
39
25
13
-2
3
12
5
-8
-30
-16
-9
-32
-29
-34
-36
-39
-61
-69
-81
-89
-97
-109
-93
-69
-50
-46
-67
-89
-87
-78
-104
-105
-78
-87
-83
-88
-109
-127
-121
-113
-153
-142
-113
-119
-106
-101
-111
-127
-123
-113
-111
-83
-82
-107
-99
-108
-113
-80
-72
-88
-94
-86
-107
-113
-70
-59
-52
-40
-48
-47
-33
-17
-27
-36
-20
4
22
15
10
11
24
41
51
71
80
78
81
87
83
78
77
56
53
65
61
62
79
74
55
46
44
49
31
28
47
24
2
-9
-4
-7
-22
-6
-12
-17
-20
-29
-29
-39
-25
-35
-28
-24
-72
-82
-98
-121
-100
-86
-102
-97
-84
-80
-84
-100
-119
-109
-89
-106
-100
-80
-65
-46
-59
-62
-62
-74
-63
-51
-35
-31
-42
-20
-1
-3
2
7
16
7
28
61
47
48
59
73
84
89
102
78
52
62
89
93
72
80
89
84
96
120
132
132
137
131
135
139
127
116
95
96
96
104
124
101
69
49
40
43
52
63
80
89
72
61
58
57
36
8
4
9
7
20
10
-26
-21
-14
-19
-22
1
0
-24
-4
-20
-43
-33
-29
-44
-47
-30
-33
-22
-42
-55
-27
-18
-5
-7
-7
-4
-4
-15
3
-2
-54
-25
-15
-34
-18
1
13
4
3
12
51
66
39
60
86
66
62
63
59
67
58
72
67
50
68
53
74
119
114
85
100
118
76
84
80
48
58
74
44
28
61
29
25
38
7
28
33
19
33
44
14
0
11
-5
-13
-17
-20
-11
-24
-49
-54
-72
-69
-47
-47
-42
-27
-57
-76
-47
-62
-75
-61
-44
-32
-41
-35
-48
-59
-55
-67
-56
-45
-55
-59
-51
-28
-30
-41
-16
-16
-28
2
5
-23
-15
-8
-4
-3
-14
-5
-14
2
6
-2
12
-15
-4
26
15
33
36
20
13
-10
1
6
-5
11
20
20
21
15
26
23
21
6
-26
11
12
-23
-23
-31
-44
-42
-17
-33
-31
-27
-54
-47
-63
-57
-34
-38
-57
-67
-48
-56
-70
-60
-63
-68
-62
-68
-70
-94
-91
-74
-111
-90
-45
-60
-68
-53
-81
-92
-69
-100
-109
-94
-108
-97
-99
-130
-123
-85
-92
-107
-90
-85
-51
-42
-62
-49
-50
-82
-73
-37
-64
-52
-33
-57
-39
-42
-47
-33
-39
-45
-41
-27
-14
0
-8
0
13
7
-3
-3
15
15
19
10
15
45
26
15
24
-2
1
18
10
12
33
38
20
45
55
23
37
45
40
39
46
61
39
34
46
50
25
31
39
-9
21
18
-32
-4
12
13
9
13
16
18
6
8
14
6
23
16
35
51
47
40
19
47
35
1
28
31
30
39
30
52
78
80
70
65
78
53
60
88
64
37
48
95
75
53
83
77
86
90
81
71
69
72
75
111
107
90
93
91
98
89
106
82
55
82
81
84
90
89
100
92
62
59
67
75
72
42
43
55
60
60
51
19
7
28
46
47
23
37
36
41
47
31
56
49
32
42
30
-4
-21
-15
-18
-22
-11
-5
-12
-17
-9
-1
-14
-21
-25
-31
-23
-28
-29
-7
-8
-35
-34
-8
-21
-30
-9
1
-6
-19
-2
20
13
-23
-27
-1
-32
-35
-20
-10
6
-23
3
14
-16
2
-13
-36
-9
7
-14
-25
-19
-39
-22
8
-17
-22
-28
-48
-39
-7
-9
-53
-45
-33
-48
-62
-65
-46
-43
-65
-64
-66
-89
-94
-97
-103
-108
-109
-112
-85
-79
-97
-80
-91
-75
-67
-85
-83
-103
-83
-56
-76
-74
-55
-61
-58
-57
-66
-69
-65
-62
-73
-69
-74
-73
-43
-43
-56
-56
-39
-25
-32
-37
-16
-11
-41
-33
-15
-27
-40
-40
-25
-27
-32
-33
-55
-23
-28
-59
-20
-13
8
4
-34
-23
-27
-5
6
-23
3
-5
0
25
0
6
-3
25
29
11
43
12
6
20
28
36
49
63
39
36
21
21
42
37
34
31
59
79
66
82
92
49
37
42
34
42
42
64
47
44
63
28
51
50
1
18
39
29
16
32
24
-4
14
15
-2
-16
-24
-30
-28
4
15
-2
10
-17
-11
17
-21
-10
-28
-29
-18
-13
15
17
37
34
37
21
3
34
31
26
25
23
40
53
51
33
26
31
42
64
58
53
70
67
89
102
99
97
80
94
108
109
111
105
107
120
103
81
100
110
84
67
78
83
74
59
47
34
27
27
29
36
28
39
31
18
27
23
28
27
-17
-21
6
-5
-20
-36
-48
-53
-31
-28
-48
-13
-4
-26
-27
-34
-29
-24
-53
-83
-65
-51
-43
-22
-46
-27
-22
-28
9
3
5
-15
-26
-19
-20
-21
-33
-1
-17
-40
-3
-11
-25
16
25
4
22
9
0
13
4
-7
-19
-28
-23
-15
-29
-21
1
2
-6
1
4
-27
-34
-34
-45
-36
-17
-40
-57
-30
-44
-52
-48
-64
-55
-60
-48
-28
-40
-45
-56
-73
-79
-45
-60
-48
-29
-78
-22
-15
-29
3
-12
-25
-18
-2
-7
-8
-20
-15
-13
-17
-2
-10
-5
-14
-3
37
20
26
29
20
44
32
44
40
11
19
2
14
28
11
-4
18
38
1
14
14
-33
-17
2
-14
-13
5
-9
-14
1
13
20
-7
-15
-2
-32
-14
-2
-34
-15
-18
-15
-10
-14
-29
-26
-3
-36
-24
-9
-18
-11
-9
-5
-4
-2
-11
3
-2
-26
25
32
-10
6
11
-9
26
37
-3
3
33
28
11
32
21
17
27
0
12
0
-15
-3
3
-6
-5
-2
2
17
14
-1
-15
-15
1
12
-23
-31
-14
-31
-1
-1
-17
-11
-15
11
6
-11
-16
-7
-5
-6
1
7
-5
-11
30
50
43
41
57
65
47
49
32
31
45
14
19
37
42
53
64
65
47
67
60
79
100
63
75
68
86
61
44
60
40
82
56
24
51
45
27
7
19
27
14
13
37
43
20
38
41
17
38
47
30
37
28
-4
-16
-14
-17
-21
-9
-21
-10
35
49
24
12
14
4
-10
-16
12
-10
-35
0
-2
-20
-13
6
-7
-31
-23
-11
-18
-31
-29
-36
-41
-22
-47
-40
3
-39
-44
-39
-57
-28
-61
-73
-50
-64
-54
-73
-94
-92
-88
-105
-105
-89
-111
-113
-122
-112
-82
-109
-114
-109
-127
-109
-124
-134
-113
-120
-117
-113
-104
-81
-104
-77
-45
-103
-82
-53
-62
-38
-25
-33
-25
-14
-45
-43
-23
-17
2
3
5
18
20
30
40
36
48
43
55
73
58
75
66
70
103
88
106
110
121
129
92
111
103
95
101
91
99
103
91
80
86
69
71
80
60
97
94
61
81
58
37
54
59
31
18
38
47
47
39
29
-3
14
45
30
41
38
43
49
30
37
39
22
25
29
12
36
42
21
23
-2
-12
-1
9
10
-5
6
40
8
-11
7
-9
1
7
9
-2
-15
-2
1
-9
2
-2
-49
-48
-18
-23
-19
-12
-22
-31
-31
-31
-57
-76
-48
-56
-61
-47
-84
-90
-70
-76
-71
-62
-67
-82
-97
-75
-65
-93
-91
-91
-99
-86
-93
-95
-60
-74
-91
-66
-68
-60
-51
-72
-66
-66
-63
-37
-48
-28
-16
-36
-26
-45
-56
-31
-28
-40
-3
2
-16
32
30
16
21
34
28
-11
24
30
-10
26
41
8
17
21
30
33
25
41
39
44
42
32
37
42
48
54
39
10
4
34
45
24
29
22
14
34
43
34
31
35
16
26
53
41
38
36
16
28
20
-7
10
-2
-16
14
-3
-20
2
-6
-6
9
13
30
16
7
23
4
-19
-14
-1
-14
-27
4
20
-20
-34
-4
-6
-22
3
-2
-33
-50
-45
-12
-23
-22
-39
-68
-51
-66
-88
-66
-66
-84
-56
-38
-43
-63
-68
-40
-39
-38
-10
-19
-40
-35
-37
-27
-24
-59
-45
-14
-36
-18
18
-7
-1
8
2
17
7
30
49
43
39
62
72
31
48
59
40
39
87
112
73
55
80
104
86
99
110
111
117
101
110
105
106
109
106
111
112
117
108
108
98
89
94
94
90
84
78
61
67
75
93
91
80
83
72
77
67
57
46
41
43
48
50
48
47
55
85
75
63
59
32
32
60
60
35
25
35
21
20
40
43
77
63
51
63
34
52
49
38
37
24
37
24
27
44
33
38
57
40
23
47
41
26
41
35
-2
-10
-12
-17
-21
-24
-30
-62
-57
-51
-74
-77
-69
-84
-96
-69
-82
-115
-119
-121
-123
-131
-123
-132
-132
-132
-164
-134
-132
-128
-89
-103
-117
-141
-136
-118
-121
-135
-142
-129
-148
-145
-117
-87
-65
-71
-63
-76
-94
-90
-114
-102
-84
-77
-52
-59
-58
-47
-55
-45
5
20
-5
-16
-12
-5
-2
-2
-13
-16
-26
0
4
-14
-4
-30
7
35
11
2
20
24
-4
11
12
18
15
-4
5
4
-5
-2
1
-3
-19
-17
7
-10
6
1
-32
-10
0
6
-7
-26
-19
-1
6
-4
-9
-37
-38
-21
-25
-7
-15
-27
-15
-8
-1
-1
7
10
10
43
51
15
9
-5
-18
-29
-14
9
-21
-2
-6
-10
21
21
15
18
36
11
-1
-1
-23
-20
-10
-2
3
-16
-31
-5
5
-2
-17
-1
1
-21
5
-6
5
4
-18
-1
12
-10
-51
1
12
-11
19
-10
-20
-19
-19
-1
-17
12
30
-9
-7
20
6
-19
8
-1
-24
4
-14
-23
-23
-53
-28
-19
-19
-15
-29
-5
10
26
5
1
30
14
0
11
13
-23
-15
-11
-15
12
24
17
3
36
41
26
51
64
30
10
30
-7
-16
15
1
-3
40
56
17
13
19
20
41
52
63
80
53
33
36
26
47
49
62
77
84
95
66
93
86
53
86
67
45
65
67
52
67
72
63
75
66
75
89
93
103
65
31
51
55
56
52
37
38
43
53
23
34
66
54
64
57
56
50
35
44
53
26
5
48
43
22
26
22
18
16
36
29
27
42
27
-1
-14
3
-32
-22
16
-9
-8
11
15
-4
-1
-23
-37
-11
-41
-63
-41
-46
-47
-27
-38
-58
-61
-37
-27
-43
-23
-2
-17
-35
-30
-37
-57
-69
-62
-44
-66
-59
-46
-91
-89
-75
-67
-48
-39
-29
-51
-73
-79
-80
-86
-91
-67
-54
-43
-42
-58
-74
-76
-65
-38
-25
-53
-63
-67
-51
-30
-17
-19
-48
-29
-31
-35
-23
-21
-5
-22
-30
-46
-69
-61
-59
-49
-28
-22
-5
-12
-12
-13
-29
0
-6
-28
-11
-8
-31
-36
-37
-52
-36
-41
-23
6
-7
6
25
30
37
34
21
31
40
0
-2
21
-9
4
28
25
24
8
28
31
23
64
66
41
49
54
43
42
51
53
40
29
38
29
28
67
56
34
43
25
45
64
47
65
76
64
42
35
44
17
31
46
40
62
27
1
9
14
32
17
11
23
2
2
30
7
-29
-29
-13
-9
-40
-48
-27
-29
-43
-29
-44
-55
-24
-32
-13
-33
-44
-8
-29
-20
-31
-48
-19
-3
-20
-33
-15
-32
-40
-27
-41
-35
-37
-31
-5
-5
-4
-11
-11
15
-2
-28
-2
2
-21
-11
-9
-19
-17
-16
-6
-3
9
11
14
51
70
59
61
57
70
90
57
36
45
28
39
63
37
50
78
54
65
89
66
78
104
111
108
80
84
81
45
57
70
75
105
105
89
84
66
46
67
89
65
75
107
76
69
87
78
70
57
71
73
54
60
87
84
37
24
25
6
6
30
48
45
13
2
-13
-36
-8
-31
-39
-11
-13
-21
-36
-32
-67
-74
-47
-69
-66
-63
-71
-61
-72
-68
-89
-89
-35
-68
-70
-42
-38
-40
-57
-41
-86
-85
-53
-81
-80
-77
-69
-95
-80
-41
-94
-116
-84
-86
-102
-90
-71
-81
-84
-66
-86
-83
-75
-109
-75
-72
-74
-41
-71
-50
-33
-63
-70
-72
-77
-72
-56
-52
-61
-48
-43
-65
-64
-38
-21
-35
-31
-30
-60
-33
-32
-69
-73
-52
-52
-68
-46
-50
-46
-11
2
2
-11
10
17
-8
13
5
-2
25
14
9
4
17
18
17
14
8
38
41
51
53
26
32
46
35
46
80
65
39
48
30
8
27
16
15
37
36
54
16
2
9
-13
16
58
57
57
89
67
34
29
18
21
16
7
6
5
4
17
9
8
23
5
10
39
10
0
20
19
32
30
8
2
-6
0
-7
-5
-1
-32
-30
-28
-13
-10
-26
10
29
16
10
19
14
4
3
-17
-22
-6
-12
-18
-25
-25
-22
-45
-20
-9
-48
-47
-29
-36
-45
-23
-43
-44
-31
-41
-8
-37
-57
-33
-47
-54
-38
-32
-57
-42
-1
-17
-32
-8
-1
-5
5
15
0
13
46
19
23
37
34
40
46
61
33
57
61
32
67
70
60
55
73
80
76
95
98
103
98
111
128
100
111
119
96
96
84
75
76
91
97
61
55
80
71
74
106
113
88
101
100
65
85
80
57
42
29
24
-9
12
29
5
23
16
-12
12
11
-9
22
33
13
-3
-25
-13
-22
-44
-4
-7
-37
-18
-26
-20
-7
0
4
-15
3
-2
-4
6
-10
18
32
4
10
18
5
-1
-15
-21
-14
-15
1
0
-20
-3
13
-2
-7
-17
-17
3
-14
-31
-23
-16
-34
-31
-16
-43
-48
-29
-28
-39
-28
-26
-34
-19
-26
-37
-48
-26
-33
-67
-21
-43
-78
-48
-42
-58
-52
-32
-69
-58
-53
-46
-14
-41
-33
-22
-46
-39
-34
-58
-39
-24
-47
-42
-41
-45
-21
-8
-21
-8
-19
-31
-21
-17
-14
-35
-27
-16
-19
-21
-16
-12
-23
-9
2
-28
-26
2
-34
-26
4
-26
-8
14
-20
-18
9
-10
8
34
-1
0
34
20
9
25
26
8
-6
4
2
-8
13
20
-3
3
27
11
16
43
11
17
51
17
2
14
14
-1
-13
0
6
9
23
14
1
-4
2
9
-10
-1
-3
-27
-1
6
-21
-3
-3
-52
-42
-30
-51
-64
-73
-62
-84
-95
-54
-65
-92
-47
-31
-77
-70
-41
-62
-50
-47
-82
-57
-63
-88
-54
-59
-70
-51
-35
-31
-44
-40
-34
-28
-32
-27
-12
-19
-17
5
2
3
14
1
20
9
4
45
28
11
20
15
11
16
22
21
22
26
39
73
57
49
64
47
49
27
14
12
5
16
8
25
16
5
35
36
27
30
32
30
36
44
38
28
18
21
3
-24
-15
-17
-32
-14
-24
-26
-1
-33
-10
13
-15
-21
-24
-19
-29
-20
-29
-8
8
-24
-1
-9
-21
-17
1
33
13
23
23
2
34
27
13
46
69
72
90
104
72
54
56
52
34
42
75
53
45
74
55
47
59
76
82
80
76
46
72
66
37
69
62
53
55
45
49
22
25
52
35
43
27
32
35
1
28
5
-23
13
15
0
-10
-13
-3
-17
-30
-14
-21
-42
-40
-55
-72
-60
-75
-75
-55
-87
-73
-54
-77
-59
-68
-73
-55
-71
-66
-42
-46
-37
-44
-69
-50
-53
-46
-34
-60
-39
-29
-72
-56
-23
-38
-10
-2
-17
-9
4
28
-7
-9
8
-11
8
34
10
-1
15
9
8
-3
-9
-5
14
29
22
31
38
35
38
58
53
34
43
25
23
23
24
52
27
22
37
19
9
22
26
25
30
18
33
19
18
57
42
21
39
25
12
27
-12
-12
0
-30
-6
-4
-23
9
19
15
6
2
3
10
33
12
2
5
-13
-15
-13
-21
-49
-27
18
-7
-26
-17
-19
-36
-35
-14
-10
4
7
-4
-28
-35
-37
-68
-41
-63
-97
-49
-72
-47
-10
-64
-51
-63
-58
-19
-60
-38
-36
-81
-55
-43
-65
-63
-39
-71
-90
-67
-73
-61
-68
-36
-19
-71
-16
3
-23
-18
-50
-29
-29
-26
-9
-19
-4
5
-11
-24
0
-18
3
23
-7
10
-1
5
28
3
-14
-3
-12
-16
-26
-36
11
18
-23
-18
6
-8
5
39
44
54
32
22
47
32
36
54
43
15
-18
5
23
20
4
0
45
57
73
88
110
102
82
99
62
85
99
67
56
67
82
63
86
105
82
79
109
90
110
159
110
106
158
145
114
152
147
125
133
111
98
104
102
60
45
58
61
59
50
67
89
104
89
66
69
75
72
62
53
28
2
-2
7
21
14
-4
-1
0
-48
-56
17
-15
-66
-15
-4
-22
-20
-25
-24
-17
9
-13
-23
-12
-56
-37
-52
-107
-124
-125
-116
-125
-112
-105
-126
-127
-123
-131
-111
-76
-67
-81
-87
-62
-42
-24
-53
-95
-64
-71
-69
-55
-76
-74
-68
-55
-81
-64
-38
-58
-56
-23
-18
-18
27
49
45
42
2
-26
-36
-63
-99
-108
-16
-366
-446
105
299
259
110
71
126
285
447
262
-65
-196
-76
55
118
19
-55
-169
-207
-29
-42
36
243
176
-25
-101
49
156
-32
-209
-205
-152
9
156
-73
-302
-267
-191
-24
-106
-295
-205
45
290
250
128
132
104
119
242
186
-21
-188
-282
-217
-285
-354
-238
-282
-319
-246
-140
18
-47
-56
89
68
145
256
194
158
125
34
17
37
18
-17
-87
-94
-15
9
73
129
98
-1
-180
-226
-248
-318
-251
-133
-137
-190
-117
-8
-29
-108
-114
-141
-125
7
49
52
81
44
-4
2
6
43
28
10
93
25
-77
-107
-131
-192
-229
-195
-202
-149
-134
-167
-132
-79
-72
-109
-132
-127
-148
-182
-200
-220
-193
-187
-150
-90
-83
-2
23
-4
33
37
81
137
153
151
172
226
267
327
353
338
324
303
281
254
259
254
215
199
198
212
199
143
126
129
108
195
241
225
287
298
341
323
306
363
319
335
289
240
282
255
268
304
287
253
291
216
175
227
138
169
179
74
-10
-2
35
-71
-43
-7
-63
-37
-43
-110
-159
-161
-204
-191
-174
-208
-197
-184
-199
-276
-257
-195
-169
-172
-171
-190
-286
-266
-247
-305
-319
-241
-189
-207
-161
-147
-150
-183
-190
-155
-127
-83
-107
-120
-110
-113
-94
-68
-44
-19
3
-5
2
61
65
55
108
67
30
69
76
104
96
60
70
91
106
126
145
139
117
104
117
98
39
41
36
-2
41
45
12
54
34
-15
-14
5
-18
-31
31
64
53
47
65
66
48
44
-3
-16
-5
-1
17
-5
-14
-33
-13
44
-19
-31
-10
-61
-40
-49
-73
-65
-86
-91
-83
-70
-67
-51
-32
-18
-13
-22
22
21
3
35
34
49
58
55
64
66
74
90
111
87
86
104
93
106
81
59
82
75
100
107
97
87
81
114
68
82
99
60
97
60
39
64
20
-5
12
-1
1
50
20
6
4
-33
-14
-29
-34
-36
-27
9
-37
-35
-41
-109
-81
-70
-79
-54
-110
-162
-146
-135
-142
-183
-162
-124
-181
-139
-69
-123
-154
-138
-149
-130
-120
-124
-128
-160
-176
-209
-195
-138
-104
-98
-78
-72
-96
-39
0
-23
-48
-63
-63
-53
-53
-51
-18
-44
-72
-67
-66
-56
-47
-2
3
3
13
11
47
35
30
54
48
41
42
59
74
70
54
21
12
55
91
92
115
125
80
62
63
73
88
65
66
51
5
35
41
30
39
12
10
-19
-11
36
6
-19
-34
-27
-33
-73
-50
-32
-49
-20
6
0
0
-22
-59
-77
-91
-107
-90
-56
-30
-16
-43
-60
-98
-120
-78
-50
-62
-63
-72
-77
-26
-17
-17
-6
-44
-24
16
-1
0
0
-11
10
27
19
-5
-13
13
37
38
48
68
61
56
25
-8
-6
9
44
57
54
26
18
35
6
-1
27
23
1
39
43
9
-8
-15
2
-25
-31
-10
5
27
31
26
33
32
3
6
7
-36
-47
0
24
39
54
46
47
17
-19
-35
-22
12
14
27
49
43
46
60
39
28
48
46
38
22
31
26
15
54
64
72
69
33
38
41
42
72
103
125
91
84
66
28
62
53
60
77
57
53
28
45
66
66
110
150
129
71
48
38
28
17
27
54
46
52
64
83
69
25
19
12
8
0
5
5
-2
24
14
17
25
8
-8
-23
-3
-14
-17
24
-2
-23
6
-2
-12
-28
-53
-6
21
-15
3
15
-7
-27
-20
-5
-46
-48
-23
-33
-23
-29
-68
-46
-14
-32
-16
-44
-101
-101
-105
-85
-79
-60
-20
-18
-20
-24
-22
-26
-35
-36
-37
-38
-55
-60
-35
-41
-67
-45
-26
-45
-56
-31
-16
-19
-44
-71
-42
-50
-37
-15
-3
9
-21
-17
-30
-57
-40
-9
-20
-29
-13
-29
-38
-22
-13
-15
7
15
-1
41
24
-38
-4
-16
-43
22
36
9
-14
-17
-11
-18
-1
-22
-24
7
20
17
4
29
12
-18
7
-9
-18
-4
-27
-9
38
21
4
15
3
-18
-7
-9
-21
11
20
-8
-16
6
1
-25
3
-2
-42
-32
-12
-23
-45
-44
-35
-22
-7
-25
-41
-10
-14
-35
3
9
-21
-11
-10
-8
-5
-15
-4
1
-15
-22
-34
-48
-38
-34
-27
-1
-27
-52
-27
-38
-49
-56
-47
-2
-10
-24
-14
-21
-20
-35
-43
-40
-68
-45
-27
-49
-14
29
16
4
15
-2
2
-7
-13
2
-6
21
53
15
-11
-21
-35
-17
8
15
2
15
14
5
35
20
16
29
11
23
15
-6
-23
-33
-7
-2
5
-9
-21
0
-1
12
-2
-24
-8
-17
-10
-21
-38
-26
-35
-22
-6
-23
-41
-57
-54
-40
-21
7
-6
-24
8
11
