0
0
-1
0
0
0
0
-1
0
0
0
0
0
0
0
0
0
0
0
0
0
0
-1
0
0
0
0
0
0
0
0
0
1
0
-1
0
0
0
0
0
0
0
0
0
0
0
0
0
0
0
0
0
0
0
-1
0
0
0
0
0
0
0
0
0
0
0
0
0
1
0
0
0
0
0
0
0
1
0
0
0
1
1
0
0
0
-1
1
1
0
0
0
0
0
0
0
1
0
0
0
1
0
0
0
0
0
-1
0
0
0
0
0
0
0
0
0
0
-1
-1
-1
0
0
0
0
-1
0
0
0
0
0
0
0
0
0
1
0
1
0
0
0
0
0
0
1
-1
0
1
-1
0
0
0
0
0
0
0
-1
0
0
0
-1
0
-1
0
0
0
0
0
-1
0
0
0
0
0
0
-1
0
0
0
0
0
0
0
0
-1
-1
0
0
0
0
0
1
0
0
0
0
0
-1
0
0
0
0
0
0
0
0
0
1
0
1
0
0
1
-1
1
0
0
0
-1
-1
0
0
0
-1
0
-1
0
0
0
-1
0
0
0
0
1
0
0
0
0
0
0
1
0
1
0
0
0
0
0
0
1
0
0
0
1
1
0
0
0
0
0
0
0
0
-1
1
0
0
0
0
0
0
0
1
0
0
-1
0
0
0
-1
-1
0
0
1
0
-1
0
0
0
0
0
0
-1
-1
0
0
-1
1
0
1
0
0
0
0
0
0
1
0
0
0
-1
0
0
0
0
0
1
-1
0
0
0
0
0
0
0
0
0
1
0
0
0
0
0
0
-1
0
0
-1
0
0
-1
0
0
0
0
0
0
0
0
1
0
0
-1
1
0
0
-1
-1
0
0
0
1
-1
0
0
0
-1
1
0
0
0
1
-1
0
0
0
0
0
0
0
0
0
0
0
-1
0
0
0
0
0
0
0
0
0
0
1
-1
0
0
-1
1
0
0
0
0
0
0
0
0
0
0
0
0
0
0
-1
0
0
0
0
0
0
0
-1
0
0
0
-1
0
0
-1
-1
0
0
0
0
0
1
1
-1
0
-1
0
0
0
0
0
0
0
0
1
0
0
0
0
-1
1
0
0
1
0
0
0
0
0
1
1
0
0
0
0
0
-1
0
-1
1
0
1
0
0
1
0
0
1
0
0
0
1
-1
-1
1
0
0
0
-1
0
0
1
0
0
0
0
0
0
-1
0
0
0
-1
0
0
1
1
-1
0
0
0
0
0
0
0
0
0
-1
1
0
0
1
0
0
0
0
1
-1
0
0
0
0
-1
1
0
0
-1
0
0
0
0
0
-1
0
-1
1
0
0
1
0
0
0
0
0
0
0
0
-1
0
0
0
1
0
1
0
0
0
0
-1
0
0
1
1
0
0
0
-1
-1
0
0
0
-1
0
0
1
0
1
0
0
1
0
0
1
0
0
0
0
0
0
0
0
0
0
0
-1
1
0
0
0
0
0
0
0
0
0
0
-1
0
-1
0
0
0
0
0
-1
0
0
0
1
0
0
0
0
0
0
0
0
0
-1
1
1
-1
0
0
0
0
0
0
0
0
0
0
0
0
0
-1
0
0
0
0
0
0
0
0
-1
0
0
0
0
-1
0
-1
0
0
0
0
0
-1
0
0
-1
0
0
0
1
0
0
0
0
0
0
1
0
0
0
0
0
1
0
0
0
1
1
0
0
0
0
0
0
0
0
1
1
1
0
0
-1
0
0
0
-1
-1
0
0
0
0
0
0
0
0
0
0
0
0
0
0
0
0
0
0
0
0
0
1
1
1
0
-1
0
0
0
0
0
0
1
-1
-1
0
0
0
0
0
1
0
-1
0
0
0
0
0
0
0
0
-1
0
0
0
0
1
0
0
0
0
0
-1
1
1
0
0
0
0
1
0
0
0
0
0
0
0
0
0
0
0
0
1
0
0
0
0
0
0
1
0
0
0
0
0
0
0
0
0
0
1
0
-1
0
0
0
0
-1
0
0
0
0
0
0
-1
0
0
-1
0
0
0
-1
1
0
0
0
0
0
0
0
0
0
0
0
0
0
-1
0
-1
0
0
0
0
0
0
0
0
0
1
0
0
0
0
0
0
0
0
0
0
0
1
0
0
0
0
0
0
0
0
0
-1
0
0
1
0
0
0
0
0
0
0
1
0
0
0
0
0
0
-1
0
1
0
0
0
0
0
0
0
0
-1
0
0
0
0
0
0
0
0
1
0
-1
0
1
0
0
-1
0
0
0
0
-1
0
0
0
0
1
0
0
0
0
0
0
0
0
-1
0
0
0
0
0
0
0
0
0
1
0
0
0
0
0
1
0
0
1
0
1
-1
0
0
0
0
0
0
0
0
-1
0
-1
-1
0
0
0
0
0
0
0
0
0
0
-1
0
-1
0
0
0
0
0
0
-1
0
0
0
0
0
0
0
0
0
0
0
0
0
0
0
0
0
1
1
0
-1
0
0
0
0
0
0
0
0
0
0
0
0
0
0
0
0
1
0
0
0
0
0
1
0
0
0
0
0
0
0
-1
-1
0
0
0
0
0
-1
-1
0
0
0
-1
1
0
0
-1
0
0
0
0
0
0
0
0
0
0
0
0
0
0
0
0
1
0
0
-1
0
0
0
0
0
0
1
0
0
-1
-1
0
0
0
0
-1
0
0
0
0
0
1
0
0
1
0
1
0
0
0
0
0
0
-1
0
0
0
0
0
0
1
0
0
0
0
0
0
-1
-1
0
-1
0
0
0
0
0
0
0
0
0
0
0
0
0
0
-1
0
0
0
0
1
0
0
0
0
0
0
0
0
0
0
-1
1
-1
0
0
0
0
0
0
0
0
1
0
1
0
0
0
1
-1
0
0
0
0
0
0
0
0
0
0
-1
0
0
0
0
1
1
0
1
0
0
0
0
0
0
0
0
0
0
-1
-1
-1
-1
0
0
0
0
0
-1
0
0
0
0
0
-1
0
-1
0
1
0
0
1
0
0
-1
0
-1
0
0
0
-1
0
1
-1
0
0
0
0
-1
0
1
0
-1
1
1
0
1
-1
0
0
1
0
0
-1
1
0
0
1
0
0
0
0
1
0
0
0
0
1
0
-1
0
-1
0
1
0
1
-1
0
1
0
0
0
0
0
-1
0
0
0
0
0
0
0
0
0
0
-1
0
1
0
1
0
-1
0
0
1
0
0
0
0
0
0
-1
0
-1
0
0
0
0
0
0
0
1
0
1
0
0
0
0
0
-1
0
0
0
0
0
-1
0
0
0
0
0
0
1
0
0
0
0
1
0
0
0
0
0
0
0
0
0
-1
0
1
0
0
0
0
0
0
0
0
0
0
0
0
0
0
0
-1
1
0
0
0
-1
0
0
0
1
0
0
0
-1
0
0
0
0
1
1
0
1
0
0
-1
0
-1
0
0
0
0
0
0
0
0
0
0
0
0
0
1
0
0
0
0
0
0
0
0
0
0
0
0
0
0
0
0
0
0
1
0
0
0
1
0
0
0
0
0
0
0
0
1
1
0
0
1
0
0
0
0
0
1
0
0
-1
1
0
-1
-1
0
0
0
0
0
1
0
1
0
0
0
1
0
-1
0
-1
0
0
-1
0
0
0
-1
0
0
0
0
0
0
0
0
1
-1
0
0
0
0
-1
0
0
0
0
0
1
0
0
0
0
0
0
0
0
1
1
0
0
0
0
0
0
0
0
0
1
0
-1
0
0
0
0
0
0
0
0
0
0
1
0
1
1
1
0
0
0
0
0
0
0
0
0
0
0
0
-1
0
0
0
-1
0
-1
0
0
0
0
0
0
0
-1
1
-1
-1
-1
-2
-1
0
1
1
1
0
1
1
0
0
0
0
0
1
1
0
1
1
1
1
0
1
1
0
1
0
0
0
0
0
0
-1
0
-1
0
-1
0
-1
0
-1
0
0
-1
-1
-1
0
-1
-1
-1
-1
-1
-1
-1
-1
-1
-1
0
-1
-1
0
0
-1
0
-1
-1
-1
-1
0
0
0
0
0
0
1
-1
1
1
1
0
0
1
1
1
0
1
1
1
1
0
1
1
1
1
1
1
1
1
1
1
1
1
1
1
1
0
0
0
1
0
0
1
1
1
1
0
0
0
1
0
0
-1
0
-1
-1
-1
-1
-1
-1
0
0
-1
-1
0
-1
-1
0
0
-1
-1
-1
0
0
-1
0
-1
-1
0
0
0
0
-1
-1
0
0
0
0
0
0
-1
0
0
-1
-1
0
-1
-1
-1
0
0
0
-1
0
-1
-1
-2
0
0
0
0
-1
-1
-1
0
0
0
0
0
0
0
0
0
1
0
0
0
1
0
1
0
0
0
0
1
1
1
1
0
0
0
1
1
1
1
0
1
1
0
1
0
1
1
0
1
1
1
0
1
0
0
0
0
0
1
0
0
1
0
0
0
1
1
0
0
0
0
0
1
0
1
0
1
1
0
0
0
0
0
1
1
0
1
0
0
1
1
0
1
1
1
0
-1
0
-1
-1
-2
-1
-1
-1
-1
-1
0
0
0
-1
1
0
-2
-3
-2
-1
-2
0
-2
-1
-1
-1
-1
-2
-2
-2
-1
1
0
0
0
-1
-1
-2
-2
-3
-2
-3
-2
-2
-2
-4
-2
-2
-1
-1
-1
0
-2
-3
-1
-3
-4
-2
-2
-2
-2
-1
-1
-2
-3
-1
-3
-2
-2
0
-3
0
0
-1
1
3
4
4
6
3
2
2
3
4
3
2
6
3
2
5
3
5
4
6
6
3
9
6
4
-1
0
-1
-4
-4
-5
-3
-5
2
8
3
4
0
-1
-3
-1
0
-3
-7
-2
0
-3
1
1
-1
-3
3
1
-5
-1
0
-1
-3
-2
3
-3
-6
-7
-10
-7
-6
-3
-8
-5
-5
-12
-11
-2
6
6
1
-2
-7
-16
-19
4
6
12
13
11
9
1
1
-4
-7
5
7
8
19
28
33
24
32
33
17
21
24
19
20
11
31
15
28
16
41
28
29
56
37
22
29
37
23
20
31
24
21
7
-1
-44
-47
-41
-55
-43
-55
-24
-24
-40
-43
-37
-61
-88
-83
-72
-74
-51
-65
-42
-75
-86
-76
-70
-76
-60
-41
-47
-32
-45
-29
-40
-24
-43
-26
-22
0
-9
10
17
0
23
15
29
35
63
74
76
96
83
67
67
60
62
52
85
68
80
73
66
68
76
47
36
51
28
35
41
34
18
27
6
2
-17
-34
-36
-24
-10
8
6
-14
-35
-46
-67
-79
-81
-80
-63
-39
-39
-11
-28
-27
-8
-32
2
-10
8
-27
-38
-18
-27
0
-17
5
-1
-2
5
33
45
35
59
39
65
41
20
35
16
20
57
44
30
30
8
10
21
11
16
59
44
35
38
26
-16
-21
-10
-10
-7
10
0
8
-8
-6
-15
-29
-27
-40
-29
-41
-21
-22
-10
-21
-38
-25
-21
-31
-1
-12
-7
-35
-37
-46
-59
-36
-70
-49
-66
-47
-47
-22
-20
-12
0
-13
-11
-12
-18
-11
-5
-12
-4
1
2
18
10
12
26
3
4
-6
19
6
26
23
27
22
14
3
-19
-10
-32
-5
-10
0
0
28
22
21
13
16
5
-19
4
-2
-4
-16
9
7
18
38
33
29
22
20
24
55
30
46
32
39
49
34
39
51
48
35
43
13
14
9
39
8
23
28
27
15
18
14
-1
25
15
38
30
5
-3
8
-10
-9
-8
-5
18
-12
-3
3
14
-9
1
-15
-26
-37
-25
-27
-44
-36
-68
-58
-63
-60
-48
-54
-47
-64
-70
-22
-41
-48
-29
-44
-53
-64
-61
-71
-43
-61
-51
-56
-28
-17
-37
-18
-17
-12
-39
-14
-8
-2
0
18
17
16
7
-12
9
-6
32
49
60
51
46
32
34
24
49
66
71
91
100
57
41
37
34
38
17
31
35
44
35
50
67
42
49
46
43
27
29
18
49
28
22
22
8
-6
-19
4
-18
-12
-44
-14
-33
-34
-15
-39
-46
-57
-50
-41
-14
-27
-44
-56
-85
-97
-99
-64
-56
-37
-33
-10
-18
-61
-39
-45
-53
-25
2
11
8
7
-2
-16
-14
3
9
21
17
39
19
25
23
29
31
27
36
19
35
27
45
46
40
40
34
17
36
24
12
26
31
27
22
33
51
45
36
42
9
12
-12
-6
12
1
2
11
0
-17
-32
-35
-22
-30
-9
-9
5
-9
-4
-31
-30
-28
-52
-47
-63
-35
-29
-22
-19
-24
-25
-50
-52
-36
-43
-37
-38
-42
-26
-27
-21
-23
-6
1
18
6
-2
18
-8
17
-4
14
22
25
42
50
35
11
23
41
29
39
51
52
64
57
49
44
39
25
13
36
53
27
70
54
48
41
33
7
-1
-13
-28
4
-3
-6
-4
-12
-36
-36
-41
-43
-32
-25
-20
-34
-21
-65
-59
-61
-61
-44
-39
-13
-11
-20
-44
-12
-55
-49
-52
-39
-32
-37
-24
-30
-33
-26
-25
-18
-10
1
23
27
47
39
26
40
12
-15
6
14
23
19
29
13
33
37
45
38
35
47
28
25
30
14
45
16
25
27
-15
7
3
8
-4
9
14
11
2
-16
-1
-13
-10
-13
-9
-4
-13
-18
-6
-10
-12
3
-12
2
9
0
16
-1
-20
-20
-23
-9
-45
-18
-6
-11
-11
-4
-2
-8
7
25
12
8
34
4
9
19
16
25
19
17
11
9
28
40
44
40
41
19
8
27
27
22
20
17
7
18
17
21
31
26
29
9
15
-6
-38
-32
-38
-52
-37
-42
-42
-42
-61
-55
-64
-63
-77
-57
-68
-74
-40
-41
-36
-19
-8
-61
-57
-73
-79
-64
-62
-37
-17
-14
-39
-18
-33
-23
-13
-6
20
43
34
27
22
-9
9
-2
14
18
29
22
66
72
77
96
84
112
80
96
60
60
45
46
47
33
39
41
61
41
37
45
21
25
28
35
48
50
56
61
61
48
2
-6
-27
-39
-18
-22
-11
-27
-9
-28
-9
-40
-21
-38
-57
-45
-54
-44
-82
-57
-76
-79
-70
-82
-75
-53
-34
-37
-34
-43
-29
-50
-18
0
-21
-1
-37
-36
-32
-4
-7
7
-3
-2
18
23
12
16
27
36
50
49
42
35
28
5
-1
-4
-4
-1
21
34
23
22
27
7
4
21
14
27
24
-6
-11
-8
-21
-2
23
0
-4
3
-12
-36
-24
1
-11
12
11
15
-11
-14
-12
1
10
-3
-8
-12
-23
-32
-13
-2
9
-1
10
7
14
23
27
42
34
40
34
19
8
5
10
21
40
25
16
17
13
23
29
43
40
28
31
35
34
24
3
17
14
19
10
0
1
-29
-8
-41
-51
-44
-30
-43
-41
-39
-45
-48
-55
-42
-58
-42
-32
-31
-41
-50
-59
-68
-95
-77
-59
-55
-25
-44
-34
-41
-18
-20
-4
7
11
24
10
-4
-5
-10
-5
3
19
40
40
39
42
27
46
50
47
69
73
81
79
76
70
90
45
38
39
37
38
45
49
37
63
37
24
21
27
20
23
23
19
8
-7
-13
-26
-7
-35
-12
-28
-46
-32
-37
-40
-38
-49
-44
-53
-49
-42
-54
-40
-48
-40
-14
-28
-16
-21
-48
-27
-11
-7
-19
-1
-16
-7
-17
-34
-24
-14
-15
11
33
22
3
11
14
-24
9
-1
3
8
-8
-11
-25
-14
-20
-10
-16
-12
-12
2
-10
8
20
9
27
21
34
1
3
-2
-14
-34
-6
5
18
14
21
9
-19
19
19
26
49
48
37
35
25
10
7
12
25
22
12
27
29
22
3
22
-1
9
-8
18
15
-1
15
6
-2
-18
20
-12
-3
-13
-15
-1
-6
0
10
14
9
6
-9
9
-2
-17
-17
-26
-9
-11
8
25
9
23
26
17
21
15
6
-6
-21
-14
-9
2
5
-6
0
2
-7
-21
-4
-27
-6
-11
18
0
31
25
-12
-7
-34
-51
-55
-52
-54
-30
-11
-5
-34
-15
-13
-22
-6
7
-10
-10
-22
-39
-51
-21
-42
-29
-27
-20
-30
-27
-6
-32
-26
-32
-19
-16
-6
5
-15
-9
-2
-15
-9
-13
9
5
24
23
34
22
8
26
32
47
49
84
74
75
65
66
67
62
58
59
37
53
35
55
31
37
57
44
49
41
28
1
1
-8
-2
-28
-24
-8
-19
-7
-30
-16
-36
-34
-47
-49
-39
-34
-21
-46
-34
-44
-35
-67
-49
-38
-40
-37
-8
-30
-38
-31
-45
-26
-24
-14
-25
-7
-34
-45
-38
-48
-41
-34
-8
2
29
21
48
41
38
59
57
46
42
26
13
19
4
13
26
46
50
59
84
53
26
16
14
0
26
36
32
45
21
26
2
-11
-28
-18
-32
11
30
-2
-17
-27
-40
-42
-43
-21
-29
-38
-27
-39
-18
-13
-10
-33
-19
-17
0
-24
0
-11
-13
-1
4
8
11
10
15
22
6
17
11
9
-23
7
13
16
22
23
18
6
-10
-23
6
-7
-11
4
-9
-7
-6
-11
-11
-8
-27
-26
-28
-43
-42
-37
-53
-26
-20
-27
-25
-17
-20
-15
-30
-39
-5
-17
-1
12
10
11
4
13
-4
32
40
29
30
45
8
30
18
14
31
29
29
49
30
37
43
41
37
33
39
25
19
21
34
14
24
10
30
29
24
35
25
25
6
-5
13
4
-9
-15
-5
-30
-33
-19
-27
-8
-6
-5
-34
-32
-47
-57
-48
-32
-28
-16
-13
-26
-39
-46
-46
-27
-38
-30
3
-12
0
-3
3
-3
13
0
-4
-3
3
-5
17
12
6
16
-12
-3
-17
-15
-1
2
1
28
-8
18
19
-22
-3
-9
16
-17
1
4
6
5
-7
3
-13
16
-10
9
4
26
11
18
18
21
22
12
31
25
53
51
65
46
30
38
31
27
10
6
-12
0
-15
-2
-5
5
18
10
14
26
14
15
5
7
19
-21
-8
-31
-45
-37
-23
-30
-34
-58
-36
-31
-32
-40
-46
-51
-77
-56
-66
-47
-74
-61
-61
-56
-59
-61
-51
-70
-49
-60
-33
-26
-26
-14
9
8
7
14
21
30
12
35
38
17
37
33
30
29
61
50
62
93
72
92
70
76
67
78
86
68
91
71
94
56
45
69
45
50
45
56
39
12
41
23
20
25
25
16
21
5
20
10
-7
-9
-41
-33
-60
-50
-63
-46
-55
-34
-43
-27
-43
-39
-46
-63
-76
-60
-63
-65
-60
-79
-79
-80
-90
-83
-81
-90
-73
-66
-57
-38
-48
-52
-46
-32
-35
-1
-19
-20
-21
-27
-24
-25
5
10
46
40
71
45
42
42
34
54
31
78
63
45
66
54
56
65
81
75
73
43
49
27
16
50
47
92
62
54
51
15
7
25
13
7
21
22
33
9
22
-15
-11
-9
-15
-24
-23
-13
-19
-10
-16
-19
-49
-47
-42
-32
-51
-23
-53
-48
-33
-40
-41
-30
-30
-48
-44
-33
-39
-50
1
-17
-6
-24
-38
-24
-28
-22
-15
14
3
17
23
10
-4
18
24
11
38
40
27
23
11
25
13
26
24
15
5
12
0
-6
17
16
17
20
18
0
-22
-8
2
5
29
25
16
0
-15
-25
-58
-31
-33
0
-14
6
-3
-48
-12
-51
-16
-2
20
18
6
17
-2
-19
-2
-22
-9
7
2
18
-11
12
-4
-5
-7
10
5
26
27
28
45
56
39
31
14
16
20
-3
18
11
13
18
43
31
36
30
38
40
50
60
42
52
16
43
5
3
1
-7
-2
-21
19
12
-1
-9
18
-24
-16
-15
-33
-31
-42
-62
-58
-45
-72
-64
-80
-59
-54
-50
-66
-81
-72
-85
-59
-49
-46
-44
-47
-83
-78
-74
-73
-57
-37
-24
-1
2
1
-12
-30
-34
-20
-10
18
25
12
18
10
10
-10
8
21
23
41
86
64
67
90
73
60
60
67
80
49
68
92
69
96
99
108
107
102
66
53
52
68
59
68
72
45
42
25
12
12
19
36
38
44
37
8
12
-1
-23
-29
-31
-31
-49
-60
-45
-65
-78
-91
-84
-88
-83
-59
-71
-65
-79
-58
-79
-89
-67
-81
-71
-48
-33
-49
-44
-46
-47
-35
-47
-31
-19
-15
-5
-23
-17
-18
-30
-36
-27
-7
-11
-3
-4
21
7
10
42
21
14
-4
-2
-8
-8
32
37
58
58
44
43
46
27
19
48
38
48
42
50
53
35
33
36
46
28
22
27
28
11
13
28
30
33
24
16
11
8
23
-21
-25
-20
-51
-47
-46
-37
-28
-31
-9
-28
-23
-26
-43
-42
-46
-26
-3
9
1
8
-11
-18
-12
-3
-1
12
21
23
30
19
33
20
38
47
53
57
57
46
40
29
35
42
39
54
49
32
30
5
-26
-15
1
19
15
19
27
10
-38
-46
-67
-58
-63
-30
-12
-15
-13
-28
-32
-61
-54
-53
-17
-5
-9
-12
-45
-40
-60
-57
-56
-40
-27
-45
-32
-41
-41
-48
-28
-26
10
-1
18
9
-20
-34
-41
-39
-28
21
13
35
10
-8
-7
-33
-7
13
37
28
53
44
18
21
8
28
35
39
32
57
28
37
45
31
25
26
39
32
43
25
33
17
23
7
18
9
14
0
10
21
-11
-12
-18
-17
-4
10
23
16
11
12
-13
-33
-38
-41
-12
-7
8
28
13
5
-8
5
-19
-2
10
-1
-6
-8
-5
-21
-35
-28
-20
-17
-2
0
11
15
-2
10
3
4
-6
18
10
9
3
-10
-6
-29
-9
-4
6
6
3
13
16
1
12
4
4
-4
2
-14
-28
-22
-22
-56
-37
-26
-21
-35
1
-9
-15
5
-27
-5
-21
-1
-2
5
3
-1
10
15
9
15
15
17
9
0
10
19
21
-1
7
-11
-6
11
9
12
-5
-9
-11
-13
2
3
21
11
-3
-1
0
4
-12
-3
-12
-13
-3
-24
-14
-2
-2
13
30
6
25
-6
-13
-8
-11
-18
-7
0
0
38
3
11
4
-16
-17
3
9
3
32
29
47
31
17
41
5
3
10
13
7
10
16
13
23
37
37
37
26
35
18
0
20
3
2
26
5
17
0
-4
-14
-30
-22
-40
-32
-22
-21
-6
-11
-24
-1
-3
-8
-13
-23
-40
-53
-63
-60
-56
-44
-65
-54
-29
-62
-51
-41
-38
-26
-36
-20
-32
-29
-5
10
25
12
10
-9
-22
-11
0
7
10
17
19
25
6
28
15
35
58
56
50
37
22
14
10
19
43
49
48
56
33
39
15
8
18
18
54
63
49
44
19
9
-2
-2
4
-4
29
14
-6
-9
-23
-37
-16
-21
5
8
8
-3
-12
-36
-32
-26
-18
-9
-6
2
-14
-27
-20
-12
-3
7
29
12
1
-14
-36
-33
-49
-19
-8
13
22
12
7
0
-12
-19
-25
-13
-3
23
32
-7
0
-6
-28
-28
-30
4
-14
-1
4
-17
-24
-14
4
-7
3
12
26
-16
-29
-38
-25
-31
-15
18
8
-5
-20
-33
-38
-35
-31
-18
4
1
13
15
12
-4
2
-6
-4
10
10
17
-7
3
-8
-19
-3
12
24
16
28
33
32
24
40
11
16
19
-3
20
2
20
13
27
21
32
25
30
24
28
13
2
7
-7
-20
-11
-10
-6
11
21
13
5
21
-32
-41
-30
-39
-26
-13
-2
3
-11
-10
-3
-4
-13
2
24
17
38
52
41
23
36
23
0
12
14
15
22
16
19
16
16
28
22
28
29
20
14
11
5
1
-11
5
7
5
-8
-10
-17
-44
-33
-45
-45
-74
-52
-49
-60
-36
-25
-48
-44
-49
-46
-37
-52
-24
-40
-29
-21
-12
-20
-22
-20
-10
11
-3
8
10
-2
-27
-15
-4
4
11
24
26
8
15
10
-24
-3
18
23
42
39
28
28
18
11
17
-1
2
33
16
24
33
17
23
-1
-3
-26
-22
-26
-19
-30
-9
-2
-6
-4
-13
-1
-9
2
16
13
9
16
17
-6
6
-15
-20
0
-8
-7
1
3
-6
3
-6
16
36
39
50
58
59
26
34
-14
-14
-11
5
12
24
52
21
21
27
10
1
7
34
21
28
32
10
18
-8
23
2
-4
8
-6
-21
-31
-28
-31
-5
-17
9
-7
-10
-7
-12
-18
-18
-2
-14
13
5
-4
-11
-18
-21
-19
3
10
14
17
8
-1
3
-4
-9
-12
-7
-1
-8
-29
-26
-20
-26
-26
-9
-16
-25
-7
-21
-31
-42
-50
-61
-69
-64
-57
-53
-10
-14
-10
12
-17
-12
-24
-8
9
7
29
42
26
35
31
5
11
12
-5
-1
19
41
21
47
48
32
32
9
-2
-10
-8
-10
-11
-12
6
7
-8
1
-13
-16
-5
-17
0
-12
4
-18
-12
-9
-8
-3
-3
-13
-22
-25
-8
-10
18
34
29
33
44
29
12
9
18
-2
4
17
12
24
8
25
8
15
10
20
34
11
25
25
15
-2
-5
-10
-16
2
12
9
24
9
20
30
10
27
13
11
25
20
7
8
4
-5
-13
-19
6
14
2
15
4
-17
-17
-25
-23
-32
-14
6
-1
6
-3
-15
-32
-36
-19
-16
-28
-11
-7
-18
-1
-11
-6
-5
-5
15
19
28
20
41
7
4
10
15
-7
10
24
14
-8
-14
-12
-31
-20
-1
13
12
3
7
0
-47
-46
-62
-68
-49
-48
-44
-51
-39
-22
-17
-28
-18
-35
-38
-35
-27
-21
-35
-18
-18
-19
-32
-18
6
0
1
22
2
-9
-12
-30
-24
-11
20
5
10
15
14
17
15
11
18
35
22
25
30
29
34
28
37
31
11
14
34
46
78
90
78
97
81
52
27
48
45
36
59
61
59
25
35
30
7
22
18
23
29
50
49
37
15
5
-5
-16
-23
-37
-54
-47
-54
-45
-36
-52
-22
-26
-24
-14
-34
-39
-57
-48
-53
-67
-65
-59
-65
-64
-52
-55
-44
-32
-12
-3
3
6
-9
-21
-37
-36
-33
-32
-21
-19
-33
-23
-19
-1
0
5
5
-5
-8
9
8
7
22
17
14
7
18
13
17
16
23
35
23
14
29
10
15
41
43
34
22
23
18
16
13
32
22
17
10
-7
-1
-9
-14
15
13
-1
22
-5
-2
-16
-4
9
-4
10
16
12
1
-3
-11
-10
-9
4
20
-19
4
-17
-14
-24
1
5
-4
13
13
33
36
38
19
23
9
9
15
32
24
4
6
-15
-30
-9
-18
-10
-19
-25
-34
-26
-33
-43
-8
-6
-2
-10
-25
-43
-48
-54
-37
-21
-12
4
3
-1
-26
-8
-25
-24
-13
-6
-1
1
14
3
10
5
12
2
1
10
-6
2
12
19
26
25
28
26
21
15
14
12
25
5
29
33
28
34
23
25
-5
2
-2
-10
3
35
33
58
59
42
15
-23
-24
-48
-40
-41
-6
1
26
17
18
12
-8
0
-15
3
9
22
19
12
-12
-37
-42
-50
-19
-34
-14
27
23
6
10
16
4
7
17
3
-1
-1
-21
-29
-32
-41
-33
-32
-26
-16
-24
-3
-16
-30
-7
-24
-9
-12
-12
-4
-8
-6
-6
8
-9
-13
-15
-9
-13
-27
-2
-7
10
16
15
14
-19
-3
-2
-18
-34
-2
-30
-38
-23
-15
-14
-17
5
1
-3
7
26
12
22
18
9
20
16
24
25
23
39
18
4
2
8
10
12
34
55
35
37
51
52
49
46
48
19
12
9
17
-2
14
32
17
23
15
0
-3
4
-11
-4
14
0
-4
-15
-6
-11
-22
-9
-34
-14
-31
-23
-41
-34
-33
-55
-21
-19
-12
-23
-20
-28
-47
-51
-34
-26
-35
-11
-13
0
-1
0
0
7
7
18
20
1
7
-11
-17
11
4
39
51
56
65
41
29
9
10
23
18
21
18
34
19
14
9
-5
-1
-10
5
-4
3
5
-7
-12
-22
-46
-26
-35
-17
-17
-13
-12
-28
-12
-4
4
-5
4
10
-5
-7
-5
-23
-24
-29
-40
-26
-16
3
-2
15
12
-10
-2
-26
-6
-16
7
3
-9
-12
-12
-39
-25
2
9
38
32
29
13
-10
-15
-11
-19
-2
-10
-14
2
-8
-5
-5
6
14
17
12
2
-11
-18
-31
-4
8
7
15
-6
3
-4
-2
-1
6
-4
2
18
23
9
10
32
19
34
41
33
36
33
22
23
34
6
21
36
44
49
46
45
40
15
21
10
-5
21
20
32
29
23
17
17
3
8
11
-14
-5
-10
-21
-19
-27
-28
-42
-24
-10
-15
-6
-23
-22
-31
-23
-40
-33
-22
-27
-8
-21
-12
-51
-26
-33
-65
-45
-33
-40
-25
-12
-19
-5
-1
-17
-19
-35
-12
-32
-20
-17
-46
-20
-32
-14
-20
-18
2
-10
13
17
22
34
18
1
-10
-14
-20
-5
-20
-11
8
-17
5
-11
17
30
31
54
36
10
-6
-6
-12
17
27
66
55
55
37
8
-1
-30
9
7
43
56
51
54
20
29
25
23
15
32
39
31
39
24
10
8
-6
8
7
20
28
13
4
11
9
-5
9
-9
-17
-18
-12
-22
-22
-18
-37
-59
-52
-47
-54
-23
-13
-3
-5
0
-14
-23
-37
-24
-7
-7
13
15
6
-24
-28
-33
-26
-22
-13
-2
7
23
27
25
12
26
15
13
-4
-7
-10
-15
-2
-10
-28
-16
-28
-40
-18
-28
-3
-7
17
4
-11
-24
-20
-37
-28
-10
-2
17
17
12
11
2
5
8
26
33
39
55
42
30
13
5
-3
-19
5
22
42
37
33
24
22
2
-4
20
11
27
18
14
13
-8
-5
-21
-16
-7
-9
-18
-17
-25
-19
2
-8
-18
-29
-22
-30
-41
-47
-23
-26
-21
12
-3
-4
-6
-15
-12
-10
8
26
1
12
-15
-44
-37
-43
-26
-7
-2
21
26
11
41
34
16
28
37
41
17
15
6
-15
-13
4
24
29
61
63
60
52
36
29
22
11
20
33
19
29
15
-2
-11
5
-15
-19
0
-26
-36
-21
-6
-13
-4
-8
-23
-10
-31
-40
-53
-52
-50
-59
-33
-33
-25
-31
-46
-36
-33
-39
-22
-27
-12
-15
9
-1
-9
10
-5
7
-8
2
21
0
30
34
17
0
9
-10
-13
-5
-9
16
24
14
16
31
2
35
21
6
19
8
19
25
30
36
13
8
-7
-30
-21
-6
4
31
45
43
36
7
11
-13
-19
2
2
20
20
25
2
10
2
7
6
-3
14
-6
-14
-7
-18
-28
-13
13
13
17
34
4
-5
-19
-44
-10
-10
1
17
19
2
-26
-29
-48
-41
-35
-24
-4
-13
-4
-14
-16
-23
-8
2
1
3
2
13
3
2
-9
-11
-4
-16
-9
6
8
22
30
5
-1
1
-10
-6
0
-10
2
-5
-8
-4
-25
-13
-25
11
-1
7
2
7
9
-13
5
6
-9
7
7
11
4
18
13
13
13
9
32
20
50
25
43
15
26
14
1
-1
-8
-10
-32
-10
-16
6
-15
-6
-1
-8
-9
-11
-17
-12
-1
-33
-23
-7
-34
-30
-22
-12
-11
-8
2
-6
-6
-3
-2
6
1
14
9
10
32
13
1
24
13
4
-6
16
16
10
20
11
31
9
26
42
38
25
29
3
8
1
10
10
21
13
4
11
-7
-20
-7
-8
-5
1
-6
3
-4
-8
-12
-3
-8
7
-18
-30
-44
-46
-46
-71
-44
-43
-38
-23
-30
-21
-25
-32
-33
-27
-25
-3
-1
9
-14
-19
-27
-31
-25
-15
5
-1
21
18
12
3
11
23
13
18
27
19
8
11
11
-6
13
27
43
37
44
48
18
38
17
19
23
36
13
37
48
24
32
18
12
-17
2
-8
1
13
17
42
30
13
-1
-23
-35
-13
-21
-21
-13
-19
0
-9
4
13
5
-18
-13
-9
-23
-25
-25
-28
-47
-11
-18
-16
6
12
-1
-13
-16
-19
-12
-31
-8
0
7
4
10
-13
-20
-5
-18
7
33
17
18
25
4
10
22
36
11
21
28
26
15
-15
-14
-22
-25
1
7
19
16
13
0
-9
1
-25
-10
-25
-12
-10
-5
-15
-10
-22
-17
-15
-18
-18
-24
-34
-38
-31
-30
-18
-24
-19
-22
-18
-15
-22
-22
-18
-27
-5
14
25
25
39
34
23
30
16
18
-4
11
6
19
18
32
43
46
40
38
35
33
34
23
54
26
23
39
21
2
-1
-10
-10
11
18
23
11
10
17
11
16
3
14
18
-12
-26
-31
-65
-58
-49
-24
-10
7
7
-13
-21
-38
-23
-32
-29
-17
0
-9
-45
-33
-70
-84
-62
-45
-23
-1
-8
-3
-9
-14
-34
-30
-10
-5
14
18
14
-5
-26
-20
10
3
46
39
42
26
11
15
7
22
38
35
35
31
25
22
17
25
23
29
30
22
23
13
16
24
30
49
39
44
20
17
11
-5
2
8
24
19
30
32
31
10
14
-8
0
7
-15
-9
4
7
11
11
8
4
-9
-25
-17
-11
-14
-25
-28
-52
-44
-42
-63
-48
-51
-30
-18
-13
-18
-22
-37
-32
-37
-44
-36
-29
-26
-24
-21
-21
-26
-36
-32
-27
-21
-27
-11
-20
-21
-28
-18
-18
-12
-8
10
47
17
34
27
12
14
6
2
10
11
21
33
25
11
23
25
23
22
15
21
3
17
28
11
10
4
-3
-5
-2
13
16
5
-7
-1
-5
-13
-23
3
1
23
23
21
28
19
3
9
7
10
2
-19
12
23
16
23
19
19
15
16
29
0
11
27
20
17
8
-1
8
-10
-17
6
-10
10
-2
-4
-4
-11
5
2
3
22
-2
-6
-16
-8
-19
-11
-6
-15
-9
-2
5
6
17
13
19
7
30
11
-2
-2
-9
9
5
9
13
1
-2
-17
-3
-8
-7
3
-13
5
-19
-11
-18
-11
-18
-16
-23
-32
-21
-42
-33
-45
-27
-23
-27
-6
0
11
22
7
7
1
2
9
-3
1
19
-8
-29
-22
-29
-27
-11
-3
-1
22
-1
8
13
3
3
4
-11
-26
-20
-34
-16
-23
-34
-24
-30
-21
1
-8
-5
4
0
6
0
-10
-44
-31
-46
-54
-26
-32
0
6
26
29
20
28
8
17
4
24
20
25
41
20
21
11
21
-2
18
23
44
59
54
62
64
43
48
48
38
57
40
44
26
37
22
26
23
18
33
8
28
17
24
34
27
17
14
16
14
-5
-11
-1
-31
-19
-12
-30
-40
-26
-7
-6
-3
5
3
-8
-16
-16
-48
-55
-38
-46
-48
-43
-51
-41
-46
-47
-50
-24
-35
-36
-10
-40
-6
-29
-37
-40
-42
-46
-69
-37
-32
-44
-41
-19
-20
-16
1
-4
12
9
14
24
-1
-4
-5
-5
-5
-24
-3
-11
-2
30
22
29
48
34
23
24
23
38
29
27
33
28
15
36
27
31
35
18
36
20
34
41
50
51
22
26
26
0
9
15
25
40
22
37
22
-11
-6
0
-7
1
23
27
15
1
-3
-28
-32
-35
-8
11
2
53
39
3
6
9
-28
-9
-16
-16
-1
-21
-25
-30
-14
-39
-19
-25
-34
-40
-28
-26
-11
0
9
2
-7
-13
-31
-50
-60
-56
-52
-58
-61
-36
-8
-22
0
9
21
0
20
-4
-15
-7
-10
-8
-8
-10
-5
9
-4
16
8
19
10
37
18
21
23
25
20
10
19
11
-1
-17
-26
-28
-36
-18
-9
-4
11
22
13
12
15
4
25
22
30
38
28
20
-13
-19
-27
-15
-8
9
38
34
51
44
35
15
10
1
-2
12
15
26
9
4
-5
1
17
22
36
42
36
19
28
14
14
19
29
34
10
6
-28
-39
-46
-38
-21
3
16
22
18
5
-11
-15
-35
-45
-26
-21
-14
-12
-4
-15
-23
-33
-41
-41
-34
-26
-29
-32
-24
-8
-8
-19
-16
-36
-37
-30
-50
-42
-42
-27
-22
0
-1
-4
6
2
14
5
-4
-7
-6
-18
-27
3
1
13
16
47
19
4
8
2
19
14
56
52
57
41
51
24
23
41
29
30
36
42
10
23
-6
-25
-25
-27
-6
-12
5
21
3
13
14
15
6
-8
-14
-36
-27
-41
-31
-34
-33
-44
-17
-5
0
0
6
17
11
18
22
9
-8
6
-4
-14
-17
-21
-35
-15
18
43
51
72
58
56
48
60
46
29
26
10
4
-6
-22
-24
-27
-13
6
26
11
9
-8
-18
-36
-46
-17
-50
-13
-35
0
-15
-23
-20
-25
-45
-44
-44
-61
-39
-34
-8
-7
-12
-8
-23
-14
-13
-18
-7
0
2
3
11
-1
1
-6
12
19
17
18
-3
-13
-6
15
2
26
31
30
29
19
18
18
14
23
19
10
-2
-10
-12
12
-2
11
33
30
39
25
24
1
-12
-5
9
23
20
35
25
3
-7
-15
-1
-16
-12
10
30
14
25
26
32
19
30
29
6
26
8
21
-1
26
4
17
2
8
8
-29
-24
-39
-34
-35
-5
2
11
-1
-9
-20
-38
-33
-35
-43
-26
-32
-40
-61
-69
-63
-58
-44
-35
-7
-21
-17
-41
-45
-53
-61
-50
-36
-36
-39
-11
-27
-34
-26
-26
-15
-20
-16
-4
10
22
53
49
40
36
47
33
19
22
8
23
14
7
-9
2
3
12
42
48
64
77
66
51
37
22
19
10
-2
11
8
18
9
15
19
16
28
36
37
31
45
41
27
25
31
7
-9
17
0
-25
-9
-3
-1
11
38
48
36
36
48
40
25
33
39
31
21
12
14
-22
-34
-20
-33
-19
-13
10
-2
-5
19
-8
-23
-10
-33
-32
-41
-43
-29
-56
-41
-22
-25
-12
-25
-29
-36
-36
-31
-57
-46
-53
-52
-77
-72
-49
-77
-51
-33
-33
-4
3
-8
-20
-29
-16
-50
-39
-28
-26
-25
-16
9
-1
-11
-8
-6
-20
23
24
29
43
42
34
44
20
12
1
12
14
23
42
24
27
8
28
18
31
50
55
27
42
20
13
14
9
21
22
40
19
9
-9
-6
-17
9
-4
7
6
-1
0
-7
-8
0
6
-3
-6
6
4
5
25
9
17
-5
15
-20
-21
10
-13
-3
14
14
17
39
44
29
17
-1
-1
-10
-8
1
-6
-16
-25
-22
-29
-24
-15
4
10
32
19
23
20
6
-16
-3
0
-11
-9
-15
-26
-26
-23
-24
-3
-4
-4
3
21
13
14
14
3
-5
-17
-13
-24
-8
-14
3
-1
6
3
5
10
12
16
5
28
8
16
-9
0
-37
-53
-49
-47
-35
-20
3
-8
8
0
-7
-27
-22
-7
-22
-12
-19
-15
-28
-17
-32
-16
-10
-13
-1
3
24
16
13
15
3
17
12
6
2
-7
-5
0
-12
3
25
43
55
69
56
52
47
39
46
28
26
25
25
18
7
18
10
3
15
1
6
17
18
18
20
25
16
15
-4
-9
-14
-28
-26
-43
-55
-59
-53
-43
-29
-29
-17
-32
-25
-42
-65
-47
-65
-49
-46
-46
-42
-48
-37
-42
-53
-53
-43
-26
-20
8
9
13
2
-2
-3
-25
0
-13
26
23
16
17
13
0
-3
25
32
31
32
53
55
37
53
55
39
48
39
64
32
39
28
26
45
42
33
33
46
27
47
51
61
43
52
47
36
23
12
12
10
-1
14
3
-3
-7
-14
-21
-26
-24
-15
-9
9
-14
-4
-28
-19
-29
-43
-37
-32
-15
-37
-11
-24
-26
-22
-38
-36
-24
-32
-20
6
-18
-17
-5
-29
-31
-49
-40
-42
-40
-29
-13
-13
-5
-3
-11
-15
-17
-7
-24
-20
-22
-7
2
8
10
5
12
-6
-7
2
-4
-1
15
-3
4
-8
-10
0
-15
6
12
19
21
27
14
16
7
3
-4
-14
-8
2
6
-8
21
13
2
28
22
36
22
25
37
22
35
51
35
18
32
5
10
1
2
0
2
19
11
15
14
-4
2
-15
2
-10
-15
-4
-22
-15
-12
-16
-23
-31
-30
-34
-24
-42
-26
-19
-11
2
8
18
-8
-6
-12
-29
-15
7
-28
-4
-4
-8
-12
-24
-13
8
7
-4
26
5
-3
7
15
11
-2
15
6
1
12
6
10
5
7
4
8
-7
0
-10
-5
-2
6
28
13
21
20
19
23
7
11
-11
-16
-6
24
14
26
27
22
27
5
0
6
7
12
47
48
57
55
12
13
-3
5
11
29
23
13
21
3
6
4
10
6
15
17
16
-2
-10
1
-23
-24
-28
-38
-27
-15
-31
-15
-33
-44
-22
-34
-22
-19
-15
-17
-28
-31
-44
-69
-65
-72
-61
-41
-45
-20
-40
-56
-40
-63
-56
-60
-64
-32
-44
-29
-24
-8
-12
1
9
19
14
11
12
25
53
55
53
52
59
33
25
17
28
25
39
54
45
48
58
51
44
47
58
48
40
15
-11
-8
-27
-26
1
22
30
41
27
4
-17
-22
-37
-25
12
21
33
13
17
-32
-61
-39
-47
-29
-6
22
12
9
15
-18
-47
-20
-32
-17
-1
11
24
15
19
16
14
-7
2
4
19
13
1
30
13
21
43
26
37
6
17
0
2
4
1
16
16
33
20
11
14
-1
4
0
4
1
0
17
-16
-7
-27
-25
-21
-33
-28
-31
-8
-16
20
16
-7
-13
-19
-22
-35
-43
-48
-43
-48
-46
-29
-15
-42
-18
-20
-23
-16
-11
-8
-1
7
1
-13
-11
-23
-22
-4
-4
32
24
26
6
17
0
11
0
5
14
0
2
10
8
-3
4
8
4
-7
2
-3
-20
-10
-8
6
-4
8
-5
-15
3
-5
5
14
2
-8
-4
-8
1
2
21
20
14
30
-8
-9
-9
-23
-26
-9
4
15
6
22
27
24
16
21
31
27
27
31
21
9
9
5
8
-1
30
21
-4
14
7
5
7
10
29
38
44
53
49
21
12
1
1
-17
-7
-9
-24
-15
-25
-15
-21
-26
-24
-14
-24
-3
2
18
3
16
-1
-15
-42
-51
-41
-58
-16
-22
-23
-28
-14
-27
-13
-7
9
16
16
-1
7
-5
-8
7
-4
17
-1
-2
1
-4
-21
-15
-15
1
19
32
53
38
44
52
34
43
21
18
2
0
1
-18
-10
-37
-28
0
-4
2
-5
1
-5
-20
-11
-30
-21
-18
-15
2
-15
-24
-28
-42
-51
-53
-35
-34
-11
-8
8
1
-5
-9
3
15
8
21
19
4
0
3
-11
-10
-11
4
-10
2
1
9
33
27
25
40
52
55
42
38
23
12
-6
-14
-2
-12
10
-6
-6
-2
14
20
12
28
14
24
48
5
3
-3
-14
-22
-16
-30
-24
-25
-36
-12
-21
-15
-35
-20
-19
-19
-16
11
-2
5
9
-8
1
-28
-30
-49
-23
-30
-23
-5
12
23
40
47
55
51
35
47
27
2
11
-7
-9
-7
3
9
23
30
19
20
22
30
38
15
31
13
-16
-13
-37
-17
-14
-13
5
-9
-9
9
-8
-4
-18
-13
-5
-10
-18
-12
-19
-33
-15
5
7
21
11
9
-8
-9
9
-2
-10
-24
-12
-14
-14
-25
-23
-17
-13
5
7
17
-4
-7
-21
-8
-4
-9
3
-20
0
-2
-6
5
-9
15
51
40
24
27
-8
-6
-31
-25
4
-19
5
6
-1
16
9
-7
4
-9
-20
-5
-3
-1
-4
4
2
8
2
-12
-2
-12
-29
-19
-33
-48
-36
-52
-35
-39
-34
-42
-17
-18
-18
3
8
39
34
51
29
33
19
8
13
16
23
22
24
31
44
5
27
27
46
53
68
66
46
38
31
37
31
22
45
31
2
11
-5
-16
-16
-5
7
30
22
5
3
2
3
-2
-6
-20
-26
-25
-39
-33
-31
-40
-19
-15
-33
-37
-50
-35
-32
-39
-18
-19
-17
-38
-38
-60
-61
-61
-34
-29
-31
1
-4
-13
-30
-24
-39
-20
-18
18
-6
-3
-18
-2
-20
11
25
24
51
25
42
24
27
9
14
20
37
44
39
30
30
24
18
24
5
18
1
8
38
25
34
42
34
42
27
21
19
18
2
10
15
-12
4
-19
-29
-33
-17
-23
-5
-3
8
8
-8
7
-8
-6
-2
5
3
14
-6
-15
-13
-5
-16
3
13
12
12
17
14
20
23
9
9
-1
-24
-36
-35
-40
-24
-37
-8
-12
-23
-16
-36
-37
-24
-12
-21
0
-6
-23
-2
-15
-15
-15
-5
-17
-23
-19
-30
-47
-33
-17
5
23
17
24
-1
27
-2
17
-11
-19
-5
-27
-5
-25
-8
-5
-1
-16
4
-15
0
-1
26
32
41
75
37
30
-3
3
2
-3
20
33
40
46
26
10
6
-11
1
11
26
46
46
23
36
15
2
17
24
12
16
11
15
14
1
11
-8
-6
3
-19
-27
-1
-19
-11
-18
-15
-18
-26
-29
-37
-34
-37
-22
-32
-9
-8
7
-6
-7
2
-10
13
6
10
-15
-3
-23
-36
-29
-36
-3
20
31
29
25
3
2
-3
-13
21
17
7
7
8
-17
-25
-32
-25
-14
0
19
22
20
19
12
3
8
12
-2
1
3
-18
-23
-27
-43
-26
-18
-12
6
16
6
19
-6
-13
-9
-28
-12
2
23
15
17
18
6
-1
-13
11
-2
3
18
13
12
25
29
21
22
32
26
16
15
11
5
-4
20
0
13
12
3
10
10
4
-8
-30
-18
-12
-1
3
27
22
9
17
1
-14
-11
-15
-3
-22
-18
-7
-43
-40
-59
-23
-19
-5
-14
6
-2
-24
-28
-36
-24
-21
-8
1
-4
4
2
-2
-6
-16
-11
-11
-26
-7
7
1
25
25
44
13
19
2
0
-16
-6
0
18
15
7
19
9
9
5
18
4
23
41
35
30
7
10
-5
-2
-6
8
8
6
4
-9
-14
-26
13
13
13
31
24
18
0
-19
-8
-11
10
21
36
35
35
17
3
-16
-20
-16
-25
-21
-37
-19
-3
-2
-6
9
3
14
-14
-14
-16
-27
-40
-35
-30
-33
-44
-53
-36
-42
-36
-20
-22
-7
-19
-36
-27
-30
-28
-8
5
9
17
10
6
9
10
-8
15
23
37
33
37
21
17
26
16
61
56
53
64
68
44
26
24
15
31
27
42
26
27
20
20
4
-10
-4
20
10
14
23
6
5
12
5
-3
-15
-22
-37
-43
-35
-44
-41
-27
-28
-27
-5
-20
-25
-31
-28
-24
-36
-38
-19
-11
-17
-17
-22
-33
-16
-18
-17
-4
15
4
-6
13
-8
-16
-14
3
-5
-8
-2
-21
-23
-55
-21
-24
-8
-6
19
13
0
-4
-5
4
-19
28
9
7
-11
-19
-10
-19
4
2
31
34
45
37
45
47
21
25
40
44
25
16
21
-5
-5
6
-2
4
20
29
31
31
46
36
32
32
3
10
25
7
-35
7
8
-21
-15
-9
-9
-24
15
23
-2
10
30
24
-34
-17
-8
-33
-54
-28
-2
-29
-15
27
21
-25
-18
0
-22
-20
9
-1
-28
-11
-28
-45
-28
-23
-14
0
6
16
2
-2
-12
-9
-16
-13
-13
-29
-25
-26
-7
-3
9
14
33
14
1
2
-7
-23
-17
-19
-20
9
0
4
8
25
20
1
-1
1
-3
-3
18
21
28
3
3
4
-16
-46
-29
-13
-3
-11
9
15
-12
-4
-10
-12
-7
18
24
26
12
1
-7
-24
-11
-12
2
9
36
32
35
33
26
15
13
38
22
32
11
6
13
12
20
31
25
22
38
3
7
3
19
10
26
37
-1
11
-7
-10
-21
5
-8
17
9
5
4
-8
-10
-17
-9
-8
11
-17
-7
-13
-19
-23
-21
-32
-45
-33
-27
-24
-31
-14
-27
-9
-6
-16
-19
-24
-16
-25
-6
-29
-20
-38
-40
-28
-48
-41
-40
-20
-38
-13
-6
-11
-23
-13
-10
-29
-5
-6
5
-2
5
-5
6
-2
2
29
-1
32
34
31
28
36
25
48
30
46
43
20
36
12
44
35
39
47
63
49
70
20
21
31
15
22
37
41
25
25
-10
-4
-14
-41
-18
-10
-10
4
17
-5
-17
-12
-18
-23
-25
-13
-41
-38
-36
-48
-29
-17
-5
11
20
14
8
-18
-15
-4
-20
-5
-6
10
-23
-1
-18
-24
-19
-6
6
3
13
19
32
16
27
44
47
19
31
-10
-33
-31
-46
-25
-22
-15
-8
-14
-24
-21
-17
3
5
13
25
-10
-7
-24
-23
-20
-14
2
-7
-20
-23
-25
-32
-6
-17
-4
2
0
-1
-9
-16
-14
-18
-13
-9
-19
-21
-25
-27
-29
-12
-14
13
15
16
23
21
4
-8
5
-3
3
24
4
19
17
21
14
26
29
12
34
46
52
38
43
37
26
36
51
34
45
53
46
46
42
42
29
21
13
12
-1
0
13
41
20
13
3
-20
-30
-46
-12
-27
-15
-42
-52
-54
-62
-52
-46
-24
-32
-16
-31
-39
-52
-54
-43
-38
-37
-29
-36
-54
-44
-49
-42
-9
-15
5
2
-3
0
-9
-9
-14
-8
-11
14
23
20
38
45
36
26
33
32
24
49
62
61
34
34
24
15
28
45
66
61
80
64
46
26
12
9
12
-1
3
-16
-10
-21
-19
4
-8
5
-12
0
-42
-33
-27
-45
-44
-49
-27
-59
-54
-51
-47
-55
-44
-55
-64
-54
-49
-21
-30
-13
-18
-13
-41
-31
-10
2
14
24
15
14
15
-4
-1
7
28
17
23
39
15
44
27
59
62
47
43
30
25
5
25
22
23
27
42
34
31
50
58
40
48
50
45
4
9
-5
-13
-11
-29
-11
-36
-26
-9
-6
-8
5
-2
-13
-32
-21
-35
-53
-40
-17
-22
-13
-11
-24
-36
-45
-30
-44
-38
-50
-40
-55
-43
-36
-23
-18
-17
3
-13
-18
-32
-37
-36
-23
2
9
30
16
24
12
-22
4
-10
25
24
61
38
43
43
30
9
0
-3
14
20
23
40
43
63
44
37
40
34
24
37
51
42
19
17
0
-15
2
10
21
45
40
21
20
-5
-4
-6
7
16
1
17
-9
-9
-18
-6
-14
0
-3
-3
2
-11
-10
-12
-5
-9
18
4
-37
-45
-45
-57
-48
-11
-20
-20
-19
-28
-37
-42
-44
-47
-59
-13
-23
-39
-26
-42
-25
-55
-33
-11
-34
-25
-36
-52
-46
-46
-22
-34
-17
-6
-10
1
-3
-8
-17
-26
-4
16
7
22
22
25
14
10
21
20
30
36
36
56
58
56
38
35
34
33
52
48
53
57
63
62
72
61
71
71
70
67
32
32
18
33
4
14
19
24
13
25
18
16
3
10
22
-9
0
-27
-28
-42
-21
-47
-35
-45
-52
-50
-36
-37
-41
-13
-34
-10
-31
-30
-49
-47
-61
-71
-49
-45
-43
-34
-27
-39
-24
-24
-36
-24
-17
-17
-24
-4
-10
-12
-3
12
-3
-5
16
30
29
21
6
9
10
-21
9
18
-5
2
15
39
24
19
16
1
16
-1
19
-2
-14
9
3
13
-2
21
2
18
21
18
22
28
7
7
2
6
33
23
15
-10
-1
-16
-22
-16
3
24
33
44
20
17
3
-12
-28
-3
-4
5
-5
-1
-5
-30
-21
-8
-11
-12
-6
0
17
-6
-10
-17
-12
-25
-3
-1
1
14
-7
3
4
25
15
22
29
-4
-6
7
-11
-3
13
39
40
13
13
21
10
1
23
13
11
8
18
-14
-13
-16
-12
-19
-5
-24
-18
5
8
12
0
-2
-13
-29
-31
-13
-6
-8
0
6
-17
-47
-34
-40
-40
-13
-12
-15
-23
-9
-20
-9
1
0
7
18
28
32
2
-9
3
-13
-22
6
0
-10
-8
20
0
-24
-35
-42
-37
-23
-11
-13
7
5
2
-3
0
19
17
21
14
20
1
14
15
11
13
34
27
18
20
2
14
-3
16
20
23
24
12
28
17
5
18
5
28
0
13
9
2
9
-12
-14
-2
11
-2
9
11
4
11
31
27
32
41
40
31
25
32
12
16
-1
-4
-16
-10
-18
-39
-15
-7
-5
5
17
33
5
-8
-11
-21
-15
-35
-38
-37
-59
-42
-59
-61
-52
-72
-20
-12
-9
-6
0
-8
-23
-30
-34
-32
-36
-20
-16
-36
-29
-38
-42
-31
1
24
47
43
36
-7
-28
-40
-26
1
10
43
32
10
-22
15
-8
-11
32
40
49
66
45
39
10
-4
13
6
35
43
36
25
12
8
-20
-29
-10
10
5
31
38
10
-13
-8
-2
0
4
14
-1
-21
-16
-18
-25
-22
0
11
1
10
-5
-5
-12
-3
19
5
29
28
20
-14
17
17
7
35
34
20
19
4
-5
-14
-1
24
26
17
5
22
9
-17
-18
-10
-28
22
41
42
21
4
-18
-45
-42
-30
-15
-15
20
3
-9
-9
-16
-30
-30
19
24
36
28
29
5
-37
-36
-50
-52
-40
-25
-7
-21
-7
-42
-59
-75
-57
-30
-33
-27
-15
-22
-32
-4
-24
-4
-18
-5
-23
-29
-43
-64
-54
-28
-19
11
60
49
43
36
29
2
1
9
38
30
41
40
45
19
7
30
26
56
49
69
59
70
54
51
40
33
58
67
51
41
19
-14
16
-15
-5
17
21
22
-5
-3
3
-17
-11
6
-39
-21
-28
-37
-38
-10
-14
16
-10
-3
-7
-26
-35
-38
-26
-9
-1
8
-22
-40
-35
-70
-54
-65
-39
-24
-9
-11
3
-10
-27
-23
-1
-15
-12
-17
-52
-67
-70
-63
-71
-23
-25
0
-1
-18
-13
-24
-33
-8
5
-2
13
-4
-5
-27
-17
-18
11
7
30
48
32
39
33
28
20
49
37
53
51
81
49
44
66
58
55
43
80
63
63
72
59
41
49
37
42
33
30
28
39
26
56
47
36
42
26
20
3
1
18
30
50
65
39
-8
-13
-57
-42
-11
6
18
17
-5
-35
-29
-54
-70
-62
-34
-48
-41
-55
-63
-82
-126
-110
-127
-118
-87
-79
-88
-94
-109
-125
-146
-128
-127
-115
-89
-103
-92
-138
-141
-126
-170
-132
-105
-91
-85
-74
-54
-53
-30
-26
-6
-2
15
20
51
54
77
95
93
144
134
170
182
198
218
192
222
242
264
271
307
298
278
273
264
243
254
240
256
255
250
228
177
179
152
155
154
185
159
131
76
27
-6
-46
-39
-54
-57
-67
-74
-98
-123
-128
-163
-173
-208
-233
-272
-306
-321
-318
-332
-355
-384
-443
-479
-492
-474
-437
-407
-378
-413
-427
-461
-474
-473
-463
-392
-369
-334
-286
-275
-261
-256
-247
-202
-145
-66
-20
17
29
47
62
114
181
222
265
270
264
260
293
331
386
470
525
578
617
620
600
590
606
631
720
742
775
766
716
670
666
619
624
630
643
622
583
563
480
426
374
325
274
220
167
80
12
-82
-168
-192
-246
-262
-310
-356
-408
-480
-540
-554
-617
-616
-650
-665
-682
-722
-742
-785
-814
-829
-836
-834
-800
-781
-753
-748
-747
-734
-746
-733
-710
-684
-649
-628
-612
-582
-557
-496
-450
-369
-271
-194
-104
-32
-26
-63
-79
-89
-1
75
212
318
403
426
396
379
404
464
515
549
507
516
587
709
764
825
883
848
790
747
853
926
943
993
1065
1052
975
984
978
917
823
857
898
876
782
725
649
533
447
429
393
295
201
133
73
-45
-173
-362
-494
-496
-407
-374
-332
-402
-556
-831
-941
-851
-805
-760
-659
-611
-741
-871
-866
-854
-922
-896
-745
-632
-658
-679
-745
-841
-915
-832
-703
-595
-557
-574
-672
-729
-718
-655
-616
-511
-397
-391
-365
-350
-355
-429
-424
-314
-167
-98
24
79
69
33
76
202
288
412
467
530
503
408
324
331
392
455
614
735
716
430
199
126
285
493
672
915
912
669
387
326
422
509
594
823
959
900
782
788
767
624
646
876
1129
1134
1069
1016
861
625
541
645
737
723
685
655
532
326
-25
-294
-402
-201
13
197
257
34
-460
-904
-931
-775
-638
-463
-316
-431
-775
-976
-1007
-1109
-1165
-991
-709
-639
-703
-878
-1078
-1316
-1320
-1117
-819
-688
-747
-937
-1209
-1339
-1339
-1217
-1013
-809
-704
-738
-775
-839
-973
-1010
-867
-575
-372
-216
-144
-194
-301
-315
-142
86
263
457
585
651
621
511
447
419
527
725
1004
1221
1289
1100
783
446
316
481
930
1283
1501
1477
1293
872
520
548
763
977
1193
1416
1446
1182
905
830
743
749
957
1287
1403
1246
1004
774
505
364
426
658
771
700
522
275
-79
-482
-746
-738
-509
-239
-114
-134
-447
-940
-1377
-1482
-1253
-967
-761
-703
-783
-1132
-1451
-1511
-1427
-1327
-1112
-781
-634
-739
-981
-1230
-1393
-1402
-1149
-792
-523
-497
-680
-955
-1138
-1163
-1012
-744
-461
-286
-274
-341
-479
-671
-720
-536
-221
40
203
266
156
-55
-82
66
340
587
779
883
850
775
695
660
628
695
780
951
1115
1223
1148
998
674
282
93
274
756
1027
1192
1198
967
411
27
145
472
637
838
1038
957
555
286
331
355
377
662
1058
1176
947
692
510
266
191
340
710
855
697
441
58
-303
-497
-430
-265
-202
-134
-245
-420
-669
-807
-901
-911
-803
-641
-577
-674
-807
-1022
-1230
-1285
-1096
-855
-717
-641
-659
-827
-999
-1026
-979
-933
-783
-622
-508
-524
-575
-677
-769
-828
-758
-572
-480
-432
-461
-483
-509
-465
-358
-233
-138
-87
-85
-44
12
45
92
214
340
423
488
552
567
568
602
677
721
733
740
735
720
766
903
855
734
341
-24
-204
37
505
829
1093
1000
652
32
-256
-17
291
469
691
868
756
423
340
405
390
416
756
1123
1224
1112
944
730
455
402
658
958
1006
836
580
305
61
-66
-98
-68
-152
-212
-203
-189
-330
-565
-717
-826
-893
-791
-629
-616
-846
-1079
-1191
-1219
-1199
-1104
-931
-911
-947
-928
-886
-996
-1047
-1051
-984
-814
-669
-574
-608
-733
-857
-936
-923
-758
-637
-604
-526
-416
-394
-428
-390
-322
-301
-221
-32
74
86
81
95
165
299
466
564
662
678
679
719
766
836
840
860
887
902
892
951
989
956
712
266
-104
-184
183
540
872
1093
1006
402
-270
-345
-12
278
484
748
850
587
194
218
307
255
340
717
1088
1154
974
812
528
319
295
634
983
1054
851
519
222
57
19
4
-95
-334
-440
-381
-272
-334
-338
-482
-781
-981
-904
-650
-697
-848
-911
-1002
-1176
-1213
-1020
-921
-1020
-1005
-813
-749
-825
-879
-950
-988
-885
-631
-473
-432
-520
-744
-952
-920
-732
-564
-455
-345
-278
-307
-308
-283
-358
-382
-227
-12
116
189
269
185
132
279
513
669
726
796
727
610
567
653
791
809
844
893
930
840
800
716
629
244
-150
-287
-7
361
505
768
863
459
-302
-614
-320
59
218
489
745
644
186
33
202
279
331
601
992
1196
1038
770
554
394
425
639
1017
1270
1181
814
448
320
277
241
100
-175
-351
-476
-436
-450
-292
-227
-437
-715
-736
-585
-679
-881
-907
-912
-1076
-1166
-1006
-843
-972
-1105
-951
-801
-794
-831
-936
-913
-855
-667
-583
-452
-409
-659
-920
-923
-740
-671
-672
-557
-400
-375
-392
-344
-329
-416
-433
-259
-28
141
297
296
283
264
356
437
481
538
573
650
698
807
829
773
721
767
867
890
874
852
844
740
479
29
-412
-507
-217
195
633
988
1024
368
-429
-598
-209
140
336
657
842
611
201
111
266
287
226
438
952
1266
1070
812
684
543
365
478
966
1250
1025
599
368
299
141
92
186
130
-348
-921
-1017
-660
-379
-280
5
67
-343
-923
-1081
-996
-1075
-1103
-848
-653
-699
-886
-953
-1023
-1152
-1058
-750
-524
-455
-524
-653
-744
-797
-743
-676
-574
-534
-594
-638
-637
-675
-716
-635
-476
-335
-196
-49
-50
-206
-251
-63
73
184
340
476
412
237
241
341
396
435
622
695
671
581
532
509
456
430
461
487
531
508
457
208
-298
-729
-786
-458
-57
404
724
732
239
-370
-598
-310
-16
213
503
793
766
506
364
415
399
355
556
1083
1495
1484
1184
994
831
645
689
1062
1439
1412
1087
887
847
643
392
270
439
378
30
-130
-309
-538
-879
-514
-87
75
-15
-246
-623
-1246
-1438
-1147
-892
-728
-646
-585
-818
-1194
-1245
-1312
-1337
-1183
-817
-599
-532
-790
-1033
-1214
-1196
-1033
-784
-420
-369
-658
-853
-870
-889
-908
-671
-318
-149
-129
-92
-63
-258
-397
-167
195
469
600
621
473
263
197
260
513
568
528
492
528
495
414
385
363
262
266
430
403
25
-468
-561
-337
-42
287
713
838
354
-333
-442
-151
66
67
293
692
748
557
564
766
662
350
474
1043
1480
1407
1223
1203
1079
749
712
1104
1401
1311
1093
1194
1221
999
652
535
501
418
95
-132
-238
-332
-427
-374
26
194
80
-374
-726
-970
-1126
-1110
-861
-674
-631
-891
-1009
-1081
-1206
-1334
-1329
-1144
-931
-852
-882
-908
-1008
-1161
-1227
-1015
-772
-696
-766
-852
-921
-937
-980
-860
-615
-394
-320
-298
-254
-343
-395
-390
-150
123
355
463
403
290
144
135
198
248
422
474
476
392
385
377
244
216
343
538
585
379
5
-453
-663
-434
-79
364
702
855
444
-150
-332
-114
53
51
285
781
908
691
608
798
718
438
587
1218
1647
1539
1410
1433
1290
878
778
1145
1470
1400
1259
1392
1405
1080
669
587
646
599
392
228
152
-66
-463
-719
-418
5
-49
-343
-389
-461
-903
-1328
-1140
-845
-945
-1143
-918
-731
-1081
-1460
-1437
-1320
-1388
-1346
-993
-754
-891
-1133
-1198
-1199
-1232
-1280
-1154
-972
-938
-902
-855
-815
-815
-762
-627
-488
-435
-444
-396
-384
-403
-264
3
171
184
258
331
309
210
249
291
214
243
406
637
659
608
650
679
564
400
173
-177
-410
-178
185
490
778
984
855
204
-235
-52
299
436
475
874
1089
839
540
638
879
755
662
1046
1600
1593
1372
1365
1417
1162
876
1045
1403
1427
1196
1075
1138
1019
740
611
734
767
586
247
28
-49
-202
-531
-971
-831
-479
-435
-687
-549
-173
-664
-1446
-1446
-1038
-1041
-1430
-1015
-634
-1083
-1698
-1579
-1109
-1328
-1516
-1099
-527
-728
-1197
-1105
-1025
-1244
-1438
-1092
-656
-639
-785
-779
-683
-740
-676
-462
-395
-490
-484
-376
-323
-285
-193
-117
-143
-53
266
524
546
426
510
406
209
197
389
482
458
440
643
865
768
270
-409
-1055
-1201
-492
447
1140
1457
1308
543
-589
-910
-180
588
871
1046
1516
1470
934
629
862
1002
949
1233
2024
2494
2214
1545
1124
945
873
1056
1541
1911
1657
1002
474
421
413
268
225
474
629
414
-160
-1187
-1838
-2198
-2063
-1513
-214
874
527
-588
-1309
-1387
-1649
-1494
-221
671
447
-52
-11
-379
-1444
-1649
-807
-174
-197
131
146
-965
-2100
-2125
-1548
-1251
-749
-311
-658
-1540
-2092
-2094
-2049
-1668
-879
-283
-301
-636
-1065
-1609
-1769
-1280
-392
451
957
911
384
22
51
308
608
973
1145
1002
692
526
326
211
415
779
683
-270
-1324
-1842
-1621
-986
237
1606
2106
1220
-303
-1009
-539
274
1065
1892
2578
2449
1773
1435
1653
1748
1589
1988
2957
3407
2941
2193
1586
935
474
731
1495
1776
1226
356
-313
-593
-683
-561
-309
43
-8
-254
-1324
-2596
-3105
-2657
-1603
-421
1278
2030
890
-1021
-1664
-1182
-805
-16
1412
1880
778
-584
-792
-1203
-1909
-1823
-731
-197
-556
-1055
-1812
-2851
-3425
-2831
-1779
-1096
-812
-1198
-2061
-2726
-2453
-1685
-982
-164
586
743
217
-311
-663
-752
-412
603
1669
2230
1945
1095
195
-193
110
736
1330
1431
1046
249
-250
-475
-346
-42
456
548
-556
-2300
-3282
-2874
-1728
-347
1501
2797
2288
232
-1132
-653
453
1495
2682
3928
3944
2692
1715
1628
1781
1670
2051
3100
3735
3131
1796
648
-164
-538
-316
487
1208
1003
-205
-1440
-1801
-1532
-1126
-639
139
656
562
-74
-588
-1795
-3079
-2967
-1056
1259
2561
3037
2170
-102
-2220
-2235
-701
559
1384
1547
546
-1253
-2476
-2619
-2806
-2739
-2012
-1090
-1087
-1745
-2578
-3489
-3951
-3279
-1665
-323
107
-360
-1340
-2103
-1972
-855
431
1347
1761
1440
610
-284
-614
-435
152
1117
1975
2216
1563
645
-113
-380
-153
405
752
571
42
-483
-798
-442
259
901
455
-1216
-2754
-3105
-2097
-524
1389
3062
3498
1921
-179
-802
157
1310
2358
3556
4437
3751
2230
1264
1236
1258
1356
2219
3318
3393
2083
392
-709
-1143
-1027
-288
825
1263
371
-1153
-2028
-1936
-1414
-716
222
1143
1389
983
277
-491
-2113
-3210
-2620
-451
1615
2761
2987
1665
-880
-2710
-2457
-1239
-226
680
745
-436
-2246
-3179
-3275
-3410
-3012
-1966
-1070
-1282
-1940
-2660
-3381
-3580
-2510
-767
265
415
-71
-996
-1809
-1636
-177
1330
2178
2219
1751
687
-516
-1004
-573
402
1234
1787
1832
1146
158
-545
-420
86
481
747
685
373
-154
-369
46
763
1146
449
-1302
-2686
-2720
-1395
299
2113
3654
3672
1715
-415
-712
463
1700
2800
3822
4154
3062
1550
814
837
1015
1316
2098
2922
2828
1476
-219
-1256
-1399
-975
-178
779
1099
2
-1812
-2608
-2031
-1078
-313
525
1288
1193
356
-425
-946
-2103
-2815
-1882
265
1853
2190
1851
476
-1571
-2635
-1864
-562
50
226
-261
-1450
-2757
-3072
-2776
-2665
-2314
-1581
-1068
-1424
-1938
-2385
-2711
-2446
-1282
39
517
236
-390
-1097
-1348
-631
829
1861
2167
1805
1102
242
-476
-516
-207
386
946
1179
965
433
50
-299
-217
233
724
776
271
-87
-317
-46
528
1200
1088
-908
-2952
-3551
-2137
30
2048
3844
4153
2246
-412
-1332
-293
1202
2553
3613
4161
3293
1800
724
344
525
1031
2036
2995
3151
1988
65
-1499
-1989
-1427
-334
897
1460
607
-1171
-2573
-2567
-1628
-376
671
1326
1336
571
-675
-1767
-1972
-1400
-364
941
2234
2445
960
-1002
-1927
-1832
-1257
-354
485
141
-1260
-2475
-2809
-2768
-2621
-2107
-1563
-1440
-1610
-1858
-2205
-2396
-2072
-1299
-433
193
242
-435
-1109
-1178
-606
220
1173
2043
2057
1130
49
-408
-609
-576
76
1074
1407
870
168
-321
-476
-276
373
1018
902
451
-95
-362
-325
291
1246
1499
781
-1358
-3262
-3727
-2221
252
2409
3998
3963
1953
-711
-1729
-518
1235
2716
3777
4212
3149
1317
164
19
354
998
2210
3178
3043
1650
-150
-1499
-1897
-1240
-69
1057
1451
534
-1161
-2494
-2467
-1476
-172
1052
2025
2049
863
-801
-2051
-2439
-2012
-626
1199
2485
2339
798
-1118
-2332
-2288
-1265
23
789
528
-758
-2232
-3030
-2971
-2466
-1816
-1194
-887
-1158
-1806
-2354
-2386
-1892
-1023
42
761
617
-403
-1406
-1623
-1003
98
1366
2238
2055
929
-469
-1371
-1403
-759
293
1223
1534
1115
116
-664
-730
-93
620
1193
1290
805
28
-417
83
864
1307
337
-2029
-3844
-4115
-2301
100
2405
4098
3622
1095
-1399
-1630
-180
1418
2708
3890
4122
2853
1310
387
196
319
1046
2420
3418
3196
1600
-233
-1497
-1617
-782
397
1452
1390
107
-1619
-2480
-2182
-1227
-120
1034
1837
1551
499
-666
-1384
-1596
-1019
425
1829
2395
1886
653
-881
-1964
-1812
-818
152
521
211
-736
-1930
-2614
-2656
-2368
-1911
-1297
-988
-1288
-1843
-2244
-2449
-2281
-1435
-338
218
35
-575
-1301
-1714
-1367
-348
711
1399
1543
899
-139
-1093
-1419
-1100
-353
539
904
931
448
-143
-294
-14
681
1102
1018
638
89
-283
240
1073
1586
397
-2103
-3655
-3745
-1964
412
2629
4085
3196
719
-1323
-1271
288
1783
2987
3913
3989
2877
1579
647
436
417
1113
2365
3185
2912
1211
-584
-1711
-1721
-760
425
1476
1275
-144
-1828
-2404
-1869
-907
113
1309
2208
1936
717
-1393
-2601
-2722
-1605
400
2454
3720
2594
77
-1813
-2380
-1937
-803
868
1542
506
-1142
-1858
-2357
-2797
-2509
-1630
-931
-1030
-1154
-1674
-2583
-2839
-2180
-1043
-94
570
425
-761
-1809
-1715
-916
-11
980
1718
1475
135
-951
-1471
-1494
-980
220
1344
1351
712
-93
-667
-554
115
1038
1399
1108
463
-145
-46
410
860
-85
-2292
-3631
-3261
-1368
649
2457
3584
2635
145
-1426
-803
916
2377
3179
3749
3340
2110
1203
827
959
1090
1614
2418
2758
2138
511
-1019
-1644
-1266
-282
791
1514
1109
-489
-2089
-2375
-1572
-444
605
1430
1816
992
-40
-761
-1272
-1335
-608
1024
2327
2482
1690
231
-1436
-2344
-1850
-506
586
737
69
-1210
-2275
-2371
-1964
-1504
-1175
-982
-1235
-1801
-2112
-2115
-2011
-1639
-819
-87
50
-279
-835
-1404
-1597
-842
289
1110
1238
734
-124
-1158
-1613
-1238
-520
207
655
631
174
-302
-514
-130
384
901
1257
1037
609
52
-4
587
1237
1072
-933
-3172
-4186
-3190
-940
1406
3593
4200
2164
-836
-2012
-891
1092
2640
3836
4339
3378
1814
689
472
777
1173
2108
3028
3149
1820
-297
-1824
-2133
-1404
-122
1322
2026
1020
-1173
-2698
-2658
-1551
-200
1250
2470
2635
1549
199
-1259
-2922
-3402
-2022
730
2909
3693
3224
916
-2270
-3675
-2652
-725
838
1525
1054
-911
-2740
-2860
-2434
-2032
-1485
-655
-616
-1471
-2029
-2282
-2598
-2222
-761
679
1044
476
-502
-1753
-2357
-1337
344
1629
2209
1733
348
-1523
-2569
-2203
-1373
-174
1084
1495
892
-131
-639
-430
-40
772
1560
1450
928
430
540
1016
343
-1543
-3597
-4250
-2811
-582
1762
3822
3969
1736
-1137
-2149
-592
1569
3263
4299
4318
3185
1523
463
427
818
1527
2472
3268
3228
1781
-386
-2137
-2533
-1634
-158
1334
2088
1181
-1014
-2776
-2876
-1803
-351
1207
2583
2830
1947
535
-350
-1519
-3245
-2922
-1017
1438
2561
2639
2236
-196
-2928
-3208
-1540
-78
742
949
171
-1724
-2953
-2367
-2138
-1883
-1334
-738
-1119
-1881
-1820
-1982
-2315
-1604
106
1088
906
409
-347
-1465
-1822
-468
1074
1753
1452
623
-785
-2338
-2393
-1582
-466
378
996
1060
378
-197
-154
94
306
739
1031
892
687
632
1044
297
-1763
-3656
-4275
-2883
-749
1554
3690
4081
2031
-772
-2047
-909
1089
2824
4173
4480
3421
1736
445
228
431
1100
2135
3137
3288
2091
36
-1714
-2349
-1779
-383
1158
2205
1549
-456
-2184
-2662
-1920
-831
494
1745
2017
1262
363
-84
-121
133
714
1422
1389
606
-422
-1292
-1736
-1663
-1000
-325
-223
-667
-1339
-1938
-2071
-1651
-1079
-807
-783
-826
-1308
-1855
-2025
-1810
-1409
-991
-341
48
-128
-559
-723
-623
-340
292
934
999
629
168
-275
-916
-1328
-1155
-878
-695
-565
-362
-466
-538
-380
207
900
1401
1615
1231
829
336
588
1205
1503
71
-3136
-5048
-4865
-2552
-41
2486
4580
3659
332
-2469
-2264
-149
1929
3429
4733
4708
2857
1067
0
129
419
1191
2666
3602
3229
1256
-988
-2304
-2434
-1568
67
1791
2345
905
-1421
-2577
-2409
-1452
-75
1667
3158
2990
1805
146
-1464
-2875
-3335
-1466
1321
3489
3943
2724
158
-2761
-4154
-2971
-638
1124
1801
827
-1130
-2894
-3518
-2906
-2037
-847
-16
-148
-1027
-1844
-2362
-2587
-1880
-161
1388
1710
1049
-167
-1412
-1897
-1055
765
2107
2402
1489
-340
-2179
-3035
-2649
-1602
-269
900
1314
797
-39
-525
-636
-313
272
1159
1450
1323
1241
957
320
-2166
-4459
-5016
-3462
-627
1731
3808
4263
1888
-1550
-2928
-1398
1378
3388
4454
4661
3107
1230
-43
-77
613
1170
2209
3069
3165
2003
-149
-1943
-2590
-1955
-453
1348
2528
2114
16
-1996
-2572
-1953
-658
960
2657
3000
1736
37
-1217
-1583
-1227
249
2060
2954
2488
811
-993
-2300
-2691
-2079
-900
47
285
-466
-1600
-2254
-2373
-2030
-1478
-714
-286
-474
-1136
-1764
-1986
-1856
-1389
-510
270
373
3
-548
-730
-628
-141
797
1411
1410
755
-86
-1017
-1817
-2009
-1278
-525
-76
92
12
-127
-414
-124
632
1220
1381
1364
1150
1120
1078
1214
702
-1865
-4395
-5334
-3744
-966
1416
3664
4079
1628
-1774
-3172
-1574
1168
3129
4454
4748
3388
1477
118
32
532
1114
2090
2925
3109
2007
-130
-2002
-2667
-2130
-748
880
2110
1726
-287
-2134
-2608
-1861
-820
716
2310
2876
1779
188
-964
-1734
-1627
-417
1734
3151
3061
1691
-337
-2194
-3037
-2328
-1043
79
278
-353
-1497
-2455
-2558
-2237
-1674
-1061
-431
-307
-775
-1232
-1506
-1565
-1355
-503
435
813
484
-180
-633
-739
-98
818
1667
1732
1279
313
-968
-1771
-1909
-1350
-778
-291
111
198
-192
-346
-51
493
977
1085
1209
1224
1337
1610
2019
848
-2309
-5142
-5915
-3824
-785
2227
4710
4532
1192
-2548
-3731
-1810
1117
3263
4818
4900
3265
1140
-425
-613
-160
688
2082
3404
3684
2226
-286
-2444
-3300
-2672
-901
1212
2509
1736
-526
-2397
-2882
-2185
-856
905
2551
2806
1571
-159
-1344
-1589
-1152
450
2513
3459
2758
759
-1356
-2868
-3241
-2122
-461
507
445
-539
-1884
-2700
-2664
-1957
-1215
-548
-70
-415
-1246
-1861
-1853
-1648
-1221
-271
660
806
179
-354
-676
-491
164
1086
1798
1813
1292
268
-859
-1466
-1362
-937
-474
-86
138
-51
-397
-318
362
1013
1467
1797
1647
1174
786
991
1611
1591
-653
-3580
-5204
-4617
-1995
536
3354
4811
2962
-609
-3024
-2339
209
2299
3759
4675
3815
1907
89
-584
-77
415
1328
2395
3008
2322
234
-1900
-2984
-2821
-1735
20
1649
1958
291
-1846
-2826
-2510
-1380
-17
1726
2633
1864
481
-971
-1477
-1312
-286
1400
2477
2489
1330
-516
-2239
-3069
-2773
-1473
-421
60
-196
-1177
-1990
-2426
-2219
-1710
-988
-310
-188
-648
-1180
-1454
-1553
-1259
-589
334
726
537
58
-401
-441
-12
899
1802
2266
2006
969
-420
-1464
-1759
-1485
-606
84
765
607
150
-26
102
801
1277
1822
1986
1803
1834
1980
2286
1397
-1796
-4937
-6223
-4677
-1416
1568
4469
5182
2106
-1970
-4026
-2539
555
2787
4553
5114
3671
1493
-345
-677
-165
415
1519
2657
3171
2214
-207
-2422
-3489
-3176
-1736
196
1946
1852
-361
-2565
-3423
-2715
-1337
363
2216
2698
1615
-139
-1154
-1142
-596
97
1282
2148
1953
693
-899
-1911
-2699
-2798
-1919
-687
-20
-309
-994
-1661
-2100
-2084
-1446
-695
-296
-335
-743
-1167
-1319
-1047
-805
-543
-4
380
365
90
78
165
275
609
1286
1754
1559
831
-23
-901
-1426
-1165
-779
-254
-90
52
118
145
632
1357
1803
1859
1916
1713
1683
1839
2010
1878
-809
-4087
-5907
-5232
-2334
474
3454
5048
3218
-705
-3381
-2889
-103
2352
4075
5134
4193
2169
13
-840
-345
260
1278
2321
3110
2686
600
-1831
-3236
-3346
-2392
-654
1280
2050
446
-1911
-3257
-3129
-2003
-485
1523
2719
2358
906
-518
-1535
-1902
-1166
468
2198
2796
2126
392
-1907
-3545
-3555
-2359
-814
273
315
-525
-1752
-2383
-2236
-1774
-1119
-376
-26
-356
-876
-1189
-1434
-1537
-1015
-34
764
896
515
-17
-462
-355
375
1371
2044
2105
1352
-66
-1392
-1854
-1561
-913
-210
529
818
480
117
243
868
1383
1800
2106
2102
2088
2261
2582
1637
-1756
-4882
-6197
-4618
-1560
1600
4809
5434
2315
-1945
-4024
-2595
489
2824
4751
5395
3995
1763
-276
-693
-291
243
1267
2490
3223
2342
28
-2292
-3556
-3598
-2403
-255
1826
2071
103
-2081
-3205
-2988
-1909
-97
1995
2808
2034
735
-363
-1127
-1587
-1380
-242
861
1470
1241
247
-1147
-2524
-3089
-2459
-1177
-94
276
-289
-1109
-1826
-2122
-1995
-1501
-836
-620
-735
-950
-986
-1161
-1250
-996
-343
267
582
753
576
225
41
247
790
1471
1669
1244
107
-1178
-1788
-1666
-1071
-120
509
959
863
615
928
1199
1497
1601
1638
1718
1909
2048
2312
818
-2548
-5209
-5654
-3192
-212
2659
5050
4694
1291
-2412
-3433
-1351
1394
3331
4731
4771
3359
1195
-363
-483
-136
423
1375
2529
3022
1811
-517
-2501
-3430
-3241
-1967
63
1725
1481
-342
-2074
-2819
-2414
-1406
278
2058
2714
1993
771
-97
-651
-961
-1353
-859
-195
125
130
-262
-655
-1446
-2304
-2410
-1705
-977
-350
-39
-129
-689
-1480
-1733
-1726
-1548
-1252
-1031
-826
-828
-872
-992
-1165
-887
-301
181
483
773
925
819
456
529
740
758
337
-388
-929
-1276
-1172
-872
-255
340
791
869
999
1304
1796
1838
1713
1476
1459
1535
1714
1032
-1602
-4062
-4995
-3281
-570
2096
4671
5007
2327
-1418
-2974
-1565
1127
3094
4601
4982
3565
1508
-129
-336
-80
361
1193
2231
2836
1881
-87
-2025
-3212
-3465
-2555
-590
1290
1605
217
-1256
-2088
-2116
-1477
-170
1442
2097
1734
783
-280
-1272
-1802
-1369
-237
1010
1686
1472
-27
-1983
-3488
-3842
-3018
-1515
-68
478
-72
-1133
-1841
-2145
-2044
-1493
-673
-173
-273
-638
-1018
-1407
-1758
-1502
-796
103
778
851
428
-109
-137
191
781
1451
1789
1325
-33
-1297
-1858
-1688
-1210
-256
552
1182
1289
1216
1343
1336
1334
1410
1612
2127
2678
2810
1363
-2096
-4905
-5767
-3784
-388
2947
5761
5611
2157
-1812
-3635
-2218
629
2962
4897
5429
4063
1845
-131
-652
-623
-323
861
2522
3548
2695
333
-1966
-3668
-4245
-3267
-911
1476
1896
465
-1143
-2168
-2390
-1853
-412
1546
2399
2062
945
-131
-1173
-2063
-1767
-690
614
1311
1062
27
-1468
-2869
-3351
-2898
-1805
-542
-59
-317
-988
-1550
-1858
-2077
-1812
-1172
-662
-515
-651
-764
-1019
-1349
-1286
-856
-128
556
762
572
170
107
424
779
1127
1427
1168
106
-1116
-1562
-1380
-1031
-390
246
798
972
988
1266
1545
1671
1653
1740
2299
2711
2551
-21
-3411
-5495
-5198
-2362
1035
4816
6845
4901
243
-3241
-3596
-1217
1499
3871
5663
5220
3233
867
-436
-649
-750
-219
1165
3002
3715
2392
-6
-2292
-3890
-4318
-2948
-235
1954
1738
86
-1405
-2228
-2302
-1642
172
1851
2286
1442
394
-349
-1196
-1688
-1409
-346
712
1022
570
-366
-1701
-2778
-3215
-2799
-1571
-577
-225
-668
-1344
-1768
-2011
-1973
-1518
-991
-666
-707
-846
-952
-1309
-1366
-1217
-758
-108
454
827
589
176
83
349
704
1030
1199
888
-51
-935
-1292
-1189
-646
-298
243
607
884
1190
1443
1646
1693
1546
1678
2224
2519
1978
-1133
-3817
-5191
-4045
-1011
2135
5634
6516
3661
-665
-3243
-2771
-198
2103
4311
5572
4605
2647
560
-199
-431
-645
-55
1289
2956
3281
2024
-46
-2242
-3843
-4063
-2607
-35
1621
1283
82
-1374
-2136
-2226
-1426
329
1838
2342
1928
1016
-307
-1579
-2464
-2133
-1064
303
1104
878
-169
-1668
-2800
-3235
-2599
-1444
-380
-60
-418
-1104
-1818
-2310
-2388
-1961
-1441
-971
-666
-659
-995
-1503
-1673
-1503
-887
-15
887
1289
1034
653
267
190
151
321
653
504
-14
-585
-956
-899
-706
-450
184
804
1420
1738
1778
1860
1708
1381
1421
1687
1823
-214
-2978
-4509
-4157
-1716
821
4083
6323
5246
1493
-1842
-2655
-884
1198
3127
4979
4975
3500
1338
181
41
-286
-280
404
1906
2869
2445
1259
-425
-2369
-3734
-3607
-1816
322
1113
842
-34
-1030
-1659
-1726
-789
562
1376
1598
1292
859
269
-533
-1211
-1515
-1283
-840
-593
-460
-542
-981
-1646
-2144
-2104
-1788
-1396
-1045
-857
-1007
-1415
-1809
-1877
-1788
-1617
-1356
-1131
-1050
-1193
-1277
-1315
-1179
-733
15
751
1220
1316
1097
489
-123
-488
-430
-44
221
219
-85
-405
-528
-647
-624
-152
623
1389
1808
2058
2295
1914
1397
1275
1438
1029
-1578
-3625
-4476
-3093
-647
2029
5219
6314
3996
87
-2387
-2154
31
1915
3979
5116
4413
2605
642
140
58
-16
159
1043
2368
2685
1993
759
-866
-2593
-3560
-3089
-1194
364
700
428
-396
-1063
-1460
-1136
54
1033
1544
1353
839
164
-548
-1208
-1550
-1374
-709
-132
11
-154
-698
-1441
-2162
-2250
-1735
-1218
-923
-886
-1074
-1612
-2194
-2350
-2162
-1883
-1437
-1092
-954
-1149
-1469
-1624
-1697
-1358
-494
520
1360
1694
1560
915
14
-725
-1039
-467
60
507
345
-23
-412
-857
-962
-620
194
1040
1775
2098
2121
1945
1481
1616
1638
1986
471
-2283
-4160
-4748
-2539
15
3536
6346
6225
2850
-878
-2671
-1656
479
2466
4751
5108
4097
2082
636
284
-96
-94
196
1389
2544
2768
2043
626
-1229
-2898
-3503
-2591
-683
345
568
50
-810
-1315
-1518
-764
307
966
1070
999
638
189
-731
-1652
-2109
-1911
-864
178
1027
964
28
-1550
-2763
-3022
-2275
-1309
-617
-439
-918
-1740
-2545
-2898
-2902
-2542
-1877
-1054
-537
-514
-828
-1386
-1913
-1894
-930
632
2023
2527
2145
940
-645
-1715
-1791
-756
478
1117
1085
586
-235
-1071
-1382
-975
-94
817
1605
2219
2585
2383
1794
1788
1458
1665
-4
-2506
-3938
-4414
-2359
31
3410
6142
5959
2620
-907
-2732
-1816
219
2401
4898
5321
4308
2206
722
207
-219
-70
394
1742
2730
2948
2356
978
-942
-2712
-3362
-2612
-772
266
776
387
-481
-1175
-1585
-921
-76
636
880
823
513
44
-541
-1175
-1580
-1402
-794
-89
491
501
37
-1159
-2238
-2619
-2436
-1790
-1117
-799
-988
-1597
-2228
-2667
-2984
-2917
-2353
-1730
-1221
-941
-766
-991
-1376
-1370
-720
400
1344
1924
1824
883
-317
-1236
-1309
-643
49
626
737
667
284
-388
-815
-733
-448
114
734
1576
2283
2561
2415
2491
2245
2290
978
-1976
-4085
-5427
-3539
-871
2643
5923
6698
3978
-135
-2966
-2972
-834
1488
4359
5583
5210
3370
1374
351
-412
-482
-191
1022
2525
3353
3288
2182
165
-2095
-3559
-3504
-1744
-143
993
1124
320
-747
-1820
-1782
-1151
-290
271
546
378
-34
-632
-1072
-1196
-988
-268
477
1138
1075
450
-851
-2169
-2952
-2932
-2159
-1215
-570
-528
-1082
-2061
-2983
-3617
-3573
-2901
-1956
-1071
-471
-236
-714
-1445
-1743
-1317
-351
704
1614
1987
1469
252
-732
-1027
-657
-132
377
766
904
437
-188
-694
-817
-572
-371
386
962
1560
1561
1699
1893
2711
3296
3791
2713
-761
-3766
-6252
-5205
-2665
1302
5397
7117
5237
1438
-1941
-3150
-2154
-340
2643
4647
5426
4605
2987
1482
-234
-1135
-1443
-449
1319
3011
4087
3747
1864
-812
-2980
-3915
-3001
-1509
422
1572
1537
546
-837
-1744
-2066
-1894
-1461
-865
-757
-638
-748
-593
-358
-42
718
1220
1475
1340
587
-622
-1970
-2871
-3007
-2600
-1749
-784
-220
-524
-1459
-2708
-3593
-3881
-3400
-2227
-686
613
923
263
-915
-1900
-2422
-2282
-1200
409
1680
1996
1548
920
201
-498
-916
-660
-12
555
839
797
605
152
-469
-745
-540
103
702
1193
1509
1710
1892
2416
3288
3984
3313
519
-2436
-5061
-5396
-4137
-906
3399
6179
5914
3166
-127
-2471
-3087
-2222
462
3122
4818
5007
3987
2610
846
-489
-1330
-1276
-337
1152
2781
3712
3503
2091
74
-1940
-2895
-2720
-1557
-45
910
1330
928
93
-959
-1831
-2700
-3393
-3438
-2640
-1041
512
1897
2482
2129
973
-240
-1161
-1467
-1315
-922
-679
-840
-930
-1013
-1191
-1626
-1964
-2194
-2439
-2523
-2282
-1833
-1329
-1076
-985
-1012
-1076
-1052
-1168
-1249
-1233
-924
-542
-97
388
744
886
658
431
157
-6
-54
19
186
514
727
862
844
777
630
375
226
279
420
493
914
1405
2030
2487
2808
3087
3023
2571
889
-946
-2793
-3645
-3378
-2180
129
2583
3945
3628
2355
465
-871
-1754
-1514
-439
920
2267
3066
3288
2553
1445
137
-980
-1544
-1179
17
1624
2979
3354
2934
1417
-225
-1717
-2451
-2148
-1279
-285
439
736
414
-295
-1641
-2847
-3679
-3543
-2473
-633
1313
2659
2979
2144
644
-1012
-2153
-2510
-2189
-1573
-783
-151
193
-61
-716
-1484
-2234
-2825
-2759
-1994
-942
70
662
805
356
-588
-1603
-2173
-2301
-1880
-1040
-51
964
1306
979
173
-684
-1300
-1401
-789
174
1148
1760
1946
1725
1053
379
-46
-221
-107
368
1026
1728
2134
1945
1485
626
-110
-514
-428
192
949
1405
1469
1305
911
529
357
388
464
483
74
-219
-454
-373
2
320
645
793
583
233
-30
-58
225
470
731
771
523
141
-330
-540
-565
-352
-16
208
150
-107
-430
-787
-903
-907
-390
244
821
1150
991
517
-337
-1255
-1892
-1982
-1508
-692
327
1169
1691
1487
801
-17
-864
-1242
-1299
-971
-388
104
298
377
-26
-484
-944
-1374
-1344
-906
-351
426
744
803
610
-71
-596
-1225
-1447
-1424
-1124
-607
-82
412
659
556
168
-339
-613
-642
-256
448
1081
1390
1514
1115
352
-472
-979
-789
-545
-101
447
685
692
8
-493
-910
-1033
-692
-75
312
675
647
370
68
-390
-244
3
230
436
610
509
494
282
235
209
234
401
532
690
835
722
398
135
-188
-444
-510
-393
-139
-191
-185
-284
-450
-417
-178
66
332
299
176
12
-307
-368
-247
-103
107
151
253
320
220
267
403
561
435
282
10
-56
-212
-93
132
437
648
620
581
441
312
240
137
373
517
513
552
413
-72
-495
-783
-782
-532
-256
98
385
428
181
86
-43
-179
-102
51
230
330
317
275
150
-133
-221
-331
-501
-474
-537
-489
-451
-442
-500
-544
-713
-744
-875
-913
-929
-943
-934
-960
-852
-764
-535
-424
-319
-246
-164
-235
-290
-312
-246
-230
-208
-69
-3
3
12
58
-5
-136
-162
-160
-245
-193
-244
-319
-332
-320
-216
41
261
499
506
319
199
44
67
198
616
1017
1180
1102
768
366
138
80
391
872
1251
1455
1321
935
577
273
213
236
406
667
902
1033
1008
960
662
412
163
29
34
102
253
394
454
468
342
168
-8
-159
-261
-231
32
338
487
625
614
311
-162
-485
-610
-512
-285
-14
260
220
-74
-510
-765
-926
-851
-729
-508
-339
-402
-603
-829
-945
-1081
-1187
-1071
-880
-879
-778
-689
-704
-831
-814
-734
-648
-556
-523
-526
-423
-379
-375
-291
-353
-362
-342
-337
-282
-182
-167
-209
-227
-310
-373
-384
-315
-193
-36
88
168
151
142
216
259
374
468
465
427
337
279
417
551
695
786
817
775
785
789
765
756
744
740
631
519
439
426
396
393
463
576
646
698
543
427
322
168
99
166
321
430
471
515
430
289
143
92
90
108
125
182
207
165
223
220
260
97
-125
-260
-407
-445
-382
-258
-111
45
123
65
9
-208
-508
-762
-877
-775
-511
-196
-8
-71
-345
-598
-900
-947
-902
-639
-347
-139
-152
-220
-454
-742
-971
-972
-738
-428
-136
-33
0
-162
-404
-549
-594
-457
-321
-200
-40
30
-28
-160
-250
-244
-86
84
248
428
411
334
165
18
-27
14
117
332
536
729
813
744
678
424
263
128
197
287
431
578
688
651
522
433
172
-41
-190
-167
-36
162
394
561
540
372
147
-151
-237
-206
-124
100
328
439
425
257
31
-228
-420
-394
-239
-7
209
269
210
79
-218
-457
-584
-558
-349
-120
146
258
163
-27
-244
-341
-353
-250
-90
-49
-37
-27
-13
-57
-16
-16
-56
-41
-58
-58
-122
-127
-176
-154
-98
-96
-133
-146
-161
-178
-160
-54
9
65
61
108
83
-73
-174
-346
-318
-233
44
247
385
388
315
81
-95
-157
-175
-221
-107
-18
80
227
311
288
201
67
-67
-158
-156
-59
2
-19
61
39
3
-32
17
43
-14
37
7
149
123
160
112
6
-110
-172
-173
-62
77
237
371
373
281
39
-152
-227
-268
-177
74
205
303
193
48
-164
-280
-304
-231
-111
21
108
-7
-170
-369
-465
-511
-319
-120
186
327
334
231
-22
-242
-417
-379
-292
0
259
395
381
253
82
-20
-36
0
195
255
282
211
124
82
31
60
132
263
305
288
230
99
74
92
165
299
392
366
388
269
134
34
-91
-126
-112
-148
-62
-33
-72
-6
-69
-36
-109
-166
-166
-160
-225
-226
-250
-265
-317
-338
-273
-194
-161
-112
-98
-37
-94
-160
-134
-236
-258
-309
-294
-204
-139
-129
-77
-151
-123
-187
-222
-199
-141
-89
28
88
129
139
43
-38
-158
-159
-167
-13
90
196
208
128
-45
-220
-311
-263
-126
59
295
386
350
173
-11
-182
-267
-206
-5
208
375
392
335
206
69
-55
-72
10
114
257
280
334
289
157
80
59
96
217
272
355
312
249
201
174
133
255
367
439
517
536
461
353
191
111
105
101
254
360
433
380
304
5
-201
-457
-453
-399
-182
-16
111
70
-8
-215
-405
-484
-575
-512
-410
-213
-89
-9
-55
-205
-484
-640
-775
-732
-602
-405
-204
-94
-117
-181
-346
-505
-660
-654
-530
-408
-192
-30
79
72
-48
-166
-190
-248
-260
-101
-5
10
34
-36
-32
-102
-111
-43
16
41
73
95
151
174
208
295
281
268
246
206
122
196
228
274
360
404
423
413
388
376
332
249
235
287
286
396
404
437
408
282
181
86
30
94
134
262
398
473
432
282
172
35
-45
-109
54
162
292
295
244
139
-49
-177
-214
-166
-124
-58
-77
-67
-124
-153
-137
-119
-118
-134
-161
-190
-188
-208
-199
-203
-162
-137
-184
-212
-246
-328
-413
-481
-476
-464
-353
-332
-210
-174
-170
-195
-241
-228
-297
-337
-324
-204
-207
-122
-139
-180
-251
-282
-274
-218
-94
8
77
160
151
112
75
-82
-149
-193
-180
-106
89
130
229
239
262
222
155
141
128
105
158
283
361
432
391
398
232
149
48
74
184
239
367
512
453
339
252
68
-18
-63
-6
71
172
199
303
253
191
68
23
-62
-60
33
53
22
-37
-90
-115
-133
-145
22
-1
6
-48
-82
-66
-64
-86
-5
22
4
-35
-70
-134
-108
-163
-119
-21
5
2
-21
-130
-200
-212
-248
-50
-34
40
63
37
-102
-176
-260
-237
-130
-94
41
77
28
-127
-203
-242
-291
-137
-46
56
63
67
11
-65
-143
-180
-165
-197
-83
-37
36
52
103
-27
-60
-161
-155
-100
-21
93
170
253
183
227
83
64
14
14
-22
15
164
220
318
350
316
227
104
21
68
67
148
246
247
206
162
98
42
67
-30
22
61
99
123
95
-28
-53
-147
-202
-148
-133
-77
-41
-79
-151
-155
-197
-214
-191
-159
-170
-89
-158
-112
-123
-137
-92
-4
-38
-55
-69
-175
-212
-277
-235
-218
-70
-96
-28
-73
-11
-93
-95
-71
-39
-15
4
66
59
30
-78
-34
-98
70
31
153
238
275
232
249
192
216
178
134
195
148
175
199
251
244
265
219
169
120
59
4
39
57
169
301
358
355
270
103
-21
-128
-109
-31
103
227
236
149
13
-83
-209
-233
-181
-57
4
44
58
29
-28
-141
-176
-242
-262
-240
-218
-187
-181
-194
-258
-277
-275
-227
-216
-158
-178
-192
-224
-261
-266
-252
-200
-191
-177
-214
-232
-225
-159
-155
-29
16
26
35
-12
15
-49
-57
27
27
17
-27
-92
-120
-118
-115
38
136
206
223
130
50
-56
-119
-54
63
218
266
315
230
127
-20
-96
9
98
294
390
489
423
361
218
151
150
188
279
409
433
428
349
218
119
65
86
113
281
308
398
349
320
252
148
92
54
48
58
51
-8
-28
-21
-123
-169
-166
-242
-235
-239
-174
-97
-78
-109
-65
-173
-299
-359
-423
-455
-495
-472
-424
-343
-328
-264
-273
-335
-442
-472
-449
-438
-335
-195
-127
-192
-267
-341
-399
-399
-324
-144
-19
14
88
64
-81
-148
-118
-185
-81
-50
105
190
172
164
134
37
65
111
180
265
210
174
89
46
81
195
260
374
387
400
328
266
247
229
274
293
411
403
413
309
364
252
246
294
243
300
311
291
318
329
286
376
348
367
300
203
88
83
1
48
158
279
227
201
82
-77
-212
-219
-140
-57
7
57
41
-137
-210
-344
-387
-436
-348
-247
-194
-202
-173
-290
-464
-514
-571
-584
-562
-421
-336
-277
-327
-416
-476
-580
-614
-571
-488
-446
-354
-353
-339
-315
-310
-297
-264
-116
-138
-103
-123
-94
-133
-135
-112
-14
61
56
109
125
174
119
240
245
253
206
168
165
174
247
285
385
375
441
403
406
327
366
356
357
446
443
487
423
439
360
333
280
350
312
320
293
340
313
327
326
338
338
263
253
188
158
113
111
64
73
4
74
76
101
51
69
-63
-166
-211
-231
-235
-189
-146
-113
-175
-312
-317
-298
-328
-270
-202
-156
-208
-231
-284
-333
-376
-361
-300
-359
-310
-346
-354
-412
-359
-355
-347
-342
-322
-308
-292
-354
-275
-304
-308
-251
-225
-178
-187
-168
-140
-124
-116
-130
-22
-14
47
51
93
112
95
99
64
165
79
133
102
167
162
291
268
325
265
257
234
229
302
337
380
398
439
399
383
282
345
245
236
267
310
254
215
232
226
204
233
257
215
207
151
125
82
93
66
106
68
49
65
47
10
-7
-5
-89
-152
-185
-217
-203
-211
-166
-212
-250
-256
-310
-300
-289
-169
-162
-164
-249
-285
-303
-353
-284
-256
-224
-164
-136
-228
-219
-327
-289
-279
-218
-217
-84
-92
-100
-139
-178
-166
-241
-155
-148
-48
-53
35
30
20
-2
11
19
21
66
77
150
196
216
197
202
153
182
158
201
239
219
255
303
278
252
296
301
290
247
240
259
293
311
380
332
336
226
205
122
152
136
119
104
115
72
82
57
44
59
8
29
12
16
31
23
-57
-41
-133
-196
-170
-122
-169
-109
-110
-110
-194
-228
-278
-237
-291
-284
-254
-263
-321
-350
-345
-351
-356
-338
-322
-290
-260
-277
-253
-306
-254
-286
-211
-203
-175
-212
-198
-233
-216
-211
-149
-81
-88
-43
-103
-43
-27
-6
5
64
82
45
74
-9
71
85
184
209
283
318
350
371
312
347
284
371
336
360
327
401
340
333
371
394
424
408
466
455
442
406
408
397
323
345
325
335
290
251
160
111
140
73
82
77
134
45
34
-55
-95
-137
-199
-131
-127
-123
-161
-138
-239
-306
-343
-357
-379
-333
-305
-303
-258
-293
-333
-410
-446
-518
-506
-518
-497
-425
-398
-368
-387
-428
-450
-479
-473
-369
-350
-309
-249
-258
-245
-298
-317
-274
-245
-283
-137
-127
-52
-98
-21
2
27
83
92
112
82
95
42
124
119
217
271
315
336
302
278
283
292
341
359
412
448
410
404
396
384
419
437
484
489
526
485
521
452
461
456
472
464
439
477
431
427
348
366
320
311
228
238
222
199
170
181
145
104
40
-8
-29
-114
-151
-181
-185
-244
-228
-221
-226
-265
-255
-321
-329
-420
-437
-474
-465
-454
-470
-440
-485
-505
-551
-610
-597
-595
-626
-517
-508
-497
-486
-468
-465
-481
-456
-458
-418
-410
-396
-325
-341
-288
-268
-201
-186
-155
-163
-113
-96
-20
12
41
122
102
119
94
148
175
153
164
172
214
259
298
323
396
364
348
404
330
382
372
405
444
453
500
485
453
387
362
306
337
368
454
462
458
474
448
418
424
385
365
334
305
308
262
227
200
190
156
187
149
166
131
164
181
116
71
4
-34
-116
-116
-88
-96
-140
-138
-188
-201
-191
-236
-182
-217
-241
-274
-319
-311
-398
-429
-420
-450
-461
-435
-420
-434
-443
-470
-460
-491
-484
-481
-438
-486
-505
-424
-427
-451
-333
-322
-297
-320
-314
-321
-290
-283
-175
-161
-136
-103
-89
-69
-49
-51
3
27
-6
104
112
135
126
178
140
201
212
284
310
331
320
300
325
292
310
388
423
429
464
397
392
324
328
347
392
383
434
438
419
374
361
384
356
371
325
329
291
269
245
199
160
151
128
98
122
134
76
27
32
-9
-76
-26
-33
-19
-121
-208
-205
-248
-244
-204
-138
-135
-110
-135
-187
-276
-278
-362
-360
-314
-261
-228
-195
-216
-256
-340
-343
-344
-320
-288
-206
-214
-225
-242
-329
-326
-354
-268
-179
-100
-91
-73
-163
-188
-283
-228
-209
-140
-79
-56
-90
-57
-78
-113
-72
-54
15
-25
32
18
67
33
92
124
136
144
153
117
143
210
216
265
299
300
243
251
192
187
176
163
213
270
263
327
345
323
282
199
213
231
207
193
182
177
110
79
86
143
148
133
145
109
75
56
50
0
38
-20
-35
-83
-47
-68
-35
-72
-67
-61
-105
-131
-125
-153
-182
-138
-126
-103
-127
-102
-72
-51
-95
-133
-200
-277
-283
-224
-180
-58
-48
-63
-92
-160
-188
-139
-135
-63
-10
-6
-28
-49
-84
-142
-79
-92
-33
-6
43
17
46
-53
-10
-15
-7
-4
-48
1
-16
8
10
26
-18
21
-42
-11
-56
29
28
37
32
74
101
135
114
86
46
-37
-70
-140
-98
12
73
103
194
179
110
20
-22
-71
-68
-55
101
131
101
53
107
17
22
98
66
67
41
43
-17
24
39
86
102
101
91
125
99
10
10
-34
6
22
-12
-19
-23
-18
-48
11
33
21
75
54
35
24
10
24
24
16
-14
-57
-131
-137
-150
-76
8
87
98
126
87
15
-53
-79
-90
-84
-56
-37
43
31
54
46
20
-13
-116
-165
-128
-128
-57
-66
-46
8
-41
-75
-103
-71
-56
-109
-86
-18
-5
0
-49
-65
-73
-148
-187
-145
-12
88
114
111
49
72
-16
-131
-111
-141
-109
-66
34
57
102
71
3
-39
-72
-35
-27
19
60
44
62
95
93
43
46
16
16
45
46
82
147
148
98
83
41
9
67
126
160
148
180
142
86
23
-25
-30
-113
-38
25
108
122
251
214
182
146
117
75
-64
-4
-33
-7
-19
30
13
-27
-25
-80
-87
-96
-75
-55
-31
-10
-17
-35
-70
-86
-142
-173
-167
-184
-198
-143
-90
-75
-41
-15
-31
-72
-106
-152
-197
-222
-209
-155
-115
-71
-16
19
44
61
56
17
-13
-29
-62
-66
-59
-48
-50
-38
-34
-16
41
49
92
120
123
132
91
43
15
-9
-3
-3
1
3
28
59
66
87
99
130
130
118
119
134
102
82
54
45
34
6
57
28
-4
4
-13
21
45
81
127
129
128
117
88
11
-20
-20
-44
-57
-2
25
22
13
14
31
29
16
53
54
50
59
49
44
4
-8
-46
-54
-69
-62
-44
-42
-65
-34
-70
-77
-86
-79
-56
-69
-66
-90
-75
-88
-98
-100
-115
-134
-161
-152
-131
-120
-66
-21
-30
-26
-36
-60
-71
-87
-66
-61
-36
-43
-50
-63
-55
-52
-13
14
7
59
48
43
36
55
54
46
20
11
16
18
29
43
58
76
91
87
104
113
106
88
100
59
65
33
49
66
52
78
89
112
90
100
71
62
50
52
55
78
63
44
41
7
-3
-10
17
9
35
59
44
27
13
7
-19
-15
-18
-18
-3
-15
-15
-15
-14
-52
-24
-5
-27
-29
-39
-44
-83
-88
-89
-103
-101
-126
-119
-130
-120
-115
-98
-78
-45
-22
-28
-33
-51
-70
-98
-85
-67
-27
-4
9
-15
-23
-55
-107
-79
-90
-81
-18
24
46
58
53
5
12
5
7
2
11
29
2
27
30
42
45
66
55
64
78
72
112
94
123
111
87
85
70
43
50
29
52
55
67
85
80
91
64
68
39
37
54
57
65
58
53
33
-11
-11
-40
-10
-22
-4
-8
5
10
-15
13
-8
29
3
-4
-23
-44
-79
-99
-93
-87
-69
-59
-50
-50
-46
-71
-72
-57
-73
-68
-72
-80
-81
-70
-86
-70
-78
-82
-49
-59
-41
-25
-11
-1
-5
-3
-13
4
0
-5
20
17
15
-2
-12
-22
-33
-33
-40
-31
-24
-18
-9
12
2
29
24
11
-12
-18
-1
-25
10
14
42
36
31
20
11
38
33
62
58
67
75
53
71
56
63
62
55
59
47
69
46
55
74
63
76
91
109
98
106
91
86
68
61
58
60
44
24
29
3
-2
13
57
66
61
73
11
-14
-42
-65
-51
-40
-12
-6
-25
-45
-88
-110
-130
-139
-107
-103
-55
-52
-58
-90
-115
-130
-135
-139
-134
-137
-137
-127
-142
-113
-95
-92
-54
-33
-25
-24
-31
-32
-39
-50
-26
-32
-32
-22
-16
-18
-21
3
6
37
32
50
53
49
39
31
46
59
88
81
102
91
76
35
8
6
14
46
61
90
100
110
107
89
93
89
87
94
61
46
20
11
-20
-2
23
55
102
131
135
113
95
91
59
61
57
59
59
50
32
5
-3
-25
-11
17
41
55
46
38
8
4
-16
-11
-25
-26
-17
-45
-85
-88
-102
-104
-101
-104
-97
-87
-105
-109
-114
-122
-118
-108
-106
-132
-142
-151
-156
-178
-186
-181
-156
-142
-112
-110
-97
-100
-104
-110
-122
-97
-100
-82
-71
-70
-68
-50
-64
-66
-45
-6
21
42
61
62
81
93
104
121
130
150
158
150
142
140
115
110
144
156
174
185
207
204
199
197
201
186
183
214
191
188
171
164
142
139
148
144
136
124
101
89
52
43
28
38
47
42
24
-1
-22
-44
-50
-84
-49
-45
-81
-97
-102
-138
-162
-159
-163
-136
-130
-121
-120
-153
-154
-193
-199
-216
-215
-215
-184
-174
-163
-168
-178
-180
-174
-156
-127
-105
-114
-99
-123
-103
-104
-100
-86
-71
-69
-73
-23
-39
-37
-18
-3
3
1
39
14
29
15
50
33
63
92
92
136
127
157
164
158
130
152
143
136
150
134
116
121
139
141
156
161
180
172
167
159
155
135
118
126
113
113
108
118
120
123
117
114
90
81
73
50
66
33
19
-20
-30
-49
-68
-78
-73
-85
-91
-88
-130
-127
-165
-163
-165
-158
-150
-159
-144
-148
-176
-186
-180
-223
-215
-223
-210
-188
-191
-181
-188
-168
-189
-178
-154
-149
-126
-87
-78
-75
-75
-86
-89
-49
-36
-10
26
34
68
61
86
76
76
86
88
92
83
107
120
138
151
162
166
155
162
161
162
187
197
186
209
202
183
193
187
196
203
196
189
173
147
127
121
100
88
93
87
85
89
108
105
68
66
57
34
23
25
16
12
-2
-22
-19
-47
-59
-73
-77
-103
-84
-84
-87
-90
-108
-125
-167
-170
-179
-177
-189
-177
-193
-209
-216
-213
-221
-207
-188
-192
-166
-160
-167
-177
-190
-213
-224
-222
-229
-205
-188
-168
-160
-132
-128
-124
-123
-132
-117
-86
-67
-46
-24
-10
9
-2
29
17
24
54
64
87
101
115
127
149
142
153
174
188
197
206
213
217
235
231
248
279
274
276
271
256
265
262
252
259
275
255
254
237
201
179
167
148
111
134
143
142
142
145
114
85
56
6
-16
-17
-27
-13
15
-7
-28
-58
-108
-161
-172
-203
-197
-185
-174
-174
-205
-204
-241
-239
-255
-271
-256
-242
-249
-267
-236
-252
-255
-223
-235
-239
-239
-247
-263
-241
-236
-186
-163
-133
-107
-112
-113
-125
-120
-129
-114
-74
-37
-7
8
24
31
18
15
23
41
69
94
138
162
169
186
173
158
145
169
162
169
170
176
187
180
206
192
223
212
218
219
229
224
219
232
215
224
217
198
158
171
145
130
138
124
137
144
143
129
107
73
51
20
6
9
-2
-18
-21
-37
-66
-67
-57
-75
-71
-101
-115
-124
-144
-137
-148
-141
-169
-166
-195
-214
-219
-233
-229
-225
-190
-196
-180
-183
-206
-209
-220
-239
-215
-209
-198
-220
-207
-219
-231
-196
-183
-167
-134
-95
-80
-74
-47
-42
-45
-26
-41
-31
-25
-9
11
39
68
90
114
131
141
159
159
179
190
179
188
172
165
147
142
162
184
199
220
237
238
227
218
217
202
202
183
173
179
179
143
132
121
106
103
115
118
112
110
87
58
67
46
41
34
35
45
23
6
-22
-34
-69
-56
-40
-42
-29
-22
-25
-46
-71
-90
-100
-115
-114
-100
-90
-95
-105
-105
-128
-148
-176
-185
-179
-192
-158
-146
-139
-149
-148
-142
-140
-145
-149
-163
-151
-160
-165
-173
-164
-157
-154
-130
-125
-84
-88
-73
-60
-58
-62
-66
-34
-31
-19
6
17
-15
-16
1
-19
-5
33
42
51
94
102
106
124
132
127
132
131
124
123
117
117
140
142
158
162
152
166
144
138
125
120
139
150
159
190
162
141
110
65
43
29
47
65
70
91
83
68
29
26
8
9
22
7
7
-34
-38
-50
-48
-39
-28
-27
-35
-40
-56
-79
-79
-69
-80
-69
-83
-80
-73
-94
-87
-69
-58
-28
-46
-50
-68
-78
-75
-92
-83
-71
-50
-61
-42
-55
-50
-69
-58
-58
-60
-53
-56
-71
-84
-92
-81
-44
-32
-18
-1
-2
1
-15
-20
-14
10
20
28
34
13
8
-21
-7
-26
6
24
49
76
86
85
78
79
68
66
53
68
68
46
51
56
45
53
77
82
73
89
85
62
53
50
31
26
49
35
42
32
4
-8
-24
-29
-56
-9
-18
2
13
-7
-9
-41
-42
-44
-32
-56
-66
-74
-82
-92
-95
-82
-63
-57
-41
-27
-33
-36
-63
-59
-35
-43
-45
-47
-55
-52
-40
-43
-50
-36
-42
-36
-29
-16
-21
-31
-19
-6
14
16
56
55
38
29
23
19
16
32
35
63
87
90
67
62
60
67
65
101
110
110
96
83
63
59
71
64
72
68
63
58
50
34
-3
9
18
5
29
28
56
44
48
29
18
-7
-33
-38
-43
-45
-35
-49
-35
-39
-50
-24
-26
-25
-26
-11
-21
-33
-37
-47
-62
-56
-65
-62
-53
-64
-83
-71
-66
-81
-53
-37
-40
-45
-13
-40
-42
-40
-61
-60
-71
-73
-77
-79
-65
-44
-35
-19
-7
-33
-46
-70
-64
-70
-63
-49
-44
-21
3
0
-10
-8
-29
-5
25
27
44
52
58
57
51
55
30
49
76
61
78
96
107
92
91
106
113
101
105
97
73
82
73
87
75
72
80
70
77
96
117
107
106
108
91
71
74
64
46
24
-5
5
-8
-1
-14
-14
-15
-40
-14
-6
-15
-52
-66
-74
-82
-67
-66
-67
-78
-95
-120
-120
-133
-147
-136
-96
-79
-47
-40
-67
-73
-105
-120
-121
-128
-118
-118
-105
-80
-73
-58
-59
-43
-54
-32
-18
-15
-8
-6
-19
-23
-23
-24
-21
-9
-14
-14
13
31
27
24
36
50
63
78
60
59
61
55
68
63
68
81
67
76
96
86
109
110
127
116
121
125
94
87
71
71
66
80
69
81
52
70
73
57
54
44
60
53
48
71
53
20
25
24
15
2
-11
-24
-40
-60
-60
-62
-55
-47
-51
-31
-32
-46
-54
-91
-103
-98
-84
-72
-74
-80
-90
-95
-92
-102
-115
-119
-106
-83
-63
-66
-75
-75
-105
-119
-141
-125
-107
-100
-61
-55
-39
-29
-38
-65
-62
-78
-52
-27
-6
11
7
16
7
-18
-23
-23
-7
13
57
93
101
91
61
22
27
39
51
87
116
148
143
155
138
112
92
76
65
86
98
119
98
93
86
81
82
91
75
94
108
79
100
75
78
57
52
58
47
35
15
-1
-11
-10
9
31
39
45
41
54
39
9
-4
-23
-37
-40
-42
-48
-58
-49
-52
-68
-80
-79
-80
-87
-71
-63
-50
-47
-67
-74
-85
-105
-121
-120
-129
-138
-106
-96
-95
-102
-111
-130
-115
-114
-89
-59
-49
-12
-17
-35
-41
-75
-104
-112
-108
-96
-74
-46
-43
-26
-21
-24
-14
-4
1
25
49
61
60
58
64
51
71
71
60
59
64
62
78
86
95
128
118
130
125
126
127
100
77
57
63
64
81
65
79
74
63
55
53
68
56
75
75
61
59
47
7
-15
-22
-12
-26
-2
-18
-16
-12
-12
-1
14
11
25
20
-11
-16
-24
-49
-58
-41
-38
-29
-34
-52
-64
-63
-77
-56
-65
-57
-44
-21
-34
-29
-25
-54
-63
-65
-53
-73
-43
-48
-30
-25
4
25
4
7
16
13
-4
-5
-30
-45
-34
-24
1
-2
2
9
-15
5
13
38
35
38
27
9
11
-5
-2
-22
-19
-8
3
29
39
42
7
18
7
-14
-6
-30
-32
-42
-18
-13
10
-2
-2
12
-11
-28
-46
-39
-62
-14
17
69
77
21
-34
10
141
183
156
-120
-438
-652
-530
-203
182
491
642
522
253
20
-132
-149
-100
10
91
133
91
4
-134
-156
-68
145
400
506
390
-3
-514
-797
-665
-266
141
409
505
396
131
-99
-208
-236
-100
137
288
261
137
31
-123
-245
-212
-11
219
370
297
65
-134
-213
-190
-140
-105
-88
-48
-8
19
-1
-52
-99
-188
-265
-255
-133
23
36
-7
-90
-173
-208
-150
-51
28
96
163
156
65
-46
-177
-201
-142
-21
113
217
231
94
-74
-163
-175
-97
35
126
155
82
19
-72
-98
-82
-4
91
175
211
186
130
15
-91
-140
-89
8
134
229
244
177
112
33
3
43
96
160
196
184
142
76
7
-38
-45
-28
41
108
137
118
63
0
-66
-84
-59
-12
10
35
18
25
-22
-55
-47
-57
-28
-21
-5
-31
-50
-87
-131
-148
-135
-86
-42
-13
4
-36
-73
-130
-180
-183
-166
-153
-121
-98
-94
-96
-113
-135
-133
-127
-85
-10
29
33
19
-29
-83
-60
-73
-53
-48
-13
3
38
41
12
-2
3
25
37
76
88
79
46
40
-1
-17
-18
-26
-15
11
61
77
88
70
29
27
10
25
43
47
28
32
48
59
76
45
59
66
58
55
61
32
2
11
25
37
63
87
71
74
49
36
49
51
58
44
39
34
30
37
15
-18
-21
-15
29
26
43
42
20
39
42
50
67
59
36
16
28
15
-8
2
-11
-15
-17
19
25
24
9
3
-7
-31
-24
-59
-53
-47
-39
-16
-19
-27
-32
-46
-63
-56
-57
-64
-61
-69
-68
-56
-50
-24
-27
-16
-31
-30
-35
-55
-63
-55
-36
-51
-45
-49
-51
-41
-21
-21
-25
-53
-73
-71
-70
-71
-31
-29
-29
-25
-34
-18
-33
-25
-9
11
47
66
62
42
8
-26
-24
-14
-1
2
8
19
2
16
-2
20
37
42
38
40
44
16
14
-19
-11
-7
4
17
28
13
-10
5
-3
1
21
26
35
30
23
9
-9
-36
-45
-39
0
19
42
71
75
50
42
24
16
8
34
37
26
40
26
29
24
60
48
57
78
62
46
37
28
7
-3
6
12
1
31
39
40
35
13
0
-12
-8
-10
2
9
33
17
12
-25
-17
-22
-27
-12
-2
7
-12
-5
-48
-65
-66
-62
-40
-19
-18
-23
-4
18
-3
1
-13
-8
-23
2
11
24
3
-14
-18
-42
-37
-53
-48
-39
-26
-15
-14
2
18
10
7
19
0
-9
-21
-46
-63
-90
-73
-47
-48
-21
3
23
41
33
18
-11
-27
-25
5
3
8
28
29
16
17
19
31
35
39
19
-4
0
-23
-22
-21
-6
47
71
87
77
51
21
-14
-35
-38
-24
-10
20
1
-16
-34
-47
-41
-16
8
9
5
24
-2
-20
-11
-13
-28
-35
-35
-44
-38
-39
-18
-10
-25
-32
-20
-12
-17
13
5
-7
-33
-13
-20
-22
-3
-5
33
35
33
1
1
-42
-32
-11
-5
41
53
55
33
25
30
12
20
51
50
43
35
19
8
-19
9
15
42
64
52
56
3
-6
-15
-4
25
67
43
42
12
-27
-20
-9
12
32
84
76
55
28
2
-32
-26
-20
-6
5
10
5
-8
-14
-7
6
19
16
-9
-29
-66
-76
-82
-71
-59
-33
-29
-14
11
10
11
7
-8
-8
-19
-21
-36
-34
-27
-32
-19
-6
-11
-31
-24
-29
-19
-25
-5
-3
6
32
12
9
1
5
-19
-2
7
-8
-3
-5
3
-9
-6
7
8
29
45
51
52
37
37
19
-7
-2
-5
-3
17
25
45
44
58
33
32
26
24
17
14
18
18
21
9
0
-22
-29
-61
-44
-28
-26
-12
-1
9
-21
-16
-33
-49
-51
-50
-46
-36
-32
-55
-41
-60
-71
-78
-76
-80
-77
-67
-54
-59
-49
-38
-21
-18
-15
-16
-47
-63
-59
-61
-55
-44
-35
-14
-13
22
34
47
60
66
70
69
61
58
50
65
53
38
29
44
40
55
78
84
95
86
92
68
72
61
82
102
105
101
94
87
49
63
54
55
33
39
32
34
48
78
86
106
116
99
83
30
-3
-46
-51
-61
-57
-29
-15
1
-25
-25
-16
-15
-22
-21
-12
-39
-56
-82
-96
-108
-114
-119
-86
-68
-69
-76
-64
-94
-88
-82
-58
-63
-63
-42
-54
-44
-78
-73
-110
-108
-107
-111
-88
-58
-40
-20
-14
-6
-8
-19
-13
-27
-10
-33
-38
-46
-44
-32
-22
-9
21
46
57
63
55
58
24
20
28
25
15
13
15
10
13
32
44
76
57
58
77
82
89
90
108
87
64
43
31
-11
0
10
39
87
81
91
87
69
46
65
67
72
74
59
33
3
-16
-34
-45
-37
-28
-27
-3
6
25
21
26
34
13
7
-21
-35
-54
-70
-84
-91
-82
-77
-47
-29
-9
0
6
-4
-18
-50
-70
-79
-80
-73
-71
-71
-61
-52
-55
-51
-33
-40
-17
-16
-7
-8
-17
-8
-16
-4
-3
12
18
17
25
12
15
6
12
9
7
35
65
61
90
92
73
71
44
39
29
38
36
50
61
48
51
49
50
32
55
55
53
42
27
17
26
16
4
1
5
-4
1
4
-2
-1
7
-10
-17
-31
-44
-40
-68
-50
-77
-57
-60
-35
-29
-24
-18
-51
-57
-97
-107
-105
-73
-43
-33
-19
-4
-30
-42
-63
-67
-49
-53
-25
-7
-3
-9
-19
2
-29
-18
-25
-3
-4
7
23
7
-1
-18
-41
-52
-35
-35
-15
21
13
33
30
35
35
39
44
29
42
26
13
22
25
25
40
41
53
41
44
61
53
58
73
81
86
86
68
64
37
60
45
37
53
40
35
43
35
34
55
35
26
23
30
22
23
19
20
-6
-17
-26
-45
-60
-55
-50
-47
-45
-13
-23
-39
-45
-39
-47
-63
-52
-59
-81
-86
-61
-89
-72
-64
-67
-64
-40
-26
-16
-14
-14
0
-19
-13
-9
-6
-14
5
10
-1
18
-6
10
5
18
23
15
25
20
22
22
43
39
46
39
36
30
5
-8
-39
-48
-40
-29
-11
1
26
9
18
3
-7
-28
-6
-6
13
44
29
26
21
1
-22
-18
-21
-11
5
21
20
38
30
44
42
57
54
60
67
47
36
14
35
36
37
38
44
42
17
14
8
11
29
44
48
44
41
11
-15
-20
-34
-39
-34
-26
-46
-65
-79
-88
-87
-94
-83
-55
-61
-53
-58
-53
-71
-67
-80
-87
-97
-106
-98
-122
-110
-99
-74
-61
-25
-25
-14
-7
-8
-1
-13
0
1
4
33
29
25
8
20
19
23
35
49
74
104
123
124
120
88
81
75
43
40
56
61
84
116
119
97
79
40
22
3
5
20
41
69
69
75
44
20
9
-8
6
0
17
6
6
10
-2
22
25
18
6
9
-15
-30
-58
-44
-50
-54
-23
-9
-16
-11
-16
-28
-31
-36
-35
-48
-37
-46
-58
-46
-66
-64
-69
-69
-47
-44
-18
-38
-35
-62
-83
-61
-58
-45
-23
-15
-21
-39
-67
-64
-87
-58
-46
-7
41
16
23
5
0
-2
20
23
36
47
33
18
14
20
9
33
43
59
60
56
56
43
46
35
58
58
30
29
43
25
20
13
30
27
24
37
23
11
-2
-4
2
-6
3
11
6
-5
-20
-45
-58
-74
-81
-41
-6
32
26
44
25
8
-23
-43
-28
-36
-23
-28
-14
-11
-29
-24
-15
-10
7
14
12
32
2
-11
-7
16
20
30
11
10
4
-29
-11
-26
12
33
51
74
79
46
11
-2
-11
-15
4
27
24
14
18
8
-21
-18
-30
-15
8
25
20
15
17
-10
-30
-28
-36
-31
-28
-13
-10
-16
6
-13
-16
-24
-9
2
7
1
-4
-1
7
23
37
41
25
16
0
-9
-24
-26
-8
-10
9
25
31
26
12
-11
-15
-11
1
9
-1
-19
-23
-1
-17
-20
-16
-19
-6
8
9
-6
-31
-29
-31
-5
17
7
14
12
6
-8
-10
-22
-29
-14
-18
2
-7
-2
-13
-13
-11
1
18
12
32
11
7
30
6
0
-11
-30
-23
-17
-29
-36
-27
-19
-22
4
15
-1
5
-7
-17
-9
-13
-28
-38
-33
-20
-29
-32
-24
-38
-47
-17
5
24
55
11
-31
11
24
-49
31
43
-37
15
-13
-36
22
6
55
114
72
57
63
26
6
38
42
51
53
47
47
58
54
35
53
22
9
31
53
63
75
77
93
59
45
38
-10
-10
-3
10
13
34
7
6
-1
-15
-34
-44
-33
-54
-18
-23
-5
-23
-44
-51
-61
-65
-61
-57
-56
-63
-99
-80
-91
-89
-84
-65
-57
-43
-51
-59
-54
-75
-62
-26
-28
-32
-34
-20
-43
-41
-7
-9
-7
25
35
28
38
34
10
19
26
15
44
44
30
19
47
44
36
73
64
54
62
60
37
18
3
4
15
22
39
49
48
41
40
24
15
13
8
8
5
17
4
-23
-20
-19
-42
-22
-11
-17
-10
-12
1
-11
-5
12
3
15
8
-3
-25
-40
-49
-58
-41
-31
-17
-12
-3
-7
-17
-3
-20
-19
-10
-6
-12
-15
-4
-25
-22
-32
-36
-54
-56
-54
-46
-33
-2
3
26
36
35
27
18
34
9
4
-14
8
20
16
46
44
35
46
50
38
34
63
54
66
89
72
75
80
75
67
58
50
31
4
-4
-17
10
24
20
44
35
31
14
0
-5
-15
-12
-3
-1
-23
-34
-50
-57
-59
-66
-56
-49
-27
-46
-44
-46
-62
-66
-79
-73
-57
-50
-47
-56
-45
-54
-67
-61
-70
-54
-50
-18
-16
18
1
-6
4
13
1
15
18
19
6
12
18
21
28
2
12
-3
8
15
19
39
47
34
40
39
13
-6
-7
-15
-7
-3
0
3
4
4
17
23
24
36
21
20
17
-1
3
-18
-15
-17
-24
-5
-21
-7
16
18
33
42
31
26
-10
-19
-16
-32
-22
-12
-12
-3
-8
18
18
23
21
23
26
7
23
2
0
2
17
16
5
2
-20
6
2
17
24
20
17
16
14
-4
24
19
31
31
33
13
0
-14
-31
-32
-26
-3
10
29
42
43
47
37
19
14
-1
-10
10
-3
-3
-10
-25
-32
-29
-24
-26
-28
-22
-18
-11
-4
5
12
13
19
2
-8
-31
-68
-82
-83
-73
-45
-43
-34
-4
8
-7
6
-8
-22
-39
-14
-24
-13
-11
-31
-29
-36
-32
-36
-12
-11
-5
18
37
37
37
51
38
38
38
39
28
9
5
-10
23
8
25
47
51
58
49
54
40
20
12
27
14
22
24
5
-14
-24
-40
-38
-29
-27
-17
-5
9
15
-2
-14
-15
-21
-21
-22
-9
-23
-17
-17
-35
-29
-26
-29
-21
8
13
17
15
11
-15
-36
-22
-31
-35
-34
-14
-28
-26
-16
-18
1
4
26
53
42
32
20
4
-26
-33
-32
-25
-11
5
24
28
5
2
18
16
21
24
37
42
54
64
55
38
28
-3
-6
8
3
8
21
50
31
57
49
56
55
59
57
30
33
7
-2
-22
-15
5
0
4
5
-8
-11
-28
-39
-31
-16
-13
4
8
0
-30
-41
-72
-95
-73
-78
-61
-49
-38
-37
-50
-70
-71
-71
-66
-45
-21
-23
-25
-28
-43
-51
-48
-43
-42
-37
-8
12
19
32
31
44
46
45
48
42
48
42
65
68
75
75
69
67
58
50
36
37
43
53
47
64
47
29
26
11
-11
-6
6
3
7
-3
19
13
-1
-16
-35
-60
-63
-74
-65
-63
-37
-39
-47
-22
-35
-44
-65
-57
-67
-42
-39
-40
-38
-48
-40
-53
-38
-40
-49
-41
-31
-23
2
17
19
31
44
52
44
36
20
14
11
21
29
44
50
37
37
52
50
53
56
69
67
62
58
53
32
36
42
42
25
15
13
0
13
10
38
40
33
38
45
47
47
32
20
6
-18
-23
-36
-39
-48
-42
-23
-16
-21
-26
-33
-54
-45
-55
-47
-28
-30
-26
-34
-41
-56
-80
-74
-77
-58
-27
-7
8
-10
6
-12
-16
-26
-23
-25
-27
-14
-19
-2
1
1
-13
-11
-2
1
11
-4
-3
-2
-9
-2
18
11
7
10
8
3
0
-7
13
23
36
47
37
33
6
6
8
6
24
34
40
30
46
39
37
21
33
30
17
22
0
-3
-2
1
-8
23
5
11
7
10
-5
-11
3
1
-2
-2
-11
-31
-36
-52
-48
-36
-14
4
-2
10
-23
-31
-52
-57
-31
-21
5
26
24
4
-6
-31
-34
-55
-48
-33
-33
-32
-29
-24
-21
-16
-1
21
19
9
11
5
20
-11
5
-2
-4
-1
-3
-1
1
10
25
50
51
63
50
67
58
62
65
64
72
42
33
24
14
14
13
11
17
38
53
58
56
53
38
22
9
1
-10
-15
-18
-15
-12
-31
-5
-22
-17
-43
-23
-5
-13
-15
-11
-7
-25
-27
-37
-41
-59
-42
-41
-28
-44
-36
-37
-43
-29
-21
-18
-21
-14
-13
-23
-47
-44
-46
-47
-31
-13
-6
8
15
10
3
-10
-7
-13
-6
-10
3
18
25
13
15
-5
-17
-1
-5
16
29
47
50
31
29
34
9
17
12
28
24
18
13
8
-7
0
13
-5
15
19
14
13
30
21
13
6
-2
-8
-8
-6
-14
-33
-34
-28
-15
-19
-5
20
7
12
14
3
-6
-26
-37
-32
-62
-46
-45
-40
-35
-27
-6
-12
-3
-6
-7
-7
-16
-36
-31
-44
-34
-28
-24
-18
-5
-13
-19
-14
-22
11
34
61
57
74
64
51
28
19
15
25
28
35
36
49
48
32
41
34
43
63
70
64
55
47
22
14
-1
-4
22
31
48
29
33
-4
6
6
-3
24
-5
20
7
-11
2
2
-12
-14
-1
-4
12
14
28
12
12
5
-3
-1
-18
-10
-14
-4
-4
-28
-21
-34
-46
-34
-24
-24
-25
-22
-30
-33
-42
-44
-69
-48
-60
-60
-64
-71
-75
-79
-65
-63
-49
-40
-67
-62
-56
-70
-53
-44
-41
-32
-30
-18
-16
-13
-16
-40
-44
-43
-36
-21
18
47
47
52
44
47
30
21
32
22
22
23
37
50
39
58
69
68
75
74
72
62
71
61
73
68
56
50
51
50
48
57
45
22
25
23
29
26
52
66
44
34
16
-16
-30
-25
-34
-30
-14
-19
-28
-20
-31
-17
-21
-26
-31
-30
-19
-14
-17
-20
-24
-23
-31
-33
-41
-39
-41
-61
-21
-23
2
8
4
19
-16
-16
-16
-4
-16
-13
1
12
10
-2
-25
-37
-42
-59
-34
-19
-14
-6
-4
2
-16
-6
0
4
-7
-16
-14
-19
-22
-23
-26
-17
4
11
30
1
15
3
19
18
27
33
39
61
34
46
39
41
30
26
27
40
42
41
56
40
44
28
19
23
1
4
12
5
2
-5
-5
7
-10
-2
-1
-3
-2
-18
-26
-34
-29
-44
-44
-31
-43
-42
-19
-9
17
6
10
1
-18
-48
-40
-54
-47
-20
-11
4
17
13
-9
-5
-5
-3
-1
3
-10
-27
-28
-15
-15
-16
2
-15
-18
-12
-21
-24
-24
-26
-33
-12
2
17
21
16
-8
-34
-32
-51
-35
-33
-10
5
10
19
0
8
-10
6
9
28
24
25
23
31
27
18
32
34
39
33
54
42
45
41
56
58
56
72
62
64
51
42
21
17
9
-11
4
16
36
43
43
36
2
-9
-37
-40
-39
-19
-9
-12
5
-9
-10
-53
-51
-65
-66
-58
-43
-19
-24
-10
-19
-29
-44
-66
-57
-68
-55
-23
-20
-6
-8
-4
-22
-23
-23
-34
-6
4
27
36
32
28
20
27
18
16
15
14
14
33
30
39
46
26
30
38
32
26
24
13
16
20
23
13
4
-4
-17
26
27
16
27
39
5
1
-2
-16
-17
3
12
-13
-24
-27
-55
-84
-72
-50
-53
-19
26
21
7
7
-13
-52
-60
-47
-36
-40
-27
-17
-21
-15
-23
-25
-23
-15
-24
-22
2
10
12
6
10
6
-6
-1
0
0
-2
-15
-3
-5
-12
-12
6
8
-5
17
3
9
13
20
27
17
22
7
-3
-15
-2
10
10
26
25
17
4
10
1
-8
13
14
21
4
25
7
14
14
4
11
3
23
22
38
23
38
30
29
8
-9
-6
-1
28
38
69
52
54
36
27
33
23
32
35
42
34
27
31
3
9
7
16
37
46
39
25
23
-3
10
5
-8
-8
-5
-22
-21
0
-26
-38
-36
-47
-49
-50
-38
-36
-25
-29
-29
-47
-69
-84
-71
-60
-71
-46
-34
-38
-59
-71
-69
-105
-84
-72
-52
-43
-33
-12
-33
-33
-44
-22
-41
-47
-38
-52
-45
-27
8
17
17
35
26
25
13
21
21
31
39
56
63
65
63
46
54
59
50
62
58
70
92
86
92
71
67
53
44
53
51
57
63
66
62
52
54
33
9
1
-11
-18
-10
-10
-7
-1
0
-7
-19
-37
-55
-64
-54
-56
-63
-47
-44
-43
-50
-48
-65
-76
-82
-91
-75
-61
-61
-51
-47
-48
-51
-46
-56
-49
-40
-34
-40
-45
-37
-45
-23
-15
-4
6
14
8
-10
-17
-11
-1
1
32
29
23
18
18
33
32
42
48
59
79
81
88
90
78
83
83
89
79
88
91
83
91
77
88
92
89
79
71
83
79
72
69
84
85
77
68
39
10
1
-23
-26
-7
8
9
10
5
-25
-28
-40
-45
-44
-34
-38
-33
-63
-81
-94
-128
-103
-114
-97
-82
-81
-81
-79
-89
-111
-107
-99
-87
-82
-71
-79
-84
-113
-102
-99
-83
-69
-55
-45
-47
-47
-41
-35
-40
-38
-39
-37
-40
-27
-32
-28
-14
-4
-1
-2
7
8
12
22
43
39
29
20
41
18
34
39
50
83
75
72
76
83
78
91
99
103
96
85
70
71
51
61
80
68
88
94
92
86
92
69
62
61
51
48
36
42
32
33
18
14
12
4
-4
-6
-8
-18
-12
-6
-3
-13
-16
-11
-12
-33
-28
-59
-57
-54
-47
-53
-50
-53
-54
-54
-49
-35
-41
-26
-18
-10
-2
-15
-16
-31
-39
-20
-31
-46
-60
-62
-49
-41
-25
-7
-14
-13
-26
-15
-35
-42
-37
-34
-22
-18
-2
-25
-33
-47
-40
-50
-33
-11
8
24
37
38
37
34
28
9
-2
6
-15
1
-11
11
12
19
29
31
27
27
22
20
32
37
40
27
40
21
12
24
19
11
4
18
17
10
26
16
17
4
-7
1
2
1
24
31
51
45
33
10
-21
-20
-25
-11
21
26
41
39
30
6
-6
-15
-11
1
13
32
15
23
3
-5
-23
-25
-32
-46
-24
-16
-22
-13
-19
-15
-31
-28
-20
-25
-19
-35
-30
-36
-45
-43
-51
-29
-13
27
47
42
32
1
-18
-31
-38
-30
-20
-8
8
7
17
11
-7
-5
-2
17
16
20
27
1
-3
-1
-1
3
3
14
-4
3
4
1
6
20
21
38
47
31
24
7
-7
-9
-23
-12
-6
-13
-7
-1
22
6
31
35
32
21
14
5
-6
-8
-23
-13
-17
-18
-16
-5
-21
-30
-22
-33
-26
-1
3
16
20
11
-7
-14
-18
-30
-20
-7
6
4
16
-1
0
0
15
25
31
45
50
61
39
43
30
30
44
34
31
22
14
2
2
2
12
-1
1
10
-11
-9
-6
-9
-16
-33
-35
-37
-43
-44
-51
-60
-70
-66
-70
-84
-80
-61
-55
-53
-33
-34
-32
-22
-23
-14
-20
-12
-24
-23
-24
-26
-30
-18
-16
6
22
17
35
32
30
24
32
31
24
41
38
50
53
39
26
29
27
34
46
55
67
64
51
40
27
17
19
17
32
32
32
29
21
4
-10
-6
14
20
41
47
31
29
3
-19
-32
-36
-32
-33
-18
-7
-15
-6
-4
-14
-18
-27
-28
-37
-52
-50
-46
-49
-39
-36
-33
-21
-7
7
15
20
4
18
6
1
8
-15
-12
-2
-4
2
20
19
6
13
8
4
2
2
6
11
37
39
46
23
13
6
1
13
2
16
0
10
0
15
22
31
36
27
23
1
-16
-14
-17
-27
8
4
3
15
-16
-14
-28
-29
-27
-30
-11
-23
-21
-12
-12
-14
-12
-14
-30
-23
-51
-57
-59
-72
-57
-55
-22
-17
-13
-9
-30
-32
-41
-55
-36
-17
-19
6
21
24
24
34
26
10
6
5
13
32
36
47
48
47
52
40
26
1
11
5
22
34
47
70
60
49
31
31
25
9
16
13
-5
1
-1
3
-20
-21
-23
-32
-17
-16
-12
3
-7
1
2
-7
-33
-38
-50
-51
-36
-16
-18
-11
-21
-23
-14
-3
-5
3
19
-1
7
1
4
-3
7
-5
20
18
31
26
1
-8
-22
-13
-8
13
21
36
38
25
13
-4
-3
-12
10
11
19
29
29
9
-9
-1
-27
-12
-8
-11
-4
5
-3
-9
-5
4
4
1
14
-4
14
2
-7
7
1
20
19
18
8
7
13
-1
-9
-22
-16
-12
12
26
31
37
7
6
-21
-37
-35
-28
-13
-3
13
14
8
-5
-23
-28
-14
-14
-7
-4
1
12
19
10
18
-4
10
5
2
2
3
10
-1
22
13
5
0
3
-9
5
19
15
10
4
3
3
4
1
-4
2
-20
-23
-35
-38
-33
-25
4
-15
3
-17
-25
-34
-37
-46
-50
-40
-54
-47
-45
-44
-44
-39
-44
-41
-42
-33
-32
-33
-16
-13
-16
-20
-15
-28
-36
-25
-26
-22
-25
-12
-3
0
15
13
25
32
36
50
46
51
56
60
69
73
70
47
56
49
49
61
67
69
92
97
97
90
83
80
68
72
50
54
44
41
55
43
55
53
44
33
37
12
6
8
15
15
17
17
-8
-23
-48
-56
-52
-46
-39
-39
-49
-40
-45
-55
-64
-54
-50
-60
-53
-49
-69
-74
-81
-85
-69
-53
-45
-35
-54
-48
-62
-72
-79
-82
-65
-74
-42
-43
-47
-39
-38
-33
-24
-10
6
2
-9
-14
-22
-25
-26
-19
-1
-5
2
7
-5
9
4
10
21
52
58
67
68
50
28
27
22
31
42
48
60
63
52
38
44
37
48
59
69
63
52
36
32
17
16
17
30
29
29
32
16
-5
-1
0
6
26
26
37
40
26
16
-3
-6
-5
-2
24
18
12
-5
-17
-39
-49
-39
-37
-39
-28
-17
-15
-17
-23
-15
-20
-2
-3
-1
-13
-32
-41
-62
-57
-47
-35
-30
-23
-22
-37
-45
-47
-47
-49
-25
-14
-9
-14
-29
-27
-32
-16
-22
-17
-7
-4
-6
8
23
16
17
19
21
10
17
22
35
28
26
37
34
27
27
28
30
37
45
45
46
45
46
47
48
44
38
32
26
24
8
20
6
9
19
17
27
1
-2
-10
-17
-24
-21
-20
-26
-16
-11
-22
-24
-37
-40
-56
-54
-47
-44
-28
-26
-12
-10
-19
-22
-44
-56
-59
-36
-27
-8
-1
4
2
-18
-10
-14
2
20
24
30
30
17
-8
-9
-14
-21
2
21
28
46
44
44
34
8
-4
-11
-17
2
18
38
46
39
22
10
5
-5
-11
4
13
20
26
14
4
5
-2
-3
-7
10
3
-13
-11
-14
-25
-25
-6
-7
6
15
6
3
-16
-27
-27
-23
-12
-4
14
11
-7
-30
-31
-48
-47
-21
-17
8
-4
1
-8
-16
-12
-10
-2
-3
5
8
17
7
-9
4
0
-6
21
29
20
19
34
31
30
34
37
40
36
38
33
36
28
28
40
42
63
42
35
25
0
-3
7
3
-3
9
-3
-2
-9
-20
-17
-21
-38
-34
-19
-32
-37
-36
-37
-35
-30
-42
-54
-56
-84
-65
-69
-48
-52
-41
-46
-57
-43
-40
-27
-25
-11
-36
-22
-32
-26
-20
-17
-3
-18
12
-2
17
22
25
35
37
51
53
53
61
40
30
43
45
57
41
37
30
22
24
36
46
47
72
67
71
50
38
26
8
20
15
28
24
18
8
2
-4
-9
-9
-3
-6
0
9
-12
-9
-32
-40
-25
-11
-15
-9
-18
-30
-40
-37
-33
-39
-18
-17
-34
-38
-31
-38
-39
-39
-32
-9
-12
-13
-30
-37
-31
-50
-32
-33
-12
-7
3
18
9
17
9
9
-10
8
9
8
17
22
11
17
23
20
34
44
56
55
55
57
29
26
31
17
27
24
31
35
25
23
23
1
1
-7
-4
-12
-11
-10
-8
-14
-13
-18
-28
-20
-35
-35
-37
-26
-29
-44
-22
-32
-15
-22
-27
-24
-24
-32
-42
-41
-51
-40
-37
-11
-13
2
9
9
6
-3
4
0
-4
-11
18
11
14
25
31
14
17
22
13
9
5
10
0
1
16
17
20
36
19
26
14
21
21
24
39
31
23
-5
-3
-14
0
2
7
17
0
-7
-15
-20
-37
-32
-25
-10
16
17
18
10
-2
-23
-37
-26
-19
-2
11
21
17
8
-8
-19
-37
-35
-25
-2
17
29
36
29
15
2
10
-6
23
26
49
48
50
34
11
6
-17
13
17
35
25
19
2
-5
-20
-6
-4
2
15
5
9
-18
-28
-47
-46
-46
-22
-16
-8
1
9
9
-2
-7
-22
-20
-22
-9
-5
4
8
-1
-7
-9
5
9
20
33
38
35
26
29
7
2
-4
-13
-18
-21
-8
-12
-11
-10
-10
-5
-8
-5
-14
-14
-24
-24
-36
-50
-54
-59
-66
-60
-53
-53
-40
-30
-20
-7
1
7
11
-10
-23
-20
-36
-44
-21
-11
6
27
42
44
40
31
20
15
21
42
52
56
56
47
35
26
21
10
26
31
38
43
35
36
25
13
19
7
16
13
9
1
-8
-18
-20
-29
-33
-5
-5
3
8
-5
-7
-7
-5
-10
-19
-27
-22
-21
-22
-22
-17
-12
-11
-5
-2
14
18
25
32
31
21
10
-15
-14
-8
5
16
18
10
12
-3
12
8
3
22
20
6
12
4
-9
-11
-2
15
2
6
9
-18
-8
-15
-3
0
8
16
24
20
8
8
1
9
5
12
2
-6
-4
-9
-5
-4
8
7
-11
-20
-8
-4
-6
11
12
14
9
-13
-17
-36
-32
-35
-13
1
-2
-2
-15
-30
-43
-41
-23
-22
-36
-26
-37
-47
-36
-50
-35
-40
-44
-36
-46
-48
-54
-62
-56
-47
-30
-4
-13
-8
-10
-30
-19
-18
-13
1
28
50
37
67
46
38
21
18
12
19
41
57
60
78
71
62
68
65
69
53
65
42
63
61
53
50
55
43
38
32
31
31
20
26
22
20
33
21
4
1
1
-3
2
15
-4
-5
-19
-17
-34
-40
-43
-53
-43
-43
-33
-27
-17
-34
-29
-48
-54
-47
-52
-46
-45
-34
-36
-30
-30
-32
-23
-9
0
6
19
8
-11
-17
-23
-26
-38
-19
-28
-13
-15
-13
-9
-1
6
4
27
37
32
21
-2
-13
-22
-29
-14
-10
-3
17
14
16
3
-8
-4
-14
5
13
16
22
35
24
8
5
5
2
0
11
21
24
12
32
21
21
7
7
15
9
21
6
8
11
-4
-2
-4
-11
-14
7
-4
9
8
-2
-12
-11
-11
-2
-17
-3
-5
-16
-17
-13
-5
-11
15
9
21
23
18
-3
-8
-21
-23
-23
-18
-6
8
5
7
-1
-12
2
-6
0
3
13
16
3
-2
-13
-23
-14
-2
32
38
24
35
13
12
15
22
22
29
23
16
-7
-14
-19
1
14
11
35
31
16
3
-19
-3
-7
-3
-5
1
-8
-5
-19
-21
-31
-41
-20
-23
-16
-12
5
-1
2
-18
-14
-23
-21
-22
-16
-21
-29
-29
-35
-20
-10
12
18
19
6
3
-12
-22
-4
-13
-1
19
31
10
17
7
-2
-2
5
18
16
20
13
34
18
18
31
24
7
5
11
1
1
2
7
20
-8
13
-3
-2
4
-6
9
19
16
-10
-13
-29
-24
-34
-21
-19
-21
-10
-13
-11
-13
-15
-24
-21
-28
-14
-10
-3
-9
-29
-34
-48
-45
-38
-31
-20
-2
2
-1
11
3
3
-12
-6
-1
4
31
24
46
45
44
49
31
34
26
38
52
50
45
33
27
24
26
37
37
49
56
61
44
39
-3
-2
1
-3
13
11
15
-21
-10
-15
-18
-15
-5
-3
-9
-15
-22
-38
-48
-51
-46
-42
-22
-26
-14
-23
-32
-26
-42
-35
-41
-41
-38
-24
-19
-20
-10
-25
-27
-31
-11
-10
-6
1
-7
9
-1
-6
-7
-9
-12
-12
7
-7
16
23
19
19
18
27
7
7
12
5
5
22
14
22
16
25
21
13
34
25
34
38
31
36
30
6
5
9
11
8
9
24
14
3
0
10
0
21
25
18
15
-6
-7
-18
-31
-27
-22
-21
-10
-12
-15
-32
-34
-36
-47
-42
-45
-28
-31
-29
-21
-19
-34
-34
-37
-27
-30
-21
-11
-7
-4
-13
-12
-15
-13
-13
12
24
30
43
46
47
32
11
13
-1
8
29
37
41
34
37
22
8
13
21
43
42
67
47
42
31
12
18
9
35
24
33
28
13
7
12
-4
4
7
10
16
12
13
3
0
-9
-9
-14
-16
-34
-33
-25
-27
-24
-10
-5
-17
-4
-22
-33
-32
-54
-33
-30
-29
-19
-42
-41
-71
-63
-71
-64
-50
-55
-33
-22
-13
-11
-4
-20
-24
-19
-32
-27
-35
-21
-20
-10
1
-5
-3
-12
6
1
16
10
25
21
35
46
44
50
39
63
36
40
43
56
50
61
73
75
83
70
62
50
49
39
41
38
42
40
43
36
32
37
39
23
19
12
-3
-11
-15
-15
-16
-25
-32
-47
-64
-80
-77
-68
-90
-84
-85
-76
-93
-101
-97
-99
-89
-71
-74
-62
-61
-65
-68
-66
-68
-61
-49
-20
-8
6
16
22
16
22
30
43
48
50
63
63
66
68
72
63
81
78
85
89
96
71
86
83
78
91
92
87
63
71
56
40
44
46
33
30
23
16
7
6
-2
-1
4
10
-3
-11
-29
-39
-44
-47
-41
-48
-53
-59
-52
-59
-46
-47
-57
-53
-66
-76
-71
-75
-65
-59
-48
-48
-57
-52
-59
-58
-60
-58
-51
-40
-33
-17
-22
-18
-8
-9
-15
-14
-17
-28
-18
-13
-7
0
11
12
27
21
24
30
24
34
35
47
44
50
45
43
41
35
38
41
52
53
59
54
59
51
59
59
61
57
70
74
73
61
56
46
22
25
19
22
12
21
24
11
6
2
-9
-23
-19
-17
-14
-33
-36
-55
-45
-47
-48
-52
-59
-67
-82
-72
-95
-90
-94
-86
-75
-82
-67
-75
-56
-63
-51
-50
-53
-48
-52
-32
-41
-10
-28
-26
-34
-25
-9
13
30
33
48
41
44
45
41
52
57
68
72
70
62
69
76
69
66
68
73
54
59
64
53
59
53
51
38
35
28
17
21
28
31
23
24
-1
-15
-20
-32
-28
-25
-14
-20
-11
0
-12
-6
-6
-18
-4
-10
-13
-17
-22
-29
-40
-34
-35
-32
-16
-11
-18
-9
-9
-20
-14
-21
-20
-10
-14
-4
-11
-20
-27
-36
-37
-35
-18
-20
-18
-17
-6
-3
2
-12
-22
-26
-31
-28
-26
-24
-26
-12
-1
-3
-6
-13
0
-17
-3
4
5
15
16
32
12
20
17
-1
17
14
10
31
25
3
15
10
1
13
10
20
21
26
25
20
9
3
2
-3
-4
6
8
17
3
-4
-6
-17
-8
3
23
20
35
17
8
-9
-6
-13
-19
4
1
2
6
15
10
7
7
12
1
-5
-3
-9
-13
-12
-2
-4
11
-7
4
-2
-7
-6
-10
3
4
25
30
40
13
9
-4
-13
-7
-14
7
-4
1
-1
-8
-7
-17
-23
-16
-9
-8
-3
-19
-25
-16
-16
-13
