0
0
-1
0
0
0
0
-1
0
0
0
0
0
0
0
0
0
0
0
0
0
0
-1
0
0
0
0
0
0
0
0
0
1
0
-1
0
0
0
0
0
0
0
0
0
0
0
0
0
0
0
0
0
0
0
-1
0
0
0
0
0
0
0
0
0
0
0
0
0
1
0
0
0
0
0
0
0
1
0
0
0
1
1
0
0
0
-1
1
1
0
0
0
0
0
0
0
1
0
0
0
1
0
0
0
0
0
-1
0
0
0
0
0
0
0
0
0
0
-1
-1
-1
0
0
0
0
-1
0
0
0
0
0
0
0
0
0
1
0
1
0
0
0
0
0
0
1
-1
0
1
-1
0
0
0
0
0
0
0
-1
0
0
0
-1
0
-1
0
0
0
0
0
-1
0
0
0
0
0
0
-1
0
0
0
0
0
0
0
0
-1
-1
0
0
0
0
0
1
0
0
0
0
0
-1
0
0
0
0
0
0
0
0
0
1
0
1
0
0
1
-1
1
0
0
0
-1
-1
0
0
0
-1
0
-1
0
0
0
-1
0
0
0
0
1
0
0
0
0
0
0
1
0
1
0
0
0
0
0
0
1
0
0
0
1
1
0
0
0
0
0
0
0
0
-1
1
0
0
0
0
0
0
0
1
0
0
-1
0
0
0
-1
-1
-1
0
1
0
0
0
0
0
0
0
1
0
0
1
1
0
1
0
1
0
1
1
1
1
0
1
0
0
1
0
0
1
1
1
1
1
-1
-1
0
0
1
2
1
0
0
-1
0
1
1
1
0
0
0
0
1
1
0
0
1
0
1
2
2
2
1
0
-1
1
2
3
3
1
2
0
0
1
2
2
0
0
1
1
2
1
-1
-1
1
0
1
1
1
0
0
0
-1
-1
0
1
1
1
2
1
0
-1
-1
0
1
2
2
1
1
1
0
0
3
2
3
1
0
4
3
3
2
0
1
3
4
6
4
3
3
1
2
3
4
5
4
3
0
1
2
1
0
2
3
2
1
3
4
1
-1
-1
-1
1
1
3
3
2
0
1
1
1
0
1
0
1
3
3
3
1
0
0
2
4
5
6
4
2
1
1
3
5
5
4
3
3
2
4
4
1
0
0
3
4
5
4
4
0
-1
-1
1
3
5
3
0
-1
0
-1
-1
1
0
1
1
2
3
3
4
3
2
2
2
5
4
2
2
1
3
2
4
5
5
5
4
6
5
3
3
1
1
1
3
6
4
3
0
0
3
3
5
5
4
4
2
3
2
-4
-3
-5
-11
-5
-22
-7
-30
-22
170
195
104
92
53
41
48
41
34
22
6
27
45
44
54
62
63
73
89
42
14
31
50
52
12
28
34
5
32
47
44
17
-6
16
6
1
32
55
35
-5
-6
-4
-7
-28
-27
16
-1
-24
6
18
13
18
-7
9
33
19
47
36
19
15
-21
-5
25
18
-3
4
5
-59
-11
56
-7
-25
0
-12
-22
-32
-33
-43
-19
12
-46
-78
-108
-114
-79
-48
11
-19
-58
-78
-117
-112
-41
-2
-18
-33
-77
-67
-61
-85
-51
1
-15
-63
-40
-24
-23
-27
-40
-18
-14
-55
-50
-30
-51
-48
-65
-35
-1
-15
-19
-54
-41
-13
-8
1
-29
-44
-56
-82
-99
-73
-20
-55
-62
2
-28
-54
-46
-47
-22
-15
0
-35
-64
-27
-34
-36
-48
-26
12
-24
-6
-14
-56
-23
3
9
4
-1
-3
-45
-58
-63
-68
-35
-48
-94
-84
-31
-37
-79
-61
-53
-82
-79
-75
-93
-70
-36
-58
-97
-63
-4
-27
-12
5
-53
-68
-66
-16
17
-13
-3
0
-28
-36
-24
-11
20
16
21
37
6
-6
25
68
68
80
73
45
64
46
77
104
61
85
95
81
98
77
60
93
111
109
128
130
128
146
145
139
148
139
160
198
190
155
116
127
164
161
182
184
126
105
118
144
180
186
174
144
110
116
133
150
155
124
99
106
67
49
99
96
85
84
71
63
69
52
64
84
38
70
73
18
33
16
-16
-15
10
39
36
29
16
-26
-43
-17
10
10
-24
-40
-42
-73
-90
-74
-75
-67
-18
-30
-78
-75
-65
-47
-59
-55
-19
-74
-117
-102
-89
-66
-44
-63
-77
-55
-77
-88
-56
-42
-55
-52
-52
-74
-55
-16
-17
-28
-21
-11
-17
-66
-69
-20
-38
-55
-26
-25
-33
-32
-14
-30
-32
-10
-28
-24
-47
-52
-47
-52
-18
-36
-42
-33
-53
-48
-34
-42
-44
-25
-31
-40
-40
-34
-27
-14
16
39
16
-57
-64
-39
-17
15
-10
-40
-58
-56
-69
-68
-41
-48
-30
-31
-38
-32
-35
-15
-29
-53
-42
-31
-40
-55
-55
-47
-22
-18
-32
-25
-57
-106
-87
-64
-43
2
-11
-22
-24
-63
-79
-52
-19
-4
-12
-71
-89
-76
-82
-47
-36
-14
-33
-100
-81
-76
-61
-39
-20
-8
-57
-62
-45
-55
-58
-36
-38
-47
-26
-33
-27
-1
-15
-34
-18
-6
-30
-32
-20
-12
-26
-41
-11
-19
-41
-24
-29
-43
-22
-12
-6
14
-14
-46
-23
-7
-32
-26
-8
-6
-23
-44
-27
-16
-14
-20
-9
8
21
20
-25
-7
21
23
45
16
-23
-24
6
26
49
87
90
74
51
65
94
97
111
95
63
73
81
84
118
139
133
126
128
133
128
97
120
141
98
113
143
145
153
142
121
132
152
136
147
182
182
144
127
181
200
162
153
148
122
121
118
106
107
109
134
108
94
107
99
128
132
114
93
103
108
91
95
77
81
55
16
17
4
15
45
48
37
33
19
14
38
36
24
26
8
12
9
-2
6
-16
-27
-23
-17
-15
-26
-15
-13
-24
-7
-9
-7
11
-31
-19
20
-36
-48
-7
-12
-13
-4
-25
-25
-25
-36
-34
-50
-28
-4
-8
7
4
-19
-7
20
-9
-21
-8
-16
-19
-29
-14
3
-1
-13
-22
-3
-15
-27
-14
-14
-17
-37
-36
-23
-12
-4
-38
-54
-49
-49
-21
-49
-88
-80
-87
-91
-91
-60
-27
-62
-58
-72
-125
-97
-100
-125
-104
-114
-118
-108
-90
-90
-117
-100
-107
-115
-98
-147
-144
-129
-131
-119
-118
-103
-136
-138
-107
-113
-98
-100
-117
-118
-109
-109
-112
-96
-90
-77
-70
-59
-45
-76
-94
-82
-93
-74
-18
-39
-51
-39
-57
-33
-29
-22
-18
-32
-10
-29
-32
16
40
32
16
32
3
-19
20
-1
-2
38
38
39
16
13
16
-28
-14
5
-3
24
14
-2
-6
0
2
-20
7
-10
-49
-40
-29
-18
-16
-13
-14
-41
-54
-33
-22
-39
-26
-19
-67
-55
-40
-62
-62
-82
-59
-58
-52
-27
-39
-49
-89
-91
-83
-76
-48
-48
-37
-22
-36
-48
-22
-35
-61
-27
-9
12
24
14
8
5
-2
-10
25
46
65
83
48
52
85
86
115
108
79
97
99
103
116
113
114
125
102
96
139
107
107
155
113
109
148
151
124
100
138
140
124
137
127
125
104
88
93
86
101
102
86
107
109
105
105
88
84
79
67
74
90
87
87
69
73
93
79
69
54
75
80
56
85
90
70
42
29
59
39
35
55
48
71
69
67
76
55
62
68
53
71
76
66
76
87
102
68
28
53
69
86
107
99
74
80
101
78
95
112
84
72
86
92
74
92
85
59
50
39
68
76
65
72
80
66
47
43
35
31
37
52
57
49
44
31
20
7
20
16
-13
-10
-23
-29
-12
-37
-58
-30
-38
-64
-54
-48
-49
-51
-49
-51
-75
-99
-90
-64
-78
-106
-112
-144
-153
-104
-126
-157
-133
-156
-149
-112
-110
-107
-107
-128
-140
-135
-121
-122
-125
-109
-123
-139
-121
-92
-108
-140
-101
-104
-95
-53
-70
-69
-59
-65
-86
-76
-51
-67
-75
-91
-75
-31
-36
-51
-42
-19
-36
-67
-63
-30
11
4
-18
-18
-31
-36
-36
-34
-40
-35
-30
-29
-4
-18
-38
-21
-31
-29
-2
4
-26
-46
-42
-89
-96
-59
-72
-66
-90
-104
-78
-91
-81
-78
-98
-89
-79
-90
-112
-109
-129
-156
-135
-112
-117
-139
-128
-144
-172
-142
-94
-80
-105
-86
-91
-101
-81
-111
-116
-114
-109
-97
-99
-101
-104
-96
-91
-84
-64
-54
-66
-60
-35
-34
-50
-41
-13
-10
-33
-45
-17
-27
-42
-18
-7
15
16
-18
-12
34
22
28
63
30
29
26
5
25
29
27
55
79
65
53
56
56
61
72
81
105
92
53
51
60
89
111
126
90
59
80
66
90
93
91
120
91
69
83
103
78
59
83
74
53
59
66
84
84
71
80
84
96
80
70
78
78
71
50
78
74
51
76
65
43
58
65
30
36
68
45
29
54
73
61
66
77
83
85
83
68
45
56
78
90
97
115
99
85
95
85
80
81
94
115
115
102
125
120
95
108
125
123
106
126
114
93
79
58
101
106
118
124
71
40
59
91
81
90
87
54
35
39
38
17
52
42
2
22
43
23
-8
-3
-27
-50
-41
-30
-17
-19
-36
-47
-46
-67
-77
-59
-45
-52
-69
-57
-54
-92
-101
-111
-107
-73
-85
-75
-76
-107
-107
-100
-90
-103
-79
-51
-61
-76
-66
-43
-57
-73
-62
-51
-92
-87
-45
-52
-56
-58
-37
-38
-30
-16
-31
-36
-49
-52
-54
-23
-25
-46
-27
-35
-41
-49
-23
-31
-67
-38
-34
-53
-35
-19
-20
-40
-45
-26
-35
-46
-60
-68
-61
-69
-63
-53
-46
-43
-66
-76
-42
-67
-99
-67
-106
-117
-79
-88
-93
-96
-102
-105
-110
-112
-104
-88
-88
-86
-89
-114
-104
-81
-118
-113
-121
-131
-81
-92
-82
-94
-102
-87
-98
-83
-89
-55
-59
-71
-55
-73
-74
-75
-40
-48
-76
-68
-71
-43
-22
-25
-28
-34
-39
-38
-24
-15
-13
-12
-16
-3
7
-31
-23
12
-7
-29
-11
5
-14
1
16
-10
-28
-12
12
6
-4
15
19
14
33
21
35
55
30
26
24
2
1
36
35
34
28
9
38
20
4
46
62
37
16
3
4
19
25
63
81
63
38
26
28
21
42
46
40
43
38
46
62
59
25
22
39
49
52
67
65
49
56
37
55
74
93
72
32
66
68
66
89
137
106
70
102
67
58
103
132
122
104
103
109
127
122
100
110
91
85
115
104
139
133
102
105
99
108
113
133
110
92
94
82
105
90
84
98
88
85
81
86
96
90
68
62
61
72
76
68
70
91
85
46
57
44
9
17
35
39
23
30
24
4
29
47
24
22
28
-1
-19
-5
8
7
11
10
-9
-25
12
30
13
10
-23
-43
-34
-23
-19
-7
19
5
-11
-20
-35
-19
-12
-12
-23
-53
-44
-30
-18
-6
-13
-10
-26
-50
-48
-32
-26
-15
7
-22
-42
-10
-28
-38
-11
-20
-49
-42
-14
-53
-49
-8
-34
-43
-55
-43
-13
-19
-11
-19
-48
-49
-32
-17
-8
-19
-29
-39
-46
-36
-29
-19
-17
-52
-72
-46
-53
-56
-30
-35
-36
-33
-19
-6
-20
-17
-5
-25
-52
-39
-29
-43
-49
-47
-51
-44
-24
-25
-23
-22
-54
-78
-66
-38
-45
-42
-27
-49
-70
-81
-70
-62
-77
-62
-63
-63
-50
-73
-80
-54
-61
-68
-48
-32
-57
-70
-51
-51
-28
-20
-40
-40
-40
-57
-43
-1
-23
-1
31
-33
-48
-33
-62
-54
-15
0
-10
1
-16
-48
-43
-53
-34
-39
-52
-30
-59
-61
-41
-25
-16
-38
-35
-53
-73
-39
-38
-75
-64
-39
-52
-50
-22
-45
-72
-54
-35
-34
-36
-19
-14
-42
-49
-35
-22
-13
-13
-20
-30
-33
-39
-23
-15
-29
-18
-6
7
2
-9
3
2
-3
1
14
18
14
17
12
5
22
4
-3
52
58
32
32
59
46
39
64
60
42
55
74
31
30
63
75
79
71
79
50
41
53
66
79
76
89
69
56
52
52
64
93
117
83
71
63
60
77
82
89
102
89
92
87
49
76
72
55
69
83
74
61
109
86
66
104
111
86
57
47
43
59
57
47
60
68
60
60
36
37
88
68
55
86
79
41
52
73
31
25
50
65
54
36
48
48
45
30
26
48
85
114
78
45
62
61
59
70
56
43
52
46
23
43
50
38
52
41
45
31
43
72
56
30
-6
15
24
23
50
24
-12
-5
26
3
-8
29
11
-17
-10
-14
-4
24
39
33
1
-17
-37
-23
5
3
-9
-34
-33
-42
-74
-43
-2
-10
-11
-23
-68
-51
-22
-60
-63
-40
-79
-96
-50
-41
-45
-33
-55
-78
-89
-79
-75
-62
-35
-61
-69
-71
-89
-60
-57
-66
-65
-93
-114
-95
-45
-35
-66
-61
-62
-103
-120
-56
-41
-86
-55
-62
-106
-99
-82
-71
-66
-37
-52
-88
-83
-80
-81
-79
-71
-65
-92
-109
-99
-115
-74
-53
-88
-81
-86
-78
-78
-50
-21
-35
-51
-91
-93
-80
-68
-46
-33
-60
-89
-71
-72
-84
-86
-67
-75
-67
-40
-51
-63
-56
-51
-78
-64
-79
-116
-84
-64
-63
-67
-62
-58
-84
-84
-58
-46
-40
-32
-25
-58
-84
-57
-46
-45
-48
-54
-50
-46
-42
-29
-8
-4
-21
-19
-15
-44
1
41
4
-5
-11
-22
-33
-15
-4
-16
4
7
-7
-7
23
20
11
20
12
5
4
27
27
19
12
-3
-13
1
37
40
40
42
37
26
19
30
39
52
37
27
60
52
41
64
60
46
27
33
59
42
23
23
38
51
37
39
23
10
13
11
38
36
31
30
2
-14
-2
36
42
48
61
24
-3
7
34
46
54
54
27
20
38
43
59
71
47
35
34
26
32
63
80
61
46
42
52
52
40
58
62
42
43
77
72
53
66
81
93
83
75
61
70
84
74
87
72
58
74
76
80
92
89
82
72
67
89
79
46
58
81
78
85
86
61
59
69
54
25
54
69
60
84
70
66
63
53
61
38
30
47
77
76
39
34
15
3
27
46
49
31
30
18
6
27
18
29
42
21
-13
-17
6
23
30
17
15
9
4
13
22
19
20
33
32
30
8
-11
10
40
27
-7
10
26
39
38
7
16
56
40
19
42
37
28
23
35
45
23
24
34
46
54
39
43
50
40
35
34
26
13
28
47
49
50
54
65
19
-19
-17
2
26
30
25
-6
0
8
-17
-17
5
-5
-17
4
-34
-44
-23
-34
-37
-39
-33
-51
-55
-62
-71
-82
-74
-32
-53
-56
-62
-83
-58
-62
-71
-70
-63
-76
-85
-76
-84
-80
-65
-55
-74
-83
-67
-94
-104
-80
-72
-89
-98
-76
-76
-93
-90
-82
-81
-64
-88
-108
-80
-95
-83
-77
-86
-55
-57
-83
-69
-46
-61
-46
-40
-68
-89
-77
-41
-34
-42
-37
-50
-76
-73
-72
-62
-43
-30
-26
-48
-48
-30
-23
-27
-50
-56
-54
-65
-61
-44
-30
-45
-60
-52
-72
-63
-44
-54
-59
-69
-62
-55
-74
-61
-40
-44
-54
-83
-74
-54
-66
-60
-75
-59
-50
-62
-38
-53
-60
-32
-46
-75
-53
-46
-50
-18
-25
-20
-13
-41
-63
-48
-15
-25
-34
-12
3
-12
-21
-18
-5
4
-26
-21
-25
-21
18
29
35
24
16
1
15
24
16
54
64
53
28
14
50
71
65
65
43
39
51
37
34
30
73
89
51
68
70
52
55
35
42
50
41
43
41
64
81
69
68
77
66
59
60
53
62
59
59
86
79
56
61
52
69
79
57
66
59
55
77
99
90
77
89
57
50
74
76
90
95
78
61
58
71
81
73
77
75
73
65
53
86
71
75
88
66
67
63
83
110
97
96
102
60
64
101
92
100
104
99
93
77
77
82
76
90
106
94
71
49
68
69
60
86
87
72
70
73
72
62
52
73
62
22
17
24
34
48
45
21
12
3
-21
-11
1
3
0
6
-5
-47
-30
-22
-40
-24
-32
-69
-45
-28
-53
-41
-39
-50
-65
-75
-65
-61
-59
-63
-74
-76
-83
-66
-63
-76
-53
-78
-102
-70
-81
-102
-80
-78
-73
-65
-72
-46
-44
-73
-82
-80
-86
-89
-46
-20
-36
-42
-52
-40
-40
-52
-41
-44
-52
-42
-25
-40
-34
-24
-24
-38
-50
-30
-39
-40
-45
-56
-43
-43
-43
-37
-42
-71
-79
-74
-72
-77
-94
-73
-77
-95
-82
-65
-66
-86
-69
-77
-110
-111
-111
-100
-97
-112
-109
-92
-105
-111
-112
-119
-110
-122
-107
-98
-101
-90
-91
-90
-111
-118
-103
-99
-89
-88
-106
-95
-90
-120
-101
-83
-84
-50
-60
-81
-64
-55
-66
-57
-45
-59
-52
-40
-48
-43
-36
-38
-25
-22
-43
-33
-6
0
14
28
13
14
28
12
19
39
17
6
21
26
9
18
35
22
14
25
34
14
15
33
45
48
24
44
42
3
35
35
24
37
17
17
33
24
17
30
9
-4
16
35
41
40
37
3
8
-2
-7
42
38
20
29
-3
-25
25
25
24
35
13
7
-5
8
11
14
24
27
24
12
38
36
30
50
37
25
43
47
35
58
56
62
74
53
69
75
55
63
80
82
77
73
91
105
86
80
105
108
96
122
142
118
114
124
100
127
131
119
133
111
97
65
78
108
90
84
93
107
107
104
92
109
119
82
77
86
60
65
99
67
63
52
33
58
27
41
67
49
68
72
68
52
59
74
45
35
49
28
-2
-8
11
34
5
4
27
9
12
25
24
36
35
11
15
27
23
47
36
17
14
-4
6
3
7
37
39
37
34
37
36
45
39
4
26
27
23
46
25
26
22
19
14
-6
11
15
13
15
4
11
5
-11
-12
-21
-21
-26
-21
10
-23
-34
-5
-9
-19
-15
-8
-29
-11
-27
-54
-34
-78
-80
-28
-46
-57
-43
-58
-48
-64
-72
-50
-59
-41
-33
-61
-82
-78
-79
-97
-80
-90
-98
-85
-105
-95
-87
-86
-92
-97
-78
-97
-85
-73
-98
-95
-85
-97
-96
-106
-111
-84
-97
-100
-89
-92
-81
-103
-101
-68
-72
-70
-51
-75
-91
-73
-84
-78
-68
-74
-60
-60
-54
-49
-70
-50
-44
-50
-37
-36
-21
3
-5
-44
-35
-17
-45
-38
-7
-5
-24
-6
5
-23
-9
10
-16
-8
7
-15
-6
-9
-25
-21
-32
-32
-15
-12
1
-12
-19
-3
-18
-12
2
-31
-23
-16
-31
-21
-31
-22
-21
-50
-47
-48
-46
-21
-29
-20
-11
-46
-23
-30
-49
-10
-24
-40
-34
-47
-42
-38
-26
-15
-33
-22
-23
-33
-12
-7
-5
-17
-34
-9
-10
0
22
0
4
20
33
41
45
56
33
24
26
28
44
43
51
47
50
53
54
82
80
57
68
73
61
83
116
102
91
102
81
78
75
66
108
98
79
117
121
115
129
125
106
103
111
92
78
105
80
77
109
75
67
90
104
120
113
122
142
109
102
105
87
112
132
119
121
129
93
83
105
89
90
134
135
114
131
114
104
109
96
109
82
77
98
93
111
95
83
91
78
101
105
89
103
90
79
81
67
72
64
72
90
57
68
99
83
92
99
85
82
84
90
104
92
88
101
62
74
83
36
59
41
21
50
53
47
52
75
64
42
43
36
27
39
16
13
33
9
9
1
-8
-11
-18
-7
-14
-29
-12
0
-48
-52
-41
-70
-53
-41
-62
-68
-73
-98
-93
-114
-148
-118
-107
-105
-93
-88
-88
-120
-129
-136
-150
-139
-129
-117
-115
-115
-128
-135
-158
-159
-128
-128
-98
-90
-111
-99
-115
-131
-134
-120
-89
-102
-83
-79
-122
-113
-114
-122
-113
-96
-91
-94
-85
-70
-59
-88
-120
-107
-118
-129
-122
-118
-85
-77
-101
-100
-99
-123
-124
-101
-119
-135
-104
-93
-104
-131
-162
-154
-137
-106
-97
-126
-141
-150
-132
-115
-141
-120
-89
-92
-76
-103
-117
-86
-100
-107
-91
-94
-85
-64
-64
-59
-63
-68
-44
-44
-58
-63
-54
-49
-45
-12
-4
-13
3
1
6
14
-7
11
24
6
8
13
16
41
50
34
21
45
65
52
50
43
52
53
62
80
56
54
68
49
32
45
46
45
68
88
73
60
77
80
71
82
90
82
94
59
39
92
74
64
102
96
98
115
118
103
88
83
77
94
102
100
118
99
101
107
96
101
79
85
110
116
96
79
90
96
92
98
101
81
92
90
69
69
56
77
69
37
58
82
82
71
76
63
23
23
52
40
46
74
68
62
46
33
43
31
35
55
34
53
70
30
31
25
5
51
73
49
37
41
43
31
30
25
29
57
62
58
59
23
3
13
3
21
48
37
52
50
24
48
42
2
20
31
-5
4
43
44
46
35
15
13
3
26
35
14
-1
0
22
6
-19
-7
-29
-32
-4
-22
-25
-24
-26
-26
-42
-30
-29
-43
-44
-46
-46
-40
-57
-64
-56
-71
-58
-49
-58
-51
-64
-80
-69
-46
-60
-63
-46
-71
-62
-57
-93
-67
-46
-75
-46
-40
-76
-43
-41
-76
-64
-59
-37
-32
-60
-56
-53
-64
-40
-13
-45
-63
-42
-38
-30
-18
-26
-48
-23
-15
-40
-24
-30
-40
-38
-43
-41
-34
-24
11
0
-44
-18
-12
-25
-22
-34
-52
-44
-43
-39
-8
-33
-46
-24
-20
-23
-31
-33
-25
-54
-45
-3
-37
-56
-62
-62
-45
-31
-28
-48
-52
-29
-29
-32
-35
-52
-40
-11
-4
-36
-26
-19
-64
-56
-44
-30
-32
-30
-16
-35
-11
-29
-61
-24
-14
-29
-19
-26
-31
-13
-16
-14
-46
-60
11
8
-9
-4
-26
-10
-7
-12
-21
-28
-16
-3
3
13
-2
-22
17
-7
-35
-6
-3
10
14
20
17
-5
18
27
-2
5
12
12
21
21
31
24
16
31
39
29
39
40
8
23
7
-8
30
0
11
62
42
22
28
17
4
16
24
4
11
12
9
22
-4
14
35
6
36
34
-6
21
26
25
59
49
22
38
46
15
27
47
28
28
28
38
33
28
67
61
38
55
62
28
31
58
34
43
57
18
46
55
21
51
61
57
67
47
50
56
28
37
43
42
60
47
34
37
41
16
9
26
17
25
30
38
46
41
61
41
19
25
12
8
7
29
28
9
26
23
29
51
18
15
33
24
22
45
40
17
42
48
31
21
55
70
29
36
33
25
48
51
52
58
62
75
61
35
43
27
1
23
37
43
48
47
35
33
32
11
34
40
23
43
50
52
40
16
13
19
20
31
22
8
20
-6
-10
15
18
25
19
-12
-14
6
-1
-5
-17
-39
-24
-4
-18
-20
-30
-58
-34
-29
-36
-23
-27
-46
-44
-18
-41
-45
-44
-74
-79
-69
-38
-27
-52
-72
-77
-92
-109
-76
-67
-83
-51
-64
-90
-68
-75
-69
-52
-93
-117
-78
-78
-97
-81
-80
-91
-106
-91
-69
-99
-99
-69
-76
-101
-89
-89
-102
-93
-107
-88
-98
-128
-115
-130
-116
-89
-93
-80
-80
-103
-98
-100
-115
-116
-133
-99
-74
-92
-73
-95
-101
-68
-84
-91
-94
-103
-72
-85
-84
-49
-58
-46
-62
-79
-53
-57
-64
-73
-73
-48
-65
-59
-7
-16
-21
-13
-26
-25
-36
-26
-17
-17
-22
-19
12
7
2
-5
-31
-30
-9
12
-2
10
25
45
54
24
35
33
34
54
44
34
51
67
55
68
67
70
86
71
76
82
82
103
92
95
112
96
111
104
93
116
123
116
102
129
119
118
150
116
105
119
136
156
141
109
136
142
110
113
105
115
111
121
129
109
112
110
125
123
109
105
89
73
81
71
82
94
77
81
87
94
70
72
77
73
90
64
38
30
33
40
34
25
36
40
37
51
47
35
38
42
41
16
29
46
26
38
22
-11
-5
-8
15
10
-2
43
18
7
29
14
41
32
16
21
-7
11
-10
-41
-16
-45
-40
1
-20
-4
-3
0
34
-2
-22
-8
-14
-10
4
-15
-14
16
-25
-33
-33
-46
-18
-40
-39
-18
-21
11
14
-10
-14
-11
-3
-23
-47
-56
-53
-33
-42
-50
-55
-49
-20
-27
-47
-49
-55
-62
-62
-66
-74
-47
-31
-49
-41
-33
-50
-65
-53
-65
-101
-83
-68
-82
-62
-64
-61
-51
-80
-69
-73
-81
-53
-68
-65
-42
-42
-46
-83
-81
-49
-64
-70
-57
-73
-77
-57
-65
-62
-64
-56
-41
-65
-50
-52
-74
-58
-54
-53
-52
-53
-37
-42
-45
-45
-68
-71
-54
-51
-62
-52
-48
-52
-41
-51
-47
-40
-48
-46
-66
-46
-29
-46
-27
-34
-54
-47
-46
-49
-80
-69
-15
-29
-18
-19
-65
-61
-54
-37
-40
-59
-24
-40
-64
-26
-47
-53
-15
-17
-25
-49
-38
-33
-39
-6
6
-5
-35
-31
-26
-30
5
-1
-22
-11
18
0
-18
13
23
37
37
18
14
39
39
13
38
49
27
20
46
85
89
67
65
78
76
69
71
90
107
105
80
57
61
65
57
63
80
89
84
87
109
96
69
62
58
70
81
79
74
78
88
53
11
16
13
15
40
47
52
64
23
18
16
10
32
8
24
14
4
13
-5
23
6
-25
6
2
0
15
1
-11
5
18
7
13
9
-3
5
0
15
7
-20
13
33
20
13
23
35
31
31
31
29
23
32
49
40
13
17
36
24
33
30
8
5
13
17
4
5
15
30
28
22
36
26
-8
-5
9
-2
-24
-21
-3
-17
6
-10
-38
-21
-21
-10
-23
-19
14
23
-10
-24
-5
-31
-37
-12
-22
-31
-23
-18
-12
-18
-1
8
-8
-9
-10
-27
-29
14
17
3
-4
-1
3
12
7
-3
19
3
10
-5
5
48
21
27
27
15
1
-17
15
14
16
35
12
11
18
21
40
39
34
28
27
25
3
4
18
18
2
-12
-4
-2
18
25
3
-8
-6
-2
-18
3
21
0
-4
6
-18
-36
-21
-42
-33
-20
-19
-22
-42
-5
-28
-42
3
-30
-38
-29
-38
-43
-35
-21
-30
-29
-52
-44
-62
-88
-27
-46
-68
-31
-31
-41
-51
-52
-36
-34
-37
-31
-45
-42
-59
-77
-48
-92
-88
-73
-98
-52
-52
-39
-28
-45
-16
-53
-88
-73
-59
-44
-32
-13
-29
-62
-63
-66
-94
-73
-50
-50
-32
-38
-33
-35
-49
-25
-31
-52
-34
-36
-42
-35
-19
-33
-67
-37
-22
-32
-13
-26
-30
-12
-24
-29
-26
-27
-16
-19
-12
3
-12
-21
5
29
40
24
6
19
-1
6
22
14
51
17
2
14
-32
-16
2
19
42
52
60
30
52
83
72
53
36
39
27
25
41
52
48
36
45
30
19
54
64
61
86
105
64
23
35
56
42
43
71
41
29
40
28
30
21
34
58
40
40
50
24
41
61
43
27
28
48
20
20
39
1
0
7
-5
14
23
19
37
25
14
26
17
37
42
28
39
14
12
30
38
35
21
45
10
-19
29
31
23
25
36
42
11
47
57
20
50
74
50
31
49
47
27
66
66
27
33
18
12
37
51
61
60
54
38
37
57
68
55
74
106
57
43
53
23
24
23
10
17
25
44
44
20
17
44
34
26
64
49
30
37
30
11
13
18
7
45
46
9
4
-4
-12
1
8
3
12
0
-12
2
-4
-7
-12
-16
-7
-18
-11
-6
-14
0
-20
-55
-45
-38
-64
-57
-33
-61
-87
-80
-75
-62
-75
-68
-35
-38
-49
-72
-81
-86
-78
-70
-92
-97
-102
-96
-120
-115
-107
-126
-92
-115
-97
-63
-78
-72
-104
-86
-87
-110
-75
-104
-119
-97
-126
-136
-97
-81
-101
-78
-67
-77
-65
-75
-56
-65
-58
-20
-39
-48
-52
-61
-72
-64
-54
-69
-78
-79
-73
-61
-40
-43
-65
-37
-20
-36
-24
3
-3
-10
-12
-33
-15
-21
-41
-24
-29
12
-6
-45
8
-11
3
30
2
26
12
9
29
11
27
60
41
18
39
40
13
17
46
29
7
32
15
10
38
47
44
49
58
47
67
71
83
74
56
95
74
49
31
37
58
46
63
40
60
90
54
53
69
79
59
66
106
90
84
78
35
29
36
39
64
74
83
75
58
46
46
54
44
67
72
74
63
44
72
82
81
55
56
95
75
74
95
89
79
78
65
36
71
88
59
54
49
59
47
47
82
76
68
66
66
53
47
72
57
37
57
64
40
41
39
56
75
41
75
88
51
61
44
52
38
15
37
27
27
19
21
4
-25
2
-12
6
51
35
36
58
38
37
35
17
25
11
18
9
-17
-16
-34
-22
-23
-45
-1
3
-28
8
16
10
10
-13
-19
-18
-34
-51
-37
-49
-54
-55
-70
-49
-53
-64
-76
-61
-41
-41
-27
-40
-37
-46
-57
-55
-53
-31
-58
-61
-57
-71
-58
-80
-73
-73
-76
-46
-67
-68
-57
-31
-23
-48
-33
-40
-46
-61
-54
-16
-48
-41
-12
-45
-39
-34
-38
-38
-47
-26
-30
-41
-42
-51
-37
-50
-43
-31
-63
-37
-14
-32
-21
-32
-50
-39
-39
-43
-45
-27
-8
-16
-9
-9
-15
-19
-11
3
-23
-4
19
-5
3
-11
-18
-22
-45
-17
-18
-18
19
21
-9
-20
8
3
-7
20
40
45
43
8
-3
20
7
16
31
18
4
1
7
-12
3
20
-9
0
18
13
38
17
17
54
26
40
49
10
12
7
5
39
30
19
24
18
13
1
31
38
32
64
41
49
56
26
53
43
27
36
30
25
1
6
23
36
43
28
36
20
15
42
21
37
45
13
41
33
14
47
37
41
41
21
25
2
10
18
-3
16
29
25
30
27
22
7
18
51
46
57
46
46
51
23
42
23
20
18
22
55
34
35
35
47
38
28
63
58
50
36
45
40
13
32
17
12
20
19
23
-11
1
20
-18
-24
5
3
-7
-9
-2
-4
-13
-8
-27
-44
-48
-61
-37
-34
-59
-44
-54
-63
-36
-32
-49
-57
-53
-80
-84
-68
-81
-71
-62
-59
-59
-68
-61
-74
-74
-42
-48
-44
-28
-50
-64
-70
-83
-70
-56
-66
-66
-55
-70
-55
-47
-72
-75
-70
-34
-53
-71
-37
-37
-46
-91
-71
-44
-76
-39
-30
-52
-51
-53
-44
-40
-25
-32
-34
-27
-29
-30
-41
-58
-77
-66
-60
-53
-54
-58
-45
-54
-44
-15
-33
-52
-20
-14
5
39
4
-23
-15
-1
12
21
12
-1
6
-16
-6
11
-32
-9
28
21
35
32
8
9
6
-2
22
27
8
13
15
11
-8
-22
-4
9
11
38
72
75
80
83
50
24
20
17
39
37
8
10
1
-33
-30
-1
-12
2
17
2
3
0
2
-6
5
0
8
30
-3
-12
-7
-14
-13
28
26
-11
-2
-14
-8
-9
-16
0
-12
5
0
-30
-54
-69
-42
-14
5
24
25
-13
-54
-26
0
-3
13
4
15
49
46
24
-8
-4
2
10
7
-3
40
17
-8
10
9
8
-13
-15
-27
-15
16
24
42
38
-5
-42
-16
4
-13
4
14
3
3
-11
-13
16
17
1
12
39
25
-1
-32
-53
-53
-47
-5
-20
1
10
-40
-20
-36
-47
-33
-24
-24
-14
19
-12
5
-2
-33
2
-17
-29
-27
-20
12
8
9
10
0
-23
-37
-23
-34
-41
-29
-34
-29
-43
-62
-25
-25
-40
-17
-13
-23
-31
-3
9
-4
13
21
-16
-39
-37
-46
-22
-11
0
14
-16
-40
-42
-51
-42
45
67
70
67
29
-27
-207
-191
-79
-7
154
271
272
-8
-124
-65
-152
62
255
196
199
182
112
-50
-44
39
-65
28
177
231
173
-9
-105
-172
-44
100
165
294
211
63
-28
-62
-30
47
208
214
186
196
49
-39
6
62
52
48
168
165
103
103
56
17
-55
49
177
147
176
118
-5
-125
-30
114
83
170
163
87
23
-26
40
36
70
86
49
111
106
60
6
-19
43
30
68
125
90
27
-72
-85
-45
-3
22
20
51
9
-76
-95
-21
20
-9
-5
-25
-13
8
-39
-67
-84
-91
-94
-53
27
6
-41
-87
-98
-85
-97
-58
-59
-93
-103
-94
-55
-70
-60
-53
-91
-64
-16
-36
-59
-31
-54
-62
-32
-57
-80
-36
-45
-110
-69
-24
-36
-34
-30
-54
-75
-33
-25
-28
1
-20
-77
-86
-41
-59
-31
2
-67
-69
-39
-24
-12
17
17
-37
-20
-14
-9
24
28
-4
-52
-55
-43
-3
20
4
-9
-21
-41
-60
-16
-17
-22
-8
-27
7
13
-24
-45
-43
-31
0
7
31
40
-36
-35
-19
-50
-30
20
13
-2
-3
-64
-108
-76
-19
-10
-12
12
1
-21
-65
-93
-90
-63
-40
-34
12
-13
-63
-49
-54
-49
-23
-9
-12
-15
-17
-39
-39
-4
-9
-20
-3
8
21
21
7
-38
-79
-83
-57
2
18
2
17
-13
-55
34
52
-10
32
71
54
22
53
65
39
69
70
30
23
38
26
49
80
71
62
59
76
83
62
58
56
35
42
70
59
59
118
137
121
132
124
101
66
83
111
61
70
76
62
116
110
103
105
88
95
95
118
99
103
122
74
68
89
62
38
40
31
49
74
83
92
55
57
102
102
73
78
88
55
96
100
26
11
17
35
21
18
29
5
3
46
64
44
68
15
-4
40
29
50
40
11
-16
-41
-79
-92
-28
-36
-17
58
43
0
-29
-10
-36
-51
-16
-35
-39
-41
-79
-103
-103
-119
-124
-90
-67
-86
-90
-65
-76
-67
-62
-83
-72
-89
-125
-103
-101
-143
-153
-125
-105
-110
-80
-68
-76
-61
-88
-108
-72
-78
-95
-59
-52
-83
-115
-112
-116
-139
-108
-53
-43
-41
-13
-58
-77
-41
-43
-3
13
10
4
-35
-54
-81
-102
-70
-41
-31
-2
0
5
-3
-29
-33
-60
-32
-24
-33
29
-3
-54
-40
-57
-60
-24
-9
-6
15
21
16
10
4
7
2
-5
7
19
3
10
9
-43
-22
3
8
15
-17
-6
-18
-24
33
46
36
11
32
43
23
44
40
41
47
47
34
5
5
15
36
61
55
65
63
36
19
3
-3
21
72
65
59
46
-24
-48
-22
44
24
33
74
5
31
13
-11
12
8
55
10
36
85
9
4
15
24
39
31
65
30
7
58
23
17
1
-39
11
26
13
0
15
30
26
79
62
32
53
45
53
12
17
79
32
18
72
49
8
27
39
34
78
84
61
49
53
72
16
13
82
89
58
62
99
56
-11
39
67
2
40
79
48
46
21
7
9
41
83
50
31
39
17
-2
-10
23
54
4
-4
11
-8
-15
-25
-24
-57
-56
-24
-28
-20
-34
-59
-64
-49
-36
-53
-53
-20
-13
-38
-56
-72
-94
-86
-86
-105
-86
-84
-51
-70
-97
-40
-48
-59
-59
-27
-29
-71
-46
-63
-88
-61
-37
-52
-53
-57
-71
-52
-68
-36
-2
-40
-27
25
14
-30
-9
11
-12
-17
-4
0
-14
-55
-47
-2
-40
-58
-28
-24
-1
3
-14
-31
-55
-22
-26
-56
-40
-29
-29
-42
-13
-28
-81
-62
-46
-48
-59
-44
-56
-80
-57
-63
-89
-87
-60
-56
-32
-22
-25
-15
-49
-42
-24
-33
-59
-75
-43
-25
-48
-73
-72
-65
-39
-12
8
4
8
21
-6
16
47
18
-21
-1
22
-18
-3
37
38
8
12
30
8
26
63
51
29
41
51
47
60
56
34
37
57
39
33
66
29
4
37
43
23
-13
25
52
6
27
53
30
29
56
56
28
25
48
26
-16
46
62
-1
4
31
18
-23
-5
13
13
1
-3
73
56
22
48
36
54
58
42
45
31
19
23
24
13
-7
-4
20
16
11
39
18
6
52
67
58
55
38
29
2
0
53
11
-17
11
-19
-4
-23
-25
12
-17
-7
33
47
-8
-34
-34
-46
-47
-82
-45
-60
-103
-62
-58
-58
-56
-70
-91
-51
-15
-46
-53
-50
-29
-75
-105
-60
-80
-84
-69
-68
-61
-67
-54
-41
-30
-31
-62
-53
-18
-10
-19
-8
15
-10
-20
9
30
6
-9
17
0
3
31
52
75
49
37
68
56
37
58
87
109
78
55
52
29
33
33
67
80
50
73
71
30
33
32
-5
37
64
26
64
76
50
46
64
39
19
29
33
57
44
69
67
11
28
10
5
51
45
68
119
83
47
69
58
42
61
83
80
90
106
86
87
85
80
98
106
92
100
125
110
132
129
78
77
83
114
119
95
110
105
88
108
96
52
56
47
48
70
59
37
-25
-37
3
14
4
-7
14
-15
-36
2
-14
-31
-34
-8
5
-60
-88
-65
-60
-100
-102
-58
-90
-111
-82
-93
-100
-80
-61
-85
-90
-26
-34
-96
-118
-91
-86
-106
-88
-71
-80
-71
-44
-47
-77
-85
-46
-28
-50
-29
-15
-36
-41
-47
-40
-28
-44
-32
-9
-37
-57
-40
-44
-61
-24
6
-15
-24
-27
-15
-18
-25
-18
-30
-19
-13
-15
-41
-44
-28
-40
-23
-27
-26
-22
-46
-69
-61
-47
-65
-34
-20
-39
-16
0
-11
-47
-49
-11
-30
-31
8
-35
-87
-81
-27
-6
-44
-55
-52
-49
-26
7
-14
-19
5
-4
22
28
-17
0
-5
-45
-34
-48
-41
-41
-55
-15
-17
-32
-19
-21
-13
23
41
17
0
18
9
-40
-39
3
-29
-49
-29
-52
-61
-48
-54
-50
-26
-41
-18
24
-27
-56
-41
-27
-26
-56
-64
-41
3
-12
-46
-29
-45
-42
-56
-46
0
-22
-4
-24
-50
-43
-72
-65
-48
-34
-21
-5
-9
-15
-16
-32
1
3
-23
10
12
18
34
31
14
-13
0
19
41
54
69
58
41
69
65
65
58
33
61
41
25
75
53
31
41
28
44
48
34
65
101
100
97
95
114
125
79
74
102
68
37
76
100
58
39
73
86
34
27
59
36
39
95
120
58
28
78
9
-15
74
52
4
14
31
7
13
62
60
41
46
59
66
64
38
38
36
9
-4
7
38
29
8
35
53
6
-1
47
-2
-31
12
18
13
-9
25
24
-13
26
15
-31
-24
-8
-7
1
1
14
28
3
0
7
-32
-39
-42
-58
-46
-65
-73
-48
-49
-58
-29
-63
-111
-72
-49
-62
-76
-61
-84
-142
-88
-44
-90
-94
-65
-84
-105
-67
-76
-99
-62
-38
-45
-42
-19
-47
-96
-73
-43
-78
-81
-66
-76
-83
-98
-71
-45
-75
-33
30
-25
-51
-30
-48
-49
-42
-26
12
13
-14
4
30
-29
-78
-14
32
-9
-19
35
24
-34
-18
-20
-33
-23
-24
-22
-23
-15
-38
-57
-51
-49
-22
-20
-16
-15
-8
-2
-27
-24
-7
-31
-69
-41
-23
-64
-54
3
-14
-49
-1
31
-13
-18
28
20
9
28
50
39
23
42
21
-11
-25
-8
6
-8
32
48
51
59
42
41
25
25
69
91
71
76
90
46
-45
-40
36
18
-3
33
53
31
3
22
35
25
40
29
17
14
2
-15
-39
-42
-31
-1
-21
-44
-26
-63
-85
-63
-20
-16
-38
-15
-20
-55
-96
-78
-65
-107
-104
-51
-51
-116
-96
-68
-106
-103
-57
-26
-62
-66
-52
-65
-90
-110
-69
-65
-108
-75
-39
-78
-61
7
-14
-61
4
28
-39
-22
38
29
-35
-10
75
15
-53
24
75
3
-5
58
27
-10
56
84
25
36
81
57
-12
-8
58
34
13
81
111
47
22
49
33
16
61
91
64
89
125
37
-51
18
66
-13
43
149
64
2
75
77
12
79
166
92
56
114
90
42
76
121
59
17
114
114
33
48
109
83
38
129
155
68
55
106
88
64
128
138
86
98
134
107
51
68
112
102
89
103
114
69
49
84
62
16
3
50
44
6
56
55
40
24
22
39
15
-13
-42
-7
18
-4
2
-2
-48
-102
-84
-42
-63
-47
-5
-30
-54
-37
-24
-73
-61
34
32
-10
7
36
-14
-47
-20
-6
-38
-69
7
12
-60
-17
7
-27
-38
12
29
-19
-5
-3
-5
6
9
10
-3
1
20
12
0
20
40
17
6
37
52
66
53
37
55
42
43
61
55
43
52
62
59
65
66
60
64
67
66
80
92
100
75
56
76
43
22
80
92
45
72
108
50
45
97
86
15
9
38
-8
-11
32
7
-28
4
50
-3
-54
-17
-27
-74
-70
-15
-50
-118
-134
-146
-109
-126
-153
-155
-176
-154
-162
-146
-146
-197
-171
-130
-163
-181
-155
-162
-199
-221
-221
-247
-285
-283
-287
-275
-240
-249
-253
-227
-210
-255
-294
-247
-263
-293
-262
-238
-249
-258
-235
-252
-258
-208
-194
-208
-165
-93
-107
-120
-74
-60
-61
-30
-7
-29
-22
-9
-9
45
97
107
86
107
156
166
189
235
268
267
280
303
281
265
294
340
354
384
424
402
389
401
385
383
431
459
436
429
460
432
376
405
451
388
356
448
432
329
294
322
293
234
303
346
252
190
223
178
57
63
82
-9
-63
-23
-31
-146
-179
-162
-202
-196
-166
-193
-251
-249
-263
-344
-361
-300
-305
-356
-360
-380
-371
-357
-383
-359
-316
-317
-341
-319
-301
-295
-287
-300
-290
-267
-246
-258
-245
-204
-211
-205
-169
-183
-223
-182
-120
-134
-151
-122
-93
-82
-30
46
64
73
101
124
130
168
236
239
287
365
388
416
430
446
492
511
531
588
658
639
593
686
668
570
623
721
655
529
618
701
596
541
669
693
557
600
714
647
541
567
567
451
439
512
498
449
363
90
-287
-293
-47
-116
-372
-397
-335
-619
-943
-812
-666
-938
-1168
-912
-569
-696
-994
-1009
-952
-980
-1005
-943
-788
-650
-608
-663
-713
-629
-500
-559
-704
-579
-132
34
-385
-553
-226
-239
-711
-655
-49
-181
-760
-551
-93
-374
-842
-704
-441
-513
-408
-260
-514
-613
-334
-276
-562
-529
-86
94
-17
-19
90
79
-23
71
290
430
465
460
491
558
576
432
326
396
614
799
733
594
586
591
458
433
603
667
604
604
698
659
451
373
446
550
701
809
841
827
805
812
783
805
884
879
865
858
864
686
75
-346
36
564
249
-407
-248
96
-483
-1043
-619
-334
-1025
-1413
-609
24
-613
-1418
-1240
-641
-634
-1034
-981
-494
-131
-176
-479
-499
-134
52
-118
-118
298
551
302
102
279
425
191
-181
-245
133
470
162
-403
-377
-69
-309
-712
-520
-239
-522
-769
-466
-241
-490
-708
-606
-439
-276
-71
-137
-382
-194
207
143
-161
-25
448
547
352
490
717
562
340
402
597
723
707
561
458
558
543
253
108
272
462
410
287
300
307
179
46
117
222
225
235
262
331
332
220
192
276
413
538
608
637
654
706
718
614
596
634
284
-256
-77
697
642
-295
-517
-33
-307
-1079
-817
-160
-788
-1625
-897
85
-565
-1748
-1589
-620
-488
-1078
-1202
-652
-166
-335
-784
-801
-345
-90
-349
-421
89
453
133
-157
96
310
101
-170
-95
249
373
-47
-497
-292
70
-244
-682
-487
-368
-743
-753
-466
-778
-1140
-679
-388
-948
-1040
-300
-192
-692
-481
-5
-219
-451
-7
357
178
91
324
534
514
434
366
318
538
807
752
548
599
721
504
361
571
646
442
424
619
538
290
220
277
255
176
278
428
467
399
291
396
638
685
601
769
1044
1028
894
1033
1257
974
270
-163
343
1233
956
-44
76
770
78
-1181
-668
435
-524
-1874
-680
1070
-18
-2185
-1775
-16
-151
-1450
-1482
-307
312
-220
-874
-756
-141
-47
-514
-400
433
730
138
-156
333
576
163
-144
28
450
624
302
-248
-374
101
102
-653
-898
-354
-177
-600
-801
-769
-861
-852
-728
-908
-1032
-789
-716
-689
-377
-121
-508
-878
-278
398
290
-188
-224
239
581
537
188
19
306
676
748
653
680
630
388
319
578
747
535
366
566
727
519
316
274
167
139
407
583
396
301
410
422
399
543
697
711
799
1061
1188
1112
1147
950
57
-671
138
1558
971
-700
-247
1164
96
-1990
-1213
599
-741
-2775
-1052
1577
81
-3110
-2576
246
201
-2206
-2572
-508
691
-382
-1603
-978
144
-237
-1271
-784
711
784
-409
-513
601
726
-305
-592
108
467
194
-30
-95
-107
-97
-281
-642
-764
-648
-599
-400
-415
-1042
-1288
-619
-342
-1124
-1416
-669
-379
-782
-604
-60
-341
-926
-513
431
603
173
7
365
857
925
521
211
580
1068
1031
855
982
1123
722
396
771
1134
851
590
897
1086
801
559
581
437
227
501
899
867
587
569
780
752
623
752
1069
1261
1177
1208
1589
1585
253
-1149
20
2323
1556
-1079
-436
2226
993
-2347
-1410
1488
-318
-3766
-1473
2826
759
-4281
-3339
1351
1166
-3034
-3710
-151
1492
-711
-2306
-747
1103
43
-2125
-1324
1516
1549
-1144
-1272
1443
1834
-564
-1239
554
1195
-107
-699
229
850
139
-661
-543
-251
-487
-819
-579
-363
-914
-1239
-587
-282
-1115
-1514
-800
-429
-819
-691
-58
-248
-863
-604
199
381
-5
-28
498
999
1002
621
408
755
1107
846
684
1202
1550
1036
531
870
1196
865
638
936
1105
827
700
771
509
155
378
845
656
334
688
1052
769
470
824
1115
794
745
1426
1385
-595
-1712
718
2790
346
-2314
45
2568
-435
-3561
-861
1754
-1912
-4844
-433
3342
-1149
-6053
-2590
2703
326
-5241
-4091
1572
2189
-2480
-4146
-306
2210
-667
-3483
-1104
2364
1003
-2297
-1196
2297
1794
-1558
-1746
1085
1844
-221
-1209
40
872
177
-732
-954
-547
-135
-482
-1311
-1360
-423
-96
-1029
-1687
-943
-82
-607
-1435
-969
361
354
-1577
-2165
-336
1026
445
-444
125
885
848
753
853
1255
1436
1183
1051
1718
2659
1764
309
1127
2783
2638
966
367
1317
1613
1043
772
836
668
487
1040
1329
724
344
580
1365
1786
1236
793
1499
2549
217
-4606
-4430
1076
3167
-501
-1600
770
-2149
-7316
-4157
3055
1265
-6344
-4982
3644
5334
-1215
-4877
-1367
1527
-433
-824
4134
7223
1696
-5070
-2731
3871
3904
-1470
-2664
1447
2896
-66
-2230
-1884
-2027
-3915
-4259
-1290
1834
1153
-2871
-5234
-3796
-1378
-897
-1671
-1230
-73
443
260
-606
-1164
-692
169
798
1640
2912
2871
776
-1255
-1095
535
1378
1181
849
637
692
199
-1156
-1720
-791
133
22
193
1334
1477
-434
-1921
-469
1894
2398
2084
2216
2367
2238
2005
1840
1998
2631
3197
3169
2880
2808
2725
2215
1792
1945
2209
2132
1904
1755
167
-4274
-7714
-5161
-104
615
-1694
-2552
-3913
-7396
-7166
-1101
2372
-1409
-4086
791
6043
3920
-1201
-1370
1991
2850
2408
5064
7758
4262
-2755
-5219
-2118
858
148
-2083
-2687
-2241
-2766
-4252
-5326
-5534
-5155
-4184
-2316
105
1377
38
-2968
-4253
-1964
1579
3131
2503
1817
1921
1542
-91
-1122
-50
1287
1020
560
1285
1235
-1076
-3703
-3843
-1477
686
967
226
-207
-402
-811
-1079
-599
673
1901
2292
2147
2264
2122
807
-418
571
3093
4320
3565
2103
1086
974
1184
1375
1860
2514
2095
939
1103
1859
1179
31
696
2265
2274
1249
1161
1773
59
-5025
-7882
-3670
1835
1366
-1216
-946
-2457
-7897
-8307
-412
4499
-66
-4312
314
6121
3637
-2373
-2527
1827
2909
1731
4137
7258
4220
-3208
-6593
-3542
621
1137
-1177
-2604
-2364
-2511
-4109
-5556
-5160
-3548
-2455
-2070
-564
2007
1881
-2654
-5699
-2453
2135
2538
1061
1422
1789
-151
-2171
-1516
527
745
-334
143
1768
1618
-640
-2421
-2392
-1141
477
1821
1950
684
-409
-390
27
98
441
1710
2597
1893
998
1487
1738
439
-105
1830
4092
3931
2050
1121
1767
2185
1642
1835
3101
3166
1643
1199
2480
2864
1626
982
1590
2059
1781
-98
-4464
-7721
-5251
-279
901
-762
-1587
-3432
-7306
-7295
-1101
3101
-152
-3504
588
6431
5045
-596
-1544
1641
2483
1941
4420
7103
4163
-2493
-6074
-4533
-1390
-351
-1648
-3320
-3770
-3300
-3650
-5173
-5784
-3969
-2123
-2123
-966
2724
3831
-862
-5105
-2720
2499
3894
2111
1629
1940
88
-2350
-1849
446
620
-943
-750
1469
2386
289
-2702
-3585
-1771
760
2489
3111
2094
-197
-1361
-190
1265
1677
1933
2271
2143
2044
2557
2471
1135
223
1300
3530
4739
4169
2683
1349
701
961
2235
3767
4106
2855
1661
1733
1616
423
-48
951
465
-3358
-6607
-4965
-1280
-1126
-2973
-2584
-2313
-5153
-6447
-1741
2804
181
-3952
-1000
5223
5620
1293
-88
2238
2619
738
1844
5213
4487
-960
-4886
-4269
-2116
-1525
-2843
-4379
-4552
-3540
-3230
-4441
-5049
-3702
-2331
-2582
-1996
1496
3951
1224
-3027
-2618
1032
2454
1373
1102
1438
105
-1867
-2087
-704
-82
-1046
-1663
-497
1139
884
-944
-2110
-1686
-479
759
2020
2587
2070
1215
439
-45
569
2111
2705
1931
1547
2409
2900
1770
617
1134
2471
2862
2648
3009
3562
2966
1328
938
2275
3029
2525
2660
3655
3024
410
-898
-2
-1238
-6018
-8232
-3902
814
-328
-3355
-3576
-4529
-8158
-7283
362
4925
989
-3173
183
5167
3577
-786
-425
2839
3045
1819
3470
5341
2424
-3696
-7109
-5550
-1854
-451
-2313
-4458
-4750
-4261
-4796
-5637
-4674
-1848
-401
-1515
-708
3511
4813
-81
-4065
-1607
2481
2824
1586
1901
1547
-1371
-3816
-2736
-132
394
-1072
-1614
227
2032
1202
-929
-1599
-808
202
1827
3825
4229
2468
587
-76
196
1443
2916
2885
1593
1681
3332
3636
1919
918
1940
2955
2922
3130
4195
4647
3389
1916
1841
2670
3176
3494
3932
3420
1568
118
-1000
-4480
-8761
-8070
-2251
1160
-494
-2287
-3468
-7430
-10455
-5285
3005
3721
-836
-474
4890
5741
816
-1553
1293
3099
1519
2150
6015
6217
-381
-7275
-8235
-4922
-2146
-1827
-2756
-3667
-4178
-4992
-6190
-6010
-3686
-1346
-1296
-1013
2541
5730
3324
-2091
-3642
-816
1928
2478
2205
1818
-116
-3412
-4963
-3011
-538
-781
-1849
-515
1916
2171
276
-1583
-1838
-296
2084
4106
4758
3704
1823
601
515
1098
1932
2442
2242
2134
3039
3744
2458
485
418
2307
4320
5198
4812
3880
3223
2927
2854
3154
3697
3552
2691
2229
2217
1498
-1719
-7409
-11077
-7799
-1216
732
-1134
-2445
-4737
-9362
-9860
-2142
4711
2484
-2297
237
6360
6022
524
-1210
1698
1943
-308
1595
6019
4857
-2709
-8825
-8566
-4487
-2093
-3028
-4620
-4841
-4155
-4632
-5961
-5487
-3085
-1716
-2077
-528
3955
6376
2585
-2805
-3221
48
1819
811
199
697
-708
-3936
-4746
-2730
-1785
-2546
-2482
-363
2095
2605
895
-1133
-1438
16
2283
4390
5356
4343
2544
1851
1686
1529
1830
2164
1966
2235
3642
4465
3284
1203
695
2242
4287
5316
5217
5251
5333
4563
3666
3998
4293
3059
1949
2000
1346
-2340
-7588
-9114
-5195
-1398
-1762
-2845
-2704
-5055
-9071
-7345
-336
2451
-643
-1182
3612
6458
3597
315
1094
2544
797
-347
2591
5051
1763
-4435
-7660
-6989
-4991
-3722
-3604
-4235
-4585
-4520
-4732
-4763
-3741
-1873
-962
-1333
122
4252
5947
2129
-2235
-2068
706
1205
-707
-938
506
-951
-5071
-6215
-3245
-1339
-2856
-3294
-116
2697
1806
-563
-881
478
1300
1687
3314
5287
5161
3529
2334
1842
1650
1706
2159
2875
3715
4317
3624
1866
1229
2663
4243
4479
4827
6046
6536
5604
4862
5398
5443
3886
2407
2470
2274
-1645
-7862
-9473
-4554
-825
-1981
-2846
-2399
-5548
-10017
-7084
1091
3379
-1213
-2190
3810
7238
3034
-972
1381
3645
528
-1363
2679
5883
1445
-6177
-9340
-7226
-4438
-4126
-5070
-5204
-4581
-4949
-6116
-5876
-3368
-711
-960
-2432
166
5896
6629
1063
-2183
-266
623
-1382
-1194
1235
569
-3461
-5992
-4829
-2453
-1555
-2401
-2641
-1074
466
507
1
423
604
64
1143
3810
5010
3835
2428
1714
1481
2110
2963
2719
1864
2365
3988
4267
2985
2051
2535
3637
4509
5767
7387
7417
5551
4620
5542
5917
4531
3020
1332
-3129
-8363
-7779
-1546
1205
-2259
-4646
-4002
-5906
-9435
-6120
2325
4160
-1250
-1953
4805
8003
2934
-1888
120
3424
1846
-57
2636
4854
101
-7672
-10413
-7670
-4657
-4278
-5135
-5605
-5288
-5266
-6522
-7451
-5345
-1135
462
-589
1050
5903
6536
440
-3667
-1145
1642
300
-1159
-357
-461
-3167
-6217
-5992
-2629
-752
-2009
-2078
693
2105
164
-1670
-955
287
874
2139
4125
5047
3907
1877
747
901
1528
2537
3525
3231
2433
2781
3401
2723
1932
2784
4626
5719
5729
6373
7883
7493
4970
4050
5480
5470
2724
-1428
-6088
-8130
-4638
298
906
-1170
-2849
-5763
-9257
-7558
-423
3935
1464
-1039
2777
7638
5642
186
-388
2408
1734
-332
1894
5452
3318
-4130
-10115
-10437
-7243
-5447
-5828
-5920
-5104
-4944
-6296
-7540
-6366
-3178
-1359
-1975
-654
4719
7788
3599
-1699
-1730
-101
-1054
-2023
-773
267
-1043
-3675
-4762
-3231
-1393
-1664
-2380
-758
1777
2301
1328
744
157
-749
-395
1993
4553
5102
4010
2534
1360
1247
2318
3310
2798
2270
3413
4617
4433
3618
3141
3391
4205
5257
6661
8045
8079
6410
4578
3817
3120
-174
-6185
-9615
-5857
792
2677
273
-1740
-4367
-9030
-9514
-2598
3684
2858
407
3348
7925
6961
1776
-417
991
630
-724
1923
6314
4883
-2586
-9269
-11240
-9745
-7722
-6380
-5548
-5066
-5144
-5969
-7040
-6956
-4975
-3129
-2803
-1446
3077
7081
5440
206
-2619
-1994
-1254
-1617
-1107
310
80
-2626
-5021
-4741
-3061
-2459
-3059
-2187
818
2812
2126
1093
986
210
-562
1014
4126
5833
5475
4217
2540
1195
1273
2723
3989
4229
4188
4335
4280
3763
3295
3396
4121
5286
6474
7569
8499
8351
6247
3358
774
-3107
-7574
-7807
-2469
2015
1276
-1307
-3052
-5584
-8390
-6537
-368
2735
859
868
6033
9283
5554
725
721
1941
158
-677
2799
5975
3129
-3582
-8127
-8909
-8585
-8726
-8141
-6808
-6123
-6440
-7022
-7235
-6434
-4663
-3673
-3679
-1866
2496
5220
3388
47
-1365
-1362
-1919
-2618
-1797
96
-68
-3052
-4541
-2675
-1256
-2857
-4270
-2545
-42
313
-124
830
1742
809
-271
1074
3998
5368
4496
3455
3409
3633
3663
3794
4353
5021
5105
4738
4609
5118
5216
4518
4565
5631
6639
7247
7556
6927
5217
2460
-2369
-7735
-8507
-3258
1487
1355
-489
-1802
-4551
-8008
-6696
-636
2476
-36
-622
5026
9575
7150
2746
2371
2867
-401
-2881
742
5725
4248
-2237
-6672
-7254
-7555
-8785
-8772
-7495
-6837
-7194
-7244
-6634
-5879
-5036
-5013
-5992
-5075
-269
4215
3595
530
-475
-184
-1601
-3933
-3647
-996
-567
-3556
-4555
-1060
1137
-1812
-4729
-3254
-1030
-1436
-1778
469
2506
1155
-1273
-489
2841
4250
3003
2558
3820
4314
3715
4481
6527
6980
5277
4370
5960
7742
7633
7078
7631
8187
7717
7377
7902
7545
4952
496
-4875
-8237
-6341
-1461
1031
518
-810
-3375
-7354
-8193
-2973
2629
2306
-548
1528
7385
9346
6220
4453
5680
4088
-873
-2049
2583
5821
2191
-4249
-6963
-6332
-6849
-8869
-9390
-8140
-7928
-9278
-9497
-7313
-4243
-3138
-5248
-7285
-5053
-202
1894
761
227
1052
209
-2814
-4101
-2372
-1304
-3201
-4853
-3146
-596
-815
-3053
-3957
-2905
-2081
-2446
-2189
-226
985
-227
-1352
25
2199
2640
1989
2127
2963
3372
3442
3964
5113
5946
5882
5744
6220
7091
7732
7921
8003
8576
9422
9844
9384
7465
3811
-1631
-6656
-7155
-2691
1571
1927
170
-1925
-5097
-7936
-6219
-956
1586
159
461
5172
8882
7514
5176
5972
6294
2764
19
2398
5938
4685
-326
-4063
-4935
-5456
-6942
-7695
-7300
-7789
-9552
-10368
-9322
-7308
-5266
-4576
-5880
-6778
-4466
-764
51
-1571
-1473
811
1156
-1160
-2068
-758
-1283
-4610
-5748
-2520
572
-423
-3155
-3478
-2204
-2616
-3987
-3108
-831
-742
-2087
-1391
1329
2687
1584
448
801
1636
2166
3320
5365
6862
6623
5605
5423
6196
7037
7549
7792
8045
8918
9990
9957
8072
3805
-2537
-7576
-6799
-1467
2421
2857
1698
-867
-4802
-6554
-3708
85
280
-1313
378
5073
7568
6586
6305
7450
5815
1574
24
2716
5493
4936
2196
-34
-1482
-3549
-5710
-6538
-6536
-7197
-8381
-8769
-8059
-6403
-4560
-4601
-6707
-7769
-5795
-3121
-2739
-3312
-2059
-204
-814
-2660
-2034
339
399
-2179
-3515
-1876
-263
-1113
-2150
-1091
-411
-2504
-4739
-3979
-1881
-1828
-3202
-2696
-191
1013
-46
-834
45
811
252
208
2329
5350
6968
6780
6288
6436
6716
6612
6769
7726
9011
10196
10599
9535
5895
-755
-6850
-7212
-2937
399
1500
1769
282
-3755
-6436
-4105
-223
-197
-2472
-1088
3778
6472
5682
5898
8134
7356
2755
-74
1846
4522
4267
2356
1100
620
-513
-2114
-3199
-4089
-5651
-7675
-9017
-8835
-6576
-3158
-1951
-4406
-6965
-6368
-4747
-5155
-5763
-3726
-965
-678
-2172
-2026
222
601
-2238
-4099
-2159
386
302
-429
712
1557
-340
-3027
-3597
-2409
-1941
-2720
-2678
-910
468
-218
-1450
-1474
-1001
-1144
-1235
-143
1718
3158
3886
4668
5750
6491
6578
6368
6598
7394
8633
9861
10467
9621
5734
-778
-5088
-3545
3
1254
1095
879
-904
-4156
-4619
-1325
407
-2657
-5729
-3666
889
2887
3108
5502
8148
6126
1179
-435
2096
3647
2429
1361
2044
2464
1081
-504
-838
-1807
-4204
-6624
-7679
-6796
-5205
-3171
-2691
-4296
-5608
-5441
-4657
-5272
-5524
-4035
-2504
-2475
-2787
-1394
564
461
-1547
-2204
-1013
-131
-421
-520
787
1551
308
-1365
-1467
-849
-1305
-2142
-1734
-145
830
305
-389
-143
52
-521
-1106
-639
420
1100
1344
2107
3619
4617
4382
3542
3637
4643
5704
6676
7707
8673
9141
7596
2819
-1699
-1619
845
1429
1256
2975
3865
979
-2088
-1573
-124
-2507
-6633
-6250
-1393
1395
-475
-919
3053
5137
1406
-2477
-1373
1421
1311
-600
-59
2683
3047
64
-2014
-1094
-452
-1934
-3900
-4812
-4289
-2952
-2359
-3269
-3760
-2850
-2538
-4015
-5172
-4058
-2270
-2232
-3621
-3638
-1739
-673
-1582
-2206
-1309
-652
-1166
-1405
-59
1481
825
-1318
-1890
-446
394
-361
-611
712
1814
1401
421
629
1308
680
-559
-699
1000
2197
1679
1370
2096
2759
2051
1309
1488
2339
3018
2651
2870
3669
4356
4913
5829
7409
7245
4288
166
-979
1336
2940
3396
4077
4248
1573
-1959
-2036
122
391
-2145
-3888
-2882
-1814
-3104
-4162
-1751
1211
721
-1696
-1882
149
830
-1071
-3057
-2768
-1504
-1362
-1387
-70
1548
1507
-230
-2439
-3831
-3637
-2717
-2477
-2504
-1646
-403
-389
-1816
-2740
-2741
-3026
-3998
-4600
-3475
-1650
-1155
-1698
-1746
-1020
-748
-1428
-1589
-759
-306
-901
-1173
-352
448
419
-66
225
1021
1053
560
641
1420
1658
944
602
1285
1818
1418
1061
1455
1766
1617
1252
1288
2000
2792
3332
3297
2707
2111
1871
2088
2906
4127
5278
5838
5586
4575
2781
1001
132
68
455
1287
2152
1911
356
-1084
-1144
-656
-1304
-2595
-2720
-2101
-2685
-3686
-2745
-475
293
-1012
-2035
-1498
-618
-986
-1716
-1196
-374
-941
-2221
-2048
-575
334
-165
-1201
-1620
-1594
-1772
-2147
-2149
-1494
-1138
-1840
-2463
-1945
-1064
-1060
-1844
-2331
-2046
-1577
-1841
-2273
-1633
-606
-618
-1317
-1019
210
408
-792
-1348
-581
149
-116
-698
-14
1339
1628
1028
848
1330
1527
1017
637
996
1485
1710
1914
2266
2635
2734
2375
1941
2277
3020
3218
2944
2330
2043
2481
2740
2657
2634
2868
2797
2475
2669
3016
2719
1677
698
78
-61
80
221
464
335
-176
-802
-1065
-1049
-1112
-1122
-1251
-1528
-1901
-1946
-1539
-1095
-926
-1013
-1246
-1645
-1794
-1339
-767
-828
-1493
-2247
-2445
-1919
-1374
-1331
-1415
-1288
-1331
-1417
-973
-253
37
-536
-1264
-1387
-1275
-1299
-1415
-1328
-1004
-652
-610
-1063
-1519
-1817
-1854
-1481
-1042
-603
-317
-308
-218
-124
-148
-321
-669
-527
-15
399
570
752
1457
1767
1584
1400
1136
1079
1197
1645
2176
2328
2377
2428
2453
2280
2010
1906
1634
1276
1023
932
1072
1149
1150
1290
1527
1314
676
422
745
1048
1005
1076
1208
969
596
439
490
396
-51
-396
-263
-262
-560
-413
-142
-607
-1377
-1531
-1242
-990
-1215
-1673
-1587
-1360
-1558
-1832
-1506
-1112
-1287
-1338
-1166
-1019
-799
-601
-667
-895
-1075
-1347
-1616
-1441
-743
-151
-5
-401
-983
-1119
-896
-653
-773
-1043
-1223
-1328
-1367
-1712
-1928
-1424
-1054
-1121
-1150
-1064
-434
284
454
85
-161
-9
-227
-170
528
1574
2119
1630
1319
1349
1527
1529
1286
1262
1113
902
782
955
1499
1528
1049
586
342
482
353
366
757
846
923
788
814
1150
1201
1167
859
827
859
663
771
803
1061
995
551
266
-69
36
-70
-246
-72
-1
193
-104
-587
-633
-528
-517
-631
-411
-226
-439
-643
-650
-141
237
-51
-237
-461
-531
-566
-648
-415
-464
-648
-918
-1054
-542
-39
-182
-575
-594
-498
-890
-1359
-1275
-1195
-1360
-1581
-1310
-411
0
150
358
381
-121
-671
-568
-308
-6
266
491
723
994
978
1024
1343
1108
379
-128
50
524
685
762
995
782
412
-71
-366
133
122
85
321
382
587
675
714
473
346
556
601
632
779
919
1181
1130
820
788
761
644
519
551
443
233
259
203
64
-86
-35
-255
-726
-778
-407
-156
-305
-385
-608
-748
-686
-667
-270
379
571
448
319
63
-132
-477
-685
-716
-739
-732
-1027
-856
-428
-469
-667
-1046
-1033
-1024
-1185
-626
-428
-584
-396
-344
-400
-683
-523
92
208
150
15
24
185
179
329
301
299
321
21
33
328
450
348
-92
-240
122
365
379
-99
-360
-344
-303
-83
26
384
748
616
-95
-183
310
292
275
363
708
921
690
528
549
902
938
769
745
477
679
1095
1028
612
127
258
352
-116
-529
-637
-443
-600
-855
-557
-446
-486
-421
-476
-133
206
65
-60
-281
-390
-329
-201
-18
-427
-692
-484
-504
-691
-1076
-1070
-1034
-1595
-1651
-1194
-602
-874
-1234
-517
-319
-473
-876
-784
-158
-160
-49
-266
107
222
-422
-141
-232
251
122
-481
357
524
782
477
-83
53
-467
-612
-480
183
725
389
67
-109
-33
68
201
-85
-147
58
352
655
491
820
744
409
476
529
890
1275
1446
1248
771
652
789
1022
1339
1121
957
789
562
666
538
316
224
316
272
65
-356
-447
112
109
-43
-30
314
448
-236
45
337
332
-293
-1170
-507
-247
-159
-605
-959
-210
-749
-947
-1015
-839
-230
-859
-670
-819
-1109
-1208
-1224
-418
-688
-529
-230
-320
-219
-297
49
-194
-792
-896
-205
335
-146
162
935
848
393
111
109
-166
-776
-622
166
707
395
30
42
-125
-206
-451
-283
-46
28
392
425
209
-56
-44
282
393
146
730
1017
537
347
471
1471
1007
679
501
29
1008
375
191
790
807
1217
347
-229
-251
-212
160
380
831
695
119
-527
-190
327
502
72
-639
-443
-351
19
-633
-798
-297
-1025
-878
-1084
-463
-268
-884
-470
-1267
-289
-647
-1226
-450
-1585
-816
-994
-773
-189
-1074
-76
-590
-828
-525
-460
42
-1350
-839
160
339
560
335
418
-585
-430
688
988
846
221
199
360
467
882
370
-209
100
55
158
223
480
984
423
127
173
220
-42
-224
349
339
637
349
208
959
559
728
786
609
917
519
503
369
795
1064
528
871
728
789
877
343
1055
1377
611
367
159
366
577
-368
-189
-9
-53
177
-447
21
-262
-626
-457
-1706
-1183
-102
-584
-557
-760
-472
-593
-1356
-997
-935
-488
-744
-990
-61
-584
-775
-1209
-1298
-785
-1197
-781
-863
-1095
-713
-245
-476
-912
-853
-833
-594
-595
-227
136
235
201
256
875
724
536
310
149
347
139
-156
475
1144
899
880
367
276
156
-189
44
-4
382
480
134
352
296
420
624
257
447
419
596
1210
548
290
1051
1261
1189
822
1025
1363
450
502
766
655
709
88
329
580
727
854
163
344
169
-270
56
-350
-458
-891
-892
326
105
281
-103
-590
-396
-1954
-1279
-642
-858
-426
-1204
-339
-633
-1107
-276
-908
-633
-848
-940
-751
-911
-251
-865
-955
-1003
-893
-493
-1038
-844
-1260
-841
-436
-485
179
235
505
152
-68
387
413
24
-29
357
706
931
745
399
265
384
300
190
140
-11
225
388
936
1103
765
293
-268
529
629
770
1159
925
862
128
507
718
769
1250
574
1192
494
112
700
22
765
207
227
465
170
944
274
497
397
-82
97
-931
-31
-553
-801
-132
-934
472
-594
-522
-267
-1580
-667
-757
178
-528
-759
-91
-1168
-306
-584
-285
-43
-1062
-832
-738
-502
-588
-623
-491
-523
-433
-718
-1007
-210
-363
-739
-442
-343
297
59
74
415
276
-281
-168
491
373
407
-14
423
567
123
436
101
315
141
76
693
646
1259
1151
774
565
389
1024
804
812
1179
1045
1034
590
660
497
285
648
180
350
428
397
523
398
710
672
355
235
253
594
530
116
66
-182
-35
-292
-323
-321
-468
-371
-701
-854
-916
-316
-664
-905
-475
-444
-618
-866
-333
-84
-200
-442
-833
-700
-506
-619
-894
-792
-371
-606
-1169
-1029
-581
-722
-1151
-1152
-559
57
21
-560
-335
82
56
31
239
222
-176
-154
169
276
-79
12
-387
-514
-451
-355
-77
-494
-98
74
60
193
634
994
609
577
597
884
902
724
984
888
1080
1121
889
979
801
528
84
-27
344
5
46
529
458
411
407
620
411
502
406
302
467
230
322
0
-195
-223
-19
-266
-595
-211
-490
-500
-585
-696
-310
-579
-645
-767
-493
-123
-243
-216
-327
-130
-289
-527
-864
-763
-488
-790
-575
-891
-963
-726
-714
-708
-608
-522
-925
-661
-263
-12
53
500
350
321
537
29
788
145
232
652
-182
230
-356
-45
-100
-712
-167
-478
-571
-246
30
612
579
374
971
538
746
1137
744
724
506
1099
976
986
1086
453
652
620
354
-45
21
385
186
-13
205
700
471
527
741
772
803
402
190
101
293
215
198
362
333
219
-431
-379
-251
-429
-328
-631
-618
-306
-41
90
-20
-91
-115
-205
-269
-264
-486
-466
-658
-599
-475
-603
-455
-838
-1034
-856
-976
-817
-822
-1033
-414
-412
-279
-86
-119
364
-16
383
583
333
414
3
255
87
-11
-7
-190
-225
-218
-58
-242
-215
-150
244
-149
-2
406
247
798
470
620
496
552
1012
422
868
883
669
527
56
395
309
210
316
463
432
141
427
430
236
310
506
708
558
214
257
542
70
104
319
154
352
-81
-152
-224
-274
23
-318
-198
-188
-299
167
134
96
-3
-479
-438
-376
-324
-344
-319
-317
-609
-410
-412
-695
-914
-1035
-827
-807
-834
-782
-754
-787
-678
-590
-488
-387
-380
-172
-86
64
-31
-115
-117
-220
-316
-287
-192
-379
-343
-500
-338
-472
-713
-236
-307
-175
-88
-179
35
-51
-71
16
22
129
-50
-152
-1
-116
191
54
-75
288
183
155
6
8
140
33
331
404
496
660
354
551
418
347
395
206
487
262
355
122
48
671
134
192
245
100
389
117
306
441
454
509
464
505
186
213
233
-9
-56
-88
96
75
30
182
-116
-244
-373
-583
-249
-299
-131
-35
-164
-8
-323
-75
48
-117
101
-88
-89
-38
-97
-136
-232
-360
-385
-312
-281
-208
-406
-334
-376
-280
-58
-253
-126
-231
-244
-229
-324
-147
-266
-149
-113
-147
84
-119
-102
-81
-290
-184
-332
-66
123
60
282
69
349
420
294
399
86
271
331
274
320
152
268
192
177
329
337
274
202
307
279
351
406
257
599
644
449
613
489
447
465
310
364
384
287
180
127
63
12
214
90
-110
-36
-79
-102
99
212
128
149
-6
-55
29
9
34
-97
-33
-39
-43
-25
-185
-127
-260
-378
-438
-317
-241
-423
-399
-436
-400
-287
-258
-336
-498
-655
-633
-651
-705
-718
-654
-462
-546
-440
-548
-597
-499
-745
-600
-649
-530
-297
-268
-130
-162
12
38
-50
-210
-234
-115
-115
-21
-50
17
50
-10
81
109
116
195
182
235
241
345
459
412
574
485
503
660
571
539
374
434
478
453
527
315
263
326
313
268
229
316
282
268
350
437
444
296
227
302
420
362
344
348
324
365
292
276
302
289
247
232
210
166
227
212
160
53
-100
-161
-207
-110
-156
-272
-293
-383
-519
-572
-571
-678
-736
-754
-753
-671
-683
-804
-810
-726
-678
-644
-576
-520
-435
-390
-298
-239
-336
-338
-415
-416
-397
-414
-247
-295
-269
-116
-176
-119
-113
-34
167
116
187
223
258
437
411
476
474
427
447
388
487
527
539
514
519
551
510
560
489
517
474
277
271
304
450
478
594
743
589
604
567
481
489
467
473
449
403
488
600
613
644
607
535
580
563
374
296
305
194
21
-74
18
41
-17
-98
-346
-448
-556
-698
-727
-814
-854
-728
-708
-787
-808
-904
-889
-998
-890
-718
-801
-647
-594
-556
-551
-640
-673
-685
-617
-621
-615
-521
-554
-550
-474
-495
-408
-336
-229
-116
-118
-155
-246
-185
-42
76
146
203
278
214
235
254
283
307
184
201
309
457
564
563
460
402
349
285
412
461
468
443
352
400
379
321
436
505
468
418
389
368
369
443
483
449
486
568
607
647
647
599
502
482
333
236
295
151
100
-44
-252
-224
-274
-206
-259
-398
-386
-549
-531
-626
-684
-533
-613
-557
-571
-532
-395
-424
-440
-536
-514
-538
-547
-489
-537
-466
-438
-461
-465
-332
-273
-338
-333
-334
-268
-227
-231
-217
-164
-155
-120
-50
-59
0
-81
-114
0
41
214
275
255
239
167
281
414
460
488
567
604
552
610
588
606
637
546
466
394
537
586
440
407
370
363
387
359
414
434
463
488
475
579
539
592
484
333
388
340
392
262
191
180
104
54
-130
-186
-225
-288
-336
-370
-360
-377
-383
-465
-503
-478
-491
-433
-374
-371
-424
-465
-390
-427
-482
-434
-371
-433
-602
-517
-497
-454
-395
-454
-318
-293
-225
-118
-129
-105
-103
-144
-166
-131
-149
-201
-245
-223
-172
-185
-143
-85
-38
9
-24
75
142
161
295
287
309
382
425
441
527
537
451
426
353
465
434
342
347
221
178
151
202
242
298
344
249
357
375
372
468
394
365
269
254
317
305
292
206
105
15
-8
-124
-210
-185
-289
-284
-342
-377
-323
-439
-424
-448
-427
-360
-367
-360
-415
-469
-558
-532
-520
-526
-405
-400
-399
-369
-449
-400
-384
-414
-359
-368
-230
-189
-176
-41
-47
-48
-78
-52
-25
-82
-41
-22
-37
-14
9
32
-9
-23
-7
-55
-35
56
135
217
240
317
391
359
427
461
477
443
379
424
384
361
313
234
225
190
168
171
224
214
206
160
125
170
109
207
165
111
210
149
209
210
144
124
67
-14
-159
-154
-135
-197
-258
-271
-245
-306
-289
-270
-360
-419
-399
-398
-340
-262
-295
-312
-383
-461
-443
-377
-298
-330
-339
-308
-338
-294
-260
-239
-228
-236
-156
-132
-70
68
61
79
102
30
63
120
80
81
169
199
199
196
191
275
331
278
284
294
305
324
319
432
481
534
571
514
548
577
584
527
495
458
372
359
291
283
222
140
106
61
135
93
117
114
41
84
0
44
92
35
-17
-27
-30
-106
-98
-220
-237
-212
-271
-229
-311
-326
-404
-483
-409
-466
-451
-436
-415
-390
-418
-345
-359
-368
-496
-575
-482
-445
-336
-336
-334
-371
-429
-431
-468
-371
-336
-363
-346
-269
-165
-63
-1
-18
10
-20
12
19
48
178
136
148
99
131
244
142
228
255
253
400
386
412
480
545
588
581
620
612
652
677
654
670
652
610
524
524
501
431
463
438
363
297
255
225
188
195
159
178
203
121
111
135
127
111
133
62
-37
-95
-227
-274
-289
-264
-224
-305
-347
-388
-425
-410
-460
-482
-511
-470
-427
-419
-330
-342
-333
-355
-406
-374
-376
-359
-366
-434
-452
-403
-378
-369
-323
-300
-294
-257
-253
-228
-126
-71
-64
-41
-32
-6
68
33
15
18
-36
27
26
38
83
95
118
110
165
202
263
286
310
310
333
481
473
517
570
571
608
508
454
453
420
333
335
396
320
317
305
276
256
184
212
216
206
188
210
293
270
208
144
135
92
7
-50
-70
-56
-103
-167
-235
-239
-280
-329
-321
-380
-367
-348
-387
-405
-395
-381
-398
-416
-429
-448
-426
-472
-526
-475
-493
-441
-401
-400
-387
-419
-400
-426
-362
-311
-244
-100
-98
-111
-180
-169
-112
-115
-64
-33
42
27
-31
-23
26
43
-7
-7
-20
42
106
151
214
210
204
208
259
315
365
424
433
370
347
404
408
419
368
284
240
180
197
183
221
247
230
219
190
191
144
201
224
167
173
181
189
139
107
102
88
73
31
34
87
53
-37
-74
-113
-108
-132
-187
-182
-193
-245
-271
-293
-308
-243
-277
-286
-266
-334
-345
-355
-347
-307
-311
-310
-258
-267
-281
-240
-185
-193
-145
-94
-132
-32
42
30
46
90
87
104
90
66
155
130
104
90
97
123
125
171
177
216
229
209
207
249
326
294
300
305
242
252
250
287
281
238
274
273
326
333
275
275
256
236
182
159
169
148
124
121
128
159
150
121
149
143
134
132
169
154
123
130
59
42
12
-24
-50
-35
-35
-88
-42
-57
-107
-120
-128
-117
-117
-169
-221
-228
-253
-250
-269
-278
-245
-262
-230
-173
-195
-187
-178
-211
-206
-224
-183
-152
-159
-137
-148
-75
-35
-26
6
27
35
19
-15
-61
-34
-8
7
37
45
66
50
43
62
52
99
134
134
129
135
152
167
163
160
205
180
191
200
163
159
90
119
109
63
112
104
116
98
92
96
81
38
23
33
9
34
-18
-30
-2
-82
-77
-33
-27
-33
-68
-65
-88
-135
-177
-216
-209
-232
-229
-172
-140
-145
-173
-241
-253
-273
-325
-314
-302
-286
-263
-223
-249
-248
-235
-230
-176
-175
-157
-137
-105
-133
-123
-50
-80
-81
-14
24
29
36
-33
-47
-59
-103
-48
6
72
61
77
101
31
-3
3
55
73
73
76
78
99
127
124
125
136
108
117
96
75
94
81
56
55
83
58
85
103
55
64
42
16
5
27
72
76
106
109
76
27
-41
-11
2
7
42
22
26
-12
-62
-88
-85
-89
-138
-90
-61
-69
-51
-93
-140
-152
-180
-173
-133
-155
-169
-165
-210
-205
-168
-164
-140
-123
-93
-66
-69
-70
-61
-13
22
4
-8
55
74
59
92
59
40
11
-14
-4
21
78
14
17
35
1
47
90
124
115
89
74
79
90
81
67
75
74
71
91
103
82
36
30
-18
-48
-21
-21
20
39
47
70
20
-38
-41
-26
-37
-61
-52
12
7
-15
25
43
65
1
3
64
53
57
29
50
76
65
59
19
48
56
-7
-10
7
-5
2
-26
-61
-59
-90
-95
-57
-50
-58
-26
-35
-26
35
-1
-35
-53
-53
-12
2
58
77
94
88
31
48
17
9
22
19
56
89
118
108
104
61
36
24
27
54
28
70
99
96
108
103
103
63
57
74
77
105
113
123
115
61
9
-26
-27
6
3
-6
7
4
-25
-43
-36
-117
-142
-89
-98
-67
-10
5
-22
-30
-78
-113
-55
-52
-40
16
40
49
93
92
54
32
1
-1
-15
-19
-14
8
16
-37
-26
12
-7
-11
20
27
-9
-8
-12
-4
40
32
19
21
55
62
87
103
59
79
65
65
80
78
102
101
107
114
94
49
35
-1
-48
-48
-34
-19
-6
2
-12
1
24
-11
-42
-77
-112
-72
-36
-35
5
30
-29
-88
-111
-140
-114
-107
-132
-97
-92
-117
-147
-176
-171
-196
-221
-211
-216
-192
-163
-167
-189
-224
-220
-232
-204
-136
-115
-63
-95
-124
-96
-99
-82
-90
-63
-49
-72
-60
-59
-43
-52
-73
-41
-22
-10
-15
-8
17
-20
-20
-26
-28
30
26
32
46
36
91
79
56
81
74
77
66
111
128
125
166
152
146
108
53
6
7
31
-11
-6
12
13
2
-28
-18
-27
-46
-33
-35
-7
22
44
51
10
12
-20
-88
-93
-71
-20
4
-27
-36
-30
-69
-84
-78
-91
-57
-47
-110
-123
-75
-80
-109
-99
-86
-91
-85
-42
-11
-21
-2
14
-17
0
28
29
42
70
88
92
116
125
128
128
120
125
131
171
188
196
188
150
156
112
99
149
116
110
160
174
218
243
240
260
219
189
190
182
216
249
261
264
252
218
157
138
118
85
113
102
80
70
33
28
22
2
6
3
-30
5
61
16
10
-8
-37
-50
-85
-83
-106
-81
-58
-84
-54
-43
-57
-96
-147
-145
-163
-184
-176
-168
-144
-149
-168
-160
-175
-189
-172
-180
-174
-150
-136
-104
-103
-93
-93
-94
-63
-82
-60
-19
5
9
1
60
73
77
77
74
127
124
118
109
85
91
55
44
55
50
86
103
99
126
158
144
125
140
135
138
140
118
124
125
105
89
83
99
84
61
77
51
21
4
-25
-23
-37
-48
-45
-67
-87
-102
-77
-64
-78
-84
-86
-116
-139
-101
-137
-123
-80
-120
-93
-126
-140
-129
-167
-172
-223
-215
-172
-190
-181
-157
-155
-164
-183
-204
-208
-200
-197
-193
-164
-143
-140
-148
-145
-131
-163
-172
-155
-110
-74
-67
-16
-3
-34
-48
-36
-8
15
29
60
80
74
101
61
14
40
26
1
4
30
44
82
128
113
136
126
95
96
75
119
139
122
135
141
127
84
79
68
49
64
71
88
96
101
79
29
6
-28
-49
-28
-42
-27
-12
-44
-12
-8
-26
-31
-57
-44
-31
-32
-16
-15
-23
-50
-115
-137
-130
-138
-115
-102
-81
-34
-53
-72
-34
-13
-55
-70
-49
-74
-58
-37
-33
-34
-26
-22
-38
2
10
20
38
55
99
110
147
153
156
178
161
154
143
155
179
175
173
175
193
184
167
213
250
248
242
227
240
231
199
197
189
185
182
176
200
213
221
224
206
197
161
134
119
76
77
62
24
11
10
-1
-21
-24
-58
-73
-46
-67
-58
-21
-33
-50
-80
-101
-127
-163
-168
-154
-169
-233
-256
-238
-242
-231
-218
-183
-169
-190
-155
-142
-135
-80
-112
-153
-166
-162
-141
-144
-109
-86
-84
-80
-72
-42
-2
40
74
58
74
120
87
88
100
120
122
99
148
137
155
178
148
165
162
158
155
171
163
147
137
110
133
105
88
110
95
97
109
123
126
126
123
103
76
59
48
16
-5
-10
-45
-67
-84
-125
-142
-126
-125
-162
-150
-115
-118
-120
-100
-107
-152
-168
-163
-191
-198
-183
-187
-207
-207
-188
-216
-199
-178
-178
-158
-165
-142
-110
-86
-111
-121
-127
-165
-134
-122
-118
-90
-80
-58
-67
-47
-4
-24
3
48
47
47
56
97
109
106
118
92
94
109
114
132
131
121
131
123
120
147
120
130
123
61
72
49
58
77
56
44
26
50
37
16
43
38
28
41
30
2
-7
-19
-21
-5
-37
-50
-36
-87
-99
-86
-108
-129
-122
-108
-143
-119
-84
-116
-124
-134
-136
-153
-162
-125
-134
-134
-93
-131
-156
-137
-170
-161
-134
-145
-96
-82
-74
-42
-87
-72
-87
-169
-132
-87
-105
-68
-32
-64
-50
-6
-40
-23
27
24
30
31
56
33
24
83
54
76
85
55
123
91
108
140
106
153
102
100
127
67
102
95
105
133
69
86
54
32
51
14
33
8
18
37
16
81
46
-4
10
-50
-37
-21
-24
18
-13
-16
-11
-30
-50
-75
-83
-116
-126
-96
-94
-75
-37
-61
-86
-56
-72
-97
-81
-75
-78
-94
-88
-76
-86
-79
-90
-92
-80
-84
-59
-47
-64
-37
6
7
1
13
16
8
36
52
38
79
81
66
77
55
51
46
66
70
71
133
139
134
135
140
140
127
139
134
162
163
176
186
135
161
147
128
126
98
142
86
93
122
58
102
66
94
99
36
114
32
38
79
5
51
-27
3
3
-89
18
-44
-36
-5
-64
-10
-50
-15
-50
-86
11
-47
-20
28
-9
20
-5
-1
16
-30
-28
-43
-40
-9
-24
26
9
-31
20
-31
-11
17
24
60
13
85
75
59
119
78
140
100
97
137
69
146
106
100
160
124
195
167
144
165
149
157
127
138
120
134
154
117
147
104
107
127
81
93
33
47
29
-25
8
-11
21
-27
-26
-18
-101
-51
-61
-98
-93
-84
-91
-153
-132
-134
-168
-181
-202
-208
-219
-207
-223
-208
-195
-206
-193
-228
-237
-218
-221
-211
-215
-212
-206
-222
-204
-235
-219
-154
-163
-143
-171
-151
-117
-155
-102
-102
-113
-87
-91
-73
-77
-87
-70
-42
-5
36
34
26
39
47
60
43
77
101
86
88
63
70
48
52
116
87
62
67
57
74
119
111
76
71
84
122
99
75
26
15
7
-55
10
-38
-54
-47
-96
-25
-92
-89
-133
-181
-99
-151
-132
-217
-226
-150
-192
-156
-204
-231
-254
-251
-206
-223
-206
-196
-175
-238
-225
-168
-194
-180
-184
-168
-206
-170
-143
-182
-132
-161
-148
-134
-110
-83
-97
-40
-15
34
-11
-10
37
23
79
10
48
63
22
124
87
115
170
150
188
154
135
187
207
284
315
303
301
256
289
258
242
277
280
306
257
299
292
215
272
309
353
325
267
271
247
229
195
142
108
136
118
116
144
132
94
14
53
46
49
84
12
24
-13
-6
-7
-32
6
-34
-48
-112
-75
-40
-99
-62
-47
26
-26
-73
-76
-2
74
-385
-573
-485
-52
423
-150
-597
-770
-290
567
661
543
-426
-1133
-602
533
1535
817
-509
-1053
-472
844
1209
603
-281
-650
-140
474
772
444
-251
-538
-178
551
794
363
-166
-355
-39
378
482
294
5
-197
-40
177
225
192
126
212
219
146
55
89
277
379
-62
-769
-815
-6
1038
803
-144
-754
-907
-171
261
264
-46
-926
-906
-340
236
371
-827
-1219
-518
372
875
-261
-688
-475
-230
257
-397
-63
102
-256
-51
-465
-65
-263
-598
-227
-391
112
-129
-461
-271
-536
-148
-295
-362
221
191
69
-283
-436
-27
26
201
384
349
621
316
130
199
25
210
222
581
873
579
301
-63
80
399
386
474
608
589
398
82
3
81
89
314
573
754
623
385
215
16
97
218
429
605
599
410
131
62
68
149
255
448
504
331
92
-100
-75
-92
-138
-151
-38
104
75
-42
-250
-358
-335
-242
-150
-13
-4
-104
-229
-457
-378
-256
-84
91
1
-141
-259
-222
-219
-222
-278
-263
-159
-99
20
-69
-157
-365
-468
-264
-89
90
-33
-214
-295
-330
-216
-63
25
-7
-15
43
82
71
38
-43
-3
71
174
194
46
12
-46
24
68
101
156
186
348
223
45
-21
29
150
166
87
-16
28
48
135
64
-64
-63
-28
145
191
120
-67
-151
-127
-56
51
58
20
-111
-116
-140
-65
-93
-251
-258
-281
-180
-195
-219
-228
-256
-279
-291
-220
-243
-258
-284
-267
-270
-234
-215
-190
-162
-283
-277
-320
-213
-45
-79
-86
-154
-160
-151
-110
-59
-97
-111
-95
-46
37
33
-24
-9
-112
-98
0
69
110
-20
0
20
55
119
121
235
138
50
65
62
254
248
144
80
-1
96
109
154
134
29
28
15
103
108
32
-39
-44
28
70
117
103
59
-64
-124
-79
-31
7
39
49
-43
-88
-151
-180
-229
-223
-69
-39
-29
-47
-82
-190
-289
-271
-250
-162
-58
7
-40
-162
-276
-281
-181
-120
-143
-190
-154
-115
-67
-138
-140
-126
-133
-14
-210
-113
3
-136
-19
115
242
17
-76
-24
56
234
120
183
36
-73
19
117
403
265
129
0
-28
211
142
127
186
166
144
122
192
288
271
236
286
296
385
440
396
392
240
129
185
246
325
316
159
7
48
199
215
161
69
33
141
226
230
56
-90
-56
41
130
145
105
-39
-139
-51
71
58
35
30
63
123
6
-60
-122
-173
-123
-141
-18
-19
-159
-185
-180
-144
-135
-109
-96
-123
-157
-179
-195
-167
-103
-123
-162
-130
-84
-66
-75
-125
-136
-141
-83
38
19
11
17
-25
54
86
36
-20
-81
56
115
76
59
-58
-15
8
8
110
82
65
85
142
153
57
9
-9
21
58
83
74
90
90
15
-42
-102
-34
14
-18
-23
-28
-30
-103
-90
-73
-76
-55
-80
-39
-72
-137
-239
-337
-326
-207
-95
-101
-90
-182
-235
-264
-249
-123
-172
-197
-227
-245
-220
-261
-237
-269
-311
-289
-193
-85
-70
-113
-150
-169
-152
-28
-22
-17
27
-36
-23
6
56
34
39
55
40
77
30
56
62
133
211
207
241
224
261
217
213
270
227
225
238
270
349
308
226
230
205
295
377
288
232
205
259
282
247
225
151
169
198
170
163
141
144
202
169
136
137
94
110
99
102
77
4
-22
-8
34
-25
-59
-32
-27
-34
-24
-47
-112
-110
-143
-124
-140
-171
-169
-235
-219
-224
-180
-158
-199
-159
-169
-159
-119
-116
-137
-188
-183
-159
-127
-84
-179
-214
-153
-121
-117
-167
-120
-39
10
-2
-70
-57
-49
-24
-2
-30
-30
-34
3
6
16
65
15
-32
-1
88
113
135
158
118
112
107
146
172
139
85
30
29
84
78
-5
-60
-24
73
82
55
-16
-33
15
-31
-20
-62
-98
-17
8
20
-49
-114
-99
-75
-23
-68
-96
-76
-139
-108
-131
-160
-91
-136
-141
-126
-114
-133
-225
-188
-181
-176
-203
-246
-160
-148
-60
-1
-58
-68
-135
-129
-47
2
-13
-60
-53
-38
-33
-21
-66
-95
-53
15
106
66
28
49
42
59
11
13
25
76
132
100
121
91
85
132
193
234
208
223
220
228
214
202
190
168
189
195
200
134
95
120
126
137
159
173
152
183
187
151
145
108
98
124
123
96
28
-49
-62
-16
-3
-14
8
59
60
10
-11
-52
-88
-82
-79
-40
-28
-56
-89
-88
-80
-113
-115
-112
-96
-107
-147
-145
-151
-160
-170
-136
-91
-131
-128
-94
-159
-197
-178
-148
-73
-45
-42
-64
-30
14
-1
0
-43
-3
23
49
88
26
-7
-17
56
98
145
193
141
166
145
84
42
30
85
162
226
198
167
141
105
120
141
146
161
149
167
207
157
136
129
127
161
174
148
114
103
89
100
86
53
24
-8
-16
23
46
-4
-14
-22
-9
-9
-68
-76
-82
-54
-85
-145
-159
-142
-86
-146
-176
-166
-182
-161
-148
-140
-167
-141
-143
-172
-155
-185
-193
-170
-125
-111
-146
-188
-179
-138
-131
-123
-135
-181
-210
-172
-147
-138
-124
-148
-121
-88
-73
-69
-97
-102
-74
-53
-63
-56
-35
-31
0
19
-28
-39
-4
30
99
94
37
1
16
92
94
76
33
11
46
70
129
58
23
44
29
115
118
89
52
27
84
90
81
72
71
106
134
75
16
2
9
60
49
36
2
-33
17
17
26
1
-63
-13
16
23
27
-40
-75
-24
17
23
5
-30
-47
-16
11
-9
-24
-33
-24
-2
6
3
-17
-20
-2
4
50
81
35
2
-8
-3
-1
8
39
62
78
87
71
54
54
70
96
100
116
103
96
123
104
84
64
71
81
116
165
135
148
159
147
114
93
148
149
112
52
81
127
122
134
62
37
61
85
113
95
70
22
61
81
58
27
-52
-19
13
30
36
10
-8
-49
-47
-32
-33
-52
-76
-66
-25
-1
-6
-16
-62
-94
-75
-76
-51
-31
-103
-129
-115
-90
-69
-113
-94
-49
-41
-23
-69
-87
-69
-51
-28
-60
-73
-57
-45
-30
-37
-70
-70
-36
5
6
-40
-27
-2
11
25
6
3
8
23
47
42
34
10
3
7
16
58
40
25
35
-5
13
48
45
58
50
27
-4
-28
-3
11
3
12
4
8
14
24
29
-7
-7
5
-18
-23
-10
-20
-36
-61
-63
-28
-10
-11
-49
-71
-44
-10
6
-2
-43
-67
-13
-27
-62
-47
-57
-45
-48
-70
-53
-37
-59
-66
-45
-31
-42
-33
-17
-23
-13
-29
-30
-16
-33
-40
-35
-11
-11
-10
-28
-38
-35
-55
-23
0
20
40
12
0
6
30
32
6
-23
-29
14
35
28
2
-37
-37
-20
-5
-6
1
28
25
30
22
24
10
-15
31
53
44
12
0
-1
-2
5
-49
-45
-22
6
39
27
16
-2
15
28
47
28
-33
-25
10
12
11
3
-29
-7
-7
-20
-15
-23
-10
-28
-18
-1
-4
-32
-44
-36
-81
-55
-29
-24
-7
-5
-29
-33
9
-31
-51
-67
-77
-61
-61
-50
-84
-100
-113
-97
-73
-63
-29
-13
-15
-39
-44
-53
-36
-33
-49
-52
-64
-11
1
0
-1
-41
-42
-4
5
-22
-36
-29
19
7
-5
3
-23
0
-29
-32
-5
-20
-30
-23
40
40
-6
6
6
2
14
15
11
19
37
20
4
2
-16
15
51
46
29
13
14
15
17
-12
-30
-5
14
24
26
25
14
10
-9
-15
-9
4
46
60
53
12
4
12
1
2
-12
-20
-17
16
10
12
29
11
7
8
35
7
-27
-24
3
33
17
40
9
-1
60
38
-8
3
21
9
1
-2
4
-17
2
37
23
29
14
55
67
20
23
-11
-5
9
1
0
-12
21
35
3
-1
-13
-27
14
50
40
15
19
12
-1
18
17
11
-12
-19
-2
23
35
9
8
7
33
48
36
28
-8
-3
15
20
9
-2
7
5
10
3
-7
-11
-20
-25
2
27
12
10
18
6
2
-5
-22
16
45
9
-24
-29
-25
0
27
30
35
1
-26
-17
-14
-4
-31
-43
-55
-48
-25
-25
-17
-39
-18
-30
-50
-19
-37
-44
-35
-36
-51
-30
13
8
13
0
-18
1
-5
-19
-9
-4
7
19
50
59
31
10
-15
20
20
11
35
8
34
36
13
14
-24
-31
-21
11
44
56
42
13
19
5
-17
-6
20
20
11
-4
-20
-20
-3
3
-22
-15
-15
-15
13
1
-21
-49
-76
-68
-52
-29
-33
-50
-52
-58
-51
-55
-69
-76
-98
-91
-75
-68
-44
-37
-57
-62
-64
-83
-92
-74
-62
-35
-26
-42
-36
-52
-59
-58
-78
-68
-54
-32
-11
3
-15
-42
-47
-16
5
-35
-5
31
30
52
81
83
37
44
52
38
51
57
67
82
87
77
66
54
50
43
45
72
79
86
99
115
123
94
73
74
76
85
83
87
76
62
68
68
68
45
42
40
24
25
18
9
-18
-40
-12
10
11
11
11
23
13
-6
-2
-26
-56
-55
-52
-60
-47
-37
-59
-50
-27
-31
-48
-73
-54
-29
-48
-30
5
-14
-46
-27
-4
-29
-29
-23
-24
-15
-16
-8
11
43
42
33
35
25
43
52
78
103
74
45
36
70
87
85
109
86
81
106
81
91
90
90
105
113
121
113
141
123
98
122
121
100
88
77
55
77
99
106
107
78
73
81
94
65
27
9
28
71
51
36
22
14
-1
1
19
-7
-3
-11
-31
-46
-73
-79
-63
-42
-62
-68
-77
-81
-77
-86
-69
-84
-84
-79
-82
-81
-83
-39
-46
-97
-97
-102
-129
-106
-91
-104
-92
-78
-43
-36
-42
-36
-48
-34
-41
-31
-17
-39
-10
1
-13
8
11
-17
-14
15
37
34
48
55
52
72
50
55
83
83
80
73
90
93
86
77
52
42
68
77
63
67
62
50
19
22
50
25
15
23
12
-7
-16
-21
-29
-24
-33
-26
-42
-62
-54
-89
-92
-67
-41
-55
-113
-103
-120
-145
-119
-135
-163
-170
-132
-104
-133
-127
-132
-148
-133
-116
-112
-142
-133
-138
-166
-195
-207
-143
-152
-148
-92
-122
-125
-87
-74
-83
-75
-49
-74
-46
-16
-45
-43
-32
-22
-6
17
-8
-7
61
40
42
77
41
57
73
91
105
67
89
102
126
111
96
165
106
104
120
68
101
119
130
100
87
121
78
91
123
129
107
65
90
60
50
55
44
73
43
48
64
31
32
12
-15
17
-16
-51
3
-38
-68
-15
-15
-40
-72
-46
-56
-84
-35
-68
-56
-45
-104
-86
-112
-116
-76
-94
-79
-70
-102
-84
-60
-59
-54
-52
-16
3
-4
1
-18
-24
-15
-18
9
33
22
10
42
85
45
41
78
50
90
104
68
108
123
128
123
160
174
101
127
121
135
171
141
177
154
152
174
150
158
149
165
135
111
139
155
194
133
128
113
50
131
107
111
119
46
81
60
65
46
3
24
-25
20
-1
-55
-24
-51
-12
-35
-78
-70
-91
-53
-54
-93
-114
-134
-92
-96
-123
-108
-171
-130
-83
-135
-52
-103
-155
-100
-164
-111
-116
-132
-65
-122
-42
-76
-133
-51
-111
-94
-137
-84
-17
-71
15
-29
-15
-38
-50
41
-23
43
32
-5
26
10
85
22
29
63
0
46
40
53
57
49
59
64
109
78
63
32
19
35
-15
51
39
16
70
24
44
20
-10
-1
-15
17
-2
-3
-31
-59
-37
-48
-55
-86
-85
-54
-66
-54
-48
-74
-90
-111
-122
-154
-152
-132
-140
-111
-126
-155
-150
-130
-113
-134
-133
-141
-132
-112
-101
-87
-125
-148
-124
-116
-97
-92
-132
-108
-72
-75
-51
-48
-22
-26
-69
-20
-16
-33
-12
-20
24
29
37
46
23
66
43
39
55
57
81
88
71
42
100
68
87
114
71
135
69
92
102
71
90
66
117
58
116
97
69
146
48
100
58
62
79
21
98
19
36
52
26
55
19
9
-20
-6
-23
-9
-23
-33
2
-49
28
-12
-32
-2
-77
-25
-75
-41
-34
-62
-24
-80
-27
-104
-57
-10
-67
-9
-82
-18
-34
-41
-3
-54
35
-25
14
57
34
59
-4
56
40
44
54
16
38
17
77
61
47
96
101
100
117
128
84
106
115
136
127
109
128
89
148
132
119
146
118
151
82
97
125
80
112
92
82
43
56
100
79
101
64
32
34
58
65
11
-7
13
1
-27
-15
-49
-35
-33
-35
13
-33
-26
-54
-35
-14
-48
-32
-102
-105
-139
-99
-72
-102
-39
-93
-48
-78
-64
-33
-102
-46
-106
-55
-77
-75
-17
-64
1
-75
-23
-16
-46
16
-27
29
-23
-8
9
-21
16
-30
31
43
55
79
47
61
60
103
76
48
37
23
24
55
104
49
80
63
96
111
43
104
43
74
67
49
87
41
97
31
38
45
24
36
-24
37
-1
5
12
-33
-29
-68
-10
-25
1
21
-36
-45
-85
-90
-93
-76
-112
-89
-104
-120
-86
-156
-91
-131
-121
-113
-152
-66
-123
-46
-105
-138
-77
-158
-62
-95
-102
-119
-140
-69
-110
-51
-103
-74
-61
-97
-8
-78
-37
-61
-54
1
-37
32
8
34
5
-10
22
10
56
13
51
39
45
56
21
70
6
71
71
48
125
63
98
95
83
87
62
69
44
75
66
71
63
65
79
32
65
47
61
56
14
43
10
16
34
14
17
2
-39
-27
-50
-69
-35
-80
-37
-34
-30
-4
-62
-35
-80
-77
-68
-76
-12
-80
-39
-49
-96
-58
-107
-75
-114
-125
-85
-78
-39
-53
-30
-57
-56
-28
-42
-4
-13
-10
-11
-26
-16
-16
-16
-20
-22
-9
24
16
26
48
29
52
65
79
75
92
88
73
103
83
106
84
98
101
62
118
83
111
114
121
140
69
127
111
113
125
81
104
98
143
139
117
109
88
89
60
83
57
68
105
67
81
55
49
30
31
38
-3
33
-4
10
16
-16
25
-46
-48
-20
-44
-56
-71
-35
-67
-58
-39
-62
-46
-76
-48
-52
-75
-48
-58
-65
-90
-95
-108
-105
-83
-110
-77
-54
-70
-67
-85
-68
-40
-40
-41
-52
-24
-5
6
12
6
13
-7
5
22
11
7
10
21
28
51
63
56
57
104
94
76
113
72
65
56
69
74
33
86
74
66
77
77
92
63
81
67
70
53
25
58
8
32
45
23
22
3
53
20
8
-14
-47
-3
-48
-36
-57
-83
-48
-80
-25
-64
-78
-48
-104
-75
-111
-110
-129
-153
-97
-120
-90
-119
-116
-90
-112
-73
-103
-110
-108
-113
-88
-87
-110
-113
-78
-97
-81
-70
-87
-57
-73
-69
-48
-44
-42
-42
-28
-24
-7
3
1
-6
-13
-2
-2
10
12
25
30
16
18
11
42
44
20
32
10
7
28
32
43
63
44
20
31
5
25
31
2
30
30
29
14
14
2
-9
24
11
13
3
-3
18
-14
-22
-21
-49
-41
-51
-51
-4
-8
-39
-31
-35
-50
-48
-70
-58
-44
-32
-46
-79
-60
-88
-60
-56
-57
-43
-64
-19
-31
-4
-8
-28
10
-14
-5
-38
-45
-68
-71
-6
-37
7
2
-11
19
27
36
-20
12
26
14
18
11
23
14
46
67
72
65
75
106
89
86
68
50
69
86
68
55
95
83
77
92
87
85
67
96
91
62
70
60
56
43
66
70
73
109
81
87
59
48
83
44
49
40
17
-2
38
75
13
47
57
7
6
-20
-20
-18
-40
-24
-42
-42
-25
-20
-1
-60
-63
-38
-89
-53
-10
-19
-6
-13
-14
-24
-43
-43
-51
-11
-11
-60
-67
-51
-45
-57
-42
-32
-13
15
54
25
-22
7
-14
14
51
44
73
74
34
30
50
41
53
41
38
84
94
74
42
42
61
83
118
116
87
93
65
4
-33
-99
-90
-87
-5
61
27
82
-209
-179
213
287
259
119
56
30
181
162
-83
-180
-260
-116
81
105
6
-79
-158
-142
-54
-48
38
107
31
-81
-3
61
-36
-102
-158
-147
-105
-13
-31
-208
-219
-226
-189
-102
-142
-158
-63
99
126
61
57
-28
-121
-34
12
-24
-57
-125
-148
-180
-169
-144
-168
-192
-177
-118
-68
22
29
-33
-9
29
56
74
107
149
36
-22
71
91
77
23
-22
-62
-62
-1
-30
-18
-32
-113
-153
-175
-178
-171
-115
-92
-117
-84
-49
-31
-40
-56
-89
-110
-45
20
69
68
89
72
10
23
-12
-29
-42
-9
-27
-119
-103
-171
-204
-179
-171
-143
-173
-133
-160
-191
-161
-167
-109
-104
-91
-82
-77
-63
-110
-90
-79
-96
-76
-56
-25
30
58
23
36
92
103
114
144
138
157
204
211
225
252
244
220
223
201
191
222
210
208
218
219
205
211
244
224
218
218
248
309
303
279
305
310
278
281
275
264
256
205
162
144
168
192
209
193
131
108
57
54
72
31
32
32
7
-28
-47
-79
-93
-82
-77
-50
-65
-66
-120
-193
-222
-271
-255
-231
-195
-210
-237
-265
-343
-315
-269
-259
-256
-271
-260
-288
-300
-287
-285
-302
-312
-261
-258
-243
-219
-229
-208
-185
-176
-184
-139
-59
-38
-48
-43
-39
-50
-32
8
19
1
22
61
70
92
69
33
55
58
85
125
158
160
143
147
141
159
162
188
165
105
125
144
141
133
142
125
128
157
140
151
152
125
117
139
144
147
135
113
106
80
121
95
63
106
53
67
79
67
61
0
59
54
11
65
45
23
-10
-13
25
-18
-35
-6
-20
-46
-49
-56
-51
-16
-30
-16
-35
-89
-21
4
6
43
33
-2
-11
26
35
22
42
44
41
68
58
28
38
52
30
1
33
66
82
98
78
51
60
38
12
46
47
44
53
25
-5
3
27
19
-9
-2
4
-10
23
16
-18
-18
-8
-36
-53
-25
-24
-17
-66
-75
-87
-134
-93
-112
-115
-115
-134
-135
-172
-140
-108
-96
-106
-125
-99
-97
-89
-77
-85
-129
-137
-123
-135
-103
-130
-114
-78
-99
-87
-67
-43
-67
-55
-63
-82
-70
-83
-53
-41
-3
15
33
36
-17
16
7
13
34
32
88
66
66
47
-3
19
16
57
78
83
79
51
45
18
31
35
31
60
56
33
41
48
21
-20
-20
-8
14
44
24
16
-19
-32
-19
-28
-7
-20
-23
-14
-31
-41
-23
-21
-52
-63
-53
-14
-18
-17
18
-31
-58
-65
-95
-61
-11
12
-36
-76
-75
-96
-77
-47
-48
-25
12
8
0
0
-3
23
16
13
41
35
33
67
74
46
52
63
81
81
67
58
26
53
80
68
63
37
39
43
60
85
95
68
35
46
12
8
18
52
92
57
90
98
41
46
54
45
40
16
40
70
30
21
-4
-16
10
32
50
6
8
16
-28
-19
-21
-18
-10
-35
-40
-51
-17
17
22
-1
-4
18
-33
-27
-8
-11
-2
0
40
9
10
41
5
-1
0
13
28
29
12
-26
-1
20
18
20
15
14
19
32
4
30
52
26
51
56
55
64
60
61
54
51
81
80
42
62
88
56
53
88
81
70
82
85
61
30
18
16
43
34
22
60
34
-10
-4
-8
-32
-19
5
-12
-3
5
-37
-53
-26
-34
-56
-19
-30
-58
-63
-71
-51
-77
-53
-64
-90
-43
-55
-83
-85
-65
-64
-81
-86
-103
-101
-78
-69
-73
-54
-59
-53
-30
-54
-68
-67
-56
-64
-81
-51
-52
-59
-55
-49
-40
-54
-34
-40
-63
-53
-37
-23
-50
-39
-34
-30
-29
-63
-18
-45
-70
-14
-38
-40
-59
-47
-24
-61
-38
-48
-42
-38
-43
-18
-37
-34
-27
-23
-30
-52
-34
-13
-20
-12
8
-20
-42
-41
-27
-36
-64
-18
9
-19
-34
-12
-5
-52
-37
-26
-54
-20
6
21
36
9
-18
3
-6
1
34
7
-4
9
36
26
23
50
53
60
49
63
64
52
70
64
53
27
43
75
76
100
104
101
72
45
88
69
42
63
66
74
93
94
73
72
86
85
62
61
60
53
46
39
65
66
80
87
53
45
38
36
39
29
29
23
23
27
20
14
16
8
-2
-8
2
1
-7
2
-22
-50
-63
-51
-37
-60
-46
-32
-16
3
-16
-9
-43
-67
-43
-55
-40
-46
-42
-17
-43
-42
-52
-37
-22
-24
-3
-44
-47
-38
-45
-36
-38
-9
-21
-22
-6
-20
-25
-25
4
-1
-23
0
-3
-11
11
15
41
25
0
15
-11
1
-7
-28
8
19
30
22
9
30
34
28
18
22
30
22
40
49
9
10
54
58
52
47
27
47
47
13
17
15
9
15
10
19
27
29
3
14
41
29
13
-7
8
-1
-14
-3
9
12
-3
23
16
-7
0
-28
-52
-40
-4
5
-10
-6
8
1
8
6
-37
-30
-37
-37
-29
-29
-8
-36
-24
-13
-18
-14
-32
-1
-13
-17
-19
-44
-27
-19
-18
-42
-29
-9
-22
-9
-38
-46
-18
