0
0
-1
0
0
0
0
-1
0
0
0
0
0
0
0
0
0
0
0
0
0
0
-1
0
0
0
0
0
0
0
0
0
1
0
-1
0
0
0
0
0
0
0
0
0
0
0
0
0
0
0
0
0
0
0
-1
0
0
0
0
0
0
0
0
0
0
0
0
0
1
0
0
0
0
0
0
0
1
0
0
0
1
1
0
0
0
-1
1
1
0
0
0
0
0
0
0
1
0
0
0
1
0
0
0
0
0
-1
0
0
0
0
0
0
0
0
0
0
-1
-1
-1
0
0
0
0
-1
0
0
0
0
0
0
0
0
0
1
0
1
0
0
0
0
0
0
1
-1
0
1
-1
0
0
0
0
0
0
0
-1
0
0
0
-1
0
-1
0
0
0
0
0
-1
0
0
0
0
0
0
-1
0
0
0
0
0
0
0
0
-1
-1
0
0
0
0
0
1
0
0
0
0
0
-1
0
0
0
0
0
0
0
0
0
1
0
1
0
0
1
-1
1
0
0
0
-1
-1
0
0
0
-1
0
-1
0
0
0
-1
0
0
0
0
1
0
0
0
0
0
0
1
0
1
0
0
0
0
0
0
1
0
0
0
1
1
0
0
0
0
0
0
0
0
-1
1
0
0
0
0
0
0
0
1
0
0
-1
0
0
0
-1
-1
0
0
1
0
-1
0
0
0
0
0
0
-1
-1
0
0
-1
1
0
1
0
0
0
0
0
0
1
0
0
0
-1
0
0
0
0
0
1
-1
0
0
0
0
0
0
0
0
0
1
0
0
0
0
0
0
-1
0
0
-1
0
0
-1
0
0
0
0
0
0
0
0
1
0
0
-1
1
0
0
-1
-1
0
0
0
1
-1
0
0
0
-1
1
0
0
0
1
-1
0
0
0
0
0
0
0
0
0
0
0
-1
0
0
0
0
0
0
0
0
0
0
1
-1
0
0
-1
1
0
0
0
0
0
0
0
0
0
0
0
0
0
0
-1
0
0
0
0
0
0
0
-1
0
0
0
-1
0
0
-1
-1
0
0
0
0
0
1
1
-1
0
-1
0
0
0
0
0
0
0
0
1
0
0
0
0
-1
1
0
0
1
0
0
0
0
0
1
1
0
0
0
0
0
-1
0
-1
1
0
1
0
0
1
0
0
1
0
0
0
1
-1
-1
1
0
0
0
-1
0
0
1
0
0
0
0
0
0
-1
0
0
0
-1
0
0
1
1
-1
0
0
0
0
0
0
0
0
0
-1
1
0
0
1
0
0
0
0
1
-1
0
0
0
0
-1
1
0
0
-1
0
0
0
0
0
-1
0
-1
1
0
0
1
0
0
0
0
0
0
0
0
-1
0
0
0
1
0
1
0
0
0
0
-1
0
0
1
1
0
0
0
-1
-1
0
0
0
-1
0
0
1
0
1
0
0
1
0
0
1
0
0
0
0
0
0
0
0
0
0
0
-1
1
0
0
0
0
0
0
0
0
0
0
-1
0
-1
0
0
0
0
0
-1
0
0
0
1
0
0
0
0
0
0
0
0
0
-1
1
1
-1
0
0
0
0
0
0
0
0
0
0
0
0
0
-1
0
0
0
0
0
0
0
0
-1
0
0
0
0
-1
0
-1
0
0
0
0
0
-1
0
0
-1
0
0
0
1
0
0
0
0
0
0
1
0
0
0
0
0
1
0
0
0
1
1
0
0
0
0
0
0
0
0
1
1
1
0
0
-1
0
0
0
-1
-1
0
0
0
0
0
0
0
0
0
0
0
0
0
0
0
0
0
0
0
0
0
1
1
1
0
-1
0
0
0
0
0
0
1
-1
-1
0
0
0
0
0
1
0
-1
0
0
0
0
0
0
0
0
-1
0
0
0
0
1
0
0
0
0
0
-1
1
1
0
0
0
0
1
0
0
0
0
0
0
0
0
0
0
0
0
1
0
0
0
0
0
0
1
0
0
0
0
0
0
0
0
0
0
1
0
-1
0
0
0
0
-1
0
0
0
0
0
0
-1
0
0
-1
0
0
0
-1
1
0
0
0
0
0
0
0
0
0
0
0
0
0
-1
0
-1
0
0
0
0
0
0
0
0
0
1
0
0
0
0
0
0
0
0
0
0
0
1
0
0
0
0
0
0
0
0
0
-1
0
0
1
0
0
0
0
0
0
0
1
0
0
0
0
0
0
-1
0
1
0
0
0
0
0
0
0
0
-1
0
0
0
0
0
0
0
0
1
0
-1
0
1
0
0
-1
0
0
0
0
-1
0
0
0
0
1
0
0
0
0
0
0
0
0
-1
0
0
0
0
0
0
0
0
0
1
0
0
0
0
0
1
0
0
1
0
1
-1
0
0
0
0
0
0
0
0
-1
0
-1
-1
0
0
0
0
0
0
0
0
0
0
-1
0
-1
0
0
0
0
0
0
-1
0
0
0
0
0
0
0
0
0
0
0
0
0
0
0
0
0
1
1
0
-1
0
0
0
0
0
0
0
0
0
0
0
0
0
0
0
0
1
0
0
0
0
0
1
0
0
0
0
0
0
0
-1
-1
0
0
0
0
0
-1
-1
0
0
0
-1
1
0
0
-1
0
0
0
0
0
0
0
0
0
0
0
0
0
0
0
0
1
0
0
-1
0
0
0
0
0
0
1
0
0
-1
-1
0
0
0
0
-1
0
0
0
0
0
1
0
0
1
0
1
0
0
0
0
0
0
-1
0
0
0
0
0
0
1
0
0
0
0
0
0
-1
-1
0
-1
0
0
0
0
0
0
0
0
0
0
0
0
0
0
-1
0
0
0
0
1
0
0
0
0
0
0
0
0
0
0
-1
1
-1
0
0
0
0
0
0
0
0
1
0
1
0
0
0
1
-1
0
0
0
0
0
0
0
0
0
0
-1
0
0
0
0
1
1
0
1
0
0
0
0
0
0
0
0
0
0
-1
-1
-1
-1
0
0
0
0
0
-1
0
0
0
0
0
-1
0
-1
0
1
0
0
1
0
0
-1
0
-1
0
0
0
-1
0
1
-1
0
0
0
0
-1
0
1
0
-1
1
1
0
1
-1
0
0
1
0
0
-1
1
0
0
1
0
0
0
0
1
0
0
0
0
1
0
-1
0
-1
0
1
0
1
-1
0
1
0
0
0
0
0
-1
0
0
0
0
0
0
0
0
0
0
-1
0
1
0
1
0
-1
0
0
1
0
0
0
0
0
0
-1
0
-1
0
0
0
0
0
0
0
1
0
1
0
0
0
0
0
-1
0
0
0
0
0
-1
0
0
0
0
0
0
1
0
0
0
0
1
0
0
0
0
0
0
0
0
0
-1
0
1
0
0
0
0
0
0
0
0
0
0
0
0
0
0
0
-1
1
0
0
0
-1
0
0
0
1
0
0
0
-1
0
0
0
0
1
1
0
1
0
0
-1
0
-1
0
0
0
0
0
0
0
0
0
0
0
0
0
1
0
0
0
0
0
0
0
0
0
0
0
0
0
0
0
0
0
0
1
0
0
0
1
0
0
0
0
0
0
0
0
1
1
0
0
1
0
0
0
0
0
1
0
0
-1
1
0
-1
-1
0
0
0
0
0
1
0
1
0
0
0
1
0
-1
0
-1
0
0
-1
0
0
0
-1
0
0
0
0
0
0
0
0
1
-1
0
0
0
0
-1
0
0
0
0
0
1
0
0
0
0
0
0
0
0
1
1
0
0
0
0
0
0
0
0
0
1
0
-1
0
0
0
0
0
0
0
0
0
0
1
0
1
0
1
0
0
0
0
0
0
0
0
0
0
0
0
-1
0
0
0
-1
0
-1
0
0
0
0
0
0
0
0
1
-1
-1
-1
-2
-1
0
1
1
1
0
1
1
0
0
0
0
1
1
1
0
1
1
1
1
0
1
1
0
1
0
0
0
0
0
0
-1
0
-1
0
-1
0
-1
-1
-1
0
0
-1
-1
-1
0
-1
-1
-1
-1
-1
-1
-1
-1
-1
-1
0
-1
-1
0
0
-1
0
-1
-1
-1
-1
0
0
0
0
0
0
1
-1
1
1
1
0
0
1
1
1
1
1
1
1
1
0
1
1
1
1
1
1
1
1
1
1
1
1
1
1
1
0
0
0
1
0
0
1
1
1
1
0
0
0
1
0
0
-1
0
-1
-1
-1
-1
-1
-1
0
-1
-1
-1
-1
-1
-1
0
0
-1
-1
-1
0
0
-1
0
-1
-1
-1
-1
-1
-1
-1
-1
0
0
0
0
0
0
-1
0
0
-1
-1
0
0
-1
-1
0
0
0
-1
0
0
-1
-1
0
0
0
0
-1
-1
0
0
1
1
0
0
0
0
0
0
1
0
0
0
1
1
1
0
0
0
0
0
1
1
1
0
0
0
1
1
1
1
0
1
1
0
1
0
0
1
0
0
0
0
0
0
-1
-1
-1
0
-1
0
-1
-1
0
-1
-1
-1
0
0
-1
-1
-1
-1
-1
0
0
0
0
1
1
1
1
1
2
1
3
2
2
2
1
1
2
2
1
2
2
1
1
1
1
2
1
1
2
1
1
1
1
1
1
0
0
0
0
-1
-3
-2
-1
-1
-1
-1
0
1
-1
-2
-2
-3
-2
-2
-1
-3
-3
-1
-1
-1
0
-1
0
1
1
1
1
0
-2
0
0
1
-1
-2
-3
-3
-4
-4
-6
-6
-5
-5
-4
-3
-4
-7
-7
-7
-5
-6
-4
-4
-2
-3
-3
0
-1
2
4
5
5
6
5
6
5
5
4
5
6
7
5
5
2
1
1
2
2
2
3
-1
1
4
5
7
9
6
7
3
1
-2
-8
-10
-13
-9
-8
-7
-11
-8
-4
-13
-10
-9
-11
-11
-12
-9
-14
-8
-9
-14
-5
-10
-2
4
4
8
13
10
9
9
9
10
4
2
9
11
18
20
21
20
9
15
13
15
7
12
18
5
4
7
-1
13
13
7
4
13
5
15
22
34
36
36
35
23
30
21
30
26
24
26
29
10
30
-2
-8
-30
-16
-9
0
17
7
17
-14
-19
-71
-56
-52
-42
-28
-7
9
-12
-12
-64
-60
-65
-59
-44
-37
-20
-12
-25
-48
-61
-84
-64
-89
-63
-66
-53
-54
-54
-44
-28
7
-6
1
13
-8
-10
-6
3
17
34
33
42
59
43
66
48
74
65
68
72
79
80
59
71
46
51
14
25
12
12
21
37
33
31
52
51
41
20
-2
-9
-25
-21
-16
-11
4
-22
-35
-76
-88
-98
-82
-71
-5
-7
5
19
-11
-38
-67
-52
-67
-61
-38
-38
-60
-34
-48
-25
-16
13
8
-2
21
13
21
27
63
48
48
47
31
41
19
41
32
59
82
64
72
57
48
32
19
26
22
13
-4
18
5
-4
22
-3
-4
-12
7
12
17
30
40
4
18
-1
-1
-4
-9
10
-9
-19
-46
-43
-49
-20
-23
-18
-9
-4
-42
-49
-61
-67
-66
-40
-25
-43
-33
-17
-46
-77
-61
-71
-55
-58
-46
-51
-55
-58
-51
-13
-13
-10
2
-24
-15
5
-3
23
35
64
68
85
103
129
125
117
130
142
137
145
142
112
119
106
115
119
119
130
118
101
68
45
44
22
41
22
20
13
1
-41
-72
-87
-79
-92
-86
-85
-88
-123
-128
-134
-158
-146
-153
-148
-170
-152
-165
-154
-172
-161
-144
-144
-116
-87
-75
-81
-86
-85
-100
-85
-64
-61
-39
-35
-35
-60
-49
-58
-29
-19
-8
7
-9
-13
-26
-29
-4
0
25
56
62
81
62
82
89
110
113
145
126
132
146
122
141
156
157
143
170
157
157
182
171
151
154
151
149
147
154
150
135
142
121
82
65
69
58
42
47
42
28
9
-9
-11
-47
-39
-46
-65
-63
-71
-100
-119
-109
-114
-142
-131
-126
-163
-176
-174
-164
-159
-165
-150
-147
-129
-120
-100
-122
-114
-81
-61
-41
-33
-15
-16
-9
0
1
1
14
42
52
38
40
70
50
57
50
65
61
52
42
39
41
24
39
15
26
31
35
38
18
24
3
10
26
36
58
52
17
1
-42
-49
-42
-55
-65
-54
-63
-48
-20
-23
-31
-46
-59
-68
-60
-68
-80
-55
-61
-33
-15
-20
-17
-29
-48
-56
-54
-32
-21
-11
-20
-27
-12
-27
-45
-63
-53
-37
-9
-6
28
15
7
18
-1
17
27
33
50
72
84
83
107
100
106
117
130
141
128
130
90
68
75
93
101
122
129
149
110
96
79
47
53
50
87
66
74
51
43
-4
-22
-4
2
28
14
41
5
11
-12
-20
-9
-20
-5
-34
-39
-57
-75
-66
-65
-50
-46
-37
-53
-64
-75
-86
-95
-113
-87
-82
-89
-96
-75
-104
-133
-153
-126
-110
-97
-74
-95
-80
-92
-96
-119
-122
-110
-104
-101
-95
-70
-77
-48
-46
-17
3
24
29
8
34
23
23
24
28
29
41
68
85
86
102
104
80
94
108
109
127
115
115
92
105
97
72
90
91
104
107
97
65
66
36
51
82
65
56
52
47
0
4
2
-13
-1
-24
-10
-25
-16
-24
-29
-34
-17
-25
-34
-25
-45
-50
-49
-51
-47
-34
-30
-37
-60
-51
-64
-46
-54
-50
-42
-47
-67
-70
-70
-85
-83
-61
-43
-36
-17
-8
-16
-39
-12
-16
-19
-5
4
8
2
-5
-9
-17
-20
-16
12
27
55
51
78
44
19
15
-9
-2
21
13
17
33
11
-10
-12
8
37
57
77
72
69
51
27
9
-10
-17
-2
-10
3
6
5
6
4
15
37
36
39
24
31
61
47
40
63
44
30
29
20
36
28
25
32
25
29
32
49
29
39
50
44
41
29
26
4
8
-4
-22
-24
-29
-15
-26
-23
-55
-42
-50
-39
-50
-33
-19
-4
-8
-32
-44
-71
-85
-79
-79
-67
-68
-70
-72
-65
-37
-38
-42
-39
-32
-60
-70
-62
-64
-64
-70
-40
-58
-80
-82
-102
-120
-103
-95
-64
-32
-26
-19
-38
-49
-62
-42
-61
-47
-33
-37
-39
-40
-37
-36
-41
-21
1
-15
19
30
44
59
51
70
65
73
72
77
130
146
162
150
145
138
147
159
177
202
220
217
203
188
159
134
146
130
135
149
115
131
104
87
68
41
77
82
72
73
52
30
-1
-8
-14
-25
-12
-28
-29
-63
-85
-101
-122
-120
-126
-114
-114
-146
-158
-185
-179
-162
-171
-158
-171
-141
-145
-150
-120
-115
-90
-67
-38
-43
-39
-32
-61
-44
-53
-49
-73
-56
-62
-73
-66
-70
-49
-69
-39
-23
-6
-5
5
15
20
32
45
63
72
82
80
69
56
56
52
50
66
89
93
106
102
102
67
51
54
37
36
39
47
34
48
30
31
20
13
10
-5
18
14
10
19
10
30
9
-14
-25
-38
-45
-52
-57
-101
-84
-137
-126
-139
-120
-97
-104
-95
-79
-79
-69
-45
-71
-69
-69
-62
-70
-47
-24
12
8
16
0
-8
-21
-42
-3
11
67
89
96
110
90
80
79
110
129
156
202
203
199
198
196
195
168
204
198
230
227
190
187
145
111
93
75
71
69
39
11
3
-22
-40
-69
-75
-63
-73
-68
-91
-106
-130
-146
-129
-131
-134
-130
-119
-125
-141
-160
-160
-167
-194
-198
-168
-179
-161
-164
-181
-166
-142
-124
-122
-82
-88
-76
-68
-67
-65
-69
-59
-47
-27
-18
-10
23
14
48
57
49
59
49
63
58
73
91
85
105
123
101
81
96
85
99
114
133
136
148
147
113
98
74
70
67
70
96
91
103
92
92
99
93
92
45
65
12
26
29
37
34
19
24
-12
-4
-35
-57
-77
-82
-66
-64
-75
-103
-126
-147
-166
-168
-178
-156
-139
-157
-150
-115
-113
-100
-79
-82
-62
-46
-55
-40
-47
-43
-27
-46
-52
-41
-36
-32
-42
-17
-14
-6
8
20
23
51
85
99
107
120
103
89
74
65
85
102
120
140
182
156
144
116
89
84
89
103
99
84
78
80
57
39
34
30
14
10
47
32
26
15
5
-10
-21
-32
-80
-81
-84
-79
-70
-65
-100
-129
-133
-146
-154
-145
-145
-135
-124
-115
-130
-139
-141
-157
-137
-99
-71
-51
-30
-2
0
-13
1
-8
1
18
52
101
118
138
146
138
114
135
139
124
162
212
217
229
199
176
144
119
129
135
175
179
171
133
101
56
24
14
4
-8
-18
-23
-46
-73
-92
-109
-119
-124
-119
-121
-112
-121
-127
-117
-134
-135
-162
-162
-158
-153
-144
-144
-140
-148
-168
-191
-185
-216
-196
-196
-175
-171
-181
-171
-199
-196
-192
-171
-138
-95
-44
-37
-35
-33
-28
-38
-8
43
56
99
102
115
108
97
107
93
106
116
147
170
168
193
204
210
214
199
205
182
188
200
222
230
220
235
216
207
181
191
175
192
208
207
210
182
162
126
112
97
91
49
47
32
26
8
-17
-6
-35
-41
-51
-66
-58
-77
-58
-64
-67
-83
-125
-140
-164
-156
-147
-112
-113
-122
-140
-149
-187
-188
-202
-198
-178
-188
-162
-189
-201
-216
-210
-222
-221
-199
-173
-175
-174
-151
-163
-165
-149
-88
-83
-60
-30
-22
-37
-26
-32
-9
11
10
44
84
88
86
118
113
117
102
116
114
130
142
155
161
167
169
130
117
95
102
78
90
93
98
97
99
104
98
80
76
68
49
56
53
62
31
2
-33
-46
-74
-70
-55
-51
-4
-2
16
16
44
37
52
58
62
58
52
34
25
37
18
30
14
25
17
13
4
-7
-2
-14
-1
28
33
53
28
11
11
-37
-45
-70
-68
-84
-73
-45
-68
-66
-66
-66
-74
-91
-96
-84
-120
-110
-138
-100
-103
-101
-102
-99
-94
-89
-81
-67
-31
-36
-5
-23
-25
-17
-39
-38
-34
-13
-3
-11
4
-13
-14
-31
-12
1
16
26
31
35
31
43
58
75
57
73
105
106
133
129
140
139
120
127
115
140
146
153
163
178
170
155
122
102
109
131
146
137
123
98
62
50
25
13
43
37
55
31
12
-25
-78
-123
-142
-155
-185
-166
-184
-184
-194
-199
-219
-217
-213
-218
-218
-204
-201
-217
-210
-181
-186
-142
-110
-94
-70
-72
-70
-87
-69
-73
-44
-38
-8
10
29
26
4
27
21
27
58
80
105
107
125
111
100
73
55
82
67
85
128
139
150
158
134
115
103
107
103
107
87
92
68
43
38
20
36
76
87
88
89
65
62
18
29
27
34
51
39
16
-17
-40
-58
-93
-56
-67
-42
-27
-31
-24
-46
-67
-108
-120
-136
-131
-105
-87
-108
-98
-111
-107
-110
-105
-98
-92
-101
-92
-86
-81
-60
-50
-13
19
23
19
24
0
18
22
36
77
111
142
117
136
108
99
114
113
122
134
142
119
121
104
127
120
127
132
152
154
170
151
134
125
76
91
76
62
79
77
61
61
29
30
-4
0
-6
-2
-10
-43
-53
-91
-111
-129
-132
-139
-158
-180
-175
-215
-213
-197
-203
-204
-179
-190
-212
-212
-235
-219
-227
-221
-220
-232
-252
-263
-284
-272
-242
-233
-185
-172
-149
-133
-149
-133
-112
-93
-69
-40
7
33
57
70
96
119
133
160
180
196
208
228
241
235
246
257
265
264
277
277
267
261
238
232
226
251
250
263
283
264
255
237
224
207
188
179
172
157
130
125
99
72
69
78
70
84
68
54
57
9
-5
-41
-51
-88
-85
-94
-113
-142
-162
-161
-174
-179
-205
-187
-201
-200
-206
-208
-212
-216
-231
-236
-260
-261
-276
-269
-262
-255
-238
-221
-201
-208
-171
-160
-135
-117
-115
-90
-71
-83
-89
-88
-80
-53
-36
-17
6
18
24
52
40
36
56
91
84
96
118
113
104
108
93
95
112
127
128
153
161
174
187
182
177
180
195
187
192
186
167
150
150
153
152
151
169
144
154
131
137
132
100
86
78
63
54
16
5
-19
-44
-66
-65
-76
-96
-87
-101
-105
-125
-111
-119
-156
-163
-164
-173
-162
-156
-151
-158
-135
-137
-136
-133
-146
-148
-165
-142
-140
-123
-101
-105
-112
-102
-106
-120
-112
-104
-82
-31
-5
47
66
51
56
46
61
69
91
81
100
111
103
92
92
118
116
132
149
142
146
116
87
99
82
96
113
117
126
125
102
69
56
40
44
59
65
81
74
52
31
8
-6
-8
-34
-34
-31
-28
-34
-30
-32
-47
-34
-70
-86
-98
-68
-82
-68
-55
-71
-56
-72
-85
-106
-109
-105
-93
-87
-65
-63
-52
-54
-79
-76
-89
-88
-102
-87
-69
-63
-33
-24
-30
-26
-29
-32
-21
5
21
53
56
63
62
66
60
64
78
81
102
101
98
111
112
116
124
124
126
107
79
55
45
37
46
69
61
65
51
46
42
33
40
30
39
62
35
24
13
-5
-13
-11
-2
23
9
18
4
-21
-33
-42
-52
-53
-57
-51
-67
-85
-122
-157
-185
-221
-214
-200
-186
-162
-179
-161
-158
-169
-158
-150
-138
-121
-80
-59
-47
-43
-36
-39
-40
-50
-37
-34
-36
-5
-13
12
24
38
63
73
82
115
128
127
121
107
107
122
129
140
152
154
144
158
144
157
195
196
209
188
187
161
144
138
107
89
88
67
59
55
26
23
67
52
78
86
69
58
37
51
49
51
33
24
-13
-3
-30
-44
-59
-40
-59
-67
-50
-83
-92
-114
-102
-107
-129
-153
-158
-192
-181
-165
-148
-132
-133
-121
-135
-112
-131
-125
-138
-142
-117
-97
-92
-72
-82
-90
-90
-76
-57
-47
-24
-14
-15
-38
-62
-85
-115
-107
-82
-63
-28
-7
7
-23
-18
-15
-16
-5
8
20
34
26
30
18
10
32
25
74
80
113
96
111
101
67
62
63
67
77
104
106
98
73
77
78
75
115
122
148
155
146
126
129
121
107
133
135
141
121
130
126
121
109
92
63
41
25
6
-4
6
8
12
-9
-40
-54
-71
-64
-54
-22
-2
-10
-13
-28
-44
-75
-86
-85
-76
-83
-63
-61
-75
-93
-104
-134
-141
-145
-129
-102
-78
-75
-88
-83
-115
-110
-117
-110
-85
-82
-58
-60
-57
-53
-75
-109
-90
-78
-68
-66
-39
-45
-49
-8
-12
-12
-12
10
-2
15
35
68
90
111
146
164
157
131
139
138
151
162
185
189
186
176
163
149
158
145
141
144
101
106
65
37
11
-5
-4
-15
-3
7
2
-35
-42
-67
-87
-80
-96
-66
-87
-76
-103
-133
-170
-196
-203
-217
-186
-210
-188
-192
-194
-184
-174
-160
-155
-126
-105
-107
-99
-115
-108
-77
-54
-25
-14
14
6
17
25
39
52
63
104
146
132
116
122
81
63
61
96
102
142
159
165
160
158
144
148
169
180
212
224
249
206
206
176
172
163
176
170
186
169
135
92
46
25
19
27
-10
17
-18
-37
-82
-131
-171
-195
-188
-172
-152
-148
-157
-194
-213
-231
-242
-218
-217
-202
-191
-199
-201
-200
-211
-220
-202
-214
-221
-202
-205
-193
-166
-126
-84
-62
-20
-21
-27
-32
-29
-16
25
65
93
145
170
193
186
181
175
195
203
208
230
226
233
224
203
189
149
143
124
140
167
170
190
173
165
142
136
131
152
159
157
139
118
109
75
71
54
79
78
72
34
14
-45
-85
-53
-69
-67
-59
-50
-94
-128
-154
-202
-230
-249
-233
-211
-200
-178
-197
-205
-217
-239
-248
-250
-223
-225
-209
-216
-198
-213
-222
-229
-208
-196
-185
-158
-153
-142
-142
-120
-101
-78
-62
-48
-19
-19
-23
-26
-32
-2
19
26
79
99
115
113
127
148
168
187
197
219
217
213
198
191
185
189
216
224
264
258
255
262
232
219
238
232
230
249
238
248
222
199
183
164
141
147
144
145
152
120
106
66
29
37
34
19
0
-7
-36
-68
-101
-139
-162
-170
-192
-178
-185
-196
-207
-225
-224
-243
-229
-214
-215
-209
-219
-198
-192
-184
-168
-159
-145
-170
-155
-161
-158
-164
-149
-130
-139
-118
-122
-87
-91
-69
-75
-53
-50
-48
-23
-14
-9
-5
28
43
58
78
88
100
93
111
109
100
92
88
86
59
81
65
72
48
40
40
39
60
54
56
63
78
76
51
43
35
22
30
39
47
36
29
-1
-29
-15
-3
20
35
62
57
56
29
3
-28
-12
-12
10
15
18
10
-13
-10
-16
14
25
68
75
69
82
54
46
22
42
50
56
55
35
27
1
-13
-17
2
12
24
43
55
46
46
16
5
-26
-27
-16
-27
-19
-8
2
-21
-17
-38
-22
-33
-1
6
14
18
-11
-16
-47
-54
-77
-81
-86
-79
-76
-86
-85
-69
-75
-66
-69
-68
-65
-54
-58
-45
-19
2
3
11
16
20
15
11
37
51
69
78
81
59
58
27
30
14
23
14
1
11
23
35
12
13
-6
-32
-36
-33
-26
-29
-35
-24
-40
-44
-53
-48
-54
-54
-27
-35
-35
-46
-63
-59
-47
-50
-52
-32
-36
-29
-26
-16
-20
-26
-44
-30
1
2
37
39
63
42
42
55
46
58
53
52
30
26
21
34
24
26
15
34
1
-16
1
-24
-9
10
50
63
89
75
51
53
48
53
48
64
79
101
109
95
90
78
59
75
73
65
86
88
87
72
80
67
68
47
42
27
9
23
-1
2
-7
-20
-32
-46
-52
-53
-65
-76
-94
-119
-121
-120
-130
-140
-131
-161
-160
-187
-214
-221
-238
-195
-179
-153
-125
-139
-148
-138
-130
-133
-126
-93
-116
-111
-115
-120
-101
-84
-50
-17
48
63
69
60
50
52
43
78
98
110
142
150
139
133
114
121
133
151
191
209
230
226
206
195
207
222
220
274
252
268
223
180
147
145
132
138
144
154
147
125
96
68
46
7
3
-18
-28
-45
-52
-62
-60
-73
-78
-111
-116
-105
-99
-113
-117
-141
-179
-185
-207
-198
-212
-202
-186
-219
-217
-243
-227
-251
-214
-188
-175
-166
-227
-214
-219
-209
-191
-134
-124
-114
-108
-119
-109
-106
-69
-12
16
33
29
16
18
11
28
33
62
68
80
85
87
110
100
113
106
120
124
119
148
139
146
144
130
158
179
199
243
227
202
184
156
138
126
129
122
125
118
104
68
58
49
54
69
70
72
77
72
47
22
22
-8
-5
5
8
-6
-12
-45
-89
-112
-136
-106
-74
-35
-23
-6
-31
-70
-78
-106
-114
-75
-72
-44
-50
-94
-94
-136
-167
-153
-138
-92
-83
-69
-77
-87
-84
-76
-61
-20
-8
0
5
-15
-11
-11
-13
4
10
34
38
31
44
25
27
24
61
51
49
59
59
43
30
29
18
25
27
42
28
22
1
-11
-39
-23
5
-4
27
3
-10
-31
-62
-77
-76
-47
-31
-4
-5
1
-26
-43
-56
-74
-70
-47
-23
-4
3
15
-4
-20
-39
-53
-35
-3
39
57
48
8
-10
-32
-35
-20
12
44
43
15
-8
-44
-51
-40
-14
17
51
62
50
17
-16
-15
-17
20
70
109
124
123
120
110
112
127
109
94
87
67
56
67
44
41
73
79
106
112
117
96
65
26
9
36
44
56
65
65
19
-23
-45
-74
-70
-101
-68
-67
-58
-51
-63
-53
-74
-78
-82
-67
-73
-101
-128
-133
-149
-131
-99
-87
-66
-53
-55
-55
-82
-72
-98
-93
-89
-71
-47
-42
-39
-78
-90
-98
-111
-121
-87
-40
-37
-26
-36
-52
-78
-91
-66
-39
11
44
49
48
10
-14
-15
-6
51
93
120
146
136
123
109
115
111
147
151
176
183
173
157
120
100
88
113
129
127
115
120
94
105
104
143
146
148
158
136
128
68
37
-13
-28
-43
-36
-17
-39
-52
-75
-91
-115
-117
-130
-109
-105
-86
-90
-83
-92
-115
-94
-88
-97
-92
-98
-98
-112
-104
-102
-86
-94
-83
-57
-49
-58
-75
-105
-144
-142
-156
-112
-98
-70
-74
-69
-72
-99
-91
-84
-59
-58
-45
-22
-29
-33
-1
2
1
25
36
43
45
35
47
51
49
38
65
82
89
94
95
78
40
53
74
107
156
196
220
203
203
159
132
138
134
149
154
154
128
94
86
83
114
101
124
107
60
10
-29
-47
-53
-20
-11
28
19
17
-22
-36
-44
-39
-5
6
29
28
6
-30
-63
-73
-79
-93
-65
-63
-56
-47
-41
-85
-106
-108
-134
-125
-108
-100
-93
-77
-87
-110
-108
-98
-95
-94
-95
-89
-72
-57
-53
-62
-63
-55
-46
-52
-68
-55
-72
-55
-46
-32
-10
-27
-15
0
-18
-17
-38
-41
-39
-44
-26
-12
-8
-34
-63
-71
-57
-36
4
50
65
82
80
75
73
58
60
58
52
31
37
14
0
6
19
56
75
137
158
150
123
83
61
49
61
97
131
159
163
156
130
95
89
79
102
95
97
82
72
49
17
-11
-34
-43
-14
2
-16
-29
-62
-102
-117
-112
-83
-45
-3
-3
-4
-24
-38
-56
-65
-57
-31
-23
-33
-6
-41
-28
-31
-13
-10
-10
-16
-32
-34
-65
-33
-30
-1
33
54
39
44
26
0
-9
7
22
59
104
103
120
107
89
41
29
21
-2
1
-4
4
-15
-15
-41
-19
10
34
47
65
44
-9
-70
-103
-70
-53
-33
6
-10
-22
-51
-92
-127
-137
-147
-157
-151
-176
-180
-193
-221
-223
-215
-212
-166
-142
-107
-114
-123
-138
-175
-186
-198
-167
-121
-68
-37
-9
-20
-51
-51
-49
-19
-6
36
64
88
92
86
94
58
85
82
119
116
144
150
142
153
177
182
210
240
250
257
245
250
223
233
213
248
260
280
274
287
284
243
246
237
208
195
163
155
133
156
169
176
185
164
136
88
43
-3
-25
-25
-37
-30
-22
-59
-65
-102
-139
-147
-164
-208
-245
-248
-271
-273
-251
-280
-268
-294
-313
-311
-334
-345
-350
-347
-337
-324
-332
-307
-301
-291
-258
-232
-238
-241
-213
-197
-178
-150
-114
-90
-91
-89
-70
-84
-60
-58
-37
10
21
66
58
50
57
83
114
141
172
188
199
198
214
213
237
253
258
275
276
281
264
255
257
246
276
291
295
287
268
242
218
217
230
239
256
259
216
201
160
126
87
75
81
90
111
68
21
-31
-67
-86
-109
-106
-130
-132
-167
-192
-197
-212
-208
-196
-195
-185
-184
-198
-212
-233
-218
-219
-207
-179
-177
-167
-171
-182
-180
-189
-187
-174
-200
-185
-154
-172
-185
-179
-197
-162
-139
-109
-61
-30
1
4
3
-15
-17
2
24
58
83
124
134
129
134
147
136
125
160
129
144
139
130
118
120
142
162
177
169
166
160
157
150
166
167
170
162
148
127
109
70
69
59
89
85
83
77
28
-30
-43
-71
-79
-47
-20
-14
-15
-42
-75
-117
-142
-148
-137
-91
-89
-70
-63
-52
-76
-75
-70
-70
-64
-68
-59
-69
-49
-34
-25
-19
-37
-41
-56
-41
-32
13
6
16
20
12
8
8
29
47
59
57
41
5
10
4
12
41
68
104
97
88
62
53
42
39
29
16
42
7
1
-28
-32
-27
-26
-25
4
6
8
-9
-27
-44
-71
-75
-74
-60
-75
-81
-106
-98
-101
-91
-64
-90
-83
-96
-150
-149
-136
-142
-126
-115
-80
-80
-76
-71
-80
-101
-79
-90
-82
-87
-78
-49
-49
-28
-10
1
-19
-15
3
44
83
99
125
122
99
105
86
101
123
137
153
111
89
73
53
55
79
137
165
173
168
182
192
185
179
170
154
153
139
136
125
128
133
112
132
135
127
108
92
67
61
62
71
71
72
73
74
56
45
6
3
24
25
50
66
62
18
-31
-53
-97
-89
-106
-109
-118
-138
-143
-158
-160
-159
-165
-155
-137
-146
-176
-205
-211
-225
-230
-210
-221
-236
-243
-234
-215
-216
-165
-177
-164
-132
-129
-122
-130
-141
-161
-154
-144
-126
-112
-86
-79
-49
-45
-34
-23
-23
-18
-3
-6
5
43
48
73
62
52
49
51
65
54
83
93
78
93
76
113
92
98
100
116
121
134
159
138
148
151
152
187
219
223
240
233
210
193
183
160
162
142
142
128
109
109
120
132
157
173
186
168
138
109
104
100
93
98
96
90
61
38
-12
-43
-59
-53
-53
-55
-45
-51
-68
-96
-110
-142
-167
-175
-179
-161
-160
-160
-150
-149
-163
-167
-176
-155
-149
-135
-138
-131
-142
-173
-167
-161
-164
-158
-137
-147
-143
-137
-153
-139
-137
-141
-109
-78
-83
-84
-89
-89
-71
-43
-42
-24
-32
-15
-7
-3
-11
-10
38
68
93
122
152
138
152
128
156
147
142
158
129
103
100
107
122
145
173
179
165
172
120
108
109
123
136
147
141
110
102
59
43
14
23
16
24
17
11
16
3
-8
-18
-23
-13
-28
-35
-33
-50
-61
-82
-97
-94
-113
-109
-106
-105
-102
-92
-71
-81
-63
-63
-67
-35
-45
-40
-62
-77
-88
-107
-92
-63
-50
-35
-37
-30
-19
-21
-11
-7
11
24
31
69
57
63
82
51
55
53
55
40
48
46
58
70
58
80
93
100
105
103
94
59
26
19
20
20
5
2
-16
-35
-29
-37
-59
-61
-46
-60
-61
-56
-56
-67
-83
-93
-74
-125
-110
-102
-136
-132
-159
-148
-152
-122
-95
-53
-40
-31
-48
-81
-80
-81
-66
-81
-33
6
31
57
79
78
77
70
50
59
47
61
79
89
113
134
147
145
132
119
114
133
150
171
180
199
177
174
145
123
114
97
120
139
155
164
169
168
146
132
132
94
77
59
31
9
4
-18
-18
-38
-60
-40
-59
-50
-43
-53
-32
-65
-74
-95
-125
-145
-190
-185
-201
-199
-204
-218
-246
-250
-247
-240
-208
-183
-181
-169
-187
-188
-216
-222
-226
-230
-212
-217
-207
-189
-185
-174
-143
-133
-104
-82
-72
-53
-18
-17
21
12
13
9
10
15
35
70
101
117
116
125
111
103
121
147
197
237
269
279
271
249
232
212
199
216
229
229
222
244
212
196
197
185
187
195
185
169
168
159
132
122
120
81
52
38
27
5
33
45
43
20
16
-1
5
7
6
4
-5
-16
-33
-72
-102
-135
-141
-142
-150
-150
-147
-141
-135
-118
-111
-99
-110
-115
-141
-157
-163
-150
-170
-165
-162
-184
-177
-173
-180
-175
-148
-155
-124
-105
-96
-66
-37
-16
-21
-9
-3
-13
-35
-55
-73
-66
-64
-30
9
44
77
87
69
52
28
-15
-28
-6
-11
7
33
40
31
21
-21
-38
-49
-42
-15
5
9
23
36
25
34
30
59
64
92
96
91
100
84
84
89
106
139
136
141
132
121
91
92
77
76
86
84
77
79
72
64
84
88
92
94
71
44
39
17
1
13
-17
-5
7
-28
-12
-34
-54
-64
-90
-72
-74
-57
-28
-32
-33
-40
-42
-41
-34
-31
-6
-4
0
-16
-26
-15
-20
-26
-16
4
5
9
-14
-29
-61
-70
-80
-82
-53
-31
-14
-1
-7
-26
-44
-61
-64
-60
-56
-36
-51
-33
-38
-54
-54
-46
-48
-37
-7
2
-4
-19
-12
-44
-38
-26
-14
20
34
48
36
24
12
1
16
24
33
19
22
11
8
5
11
47
56
76
65
73
48
11
-36
-23
-28
-46
-24
-29
-51
-66
-62
-69
-55
-25
14
39
68
94
115
89
78
73
65
60
37
56
35
63
62
58
60
60
67
49
63
30
23
-13
-25
-4
-13
-16
-29
-33
-57
-71
-85
-91
-117
-70
-48
-26
0
18
-6
-5
-19
-20
-15
-1
25
6
12
-16
-2
-35
-9
-7
27
31
56
73
63
84
76
99
88
78
57
40
-22
-45
-51
-47
-41
-17
-1
18
34
15
-7
-55
-89
-124
-133
-144
-139
-146
-166
-172
-218
-213
-181
-174
-116
-76
-49
-25
-45
-59
-79
-93
-68
-46
0
18
25
28
13
-2
-6
-1
22
41
58
76
77
73
76
73
84
92
94
122
122
128
150
140
126
145
155
172
184
183
155
100
93
71
92
133
152
195
201
182
179
110
69
51
56
76
112
128
91
71
59
64
60
75
73
70
34
-31
-72
-96
-98
-85
-43
-20
-19
-32
-94
-120
-178
-211
-197
-195
-181
-183
-176
-211
-223
-233
-238
-223
-218
-226
-221
-235
-240
-231
-204
-208
-177
-161
-157
-152
-138
-156
-172
-177
-175
-157
-118
-71
-28
16
19
54
42
37
18
-11
-15
-3
26
35
48
72
70
69
84
114
149
171
210
220
232
212
200
227
213
205
216
224
176
166
140
140
160
194
212
224
250
220
209
166
141
108
112
84
96
91
91
70
57
69
41
59
39
28
31
-6
-25
-54
-87
-83
-107
-113
-131
-141
-150
-161
-167
-160
-160
-172
-163
-179
-147
-137
-120
-101
-116
-89
-89
-87
-89
-65
-59
-83
-71
-72
-53
-41
-30
6
4
-5
1
-16
-5
-27
-33
-31
-40
-27
-12
-3
4
-13
7
-16
-5
19
29
50
41
40
9
11
-11
-1
3
-17
-21
-13
-38
-11
-14
17
31
59
56
33
34
0
-14
-28
-25
5
42
70
92
72
64
34
-14
-65
-70
-63
-41
-34
-34
-24
-41
-27
-32
-20
3
20
-7
-14
-52
-87
-78
-61
-42
0
22
59
44
32
23
-24
1
-12
44
72
126
148
146
143
87
85
37
45
30
55
65
68
111
104
133
115
103
92
79
55
28
2
-5
11
17
48
63
93
85
66
35
19
-17
-18
-2
-4
16
16
39
5
11
-1
-57
-42
-73
-99
-98
-125
-124
-115
-120
-93
-53
-54
-41
-44
-67
-92
-138
-175
-178
-177
-177
-142
-107
-110
-93
-89
-106
-115
-117
-125
-145
-135
-126
-126
-87
-66
-50
-31
-23
27
5
-7
14
19
2
24
88
114
144
182
206
180
131
111
82
61
66
109
135
112
136
136
128
100
85
95
75
59
66
61
33
44
53
75
101
116
164
136
82
31
-8
-38
-39
29
19
60
87
95
73
41
30
-20
-14
-33
-28
-58
-62
-64
-64
-11
11
39
17
-12
-56
-78
-119
-126
-109
-91
-61
-17
-27
-48
-107
-166
-203
-209
-180
-146
-111
-88
-83
-103
-89
-108
-104
-87
-72
-58
-43
-36
-39
-38
-52
-7
11
61
49
57
47
5
-7
-9
13
11
30
37
33
-1
-2
5
-13
0
8
-9
-32
-27
-12
-4
13
40
60
51
83
95
93
50
39
38
-12
5
41
60
52
71
90
73
49
66
65
73
99
151
186
172
155
129
77
72
56
81
110
140
170
179
191
176
146
128
81
71
64
34
-1
-21
-54
-94
-66
-55
-46
-38
-7
-20
-24
-43
-70
-72
-70
-60
-42
-16
-4
-7
-14
-8
-37
-53
-70
-76
-106
-157
-139
-159
-174
-169
-183
-146
-130
-124
-134
-151
-159
-178
-192
-193
-179
-184
-193
-187
-177
-180
-161
-139
-128
-113
-104
-109
-113
-143
-140
-133
-131
-126
-142
-160
-191
-207
-190
-166
-141
-73
-18
37
63
101
103
72
43
27
38
33
44
94
143
191
255
290
284
234
218
203
201
202
274
323
334
367
387
374
365
351
351
380
412
444
429
422
441
427
420
450
447
453
458
426
388
344
330
311
278
270
260
251
170
133
108
84
42
3
-21
-65
-115
-170
-219
-283
-313
-369
-420
-466
-542
-584
-658
-699
-701
-684
-665
-669
-691
-754
-801
-890
-930
-969
-958
-941
-903
-853
-813
-808
-794
-770
-735
-651
-599
-506
-443
-381
-366
-327
-320
-293
-249
-169
-58
73
197
271
326
327
339
330
372
375
435
536
652
747
832
854
813
740
708
770
831
916
1005
1058
1070
1065
1065
1090
1091
1098
1158
1178
1206
1182
1167
1117
1050
1035
1064
1056
964
898
819
693
581
538
461
365
237
114
-21
-164
-297
-432
-528
-624
-698
-768
-875
-997
-1101
-1209
-1248
-1280
-1285
-1309
-1367
-1462
-1567
-1627
-1659
-1650
-1649
-1606
-1548
-1512
-1481
-1449
-1406
-1305
-1185
-1038
-899
-862
-832
-844
-827
-785
-672
-535
-406
-295
-240
-192
-162
-96
-21
117
240
381
464
589
718
783
718
497
347
321
485
704
1061
1346
1306
1061
881
825
812
917
1202
1491
1484
1448
1447
1368
1211
1113
1341
1563
1681
1764
1784
1614
1334
1215
1312
1467
1560
1607
1549
1364
1086
908
781
618
472
332
216
82
11
-146
-339
-474
-589
-726
-889
-969
-1082
-1289
-1446
-1440
-1443
-1565
-1673
-1679
-1695
-1823
-1805
-1685
-1697
-1779
-1706
-1518
-1457
-1435
-1328
-1254
-1303
-1373
-1245
-1156
-1185
-1169
-1069
-1028
-1104
-1090
-1054
-1067
-1043
-869
-610
-461
-357
-254
-225
-219
-216
-88
16
62
145
273
344
386
497
585
600
413
228
206
353
571
925
1360
1472
1246
900
744
714
755
1004
1424
1538
1350
1243
1170
1038
915
1088
1527
1771
1883
2004
1976
1739
1488
1600
1849
2032
2124
2153
1983
1630
1326
1168
1042
997
954
833
651
496
299
-13
-160
-120
-146
-339
-444
-568
-920
-1359
-1465
-1351
-1441
-1525
-1422
-1340
-1593
-1847
-1784
-1745
-1930
-1968
-1750
-1696
-1877
-1975
-1935
-2051
-2227
-2119
-1870
-1803
-1862
-1731
-1693
-1828
-1897
-1786
-1746
-1755
-1622
-1386
-1237
-1164
-963
-812
-697
-572
-341
-178
-78
54
199
279
388
617
820
984
1173
1292
1055
725
683
968
1298
1770
2325
2485
2048
1487
1313
1245
1206
1428
1998
2110
1827
1724
1695
1487
1222
1447
1971
2220
2289
2387
2265
1804
1442
1552
1832
1981
2082
2090
1829
1391
1064
907
745
605
562
515
359
189
-69
-471
-801
-948
-951
-1051
-1161
-1314
-1663
-2087
-2327
-2275
-2237
-2287
-2229
-2097
-2196
-2411
-2473
-2412
-2505
-2601
-2357
-2056
-2023
-2170
-2194
-2209
-2352
-2269
-1907
-1573
-1505
-1458
-1363
-1366
-1522
-1538
-1287
-1124
-989
-770
-481
-416
-487
-343
-154
20
239
533
768
845
905
1050
1149
1231
1434
1593
1716
1587
1278
1113
1179
1528
1889
2494
2855
2635
2067
1673
1529
1359
1416
1838
2136
1930
1745
1691
1513
1215
1161
1540
1868
1969
2120
2157
1865
1389
1296
1509
1689
1801
1868
1709
1254
777
444
240
55
-27
-55
-112
-229
-476
-865
-1270
-1520
-1639
-1646
-1628
-1611
-1810
-2223
-2526
-2629
-2638
-2617
-2442
-2248
-2180
-2323
-2369
-2321
-2376
-2393
-2204
-1865
-1693
-1673
-1706
-1752
-1948
-1997
-1720
-1306
-1070
-959
-798
-915
-1118
-1183
-1010
-810
-686
-464
-256
-235
-302
-299
-264
-51
138
449
806
988
1040
1051
1031
1119
1288
1440
1665
1735
1325
930
826
1018
1430
1926
2595
2737
2267
1615
1417
1291
1151
1382
2011
2095
1770
1724
1615
1207
812
968
1413
1622
1809
2081
2018
1523
1196
1306
1461
1525
1730
1823
1526
1117
816
519
173
37
98
108
0
-72
-392
-1024
-1608
-1673
-1622
-1652
-1454
-1250
-1545
-2131
-2321
-2295
-2444
-2535
-2173
-1818
-2009
-2255
-2196
-2305
-2614
-2578
-2041
-1626
-1647
-1596
-1490
-1775
-2121
-1914
-1392
-1116
-1027
-787
-797
-1239
-1541
-1545
-1367
-1218
-891
-450
-276
-321
-395
-413
-470
-279
41
412
712
832
884
876
815
879
1084
1305
1582
1822
1595
1139
979
1122
1475
2037
2917
3250
2826
2168
1764
1473
1199
1442
2072
2221
1931
1920
1883
1410
968
959
1292
1472
1765
2205
2215
1734
1249
1159
1203
1334
1661
1940
1738
1389
1023
569
198
51
34
-2
-70
-166
-599
-1314
-1865
-2008
-1970
-1855
-1516
-1344
-1709
-2316
-2594
-2728
-2873
-2752
-2352
-2119
-2137
-2253
-2349
-2615
-2898
-2855
-2466
-2036
-1749
-1528
-1564
-1800
-2022
-1931
-1601
-1191
-877
-709
-725
-906
-1082
-1322
-1393
-1168
-909
-672
-331
-230
-418
-576
-606
-469
-159
266
826
1190
1169
1301
1500
1366
1331
1546
1764
2010
2278
2415
2027
1439
1118
1354
1833
2607
3490
3621
2918
2055
1543
1145
1029
1460
1949
1926
1758
1757
1547
985
581
576
802
1109
1663
2110
1914
1242
664
476
561
941
1442
1629
1366
903
459
-27
-469
-696
-768
-775
-659
-509
-704
-1275
-1931
-2365
-2477
-2267
-1817
-1518
-1643
-2109
-2563
-2800
-2829
-2661
-2317
-1893
-1663
-1657
-1704
-1842
-2154
-2329
-2062
-1466
-978
-744
-702
-953
-1461
-1778
-1541
-1121
-815
-532
-389
-425
-737
-1090
-1176
-1185
-1015
-528
-106
-1
-161
-530
-965
-945
-474
88
843
1334
1470
1312
1189
1252
1261
1298
1641
2180
2414
2490
2226
1697
1159
1152
1706
2553
3417
3609
3015
1970
1096
557
404
791
1335
1455
1387
1315
1057
496
22
-77
146
516
1148
1800
1797
1252
648
309
242
591
1198
1520
1338
1006
579
63
-410
-554
-554
-631
-559
-305
-368
-1025
-1665
-1968
-2151
-2205
-1802
-1231
-1280
-1880
-2263
-2343
-2543
-2665
-2196
-1548
-1401
-1441
-1189
-1125
-1737
-2122
-1805
-1353
-1144
-821
-413
-593
-1274
-1655
-1490
-1352
-1191
-771
-349
-475
-719
-889
-1215
-1545
-1438
-1146
-923
-488
-246
-517
-706
-540
-122
352
888
1608
1989
1770
1646
1787
1612
1711
2147
2515
2439
1994
1752
1608
1576
1875
2586
3248
2973
2310
1859
1371
822
690
1113
1203
1007
979
984
714
271
42
-6
151
519
845
828
776
687
531
541
849
1404
1780
1704
1626
1475
940
585
322
-80
-483
-838
-1166
-1304
-1364
-1453
-1612
-1828
-2154
-2510
-2726
-2881
-3001
-3084
-3114
-2921
-2657
-2320
-1976
-1769
-1578
-1305
-1012
-682
-332
-211
-194
-145
-83
-143
-199
-213
-367
-493
-535
-533
-701
-1039
-1221
-1396
-1336
-1153
-1200
-1347
-1665
-1897
-1742
-1216
-581
-173
56
213
401
816
1561
2452
3003
3302
3396
3112
2764
2811
2739
1959
-23
-1531
-1844
-1188
328
1678
2569
2086
-220
-2258
-2581
-1327
53
1155
2074
2493
2109
1457
1448
1997
2549
3067
4242
5606
5840
4934
3399
2307
1879
2027
2808
3360
2933
1240
-802
-2309
-2957
-3080
-3429
-3857
-4145
-4633
-5799
-6833
-6688
-5911
-4931
-3295
-896
539
-181
-1201
-1097
-420
410
2186
4232
4608
3248
2212
1877
1216
702
1144
1793
1288
127
-754
-2041
-3859
-4907
-4458
-3669
-3478
-3504
-3790
-4724
-5721
-5406
-3799
-2302
-1341
-673
-468
-834
-944
-2
1588
2992
4272
5188
5262
4770
4255
4144
4161
4371
4614
4211
2740
-784
-5030
-7555
-7460
-4462
-1228
1144
1927
-365
-4195
-6608
-5683
-2326
840
3232
4959
5177
3906
2718
2706
3925
5357
7129
9264
10078
8872
5833
2832
1318
1290
2367
3510
3528
1625
-1826
-5265
-7154
-7246
-6499
-6090
-6058
-6299
-7223
-8261
-8052
-6003
-3180
-624
1943
4022
4272
2783
1762
2237
3274
4455
5932
6759
5535
3023
1007
-134
-965
-1310
-976
-1041
-2206
-3773
-5130
-6460
-7576
-7598
-6717
-5959
-5700
-5624
-5498
-5442
-4837
-3178
-1511
-517
-120
133
633
1326
2690
4413
5604
5963
5980
5725
5039
4385
3827
3413
2888
2450
1733
-389
-4534
-8366
-9650
-8322
-5105
-1784
831
996
-2005
-4905
-5184
-2513
1067
4071
6677
7989
7508
6287
5841
6292
7206
8223
9733
10942
10369
7804
4095
1041
-346
-292
552
865
-132
-2779
-6233
-8695
-9183
-8122
-6995
-6193
-5636
-5575
-6146
-6356
-4906
-1916
1382
4507
7213
8224
6824
4371
2981
3081
3815
4747
5152
4039
1310
-1563
-3414
-4375
-4700
-4408
-4041
-4573
-5700
-6831
-7841
-8502
-8138
-6483
-4578
-3348
-2963
-3224
-3942
-4195
-2899
-622
1519
2953
3530
3310
2637
2397
3102
4157
4755
5013
4789
3777
2165
405
-550
-919
-1146
-2049
-4507
-7741
-9845
-9609
-6820
-2951
621
2563
1582
-896
-2043
-649
2604
5910
8719
10574
10627
9368
8173
7739
7917
8225
8940
9796
9396
7163
3555
-26
-2413
-3295
-2817
-1940
-1998
-3688
-6365
-8555
-9109
-7923
-5802
-3842
-3099
-2949
-2744
-1886
-104
2223
4763
6591
7271
7396
7042
5735
4023
2810
2141
1529
638
-357
-2017
-4447
-6465
-7189
-6957
-6752
-6597
-6559
-7020
-7657
-7587
-6725
-5773
-4833
-3592
-2298
-1475
-1240
-1113
-905
-443
620
2145
3229
3196
2429
1552
1225
1493
2033
2473
2287
1368
300
-684
-1222
-1800
-2268
-2877
-4447
-7355
-9948
-10171
-7680
-3777
-36
3271
4473
2690
268
-209
2254
5714
8715
11011
11976
11045
8879
7238
6777
7086
7400
7917
8182
7217
4468
481
-2679
-4255
-4422
-3628
-2708
-2555
-4147
-6661
-8247
-7666
-5405
-2691
-440
631
824
376
490
1946
4230
6516
7952
8542
7975
5928
3149
973
-187
-647
-729
-854
-1750
-4122
-6793
-8420
-8690
-7914
-6638
-5420
-5227
-6044
-6891
-6891
-6213
-4869
-2875
-1015
18
12
-380
-972
-1480
-1030
463
1991
2501
2048
1254
90
-762
-888
-62
669
257
-554
-1372
-2176
-2778
-3085
-3111
-4487
-8026
-10630
-10174
-6685
-2221
1690
5128
5900
3218
554
683
3791
7063
9434
11534
12302
10689
8072
6287
5950
5944
6009
6901
7506
6247
2759
-1300
-3833
-4598
-4174
-2764
-1306
-1136
-3038
-5573
-6398
-4860
-2195
593
2735
3569
2980
1672
1387
2896
5194
7104
7979
7522
5707
2612
-371
-1948
-2221
-1854
-1746
-2194
-3414
-5610
-7751
-8691
-8102
-6595
-5147
-4204
-3966
-4543
-5339
-5540
-4857
-3399
-1729
-464
173
29
-805
-1568
-1739
-1117
-269
89
-63
-676
-1858
-2541
-2372
-1721
-847
-560
-541
-1113
-2164
-2862
-2739
-2289
-2192
-3615
-7247
-9756
-9733
-6349
-1467
2701
6452
6768
3750
672
552
3545
6729
9119
11136
11766
9870
7333
5658
5348
5165
5050
6201
6972
5832
2418
-1454
-3789
-4610
-3795
-1703
641
1085
-870
-3557
-4573
-3292
-721
2162
4682
5884
4596
2572
1200
1752
3353
5198
7428
8217
6401
2585
-1050
-3268
-4047
-3482
-1909
-880
-2005
-4433
-6875
-8146
-8295
-7156
-5094
-3584
-3160
-3648
-4497
-5430
-5699
-4732
-2962
-1266
-318
-288
-1327
-2749
-3713
-3379
-2249
-1205
-592
-789
-1485
-2284
-2862
-2603
-1746
-696
-7
-252
-993
-2250
-3182
-3435
-4145
-6836
-9483
-9991
-7459
-3239
440
4339
6097
3983
791
-2
2910
6622
9133
10761
11457
10205
7987
6531
6488
6548
5977
6229
6825
6356
3796
144
-2422
-3458
-3189
-1722
428
1483
188
-2414
-3826
-2728
-297
2410
4613
5920
4744
1956
503
1274
3681
5820
7805
8894
7232
3237
-475
-2403
-3179
-3146
-2400
-1590
-2396
-4581
-6692
-8108
-8295
-7336
-5375
-3860
-3569
-4005
-4768
-5503
-5472
-4122
-2172
-673
-151
-539
-1787
-3357
-4125
-3530
-2227
-1186
-804
-1215
-2177
-2905
-3104
-2588
-1532
-755
-431
-1104
-2521
-3262
-3911
-3665
-5057
-8579
-10168
-9749
-5836
-1711
1888
5770
5871
2465
-477
263
4065
7467
9222
10823
10760
8302
5948
4902
5690
5631
5346
6160
6646
5512
2133
-1376
-3136
-3324
-2182
288
2911
3605
1593
-1373
-2176
-398
2507
5090
6766
7188
5253
2346
888
1952
3992
5785
7152
7513
5548
1452
-2058
-3729
-3914
-3181
-1930
-1199
-2195
-4439
-6571
-7587
-7149
-5314
-3189
-2212
-2712
-3725
-4752
-5612
-5358
-3715
-1609
-306
-57
-615
-2165
-4108
-4934
-4225
-2864
-1768
-1493
-1940
-3131
-4305
-4093
-2924
-1467
-809
-767
-1694
-2639
-3742
-3740
-4687
-8250
-10020
-9863
-5832
-1623
1290
5013
5477
2416
-970
-667
3344
7109
8504
9493
9717
7644
5251
3772
4873
5473
4974
5186
5438
5100
2410
-819
-2458
-2414
-1386
188
2335
3463
2540
123
-891
447
3121
5331
6855
7211
4585
1495
-119
1139
3927
6117
7931
7842
4900
892
-1863
-2941
-2693
-1606
-412
-469
-2294
-4217
-5781
-6806
-6503
-4475
-1975
-995
-1579
-2556
-3858
-4917
-4665
-2984
-874
176
148
-1129
-3003
-4363
-4573
-3559
-2331
-1414
-1255
-2028
-3170
-3827
-3888
-3172
-2102
-1814
-2237
-3317
-3798
-4279
-4495
-6665
-9269
-9864
-8667
-4303
-699
2745
5270
4130
1078
-844
949
4889
7710
8539
9053
7868
5358
3159
2609
4173
4543
4460
4640
4530
3120
5
-2486
-2808
-1796
-345
1672
3366
3609
1686
-154
248
2375
5124
6816
7923
6846
3623
781
53
1992
4449
6574
7611
6611
3403
-119
-2323
-2975
-2171
-708
403
-48
-1573
-3372
-5044
-5912
-5201
-3084
-1355
-816
-1484
-2559
-3919
-4491
-3570
-1825
-305
241
-97
-1571
-3459
-4513
-4307
-3130
-2059
-1203
-913
-1750
-2834
-3464
-3542
-3154
-2920
-2799
-3216
-3966
-4402
-4639
-5353
-8330
-9823
-9211
-5848
-1786
1129
4454
5107
2285
-834
-650
2858
6447
7852
8415
8352
5927
2939
1043
1982
3353
3389
3594
3914
3558
1033
-2068
-3164
-2119
-609
1070
3220
4493
3609
991
-128
1107
3197
5098
6470
7419
5701
2415
374
668
2763
4743
6419
7014
5066
1546
-1313
-2645
-2186
-809
496
808
-457
-2242
-4000
-5283
-5040
-3235
-1101
110
-15
-861
-2170
-3557
-3550
-2222
-425
962
1167
196
-1759
-3722
-4315
-3824
-2753
-1512
-1065
-1548
-2729
-3845
-4267
-3837
-3108
-2752
-3313
-4124
-4646
-4830
-5615
-8315
-9204
-8500
-5520
-1771
1088
4423
5125
2462
-584
-636
2500
5934
7192
7730
7431
5110
2201
262
1129
2291
2456
2695
3182
2989
852
-2008
-3175
-2299
-758
1318
3715
5430
4776
2333
1048
1668
3746
5142
6316
6218
3573
842
-975
101
2478
4836
6717
6579
4096
923
-1608
-2950
-2496
-1025
833
1269
396
-1187
-3357
-4868
-5067
-3386
-1161
357
594
-427
-2111
-3161
-2790
-1510
98
1125
1088
-328
-2002
-3304
-3817
-3454
-2599
-1545
-859
-1196
-2056
-2968
-3738
-3607
-3189
-2733
-3022
-3484
-4201
-4679
-6945
-9393
-9226
-7207
-3088
-247
2840
5546
4474
947
-1399
93
3766
6246
7275
8286
7085
3668
334
-606
823
1123
1268
2263
3124
2160
-886
-2848
-2989
-2340
-1001
1815
5045
6185
4336
2100
1582
2285
3561
4905
6339
5920
3449
610
-735
-480
621
2409
4224
4990
3938
1634
-790
-2383
-2808
-1822
-338
921
1066
-300
-2373
-4049
-4199
-3254
-1747
-62
790
212
-1231
-2244
-2131
-1343
-462
605
1167
536
-1010
-2452
-2842
-2693
-1932
-1166
-336
-297
-1376
-2381
-3142
-3406
-3478
-3686
-3531
-3515
-3865
-4695
-7637
-9380
-9167
-5957
-1277
1938
4961
5727
3025
-640
-1752
889
4872
6709
7538
7566
5313
1992
-673
-368
862
916
1149
2080
2424
518
-2444
-3686
-3067
-2178
-319
2588
5110
4978
2685
1445
1797
2807
3860
5368
6352
4984
1087
-1785
-2178
-736
1601
3916
6030
5715
2605
-742
-2425
-2460
-1369
134
1464
1546
-45
-2185
-3877
-4827
-4574
-3293
-1559
-62
435
-22
-1273
-2056
-1734
-703
584
1326
1276
43
-1691
-2708
-2569
-1510
-502
91
63
-731
-1860
-2780
-2891
-2843
-2854
-3256
-3346
-3466
-3822
-5636
-8388
-9082
-7929
-3790
267
4097
6946
5964
2144
-1218
-1044
2114
5324
7081
8323
7403
4159
545
-1192
-361
318
907
1990
3032
2511
-100
-2619
-3513
-3323
-2349
154
3257
5168
4231
2185
1284
1138
2047
3354
5664
5829
3089
-124
-2541
-2079
-736
1946
4879
5719
3907
1026
-1542
-2650
-2292
-1090
674
1388
1078
-419
-2455
-4081
-4766
-4157
-2983
-1642
-596
-485
-1351
-2266
-2389
-1423
-86
926
1182
459
-843
-2188
-2594
-1998
-1059
-198
-139
-146
-390
-1001
-1387
-1899
-2248
-3033
-3586
-3752
-3526
-4207
-7276
-8984
-9064
-6063
-1907
1696
5755
7141
4602
771
-784
952
3993
5701
7492
8303
6537
3288
524
160
276
-18
670
2347
3264
2004
-353
-2030
-2886
-3234
-1891
1235
4251
4913
3368
1994
1172
1108
1541
3305
4612
3669
1873
-191
-706
-503
276
2265
3572
3506
2533
707
-886
-1768
-2122
-1574
-867
3
325
-723
-2368
-3712
-4259
-4229
-3538
-2188
-1191
-1213
-1622
-2027
-1696
-1036
-432
-47
-366
-664
-1326
-1676
-1587
-1296
-945
-1003
-935
-641
-590
-775
-914
-1321
-1973
-2705
-3018
-3180
-3577
-6060
-8437
-9118
-7580
-3435
405
4321
6752
5504
1980
-449
-12
3086
5657
7461
8724
7575
4737
1639
521
851
961
1289
2406
3366
2817
900
-814
-1812
-2659
-2284
-147
2750
4437
3972
2985
2022
1207
1080
2056
3884
4553
2763
69
-2132
-2788
-2114
-185
2724
4784
4495
2149
-329
-1988
-2626
-2279
-1048
292
840
128
-1399
-3063
-4348
-4734
-4247
-3037
-1750
-1024
-1244
-2096
-2831
-2774
-2137
-1174
-386
-90
-697
-1845
-2765
-2904
-2277
-1707
-781
-175
226
-74
-837
-1374
-2107
-2867
-3131
-2703
-2188
-2780
-5769
-7921
-8917
-7166
-3533
603
5146
6871
5042
1547
-446
330
2905
5105
7446
8606
7399
4799
2371
1741
1474
1089
1483
2839
3840
3239
1820
467
-882
-2143
-1683
541
3256
4531
4360
3772
2706
1559
1228
1821
2551
2367
1126
235
-552
-532
199
1371
2280
2624
1926
857
-164
-1000
-1142
-1265
-1087
-871
-752
-1170
-1959
-2951
-3582
-3745
-3545
-2927
-2292
-1825
-2048
-2289
-2349
-2055
-1676
-1555
-1590
-1838
-2243
-2600
-2505
-1998
-1474
-1338
-1239
-1261
-1237
-1564
-1840
-2109
-2537
-3209
-3315
-3073
-2741
-3344
-5655
-7078
-7578
-5606
-2449
1203
4791
6097
4210
1248
-258
464
2756
4688
6788
7611
6544
4487
2978
2679
2601
2459
2840
3722
4015
3518
2444
1495
165
-892
-495
1006
3061
3989
4233
3768
2661
1519
1174
1596
1680
1266
507
126
-70
463
1522
2585
2702
2086
1191
224
-385
-669
-616
-816
-1091
-1288
-1493
-1887
-2386
-2902
-3298
-3562
-3283
-2662
-2172
-1932
-1984
-2135
-2217
-2022
-1639
-1641
-1970
-2468
-2909
-2872
-2517
-1836
-1458
-1423
-1644
-1798
-2040
-2071
-2028
-2325
-2768
-3566
-3541
-3563
-3374
-4211
-5656
-6581
-6749
-4682
-2044
1403
4192
4958
3370
1090
-154
538
2444
4336
6375
6944
6124
4490
3294
3006
3039
3227
3739
4294
4354
3949
3157
2360
1038
212
396
1369
2703
3585
4152
3852
2666
1716
1325
1648
1474
666
342
74
794
1758
3212
4384
4044
2249
513
-619
-844
-440
-73
218
-395
-1341
-2214
-2830
-3218
-3237
-3224
-3155
-2871
-2391
-2071
-2207
-2470
-2548
-2435
-2322
-2081
-1960
-2203
-2884
-3450
-3523
-3171
-2465
-1846
-1364
-1222
-1460
-1938
-2243
-2313
-2401
-2644
-3223
-3586
-3828
-3929
-4239
-5145
-5796
-6243
-5263
-3377
-888
1802
3456
3153
1489
-6
-296
821
2244
4247
5721
6097
5433
4524
4115
3930
4019
4282
4766
4872
4659
4211
3717
2940
2073
1634
1473
1722
2014
2477
2672
2146
1374
709
306
-11
-29
351
978
1649
2564
3601
4232
4068
3238
2312
1425
902
838
977
1024
649
-12
-949
-1825
-2455
-2869
-3001
-2988
-2601
-2222
-2097
-2282
-2630
-2839
-3049
-3142
-3092
-2882
-2819
-2911
-3110
-3169
-3028
-2771
-2322
-1823
-1429
-1328
-1473
-1672
-1898
-1994
-2088
-2234
-2591
-3142
-3566
-3928
-3939
-3791
-3913
-4020
-4199
-3998
-3392
-2555
-1371
-8
818
1034
937
750
946
1169
1876
2894
3785
4448
4971
5453
5684
5567
5062
4336
3465
3033
3180
3927
4673
5050
4827
3834
2546
1249
477
342
673
1211
1436
1303
829
-18
-759
-946
-342
1085
2614
3940
4781
4629
3700
2450
1300
734
641
816
1081
1111
906
343
-483
-1380
-1975
-2365
-2535
-2434
-2075
-1637
-1479
-1741
-2418
-3106
-3874
-4319
-4357
-4105
-3673
-3244
-2797
-2455
-2257
-2357
-2656
-2992
-3213
-3124
-2765
-2279
-1933
-1796
-1954
-2292
-2600
-2785
-2530
-2040
-1524
-1163
-1075
-1297
-2032
-3019
-3572
-3499
-2909
-2050
-849
535
1539
1880
1816
1565
1328
1229
1575
2436
3364
3978
4193
4215
4118
4031
4120
4380
4530
4525
4215
3791
3340
2963
2786
2587
2367
2002
1643
1262
986
995
1117
1087
962
788
732
825
1186
1990
2757
3120
3004
2605
1994
1407
897
621
483
302
234
94
-54
-281
-674
-1120
-1473
-1674
-1753
-1691
-1597
-1624
-1904
-2272
-2697
-3013
-3212
-3331
-3234
-3218
-3107
-3049
-3045
-2983
-3037
-3159
-3385
-3524
-3623
-3599
-3514
-3262
-2786
-2388
-1984
-1723
-1844
-2294
-2893
-3287
-3169
-2434
-1489
-521
290
659
587
311
73
26
219
487
1094
1504
1729
1655
1471
1379
1482
2073
2763
3432
3695
3544
3052
2407
1874
1630
1751
2031
2316
2479
2533
2447
2207
1991
1904
2102
2484
2924
3296
3482
3423
3155
2917
2699
2489
2180
1781
1359
736
329
68
55
280
605
964
1131
862
394
-70
-539
-869
-924
-784
-778
-968
-1155
-1266
-1467
-1599
-1632
-1623
-1732
-1794
-1864
-1828
-1851
-2146
-2465
-2832
-3291
-3609
-4006
-4107
-3960
-3734
-3316
-2815
-2601
-2570
-2902
-3379
-3688
-3794
-3285
-2742
-2112
-1471
-933
-930
-944
-1077
-1067
-870
-530
94
729
1331
1417
1396
1373
1316
1399
1766
2306
2646
2560
2253
1905
1401
1102
1077
1268
1510
1582
1644
1592
1431
1325
1345
1381
1647
2042
2492
2767
2824
2810
2572
2372
2254
2303
2432
2493
2493
2557
2499
2339
2134
1918
1659
1381
1201
1054
1014
881
686
521
228
-134
-669
-1097
-1262
-1336
-1283
-1035
-696
-427
-436
-623
-794
-1080
-1398
-1687
-1673
-1746
-1807
-1926
-2152
-2282
-2428
-2659
-2716
-2662
-2606
-2698
-2898
-2977
-2997
-2976
-2928
-2643
-2358
-2135
-2205
-2118
-2128
-2055
-1947
-1720
-1280
-867
-565
-385
-82
-13
25
202
598
952
1163
1169
1055
810
525
294
186
242
391
525
615
618
671
694
660
926
1174
1491
1715
1914
1977
1966
1840
1791
1947
2186
2453
2612
2749
2737
2579
2310
2099
1959
1954
1937
1996
2051
2001
1767
1577
1378
1100
862
636
610
582
491
412
392
308
150
-65
-210
-238
-304
-415
-505
-594
-830
-1167
-1477
-1676
-1806
-1808
-1635
-1427
-1425
-1513
-1777
-2084
-2348
-2544
-2438
-2293
-2039
-1794
-1689
-1675
-1807
-2085
-2121
-2107
-1885
-1541
-1229
-958
-961
-1046
-1055
-959
-808
-531
-220
11
32
-66
-195
-335
-454
-445
-303
-168
-38
72
37
60
22
9
158
369
665
904
1104
1236
1310
1243
1273
1391
1494
1590
1706
1837
1880
1947
1952
1906
1905
1830
1774
1713
1689
1772
1864
1987
2022
1880
1499
1101
777
667
728
940
1141
1129
936
618
356
135
-54
-195
-236
-273
-331
-457
-594
-814
-1112
-1317
-1366
-1346
-1291
-1268
-1271
-1316
-1382
-1416
-1498
-1504
-1545
-1494
-1472
-1485
-1449
-1535
-1681
-1783
-1725
-1642
-1512
-1408
-1403
-1429
-1495
-1478
-1318
-990
-700
-548
-506
-555
-676
-727
-775
-676
-510
-383
-247
-122
60
213
300
348
403
501
669
953
1134
1207
1207
1158
1068
1146
1222
1391
1480
1528
1603
1541
1477
1528
1554
1680
1847
1945
2061
2000
1938
1890
1853
1692
1577
1412
1298
1201
1228
1279
1298
1229
1036
831
703
552
375
215
-26
-238
-487
-750
-920
-1013
-1193
-1232
-1256
-1346
-1432
-1536
-1628
-1656
-1752
-1791
-1669
-1568
-1480
-1428
-1365
-1421
-1478
-1577
-1621
-1575
-1531
-1419
-1325
-1232
-1198
-1210
-1368
-1431
-1440
-1307
-1177
-1092
-993
-967
-932
-1057
-1091
-1123
-1026
-896
-735
-494
-293
-106
56
167
252
397
582
923
1172
1296
1321
1308
1287
1261
1325
1455
1655
1658
1644
1613
1681
1670
1649
1628
1589
1540
1454
1531
1573
1706
1807
1830
1654
1443
1316
1226
1258
1419
1687
1841
1899
1833
1648
1478
1215
994
787
623
407
216
-109
-398
-755
-960
-1103
-993
-933
-873
-906
-1106
-1408
-1703
-1838
-1878
-1819
-1732
-1530
-1495
-1476
-1646
-1707
-1808
-1820
-1825
-1720
-1579
-1435
-1316
-1293
-1396
-1486
-1526
-1575
-1620
-1613
-1474
-1374
-1302
-1280
-1190
-1138
-1091
-1095
-993
-849
-684
-458
-307
-152
-59
-18
92
170
328
436
652
788
898
998
1057
1142
1140
1167
1311
1441
1554
1714
1841
1917
1969
1894
1842
1678
1575
1481
1427
1424
1437
1504
1567
1633
1633
1670
1585
1657
1593
1539
1477
1319
1078
888
806
726
650
585
533
299
90
-144
-295
-391
-454
-441
-430
-452
-535
-637
-805
-943
-1060
-1145
-1230
-1272
-1337
-1492
-1471
-1510
-1471
-1490
-1469
-1507
-1522
-1531
-1509
-1441
-1408
-1374
-1357
-1345
-1337
-1380
-1397
-1369
-1345
-1299
-1218
-1038
-1014
-932
-913
-841
-835
-680
-536
-370
-262
-198
-47
-71
14
46
118
122
277
420
540
695
859
938
1018
1076
1188
1254
1288
1386
1410
1473
1439
1404
1368
1413
1402
1421
1425
1477
1502
1512
1537
1562
1624
1603
1460
1276
1131
869
726
701
731
622
468
332
273
121
49
43
48
26
-126
-154
-307
-379
-500
-577
-648
-697
-750
-846
-901
-940
-971
-1009
-1019
-1137
-1185
-1258
-1285
-1259
-1214
-1214
-1301
-1332
-1273
-1259
-1230
-1186
-1107
-1095
-1088
-1053
-969
-852
-827
-698
-629
-602
-562
-505
-415
-313
-272
-258
-124
-67
10
129
275
363
403
433
454
455
496
625
757
894
907
949
949
915
882
814
797
854
883
883
974
1031
1072
1083
1086
1132
1222
1294
1221
1205
1164
1041
861
790
672
546
377
257
169
69
17
-8
-46
-140
-293
-327
-360
-376
-357
-275
-288
-321
-357
-386
-495
-590
-725
-779
-759
-763
-738
-743
-723
-763
-811
-824
-790
-811
-791
-906
-815
-840
-840
-839
-808
-870
-819
-715
-539
-465
-386
-360
-531
-532
-587
-560
-433
-350
-244
-139
-206
-122
-149
-110
-58
24
261
465
544
584
676
659
770
806
841
856
875
812
796
731
787
765
692
653
691
816
792
864
891
976
932
1002
983
945
868
767
673
666
680
652
499
398
242
4
-29
-87
-75
-30
22
-29
-131
-326
-387
-480
-491
-567
-557
-533
-554
-627
-720
-754
-798
-832
-948
-1024
-1006
-1022
-955
-905
-819
-803
-779
-822
-721
-603
-523
-397
-387
-420
-623
-569
-552
-474
-378
-270
-280
-227
-182
-310
-284
-298
-193
-156
-14
9
139
105
155
25
49
35
192
342
453
729
872
963
957
953
739
724
553
627
680
791
865
954
864
705
554
536
504
572
772
879
822
723
624
399
297
159
204
137
90
-4
11
-11
-65
-136
-65
-10
33
29
20
-16
-191
-254
-447
-404
-421
-402
-446
-406
-472
-450
-461
-556
-648
-681
-696
-759
-804
-844
-769
-798
-730
-584
-398
-256
-178
-143
-185
-219
-266
-256
-277
-241
-139
-18
-25
36
15
-86
-172
-163
-188
-224
-154
-218
-187
-152
33
143
349
380
428
298
263
275
315
340
607
689
793
838
744
596
458
396
408
417
483
636
562
573
553
612
526
561
454
368
221
147
27
24
-32
-129
-138
-220
-302
-260
-304
-348
-220
-238
-273
-362
-387
-398
-433
-443
-390
-383
-335
-352
-403
-457
-534
-646
-683
-738
-651
-570
-518
-463
-407
-400
-479
-516
-503
-404
-278
-196
-135
15
28
133
171
280
253
344
275
271
165
164
193
195
241
366
477
524
552
430
344
287
260
200
378
483
605
583
643
609
593
547
612
554
619
612
625
598
581
476
458
509
410
495
364
461
250
279
202
236
45
42
-49
-205
-325
-353
-343
-454
-483
-583
-636
-885
-843
-1014
-976
-1040
-895
-886
-653
-660
-589
-657
-742
-746
-825
-759
-825
-729
-749
-759
-843
-718
-797
-760
-701
-693
-671
-642
-570
-476
-399
-261
-9
149
253
254
343
298
274
220
346
401
572
712
827
853
786
790
636
654
619
764
809
804
784
785
774
850
977
1041
1075
1091
1055
939
835
845
824
791
755
773
829
809
817
755
703
634
530
467
453
436
425
354
251
123
14
-106
-287
-356
-436
-450
-576
-601
-697
-802
-955
-1003
-958
-970
-883
-984
-1068
-1287
-1371
-1485
-1398
-1403
-1185
-1176
-1103
-1148
-1228
-1167
-1205
-1176
-1163
-1081
-1127
-1023
-1120
-1052
-998
-927
-942
-810
-716
-611
-389
-235
0
71
179
214
187
244
264
356
476
599
743
852
933
881
950
1067
1142
1231
1294
1403
1286
1216
1115
1110
1092
1113
1183
1240
1282
1357
1315
1229
1186
1196
1206
1065
1130
1201
1125
1136
1051
1037
919
820
737
666
589
503
364
310
207
92
-6
-160
-320
-540
-677
-740
-673
-705
-739
-861
-924
-1077
-1158
-1187
-1171
-1270
-1292
-1353
-1378
-1424
-1395
-1451
-1423
-1485
-1565
-1473
-1484
-1386
-1284
-1253
-1290
-1211
-1330
-1198
-1224
-1069
-1113
-993
-971
-903
-767
-606
-401
-362
-161
-66
6
-35
176
259
438
563
756
701
704
612
649
722
818
1072
1145
1330
1184
1269
1282
1349
1424
1554
1609
1619
1619
1492
1425
1304
1355
1403
1409
1420
1359
1317
1239
1100
1014
919
863
868
724
730
653
631
491
466
339
267
145
12
-35
-324
-303
-396
-492
-608
-639
-877
-917
-1099
-1033
-1051
-1084
-1153
-1250
-1400
-1635
-1662
-1753
-1604
-1670
-1506
-1523
-1513
-1555
-1470
-1553
-1476
-1411
-1349
-1368
-1305
-1256
-1273
-1261
-1259
-1042
-921
-838
-581
-406
-443
-360
-367
-314
-229
-22
119
346
362
585
667
715
816
961
1016
923
1041
974
1067
1039
1374
1469
1671
1648
1661
1546
1491
1483
1480
1635
1663
1724
1599
1618
1439
1387
1311
1315
1217
1221
1142
1135
1077
952
944
817
648
436
456
203
300
257
242
83
-50
-307
-382
-554
-658
-650
-730
-703
-823
-819
-1021
-1043
-1134
-1131
-1307
-1476
-1623
-1688
-1749
-1677
-1476
-1427
-1451
-1573
-1768
-1872
-1859
-1742
-1603
-1533
-1457
-1379
-1455
-1308
-1165
-958
-908
-729
-576
-699
-701
-571
-452
-355
-150
-2
101
77
109
139
189
297
524
670
660
801
843
927
984
1064
1110
1110
1218
1285
1412
1417
1554
1530
1575
1600
1723
1810
1829
1673
1431
1262
1116
1196
1161
1304
1353
1510
1320
1213
1079
955
884
777
749
584
441
236
135
1
89
141
231
84
-169
-323
-402
-482
-612
-597
-662
-750
-951
-1022
-1109
-1150
-1317
-1360
-1441
-1568
-1498
-1465
-1395
-1445
-1515
-1718
-1914
-2032
-1963
-1900
-1626
-1479
-1293
-1217
-1294
-1274
-1246
-1274
-1205
-951
-831
-528
-351
-263
-165
-227
-300
-317
-277
-161
37
196
279
362
400
449
554
714
861
907
956
1022
963
889
954
1107
1232
1401
1595
1712
1743
1671
1601
1592
1600
1633
1614
1472
1428
1351
1265
1217
1284
1285
1318
1307
1287
1091
960
840
709
543
424
328
304
357
313
272
218
139
-45
-226
-440
-556
-587
-634
-740
-823
-989
-1063
-1123
-1337
-1369
-1361
-1297
-1281
-1385
-1440
-1526
-1662
-1642
-1574
-1484
-1291
-1292
-1442
-1645
-1988
-2028
-1894
-1641
-1177
-805
-762
-690
-696
-896
-884
-874
-821
-636
-622
-466
-254
-170
-49
161
345
419
512
530
597
573
515
548
686
777
1003
1127
1238
1227
1251
1052
874
783
852
1011
1302
1593
1703
1832
1703
1541
1318
1220
1135
1260
1191
1211
1400
1388
1351
1216
1053
883
796
664
583
487
487
364
151
141
145
218
66
-71
-256
-282
-542
-611
-478
-572
-564
-658
-799
-924
-1050
-1146
-1204
-1281
-1332
-1353
-1286
-1388
-1248
-1238
-1267
-1345
-1413
-1564
-1526
-1497
-1340
-1172
-1071
-954
-1020
-1147
-1210
-1076
-901
-659
-458
-273
-241
-326
-270
-248
-311
-100
-17
65
85
140
251
355
482
609
789
837
793
804
822
836
879
1014
1087
1157
1065
1067
945
869
937
1038
1213
1355
1396
1346
1284
1110
1010
916
906
1009
1040
1037
1076
1008
858
626
438
219
9
-30
-19
-13
11
89
88
61
12
-21
-123
-319
-529
-698
-792
-836
-791
-706
-647
-657
-713
-801
-899
-1017
-1066
-1104
-1155
-1188
-1205
-1207
-1241
-1254
-1189
-1142
-1078
-971
-853
-744
-702
-684
-702
-760
-828
-842
-774
-652
-496
-320
-207
-96
-48
19
69
105
157
154
149
184
251
320
461
545
647
740
777
771
757
727
737
788
805
874
880
903
855
826
864
819
850
916
986
1002
1013
1052
1021
945
914
832
801
752
685
604
511
418
343
264
148
121
52
-5
-43
-76
-85
-66
-78
-120
-167
-273
-353
-432
-466
-484
-463
-486
-547
-562
-657
-705
-776
-797
-827
-866
-874
-899
-950
-986
-958
-933
-907
-821
-748
-756
-750
-734
-747
-726
-692
-647
-610
-534
-507
-473
-448
-421
-369
-300
-194
-74
59
132
181
245
264
254
307
342
379
436
452
465
428
432
443
453
466
484
504
544
540
576
588
632
663
729
751
741
798
737
723
714
686
647
662
639
595
546
530
488
428
353
287
212
153
122
106
122
151
138
130
137
70
23
-24
-50
-65
-65
-64
-117
-159
-268
-379
-467
-513
-580
-592
-599
-661
-690
-734
-755
-776
-747
-724
-673
-612
-596
-607
-653
-656
-648
-630
-570
-496
-459
-436
-471
-471
-480
-500
-444
-400
-309
-199
-111
-29
18
73
102
126
158
211
235
230
191
173
202
237
307
372
392
433
385
385
361
378
418
426
477
497
518
514
539
545
503
498
506
471
431
419
399
353
322
327
326
299
286
250
222
216
243
246
269
217
202
138
74
40
2
-29
-49
-87
-95
-115
-144
-145
-179
-189
-179
-145
-162
-185
-254
-297
-350
-385
-338
-322
-320
-334
-383
-465
-559
-580
-582
-515
-401
-274
-168
-136
-149
-196
-213
-239
-242
-212
-190
-187
-197
-167
-145
-109
-68
-10
39
63
87
104
104
87
77
86
81
97
130
172
181
201
239
218
219
183
123
84
47
38
71
140
187
238
245
256
206
151
113
63
23
5
29
22
18
-8
-8
7
19
48
53
71
79
63
39
34
23
-35
-24
-98
-128
-195
-216
-225
-227
-205
-184
-137
-144
-110
-156
-162
-162
-153
-120
-64
16
75
114
126
123
83
79
31
30
-14
19
15
65
103
121
191
190
201
196
196
154
149
148
154
178
212
218
233
212
202
215
191
182
179
186
147
91
71
34
-10
-6
17
26
36
37
1
-40
-83
-97
-164
-171
-162
-186
-177
-190
-212
-195
-175
-137
-77
-31
17
-14
-76
-136
-189
-244
-215
-199
-177
-159
-158
-164
-170
-140
-146
-176
-156
-181
-211
-240
-254
-257
-257
-212
-183
-142
-136
-153
-227
-276
-309
-298
-211
-135
-38
29
67
65
63
94
113
137
179
228
232
243
245
258
231
239
276
274
300
295
307
287
297
299
331
360
394
437
405
406
371
319
252
207
154
137
154
144
176
223
215
208
173
103
48
-32
-62
-122
-167
-195
-207
-193
-190
-181
-170
-167
-170
-179
-191
-235
-299
-327
-335
-334
-292
-231
-219
-193
-203
-254
-277
-326
-339
-332
-310
-263
-217
-162
-133
-109
-133
-159
-216
-227
-277
-287
-239
-233
-208
-164
-142
-96
-52
-27
20
33
43
52
73
82
130
159
203
246
273
316
374
389
404
425
440
459
446
444
439
438
410
407
426
397
381
355
316
305
308
305
318
284
272
220
161
108
66
36
24
29
32
29
19
-1
-45
-113
-191
-231
-305
-345
-385
-399
-400
-427
-428
-416
-426
-430
-411
-435
-436
-426
-395
-402
-407
-384
-387
-375
-349
-316
-281
-261
-267
-245
-265
-298
-320
-306
-306
-268
-227
-172
-119
-78
-29
-3
19
33
47
46
58
95
139
160
214
255
276
301
313
325
333
365
387
442
453
480
473
466
496
527
547
571
556
565
537
471
473
408
368
325
305
263
249
271
289
306
291
269
205
140
93
25
1
-19
-23
-60
-44
-62
-116
-154
-213
-258
-330
-386
-434
-449
-469
-463
-441
-401
-386
-384
-358
-404
-402
-443
-479
-472
-479
-465
-466
-468
-480
-470
-453
-418
-371
-341
-306
-302
-272
-281
-272
-252
-231
-211
-166
-149
-149
-164
-191
-178
-168
-115
-66
-29
6
44
58
101
145
191
253
298
339
356
389
399
417
453
505
518
539
555
582
579
575
613
619
610
600
573
539
521
494
501
494
482
478
444
387
313
256
208
196
181
174
184
148
140
99
81
40
1
-41
-106
-176
-243
-289
-364
-388
-414
-425
-440
-427
-431
-456
-465
-479
-503
-512
-516
-527
-539
-513
-502
-466
-442
-407
-381
-370
-354
-341
-362
-356
-345
-327
-307
-274
-223
-227
-230
-260
-282
-322
-315
-321
-267
-210
-145
-84
-69
-16
-33
17
68
103
149
180
194
190
182
201
216
295
353
405
481
507
522
532
542
532
534
524
529
513
504
513
524
519
534
538
497
452
405
353
324
328
349
355
374
347
329
273
206
148
98
57
44
17
-12
-48
-111
-176
-226
-265
-298
-327
-357
-383
-408
-418
-411
-394
-395
-370
-378
-387
-392
-395
-399
-396
-403
-392
-385
-415
-433
-428
-454
-449
-429
-414
-395
-370
-384
-388
-381
-412
-408
-395
-356
-340
-284
-267
-211
-192
-172
-147
-146
-91
-45
15
68
138
190
223
238
248
253
281
264
306
355
381
422
465
527
571
617
656
677
677
650
644
627
600
595
570
580
576
579
574
556
527
489
436
396
355
320
304
295
266
231
179
117
57
-10
-81
-150
-181
-219
-256
-272
-302
-347
-379
-422
-437
-487
-520
-540
-562
-584
-577
-558
-570
-547
-544
-548
-556
-582
-583
-582
-589
-569
-558
-536
-491
-464
-414
-392
-382
-356
-336
-308
-274
-246
-196
-152
-130
-100
-70
-22
0
32
92
145
195
229
274
302
340
356
407
441
448
490
484
486
498
480
486
504
513
498
483
499
466
434
390
364
335
304
298
297
304
283
275
251
236
191
147
113
83
71
78
113
135
142
121
91
16
-22
-77
-144
-180
-202
-203
-205
-194
-200
-184
-201
-230
-231
-253
-288
-281
-285
-281
-296
-285
-295
-298
-287
-284
-281
-280
-263
-277
-274
-299
-297
-308
-305
-345
-313
-276
-278
-221
-216
-194
-207
-229
-242
-283
-278
-257
-190
-126
-29
45
82
94
105
102
116
117
153
190
222
260
285
306
304
334
332
337
335
353
366
382
381
374
382
371
345
324
301
305
294
306
320
329
322
298
289
247
206
187
141
108
49
24
24
22
27
41
47
35
-3
-52
-95
-134
-164
-177
-174
-166
-157
-150
-152
-160
-161
-196
-202
-216
-222
-235
-263
-292
-315
-339
-330
-317
-297
-254
-244
-243
-247
-272
-270
-288
-296
-291
-305
-275
-258
-257
-237
-218
-222
-227
-190
-192
-169
-146
-104
-86
-76
-82
-39
-23
-25
0
19
34
22
64
92
105
127
185
220
236
247
279
271
248
275
282
295
314
307
314
306
276
292
311
322
317
327
330
325
338
332
308
302
289
261
239
211
182
166
179
166
181
188
166
136
92
59
29
17
15
24
36
19
10
6
-4
-44
-49
-67
-103
-133
-161
-171
-189
-237
-254
-252
-284
-296
-291
-310
-304
-300
-324
-329
-327
-308
-342
-321
-337
-346
-333
-330
-326
-330
-299
-321
-316
-312
-315
-291
-271
-234
-206
-190
-177
-177
-176
-182
-176
-156
-141
-132
-100
-92
-59
-22
14
62
92
124
174
180
205
214
224
228
247
276
312
350
378
403
426
422
422
443
430
454
478
494
482
465
433
409
384
359
371
389
403
407
414
397
376
343
311
269
218
192
172
127
109
64
28
18
-58
-100
-145
-173
-217
-235
-250
-287
-298
-340
-371
-417
-429
-449
-437
-444
-460
-434
-443
-436
-438
-418
-424
-442
-472
-492
-551
-568
-534
-521
-462
-404
-375
-357
-369
-392
-393
-407
-399
-330
-283
-202
-108
-40
8
48
106
134
184
212
274
304
261
-61
-517
-658
-342
472
1195
1582
1445
730
-79
-662
-650
-142
573
1017
1016
675
294
-57
-239
-19
440
882
1134
1082
699
134
-205
9
613
1179
1285
1016
580
41
-229
-117
207
497
707
623
303
-225
-549
-421
-365
-305
-262
18
-14
-116
-441
-677
-603
-456
-416
-651
-549
-127
-11
-332
-545
-501
-423
-444
-500
-281
-123
-295
-316
-394
-527
-579
-396
-236
-370
-566
-433
-244
-311
-456
-534
-472
-544
-555
-438
-404
-261
-62
-40
-176
-185
-40
116
26
-49
112
280
368
280
194
187
202
259
341
391
524
611
494
324
197
107
215
394
555
755
804
654
376
93
50
339
589
678
613
426
229
140
238
386
565
590
483
262
84
121
133
184
242
242
189
98
-18
-132
-180
-233
-153
-42
65
129
110
-40
-284
-501
-600
-520
-451
-338
-220
-274
-504
-659
-650
-623
-564
-342
-200
-279
-340
-336
-420
-505
-579
-608
-559
-463
-297
-211
-257
-334
-435
-475
-446
-260
-35
80
68
-49
-165
-307
-372
-321
-137
17
140
162
158
81
26
180
293
443
526
508
423
338
231
187
275
486
657
706
682
621
480
375
347
426
531
681
714
622
488
362
227
120
154
276
427
425
351
175
52
25
44
76
184
248
195
56
-63
-137
-139
-118
-131
-118
-106
-170
-231
-298
-383
-367
-361
-356
-375
-377
-387
-369
-321
-358
-397
-404
-462
-503
-517
-462
-437
-437
-491
-525
-497
-483
-422
-361
-317
-282
-262
-250
-273
-335
-331
-253
-189
-163
-116
-80
-121
-174
-171
-83
-6
85
187
239
205
168
158
90
55
59
171
323
366
438
480
477
447
399
392
439
484
478
540
544
513
484
432
432
496
603
694
699
596
478
375
350
385
459
489
471
411
284
102
-26
-121
-151
-148
-91
-23
9
-41
-120
-237
-344
-358
-328
-267
-208
-212
-270
-340
-440
-490
-490
-417
-397
-409
-440
-457
-500
-575
-577
-532
-478
-394
-352
-349
-379
-460
-528
-534
-512
-412
-317
-251
-237
-250
-295
-321
-290
-187
-93
-10
44
74
73
21
2
32
79
121
150
148
163
201
241
265
306
360
396
400
344
331
352
390
409
443
450
407
397
408
481
524
534
499
409
317
262
265
345
389
401
395
324
249
201
181
182
198
208
220
182
124
72
80
44
-39
-43
-83
-139
-229
-311
-347
-375
-358
-346
-269
-213
-261
-333
-395
-447
-494
-471
-399
-313
-261
-252
-281
-348
-435
-464
-486
-465
-363
-287
-270
-283
-298
-321
-373
-383
-332
-269
-199
-158
-141
-141
-133
-151
-145
-104
-7
88
81
55
37
36
83
179
251
322
346
312
288
261
302
379
510
569
577
559
501
423
381
347
339
376
363
371
364
370
376
385
335
316
273
216
189
158
142
158
200
164
139
65
4
-89
-152
-184
-161
-154
-187
-223
-276
-342
-404
-397
-368
-309
-304
-283
-303
-338
-355
-337
-312
-280
-261
-260
-250
-237
-247
-217
-166
-149
-146
-177
-211
-245
-223
-203
-137
-68
-16
-36
-54
-50
-80
-44
22
60
89
110
132
138
112
83
45
48
43
74
138
150
196
235
190
171
164
166
143
155
204
221
229
241
255
227
197
182
160
143
132
163
189
184
131
52
-2
-34
-15
39
105
133
123
115
28
-26
-68
-102
-94
-93
-85
-111
-142
-144
-149
-126
-158
-152
-152
-187
-207
-241
-249
-268
-254
-259
-242
-219
-212
-213
-203
-201
-160
-109
-70
-30
-39
-60
-73
-82
-54
-35
-16
35
21
3
-2
1
29
83
114
112
113
69
32
14
27
55
105
182
210
226
202
188
171
178
219
286
321
331
321
268
230
166
160
158
188
195
176
130
90
43
40
43
52
94
92
58
20
2
-23
-55
-67
-88
-46
-31
-77
-71
-84
-133
-138
-149
-193
-208
-239
-239
-237
-208
-167
-168
-164
-197
-243
-251
-267
-268
-236
-198
-198
-190
-174
-154
-149
-115
-93
-63
-70
-77
-53
-36
0
32
94
106
96
70
51
26
6
29
78
148
169
182
138
106
21
8
-5
23
68
83
112
127
122
105
96
75
69
64
90
94
112
120
108
94
63
79
63
44
44
35
76
79
58
65
16
-23
-7
37
125
119
110
99
-7
-61
-81
-97
-42
13
35
80
95
47
-13
-71
-104
-128
-117
-82
-49
-29
-25
-31
-79
-138
-193
-211
-169
-132
-103
-39
-56
-83
-118
-127
-139
-132
-70
-51
-52
-66
-87
-137
-158
-161
-140
-114
-59
-9
10
19
13
32
7
8
59
102
125
161
180
157
150
128
123
130
117
89
97
100
101
109
125
201
232
275
277
278
226
177
151
121
140
144
132
122
113
80
57
37
25
18
21
27
24
-6
-34
-67
-87
-72
-81
-87
-112
-117
-121
-146
-153
-167
-185
-184
-191
-203
-201
-176
-165
-159
-153
-152
-155
-191
-208
-220
-251
-255
-253
-239
-214
-200
-165
-186
-200
-204
-174
-144
-134
-100
-73
-30
-15
5
23
25
21
17
55
52
61
94
112
117
139
179
199
241
241
242
256
267
265
256
233
240
236
233
235
250
282
313
337
349
346
313
278
248
197
143
158
132
113
126
88
68
47
38
-8
-33
-40
-49
-79
-106
-113
-141
-144
-157
-143
-131
-169
-180
-211
-250
-263
-269
-300
-336
-351
-365
-359
-323
-302
-284
-296
-298
-293
-299
-292
-292
-256
-253
-230
-237
-223
-233
-209
-189
-137
-108
-71
-68
-70
-54
-64
-34
-25
-9
4
42
83
97
139
170
209
261
277
310
337
333
369
381
392
441
456
475
469
473
448
453
450
436
443
439
446
414
425
408
374
376
345
323
272
256
228
193
159
129
103
70
11
-53
-92
-125
-160
-174
-167
-213
-210
-241
-258
-296
-322
-371
-453
-521
-566
-583
-621
-595
-588
-565
-551
-545
-542
-547
-538
-533
-507
-511
-521
-517
-527
-482
-458
-415
-363
-307
-235
-222
-181
-195
-196
-194
-184
-166
-94
-31
41
93
116
150
173
200
233
290
339
378
399
428
459
481
514
521
539
543
537
559
563
577
574
590
582
589
555
548
524
485
448
400
403
398
407
378
381
371
337
287
270
235
154
97
32
-22
-65
-86
-90
-69
-85
-90
-119
-164
-233
-283
-286
-310
-304
-303
-339
-345
-402
-419
-456
-437
-429
-433
-433
-402
-405
-413
-411
-440
-458
-484
-470
-482
-450
-435
-436
-435
-405
-421
-389
-339
-314
-289
-269
-239
-237
-199
-161
-121
-87
-40
-17
7
32
44
70
87
110
160
195
226
275
302
327
368
388
406
420
447
438
423
439
445
452
455
468
470
489
507
482
481
457
447
401
367
342
320
320
298
288
264
230
200
169
111
64
18
-9
-31
-33
-62
-84
-130
-184
-199
-208
-208
-204
-203
-227
-212
-243
-275
-291
-318
-356
-355
-353
-333
-358
-359
-351
-361
-315
-308
-280
-300
-328
-333
-363
-378
-385
-355
-318
-292
-265
-230
-237
-211
-178
-157
-121
-105
-105
-113
-126
-124
-101
-77
-60
-28
5
39
84
83
110
130
145
217
259
279
299
290
274
268
272
275
274
265
287
290
281
300
277
276
276
299
315
332
349
345
328
314
310
286
274
235
226
228
208
196
180
160
133
126
119
143
159
122
105
82
57
20
-4
-40
-57
-83
-91
-93
-116
-109
-135
-160
-172
-190
-208
-240
-275
-315
-345
-377
-411
-420
-412
-424
-395
-385
-387
-400
-427
-430
-417
-410
-369
-340
-325
-288
-275
-275
-259
-238
-217
-189
-126
-111
-106
-84
-74
-67
-8
56
125
175
192
196
210
187
209
267
307
222
177
394
308
154
365
456
268
314
379
338
310
280
361
369
278
285
348
274
239
304
335
287
246
233
176
147
149
153
152
131
101
61
55
52
21
-13
1
-64
-135
-136
-190
-231
-241
-228
-238
-235
-257
-267
-273
-315
-339
-366
-401
-427
-448
-439
-397
-389
-381
-367
-373
-386
-359
-335
-345
-316
-267
-247
-247
-222
-198
-197
-192
-144
-110
-77
-30
23
62
99
142
180
204
225
227
227
265
279
304
301
312
318
326
334
341
369
374
404
434
449
440
445
449
429
416
426
408
373
378
364
344
323
323
320
279
258
214
199
168
125
106
78
27
4
-36
-92
-131
-157
-213
-232
-220
-253
-286
-282
-296
-357
-384
-390
-410
-462
-472
-460
-473
-480
-476
-474
-505
-491
-488
-474
-415
-386
-358
-342
-335
-339
-353
-332
-305
-289
-252
-194
-167
-171
-165
-139
-131
-92
-51
16
49
63
76
91
88
58
73
126
154
192
270
288
311
289
316
292
292
300
322
368
346
354
368
343
328
339
328
347
347
359
368
380
365
350
341
357
313
313
326
285
272
243
197
181
156
140
129
125
71
34
34
-25
-55
-83
-93
-124
-139
-145
-147
-158
-209
-232
-275
-305
-347
-355
-351
-381
-350
-353
-330
-327
-322
-287
-295
-307
-294
-275
-288
-296
-299
-292
-289
-276
-262
-238
-224
-204
-169
-149
-140
-141
-119
-107
-79
-43
-31
-11
43
52
59
76
96
130
127
149
171
186
192
208
228
231
233
224
234
212
203
216
232
248
242
265
261
274
301
287
257
259
229
211
182
197
184
159
169
135
119
99
87
48
25
24
6
10
23
-12
-25
-8
-16
-39
-54
-65
-108
-119
-151
-149
-147
-148
-132
-131
-151
-167
-178
-215
-203
-185
-177
-169
-156
-151
-155
-180
-177
-181
-207
-181
-156
-161
-171
-160
-151
-175
-169
-156
-165
-145
-146
-139
-135
-109
-97
-85
-44
-61
-45
-23
-21
-1
6
8
8
5
18
24
39
55
96
123
161
165
162
180
151
140
140
154
174
190
195
189
168
152
152
176
190
215
227
253
218
197
164
130
105
102
113
94
90
84
69
40
52
46
48
45
50
58
46
34
32
27
17
4
-8
-3
-14
-35
-58
-36
-42
-45
-12
-17
-31
-62
-75
-107
-113
-121
-110
-96
-110
-121
-100
-94
-111
-124
-127
-162
-175
-181
-184
-165
-166
-140
-118
-120
-117
-119
-137
-130
-130
-108
-84
-94
-71
-45
-59
-60
-38
-33
-34
-25
5
10
15
21
28
22
50
67
72
83
82
99
85
67
55
66
70
70
80
95
80
72
70
73
60
65
99
97
72
73
86
81
76
68
80
82
65
79
89
63
38
23
17
0
-32
-17
-32
-35
-16
-10
24
7
-20
-56
-81
-100
-111
-121
-117
-103
-109
-99
-74
-55
-51
-45
-35
-25
-43
-23
-31
-43
-31
-14
0
-8
14
54
73
85
130
145
150
118
109
94
72
82
76
86
87
100
77
65
32
36
28
28
53
82
91
82
68
27
17
-20
-41
-72
-92
-110
-117
-115
-104
-124
-115
-124
-126
-101
-93
-65
-41
-55
-45
-52
-92
-110
-100
-81
-79
-48
-39
-10
-33
-27
-32
-11
-20
-23
-2
-16
-15
-20
3
0
19
48
45
48
55
33
31
24
23
27
31
29
41
52
53
69
79
52
58
30
12
-7
10
-1
14
29
40
72
76
87
79
81
55
35
11
23
16
16
26
41
25
-5
-20
-38
-38
-27
-29
14
9
-9
-31
-57
-79
-96
-81
-62
-37
-46
-57
-72
-97
-89
-76
-61
-14
-15
4
3
6
-2
-19
-16
-24
-25
-39
-25
-45
-47
-24
-20
9
28
55
48
50
27
12
-19
-40
-41
-60
-33
-37
2
34
54
54
61
48
45
60
36
51
68
65
66
83
91
82
101
98
94
87
89
94
80
86
93
84
93
76
65
56
66
80
65
86
37
28
5
-13
-25
-18
-8
-11
-28
-65
-79
-79
-82
-101
-90
-75
-90
-92
-99
-121
-112
-123
-113
-136
-166
-169
-200
-206
-209
-197
-186
-153
-145
-127
-102
-104
-94
-91
-75
-76
-88
-68
-84
-84
-49
-38
-11
5
2
-10
-36
-50
-39
-21
18
54
89
117
129
129
141
154
157
151
164
188
217
226
258
250
230
230
198
198
195
198
204
223
215
225
219
203
193
157
138
123
127
104
103
89
79
56
23
12
-23
-30
-72
-74
-104
-120
-134
-127
-132
-149
-158
-171
-204
-218
-210
-226
-233
-255
-259
-279
-287
-274
-249
-243
-213
-202
-179
-163
-143
-129
-124
-107
-113
-126
-112
-108
-88
-88
-69
-55
-36
-13
-10
21
32
63
71
68
78
73
54
45
47
53
84
107
132
153
159
160
170
175
151
168
164
160
149
125
117
90
85
81
89
89
77
78
65
63
82
83
79
75
87
73
79
74
78
47
25
27
7
17
25
42
29
36
25
16
0
-9
-27
-20
-28
-26
-16
-48
-61
-47
-55
-57
-35
-35
-23
-9
-2
5
2
-25
-50
-74
-66
-82
-82
-73
-82
-111
-107
-124
-131
-140
-129
-113
-137
-105
-127
-127
-144
-149
-151
-171
-155
-120
-104
-92
-71
-87
-81
-102
-93
-68
-50
-32
-9
-7
-11
17
49
51
63
85
70
83
79
90
117
127
152
160
171
169
169
167
155
155
141
147
117
113
114
106
95
84
96
109
111
143
133
131
116
112
72
57
35
13
-14
-22
-38
-84
-50
-71
-43
-28
-10
11
6
-9
4
-14
-30
-31
-30
-43
-32
-22
-24
-19
-24
-46
-59
-78
-101
-107
-127
-114
-108
-114
-102
-101
-86
-88
-91
-73
-75
-64
-65
-66
-89
-96
-98
-118
-95
-95
-72
-47
-55
-25
-31
-20
-28
-28
-17
-24
-10
-15
-6
-12
-12
-13
-10
6
0
7
37
49
62
66
57
35
37
23
31
28
50
44
55
74
68
77
74
76
72
80
79
79
83
81
90
92
89
73
73
66
66
80
73
69
87
57
72
49
39
46
32
48
52
68
48
37
22
12
-7
4
-5
-10
-19
-26
-18
-24
-46
-42
-57
-67
-62
-80
-89
-102
-95
-105
-109
-95
-76
-79
-62
-52
-44
-37
-47
-36
-47
-45
-20
-8
-16
-2
8
12
19
22
26
20
16
14
22
10
42
43
45
27
26
22
6
-23
-3
-6
0
33
29
50
30
29
12
16
26
6
7
0
-8
-22
-43
-56
-50
-53
-54
-47
-50
-57
-75
-79
-72
-70
-65
-48
-47
-34
-45
-48
-53
-83
-90
-105
-99
-99
-85
-74
-53
-32
-16
1
6
35
60
53
42
57
14
-3
-10
-12
-2
18
22
27
42
38
37
54
71
98
128
145
156
143
122
114
95
100
115
110
109
104
92
76
54
33
28
50
48
54
66
48
39
30
28
23
12
16
12
-16
-28
-52
-66
-88
-82
-73
-85
-67
-42
-41
-20
12
2
17
-3
-19
-26
-56
-57
-68
-67
-47
-26
-18
-12
-7
-11
-25
-24
-11
-30
-4
0
-2
-3
-15
-2
-1
-4
0
-13
-31
-30
-26
1
1
7
11
9
0
-16
-29
-21
-24
-38
-24
-37
-37
-51
-45
-40
-21
-14
-3
-5
-22
-19
-27
-7
-8
-8
2
-7
-18
-9
-2
-20
-22
-14
3
8
8
18
10
20
11
11
-4
-28
-33
-63
-62
-59
-58
-45
-18
-9
15
36
44
30
19
35
14
6
2
-7
-16
-12
-10
2
-6
12
5
3
8
25
39
48
63
50
60
59
31
25
26
38
50
57
72
82
79
83
96
95
101
82
91
69
58
63
56
64
63
73
68
58
62
54
37
35
25
21
31
9
0
-13
-29
-44
-73
-77
-86
-84
-78
-78
-49
-60
-52
-59
-66
-63
-80
-88
-102
-116
-151
-162
-182
-161
-152
-141
-116
-95
-109
-115
-120
-141
-125
-109
-85
-61
-7
-10
1
-14
-37
-30
-33
-8
-7
29
21
41
59
60
98
103
133
136
148
120
104
103
95
75
82
98
95
95
104
132
111
115
135
120
106
114
122
95
79
77
56
45
28
30
32
20
20
28
20
17
14
17
10
2
-11
-18
-24
-34
-46
-42
-29
-33
-26
-35
-24
-39
-47
-43
-30
-49
-48
-53
-58
-66
-73
-53
-69
-55
-44
-45
-38
-45
-30
-41
-62
-59
-61
-54
-47
-50
-36
-29
-35
-30
-56
-81
-98
-136
-140
-157
-140
-138
-114
-87
-75
-63
-44
-45
-52
-58
-60
-74
-84
-96
-96
-64
-60
-40
-24
3
10
21
18
33
21
13
37
59
79
97
128
134
148
151
177
191
179
192
181
187
180
188
175
197
208
209
201
199
193
167
147
135
122
102
102
95
94
96
85
97
90
71
68
32
7
-25
-48
-65
-89
-92
-84
-94
-90
-82
-83
-75
-101
-104
-130
-150
-164
-195
-198
-199
-184
-175
-154
-142
-121
-136
-140
-136
-159
-154
-160
-137
-147
-140
-145
-137
-107
-118
-89
-86
-81
-80
-52
-60
-49
-36
-34
-25
-25
-23
6
30
31
51
57
68
69
86
110
119
134
126
127
118
115
104
115
117
135
153
154
176
173
170
163
141
126
119
87
85
69
47
36
12
-12
-29
-9
1
7
22
45
36
31
24
-8
-33
-51
-59
-79
-83
-74
-63
-75
-45
-43
-38
-33
-33
-13
-23
-18
-27
-30
-44
-50
-40
-56
-65
-73
-81
-84
-99
-83
-70
-54
-30
-10
11
21
19
-2
-17
-66
-102
-108
-115
-106
-99
-63
-51
-53
-40
-21
-6
5
25
30
36
45
44
53
65
56
68
41
33
12
2
9
28
71
103
144
163
178
155
142
103
84
54
43
39
34
35
34
43
53
77
92
112
100
81
71
54
30
24
4
-3
-2
-4
6
16
9
14
-1
-9
-11
-18
-35
-44
-54
-75
-78
-105
-101
-131
-111
-95
-82
-59
-29
-27
-42
-58
-81
-85
-113
-103
-113
-120
-128
-122
-112
-116
-100
-88
-77
-85
-50
-61
-63
-56
-56
-57
-65
-63
-66
-30
-45
-28
-21
-24
-15
-2
14
45
79
91
112
130
121
104
99
72
65
65
76
75
62
60
37
65
59
68
58
55
62
53
67
65
62
50
54
39
62
57
60
49
51
48
57
81
85
97
99
108
81
74
60
45
37
26
7
0
-11
-30
-36
-32
-45
-31
-5
-6
21
20
11
-11
-22
-41
-45
-46
-51
-48
-71
-65
-76
-91
-81
-93
-84
-73
-85
-73
-61
-36
-29
-22
-45
-47
-76
-118
-132
-172
-178
-162
-141
-132
-88
-89
-86
-81
-81
-71
-64
-36
-33
-24
-14
-3
-8
9
6
13
24
5
21
8
9
14
16
35
56
103
137
147
129
122
92
60
54
48
74
86
111
127
133
157
136
159
157
161
174
172
182
174
178
156
142
108
97
79
70
49
32
41
12
29
9
23
13
-1
10
3
-15
-15
-56
-66
-78
-84
-75
-69
-55
-62
-65
-68
-80
-89
-106
-113
-137
-159
-168
-199
-215
-235
-236
-238
-229
-211
-183
-151
-128
-102
-94
-110
-124
-157
-165
-188
-190
-179
-164
-118
-85
-30
-25
8
29
25
32
45
45
51
52
43
37
48
49
70
101
134
167
186
209
232
222
201
205
186
194
179
195
182
178
179
172
171
166
161
137
152
130
120
106
110
93
91
89
66
61
49
54
35
45
21
2
-6
-48
-78
-82
-104
-120
-131
-140
-128
-137
-116
-105
-87
-95
-106
-110
-136
-163
-166
-179
-189
-155
-141
-97
-60
-40
-44
-50
-78
-110
-134
-163
-177
-181
-168
-143
-123
-91
-54
-30
-8
24
26
36
28
27
15
0
17
-3
18
6
38
43
50
70
95
106
114
131
122
122
97
56
34
3
-4
26
64
79
124
142
175
194
215
225
210
207
164
145
100
78
48
56
58
69
82
98
100
109
104
86
59
16
-19
-47
-74
-90
-97
-86
-64
-61
-58
-30
-16
-30
-48
-62
-84
-126
-145
-161
-174
-183
-174
-170
-169
-183
-169
-181
-175
-174
-154
-160
-126
-123
-101
-86
-81
-66
-57
-61
-60
-56
-82
-76
-82
-69
-64
-41
-40
-43
-59
-50
-45
-24
-3
27
77
100
121
132
151
141
145
150
149
132
131
115
79
99
101
120
132
144
158
141
124
99
86
68
39
55
53
44
46
56
64
63
79
98
89
87
91
93
71
64
65
49
51
31
36
6
-3
-17
-19
-16
-14
-7
-17
-35
-52
-55
-56
-46
-55
-41
-44
-68
-79
-87
-82
-81
-66
-49
-5
-5
-7
-18
-48
-89
-118
-125
-137
-131
-145
-122
-116
-97
-71
-46
-29
-43
-40
-76
-92
-104
-116
-105
-96
-70
-38
-26
-24
-30
-23
-28
-31
-49
-61
-90
-104
-103
-85
-63
-12
34
59
103
121
122
114
87
68
59
53
48
47
46
67
82
90
123
145
159
147
159
130
120
102
95
75
66
75
71
55
75
94
105
116
125
144
109
118
89
78
58
39
27
-20
-43
-46
-62
-71
-66
-66
-54
-36
-48
-38
-75
-94
-111
-125
-135
-140
-125
-124
-112
-102
-79
-67
-38
-15
-13
-13
-17
-19
-57
-70
-94
-107
-115
-95
-67
-62
-26
0
12
-2
37
40
44
49
25
28
-13
-24
-5
-8
12
40
34
44
37
25
34
28
15
0
-14
-9
-13
-17
-4
2
11
18
9
-12
-15
-17
-27
-13
6
2
19
27
43
42
54
62
49
41
14
18
-2
-4
1
-18
4
20
35
57
72
69
77
53
16
11
8
6
0
11
13
3
5
0
-13
-6
-10
-6
0
4
19
40
31
0
-13
-39
-69
-105
-125
-128
-147
-132
-117
-71
-44
-8
39
61
71
64
50
18
-9
-23
-38
-34
-40
-24
-24
-8
19
34
79
75
93
69
54
42
12
23
33
59
73
78
75
58
39
31
35
15
29
13
10
10
26
40
38
68
35
40
11
-8
-43
-66
-89
-116
-108
-111
-120
-103
-87
-75
-58
-51
-32
-20
-31
-32
-50
-35
-54
-57
-45
-75
-63
-75
-59
-72
-34
-21
5
7
7
21
17
33
25
45
40
54
43
52
56
61
76
86
89
110
126
124
104
93
83
47
42
17
7
-7
-13
-8
-6
-8
-13
-1
1
10
21
39
39
41
32
30
26
4
-1
-41
-58
-85
-84
-110
-107
-85
-76
-38
-30
-1
-7
1
-15
-17
-29
-57
-55
-93
-104
-103
-97
-93
-70
-43
-14
3
16
24
18
14
17
21
4
-12
-4
-17
-25
-25
-14
-13
-13
-14
-2
26
33
62
87
119
128
151
146
155
141
109
106
72
49
2
-13
-23
-43
-38
-22
-1
22
45
57
46
17
8
-16
-38
-60
-68
-74
-80
-79
-77
-70
-61
-27
9
47
54
80
56
25
8
-35
-59
-76
-95
-104
-113
-115
-108
-83
-59
-12
30
62
93
106
116
91
83
59
40
13
-2
9
-1
31
43
59
65
81
90
80
85
68
50
33
16
-9
-18
-49
-32
-46
-35
-22
-13
-29
-31
-37
-51
-56
-50
-36
-32
-21
-19
-12
-36
-54
-71
-97
-121
-120
-136
-144
-122
-118
-95
-77
-56
-34
-19
-5
8
21
8
17
14
11
5
-12
-10
7
18
37
70
90
93
117
122
113
122
91
81
42
15
-2
-20
-24
-22
2
21
55
92
117
114
101
65
46
2
-34
-52
-59
-64
-26
-37
-54
-19
-42
-51
-29
-5
-18
-31
-24
-32
-49
-44
-30
-26
-20
2
1
-5
3
-4
2
7
16
13
23
17
17
32
37
31
46
31
12
0
-17
-32
-47
-23
-22
0
10
25
43
59
74
72
75
61
67
41
36
41
38
4
8
0
-2
-18
-3
1
-18
8
-3
5
-12
10
1
-8
19
10
3
15
27
4
11
11
12
-15
1
3
10
8
15
34
9
3
-16
-29
-56
-67
-33
-36
-53
-22
-46
-57
-62
-67
-61
-48
-56
-56
-52
-54
-59
-85
-95
-126
-156
-167
-182
-178
-185
-174
-151
-137
-126
-100
-90
-70
-64
-57
-21
-34
-1
0
22
24
48
51
58
79
100
125
140
169
164
165
157
145
133
126
134
129
141
140
148
139
144
142
142
154
137
146
140
138
124
111
91
94
76
70
80
51
61
25
0
-8
-18
-51
-44
-45
-83
-84
-92
-89
-100
-71
-74
-50
-31
-46
-26
-30
-45
-69
-52
-59
-51
-51
-41
-55
-61
-65
-98
-79
-90
-109
-119
-121
-129
-132
-116
-115
-132
-103
-104
-101
-52
-72
-52
-21
-33
-38
14
22
14
-1
-8
-34
-45
-60
-69
-50
-47
-19
-6
21
24
63
85
106
127
135
149
133
125
103
87
61
43
71
68
83
121
124
127
119
118
107
80
47
23
-8
-35
-57
-69
-76
-64
-36
0
30
36
53
52
26
3
-15
-56
-76
-84
-86
-107
-98
-85
-77
-66
-50
-41
-35
-25
-25
-18
-29
-8
-25
-14
-7
21
30
46
54
72
78
78
103
99
84
61
37
-13
-17
-37
-32
-34
-28
-6
-6
-4
-9
-18
-23
-21
-24
-14
-32
-31
-35
-51
-41
-43
-30
-26
-17
-23
-16
-25
-51
-57
-77
-85
-85
-60
-63
-52
-33
-6
-5
21
29
57
68
47
67
60
63
50
56
45
49
74
68
70
63
62
47
48
61
61
62
57
54
62
52
49
53
29
32
21
8
-7
-30
-52
-64
-72
-65
-54
-44
-19
-6
-5
6
-5
-29
-44
-59
-66
-82
-73
-85
-79
-94
-100
-79
-43
-21
13
45
48
46
43
12
-9
-39
-61
-80
-90
-96
-104
-91
-82
-57
-10
20
41
55
66
76
62
67
33
27
-3
-19
-11
3
6
9
29
26
51
66
76
122
106
78
67
29
31
13
34
20
35
64
77
93
69
56
16
14
4
11
10
42
65
66
62
29
1
-16
-28
-2
12
33
65
62
56
51
24
-5
-15
-48
-64
-56
-36
-36
-37
-42
-65
-66
-103
-125
-149
-150
-154
-127
-90
-78
-63
-66
-76
-88
-81
-103
-83
-86
-69
-82
-79
-85
-87
-87
-104
-76
-56
-37
-39
-23
-45
-53
-57
-47
-35
-30
1
29
27
51
73
89
83
95
133
118
129
151
152
152
158
171
139
134
105
94
77
52
71
68
88
102
154
162
175
178
162
159
135
125
96
90
70
23
24
20
-8
-9
12
4
3
11
-44
-29
-57
-83
-65
-82
-84
-91
-95
-112
-133
-126
-122
-126
-109
-77
-74
-94
-94
-95
-120
-138
-146
-169
-187
-176
-172
-185
-190
-167
-168
-166
-138
-134
-124
-108
-70
-37
-5
14
11
7
-12
-35
-33
-35
-21
10
15
56
87
98
99
103
96
89
91
82
98
118
149
171
191
229
213
227
219
213
212
221
238
237
237
236
234
187
154
101
58
24
15
11
3
-18
-31
-37
-52
-41
-40
-16
0
12
17
-9
-39
-73
-115
-146
-179
-179
-177
-188
-182
-172
-171
-191
-169
-175
-171
-163
-164
-159
-158
-155
-168
-156
-162
-140
-102
-69
-32
-4
18
26
32
36
34
21
4
-13
-19
-37
-47
-36
-44
-50
-41
-49
-25
-1
29
65
96
108
118
101
97
96
78
69
86
94
93
101
121
118
120
124
120
125
121
139
142
134
141
130
102
86
85
71
62
84
100
98
120
107
72
74
38
42
39
30
21
-6
-30
-54
-80
-98
-112
-115
-117
-113
-112
-108
-110
-111
-101
-82
-78
-72
-63
-74
-86
-100
-99
-151
-151
-157
-171
-153
-146
-127
-109
-108
-92
-79
-65
-55
-45
-28
-25
-12
-23
-19
-27
-5
-5
14
39
51
62
77
100
99
121
128
109
97
83
47
38
17
21
30
42
60
71
72
83
92
81
103
98
103
76
53
41
14
25
11
8
5
25
25
35
39
22
28
33
17
16
16
8
7
-8
5
17
7
0
-2
-3
-3
-14
4
-19
-27
-55
-56
-67
-66
-60
-57
-27
-34
-8
-9
-10
-20
-32
-42
-48
-56
-69
-74
-88
-97
-110
-100
-91
-67
-46
-34
-33
-41
-35
-65
-82
-99
-93
-97
-80
-69
-56
-59
-33
-14
-8
16
24
44
33
43
46
45
31
37
31
24
31
62
73
82
103
108
118
133
112
112
109
108
114
130
134
140
130
117
109
87
107
93
92
85
71
58
48
46
41
49
51
44
38
32
21
8
-16
-35
-59
-89
-94
-105
-112
-97
-82
-81
-70
-49
-76
-81
-91
-100
-103
-144
-157
-173
-208
-207
-189
-173
-148
-89
-68
-61
-47
-46
-50
-25
-12
-8
11
-1
-15
-29
-54
-52
-59
-57
-36
-31
-17
-14
6
-9
-7
14
19
25
27
13
14
15
30
51
89
123
153
171
154
151
128
114
99
106
105
102
105
101
100
83
78
79
76
63
68
55
53
39
30
21
5
17
23
33
41
42
46
29
26
17
-6
2
-10
-15
-38
-35
-45
-63
-56
-43
-17
-13
-22
-20
-58
-70
-84
-96
-80
-88
-64
-70
-51
-46
-43
-36
-15
-18
-22
-15
-19
-30
-25
-21
-48
-52
-71
-71
-75
-70
-62
-42
-32
-9
7
25
20
16
13
8
3
-16
-45
-58
-66
-84
-72
-80
-60
-38
-30
-3
-1
6
-5
4
2
-17
-2
-6
12
16
30
43
44
47
61
86
98
129
114
108
91
83
60
50
34
19
19
16
3
-8
-3
-1
32
44
62
63
60
41
9
6
0
5
17
28
37
35
28
31
42
28
39
55
50
36
35
10
-10
-34
-15
-29
-26
-5
-3
-4
-22
-25
-44
-36
-51
-45
-30
-37
-48
-47
-47
-49
-57
-43
-45
-58
-72
-82
-96
-114
-115
-113
-115
-88
-81
-69
-62
-47
-38
-31
-28
-23
-31
-23
-22
-22
-19
-26
-15
-21
-15
-33
-1
-5
10
7
44
47
42
68
46
63
44
64
54
60
76
92
111
134
145
163
157
149
139
112
98
78
73
43
28
5
-8
-24
-20
-2
0
45
60
80
89
71
58
21
0
5
10
10
20
44
29
15
-5
-26
-45
-52
-45
-52
-37
-42
-37
-45
-43
-56
-62
-61
-69
-73
-82
-78
-86
-87
-75
-61
-26
-12
14
18
2
-2
-29
-43
-74
-90
-96
-93
-105
-111
-125
-126
-125
-128
-116
-98
-78
-49
-11
3
10
25
26
37
28
12
8
-11
-9
-12
-8
10
8
17
0
13
27
12
12
16
5
11
24
19
32
38
46
74
95
108
135
137
151
160
162
168
137
130
109
84
63
56
48
37
44
23
29
36
36
30
34
32
21
22
1
13
-8
-5
10
17
27
33
28
23
2
-19
-37
-36
-21
-8
15
26
24
-1
-29
-68
-100
-129
-134
-143
-136
-138
-127
-112
-110
-87
-79
-63
-77
-77
-91
-121
-127
-131
-127
-136
-132
-116
-118
-122
-94
-86
-63
-31
-9
8
17
29
38
39
44
37
31
42
32
35
28
33
36
41
51
68
93
86
103
118
115
112
106
111
123
99
126
115
126
119
119
114
112
121
110
130
126
124
119
126
107
111
97
88
74
33
11
-24
-34
-57
-57
-52
-54
-55
-64
-37
-44
-30
-27
-31
-28
-31
-42
-62
-76
-115
-119
-136
-144
-145
-134
-135
-143
-119
-129
-122
-113
-108
-122
-134
-124
-148
-154
-158
-159
-164
-160
-149
-136
-126
-113
-93
-64
-39
-5
23
35
35
31
28
10
23
24
45
69
91
100
99
114
103
95
85
105
116
140
172
192
180
176
178
149
139
141
153
148
168
157
148
128
112
105
86
104
106
124
132
122
122
104
98
84
63
43
34
40
16
9
-18
-17
-32
-47
-38
-46
-44
-65
-73
-98
-121
-145
-157
-169
-161
-159
-151
-142
-160
-154
-168
-160
-167
-159
-161
-172
-166
-167
-174
-175
-160
-169
-154
-140
-127
-109
-93
-59
-45
-29
-24
-27
-31
-50
-79
-95
-106
-109
-89
-61
-19
11
52
66
85
106
96
129
150
162
161
163
154
130
116
110
126
145
153
171
165
151
133
102
107
95
113
136
155
156
150
140
106
86
52
48
25
37
47
59
66
66
66
80
84
83
80
86
93
87
84
59
45
-1
-36
-59
-74
-98
-94
-88
-101
-96
-94
-102
-102
-108
-105
-104
-130
-125
-138
-158
-154
-158
-164
-167
-173
-167
-185
-174
-160
-160
-132
-109
-85
-59
-27
-27
-42
-41
-48
-55
-41
-40
-23
-22
-13
-20
-16
-7
-17
0
0
27
36
34
32
48
46
50
69
67
78
70
81
68
58
52
59
56
42
50
49
35
20
29
37
62
70
80
72
59
56
16
19
7
-2
-7
1
-7
7
6
35
45
71
96
102
134
121
129
105
103
84
86
74
83
69
40
49
46
46
58
73
73
73
63
55
32
22
21
32
19
33
28
-2
-10
-42
-43
-63
-75
-82
-99
-95
-107
-110
-102
-109
-103
-83
-77
-62
-56
-47
-73
-76
-104
-144
-173
-201
-196
-192
-165
-141
-102
-62
-31
-21
-9
-20
-25
-38
-40
-59
-71
-95
-101
-120
-135
-121
-94
-58
-21
22
48
81
84
77
62
73
45
21
11
-12
4
0
17
34
67
76
91
96
99
116
111
120
122
109
96
104
101
120
126
140
147
135
120
117
102
93
80
96
86
106
110
116
127
130
136
114
104
59
57
4
-19
-35
-67
-86
-89
-89
-83
-65
-66
-58
-74
-75
-91
-106
-119
-117
-127
-115
-93
-105
-87
-89
-84
-91
-89
-79
-67
-67
-59
-72
-83
-98
-113
-112
-109
-88
-81
-65
-48
-26
-25
-1
-2
7
-12
-21
-40
-68
-66
-79
-57
-42
-14
2
8
35
32
47
57
58
67
64
51
33
19
1
-9
-22
-21
1
11
40
67
76
100
110
113
132
148
150
149
136
129
102
83
59
49
31
31
41
45
47
62
83
107
123
150
170
178
156
126
103
62
24
-15
-44
-72
-103
-96
-103
-88
-62
-35
-19
-19
3
-15
-38
-57
-70
-85
-88
-96
-108
-120
-135
-142
-140
-140
-144
-129
-125
-100
-95
-87
-80
-85
-79
-82
-95
-103
-99
-113
-110
-104
-69
-65
-57
-48
-52
-55
-47
-30
-26
6
15
28
43
41
48
26
27
21
9
23
19
21
19
38
50
69
79
95
106
100
101
76
85
93
103
107
123
127
103
109
103
81
69
58
61
62
39
53
57
75
64
84
96
88
99
83
82
72
83
86
83
93
83
77
64
43
17
1
-9
-30
-48
-52
-45
-52
-38
-48
-61
-53
-62
-55
-85
-94
-112
-128
-130
-141
-140
-139
-131
-120
-122
-136
-134
-144
-137
-155
-144
-144
-135
-108
-107
-109
-91
-93
-93
-97
-85
-71
-41
-24
-1
15
20
29
32
55
53
96
90
97
105
100
97
76
65
43
38
41
57
60
56
87
94
108
123
135
123
100
84
56
39
10
-9
-6
13
22
44
46
69
64
76
56
45
37
27
21
20
24
11
1
-18
-19
-7
-8
10
12
13
9
22
26
16
22
35
38
17
12
7
-12
-45
-47
-55
-67
-81
-84
-82
-82
-74
-67
-58
-57
-48
-37
-30
-24
-21
-25
-36
-33
-58
-68
-89
-91
-84
-88
-58
-38
-9
10
12
23
21
45
45
59
74
60
53
42
13
-15
-27
-37
-47
-31
-26
0
21
52
51
64
65
40
35
7
-6
-18
-39
-39
-35
-43
-43
-59
-53
-73
-60
-58
-41
-16
4
16
16
32
16
-2
-21
-36
-47
-62
-50
-41
-39
-25
-28
-3
-12
14
22
41
46
51
73
50
59
48
54
34
74
63
76
90
77
72
63
48
31
24
21
26
21
42
26
37
41
36
52
78
78
73
76
56
54
28
10
-10
-4
-12
-7
-1
1
0
-8
1
4
15
32
44
51
45
36
28
-7
-32
-36
-54
-58
-62
-57
-65
-69
-52
-41
-35
-25
0
3
2
-1
-7
-39
-50
-56
-72
-89
-104
-114
-125
-130
-122
-113
-99
-75
-61
-51
-33
-19
-29
-37
-45
-51
-80
-74
-76
-74
-77
-65
-55
-39
-27
9
44
36
58
44
43
17
27
15
15
21
29
26
27
24
11
38
39
57
62
70
80
91
72
68
65
63
66
66
78
80
85
85
76
79
64
43
45
43
38
49
52
49
32
35
14
4
-2
-10
-13
-29
-27
-13
-20
-19
-3
-15
4
3
20
2
-3
0
8
5
1
-3
-31
-41
-71
-55
-62
-55
-38
-18
-5
12
33
29
8
1
-11
-36
-32
-39
-36
-28
-29
-11
-14
-18
-8
1
17
26
46
44
22
28
2
-19
-37
-48
-39
-35
-34
-49
-42
-60
-60
-59
-49
-40
-45
-23
-11
-24
-33
-21
-34
-30
-29
-14
-7
-6
8
3
5
1
0
8
9
0
10
-3
2
8
15
12
31
38
51
60
62
58
43
38
10
-6
-9
-18
-19
-1
4
16
28
44
46
46
43
33
35
8
22
24
24
15
13
2
-23
-36
-47
-35
-32
-6
2
24
29
33
50
43
60
61
69
55
39
38
6
-47
-42
-66
-63
-54
-38
-24
-18
8
26
47
23
44
20
7
6
-10
0
-15
-11
-26
-24
-37
-37
-46
-55
-53
-73
-59
-60
-49
-32
-16
-11
4
10
7
4
0
-17
-23
-22
-27
-35
-48
-43
-45
-37
-11
11
13
17
23
17
18
22
12
29
27
39
45
14
11
-18
-45
-38
-50
-52
-41
-17
-10
-7
19
15
25
18
13
16
29
14
31
21
5
14
3
-7
-16
-6
-18
-12
-1
-4
15
26
52
54
87
104
101
110
86
68
37
27
12
8
-11
-13
-17
-30
-20
-20
15
23
59
71
94
100
77
77
39
14
-11
-27
-57
-64
-76
-71
-71
-38
-38
-26
-27
-23
-17
-31
-23
-33
-33
-24
-30
-7
-20
-15
-13
-27
-30
-34
-33
-37
-9
-8
12
14
29
21
19
11
7
-1
-8
-17
-31
-28
-43
-50
-53
-49
-61
-49
-27
-1
14
25
7
-2
-35
-47
-63
-76
-65
-79
-49
-44
-46
-29
-13
-6
4
6
14
12
-11
8
0
0
8
6
7
10
18
22
39
39
70
61
67
63
64
64
43
42
16
12
12
17
47
47
68
83
77
81
88
66
68
51
38
32
35
30
22
14
-13
-5
5
16
15
36
35
36
37
12
13
-16
-28
-36
-40
-45
-43
-34
-27
-10
-2
16
12
13
4
-7
-16
-30
-34
-45
-55
-63
-63
-69
-85
-81
-77
-64
-57
-41
-42
-32
-36
-39
-26
-30
-28
-26
-16
-26
-28
-36
-34
-46
-56
-63
-61
-51
-39
-19
-5
6
30
58
50
66
55
34
22
2
0
6
-1
-11
-23
-14
-5
4
28
31
48
55
62
61
56
56
54
58
63
55
48
41
8
7
0
-8
3
7
5
16
15
13
11
17
20
14
24
14
16
9
3
2
-5
-20
-20
-27
-28
-42
-27
-18
4
27
54
81
82
76
64
43
11
-4
-15
-24
-30
-31
-32
-31
-36
-18
-25
-7
9
8
21
15
7
-8
-20
-38
-46
-43
-35
-41
-37
-45
-49
-44
-44
-42
-41
-19
-13
-6
-1
-4
-14
-2
-5
5
24
31
27
14
-3
-24
-35
-44
-41
-36
-27
-25
1
0
24
17
20
5
-9
-28
-44
-31
-36
-18
-14
-10
-8
-17
-25
-25
-23
-33
-28
-21
-18
14
28
49
67
67
59
64
50
45
18
5
-12
-24
-27
-45
-18
-15
12
33
51
82
85
102
97
99
80
68
37
3
-35
-59
-84
-79
-76
-57
-32
-4
32
45
61
59
61
47
54
35
38
11
14
-24
-40
-48
-48
-25
-25
18
32
52
54
73
67
74
74
69
61
51
38
7
-11
-28
-49
-52
-49
-62
-39
-45
-42
-44
-37
-39
-34
-18
-18
-8
-18
-23
-48
-50
-63
-78
-71
-70
-62
-63
-65
-54
-43
-25
7
22
28
28
26
9
-8
-19
-37
-51
-55
-56
-59
-68
-57
-31
-26
-5
8
13
24
20
17
6
4
-13
-26
-28
-44
-45
-67
-52
-56
-51
-28
-12
10
23
42
56
63
52
40
47
40
38
53
51
59
61
67
55
55
44
51
61
62
78
86
121
138
151
150
146
116
82
56
37
14
-3
10
11
9
20
16
7
16
-7
2
4
12
23
34
51
33
12
-1
-37
-49
-63
-72
-79
-80
-77
-81
-84
-87
-82
-82
-65
-62
-57
-31
-33
-37
-36
-42
-55
-60
-58
-77
-88
-77
-80
-94
-82
-69
-67
-50
-41
-25
-13
-6
6
8
-1
1
-15
-29
-46
-59
-51
-68
-61
-60
-46
-32
-8
27
46
69
69
74
75
84
79
56
43
36
7
7
-1
0
-14
4
16
20
32
30
55
63
73
69
73
62
65
56
48
58
56
47
42
39
42
45
50
47
41
54
56
43
49
49
48
61
74
62
45
62
49
34
41
18
1
-21
-33
-42
-42
-42
-36
-13
-10
-7
0
-6
-8
-33
-52
-69
-92
-122
-128
-140
-161
-140
-135
-117
-102
-74
-86
-76
-66
-68
-60
-32
-17
-14
11
12
23
11
13
7
1
-14
-4
-7
-14
-9
-3
-7
-6
-11
-15
2
3
17
36
29
23
31
30
29
12
7
3
-3
7
19
26
32
40
55
62
67
64
65
71
74
59
49
38
12
-7
-4
-17
-31
-22
-15
-12
18
51
58
75
82
70
50
37
18
12
-4
-13
-6
-26
-38
-36
-35
-23
-9
4
19
21
11
8
-7
-14
-4
0
6
13
8
7
0
3
2
7
17
32
50
44
61
58
61
52
64
44
17
4
-35
-47
-62
-67
-64
-67
-75
-78
-80
-66
-67
-72
-55
-72
-72
-56
-65
-59
-48
-41
-46
-35
-38
-41
-47
-50
-43
-60
-44
-32
-14
8
27
16
19
28
23
31
30
33
32
26
6
1
-16
-20
-43
-36
-53
-46
-34
-31
-4
-5
24
19
35
47
38
46
51
40
26
20
8
-8
-11
-13
-13
-1
3
31
34
48
55
60
63
50
60
51
49
42
50
38
27
28
16
13
-3
19
23
28
46
62
78
90
69
62
48
19
6
-8
-28
-58
-59
-62
-67
-53
-27
-14
8
34
44
