0
0
-1
0
0
0
0
-1
0
0
0
0
0
0
0
0
0
0
0
0
0
0
-1
0
0
0
0
0
0
0
0
0
1
0
-1
0
0
0
0
0
0
0
0
0
0
0
0
0
0
0
0
0
0
0
-1
0
0
0
0
0
0
0
0
0
0
0
0
0
1
0
0
0
0
0
0
0
1
0
0
0
1
1
0
0
0
-1
1
1
0
0
0
0
0
0
0
1
0
0
0
1
0
0
0
0
0
-1
0
0
0
0
0
0
0
0
0
0
-1
-1
-1
0
0
0
0
-1
0
0
0
0
0
0
0
0
0
1
0
1
0
0
0
0
0
0
1
-1
0
1
-1
0
0
0
0
0
0
0
-1
0
0
0
-1
0
-1
0
0
0
0
0
-1
0
0
0
0
0
0
-1
0
0
0
0
0
0
0
0
-1
-1
0
0
0
0
0
1
0
0
0
0
0
-1
0
0
0
0
0
0
0
0
0
1
0
1
0
0
1
-1
1
0
0
0
-1
-1
0
0
0
-1
0
-1
0
0
0
-1
0
0
0
0
1
0
0
0
0
0
0
1
0
1
0
0
0
0
0
0
1
0
0
0
1
1
0
0
0
0
0
0
0
0
-1
1
0
0
0
0
0
0
0
1
0
0
-1
0
0
0
-1
-1
0
0
1
0
-1
0
0
0
0
0
0
-1
-1
0
0
-1
1
0
1
0
0
0
0
0
0
1
0
0
0
-1
0
0
0
0
0
1
-1
0
0
0
0
0
0
0
0
0
1
0
0
0
0
0
0
-1
0
0
-1
0
0
-1
0
0
0
0
0
0
0
0
1
0
0
-1
1
0
0
-1
-1
0
0
0
1
-1
0
0
0
-1
1
0
0
0
1
-1
0
0
0
0
0
0
0
0
0
0
0
-1
0
0
0
0
0
0
0
0
0
0
1
-1
0
0
-1
1
0
0
0
0
0
0
0
0
0
0
0
0
0
0
-1
0
0
0
0
0
0
0
-1
0
0
0
-1
0
0
-1
-1
0
0
0
0
0
1
1
-1
0
-1
0
0
0
0
0
0
0
0
1
0
0
0
0
-1
1
0
0
1
0
0
0
0
0
1
1
0
0
0
0
0
-1
0
-1
1
0
1
0
0
1
0
0
1
0
0
0
1
-1
-1
1
0
0
0
-1
0
0
1
0
0
0
0
0
0
-1
0
0
0
-1
0
0
1
1
-1
0
0
0
0
0
0
0
0
0
-1
1
0
0
1
0
0
0
0
1
-1
0
0
0
0
-1
1
0
0
-1
0
0
0
0
0
-1
0
-1
1
0
0
1
0
0
0
0
0
0
0
0
-1
0
0
0
1
0
1
0
0
0
0
-1
0
0
1
1
0
0
0
-1
-1
0
0
0
-1
0
0
1
0
1
0
0
1
0
0
1
0
0
0
0
0
0
0
0
0
0
0
-1
1
0
0
0
0
0
0
0
0
0
0
-1
0
-1
0
0
0
0
0
-1
0
0
0
1
0
0
0
0
0
0
0
0
0
-1
1
1
-1
0
0
0
0
0
0
0
0
0
0
0
0
0
-1
0
0
0
0
0
0
0
0
-1
0
0
0
0
-1
0
-1
0
0
0
0
0
-1
0
0
-1
0
0
0
1
0
0
0
0
0
0
1
0
0
0
0
0
1
0
0
0
1
1
0
0
0
0
0
0
0
0
1
1
1
0
0
-1
0
0
0
-1
-1
0
0
0
0
0
0
0
0
0
0
0
0
0
0
0
0
0
0
0
0
0
1
1
1
0
-1
0
0
0
0
0
0
1
-1
-1
0
0
0
0
0
1
0
-1
0
0
0
0
0
0
0
0
-1
0
0
0
0
1
0
0
0
0
0
-1
1
1
0
0
0
0
1
0
0
0
0
0
0
0
0
0
0
0
0
1
0
0
0
0
0
0
1
0
0
0
0
0
0
0
0
0
0
1
0
-1
0
0
0
0
-1
0
0
0
0
0
0
-1
0
0
-1
0
0
0
-1
1
0
0
0
0
0
0
0
0
0
0
0
0
0
-1
0
-1
0
0
0
0
0
0
0
0
0
1
0
0
0
0
0
0
0
0
0
0
0
1
0
0
0
0
0
0
0
0
0
-1
0
0
1
0
0
0
0
0
0
0
1
0
0
0
0
0
0
-1
0
1
0
0
0
0
0
0
0
0
-1
0
0
0
0
0
0
0
0
1
0
-1
0
1
0
0
-1
0
0
0
0
-1
0
0
0
0
1
0
0
0
0
0
0
0
0
-1
0
0
0
0
0
0
0
0
0
1
0
0
0
0
0
1
0
0
1
0
1
-1
0
0
0
0
0
0
0
0
-1
0
-1
-1
0
0
0
0
0
0
0
0
0
0
-1
0
-1
0
0
0
0
0
0
-1
0
0
0
0
0
0
0
0
0
0
0
0
0
0
0
0
0
1
1
0
-1
0
0
0
0
0
0
0
0
0
0
0
0
0
0
0
0
1
0
0
0
0
0
1
0
0
0
0
0
0
0
-1
-1
0
0
0
0
0
-1
-1
0
0
0
-1
1
0
0
-1
0
0
0
0
0
0
0
0
0
0
0
0
0
0
0
0
1
0
0
-1
0
0
0
0
0
0
1
0
0
-1
-1
0
0
0
0
-1
0
0
0
0
0
1
0
0
1
0
1
0
0
0
0
0
0
-1
0
0
0
0
0
0
1
0
0
0
0
0
0
-1
-1
0
-1
0
0
0
0
0
0
0
0
0
0
0
0
0
0
-1
0
0
0
0
1
0
0
0
0
0
0
0
0
0
0
-1
1
-1
0
0
0
0
0
0
0
0
1
0
1
0
0
0
1
-1
0
0
0
0
0
0
0
0
0
0
-1
0
0
0
0
1
1
0
1
0
0
0
0
0
0
0
0
0
0
-1
-1
-1
-1
0
0
0
0
0
-1
0
0
0
0
0
-1
0
-1
0
1
0
0
1
0
0
-1
0
-1
0
0
0
-1
0
1
-1
0
0
0
0
-1
0
1
0
-1
1
1
0
1
-1
0
0
1
0
0
-1
1
0
0
1
0
0
0
0
1
0
0
0
0
1
0
-1
0
-1
0
1
0
1
-1
0
1
0
0
0
0
0
-1
0
0
0
0
0
0
0
0
0
0
-1
0
1
0
1
0
-1
0
0
1
0
0
0
0
0
0
-1
0
-1
0
0
0
0
0
0
0
1
0
1
0
0
0
0
0
-1
0
0
0
0
0
-1
0
0
0
0
0
0
1
0
0
0
0
1
0
0
0
0
0
0
0
0
0
-1
0
1
0
0
0
0
0
0
0
0
0
0
0
0
0
0
0
-1
1
0
0
0
-1
0
0
0
1
0
0
0
-1
0
0
0
0
1
1
0
1
0
0
-1
0
-1
0
0
0
0
0
0
0
0
0
0
0
0
0
1
0
0
0
0
0
0
0
0
0
0
0
0
0
0
0
0
0
0
1
0
0
0
1
0
0
0
0
0
0
0
0
1
1
0
0
1
0
0
0
0
0
1
0
0
-1
1
0
-1
-1
0
0
0
0
0
1
0
1
0
0
0
1
0
-1
0
-1
0
0
-1
0
0
0
-1
0
0
0
0
0
0
0
0
1
-1
0
0
0
0
-1
0
0
0
0
0
1
0
0
0
0
0
0
0
0
1
1
0
0
0
0
0
0
0
0
0
1
0
-1
0
0
0
0
0
0
0
0
0
0
1
0
1
0
1
0
0
0
0
0
0
0
0
0
0
0
0
-1
0
0
0
-1
0
-1
0
0
0
0
0
0
0
0
1
-1
-1
-1
-2
-1
0
1
1
1
0
1
1
0
0
0
0
1
1
1
0
1
1
1
1
0
1
1
0
1
1
0
0
0
0
0
-1
0
-1
-1
-1
0
-1
-1
-1
-1
0
-1
-1
-1
0
-1
-1
-1
-1
-1
-1
-1
-2
-1
-1
0
-1
-1
0
0
-1
0
-1
-1
-1
-1
0
0
1
1
0
0
1
-1
1
1
1
0
0
1
1
1
1
1
1
1
1
0
1
1
1
1
1
1
1
1
1
1
1
1
1
1
1
0
0
0
1
0
0
1
1
1
1
0
0
0
1
0
0
-1
0
-1
-1
-1
-1
-1
-1
0
-1
-1
-1
0
-1
-1
0
0
-1
-1
-1
0
0
-1
0
-1
-1
-1
-1
-1
-1
-1
-1
-1
0
0
-1
-1
0
-1
0
0
-1
-1
0
-1
-1
-1
0
0
0
-1
0
-1
-1
-1
0
0
0
0
-1
-1
-1
0
0
0
0
0
0
0
0
0
1
0
0
0
1
1
1
0
0
0
0
1
1
1
1
0
0
0
1
0
1
1
0
1
1
0
1
0
0
1
0
1
1
1
1
2
1
0
1
1
0
1
0
0
2
1
0
0
1
1
0
1
0
1
0
1
0
1
0
0
1
1
0
0
0
0
1
0
0
1
0
0
1
1
0
0
0
0
-1
-3
-2
-2
-2
-2
-2
-1
0
0
0
0
-1
-3
-3
-2
0
0
-1
-1
-1
-3
-2
-4
-3
-3
-3
-1
-1
-2
-2
-2
-1
-1
-1
0
-1
-1
-1
-1
-2
-2
-3
-3
-1
-1
-1
-1
-3
-3
-3
-4
-2
-1
-1
2
1
1
-1
-2
-1
-2
-1
-1
1
0
0
-2
-3
-2
-1
-2
-1
3
2
4
4
6
7
6
6
6
7
9
8
5
9
7
4
3
2
6
7
9
12
10
7
8
5
6
2
2
4
2
4
2
0
0
-3
-2
-5
-3
3
7
0
2
4
-2
-1
4
1
0
2
1
-8
-14
-9
-20
-14
-9
-2
0
-5
-6
-15
-30
-36
-24
-23
-32
-22
-13
-18
-21
-27
-28
-30
-27
-25
-9
4
-6
-5
-23
-36
-42
-24
-23
-9
16
18
12
-2
10
31
22
46
48
56
61
84
73
66
76
66
90
83
76
54
62
52
43
58
48
51
50
60
46
31
13
-17
-37
-22
-22
-35
-25
-37
-45
-65
-67
-50
-50
-75
-62
-57
-73
-89
-122
-108
-108
-86
-76
-58
-44
-54
-33
-43
-60
-79
-81
-94
-58
-36
12
3
15
-2
-19
-5
-6
30
36
77
65
46
19
6
6
13
31
38
31
8
13
33
22
47
75
74
71
77
93
92
124
126
111
73
67
39
71
72
62
60
19
13
11
14
2
25
25
42
62
67
56
20
26
11
10
22
14
-18
-27
-43
-33
-54
-78
-67
-58
-59
-60
-45
-70
-47
-59
-64
-59
-81
-73
-84
-95
-85
-108
-114
-112
-110
-94
-56
-59
-72
-51
-58
-89
-75
-88
-109
-91
-92
-70
-109
-101
-108
-100
-79
-62
-49
-26
-3
17
-2
15
38
-6
23
21
36
38
58
66
64
84
102
128
117
146
131
138
137
142
137
132
148
168
198
186
187
172
168
130
111
90
72
103
130
146
177
201
140
99
21
-16
-11
3
34
36
38
9
-8
-51
-47
-30
-36
4
-12
-31
-55
-61
-71
-98
-100
-128
-160
-151
-177
-149
-130
-118
-92
-119
-130
-129
-124
-139
-104
-112
-97
-96
-102
-88
-104
-104
-127
-108
-100
-75
-78
-66
-50
-52
-34
-24
-30
-52
-46
-65
-65
-56
-48
-30
-27
-13
9
22
15
12
16
-6
-12
26
49
68
33
47
24
41
68
89
123
103
107
84
47
57
62
82
113
124
121
111
96
78
72
70
92
109
124
136
165
172
150
139
106
81
85
83
119
144
111
99
66
9
-21
-56
-41
-80
-50
-59
-70
-75
-83
-67
-76
-91
-102
-99
-144
-98
-129
-103
-127
-112
-131
-136
-130
-146
-136
-147
-155
-145
-121
-129
-100
-117
-103
-93
-68
-51
-68
-39
-25
17
21
70
50
35
21
29
50
25
54
76
112
112
134
135
98
82
90
81
103
110
119
118
100
100
105
116
121
113
89
92
92
122
125
145
159
144
132
73
17
-24
-23
-6
-4
34
15
-15
-52
-95
-93
-122
-66
-68
-65
-65
-65
-92
-105
-98
-118
-121
-157
-174
-200
-204
-194
-169
-165
-155
-133
-141
-122
-141
-155
-184
-178
-149
-142
-103
-78
-77
-81
-101
-114
-90
-87
-45
4
36
57
44
22
30
17
17
54
78
119
134
142
134
146
129
150
164
172
197
246
285
284
304
264
259
200
174
157
129
140
130
145
152
163
137
130
163
135
127
122
94
80
71
63
46
38
21
-12
-61
-69
-111
-99
-61
-34
-17
-32
-33
-110
-168
-186
-190
-174
-150
-155
-154
-195
-211
-251
-271
-247
-227
-203
-212
-177
-191
-165
-149
-144
-146
-125
-137
-147
-130
-159
-118
-102
-90
-78
-67
-50
-30
-55
-50
-70
-47
-39
-12
36
43
80
46
44
33
33
58
62
117
131
162
165
184
160
146
125
132
147
160
160
168
160
138
132
121
135
121
130
128
110
95
91
87
92
90
78
46
41
45
31
48
64
22
5
-15
-52
-50
-38
-9
18
13
25
4
5
-24
-35
-29
-36
-35
-36
-40
-63
-65
-91
-62
-70
-81
-65
-76
-87
-82
-71
-58
-57
-61
-59
-77
-63
-63
-43
-62
-30
-67
-86
-63
-74
-10
-8
32
47
27
3
-32
-38
-9
47
73
87
68
44
2
-35
-55
-61
-63
-38
-8
8
48
63
48
39
28
33
23
32
61
63
54
32
1
-39
-52
-74
-51
-44
-28
7
12
34
41
48
24
21
-22
-28
-27
-20
15
16
46
35
15
-12
-29
-47
-23
3
40
44
24
4
-40
-68
-105
-77
-73
-53
-52
-81
-90
-103
-99
-89
-78
-70
-62
-64
-32
-22
-8
-11
-17
1
-16
0
4
15
42
47
39
30
47
35
72
74
89
101
93
92
71
96
96
110
96
90
85
51
64
59
53
78
76
84
102
80
90
84
78
65
56
49
46
41
30
43
25
40
8
-12
1
10
41
31
38
17
-14
3
-33
-41
-59
-92
-70
-68
-55
-34
-20
-34
-43
-62
-83
-85
-94
-119
-110
-77
-87
-84
-105
-93
-83
-100
-91
-112
-125
-147
-125
-160
-124
-140
-117
-106
-77
-61
-59
-45
-61
-56
-69
-43
-49
-37
-11
4
8
8
-6
-7
14
66
77
71
110
85
86
87
87
112
121
117
95
90
64
67
47
66
87
109
112
131
134
158
142
133
122
100
112
84
95
78
114
86
86
78
71
47
41
33
10
15
-13
-16
-17
-11
-6
-13
-34
-47
-59
-105
-106
-112
-102
-116
-109
-101
-111
-82
-97
-105
-87
-91
-116
-105
-114
-126
-128
-109
-94
-81
-71
-44
-53
-55
-60
-50
-35
7
-2
-17
22
17
7
13
16
10
14
12
34
37
49
63
64
51
32
58
45
48
51
64
57
55
77
61
67
52
53
43
41
64
83
71
89
73
69
68
38
48
5
13
16
36
31
52
44
29
47
39
29
-8
-15
-30
-62
-30
-26
-27
-51
-56
-49
-86
-76
-76
-70
-64
-63
-39
-68
-81
-118
-118
-126
-112
-97
-117
-111
-109
-117
-114
-79
-75
-40
-5
-30
2
-15
-70
-45
-30
-58
-28
-30
-28
-47
-26
2
23
24
66
100
93
153
132
131
117
95
79
94
74
79
117
103
100
101
64
77
70
159
166
185
225
142
73
59
24
5
63
73
63
53
38
32
-4
-3
48
95
101
84
80
68
42
-6
1
-12
-53
-57
-55
-68
-87
-78
-57
-103
-98
-57
-128
-94
-69
-118
-116
-119
-141
-165
-157
-159
-180
-169
-153
-130
-126
-142
-88
-126
-104
-75
-85
-62
-84
-68
-95
-81
-73
-131
-121
-91
-100
-59
-30
-41
-5
-23
-33
-28
-35
-7
48
71
74
90
89
69
63
46
35
67
58
104
142
189
205
177
149
97
100
130
124
129
148
141
122
97
92
88
106
126
153
143
153
157
119
110
116
121
94
96
104
76
50
35
-10
-69
-44
-21
-1
0
3
-27
-48
-67
-87
-76
-52
-54
-62
-79
-103
-133
-151
-162
-139
-127
-121
-113
-111
-135
-161
-150
-170
-145
-156
-124
-88
-51
-73
-55
-63
-96
-93
-94
-76
-44
-23
23
46
23
24
7
6
6
56
77
91
89
76
63
61
80
71
101
90
81
43
45
45
43
58
77
101
97
86
57
24
22
15
30
41
44
54
35
24
-12
-72
-68
-77
-50
7
22
20
-2
-26
-37
-70
-85
-98
-107
-105
-86
-81
-90
-98
-124
-131
-105
-65
-66
-41
-35
-13
-4
-24
-18
7
-4
2
3
1
-3
-4
-5
24
39
60
90
87
105
88
98
80
83
88
115
106
101
111
78
57
52
51
74
95
103
116
95
68
27
3
2
9
-11
-6
14
4
-21
4
-16
-45
-56
-63
-61
-37
-8
30
5
8
-12
-57
-81
-73
-26
-37
-39
-3
-19
-40
-19
-46
-35
-42
-13
9
20
34
66
32
31
-12
-34
-53
-23
10
7
17
-35
-10
-72
-81
-41
-10
22
46
7
-1
-76
-98
-105
-118
-84
-64
-19
-61
-36
-46
-57
-57
-47
-50
-17
-4
3
0
21
4
-31
-9
-73
-70
-46
3
23
53
22
-17
-43
-63
-40
-26
54
60
80
78
67
59
49
56
69
78
79
82
89
73
74
67
86
90
93
108
110
141
110
105
71
40
70
72
64
91
74
41
14
-33
-31
-40
-8
-2
18
-13
-27
-66
-77
-56
-39
-21
-31
-67
-85
-90
-119
-124
-163
-148
-117
-103
-116
-107
-98
-102
-102
-117
-99
-87
-82
-87
-81
-73
-75
-62
-78
-79
-62
-40
22
30
33
65
31
33
49
49
54
80
66
73
76
93
98
116
109
126
104
84
101
108
123
95
118
96
77
61
63
85
96
81
69
30
52
60
69
78
53
81
55
25
-3
-6
-2
15
-3
11
-21
-67
-63
-92
-70
-40
-20
-24
-21
-52
-107
-132
-137
-124
-99
-56
-53
-34
-92
-117
-144
-129
-111
-78
-43
-27
-26
-65
-56
-66
-71
-86
-73
-73
-41
-51
-47
-40
-60
-48
-26
-12
-7
-2
19
48
44
55
81
59
22
36
34
30
48
39
50
56
56
67
52
52
46
76
68
44
16
20
28
44
57
61
39
39
16
25
21
35
38
26
67
47
53
24
51
58
92
88
53
47
21
-22
-30
-19
20
24
37
40
24
13
-11
31
7
0
8
14
9
0
-27
-75
-73
-86
-84
-80
-63
-65
-103
-155
-167
-120
-122
-73
-42
-35
-60
-98
-95
-94
-81
-63
-34
-39
-47
-74
-81
-84
-54
-27
17
19
33
58
46
61
39
11
11
44
57
61
65
84
75
53
75
95
98
111
145
148
138
133
138
110
97
122
92
137
110
40
29
16
15
14
26
37
50
59
63
49
26
-5
-36
-48
-62
-55
-52
-58
-57
-96
-99
-87
-76
-78
-75
-65
-96
-96
-91
-108
-112
-94
-82
-100
-101
-87
-92
-87
-70
-96
-88
-93
-90
-100
-87
-50
-26
8
-3
-18
-18
-9
-5
4
-4
-12
-36
-33
-56
-22
11
42
54
79
52
22
42
31
26
49
73
81
87
63
43
44
53
86
121
112
118
109
78
71
78
60
79
84
92
119
103
102
68
42
39
25
15
27
2
10
-7
-16
-12
12
35
20
30
39
8
-43
-64
-68
-53
-33
-42
-43
-63
-62
-74
-89
-65
-71
-73
-55
-55
-49
-41
-44
-62
-57
-49
-67
-68
-60
-61
-63
-50
-41
-38
-38
-48
-43
-30
-17
-4
31
17
7
9
-7
-18
-14
10
11
8
7
8
16
33
54
41
57
54
38
45
45
51
45
48
68
43
17
11
-10
-19
-5
37
57
54
50
53
22
5
27
22
7
5
15
-3
-2
-2
1
10
1
37
28
27
7
5
-13
-25
-8
-34
-30
-33
-18
-25
-16
-12
4
-5
16
40
36
47
34
7
-21
-32
-39
-43
-39
-67
-76
-62
-67
-34
-43
-38
-28
-50
-39
-43
-14
-34
-36
-31
-58
-97
-77
-73
-64
-19
-40
-31
-6
-12
-6
-11
-11
9
-22
4
-8
-14
20
15
19
31
72
69
70
94
70
66
51
81
97
110
171
127
105
57
0
0
30
84
100
97
113
70
7
20
14
-12
3
13
13
31
6
13
-59
-59
-49
-61
-25
15
42
2
2
-43
-111
-118
-111
-63
5
14
23
-30
-85
-94
-100
-63
-23
22
4
-8
-30
-44
-31
-16
-2
-2
-28
-21
-33
-11
-8
14
17
-19
-34
-51
-54
-61
8
21
29
-8
-31
-53
-76
-41
-12
17
38
44
34
4
24
3
14
20
-14
-31
0
4
-2
28
20
47
9
25
12
20
31
-1
26
3
7
-23
-12
-25
9
26
38
28
37
11
-13
11
6
44
70
91
61
31
7
-33
-45
-27
-57
-29
32
25
8
-46
-68
-5
9
43
124
175
96
62
-37
-57
-28
-11
-11
-9
27
-3
23
-5
24
19
5
34
18
-1
18
11
-23
-59
-97
-70
-45
-19
10
15
5
-20
-1
-9
-20
-15
-23
12
9
-10
-14
-81
-80
-46
7
36
45
45
41
18
-9
8
16
23
29
-9
3
-13
-38
-52
-70
-42
-40
-19
25
0
-21
-21
-8
-2
27
19
4
12
-20
-59
-57
-47
-44
-1
14
8
10
-3
1
-7
-28
-1
37
69
42
41
-2
-36
-74
-53
-57
-61
-51
-17
-42
-24
2
-27
-21
-31
-55
-41
-16
-29
-3
3
3
26
-15
-44
-11
-31
15
42
65
66
72
31
34
36
41
75
114
114
137
101
75
69
60
61
79
105
129
133
118
123
91
102
73
50
67
42
51
50
55
70
42
38
7
-18
-51
-43
-31
-36
-32
-8
-51
-105
-95
-136
-147
-140
-107
-95
-99
-72
-107
-120
-149
-148
-153
-158
-121
-125
-114
-92
-129
-126
-104
-89
-61
-55
-49
-58
-57
-51
-52
-42
-36
18
18
0
-2
-3
-8
7
46
57
80
93
110
93
82
50
29
10
22
45
56
52
78
93
95
118
90
110
82
88
109
99
102
75
53
42
26
49
69
55
52
45
59
69
39
33
5
15
8
2
21
9
-3
-23
-36
-39
-17
-32
-4
-4
-24
-41
-71
-82
-80
-29
15
35
30
5
-60
-122
-113
-107
-103
-38
-18
-11
-26
-44
-50
-71
-57
-36
-6
7
8
32
41
32
25
11
-7
-48
-13
4
27
40
45
12
2
-32
-68
-6
-7
14
23
16
-30
-27
-43
-56
-62
-6
13
-10
-3
-19
10
3
-10
-18
-4
-10
21
41
36
41
38
60
43
40
57
61
72
78
101
106
90
84
20
1
-37
-46
-48
-27
-6
4
24
16
-3
-46
-9
-11
13
11
3
17
0
3
-7
-7
-33
-72
-77
-73
-90
-63
-74
-79
-72
-44
-16
-51
-25
-51
-58
-56
-47
-22
-61
-46
-47
-53
-47
-30
0
-2
5
29
34
28
8
12
-9
-31
-22
-28
-7
4
39
63
36
58
53
32
40
45
67
99
118
153
119
107
72
51
52
62
64
87
101
61
58
36
52
44
12
33
10
6
6
-14
-12
-17
-14
-48
-48
-67
-87
-82
-86
-52
1
-1
39
34
-4
-65
-92
-122
-150
-113
-72
-47
-22
14
-30
-49
-86
-84
-15
11
46
37
25
-23
-36
-43
-47
-19
-38
10
2
27
70
77
52
2
-4
-71
-43
-46
-16
36
32
54
56
26
39
32
38
48
36
21
18
-10
-46
-26
-1
31
21
-10
-33
-28
-41
-21
16
40
66
51
52
5
-38
-44
-59
-48
-26
-7
43
3
-8
-22
-40
11
1
39
46
45
31
18
10
18
-17
3
-2
-38
-42
-27
-13
-13
-10
-15
-9
-3
20
35
51
51
42
52
32
20
-18
-24
-20
-22
-14
-20
-20
-46
-34
-45
-60
-55
-34
-52
-3
23
30
34
-17
-20
-10
10
27
80
51
62
29
27
32
15
41
39
72
89
93
102
81
11
-28
-17
27
40
64
69
58
7
-34
-47
-60
-55
-28
-45
-63
-65
-69
-66
-72
-61
-80
-55
-52
-45
-30
-37
-55
-70
-89
-78
-103
-73
-120
-120
-79
-51
22
49
50
9
-16
-57
-40
-10
29
84
74
75
93
56
45
-3
-2
37
55
98
105
64
68
52
50
59
52
52
55
37
22
53
82
55
52
42
36
51
22
14
0
-33
-50
-45
-47
-1
45
27
28
-15
-40
-86
-97
-68
1
69
56
63
34
-49
-145
-147
-96
-84
-30
2
-35
-50
-48
-37
-43
-64
-67
-61
-44
7
43
38
40
-3
-91
-126
-98
-48
-1
24
93
77
31
41
-15
-56
-57
6
22
53
82
86
52
42
44
-1
-15
-20
-3
30
59
106
87
49
32
11
-8
13
60
52
51
22
20
-29
-45
-33
5
41
107
118
46
31
-73
-50
-11
-15
30
66
61
14
-45
-123
-103
-41
-53
-3
72
91
104
60
-6
-53
-108
-123
-94
-29
12
57
-3
-77
-90
-106
-100
-50
-18
-2
19
12
-1
-45
-106
-135
-142
-77
-31
10
30
24
-16
-64
-38
-34
-10
22
5
29
-8
-8
37
51
55
69
80
87
116
55
52
49
44
53
37
58
45
21
6
-41
-17
14
5
17
29
6
43
14
-7
11
-7
-28
-33
-9
-26
-45
-58
-66
-70
-47
-35
-11
8
3
-23
-35
-6
7
24
41
63
47
16
-17
-52
-56
-52
-15
47
60
54
36
13
-2
64
70
70
83
31
40
62
20
13
-5
-52
-10
17
49
67
63
24
16
-2
-32
-17
-2
10
16
12
35
22
-31
-43
-52
-35
-22
1
39
47
3
23
-28
-54
-31
-67
-78
-97
-87
-95
-72
-39
-38
-43
-44
-13
8
17
4
-9
3
12
-4
-38
-87
-107
-89
-35
3
25
21
9
-16
-3
28
2
43
13
2
0
-4
22
22
37
34
0
33
40
48
56
66
71
38
48
8
-5
44
49
64
45
26
2
-29
-1
-4
12
52
62
57
35
-11
-44
-60
-66
-42
4
1
-10
-10
-44
-95
-86
-59
-27
35
57
66
61
8
-6
-38
-70
-74
-68
-85
-90
-73
-69
-59
-37
-77
-85
-48
-41
1
-12
-28
-24
-21
-4
48
10
-31
-8
-49
-25
-14
52
49
39
53
61
102
109
136
82
62
71
28
39
43
19
26
47
44
26
43
23
19
49
85
106
119
108
64
33
6
45
82
99
106
85
32
-32
-49
-50
-38
-41
-59
-44
-59
-50
-31
-50
-58
-53
-75
-64
-47
-59
-94
-126
-96
-81
-54
-53
-53
-70
-78
-77
-65
-38
-42
-66
-50
-40
-28
2
6
19
-1
-32
-15
-4
-22
-48
-32
-37
3
31
79
47
51
69
50
52
39
84
67
86
96
110
120
109
79
-2
13
16
43
55
47
55
26
-9
-20
-4
3
18
29
38
23
28
20
-2
-39
-29
-29
-60
-71
-76
-61
-62
-43
-10
-45
-67
-75
-82
-91
-80
-57
-55
-56
-67
-75
-61
-70
-52
-38
-67
-39
-24
-47
-47
-19
6
34
71
72
63
16
2
10
14
58
91
98
68
46
35
2
-1
-3
-3
27
78
110
125
95
63
18
9
-12
29
34
23
57
34
42
60
94
60
22
6
-19
-49
-25
-47
-9
-1
-1
8
-44
-55
-65
-18
5
35
35
17
7
-13
3
-17
-4
-23
-15
-43
-56
-49
-29
-19
-26
-11
-42
-38
-49
-31
-17
11
49
38
28
5
-22
-35
-29
4
45
58
47
9
-9
-13
-1
25
45
37
47
59
41
11
4
-24
-24
-58
-41
-25
-14
-47
-54
-97
-81
-43
-9
4
-18
-2
-60
-57
-51
-69
-84
-87
-125
-91
-84
-77
-38
-63
-61
-59
0
4
-12
-25
-49
-56
-47
17
58
69
62
61
75
114
107
120
144
137
144
113
109
87
73
72
54
42
63
36
-27
-25
-23
14
50
86
56
33
-7
-26
-16
-16
-4
10
23
5
33
29
31
42
4
19
74
92
93
51
-17
-75
-65
-60
3
20
9
-24
-68
-119
-101
-42
-56
-42
-84
-54
-47
-7
-31
-26
-54
-42
-66
-102
-84
-121
-104
-100
-75
-40
-17
-14
-40
-83
-72
-51
-55
-12
9
-12
-10
-32
-6
-10
-4
12
35
43
73
113
119
147
124
93
85
74
75
79
61
74
45
41
54
65
61
74
84
57
37
40
34
22
18
5
-19
-32
-39
-41
-52
-41
-7
16
-9
-11
-17
-37
-51
-56
-63
-75
-57
-64
-54
-23
-24
-31
-31
-51
-40
-44
-32
-34
-47
-32
1
-16
-15
-15
-56
-30
-42
-15
1
6
-31
-49
-6
-19
-25
-27
-22
-5
5
32
29
-18
4
33
54
102
98
89
42
-12
-38
-32
-4
12
30
48
85
99
90
76
78
80
51
81
40
27
62
14
63
61
61
56
8
-36
-60
-21
5
65
58
34
-29
-72
-58
-31
-20
4
-34
-76
-147
-177
-138
-130
-57
-64
-23
-7
-59
-72
-49
-43
-53
-49
-25
-67
-67
-73
-63
-42
-59
-62
-75
-19
8
43
11
20
-14
-43
-2
-36
50
66
49
65
48
35
39
67
125
122
129
85
60
6
-8
19
87
162
180
148
119
115
58
58
71
92
38
22
26
-27
-15
17
22
34
5
-12
-45
-49
-10
7
50
51
25
-31
-59
-85
-93
-86
-76
-62
-66
-63
-87
-101
-86
-51
-77
-74
-65
-80
-52
-94
-56
-45
-42
-27
-51
-41
-30
5
-17
-27
-21
-49
-73
-48
-22
3
34
49
88
44
57
24
15
77
48
29
-6
-9
-5
-1
-25
-3
77
50
59
102
82
1
-68
-138
-130
-49
32
37
56
5
-72
-63
-69
-19
-22
-20
-29
9
10
54
82
42
-4
-53
-67
-18
41
46
83
50
69
67
77
50
80
74
67
113
120
89
36
10
1
42
60
49
5
-30
-35
-12
54
108
122
59
-8
-33
-78
-51
-50
-38
12
19
-13
-32
-48
-94
-130
-97
-69
-19
-43
-23
9
18
24
19
20
-26
-38
-52
-63
-55
-79
-114
-116
-139
-79
-75
-59
-70
-63
-47
-28
-17
44
32
13
25
-2
-26
-46
-51
-71
-43
-12
2
20
22
6
45
53
65
119
117
101
104
74
68
72
16
27
38
21
12
59
71
119
116
112
94
30
39
62
78
69
67
54
43
2
-16
-14
-24
-11
8
-1
-33
-17
-36
-32
14
2
2
-15
-10
-3
-50
-15
-37
-60
-55
-53
-34
-52
-63
-63
-61
-77
-71
-82
-58
-23
-18
-19
-47
-68
-94
-98
-67
-68
-59
-34
-52
-56
-40
-50
-31
-22
-32
-30
-26
-36
-14
-21
-41
5
-4
-50
-60
-40
-38
-11
26
36
23
11
59
54
41
29
17
-23
1
33
55
61
44
51
26
4
-5
14
-26
13
12
16
48
37
26
8
-7
21
66
73
63
49
54
3
29
36
33
78
94
120
110
112
125
89
40
55
52
56
119
134
127
91
76
75
55
109
120
108
108
105
61
29
22
-23
-29
3
1
1
1
-18
-33
-44
-68
-80
-55
-56
-67
-77
-79
-85
-72
-63
-54
-81
-67
-95
-97
-93
-114
-121
-135
-158
-159
-133
-100
-64
-105
-128
-160
-130
-107
-82
-78
-66
-86
-117
-125
-122
-96
-139
-132
-140
-133
-99
-57
-68
-76
-88
-73
-78
-57
4
-13
-21
-30
-60
-61
-30
-15
4
-13
21
8
7
7
12
16
18
65
69
53
57
58
53
79
137
189
210
250
275
273
290
324
301
296
300
310
317
346
342
366
368
329
310
297
314
304
341
327
326
294
242
188
133
101
55
72
80
100
107
75
40
-14
-97
-163
-193
-241
-223
-213
-233
-266
-300
-355
-390
-394
-406
-385
-398
-396
-412
-455
-441
-502
-530
-512
-516
-535
-538
-537
-567
-578
-548
-509
-501
-454
-414
-400
-409
-412
-381
-334
-264
-208
-154
-138
-130
-144
-128
-90
-8
51
144
206
259
283
301
343
328
370
424
472
491
519
496
509
477
499
538
512
514
535
535
557
612
669
735
739
750
767
703
608
566
516
510
535
607
687
671
667
607
552
469
447
429
380
399
338
261
228
151
55
-17
-73
-112
-152
-176
-258
-332
-379
-483
-541
-600
-676
-718
-772
-809
-832
-863
-845
-829
-814
-829
-825
-887
-959
-984
-977
-953
-910
-867
-839
-844
-876
-850
-858
-868
-834
-786
-756
-682
-599
-533
-519
-493
-471
-464
-385
-323
-237
-180
-108
-45
10
121
206
268
306
389
447
494
594
698
739
774
798
827
769
724
721
746
785
843
930
930
925
946
933
838
706
552
441
446
650
873
968
969
802
557
420
455
577
696
798
870
866
862
835
746
648
562
572
631
708
705
576
407
243
160
129
150
85
-7
-149
-329
-463
-572
-651
-766
-875
-909
-937
-934
-919
-999
-1060
-1089
-1114
-1058
-978
-955
-984
-986
-1009
-987
-973
-942
-911
-938
-912
-862
-820
-811
-807
-833
-852
-792
-752
-744
-757
-788
-784
-765
-715
-621
-609
-640
-639
-585
-524
-433
-335
-303
-221
-63
100
207
265
320
340
366
575
773
865
887
886
883
862
950
1078
1120
1089
1090
1117
1073
994
950
895
829
814
915
1040
1017
898
569
203
-3
77
355
655
861
832
579
247
126
182
316
498
692
767
800
814
765
589
435
419
514
656
807
862
734
523
358
326
337
327
227
-45
-319
-478
-499
-480
-461
-429
-549
-769
-931
-963
-1094
-1200
-1098
-998
-1005
-967
-868
-967
-1176
-1215
-1108
-1098
-1068
-916
-876
-979
-952
-829
-827
-816
-776
-750
-796
-789
-758
-776
-807
-852
-795
-725
-636
-558
-607
-645
-660
-582
-449
-302
-146
-90
-73
-17
108
210
242
287
398
491
650
817
890
830
776
766
832
947
1062
1145
1143
1135
1176
1163
1076
984
866
715
720
788
839
844
845
802
665
367
14
-243
-256
10
309
585
630
337
-112
-372
-358
-188
38
296
426
406
354
379
315
199
217
352
568
752
907
892
691
501
421
447
543
620
609
476
215
-66
-283
-449
-477
-444
-272
-221
-402
-634
-812
-992
-1069
-905
-721
-651
-700
-756
-889
-1056
-1074
-983
-905
-804
-652
-581
-664
-710
-709
-735
-703
-593
-477
-487
-577
-677
-759
-821
-772
-650
-543
-521
-529
-624
-715
-735
-672
-562
-431
-299
-259
-271
-345
-355
-340
-287
-135
28
123
185
216
233
251
306
476
585
612
695
758
816
850
894
901
818
801
863
887
841
827
871
867
906
878
585
115
-162
-57
197
539
865
862
387
-78
-146
-11
165
465
712
698
635
696
833
730
570
617
748
934
1157
1329
1266
1053
903
922
1028
1093
1016
749
395
246
285
314
338
245
-43
-351
-438
-519
-711
-777
-743
-808
-870
-758
-754
-1047
-1354
-1370
-1292
-1319
-1178
-1053
-1208
-1382
-1294
-1113
-1088
-1128
-1129
-1192
-1266
-1175
-1033
-1035
-1083
-1115
-1071
-985
-899
-833
-848
-911
-904
-786
-663
-572
-549
-573
-639
-598
-492
-367
-276
-259
-201
-109
21
148
209
244
301
370
506
674
767
817
844
842
901
1020
1109
1157
1202
1220
1240
1243
1195
1088
1022
993
1015
1028
877
515
172
115
273
501
739
805
521
126
-44
51
218
356
548
584
496
469
601
628
524
503
633
819
999
1214
1279
1136
949
894
924
925
816
749
696
625
595
581
435
84
-213
-289
-286
-333
-368
-471
-715
-944
-977
-885
-916
-1030
-1134
-1233
-1319
-1294
-1253
-1271
-1357
-1363
-1271
-1181
-1130
-1158
-1298
-1420
-1404
-1290
-1083
-927
-922
-1006
-1057
-1020
-1030
-1024
-939
-886
-870
-797
-688
-715
-793
-785
-697
-584
-458
-319
-289
-312
-339
-227
-51
85
173
237
305
370
439
574
720
722
734
893
1056
1094
1202
1252
1169
1062
1105
1225
1191
1171
1174
1143
1097
1092
977
628
294
164
284
524
791
926
728
295
-58
-115
-4
186
444
622
587
527
595
637
516
442
543
716
943
1212
1385
1352
1162
1031
975
942
908
806
661
524
474
458
454
335
33
-195
-330
-414
-515
-551
-632
-829
-966
-970
-987
-1160
-1279
-1360
-1435
-1480
-1391
-1278
-1290
-1365
-1319
-1233
-1184
-1082
-1084
-1131
-1234
-1195
-1142
-1106
-1072
-1100
-1124
-1121
-1052
-994
-913
-915
-937
-934
-873
-782
-695
-590
-574
-544
-459
-385
-332
-287
-262
-201
-93
126
250
345
435
472
516
577
692
798
907
1034
1183
1203
1208
1178
1114
1011
974
1051
1072
1098
1114
1129
1127
1106
1062
969
791
558
341
233
352
459
536
575
415
166
-32
-58
44
203
381
521
580
549
546
537
494
501
601
761
906
1006
1055
998
887
830
842
871
838
726
579
432
327
325
371
262
78
-90
-316
-558
-682
-670
-764
-840
-785
-810
-997
-1151
-1190
-1258
-1320
-1205
-1042
-1013
-1092
-1099
-1110
-1201
-1232
-1121
-1074
-1123
-1112
-1064
-1093
-1141
-1119
-1109
-1108
-1073
-1011
-973
-1046
-1046
-982
-943
-848
-763
-658
-650
-622
-632
-666
-692
-600
-439
-250
-42
123
182
149
229
293
453
664
748
721
692
835
889
927
1095
1233
1254
1221
1245
1195
1085
1019
1040
1061
1014
1036
1063
1003
818
727
737
635
490
467
533
418
353
397
394
281
214
345
364
378
485
602
613
568
624
697
700
730
790
877
907
934
988
987
931
874
842
768
695
557
431
248
9
-155
-147
-95
-190
-270
-327
-551
-890
-973
-880
-970
-1075
-964
-864
-1058
-1182
-1079
-1140
-1408
-1380
-1148
-1093
-1137
-1009
-915
-1147
-1214
-1055
-980
-1095
-1090
-1006
-1019
-1046
-999
-1105
-1384
-1310
-1141
-1093
-983
-688
-646
-803
-677
-545
-497
-449
-285
-376
-486
-257
-89
-151
-237
-63
-10
5
287
572
589
488
583
643
640
811
1137
1292
1199
1274
1355
1324
1281
1341
1397
1247
1174
1193
1062
782
600
525
309
121
41
-71
-200
-294
-211
-87
70
269
397
410
402
483
655
919
1220
1484
1676
1804
1878
1822
1751
1711
1647
1608
1601
1615
1442
1175
845
494
130
-192
-428
-698
-1114
-1596
-1952
-1982
-1771
-1566
-1455
-1313
-1230
-1341
-1238
-824
-477
-377
-218
66
81
6
122
175
-110
-211
7
114
-54
-207
-386
-716
-958
-961
-1007
-1240
-1479
-1743
-2012
-2133
-2070
-2054
-2066
-2019
-1926
-1918
-1849
-1698
-1535
-1221
-674
-86
138
121
52
37
147
484
924
1118
1053
935
927
1000
1100
1084
907
764
707
730
809
865
664
288
59
87
152
133
204
214
-63
-290
-268
-256
-481
-514
-198
143
359
632
859
893
940
1149
1563
1975
2240
2360
2338
2300
2274
2297
2276
2149
2012
1898
1728
1519
1282
941
544
187
-88
-291
-524
-823
-1204
-1636
-1879
-1834
-1570
-1358
-1287
-1255
-1140
-905
-527
-11
496
786
847
934
1070
1099
948
800
663
404
158
36
-247
-819
-1352
-1654
-1831
-1977
-2033
-2117
-2367
-2613
-2616
-2445
-2282
-2106
-1901
-1751
-1524
-1263
-983
-866
-793
-655
-291
171
417
506
450
349
200
336
613
619
254
-69
-188
-228
-165
-84
-152
-434
-599
-499
-408
-403
-395
-293
-179
90
512
822
902
860
854
841
863
856
594
-266
-1368
-1662
-886
272
1137
1746
1843
1026
-43
-177
790
1854
2587
3150
3356
3007
2495
2226
2000
1754
1739
2084
2440
2491
2202
1517
638
-97
-324
-171
30
-100
-758
-1645
-2202
-2082
-1564
-1007
-682
-729
-927
-1026
-665
41
815
1319
1470
1553
1495
1302
1009
656
312
22
-126
-265
-630
-1314
-2095
-2669
-2867
-2804
-2611
-2558
-2772
-2986
-2989
-2725
-2373
-1929
-1552
-1364
-1184
-846
-487
-259
-117
-35
117
352
579
682
622
456
297
186
228
247
55
-400
-832
-1068
-1145
-1124
-866
-630
-802
-981
-893
-635
-565
-312
190
573
732
1045
1463
1478
1280
1228
1236
1004
534
-468
-1852
-2547
-1833
-327
986
1806
1882
866
-445
-682
440
1953
3119
3829
3909
3491
2958
2611
2292
2015
2010
2343
2796
2978
2661
1814
691
-288
-630
-376
-45
-124
-792
-1675
-2400
-2578
-2084
-1228
-476
-384
-660
-653
-258
285
1119
2101
2516
2101
1629
1382
851
235
130
213
-232
-813
-1147
-1750
-2782
-3457
-3461
-3226
-3045
-2825
-2693
-2848
-2989
-2811
-2381
-1838
-1262
-824
-505
-207
110
360
489
571
626
785
978
976
647
201
-102
-258
-246
-84
-198
-776
-1458
-1859
-1852
-1596
-1049
-559
-454
-529
-602
-500
-315
57
596
1150
1607
1848
1883
1704
1464
1312
1194
913
209
-1264
-3031
-3752
-2927
-1211
222
1109
1182
88
-1163
-1300
33
1773
3097
3915
4189
3986
3530
3081
2679
2417
2356
2708
3143
3236
2796
1802
531
-592
-1087
-902
-515
-404
-812
-1606
-2527
-3167
-2986
-2213
-1228
-395
276
693
796
1089
1655
2363
2843
3079
3117
2740
1901
981
336
-204
-752
-1155
-1437
-2012
-2894
-3636
-3958
-3947
-3737
-3366
-2973
-2774
-2712
-2611
-2389
-2016
-1475
-822
-148
507
991
1264
1268
1176
1119
1204
1293
1158
817
340
-113
-486
-750
-866
-1040
-1407
-1868
-2169
-2144
-1890
-1490
-1029
-610
-482
-392
-113
326
696
1051
1578
1981
2085
2120
2164
2066
1794
1491
928
-304
-2265
-3939
-4336
-3336
-1549
131
1115
835
-531
-1863
-1919
-489
1436
3150
4304
4642
4244
3479
2821
2369
2198
2387
2946
3486
3542
2919
1715
238
-985
-1514
-1251
-708
-477
-742
-1357
-2127
-2884
-3197
-2738
-1726
-664
74
685
1125
1364
1686
2431
3275
3590
3480
3025
2092
896
59
-315
-831
-1470
-1908
-2395
-3261
-4082
-4351
-4282
-4085
-3597
-2888
-2317
-2010
-1851
-1769
-1569
-1061
-387
321
956
1440
1573
1435
1224
1179
1191
1116
1036
791
212
-529
-1078
-1425
-1688
-1814
-1757
-1808
-2100
-2243
-1946
-1408
-853
-259
378
617
617
844
1413
1995
2339
2661
2888
2714
2327
2088
2003
1463
216
-1702
-3936
-5226
-4814
-2931
-813
711
1131
47
-1667
-2494
-1517
530
2573
4110
4864
4786
4112
3355
2736
2343
2243
2563
3155
3512
3279
2288
697
-987
-2124
-2362
-1886
-1356
-1260
-1663
-2466
-3121
-3287
-2793
-1854
-779
326
1058
1430
1768
2363
2967
3330
3604
3725
3300
2349
1250
267
-647
-1380
-1797
-2087
-2566
-3162
-3751
-4292
-4532
-4348
-3828
-3195
-2539
-1872
-1391
-1117
-894
-594
-158
357
1004
1610
1994
2015
1737
1299
901
745
659
414
3
-464
-1155
-1749
-1953
-1949
-2003
-2024
-2084
-2272
-2323
-2000
-1290
-612
160
862
1406
1643
1770
2100
2395
2795
3147
3317
3081
2400
1722
1186
685
-277
-1950
-4093
-5686
-5721
-4217
-1897
109
1131
537
-1007
-1905
-1306
662
2920
4803
5802
5834
5162
4159
3237
2531
2170
2164
2514
2816
2652
1782
236
-1482
-2854
-3276
-2869
-2147
-1675
-1738
-2222
-2754
-3044
-2840
-2015
-887
257
1090
1841
2553
3086
3521
3734
3765
3421
2849
2135
1148
127
-815
-1642
-2448
-3021
-3378
-3784
-4337
-4700
-4709
-4488
-3999
-3231
-2293
-1469
-923
-535
-242
44
406
911
1445
2003
2415
2400
1941
1384
896
432
103
-139
-394
-876
-1430
-1909
-2205
-2358
-2404
-2311
-2243
-2095
-1884
-1355
-676
100
826
1352
1731
1958
2223
2585
3015
3289
3322
3078
2687
2148
1564
1032
65
-1720
-4311
-6247
-6442
-4962
-2542
-204
1344
1151
-471
-1790
-1462
512
2911
4980
6343
6552
5736
4466
3370
2494
1855
1597
1858
2222
2261
1698
371
-1433
-3188
-4057
-3848
-2956
-2037
-1566
-1822
-2574
-3135
-2890
-1927
-768
607
1973
2830
3113
3402
3848
3817
3382
3161
3068
2437
1310
182
-1080
-2524
-3617
-3948
-3938
-4132
-4391
-4649
-4795
-4694
-4140
-3292
-2296
-1222
-324
303
627
805
862
982
1376
1988
2579
2822
2574
1732
692
42
-272
-491
-730
-1021
-1479
-2175
-2684
-2750
-2622
-2499
-2245
-1905
-1615
-1299
-719
17
618
1191
1842
2350
2722
2991
3386
3597
3384
2866
2144
1335
653
50
-750
-2190
-4364
-6112
-6450
-5092
-2838
-543
1175
1319
124
-961
-627
1165
3240
5037
6216
6431
5705
4554
3608
2839
2158
1749
1711
1829
1793
1301
178
-1433
-3008
-3953
-4017
-3264
-2168
-1337
-1156
-1396
-1705
-1629
-1160
-258
1062
2492
3547
4041
4316
4250
3690
2938
2533
2288
1628
716
-290
-1579
-2950
-3906
-4251
-4406
-4539
-4522
-4468
-4443
-4266
-3772
-3178
-2489
-1582
-585
196
622
766
688
632
874
1379
1944
2246
2106
1439
452
-417
-920
-1182
-1306
-1390
-1564
-1990
-2451
-2856
-3147
-3177
-2834
-2116
-1400
-528
303
952
1325
1539
1996
2371
2797
3112
3433
3572
3223
2694
2024
1376
622
-488
-2147
-4558
-6485
-6751
-5171
-2646
-98
1701
1723
253
-1123
-907
881
3280
5417
6667
6833
6101
4928
3767
2801
2055
1529
1331
1364
1386
1133
235
-1263
-2896
-3965
-4114
-3479
-2432
-1386
-719
-567
-661
-528
189
1345
2533
3262
3062
2154
1450
1516
2220
3177
3967
3842
2219
-45
-1746
-2604
-2954
-2857
-2560
-2752
-3486
-4054
-4358
-4665
-4790
-4423
-3716
-2908
-1931
-961
-341
-113
19
279
714
1288
1734
1840
1537
1081
674
303
-16
-251
-599
-1081
-1700
-2299
-2655
-2827
-2718
-2487
-2144
-1736
-1368
-1149
-794
-167
525
1067
1455
1901
2172
2225
2515
3007
3367
3370
3072
2593
1802
1021
137
-1397
-3818
-6103
-6768
-5582
-3259
-677
1494
2058
719
-944
-1081
620
2988
5214
6774
7133
6330
4974
3717
2667
1821
1221
947
908
856
700
55
-1179
-2691
-3841
-4094
-3480
-2346
-1162
-191
249
141
-124
126
984
1890
2483
2563
2227
1791
1840
2583
3327
3617
3255
2058
332
-1195
-1928
-2177
-2345
-2583
-2915
-3379
-3923
-4356
-4581
-4534
-4264
-3710
-2910
-1949
-1135
-673
-452
-298
-106
231
679
1159
1467
1515
1273
1022
696
166
-336
-770
-1136
-1707
-2251
-2620
-2774
-2742
-2523
-2161
-1891
-1743
-1638
-1305
-707
300
1481
2416
2864
2800
2400
1961
1827
2168
2689
3114
3059
2513
1512
-139
-2454
-5387
-7232
-6963
-4715
-1653
1096
2828
2410
311
-1496
-1246
1086
3976
6398
7688
7471
6054
4239
2753
1787
1301
1123
1155
1127
947
410
-736
-2250
-3677
-4300
-3985
-2960
-1633
-494
181
201
-60
-142
423
1660
3026
3995
3745
2604
1236
512
731
1543
2679
3044
2077
216
-1597
-2794
-3329
-3170
-2643
-2349
-2422
-2719
-3228
-3826
-4255
-4239
-3705
-2794
-1682
-742
-372
-485
-782
-858
-612
-9
820
1433
1617
1484
1154
656
148
-184
-365
-726
-1222
-1706
-2247
-2698
-2766
-2344
-1910
-1699
-1530
-1392
-1222
-628
485
1717
2461
2801
2745
2355
1972
1797
2001
2211
2341
2361
2125
1255
-816
-4081
-6993
-7949
-6470
-3312
329
3119
3540
1590
-925
-1857
-456
2382
5383
7459
7875
6813
4989
3127
1723
856
544
568
715
830
667
-149
-1647
-3359
-4480
-4531
-3623
-2118
-604
370
571
211
33
514
1698
3044
3988
4189
3351
2147
1307
1158
1447
1866
2034
1511
308
-1081
-2136
-2833
-3157
-3061
-2613
-2191
-1978
-2093
-2544
-3133
-3559
-3548
-2985
-2072
-1172
-605
-515
-686
-856
-771
-363
165
681
1073
1313
1315
1082
713
270
-152
-541
-915
-1297
-1695
-2119
-2461
-2590
-2477
-2112
-1711
-1314
-932
-570
-40
728
1554
2191
2515
2558
2308
1787
1475
1420
1580
1732
1772
1506
420
-1693
-4685
-7027
-7313
-5374
-2156
981
3217
3284
1382
-759
-1299
288
2850
5400
7131
7516
6494
4563
2643
1144
172
-274
-66
445
735
570
-375
-1917
-3685
-4695
-4486
-3236
-1381
297
1349
1418
888
473
801
1621
2585
3462
3865
3439
2327
1542
1223
984
832
994
999
199
-892
-1637
-2217
-2796
-2894
-2350
-1938
-2040
-2334
-2563
-2976
-3315
-3127
-2496
-1761
-1173
-698
-552
-640
-809
-784
-464
36
647
1119
1358
1317
981
494
63
-199
-479
-822
-1115
-1393
-1807
-2222
-2247
-2027
-1751
-1520
-1236
-893
-502
169
1012
1825
2349
2389
2174
2003
1886
1857
1950
2013
1717
1161
484
-631
-2846
-5563
-6988
-6461
-4314
-1485
1490
3303
2742
760
-755
-311
1620
4067
6230
7284
6869
5199
3182
1522
424
-136
-274
-82
155
186
-201
-1111
-2430
-3721
-4191
-3681
-2427
-873
645
1597
1672
1094
720
1087
1892
2632
2818
2798
2562
2098
1765
1755
1809
1166
169
-539
-956
-1305
-1632
-1669
-1878
-2330
-2486
-2167
-2007
-2358
-2663
-2692
-2674
-2603
-2084
-1353
-1041
-1096
-1128
-977
-797
-535
-83
395
827
1117
1286
1234
883
328
-149
-360
-424
-567
-796
-1100
-1516
-2023
-2244
-2020
-1692
-1517
-1238
-718
-212
520
1453
2297
2523
2412
2230
1945
1608
1415
1547
1607
1389
1126
523
-878
-3366
-6024
-7209
-6455
-3909
-672
2309
3705
2771
756
-550
-8
2050
4516
6478
7281
6622
4881
2817
1154
58
-571
-756
-544
-240
-161
-611
-1538
-2822
-4018
-4331
-3657
-2166
-431
1042
1845
1738
1137
800
1241
2259
3317
3554
2921
1939
1063
825
1003
1557
1581
500
-882
-1824
-2073
-1994
-1603
-1211
-1287
-1714
-1844
-1784
-2043
-2451
-2655
-2529
-2332
-1882
-1180
-791
-977
-1386
-1464
-1090
-488
274
930
1200
1204
1060
861
604
354
132
-150
-431
-637
-892
-1259
-1572
-1804
-1969
-2073
-1878
-1578
-1270
-777
2
894
1667
2316
2715
2573
2009
1725
1629
1692
1746
1946
1963
1416
482
-859
-2752
-5177
-6859
-6738
-4806
-1963
894
2946
3174
1717
-6
-381
1016
3189
5442
6916
7072
5773
3548
1537
79
-711
-1030
-795
-382
-279
-628
-1482
-2584
-3793
-4347
-3961
-2664
-970
580
1646
1839
1451
1046
1081
1789
2784
3879
4165
3338
1587
-386
-1460
-1610
-680
565
1384
1205
-149
-1653
-2448
-2362
-1666
-735
63
45
-844
-1827
-2535
-3111
-3338
-2944
-2150
-1424
-1060
-808
-791
-929
-779
-84
1037
2049
2634
2535
1826
820
-42
-483
-530
-335
-263
-611
-1337
-2032
-2570
-2796
-2573
-1966
-1285
-825
-422
-15
565
1194
1803
2283
2367
2240
1917
1761
1719
1879
2073
1921
1545
575
-973
-3325
-5980
-7464
-7176
-4862
-1795
1093
2863
2612
985
-578
-366
1514
4039
6302
7515
7307
5719
3611
1657
250
-583
-900
-801
-614
-512
-823
-1613
-2792
-3956
-4419
-4076
-2792
-1074
586
1634
1736
1439
1011
1056
1392
2081
3032
3647
3604
2715
1354
42
-926
-1043
-374
520
932
332
-875
-2034
-2614
-2435
-1684
-819
-516
-977
-1642
-2156
-2568
-2745
-2521
-1943
-1371
-970
-563
-361
-455
-627
-439
277
1148
1963
2453
2258
1468
452
-333
-713
-788
-731
-793
-1181
-1809
-2417
-2818
-2830
-2514
-1834
-1029
-269
451
1111
1778
2241
2545
2507
2288
2033
1693
1622
1649
1935
1831
1364
181
-1897
-4746
-7333
-7958
-6428
-3297
114
2707
3403
1834
-287
-1168
61
2657
5384
7433
7887
6788
4673
2573
990
-88
-598
-699
-494
-380
-484
-1093
-2291
-3663
-4635
-4670
-3750
-2026
-163
1230
1839
1651
1395
1360
1866
2445
3362
4132
4254
3162
1268
-181
-1510
-2096
-1692
-276
828
442
-493
-1523
-2423
-2771
-1950
-460
248
24
-567
-1321
-2433
-3227
-3303
-2903
-2389
-1922
-1225
-874
-842
-840
-618
18
946
1984
2606
2563
1932
954
20
-609
-833
-822
-835
-1052
-1514
-2116
-2613
-2758
-2545
-1937
-1084
-260
351
831
1174
1635
2078
2375
2374
2059
1762
1489
1379
1613
1791
1681
1205
-127
-2111
-4936
-7156
-7432
-5670
-2509
587
2913
3323
1630
-367
-920
679
3374
5950
7640
7865
6568
4473
2433
878
-35
-575
-663
-505
-407
-604
-1422
-2646
-3970
-4731
-4449
-3221
-1406
259
1416
1769
1575
1328
1529
2155
2824
3108
2949
2432
1372
392
-75
-31
28
-54
22
-269
-1103
-1867
-2103
-1974
-1734
-1182
-535
-480
-1211
-2050
-2691
-3132
-3276
-2871
-2093
-1464
-1205
-1174
-1194
-1168
-947
-401
456
1334
1929
2056
1731
1128
515
-5
-312
-393
-512
-825
-1290
-1726
-2093
-2299
-2207
-1856
-1337
-855
-351
228
803
1363
1998
2615
2982
3044
2846
2365
1771
1496
1397
1311
1204
422
-1034
-3734
-6491
-7593
-6719
-3786
-470
2415
3722
2621
663
-591
258
2657
5290
7354
7943
7022
5089
2983
1241
121
-626
-909
-848
-714
-576
-1074
-2057
-3478
-4758
-5088
-4310
-2538
-573
1030
1824
1758
1362
1175
1497
2160
2681
2974
2528
1373
251
-283
-213
-1
414
694
51
-1093
-1932
-2202
-2188
-1912
-1009
-419
-572
-1122
-1726
-2481
-3328
-3634
-3295
-2601
-1935
-1179
-682
-688
-958
-934
-493
127
994
1786
2202
2069
1599
1066
477
96
-86
-224
-458
-749
-1139
-1564
-1754
-1763
-1577
-1291
-640
-95
299
807
1415
2030
2364
2648
2766
2584
2216
1818
1520
1172
989
348
-876
-3206
-5946
-7195
-6703
-4105
-885
2076
3629
2602
592
-836
-151
2161
4859
7182
7996
7265
5319
3141
1376
233
-533
-820
-748
-698
-611
-1017
-1891
-3289
-4719
-5330
-4931
-3424
-1473
328
1453
1570
1252
885
1121
1900
2722
2998
2458
1670
939
616
541
844
948
280
-818
-1747
-2177
-2356
-2188
-1800
-1403
-1118
-923
-701
-834
-1274
-1920
-2468
-2585
-2317
-1712
-1124
-836
-904
-1223
-1494
-1510
-1055
-315
512
1288
1924
2193
1929
1406
776
186
-212
-407
-417
-601
-934
-1223
-1327
-1255
-1056
-719
-441
-169
284
997
1862
2593
3102
3142
2617
2028
1564
1131
736
454
-83
-1424
-4036
-6281
-6861
-5456
-2704
258
2989
3796
2201
24
-968
360
2894
5509
7448
7837
6655
4468
2309
866
50
-374
-478
-462
-506
-714
-1365
-2377
-3722
-4843
-5113
-4506
-3028
-1309
232
1103
1244
1121
1214
1712
2485
3273
3639
3340
2351
1115
-132
-1050
-1312
-1048
-644
-553
-932
-1809
-2976
-3707
-3489
-2413
-1056
56
623
399
-396
-1323
-1966
-2243
-2163
-1813
-1371
-1120
-1104
-1286
-1761
-2125
-1923
-1098
34
1095
1913
2192
1691
848
256
46
92
233
445
394
0
-487
-698
-579
-283
116
608
959
1184
1342
1641
1993
2228
2333
2143
1576
830
256
65
-223
-986
-3002
-5475
-6725
-6107
-3357
-62
3044
4603
3505
1178
-686
-183
2135
4764
6965
7718
7026
5118
2918
1347
437
-172
-493
-565
-710
-920
-1502
-2336
-3503
-4747
-5255
-4882
-3560
-1910
-401
683
1003
838
613
1078
2102
3268
3952
3899
3173
1905
589
-673
-1188
-1048
-865
-1078
-1590
-2085
-2941
-3918
-4270
-3593
-2409
-1303
-346
285
244
-282
-813
-1014
-962
-853
-681
-525
-600
-1002
-1469
-1954
-2140
-1881
-1245
-411
288
785
880
649
302
168
260
462
689
690
558
368
306
349
613
1090
1483
1677
1674
1698
1667
1634
1681
1684
1279
610
-162
-574
-916
-1366
-2527
-4675
-6153
-6231
-4198
-1091
2176
4778
4865
2924
728
159
1617
3774
6018
7423
7313
5688
3394
1601
603
0
-398
-458
-503
-632
-1089
-1889
-2888
-4174
-4998
-5050
-4058
-2391
-760
536
1114
1126
934
984
1473
2338
3222
3794
3840
3315
2362
763
-881
-1826
-2017
-1741
-1586
-1475
-1950
-3143
-4290
-4657
-4035
-2969
-1740
-708
-244
-363
-688
-857
-886
-641
-302
1
59
-165
-576
-1271
-1901
-2185
-1947
-1328
-684
-315
-403
-824
-1203
-1314
-1144
-646
152
877
1109
1076
1141
1284
1372
1680
2256
2746
2874
2799
2743
2525
2300
1808
1045
68
-805
-1409
-2024
-2833
-4668
-6277
-6675
-5334
-2385
806
3898
5024
3811
1877
843
1872
3842
5969
7531
7839
6687
4584
2567
1154
241
-439
-542
-397
-275
-269
-771
-1717
-3348
-4876
-5485
-5098
-3650
-1840
-129
830
883
628
579
1239
1792
2549
3223
3483
3132
2232
1781
1074
65
-631
-976
-1296
-2052
-2676
-3069
-3712
-4199
-4076
-3473
-3047
-2703
-2139
-1513
-1503
-1633
-1375
-1005
-511
-63
554
850
577
87
-413
-667
-764
-720
-664
-885
-1354
-1987
-2485
-2503
-2148
-1741
-1317
-870
-304
298
818
1576
2285
2742
2966
3083
3320
3508
3541
3483
3219
2424
1441
394
-217
-851
-1908
-4107
-6583
-7868
-7301
-4719
-1292
2340
4473
3820
1697
67
601
2737
5351
7742
8792
8154
6135
3835
2089
1008
262
-60
-114
-94
-15
-363
-1099
-2401
-3963
-5046
-5332
-4484
-3020
-1442
-267
226
233
245
692
1682
2200
2469
2782
2906
2933
2590
2594
2087
718
-387
-922
-1122
-1692
-2335
-2680
-3485
-4203
-4154
-3539
-3152
-3121
-3059
-2750
-2652
-2449
-1669
-1007
-531
-308
64
452
499
582
582
481
337
340
299
-133
-847
-1697
-2329
-2737
-2738
-2461
-2095
-1765
-1463
-995
-154
972
1983
2722
3136
3348
3433
3483
3824
3976
3571
2409
1190
240
-890
-2517
-4975
-6408
-6753
-5602
-3353
-600
2054
2602
1439
60
-99
1431
3555
5810
7425
7753
6789
5231
3796
2712
1847
1121
773
437
371
314
-9
-723
-2044
-3275
-4188
-4337
-3601
-2501
-1283
-521
-254
-218
83
870
1769
2194
2398
2549
2477
2479
2339
2472
2071
1042
249
-271
-491
-984
-1577
-2182
-2990
-3532
-3466
-3018
-2810
-3030
-3217
-3255
-3459
-3392
-2811
-2088
-1480
-1061
-551
-143
-7
146
398
712
840
783
547
-174
-1158
-1754
-1804
-1521
-1284
-1372
-1625
-2028
-2231
-1904
-1043
74
1113
1715
2178
2450
2779
3123
2986
2726
1980
1398
690
-615
-2813
-4875
-5541
-4761
-2793
-186
2499
3580
2223
-3
-1176
-332
1626
4058
6384
7465
6851
4921
3098
2066
1457
1167
1328
1745
1871
1595
1001
294
-937
-2456
-3366
-3345
-2530
-1538
-586
51
-5
-549
-953
-357
806
2071
2266
1550
808
71
161
964
2641
3853
3117
1497
-98
-1394
-2375
-2596
-1850
-1336
-1437
-1564
-1792
-2375
-3163
-3884
-4156
-4110
-3591
-2442
-1564
-1101
-1005
-1106
-1256
-1295
-731
158
726
841
711
266
-486
-1163
-1363
-1288
-1243
-1114
-1088
-1402
-1609
-1540
-958
-138
675
1506
1787
1694
1587
1394
1295
994
809
943
537
-63
-1945
-3895
-4915
-4764
-2898
-502
2440
4320
3730
1997
328
271
1393
2988
4908
6137
6079
4921
3423
2291
1524
723
409
499
794
1205
1193
1036
197
-1259
-2590
-3367
-2943
-1892
-559
487
924
583
-200
-798
-663
382
1535
2219
2331
2212
1772
1127
927
1313
1574
1151
614
355
-159
-1000
-1703
-2135
-2738
-3198
-3027
-2398
-1859
-1780
-1963
-2322
-2795
-2991
-2620
-1934
-1331
-894
-645
-469
-382
-178
71
214
163
-83
-293
-492
-604
-712
-817
-773
-785
-965
-1142
-1066
-748
-434
-144
204
430
698
997
1134
1169
1129
1009
414
-820
-2750
-4136
-4384
-3322
-1113
1348
3432
3806
2176
131
-1025
-402
1295
3515
5622
6348
5599
3778
2056
1030
460
238
471
836
977
1024
907
669
-166
-1324
-2125
-2325
-1745
-863
231
1053
1055
465
-290
-434
49
736
1134
986
663
255
144
611
1590
2393
2284
1457
530
-152
-678
-684
-336
-205
-604
-1302
-1713
-2082
-2553
-2925
-3074
-3041
-2897
-2359
-1544
-895
-657
-671
-895
-1046
-1003
-722
-297
-82
99
101
-20
-66
-43
-52
-313
-523
-433
-209
-31
62
63
-166
-501
-703
-616
-376
-142
-69
-45
-261
-649
-1837
-3637
-4712
-4494
-2533
114
3122
5525
5512
3365
708
-590
-60
1298
3259
5046
5568
4546
2622
1104
307
-346
-578
-160
418
906
1039
1156
961
-89
-1403
-2294
-2249
-1650
-812
411
1296
1338
753
112
55
207
68
403
909
1310
1336
1349
1791
1648
897
188
-228
-607
-1093
-1044
-618
-504
-674
-699
-800
-1140
-1682
-2034
-2042
-2069
-1941
-1664
-1299
-954
-872
-853
-979
-1172
-1269
-1412
-1415
-1160
-677
-332
-171
-53
25
-64
-122
113
367
561
786
1030
1245
1233
1175
748
94
-465
-1138
-1535
-1544
-1046
-586
-815
-2227
-3832
-4898
-4690
-2896
6
3494
5671
5580
3914
2011
1137
1284
2384
4221
5616
5682
4540
2796
1316
13
-943
-1145
-930
-528
-118
279
625
224
-852
-2013
-2816
-2876
-2298
-923
589
1462
1237
275
-771
-1611
-1790
-914
855
2682
3834
4212
3625
2135
350
-851
-1205
-1126
-890
-799
-1023
-1757
-2639
-3207
-3346
-3139
-2632
-1936
-1264
-821
-704
-795
-865
-912
-880
-677
-338
-144
-358
-947
-1551
-1824
-1708
-1256
-460
317
619
431
142
38
48
375
1011
1716
1966
1823
1600
1324
873
599
509
399
381
97
-141
-1187
-2840
-4052
-4572
-3674
-2071
342
2863
3801
3290
2021
1190
1200
1776
3248
4965
5874
5765
4839
3726
2589
1124
110
-343
-423
-213
69
584
678
-161
-1466
-2771
-3517
-3699
-3159
-1748
-338
377
-143
-1486
-2566
-3013
-2394
-489
2248
4652
5254
4358
2781
967
-505
-1130
-669
4
111
-232
-860
-1915
-3251
-4364
-4697
-4236
-3247
-1887
-644
-79
-334
-1209
-2022
-2428
-2228
-1516
-792
-404
-393
-601
-964
-1150
-944
-397
252
704
950
933
751
385
33
-28
120
520
730
951
1077
990
826
645
616
774
830
918
629
-522
-1590
-2447
-2333
-1459
-114
1793
2816
2724
1923
1064
927
1091
1849
3181
4257
4832
4783
4368
3737
2537
1274
503
164
260
610
1284
1862
1481
380
-1106
-2299
-2998
-3213
-2442
-1469
-840
-1337
-2338
-2880
-2755
-1744
-125
1764
3096
2914
1946
1010
333
17
-26
212
313
-107
-719
-1409
-2192
-2933
-3508
-3524
-2997
-2120
-1142
-550
-488
-924
-1581
-2086
-2343
-2245
-1995
-1949
-2086
-2295
-2361
-2177
-1864
-1324
-769
-227
278
692
997
1197
1239
1149
920
700
563
395
345
237
236
339
637
1017
1359
1488
1303
657
-610
-1717
-2210
-1742
-446
1139
2913
3747
3324
2219
1173
937
1201
2064
3402
4549
5097
4904
4360
3741
2690
1515
779
494
658
987
1523
1999
1690
632
-683
-1728
-2371
-2425
-1763
-834
-620
-1423
-2673
-3331
-3105
-2011
-41
2024
2916
2331
1153
134
-471
-644
-290
103
-59
-701
-1383
-2055
-2851
-3617
-3980
-3818
-3241
-2317
-1173
-190
29
-423
-1204
-1997
-2646
-3053
-3054
-2743
-2354
-2125
-1943
-1836
-1921
-1999
-1838
-1327
-512
240
811
1121
1096
774
472
289
281
282
316
381
420
556
909
1417
1762
1850
1675
974
-311
-1474
-1885
-1227
-98
1408
3133
4044
3760
2731
1787
1400
1290
1811
3030
4338
5139
5193
4883
4272
2993
1587
771
573
769
1228
2063
2849
2702
1638
219
-1078
-1998
-2472
-2104
-1432
-1209
-1369
-1635
-1543
-1217
-624
245
759
756
429
108
2
-21
-26
-134
-469
-864
-1460
-2141
-2706
-3233
-3551
-3535
-3054
-2236
-1513
-1106
-1012
-1277
-1816
-2278
-2541
-2593
-2723
-2767
-2627
-2453
-2301
-2304
-2331
-2353
-2360
-2064
-1452
-691
44
540
743
724
537
290
37
-144
-102
21
311
672
1236
1791
2215
2404
2220
1802
1162
169
-785
-1198
-897
-74
832
1956
2975
3176
2653
1996
1731
1796
2034
2840
3967
4820
5049
4727
4239
3429
2274
1369
968
943
1108
1532
2185
2545
2201
1336
361
-670
-1685
-2763
-3305
-3058
-2334
-1251
35
1287
1748
1014
-173
-1029
-1500
-1358
-672
370
934
706
158
-777
-1933
-3076
-3917
-4031
-3602
-2691
-1520
-537
-173
-607
-1582
-2646
-3460
-3728
-3437
-2811
-2054
-1632
-1541
-1740
-2186
-2679
-2990
-2920
-2358
-1469
-590
183
594
494
11
-494
-828
-1007
-876
-574
-133
268
546
770
1045
1353
1713
2057
2214
2148
1579
401
-623
-1000
-573
489
1828
3248
3847
3298
2229
1276
916
960
1629
2823
3835
4322
4292
4012
3465
2621
1741
1207
992
1077
1622
2418
3039
3131
2563
1617
326
-912
-1717
-1825
-1304
-404
537
1166
1318
876
-64
-1103
-1732
-1862
-1535
-865
-102
407
337
-206
-1012
-1869
-2615
-3006
-2930
-2419
-1674
-1069
-675
-756
-1268
-1976
-2679
-3191
-3362
-3219
-2875
-2483
-2216
-1985
-1942
-2100
-2331
-2584
-2701
-2596
-2267
-1794
-1277
-899
-667
-580
-610
-780
-934
-1018
-1028
-973
-652
-147
353
771
1102
1438
1571
1609
1730
1969
2103
2122
1984
1720
1118
491
266
367
747
1332
1996
2443
2449
2288
2190
2190
2264
2482
2824
3110
3166
3018
2828
2492
2125
1817
1638
1643
1767
1997
2162
2183
2062
1639
1004
216
-494
-880
-1018
-683
-35
484
660
367
-149
-828
-1327
-1412
-1241
-921
-714
-618
-652
-888
-1254
-1643
-1975
-2117
-2051
-1759
-1343
-1051
-1074
-1377
-1812
-2220
-2535
-2712
-2714
-2680
-2625
-2656
-2623
-2524
-2498
-2527
-2570
-2519
-2381
-2102
-1732
-1350
-1010
-829
-927
-1148
-1331
-1458
-1442
-1254
-829
-209
302
725
1096
1391
1433
1356
1360
1496
1729
2030
2305
2383
2099
1463
723
63
-193
9
654
1510
2350
2951
3172
3084
2797
2389
2093
2006
2129
2413
2711
2941
3008
2815
2400
1879
1416
1204
1315
1570
1960
2245
2311
1732
642
-531
-1520
-1931
-1731
-877
255
1019
1069
666
-105
-893
-1518
-1722
-1529
-1240
-851
-517
-330
-528
-1142
-1877
-2503
-2822
-2740
-2218
-1473
-813
-588
-649
-1034
-1644
-2313
-2919
-3137
-3071
-2739
-2226
-1751
-1506
-1604
-1954
-2290
-2405
-2271
-1905
-1332
-799
-554
-622
-920
-1291
-1633
-1853
-1749
-1321
-719
-66
566
1038
1298
1288
1165
1150
1287
1498
1801
2141
2375
2404
2187
1862
1487
1072
786
704
773
994
1289
1615
1875
2025
2109
2010
1806
1640
1530
1576
1737
1991
2284
2455
2485
2399
2254
2011
1752
1560
1436
1297
1156
1014
643
19
-666
-1168
-1340
-1182
-643
81
467
487
165
-404
-989
-1413
-1544
-1408
-1102
-754
-496
-502
-724
-1226
-1798
-2215
-2247
-1940
-1459
-903
-471
-344
-570
-1055
-1576
-1981
-2326
-2441
-2280
-1991
-1796
-1653
-1487
-1333
-1322
-1374
-1375
-1334
-1319
-1365
-1256
-1022
-799
-684
-622
-559
-593
-711
-749
-576
-331
-24
339
736
1023
1173
1229
1213
1177
1094
1039
1074
1257
1353
1444
1470
1381
1243
1156
1157
1267
1472
1649
1739
1701
1527
1276
1014
849
816
878
1004
1198
1415
1573
1654
1672
1574
1396
1191
1043
1017
1079
1148
1082
912
584
207
-126
-359
-420
-408
-402
-374
-465
-540
-662
-761
-768
-751
-676
-672
-725
-846
-1064
-1257
-1398
-1461
-1463
-1410
-1322
-1290
-1156
-1021
-824
-663
-590
-629
-769
-965
-1156
-1328
-1431
-1457
-1399
-1207
-1136
-1007
-901
-964
-1047
-1140
-1194
-1160
-1055
-829
-564
-394
-346
-405
-423
-423
-336
-62
237
515
813
1038
1153
1156
1075
949
864
744
713
822
884
984
1087
1115
1056
1032
1044
997
945
940
956
949
910
970
1087
1258
1377
1465
1495
1426
1259
1059
977
926
1015
1128
1220
1152
959
598
179
-224
-460
-543
-477
-324
-187
-92
-174
-337
-575
-755
-859
-780
-595
-433
-320
-284
-404
-706
-1024
-1240
-1369
-1379
-1228
-998
-849
-816
-862
-940
-995
-1101
-1043
-997
-875
-753
-720
-586
-656
-668
-607
-702
-610
-614
-653
-576
-545
-416
-367
-355
-328
-346
-358
-369
-383
-312
-305
-234
-78
113
285
487
700
849
870
899
882
788
731
628
699
808
944
1064
1160
1150
1042
851
703
615
623
696
757
875
868
810
671
551
430
351
399
572
694
760
856
832
738
634
572
471
331
206
91
-6
-107
-154
-197
-323
-475
-600
-658
-733
-778
-695
-613
-624
-666
-662
-622
-752
-776
-770
-831
-915
-910
-784
-658
-543
-480
-424
-504
-648
-806
-890
-850
-736
-579
-435
-335
-330
-438
-613
-749
-757
-725
-578
-340
-52
214
379
390
275
24
-149
-244
-252
-130
55
288
494
632
620
567
531
523
572
787
1018
1131
1155
1101
916
732
637
563
470
554
559
565
648
587
471
421
364
349
376
464
592
645
671
642
526
399
306
210
184
171
211
246
216
166
-22
-210
-391
-532
-528
-461
-369
-349
-345
-402
-468
-579
-588
-531
-496
-518
-546
-588
-667
-705
-734
-737
-728
-721
-721
-668
-656
-739
-765
-764
-707
-645
-499
-359
-232
-253
-267
-216
-244
-315
-317
-233
-153
-166
-161
-112
-192
-246
-251
-185
-114
-92
-117
-101
-90
-79
34
142
281
396
405
421
409
458
519
597
749
913
963
973
904
850
807
729
691
637
638
645
651
641
568
475
394
279
185
166
232
380
550
671
766
774
710
627
529
491
446
493
492
410
360
211
20
-166
-416
-530
-581
-607
-511
-464
-407
-382
-430
-506
-533
-630
-647
-628
-652
-661
-614
-555
-546
-525
-546
-644
-830
-908
-980
-1009
-931
-816
-662
-620
-574
-563
-577
-587
-638
-589
-525
-411
-220
-111
-33
-13
-81
-89
-172
-217
-244
-210
-169
-125
-91
-34
-22
0
32
60
167
201
201
236
243
319
401
558
703
806
854
917
1006
1002
1005
1015
1044
1026
993
908
804
660
503
332
288
297
283
333
402
491
543
537
547
502
427
405
375
391
415
502
497
495
417
244
64
-45
-115
-218
-217
-168
-134
-173
-288
-443
-561
-839
-952
-992
-898
-704
-502
-321
-213
-260
-422
-618
-806
-911
-924
-799
-628
-564
-511
-546
-594
-720
-840
-888
-880
-738
-613
-415
-277
-203
-202
-281
-407
-499
-532
-461
-346
-204
-66
31
15
-51
-132
-187
-207
-119
-72
21
106
141
119
168
153
188
332
458
640
722
837
930
855
812
844
837
816
830
853
825
775
709
646
562
582
566
594
629
642
667
649
628
564
476
377
379
351
428
468
526
524
432
317
208
111
21
-14
25
90
34
24
-115
-263
-482
-655
-738
-760
-703
-591
-493
-378
-410
-407
-490
-625
-750
-822
-776
-691
-627
-564
-547
-604
-688
-869
-926
-982
-990
-900
-725
-495
-332
-273
-277
-420
-499
-584
-504
-450
-386
-234
-180
-194
-143
-192
-181
-208
-234
-198
-166
-92
4
90
139
186
243
326
425
453
529
559
576
617
612
704
693
693
648
634
651
641
656
662
643
632
651
715
763
823
744
722
627
513
456
408
494
501
525
597
551
482
358
282
280
283
315
372
351
240
146
50
-61
-126
-190
-244
-304
-313
-335
-330
-315
-329
-345
-432
-443
-499
-488
-527
-560
-492
-493
-512
-519
-555
-609
-656
-769
-827
-854
-828
-796
-713
-666
-681
-668
-676
-651
-623
-607
-546
-586
-556
-555
-544
-460
-438
-354
-327
-339
-281
-233
-252
-193
-184
-87
1
127
263
286
318
250
301
258
227
296
360
454
497
586
621
676
656
657
591
620
716
792
894
970
1017
956
966
838
866
785
768
748
717
636
669
643
682
653
607
548
492
465
439
429
433
355
295
176
56
-81
-171
-172
-229
-210
-255
-208
-201
-192
-195
-228
-280
-356
-484
-525
-585
-634
-639
-740
-767
-820
-936
-961
-1012
-983
-981
-987
-904
-855
-802
-773
-825
-791
-788
-782
-759
-733
-733
-734
-748
-751
-662
-563
-547
-458
-363
-327
-361
-368
-376
-342
-280
-203
-80
92
146
274
314
368
389
399
390
520
640
709
785
795
790
721
688
736
793
858
917
1023
1107
1114
1206
1197
1233
1201
1133
1123
1074
963
938
902
872
861
815
707
620
541
493
417
458
472
413
351
269
107
-31
-160
-219
-284
-285
-263
-230
-256
-222
-316
-405
-476
-521
-610
-693
-670
-716
-785
-858
-968
-1067
-1152
-1173
-1162
-1158
-1124
-1067
-1080
-1076
-1031
-1044
-1080
-1082
-1052
-1002
-930
-838
-800
-742
-711
-783
-768
-688
-648
-533
-462
-384
-374
-392
-317
-278
-248
-171
-89
-34
-5
84
175
269
354
443
567
677
787
871
982
988
1003
1004
1069
1062
1104
1144
1162
1172
1136
1127
1123
1112
1139
1172
1171
1157
1094
1124
1024
1057
1072
1039
991
889
810
713
671
587
596
527
481
432
293
156
80
-59
-179
-182
-173
-172
-183
-263
-302
-413
-514
-586
-629
-684
-701
-762
-730
-838
-912
-916
-1009
-1050
-1071
-1167
-1224
-1290
-1286
-1314
-1288
-1231
-1248
-1251
-1215
-1186
-1079
-1005
-900
-809
-830
-786
-770
-790
-762
-726
-630
-544
-524
-417
-352
-318
-263
-188
-207
-148
-121
-11
81
151
210
266
248
338
404
508
648
820
937
1008
1010
1079
1046
1042
1017
1018
1066
1152
1218
1302
1258
1214
1120
1002
964
1014
1028
1103
1177
1100
1093
1023
958
828
742
734
683
586
593
556
439
416
352
257
161
122
98
48
-4
16
-78
-174
-236
-324
-392
-463
-530
-611
-703
-758
-840
-873
-917
-924
-955
-940
-925
-983
-1020
-1091
-1173
-1244
-1267
-1265
-1215
-1231
-1174
-1144
-1137
-1079
-983
-940
-862
-841
-801
-776
-708
-613
-563
-482
-446
-403
-368
-416
-333
-256
-204
-112
-55
25
46
83
181
198
287
410
457
538
640
729
814
837
912
919
983
984
1019
1079
1075
1099
1099
1064
1023
971
981
1001
985
1036
1099
1064
1053
998
971
891
823
781
754
659
677
637
492
528
403
338
263
219
202
129
43
-3
-51
-113
-129
-208
-247
-379
-483
-531
-693
-725
-701
-726
-739
-736
-762
-838
-965
-1065
-1092
-1168
-1171
-1078
-1071
-1068
-1078
-1107
-1113
-1170
-1134
-1102
-993
-868
-811
-722
-695
-643
-665
-638
-599
-530
-508
-415
-365
-361
-313
-251
-209
-149
-85
2
27
73
96
193
266
343
447
511
566
669
670
723
738
773
832
953
1041
1056
1053
1060
1043
966
1009
981
982
956
968
1015
1020
1012
1011
938
904
865
857
823
794
764
641
564
541
430
338
356
234
219
99
48
28
-39
-98
-122
-231
-286
-346
-388
-537
-577
-588
-635
-710
-698
-704
-797
-816
-863
-927
-959
-981
-1040
-1061
-1086
-1061
-1038
-1061
-1050
-1053
-1048
-1018
-958
-930
-842
-795
-709
-645
-581
-538
-507
-445
-461
-436
-424
-375
-293
-247
-167
-11
70
126
183
190
247
179
155
270
357
470
585
715
814
805
755
822
786
849
925
1024
1065
1047
1020
1006
852
717
712
635
587
668
809
835
844
852
821
664
585
497
430
425
484
479
471
388
281
118
57
34
3
11
69
72
-6
-73
-106
-270
-403
-387
-503
-505
-519
-490
-517
-528
-500
-563
-676
-713
-735
-774
-827
-777
-747
-783
-791
-783
-790
-854
-858
-860
-851
-846
-725
-675
-607
-564
-520
-477
-465
-432
-364
-340
-313
-256
-264
-316
-362
-354
-334
-268
-133
49
147
200
229
254
281
257
280
335
344
459
557
629
685
709
814
709
632
655
695
788
884
1008
1153
1074
937
776
580
496
457
524
647
688
772
767
680
615
523
482
415
402
397
353
384
397
322
212
136
28
-80
-243
-241
-270
-256
-186
-195
-192
-224
-267
-388
-546
-618
-680
-708
-619
-651
-505
-482
-540
-587
-743
-793
-857
-934
-865
-888
-827
-679
-685
-639
-594
-646
-678
-716
-696
-687
-712
-597
-459
-379
-262
-149
-150
-187
-279
-372
-325
-334
-315
-141
-71
8
37
-9
105
39
44
109
111
203
310
423
644
726
769
691
611
640
626
733
813
821
883
791
847
853
852
892
790
773
729
652
641
680
669
701
772
720
652
515
446
418
348
440
528
447
392
338
277
173
45
-21
-79
-216
-245
-310
-280
-284
-351
-356
-384
-628
-671
-732
-662
-531
-438
-327
-421
-636
-819
-983
-1049
-900
-813
-842
-757
-794
-848
-809
-857
-763
-779
-765
-690
-665
-640
-518
-511
-460
-450
-391
-406
-355
-305
-285
-302
-257
-239
-222
-186
-7
165
224
296
353
262
144
131
207
261
418
555
669
714
689
692
663
623
648
698
732
885
975
1069
1073
942
796
626
445
431
412
561
694
726
793
730
645
587
446
392
356
364
419
373
333
274
191
34
-104
-181
-207
-221
-170
-135
-121
-162
-267
-344
-487
-539
-598
-646
-598
-582
-561
-462
-465
-481
-563
-686
-727
-697
-693
-581
-554
-484
-459
-515
-563
-693
-746
-798
-779
-721
-633
-622
-534
-486
-486
-420
-372
-319
-296
-275
-235
-183
-115
-11
-30
1
83
68
63
121
154
176
207
258
314
321
391
491
506
542
583
627
691
657
700
703
761
789
745
750
712
641
581
572
551
515
501
495
473
465
475
492
441
367
326
321
321
334
405
374
316
239
139
83
29
-31
-58
-174
-255
-294
-265
-201
-173
-199
-228
-305
-413
-488
-565
-572
-619
-614
-585
-578
-590
-534
-516
-521
-491
-482
-508
-472
-498
-483
-437
-516
-520
-551
-572
-483
-447
-405
-421
-478
-544
-555
-519
-339
-191
-179
-105
-88
-95
-106
-20
52
121
77
59
26
9
132
251
327
414
418
364
312
262
337
333
431
512
521
520
579
609
612
601
584
509
416
412
439
528
580
606
575
535
472
425
459
476
433
392
345
268
244
229
179
157
197
219
214
158
76
-36
-148
-171
-182
-129
-29
-39
-136
-219
-305
-394
-497
-497
-483
-457
-411
-402
-419
-450
-414
-422
-454
-439
-505
-608
-692
-743
-732
-648
-489
-435
-463
-477
-501
-609
-589
-479
-438
-369
-304
-276
-378
-428
-368
-324
-270
-103
17
29
65
109
150
140
172
168
53
72
93
156
293
358
478
512
559
590
557
506
519
499
500
526
592
622
641
671
646
618
626
601
597
590
588
559
497
489
448
455
444
402
386
306
271
241
273
308
288
189
68
-41
-122
-145
-124
-25
-57
-124
-152
-205
-260
-284
-321
-402
-498
-592
-619
-576
-593
-497
-407
-421
-421
-517
-642
-737
-754
-697
-594
-489
-397
-414
-479
-589
-678
-726
-743
-717
-631
-539
-446
-368
-345
-321
-344
-368
-335
-277
-177
-81
11
60
95
97
33
19
-18
25
63
148
252
348
363
427
433
403
434
437
452
432
457
460
472
511
585
673
762
808
814
770
701
669
624
599
609
597
548
536
459
387
361
383
371
360
376
357
308
252
227
195
157
160
150
103
50
-8
-64
-132
-147
-198
-234
-262
-317
-347
-403
-421
-427
-443
-459
-463
-491
-475
-509
-519
-514
-576
-604
-628
-616
-628
-612
-604
-585
-557
-548
-524
-473
-465
-452
-427
-424
-477
-488
-478
-477
-450
-408
-339
-269
-209
-133
-95
-80
-38
-15
-35
-16
30
68
136
185
259
267
338
340
330
345
350
394
419
449
469
488
499
520
520
551
561
558
581
578
591
611
621
630
613
585
559
494
431
417
386
367
358
373
358
325
311
259
219
193
155
106
91
69
52
-16
-37
-79
-165
-184
-260
-263
-319
-350
-343
-361
-358
-380
-387
-413
-435
-479
-496
-525
-544
-546
-549
-534
-544
-528
-542
-533
-539
-558
-520
-516
-484
-474
-442
-416
-425
-389
-386
-368
-331
-321
-285
-258
-219
-225
-201
-182
-152
-93
-25
17
91
127
163
184
184
207
252
268
311
354
385
431
438
446
460
464
483
519
550
546
547
533
518
486
480
493
511
550
533
521
485
445
420
394
401
402
391
383
319
261
210
185
153
141
153
144
135
127
113
85
31
0
-37
-93
-130
-168
-195
-253
-286
-347
-412
-427
-416
-389
-348
-317
-323
-369
-388
-413
-441
-447
-442
-433
-449
-474
-488
-503
-527
-519
-498
-469
-451
-453
-418
-445
-427
-409
-393
-375
-345
-323
-293
-261
-271
-238
-220
-208
-172
-129
-90
-48
-17
32
58
94
134
163
191
225
262
312
328
339
348
378
377
375
408
407
437
463
466
499
509
502
506
517
501
506
520
523
510
486
477
438
403
381
368
347
342
339
324
310
293
266
214
181
127
95
43
-19
-25
-73
-106
-119
-151
-182
-213
-257
-280
-315
-330
-339
-317
-305
-307
-284
-293
-337
-363
-392
-438
-420
-437
-403
-373
-354
-309
-333
-335
-364
-376
-387
-386
-356
-339
-328
-322
-329
-353
-346
-338
-321
-301
-247
-212
-167
-141
-109
-67
-66
-37
-23
-3
31
47
46
90
109
122
150
167
191
208
244
257
292
333
357
367
408
413
396
411
412
405
396
392
378
396
399
427
421
423
413
409
401
377
380
344
347
333
302
276
232
203
140
139
101
77
58
37
-1
-31
-40
-68
-106
-153
-175
-224
-252
-287
-297
-305
-331
-308
-335
-342
-370
-388
-395
-395
-392
-416
-393
-411
-420
-420
-416
-454
-416
-403
-367
-337
-333
-292
-302
-298
-315
-300
-309
-273
-271
-245
-192
-156
-99
-48
-7
12
22
31
19
31
32
40
75
82
124
162
192
220
265
300
311
336
338
352
346
343
356
340
339
367
375
381
411
433
438
449
432
429
421
388
358
343
310
300
291
264
232
223
205
187
160
128
126
93
83
68
39
33
4
-27
-39
-84
-94
-139
-164
-212
-231
-249
-250
-254
-240
-250
-267
-247
-273
-286
-301
-294
-304
-296
-309
-312
-325
-338
-340
-366
-364
-383
-380
-377
-379
-369
-369
-338
-324
-301
-292
-270
-265
-227
-241
-220
-193
-154
-119
-83
-51
-36
-25
0
3
3
15
22
60
77
93
123
147
160
174
201
208
226
252
259
289
306
346
327
354
385
376
389
423
415
381
385
361
365
343
345
352
351
355
336
319
305
285
255
257
238
203
190
186
154
136
127
87
67
46
12
-9
-25
-82
-80
-111
-144
-159
-186
-198
-215
-223
-239
-253
-264
-269
-290
-303
-321
-329
-347
-337
-357
-364
-373
-383
-388
-381
-385
-390
-348
-332
-344
-341
-342
-358
-340
-321
-292
-247
-215
-196
-164
-129
-114
-99
-79
-76
-64
-66
-72
-55
-50
-33
-10
26
64
84
116
122
145
131
167
185
214
268
288
347
352
367
368
367
367
355
375
399
414
441
464
483
464
470
449
428
406
400
386
356
351
331
305
287
265
235
207
177
155
126
106
92
81
50
37
10
-33
-51
-89
-111
-133
-167
-194
-234
-282
-321
-393
-400
-427
-427
-422
-424
-411
-418
-433
-451
-481
-491
-471
-497
-489
-491
-499
-514
-522
-525
-525
-504
-483
-440
-381
-326
-258
-224
-204
-171
-171
-152
-140
-93
-57
-13
32
58
100
109
135
172
200
240
277
296
321
332
324
325
333
330
350
402
459
488
521
533
537
514
493
491
485
506
513
513
504
486
450
404
367
318
274
266
237
234
233
206
183
169
138
86
79
41
29
4
-27
-49
-87
-106
-142
-167
-194
-212
-233
-231
-250
-256
-264
-283
-327
-355
-391
-428
-447
-453
-468
-463
-447
-448
-450
-452
-455
-456
-430
-441
-409
-398
-387
-370
-364
-346
-352
-319
-326
-301
-286
-241
-206
-168
-145
-121
-107
-104
-67
-59
-27
-17
9
33
32
87
124
157
195
217
220
239
276
325
344
396
445
447
455
445
438
460
465
499
506
530
534
529
501
498
490
468
460
422
416
373
327
306
271
242
240
248
250
255
241
199
165
119
72
31
-15
-26
-81
-90
-118
-136
-151
-198
-224
-259
-293
-329
-335
-374
-400
-431
-441
-487
-500
-501
-505
-504
-508
-498
-485
-503
-508
-484
-483
-454
-414
-384
-365
-363
-365
-364
-361
-362
-336
-285
-242
-190
-146
-118
-106
-86
-94
-90
-53
-19
15
44
91
116
157
193
210
229
267
286
303
307
331
349
360
381
398
424
439
443
452
461
451
462
484
483
486
453
412
378
340
312
316
317
326
314
296
273
249
198
174
159
132
131
128
115
84
57
29
-2
-24
-27
-48
-73
-77
-95
-123
-135
-178
-184
-227
-258
-271
-321
-355
-371
-393
-394
-387
-399
-393
-405
-412
-417
-433
-449
-441
-434
-412
-408
-405
-390
-381
-358
-354
-321
-300
-268
-253
-240
-222
-210
-203
-191
-170
-144
-124
-74
-52
-26
12
31
54
48
71
85
120
167
222
264
294
331
355
368
390
403
429
463
469
484
483
500
491
473
481
453
439
417
409
391
374
371
343
349
331
329
298
278
240
196
156
119
93
63
51
28
12
-14
-37
-65
-86
-125
-149
-159
-185
-190
-217
-237
-247
-264
-292
-303
-323
-365
-392
-421
-454
-453
-446
-414
-406
-391
-390
-404
-408
-413
-394
-369
-348
-327
-293
-286
-271
-272
-258
-263
-246
-236
-219
-188
-144
-91
-59
-21
5
27
45
49
49
58
64
86
115
124
146
144
170
189
215
244
285
342
357
381
382
397
387
405
401
424
421
430
429
416
410
397
403
387
391
377
379
344
340
310
271
243
194
165
112
93
78
71
74
51
30
17
-37
-71
-103
-126
-143
-157
-147
-152
-189
-223
-251
-289
-301
-326
-332
-322
-340
-347
-349
-357
-382
-384
-393
-396
-405
-408
-394
-397
-386
-375
-361
-347
-340
-319
-295
-276
-264
-238
-216
-184
-171
-162
-116
-108
-52
-33
-5
9
42
55
56
76
79
77
79
110
134
164
205
234
253
276
282
297
292
298
314
320
328
336
331
311
317
298
281
284
311
305
313
333
323
301
277
259
204
164
147
138
132
138
148
175
128
111
124
78
71
46
41
-15
-26
-35
-53
-61
-66
-66
-80
-83
-75
-84
-121
-116
-146
-170
-191
-195
-216
-251
-244
-244
-248
-242
-256
-276
-266
-269
-276
-276
-285
-276
-281
-255
-273
-258
-265
-237
-244
-247
-209
-224
-212
-189
-172
-150
-118
-105
-88
-64
-49
-49
-20
-35
-28
-32
-13
4
17
52
86
114
137
133
123
123
109
137
141
184
188
199
219
215
230
198
219
209
248
233
257
233
219
233
231
251
221
254
250
232
210
207
181
184
177
182
211
204
209
194
153
140
99
94
71
71
62
38
20
-8
-35
-68
-70
-87
-104
-101
-110
-134
-160
-179
-176
-190
-188
-197
-162
-168
-178
-178
-193
-209
-241
-251
-270
-273
-281
-266
-268
-264
-256
-247
-251
-229
-213
-201
-171
-169
-146
-151
-140
-162
-159
-170
-158
-125
-107
-76
-42
-16
-25
-3
-7
-3
28
50
62
86
96
99
119
106
130
113
114
122
149
155
191
207
200
225
229
243
233
261
242
277
266
282
267
250
274
266
260
249
244
238
241
231
251
228
201
189
166
158
129
123
88
65
51
23
-1
-25
-35
-68
-75
-117
-134
-163
-174
-179
-192
-182
-198
-214
-253
-286
-273
-279
-279
-239
-241
-232
-255
-269
-292
-315
-314
-292
-279
-265
-280
-281
-277
-280
-249
-253
-196
-165
-146
-122
-116
-114
-101
-87
-85
-68
-30
-36
18
37
67
108
140
157
155
175
207
232
204
3
-231
-412
-347
12
505
875
979
747
356
-3
-190
-52
275
565
615
529
337
145
-10
0
99
166
300
428
462
367
206
44
-44
45
228
378
413
300
68
-186
-249
-185
-100
41
153
157
2
-220
-456
-625
-495
-251
-45
105
139
-21
-236
-336
-376
-389
-335
-185
-115
-25
63
24
-154
-339
-427
-429
-295
-134
-70
-130
-236
-329
-371
-402
-331
-329
-270
-188
-144
-119
-97
-141
-239
-232
-144
-1
61
91
20
-43
-33
50
111
143
172
186
168
191
193
191
143
134
136
117
129
160
165
102
93
136
134
83
67
82
66
115
227
280
258
247
260
261
231
263
214
163
166
222
290
317
326
225
98
24
58
112
207
254
243
170
52
-19
-77
-87
-35
57
140
168
125
60
-75
-221
-264
-172
-54
29
94
56
-57
-166
-236
-273
-289
-222
-124
-106
-110
-145
-201
-285
-301
-266
-227
-203
-211
-270
-332
-390
-409
-370
-331
-293
-250
-223
-236
-247
-268
-252
-223
-152
-73
-38
-2
-7
-44
-37
-65
-78
-75
-78
-47
-9
28
53
72
87
93
109
123
157
204
243
259
225
183
165
140
147
150
202
227
287
346
337
319
301
289
293
320
346
356
344
297
231
179
135
127
135
194
206
216
166
116
43
11
14
15
45
33
2
-40
-79
-123
-129
-155
-149
-155
-159
-135
-128
-153
-172
-182
-177
-149
-168
-172
-209
-229
-251
-268
-254
-266
-262
-251
-247
-263
-268
-269
-266
-218
-161
-161
-111
-119
-148
-186
-219
-224
-225
-158
-100
-21
34
87
78
56
6
24
50
69
123
171
187
180
147
113
79
33
65
123
188
242
288
293
234
193
180
223
267
335
386
363
295
217
171
134
126
132
134
151
154
145
149
131
97
81
56
45
56
58
27
7
-32
-53
-54
-50
13
22
-14
-50
-93
-144
-138
-156
-164
-172
-174
-193
-226
-254
-310
-329
-322
-295
-280
-242
-201
-175
-193
-197
-225
-223
-203
-187
-158
-130
-112
-101
-100
-121
-125
-143
-147
-135
-167
-147
-108
-77
-42
-46
-14
1
21
44
53
25
27
61
98
136
166
180
169
153
120
117
132
186
216
232
216
199
168
159
184
218
285
324
350
312
265
207
176
158
175
226
238
209
172
144
107
93
84
80
76
82
50
26
-14
-10
-36
-55
-25
-11
26
16
2
-73
-156
-177
-140
-105
-64
-60
-95
-157
-186
-235
-245
-227
-226
-223
-201
-194
-213
-202
-206
-180
-201
-200
-183
-209
-247
-238
-194
-147
-98
-40
-17
-31
-48
-73
-89
-115
-119
-103
-84
-66
-28
-21
-49
-68
-110
-102
-52
14
60
101
63
40
13
-15
27
70
142
157
170
132
108
89
120
192
239
285
303
294
232
183
165
140
145
187
211
253
276
240
219
194
159
146
168
155
151
185
179
165
151
105
54
-8
-26
-26
-16
1
33
29
16
-55
-97
-132
-156
-145
-107
-79
-46
-62
-101
-137
-180
-190
-206
-194
-196
-193
-209
-186
-182
-190
-192
-197
-190
-181
-180
-191
-165
-167
-183
-175
-137
-141
-142
-149
-166
-181
-195
-155
-147
-136
-129
-116
-85
-71
-66
-45
-29
-48
-41
-15
3
22
44
34
66
84
94
106
88
104
106
143
161
186
205
203
199
216
227
208
237
243
230
266
265
268
271
249
242
230
235
223
176
135
108
87
82
105
104
109
122
123
113
75
50
-9
-21
-31
-51
-50
-34
-34
-19
-66
-87
-113
-156
-143
-138
-117
-82
-79
-80
-117
-132
-137
-193
-214
-236
-282
-272
-234
-206
-167
-134
-125
-114
-122
-108
-97
-80
-75
-113
-133
-145
-146
-115
-77
-53
-49
-68
-99
-115
-122
-91
-57
-4
22
34
45
25
22
11
43
77
96
113
142
145
131
101
107
94
112
156
187
204
188
151
87
84
84
110
125
186
177
174
147
86
53
35
80
110
167
189
215
169
111
52
0
-10
-17
10
17
27
13
-31
-71
-104
-119
-115
-99
-75
-44
-63
-85
-117
-141
-143
-136
-127
-110
-114
-165
-169
-153
-136
-115
-81
-55
-53
-38
-58
-97
-97
-120
-130
-129
-107
-110
-81
-79
-52
-57
-45
-30
-29
-6
-36
-34
-43
-46
-79
-54
-50
-48
-24
4
18
13
8
-7
5
20
62
94
108
131
154
145
160
136
114
79
72
92
115
150
167
164
145
116
87
69
70
83
106
141
171
204
192
173
145
111
92
83
72
72
49
52
78
57
36
37
-4
-24
-32
-32
-38
-24
-8
-33
-24
-66
-83
-107
-113
-101
-102
-81
-113
-113
-138
-142
-100
-86
-64
-38
-59
-81
-110
-110
-138
-134
-114
-111
-90
-89
-90
-93
-112
-118
-118
-111
-80
-47
-37
-42
-37
-55
-77
-88
-88
-79
-65
-36
-29
-21
-40
-32
-51
-57
-40
-42
-27
-3
-1
13
58
74
89
72
67
43
34
38
38
66
99
95
103
96
89
90
88
92
106
114
108
137
140
149
144
171
152
128
129
112
121
122
136
159
165
167
180
162
147
118
72
39
1
-26
-31
-8
-11
-17
-16
-36
-53
-78
-69
-84
-85
-84
-94
-93
-105
-107
-133
-100
-103
-98
-112
-148
-134
-164
-176
-149
-156
-150
-162
-163
-139
-156
-159
-162
-162
-170
-136
-115
-94
-83
-76
-75
-102
-127
-104
-101
-74
-51
-25
-3
-3
12
20
22
26
53
70
90
102
115
121
114
121
118
122
147
125
143
140
144
147
135
142
143
169
178
203
192
199
173
157
138
126
105
93
105
99
108
118
143
126
153
138
124
88
64
44
33
46
31
32
14
-3
-57
-81
-119
-111
-126
-115
-76
-68
-58
-37
-84
-111
-136
-185
-179
-205
-180
-181
-173
-194
-218
-223
-247
-234
-218
-192
-177
-161
-152
-173
-167
-168
-158
-144
-114
-103
-112
-124
-128
-117
-120
-81
-64
-50
-41
-15
-9
-12
2
18
55
62
102
117
109
105
84
68
42
58
80
116
160
195
215
206
184
167
148
150
178
172
192
210
201
191
167
170
163
155
186
184
190
195
174
158
136
133
136
123
125
109
106
92
89
56
50
35
46
26
4
-16
-36
-63
-96
-89
-84
-81
-84
-91
-99
-136
-143
-163
-184
-192
-195
-190
-199
-205
-205
-210
-229
-211
-191
-195
-181
-166
-162
-175
-173
-183
-191
-196
-183
-188
-160
-151
-137
-127
-130
-112
-97
-68
-57
-31
-19
-2
-24
-10
-5
-16
-14
24
26
56
78
94
106
106
119
133
140
168
176
192
210
213
212
210
205
214
207
200
205
194
172
177
173
174
164
149
137
121
126
126
144
131
145
135
122
115
97
97
67
60
31
-12
-21
-39
-17
-13
-5
-19
-41
-61
-92
-106
-125
-125
-136
-122
-124
-143
-142
-179
-188
-201
-194
-181
-166
-149
-133
-143
-177
-195
-218
-222
-237
-181
-176
-139
-131
-132
-128
-150
-141
-137
-116
-103
-57
-46
-31
-23
-30
-17
-37
-31
-45
-23
-7
26
42
63
75
84
73
93
99
129
153
167
208
234
240
201
178
149
127
110
113
118
139
162
180
187
180
165
137
124
137
142
164
172
185
164
136
89
54
4
-18
-31
-15
11
33
45
27
16
-10
-27
-35
-52
-53
-42
-57
-54
-77
-86
-106
-126
-117
-133
-116
-92
-89
-81
-86
-91
-66
-73
-78
-91
-103
-123
-140
-162
-167
-177
-187
-170
-173
-169
-161
-161
-154
-135
-109
-100
-94
-77
-95
-91
-96
-107
-110
-110
-104
-91
-66
-76
-53
-41
-19
24
55
70
106
122
118
108
117
132
146
151
153
170
168
171
173
187
200
210
214
214
204
214
211
213
200
196
179
161
151
134
131
128
119
114
100
103
97
101
74
66
41
4
-5
-50
-59
-69
-78
-78
-108
-141
-139
-160
-164
-162
-160
-158
-154
-155
-142
-156
-162
-168
-168
-168
-162
-143
-139
-131
-135
-120
-127
-105
-115
-99
-85
-95
-49
-72
-78
-89
-85
-75
-70
-32
-18
6
35
28
40
14
25
17
22
57
67
91
94
107
95
91
81
63
53
43
57
79
95
118
110
94
80
64
51
49
67
64
90
99
106
96
79
69
34
35
28
27
52
66
80
61
62
40
26
25
36
38
51
46
24
16
-5
-8
-13
-12
6
18
7
0
-40
-55
-70
-92
-88
-95
-67
-80
-64
-68
-70
-79
-94
-94
-103
-80
-78
-82
-94
-99
-98
-97
-96
-84
-94
-71
-65
-60
-61
-74
-68
-92
-65
-53
-26
-28
0
0
-4
12
5
9
-6
14
2
29
30
35
36
31
52
38
45
48
45
56
46
63
50
61
57
64
106
94
109
105
99
69
73
62
73
65
68
75
64
74
47
74
64
84
80
84
86
66
55
41
38
11
8
-9
-2
-8
0
21
22
31
31
36
20
-21
-30
-22
-24
-21
-29
-22
-13
-40
-46
-60
-69
-72
-69
-52
-43
-46
-44
-41
-58
-63
-75
-76
-85
-80
-85
-77
-81
-96
-96
-97
-76
-81
-60
-55
-53
-72
-73
-77
-84
-83
-85
-95
-108
-109
-89
-85
-67
-54
-26
-24
-55
-47
-65
-77
-63
-37
-28
3
32
30
45
44
30
32
15
34
45
69
82
99
89
99
105
113
114
119
134
126
146
124
142
121
140
136
122
131
124
117
124
108
118
126
120
109
117
127
107
111
104
105
82
74
63
79
60
61
53
37
26
16
9
-21
-1
-12
-38
-25
-45
-54
-63
-81
-89
-116
-110
-118
-116
-129
-135
-146
-152
-175
-180
-178
-171
-154
-136
-157
-150
-156
-170
-160
-162
-145
-126
-122
-100
-102
-111
-120
-130
-123
-120
-106
-99
-87
-75
-69
-53
-40
-44
-37
-18
-14
3
20
40
36
60
73
74
88
109
143
136
150
128
121
112
105
98
123
153
171
177
179
173
170
161
142
148
131
137
146
143
117
117
89
73
48
48
47
64
80
75
84
66
60
21
11
-22
-35
-36
-33
-30
-19
-28
-49
-48
-71
-69
-67
-66
-74
-51
-74
-78
-97
-111
-134
-116
-117
-115
-115
-111
-109
-118
-126
-114
-110
-120
-89
-85
-63
-52
-51
-57
-47
-60
-63
-59
-66
-55
-49
-41
-35
-36
-20
-16
-12
-24
4
24
28
47
60
69
36
44
36
32
54
48
74
102
83
110
112
126
121
131
134
122
123
103
79
85
98
93
115
134
103
85
62
43
30
18
27
11
28
25
16
3
-9
-32
-42
-35
-61
-63
-74
-73
-81
-67
-89
-91
-81
-100
-99
-115
-93
-93
-98
-73
-91
-103
-89
-87
-77
-64
-65
-45
-80
-69
-76
-69
-66
-49
-15
-23
2
-7
3
4
4
12
21
23
25
36
30
46
50
75
87
87
100
92
85
69
61
61
58
52
68
63
67
81
79
78
64
37
29
3
-16
-5
-16
-2
11
31
21
31
31
1
-12
-28
-8
-26
-1
-5
-2
-7
-38
-31
-41
-38
-31
-13
8
11
-4
-33
-66
-79
-83
-69
-65
-35
-30
-38
-57
-59
-68
-91
-68
-56
-25
-8
21
15
-4
-3
-21
-31
-41
-22
-13
-10
10
31
36
33
42
46
30
50
59
49
52
48
24
19
14
22
38
25
40
47
24
22
22
15
30
33
26
39
4
-13
-25
-27
-23
-19
16
16
15
32
16
9
17
23
21
21
20
12
-4
-12
-20
-15
-16
-21
5
-5
-4
0
1
3
-9
6
-3
24
25
31
38
27
18
8
13
1
1
10
25
35
30
50
16
17
5
1
-1
-15
10
-4
-13
-26
-34
-59
-46
-66
-67
-65
-50
-31
-32
-7
-14
1
-16
-16
-36
-61
-56
-82
-63
-69
-66
-84
-81
-84
-83
-88
-64
-54
-70
-39
-48
-69
-57
-65
-70
-48
-70
-41
-41
-22
3
0
26
10
7
-4
2
15
39
55
75
80
78
74
65
64
56
65
83
96
115
124
125
123
106
99
100
102
121
121
135
120
109
91
60
68
46
60
33
57
61
53
59
54
40
37
45
38
27
31
7
12
3
-2
-1
5
3
-13
-19
-26
-55
-57
-65
-78
-49
-68
-61
-91
-93
-103
-137
-127
-143
-143
-130
-122
-118
-106
-102
-108
-104
-100
-110
-107
-109
-108
-83
-86
-79
-83
-74
-71
-68
-61
-56
-62
-45
-37
-18
-15
4
3
-10
2
-10
2
18
25
37
59
56
70
50
68
59
61
81
88
100
113
113
115
126
126
131
139
135
113
102
88
106
104
116
140
131
127
115
111
84
63
53
25
37
25
19
-4
-3
-26
-51
-49
-64
-55
-50
-27
-39
-43
-29
-45
-55
-57
-82
-78
-68
-70
-62
-66
-56
-70
-85
-98
-89
-83
-67
-59
-47
-51
-50
-53
-66
-59
-54
-51
-38
-38
-48
-58
-61
-60
-52
-36
-16
3
5
14
9
5
-2
-13
-2
0
-8
-3
-1
-6
-20
-2
16
30
19
19
46
10
13
-6
-5
-26
-19
-7
-8
4
16
36
48
50
51
63
52
82
82
110
114
102
95
70
62
47
56
73
57
93
98
103
102
80
70
62
71
61
63
51
50
31
21
11
15
17
-12
-9
-16
-24
-28
-25
-10
-7
1
8
-8
-14
-18
-45
-38
-45
-52
-63
-54
-67
-79
-84
-85
-106
-90
-95
-91
-79
-84
-83
-94
-90
-99
-96
-107
-99
-90
-87
-89
-67
-94
-90
-85
-76
-74
-74
-57
-63
-48
-50
-47
-46
-42
-25
-6
-1
0
2
-9
-11
-14
-8
9
12
27
43
58
72
86
81
72
75
63
57
71
69
101
111
127
119
115
112
100
107
120
143
133
138
137
110
118
99
87
89
116
100
110
98
78
53
44
36
45
46
38
48
24
21
-11
-9
-33
-43
-39
-29
-37
-22
-24
-30
-42
-67
-64
-84
-91
-108
-93
-114
-106
-129
-148
-150
-152
-149
-138
-126
-130
-121
-120
-117
-131
-127
-116
-94
-91
-74
-69
-65
-64
-56
-33
-31
-31
-13
0
-15
11
28
34
46
56
74
66
77
63
87
82
82
97
93
90
90
99
85
102
121
121
123
129
127
114
111
110
112
107
103
79
60
56
44
40
29
45
36
45
43
25
1
-18
-25
-31
-30
-54
-47
-58
-64
-86
-96
-109
-134
-144
-151
-135
-146
-119
-137
-144
-138
-152
-161
-144
-160
-141
-128
-102
-76
-79
-60
-63
-49
-49
-57
-48
-43
-33
-21
-15
-12
-19
-9
-2
7
30
29
65
74
97
100
112
114
101
108
116
122
118
92
108
105
121
138
132
151
134
144
120
110
104
93
102
87
93
79
87
57
49
51
30
27
13
5
0
18
18
22
8
8
-2
4
-10
-5
-29
-46
-37
-33
-19
-15
-6
-14
-36
-38
-41
-44
-20
-33
-18
-22
-26
-31
-49
-49
-66
-75
-75
-71
-82
-71
-60
-61
-54
-47
-53
-87
-83
-104
-119
-122
-117
-125
-116
-86
-78
-41
-40
-48
-59
-73
-58
-61
-52
-30
-37
-36
-40
-54
-57
-56
-58
-39
-36
-14
-1
0
5
5
20
19
35
49
49
56
68
75
70
80
85
75
74
80
93
96
91
96
90
94
106
95
94
88
84
73
65
68
62
72
62
69
58
63
53
40
49
35
42
16
28
5
8
-13
-11
-18
-9
-8
16
8
6
-2
-12
-23
-27
-26
-19
-12
-28
-10
-14
-23
-37
-25
-33
-41
-46
-30
-42
-42
-41
-41
-47
-51
-39
-39
-38
-37
-45
-44
-63
-71
-59
-44
-44
-38
-36
-52
-43
-42
-30
-22
-12
-6
-1
-21
-34
-41
-31
-22
-22
-6
-13
-12
-34
-50
-36
-36
-5
14
20
47
32
25
18
25
31
43
59
62
67
60
56
47
53
53
68
72
63
68
79
56
41
37
16
-3
13
18
12
45
54
48
36
39
0
-11
0
2
13
16
32
27
20
16
19
11
5
6
-1
-10
-18
-32
-44
-40
-58
-63
-51
-49
-48
-60
-67
-62
-60
-59
-55
-48
-54
-51
-71
-67
-69
-89
-80
-86
-81
-80
-60
-73
-65
-47
-54
-53
-24
-19
-15
12
14
5
7
5
-21
-26
-7
9
23
34
55
52
71
75
63
66
68
66
72
61
64
49
48
58
55
72
67
65
95
87
100
100
117
114
88
73
53
42
15
18
14
7
-5
3
-2
-7
-1
2
19
11
19
-13
-21
-30
-67
-48
-47
-27
-23
-27
-19
-19
-27
-32
-27
-20
-33
-40
-28
-37
-48
-36
-34
-35
-35
-19
-38
-42
-43
-40
-24
-28
-9
-4
-2
-6
5
-20
-10
-18
-24
-44
-44
-41
-37
-16
-2
21
24
29
15
-14
-28
-39
-25
-9
26
38
47
56
48
36
14
0
1
-2
-18
7
10
10
-2
-5
-17
-37
-25
-9
-14
-16
3
-32
-21
-26
-49
-29
-19
-14
-11
-11
-2
-9
-8
-8
-16
0
-12
10
-5
-5
-2
-9
-10
-6
-5
-16
4
2
9
17
5
7
11
-8
9
23
25
51
31
34
33
30
25
15
14
25
13
22
33
8
17
16
19
8
22
19
7
24
15
13
4
8
4
20
20
18
29
28
23
28
42
28
19
12
8
11
7
17
22
3
7
-6
-14
5
7
42
52
62
62
38
25
1
-25
-15
-12
-7
5
0
0
-7
-32
-26
-26
-25
-36
-24
-39
-35
-44
-46
-56
-51
-50
-53
-44
-58
-43
-44
-41
-37
-27
-36
-23
-17
-15
-20
7
-4
-25
-10
-31
-25
-23
-34
-35
-32
-36
-44
-33
-32
-33
-5
-6
-4
9
29
33
42
57
59
50
53
44
42
51
49
56
58
45
46
43
26
32
32
42
41
26
34
17
16
12
-7
-2
-1
10
13
9
9
3
-23
-49
-82
-93
-83
-85
-78
-50
-54
-58
-62
-79
-84
-80
-51
-53
-37
-18
-15
-23
-46
-28
-34
-11
-1
12
20
31
45
24
21
32
29
15
32
13
0
-5
1
22
25
44
58
60
64
80
65
71
76
80
73
74
83
75
71
65
59
51
49
46
40
37
33
42
38
37
20
22
4
10
-4
-22
-6
-12
-2
-29
-8
-24
-27
-16
-16
-12
-11
-5
-16
-15
-39
-52
-61
-66
-47
-42
-52
-50
-64
-66
-66
-58
-51
-39
-23
-19
-28
-19
-37
-29
-27
-12
-14
-6
-26
-31
-54
-63
-38
-40
-35
-23
-13
-7
-15
-20
-8
-27
6
-15
10
11
13
28
28
44
29
49
29
37
28
26
34
18
41
48
52
62
58
40
27
31
31
32
30
28
34
33
34
36
32
34
23
29
12
-1
-15
-27
-36
-26
-20
-33
-25
-59
-68
-90
-88
-92
-66
-55
-64
-60
-75
-94
-102
-96
-70
-52
-20
-17
-18
-25
-45
-56
-43
-33
-19
2
1
18
-6
-15
-20
-13
-21
-6
11
13
26
51
55
57
70
78
83
85
104
95
89
87
87
73
72
73
71
81
87
90
104
94
86
64
59
60
72
86
101
116
101
119
87
90
66
69
73
74
69
53
38
12
-12
-32
-24
-47
-39
-56
-59
-76
-86
-76
-88
-83
-85
-75
-65
-86
-87
-101
-116
-125
-118
-119
-102
-85
-81
-79
-89
-82
-95
-108
-115
-117
-122
-120
-120
-124
-109
-100
-87
-85
-72
-73
-65
-51
-43
-25
-4
7
9
11
-3
-2
-7
-19
-8
9
30
26
36
21
13
29
15
30
41
59
70
75
71
85
61
59
63
65
74
69
96
67
52
58
44
49
51
73
69
96
86
76
58
38
53
47
63
87
91
90
91
89
92
95
90
93
98
103
85
65
59
27
11
6
-2
-8
-18
-21
-36
-23
-25
-27
-18
-9
-4
0
12
1
-14
-11
-21
-37
-27
-38
-45
-52
-68
-73
-68
-89
-99
-112
-112
-122
-118
-112
-96
-105
-116
-99
-126
-128
-122
-132
-112
-94
-81
-64
-42
-57
-51
-49
-48
-49
-48
-48
-59
-45
-37
-22
-32
-18
-13
-3
2
22
35
46
70
83
87
101
99
101
103
101
98
110
98
113
107
108
116
103
112
94
87
79
77
54
73
49
43
53
57
66
76
83
86
79
60
57
57
49
29
16
15
-11
-17
-32
-42
-61
-62
-60
-48
-51
-58
-38
-53
-57
-66
-68
-74
-63
-55
-48
-50
-48
-68
-85
-90
-105
-115
-105
-83
-94
-94
-119
-122
-147
-145
-131
-125
-112
-102
-77
-82
-78
-68
-49
-65
-47
-23
-9
13
22
53
50
64
58
62
72
61
73
83
86
59
68
74
69
82
98
123
140
155
165
165
172
177
175
173
184
175
170
158
145
134
120
111
90
103
81
73
73
37
12
-1
-30
-53
-48
-57
-38
-45
-37
-45
-58
-76
-95
-96
-102
-99
-132
-144
-148
-153
-161
-173
-176
-179
-186
-189
-188
-179
-182
-167
-153
-148
-140
-117
-120
-95
-76
-60
-27
-16
3
11
6
9
16
12
14
35
48
43
57
67
67
69
81
95
110
120
137
146
162
156
157
144
135
122
133
141
130
145
136
119
104
74
58
33
36
17
5
5
3
-5
-20
-5
-5
-3
-14
-11
-26
-34
-28
-41
-43
-36
-48
-55
-66
-75
-76
-95
-110
-108
-107
-114
-114
-119
-127
-141
-145
-142
-133
-120
-93
-71
-51
-44
-40
-38
-31
-18
-14
1
-7
17
5
-4
-5
-12
-10
-30
-21
-18
-18
-17
-3
14
9
