0
0
-1
0
0
0
0
-1
0
0
0
0
0
0
0
0
0
0
0
0
0
0
-1
0
0
0
0
0
0
0
0
0
1
0
-1
0
0
0
0
0
0
0
0
0
0
0
0
0
0
0
0
0
0
0
-1
0
0
0
0
0
0
0
0
0
0
0
0
0
1
0
0
0
0
0
0
0
1
0
0
0
1
1
0
0
0
-1
1
1
0
0
0
0
0
0
0
1
0
0
0
1
0
0
0
0
0
-1
0
0
0
0
0
0
0
0
0
0
-1
-1
-1
0
0
0
0
-1
0
0
0
0
0
0
0
0
0
1
0
1
0
0
0
0
0
0
1
-1
0
1
-1
0
0
0
0
0
0
0
-1
0
0
0
-1
0
-1
0
0
0
0
0
-1
0
0
0
0
0
0
-1
0
0
0
0
0
0
0
0
-1
-1
0
0
0
0
0
1
0
0
0
0
0
-1
0
0
0
0
0
0
0
0
0
1
0
1
0
0
1
-1
1
0
0
0
-1
-1
0
0
0
-1
0
-1
0
0
0
-1
0
0
0
0
1
0
0
0
0
0
0
1
0
1
0
0
0
0
0
0
1
0
0
0
1
1
0
0
0
0
0
0
0
0
-1
1
0
0
0
0
0
0
0
1
0
0
-1
0
0
0
-1
-1
0
0
1
0
-1
0
0
0
0
0
0
-1
-1
0
0
-1
1
0
1
0
0
0
0
0
0
1
0
0
0
-1
0
0
0
0
0
1
-1
0
0
0
0
0
0
0
0
0
1
0
0
0
0
0
0
-1
0
0
-1
0
0
-1
0
0
0
0
0
0
0
0
1
0
0
-1
1
0
0
-1
-1
0
0
0
1
-1
0
0
0
-1
1
0
0
0
1
-1
0
0
0
0
0
0
0
0
0
0
0
-1
0
0
0
0
0
0
0
0
0
0
1
-1
0
0
-1
1
0
0
0
0
0
0
0
0
0
0
0
0
0
0
-1
0
0
0
0
0
0
0
-1
0
0
0
-1
0
0
-1
-1
0
0
0
0
0
1
1
-1
0
-1
0
0
0
0
0
0
0
0
1
0
0
0
0
-1
1
0
0
1
0
0
0
0
0
1
1
0
0
0
0
0
-1
0
-1
1
0
1
0
0
1
0
0
1
0
0
0
1
-1
-1
1
0
0
0
-1
0
0
1
0
0
0
0
0
0
-1
0
0
0
-1
0
0
1
1
-1
0
0
0
0
0
0
0
0
0
-1
1
0
0
1
0
0
0
0
1
-1
0
0
0
0
-1
1
0
0
-1
0
0
0
0
0
-1
0
-1
1
0
0
1
0
0
0
0
0
0
0
0
-1
0
0
0
1
0
1
0
0
0
0
-1
0
0
1
1
0
0
0
-1
-1
0
0
0
-1
0
0
1
0
1
0
0
1
0
0
1
0
0
0
0
0
0
0
0
0
0
0
-1
1
0
0
0
0
0
0
0
0
0
0
-1
0
-1
0
0
0
0
0
-1
0
0
0
1
0
0
0
0
0
0
0
0
0
-1
1
1
-1
0
0
0
0
0
0
0
0
0
0
0
0
0
-1
0
0
0
0
0
0
0
0
-1
0
0
0
0
-1
0
-1
0
0
0
0
0
-1
0
0
-1
0
0
0
1
0
0
0
0
0
0
1
0
0
0
0
0
1
0
0
0
1
1
0
0
0
0
0
0
0
0
1
1
1
0
0
-1
0
0
0
-1
-1
0
0
0
0
0
0
0
0
0
0
0
0
0
0
0
0
0
0
0
0
0
1
1
1
0
-1
0
0
0
0
0
0
1
-1
-1
0
0
0
0
0
1
0
-1
0
0
0
0
0
0
0
0
-1
0
0
0
0
1
0
0
0
0
0
-1
1
1
0
0
0
0
1
0
0
0
0
0
0
0
0
0
0
0
0
1
0
0
0
0
0
0
1
0
0
0
0
0
0
0
0
0
0
1
0
-1
0
0
0
0
-1
0
0
0
0
0
0
-1
0
0
-1
0
0
0
-1
1
0
0
0
0
0
0
0
0
0
0
0
0
0
-1
0
-1
0
0
0
0
0
0
0
0
0
1
0
0
0
0
0
0
0
0
0
0
0
1
0
0
0
0
0
0
0
0
0
-1
0
0
1
0
0
0
0
0
0
0
1
0
0
0
0
0
0
-1
0
1
0
0
0
0
0
0
0
0
-1
0
0
0
0
0
0
0
0
1
0
-1
0
1
0
0
-1
0
0
0
0
-1
0
0
0
0
1
0
0
0
0
0
0
0
0
-1
0
0
0
0
0
0
0
0
0
1
0
0
0
0
0
1
0
0
1
0
1
-1
0
0
0
0
0
0
0
0
-1
0
-1
-1
0
0
0
0
0
0
0
0
0
0
-1
0
-1
0
0
0
0
0
0
-1
0
0
0
0
0
0
0
0
0
0
0
0
0
0
0
0
0
1
1
0
-1
0
0
0
0
0
0
0
0
0
0
0
0
0
0
0
0
1
0
0
0
0
0
1
0
0
0
0
0
0
0
-1
-1
0
0
0
0
0
-1
-1
0
0
0
-1
1
0
0
-1
0
0
0
0
0
0
0
0
0
0
0
0
0
0
0
0
1
0
0
-1
0
0
0
0
0
0
1
0
0
-1
-1
0
0
0
0
-1
0
0
0
0
0
1
0
0
1
0
1
0
0
0
0
0
0
-1
0
0
0
0
0
0
1
0
0
0
0
0
0
-1
-1
0
-1
0
0
0
0
0
0
0
0
0
0
0
0
0
0
-1
0
0
0
0
1
0
0
0
0
0
0
0
0
0
0
-1
1
-1
0
0
0
0
0
0
0
0
1
0
1
0
0
0
1
-1
0
0
0
0
0
0
0
0
0
0
-1
0
0
0
0
1
1
0
1
0
0
0
0
0
0
0
0
0
0
-1
-1
-1
-1
0
0
0
0
0
-1
0
0
0
0
0
-1
0
-1
0
1
0
0
1
0
0
-1
0
-1
0
0
0
-1
0
1
-1
0
0
0
0
-1
0
1
0
-1
1
1
0
1
-1
0
0
1
0
0
-1
1
0
0
1
0
0
0
0
1
0
0
0
0
1
0
-1
0
-1
0
1
0
1
-1
0
1
0
0
0
0
0
-1
0
0
0
0
0
0
0
0
0
0
-1
0
1
0
1
0
-1
0
0
1
0
0
0
0
0
0
-1
0
-1
0
0
0
0
0
0
0
1
0
1
0
0
0
0
0
-1
0
0
0
0
0
-1
0
0
0
0
0
0
1
0
0
0
0
1
0
0
0
0
0
0
0
0
0
-1
0
1
0
0
0
0
0
0
0
0
0
0
0
0
0
0
0
-1
1
0
0
0
-1
0
0
0
1
0
0
0
-1
0
0
0
0
1
1
0
1
0
0
-1
0
-1
0
0
0
0
0
0
0
0
0
0
0
0
0
1
0
0
0
0
0
0
0
0
0
0
0
0
0
0
0
0
0
0
1
0
0
0
1
0
0
0
0
0
0
0
0
1
1
0
0
1
0
0
0
0
0
1
0
0
-1
1
0
-1
-1
0
0
0
0
0
1
0
1
0
0
0
1
0
-1
0
-1
0
0
-1
0
0
0
-1
0
0
0
0
0
0
0
0
1
-1
0
0
0
0
-1
0
0
0
0
0
1
0
0
0
0
0
0
0
0
1
1
0
0
0
0
0
0
0
0
0
1
0
-1
0
0
0
0
0
0
0
0
0
0
1
0
1
0
1
0
0
0
0
0
0
0
0
0
0
0
0
-1
0
0
0
-1
0
-1
0
0
0
0
0
0
0
-1
1
-1
-1
-1
-2
-1
0
1
1
1
0
1
1
0
0
0
0
1
1
1
0
1
1
1
1
0
1
1
0
1
1
0
0
0
0
0
-1
0
-1
0
-1
0
-1
0
-1
0
0
-1
-1
-1
0
-1
-1
-1
-1
-1
-1
-1
-1
-1
-1
0
-1
-1
0
0
-1
0
-1
-1
-1
-1
0
0
0
1
0
0
1
-1
1
1
1
0
0
1
1
1
0
1
1
1
1
0
1
1
1
1
1
1
1
1
1
1
1
1
1
1
1
0
0
0
1
0
0
1
1
1
1
0
0
0
0
0
0
-1
0
-1
-1
-1
-1
-1
-1
0
-1
-1
-1
-1
-1
-1
0
0
-1
-1
-1
0
0
-1
0
-1
-1
-1
0
0
0
0
-1
0
0
0
0
0
0
-1
0
0
-1
-1
0
0
-1
-1
0
0
0
-1
0
-1
-1
-1
0
0
0
0
-1
-1
-1
0
0
0
0
0
0
0
0
0
1
0
0
0
1
0
1
0
0
0
0
0
1
1
1
0
0
0
1
1
1
1
1
1
1
0
1
0
1
1
0
1
1
1
1
1
1
1
1
1
0
1
-1
0
0
0
0
0
0
1
1
1
0
0
0
1
0
1
1
1
1
0
-1
-1
-1
-1
1
0
-1
0
-1
-1
0
0
-1
0
-1
-1
-1
-1
-1
0
-1
-2
-2
-2
-1
-2
-1
-1
-1
-2
-2
0
0
-2
-2
-1
-2
-1
-1
-3
-2
-1
0
1
1
1
1
1
1
1
0
0
0
-2
-3
-4
-5
-2
0
2
4
3
3
3
2
1
1
1
2
1
0
1
-1
0
0
0
-1
0
-2
-1
-4
-3
-4
-4
-3
-2
3
0
2
1
1
2
0
0
-4
-5
-5
-6
-4
0
2
5
9
9
8
7
7
5
-1
0
-4
-6
-7
-3
-1
3
8
12
18
15
15
13
6
3
3
4
-2
4
0
1
0
1
2
0
2
8
10
10
15
12
8
2
1
-6
-15
-23
-29
-30
-18
-23
-11
-15
-17
-9
-10
-3
-9
-3
-6
-17
-18
-26
-16
-38
-34
-24
-34
-18
-14
7
3
5
3
-6
-12
-12
-20
-14
-21
-19
-23
-34
-22
-22
-23
-20
-3
6
19
44
46
38
19
-5
-22
-34
-25
2
39
58
62
78
79
69
63
58
32
40
42
42
63
64
59
21
22
32
18
40
37
30
35
43
62
54
48
39
6
-3
-18
-35
-21
-44
-42
-58
-61
-39
-4
5
18
34
34
11
-18
-19
-50
-26
-34
-49
-53
-64
-52
-52
-38
-20
-12
2
-8
-25
-17
-21
-9
3
-2
-17
-20
-40
-47
-42
-34
7
30
53
38
53
38
7
-12
-7
-36
-40
-30
-52
-50
-54
-26
-22
-5
-26
2
-21
-20
-36
-58
-43
-49
-32
-27
-28
-60
-49
-45
-63
-64
-54
-45
-72
-85
-62
-28
-21
13
38
32
17
12
-6
-3
1
16
23
29
30
45
37
51
39
48
47
61
53
42
64
44
96
96
106
90
103
83
61
68
56
75
66
81
63
47
31
21
17
24
30
49
61
40
19
10
-5
-27
-14
4
9
9
-3
-5
-28
-48
-17
-7
-1
19
0
-16
-33
-78
-83
-108
-104
-111
-93
-77
-53
-46
-23
-10
6
17
2
3
-12
-22
-33
-44
-44
-44
-20
0
20
0
10
17
-1
5
13
1
2
-2
19
12
24
14
-5
26
32
35
45
39
9
-26
-73
-67
-56
-49
30
19
14
30
-12
-9
-36
-26
-25
-22
-20
-50
-49
-54
-56
-43
-24
-2
25
52
72
60
55
38
0
-16
-16
-3
-2
21
26
39
37
41
39
29
60
71
87
79
53
53
24
32
26
20
17
-2
7
-28
-3
-5
0
2
1
-4
-8
-16
-25
-8
-25
-34
-15
-2
-30
-21
-37
-49
-68
-46
-44
-33
-19
-16
8
11
29
0
13
-15
6
-15
-13
-32
-49
-50
-68
-47
-41
-20
-12
12
-4
27
-4
7
-30
-57
-49
-50
-34
-35
-15
6
-19
-35
-26
-49
-29
-17
23
41
68
40
28
2
-12
-13
-17
-16
-25
-29
-35
-18
-13
4
6
29
44
57
28
31
8
9
31
35
44
30
20
11
-22
-11
4
11
59
78
97
88
78
70
69
83
65
77
83
60
34
29
10
22
35
58
73
94
113
109
92
92
70
73
59
59
41
40
14
-11
-13
-24
-7
-14
-22
-23
-29
-47
-48
-65
-53
-59
-55
-69
-65
-108
-128
-161
-166
-170
-160
-137
-148
-136
-138
-142
-148
-132
-157
-156
-149
-114
-134
-149
-142
-143
-139
-102
-54
-29
-15
6
4
-11
-5
-6
23
26
54
79
87
96
67
57
60
97
104
145
161
166
194
177
184
160
153
136
120
128
119
103
105
96
74
81
80
71
91
91
87
70
69
44
55
49
64
47
17
24
-34
-20
-50
-2
-1
20
20
-9
-43
-75
-90
-97
-84
-74
-75
-92
-102
-135
-127
-148
-113
-115
-78
-68
-49
-72
-85
-92
-101
-88
-59
-26
-31
-12
-41
-71
-97
-129
-117
-105
-55
-4
8
49
26
4
8
-7
15
17
35
37
37
12
4
17
34
38
63
77
53
59
34
30
2
24
37
29
57
89
91
84
43
34
13
19
56
81
108
131
100
78
52
34
28
6
14
14
36
47
56
47
30
33
55
58
77
70
45
-11
-51
-61
-81
-48
-25
18
13
8
-27
-60
-97
-143
-139
-122
-114
-103
-92
-108
-129
-119
-113
-93
-55
-61
-66
-104
-100
-136
-114
-105
-70
-39
-24
1
-18
-3
-19
-16
-21
23
36
53
54
61
50
20
21
37
46
81
99
101
78
66
43
49
48
88
118
128
141
118
123
108
85
85
86
80
97
90
69
65
71
56
75
92
71
44
38
6
-24
-41
-40
-51
-61
-69
-51
-30
-42
-18
-29
-26
-40
-31
-40
-50
-49
-77
-104
-134
-128
-145
-95
-73
-80
-72
-82
-62
-88
-81
-91
-91
-87
-89
-104
-114
-107
-95
-86
-79
-41
-41
-41
-27
-28
-34
-41
-31
-10
23
58
48
70
43
53
34
54
45
48
76
63
52
73
70
68
98
89
131
134
114
97
68
53
65
79
83
108
78
79
90
80
78
80
68
80
77
89
93
78
93
66
58
53
47
32
21
23
-5
-32
-29
-31
-66
-39
-51
-30
-20
-18
-16
-35
-41
-58
-56
-82
-83
-103
-112
-124
-127
-139
-139
-97
-98
-94
-79
-94
-93
-116
-101
-94
-120
-109
-112
-121
-126
-116
-116
-95
-84
-80
-55
-39
-37
-19
-18
-13
6
28
44
42
65
61
64
68
69
80
90
103
90
72
84
61
94
79
88
76
87
77
55
96
81
107
96
101
77
43
31
22
25
43
74
74
60
48
28
-6
11
25
17
16
16
-10
-38
-53
-44
-32
-10
16
7
11
-19
-17
-30
-29
-20
-30
-7
-6
-8
-9
0
-21
-8
33
42
52
46
43
38
22
21
30
47
75
75
33
33
-24
-32
-46
-34
-22
-16
4
4
-9
-13
-27
-79
-65
-97
-108
-105
-97
-94
-98
-103
-119
-110
-111
-90
-67
-44
-26
-48
-48
-109
-137
-141
-154
-124
-111
-74
-56
-66
-68
-60
-58
-40
-18
1
8
7
31
25
15
32
19
42
87
100
117
125
136
140
132
158
156
138
128
134
115
127
129
115
121
93
101
90
68
55
71
79
112
103
92
51
28
-9
-37
-12
-26
1
-5
27
3
-3
-31
-52
-72
-92
-70
-68
-62
-59
-56
-59
-76
-102
-100
-89
-98
-103
-83
-87
-99
-96
-94
-80
-87
-72
-30
-17
-7
17
3
-14
-24
-39
-28
-16
6
-17
-1
18
25
40
52
87
90
87
73
66
43
50
50
77
83
100
111
90
71
40
7
2
12
18
59
65
70
41
19
-3
-20
-26
-17
-9
-16
-28
-24
-37
-51
-34
-14
-4
-7
-12
-32
-66
-80
-92
-106
-78
-77
-85
-87
-95
-122
-114
-94
-69
-62
-51
-66
-80
-77
-89
-86
-88
-63
-53
-39
-32
-14
-30
-35
-40
-20
-29
-8
31
50
71
65
55
45
23
22
35
70
124
141
180
165
158
130
150
159
202
221
237
207
180
151
97
91
63
81
102
130
120
116
79
57
16
-13
-19
-22
-3
-4
-11
-37
-49
-68
-94
-80
-84
-83
-103
-115
-132
-152
-149
-146
-132
-135
-121
-126
-120
-141
-163
-166
-160
-148
-166
-142
-126
-147
-118
-115
-95
-103
-95
-79
-69
-44
-31
-12
-31
-20
-35
-12
21
41
58
70
59
36
41
48
73
99
150
182
169
164
118
92
60
49
71
82
110
124
165
158
160
158
114
115
109
96
95
58
61
41
39
56
40
46
53
42
14
20
4
-17
-27
-34
-41
-48
-62
-74
-81
-76
-75
-92
-87
-86
-100
-108
-117
-118
-104
-84
-80
-71
-77
-70
-65
-61
-61
-39
-40
-51
-40
-37
-39
-49
-32
-49
-87
-87
-75
-79
-60
-6
4
-6
-8
-3
-29
-14
-3
19
51
23
26
15
34
23
67
74
70
82
80
81
78
89
76
75
69
61
54
47
18
38
53
82
109
129
139
106
92
83
57
71
73
66
81
66
36
18
15
-21
-16
-5
14
-4
15
0
-14
-24
-28
-33
-50
-47
-56
-48
-74
-61
-71
-67
-90
-83
-103
-125
-97
-110
-75
-70
-54
-80
-98
-101
-111
-114
-104
-58
-36
-15
-16
-22
-47
-49
-57
-47
-48
-33
-35
-32
-56
-39
-35
-36
-9
-4
17
42
52
58
84
80
111
100
100
95
83
90
85
107
102
111
124
113
87
67
37
25
54
23
47
62
41
29
27
22
15
7
14
19
-11
-1
-20
-24
-25
-18
-36
-54
-57
-82
-69
-55
-40
-4
-7
-29
-69
-51
-80
-57
-46
-23
2
-17
-36
-56
-60
-69
-65
-51
-42
-50
-36
-27
-27
-12
-14
-15
12
6
6
-10
-14
-12
-10
17
22
24
28
20
34
8
35
48
54
79
72
58
33
15
-1
-17
12
40
46
70
74
64
61
53
45
54
71
66
63
39
27
4
-10
-9
-3
-4
21
18
18
19
32
-2
-19
-31
-65
-34
-23
20
51
50
32
19
-11
-35
-15
-3
12
25
34
14
-14
-26
-61
-52
-38
-15
9
8
-5
12
-11
-18
-30
-48
-57
-46
-45
-55
-61
-79
-99
-93
-100
-105
-64
-60
-58
-59
-55
-90
-60
-52
-40
-18
-37
-36
-67
-81
-72
-41
-32
-17
-22
-17
-24
-32
-25
-22
-12
-15
19
45
0
8
2
6
5
29
49
75
92
104
92
83
79
65
54
75
96
111
128
101
114
70
70
52
61
75
76
104
91
99
61
58
65
44
37
27
37
17
1
-8
-11
-22
-1
8
15
3
-9
2
-5
-14
-34
-34
-49
-48
-54
-50
-44
-43
-33
-16
-27
-42
-31
-57
-42
-39
-40
-32
-18
-29
-43
-20
-27
-23
-23
-35
-35
-65
-54
-58
-41
-21
-14
-1
-15
-14
-36
-30
-19
-17
-5
6
-11
-52
-71
-96
-95
-99
-51
-35
-22
-18
-1
-12
-25
0
0
6
20
43
42
36
18
12
10
24
24
25
51
45
63
67
76
71
74
87
73
93
82
87
60
59
89
87
96
90
84
53
50
30
32
28
16
17
-2
-18
-40
-61
-80
-73
-67
-27
-35
-46
-51
-68
-59
-59
-74
-77
-88
-103
-95
-92
-97
-70
-77
-70
-71
-60
-52
-62
-48
-52
-70
-69
-65
-75
-59
-50
2
11
32
27
16
-1
-2
8
9
36
17
21
19
33
27
64
72
91
117
104
119
75
102
89
93
139
142
153
140
121
125
84
73
71
83
93
86
98
58
58
33
34
38
31
19
22
2
-13
-10
-16
-23
-40
-6
-31
-13
-50
-70
-68
-75
-72
-93
-89
-104
-101
-120
-128
-130
-128
-134
-123
-128
-137
-135
-127
-98
-79
-69
-62
-98
-115
-123
-124
-102
-95
-84
-78
-69
-62
-42
-34
-20
-2
0
29
44
59
87
85
79
83
83
74
74
68
67
98
90
103
114
102
124
113
122
112
126
107
117
131
123
89
74
87
63
90
96
104
92
70
67
51
39
38
38
36
17
-18
-42
-55
-70
-71
-49
-34
-32
-42
-70
-94
-103
-105
-85
-86
-89
-97
-131
-156
-164
-149
-139
-124
-104
-83
-100
-91
-96
-94
-95
-80
-82
-68
-52
-43
-30
-20
-10
3
14
26
40
40
38
29
39
39
47
46
50
33
26
18
31
47
80
118
124
133
132
138
88
76
76
67
86
97
91
86
66
50
65
60
77
90
101
86
74
57
38
46
28
45
35
33
20
13
11
-3
-9
-25
-58
-52
-80
-72
-58
-66
-50
-64
-68
-85
-94
-107
-90
-101
-92
-69
-78
-82
-72
-48
-44
-20
-14
-14
-24
-48
-61
-52
-37
-43
-37
-29
-32
-35
-17
0
14
11
11
6
-21
-12
-22
-2
10
27
35
27
9
-6
-6
-25
-29
-12
-2
-17
-3
6
22
17
-1
-1
8
-3
-11
6
-2
-3
-8
5
-6
10
21
24
16
6
9
-19
-15
-20
-6
-19
25
34
39
51
49
41
17
29
3
25
-1
23
34
30
40
37
33
16
26
15
30
19
20
10
-17
-20
-10
5
22
34
43
8
-5
-4
-19
-10
10
19
13
8
-3
-12
-11
17
25
35
47
61
20
35
12
8
14
14
9
-5
18
-10
2
-10
-15
-6
12
37
32
40
5
5
6
-4
-7
-5
-9
-41
-29
-68
-65
-52
-53
-26
-22
-4
-9
0
-13
-28
-23
-38
-26
-25
-18
-7
0
7
5
5
-6
-2
-28
-32
-47
-43
-9
4
23
30
9
-2
-4
-20
-26
-8
14
17
22
15
-5
-17
-23
-15
-6
-8
20
15
6
3
4
3
11
30
36
29
33
3
4
-7
-21
-8
-9
-17
-30
-11
2
21
20
24
14
6
-28
-40
-55
-42
-59
-32
-25
-48
-40
-53
-47
-34
-57
-36
-45
-48
-34
-44
-41
-50
-24
-29
-8
-2
-8
11
31
17
18
18
27
11
22
33
36
49
59
70
68
91
86
71
68
68
85
91
83
68
60
29
41
29
26
55
45
49
40
49
39
36
43
58
55
46
48
28
11
-9
-3
-5
7
9
-29
-6
-34
-49
-54
-53
-52
-51
-30
-35
-61
-72
-90
-90
-83
-76
-71
-83
-71
-106
-105
-101
-90
-90
-82
-63
-90
-62
-74
-80
-70
-84
-36
-30
-22
-2
-1
4
4
0
7
8
5
25
35
37
66
79
95
120
113
93
71
53
42
48
49
79
96
89
100
90
82
93
101
114
129
132
127
111
63
40
27
18
30
37
36
23
-4
-6
-23
-27
-9
-12
-5
-4
-39
-33
-53
-57
-59
-48
-47
-76
-72
-91
-106
-112
-96
-83
-80
-78
-85
-102
-116
-106
-111
-71
-78
-60
-58
-63
-68
-104
-86
-72
-65
-58
-42
-64
-45
-53
-30
-26
-4
3
15
16
10
-7
-18
-5
7
15
32
39
40
40
49
42
63
90
107
95
87
67
60
62
73
81
83
127
84
82
53
54
55
87
99
119
115
87
84
62
57
40
61
56
41
8
10
-22
-18
-4
-13
2
8
8
-25
-33
-39
-53
-45
-35
-55
-67
-85
-90
-79
-96
-73
-59
-54
-46
-47
-33
-49
-23
-40
-26
-35
-40
-33
-61
-56
-64
-48
-39
15
22
4
14
22
28
10
34
41
30
29
35
34
14
22
38
30
24
22
18
-4
16
31
47
63
78
39
27
-4
-23
-33
-13
23
26
41
36
11
-7
-11
-39
-6
-3
23
19
-4
-26
-54
-53
-45
-40
-4
21
1
3
-16
-22
-16
-13
-21
-9
-6
-21
-19
-33
-24
-16
-25
-18
-3
-33
-48
-61
-69
-72
-55
-40
-39
-25
-36
-50
-64
-61
-58
-45
-29
-11
-27
-24
-30
-38
-46
-29
7
8
26
28
3
-3
-3
14
26
33
53
51
70
66
50
31
27
42
45
68
93
103
96
104
117
85
73
47
38
59
70
88
103
111
94
75
47
37
27
47
48
58
37
21
3
-14
-26
-43
-32
-22
-31
-33
-37
-40
-57
-75
-55
-57
-41
-36
-44
-48
-38
-42
-43
-76
-69
-90
-78
-71
-73
-44
-40
-40
-48
-59
-55
-54
-55
-17
9
-3
17
-22
-36
-43
-66
-20
-35
0
19
58
65
59
44
20
7
9
52
51
74
70
61
10
-2
-7
-13
27
37
65
70
43
24
0
-13
-17
7
-6
14
13
1
-4
-27
-40
-49
-30
-16
-13
10
-15
-25
-20
-24
-30
-8
-5
-2
16
2
13
0
-6
-39
-31
-4
-5
-4
-12
-3
-11
-18
-22
-35
-39
-1
-2
9
33
11
3
18
12
9
22
23
6
-3
8
-8
-10
-8
6
3
4
10
-13
-10
-19
-41
-25
-12
-14
1
24
8
-7
-21
-25
-10
-15
-15
-2
-18
-25
-30
-40
-44
-35
-37
1
10
3
0
4
-2
-2
10
14
30
45
51
51
42
46
34
43
51
72
86
80
90
75
94
70
72
80
83
80
102
93
56
63
39
44
52
49
56
34
22
24
0
-5
4
22
4
0
-20
-20
-42
-61
-65
-74
-71
-71
-57
-61
-68
-71
-95
-89
-97
-89
-87
-71
-68
-71
-40
-65
-62
-71
-78
-86
-82
-76
-106
-100
-89
-84
-57
-56
-33
-28
-26
-16
-41
-31
-42
-20
-18
0
-11
-48
-29
-54
-27
-28
-6
35
36
71
54
62
54
62
58
48
73
75
88
94
122
116
111
100
68
56
46
83
86
80
104
105
85
66
68
60
65
62
69
60
45
43
42
43
24
34
13
14
-14
-26
-38
-56
-58
-50
-62
-67
-56
-63
-78
-75
-58
-99
-78
-100
-108
-118
-110
-123
-125
-118
-129
-92
-121
-94
-80
-84
-115
-82
-79
-63
-46
-43
-42
-40
-55
-56
-24
-27
5
20
48
55
64
73
76
115
127
136
156
153
168
139
148
152
155
156
165
157
157
151
152
169
166
197
165
154
113
118
93
83
83
62
76
37
40
11
-12
-18
-33
-12
-35
-15
-43
-74
-99
-137
-135
-149
-135
-165
-147
-178
-179
-194
-184
-187
-170
-160
-158
-176
-205
-192
-209
-198
-195
-165
-176
-176
-165
-143
-139
-135
-98
-79
-87
-73
-56
-53
-28
-10
41
64
56
70
58
42
44
60
83
100
103
105
113
126
130
149
185
178
213
186
196
185
168
175
155
170
155
169
168
176
143
137
127
112
97
98
84
94
82
71
60
47
53
24
-6
-6
-34
-69
-69
-65
-60
-76
-84
-106
-119
-135
-124
-121
-136
-113
-134
-149
-163
-147
-141
-139
-121
-125
-118
-123
-125
-118
-111
-107
-75
-85
-69
-84
-70
-58
-46
-27
-5
-1
10
-1
-17
10
9
27
62
78
68
83
60
68
63
79
91
96
86
76
76
68
62
64
69
63
79
87
76
82
73
59
58
62
55
48
40
41
32
51
44
57
36
6
-8
-36
-33
-40
-33
-18
-16
-25
-13
-34
-39
-36
-39
-46
-22
-33
-31
-38
-55
-56
-63
-53
-54
-53
-61
-58
-55
-43
-43
-13
5
2
3
6
11
-17
-5
-17
-5
-10
-23
-9
-19
-19
-13
0
1
17
16
16
24
35
13
6
11
-1
2
-2
-7
-18
-18
-1
17
18
23
24
16
41
26
44
58
58
44
33
12
5
-29
-37
-22
-6
12
26
38
16
14
18
20
6
17
1
-9
-14
-34
-41
-36
-29
-44
-7
-17
-22
-18
-46
-36
-56
-35
-37
-27
-46
-34
-54
-34
-31
-42
1
-2
24
21
39
1
6
-11
-11
10
35
54
49
41
25
-4
-4
1
9
34
55
68
67
42
31
41
25
19
33
45
22
36
39
10
4
-8
-5
-27
-17
12
1
23
7
0
-4
-22
-30
-12
-7
23
12
12
3
-15
-6
-29
-9
-10
-6
-1
8
-15
-41
-22
-10
-18
-6
-14
-19
-23
-13
-16
-5
16
-6
-5
-22
-19
-47
-20
-13
-18
-2
6
10
-8
-6
-22
-30
-29
-32
-27
-23
-29
-9
-21
-27
-28
-10
19
32
36
44
15
11
-6
-11
5
2
14
34
27
49
57
45
53
55
35
46
46
50
43
30
29
15
-7
-5
-16
-15
-12
-4
10
-5
-5
-19
-36
-40
-25
-15
2
12
-3
-36
-39
-60
-72
-49
-55
-45
-36
-33
-44
-47
-26
-21
-2
20
28
20
4
-12
-34
-44
-45
-20
-15
-18
0
4
2
-12
10
17
22
33
28
23
14
19
11
32
26
53
64
80
71
55
43
35
31
35
63
65
59
40
46
5
17
19
46
37
37
50
10
4
-19
-2
-5
-11
-25
-15
-11
-20
-37
-24
-55
-58
-48
-84
-68
-86
-73
-75
-58
-57
-53
-20
-32
-46
-41
-69
-93
-88
-84
-82
-66
-46
-19
-22
-9
-2
-21
-34
-32
-16
8
27
37
42
15
22
5
26
37
41
69
70
82
73
60
54
46
29
53
61
64
86
77
65
44
36
26
59
63
93
105
92
68
64
39
34
40
18
20
8
10
14
2
-5
8
1
-4
-4
1
-26
-41
-41
-56
-65
-46
-25
-60
-39
-41
-56
-59
-61
-72
-86
-67
-52
-56
-54
-48
-39
-60
-47
-50
-53
-47
-33
-29
-45
-17
-45
-34
-36
-26
-10
0
26
35
45
36
45
11
6
2
8
31
45
49
25
18
4
15
35
56
72
69
72
30
18
26
1
-8
-10
-6
-2
-29
-26
-60
-72
-63
-49
-22
-5
33
20
31
-9
-48
-43
-71
-74
-65
-52
-51
-46
-44
-41
-33
-42
-14
-7
20
28
45
32
17
15
-1
-11
0
15
-7
-7
9
3
-1
31
41
49
55
74
82
72
74
62
66
53
49
49
52
60
34
51
35
52
81
91
111
104
102
72
67
29
10
1
11
6
21
38
27
16
5
5
1
26
24
41
29
20
-2
-19
-44
-55
-71
-66
-61
-80
-98
-94
-109
-108
-82
-92
-66
-69
-51
-62
-86
-91
-125
-140
-145
-145
-130
-112
-98
-92
-82
-72
-64
-50
-38
-33
-25
-16
1
3
15
6
5
16
-3
-13
-11
-21
10
19
37
64
75
100
93
90
108
99
93
97
95
91
78
58
55
49
54
95
94
95
121
120
108
110
102
77
78
65
50
26
34
10
-5
-22
-38
-27
-36
-14
-30
-26
-9
-26
-30
-24
-41
-45
-53
-63
-80
-83
-101
-95
-99
-68
-69
-82
-64
-65
-54
-40
-28
-46
-41
-37
-42
-41
-26
-40
-41
-39
-53
-30
-32
-13
14
-1
6
13
12
20
28
13
16
16
13
20
26
29
24
28
19
1
13
7
19
34
40
67
71
75
82
72
64
55
28
20
22
8
-4
-4
31
8
39
75
67
65
57
43
51
20
8
-5
-4
-15
-20
-30
-32
-18
-29
-35
-23
-5
-32
-4
-13
-28
-35
-48
-64
-82
-81
-70
-57
-44
-15
-34
-19
-11
-6
27
-6
28
21
1
2
-18
2
3
10
46
65
39
33
10
-1
-1
8
32
37
40
30
31
19
26
26
17
47
32
35
27
4
-18
-28
-37
-3
-8
18
29
5
7
-25
-31
-30
-11
-19
-22
-38
-72
-55
-51
-61
-47
-42
-32
-27
-32
-44
-61
-55
-92
-67
-69
-71
-66
-71
-69
-85
-85
-78
-58
-49
-43
-26
-19
-11
-15
-25
-15
-34
-21
-14
1
2
14
17
14
12
34
44
57
70
79
85
84
70
63
76
70
94
95
117
106
114
107
94
87
84
82
76
97
91
89
75
82
78
72
74
44
58
14
14
-12
-18
-33
-15
3
15
40
18
30
-14
-4
-44
-33
-57
-83
-80
-79
-84
-74
-66
-76
-62
-55
-37
-38
-25
-38
-31
-42
-44
-59
-43
-58
-72
-74
-86
-60
-79
-51
-23
-1
6
8
12
8
3
25
33
23
22
36
40
10
23
11
28
36
45
73
71
84
81
85
71
84
54
38
33
5
-5
-12
0
-25
-10
8
-10
-8
-21
-6
-17
-35
-38
-44
-60
-78
-80
-91
-97
-108
-117
-105
-113
-77
-79
-72
-65
-75
-99
-107
-113
-116
-79
-73
-44
-34
-29
-35
-16
-7
-21
7
10
13
8
13
35
33
48
61
66
52
45
55
51
49
69
67
67
68
68
56
55
61
67
78
79
93
88
79
57
48
34
23
28
51
51
52
59
53
39
68
65
31
50
37
44
39
51
40
32
31
4
20
24
28
19
9
22
9
-7
4
3
-13
1
4
19
-8
0
-25
-56
-62
-82
-59
-59
-36
-21
-37
-30
-57
-51
-61
-57
-64
-55
-49
-32
-26
-21
-28
-28
-11
-23
-17
-14
-12
-21
0
2
19
20
17
21
-3
0
-19
-4
-13
-5
4
-2
0
-8
-21
-21
-20
-19
-10
-30
-14
-5
-30
-22
-38
-53
-51
-48
-26
-31
-2
-8
11
-9
2
1
-16
-3
-30
0
-22
-28
-26
-17
-37
-41
-27
-27
-16
-24
4
-18
2
8
19
11
0
-8
-19
-10
-21
1
1
23
0
6
-6
-7
-13
-15
13
7
28
31
44
39
26
42
13
1
18
36
23
39
67
40
40
38
57
26
37
50
60
55
50
73
58
43
43
35
33
39
50
36
35
38
11
18
26
9
12
6
11
-4
-1
-8
-22
-14
-17
-11
-18
-14
-14
-24
-5
3
-13
-12
-15
-11
-26
-6
1
0
-8
-14
-22
-41
-63
-54
-40
-35
-1
-31
-8
-33
-29
-41
-51
-64
-56
-26
-26
-9
-1
10
-10
4
-14
-2
-4
7
18
25
30
44
57
66
54
68
64
10
27
4
-2
5
27
17
5
13
-8
3
-6
3
17
21
14
3
8
5
-3
-8
0
-9
-26
-48
-22
-23
-21
-31
-20
-9
-27
3
-32
-10
-35
-16
-35
-52
-52
-87
-78
-70
-35
-11
6
11
4
-13
-28
-42
-45
-45
-35
-44
-34
-50
-59
-40
-56
-47
-41
-23
-22
-17
-19
-14
-22
-18
-12
6
-7
-16
-46
-69
-64
-54
-36
-18
3
11
26
19
36
43
57
82
74
63
67
45
45
55
91
97
107
125
126
110
106
102
87
97
87
115
105
103
94
103
75
87
80
82
92
91
112
87
88
65
44
19
15
15
-9
12
8
-3
-17
-17
-44
-53
-57
-74
-79
-80
-67
-68
-45
-70
-75
-93
-125
-138
-143
-131
-132
-135
-139
-137
-154
-136
-122
-107
-80
-56
-43
-44
-29
-31
-47
-61
-56
-46
-64
-55
-56
-26
-23
8
47
58
48
52
46
36
56
55
73
78
71
59
49
26
41
51
47
64
77
62
74
104
81
94
80
51
43
27
30
20
19
12
2
-15
-41
-43
-52
-28
-23
-7
6
-16
-31
-28
-51
-39
-39
-31
-17
-29
-28
-62
-77
-91
-92
-99
-69
-44
-33
-20
-12
-29
-29
-23
-33
-7
-7
-11
-14
2
-22
-31
-19
-3
12
29
48
50
62
34
43
56
59
81
100
93
89
73
62
40
37
54
54
67
98
72
76
67
29
47
38
55
52
66
52
35
31
-13
-13
-7
14
39
6
27
13
-23
-18
-15
1
-23
-33
-55
-65
-107
-101
-97
-82
-52
-43
-45
-68
-59
-86
-58
-76
-35
-32
-54
-48
-67
-54
-67
-44
-21
-47
-38
-6
-11
-19
-13
0
-14
-5
-2
16
34
24
48
26
30
37
27
19
58
58
41
70
50
25
35
27
31
26
27
15
46
32
19
18
16
-1
-12
-3
2
-7
4
-5
4
15
-24
-1
-2
-11
-33
-26
-27
-23
-16
-4
7
13
13
15
-10
-16
-3
15
12
26
22
8
-9
-42
-56
-49
-35
-19
9
0
3
-6
-16
-23
-40
-22
-17
-4
-10
-8
5
-11
-14
-17
-31
-39
-35
-34
-27
-34
-15
-14
-9
-12
-19
-2
-21
-27
-14
-20
-30
-9
-28
-17
-25
-1
21
4
22
14
64
44
51
37
27
8
11
56
65
69
79
76
47
33
12
17
9
31
51
67
82
98
70
73
62
42
17
9
0
-12
29
29
26
-1
14
-18
-13
7
-10
-2
-2
5
-23
-23
-35
-47
-52
-42
-56
-44
-33
-43
-40
-51
-48
-70
-40
-43
-32
-11
-6
-21
-49
-48
-65
-31
-55
-18
2
5
7
15
14
1
3
9
26
28
35
25
21
7
-1
16
24
50
41
28
25
11
2
-10
-28
-5
6
22
52
38
27
1
-8
-32
-39
-42
-11
-10
7
15
-7
-25
-65
-46
-41
-12
-12
-11
-26
-31
-42
-73
-40
-71
-30
-46
-10
-5
-24
-20
-36
-32
-50
-3
-33
-2
12
1
23
23
30
6
11
10
-3
7
20
44
40
56
60
52
45
66
48
50
61
59
85
94
89
76
73
45
34
3
14
0
31
58
78
46
23
50
14
19
28
24
-1
-28
-56
-63
-80
-80
-51
-55
-78
-85
-75
-82
-86
-47
-27
-49
-70
-88
-90
-98
-68
-49
-49
-45
-56
-29
-55
-46
-6
1
40
49
63
37
44
38
52
62
53
74
45
34
76
100
118
105
97
84
59
50
47
79
84
70
97
80
64
55
57
10
10
-16
-25
-34
-52
-51
-57
1
-21
-8
-40
-48
-93
-132
-87
-97
-83
-99
-88
-102
-114
-94
-106
-116
-115
-108
-87
-58
-49
-57
-60
-88
-75
-69
-55
-47
-41
1
-5
33
57
47
58
46
40
62
35
57
62
53
79
94
97
103
72
74
45
81
82
80
119
105
130
130
114
77
54
12
12
48
66
85
63
41
3
-10
-43
-36
7
9
47
38
4
-16
-39
-86
-73
-94
-89
-84
-91
-85
-80
-60
-62
-49
-31
-46
-91
-65
-77
-80
-54
-33
-11
-35
-51
-92
-84
-78
-59
-21
1
7
-13
-49
-47
-47
-38
-19
8
19
4
13
16
2
-18
2
19
24
54
56
102
72
61
58
25
37
43
59
68
84
84
71
28
-3
-1
16
24
34
21
44
63
79
96
91
75
48
53
33
41
49
25
13
1
-15
-11
3
18
26
35
45
28
13
0
2
-17
-26
-51
-52
-44
-40
-29
-7
-44
-73
-101
-126
-120
-132
-73
-76
-64
-71
-67
-88
-76
-57
-51
-42
-25
-15
-30
-10
-40
-38
-64
-83
-87
-62
-34
0
18
47
55
57
49
9
40
-11
14
13
55
79
83
82
80
57
28
47
31
74
87
102
74
34
27
6
21
31
49
85
90
93
99
80
46
14
-7
-20
-51
-46
-50
-50
-49
-67
-54
-46
-58
-36
-29
-6
-24
-15
-31
-55
-68
-77
-78
-108
-86
-84
-70
-62
-54
-70
-69
-65
-8
4
5
8
-3
-2
-13
-30
-40
-31
-28
-7
8
24
8
13
16
49
112
119
166
155
108
50
42
50
34
63
78
89
78
63
61
72
61
93
103
94
74
63
34
34
32
29
13
12
-37
-82
-73
-70
-46
-39
17
37
50
24
1
-55
-66
-94
-122
-97
-54
-22
-23
-40
-69
-144
-178
-117
-77
-53
-23
13
-26
-21
-2
-19
-31
-17
-3
-38
-59
-62
-65
-76
-62
-52
-12
-12
-25
-11
3
-3
27
39
4
-13
-54
-36
-47
-8
15
25
32
27
21
6
-24
-6
4
0
49
109
114
94
108
71
12
-19
-3
-2
13
65
86
77
84
72
39
21
34
26
34
18
47
38
19
31
31
14
19
48
43
34
5
24
5
-9
-14
-33
-23
-9
7
8
30
38
26
19
-30
-54
-88
-90
-56
-34
-2
-6
-20
-9
0
-16
-20
-38
-26
-43
-45
-19
-26
-8
-28
-16
-18
-4
-5
15
22
20
4
3
17
8
-6
1
-19
2
-4
-9
-14
-8
2
14
72
73
76
51
31
2
-37
-48
-45
-54
-63
-22
-43
-61
-66
-47
-40
-15
14
11
-23
-26
-35
-56
-10
-10
-32
-79
-86
-94
-88
-75
-43
-42
-36
10
26
39
25
68
30
12
0
-11
-34
-41
-38
-22
1
27
57
78
42
12
22
36
85
112
123
124
132
118
105
69
34
25
26
23
61
87
113
108
83
61
52
34
41
67
62
46
20
5
-8
-53
-69
-62
-74
-59
-40
-24
-49
-101
-100
-130
-111
-100
-71
-33
-55
-66
-57
-37
-58
-46
-61
-94
-71
-37
-22
-22
-41
-52
-49
-28
-3
-19
18
-4
7
11
34
34
44
79
40
23
25
24
-2
30
39
62
65
95
89
80
64
45
44
12
35
37
43
5
29
12
-16
-6
5
5
-3
11
-22
-25
-65
-80
-97
-122
-77
-41
-19
-28
-41
-62
-72
-72
-41
-49
-33
-33
-45
-90
-88
-53
-54
-17
24
45
5
-27
-51
-73
-54
-6
41
68
106
91
105
99
57
31
-1
20
36
92
108
105
106
76
79
46
69
91
104
104
95
80
55
33
21
36
43
30
42
31
-4
-13
-4
-7
-3
14
31
44
33
24
-13
-75
-90
-85
-99
-73
-69
-70
-83
-88
-84
-77
-37
-33
-28
-13
-7
-43
-73
-78
-92
-95
-63
-16
2
-16
-25
-12
-33
-58
-61
-44
-29
-18
20
24
22
3
-2
-21
-29
-41
-58
-43
-42
-40
-29
-11
7
-19
15
20
18
37
56
65
45
23
17
-19
-29
-29
-25
-15
-38
-26
-37
-12
0
36
73
100
110
106
60
77
44
20
8
-13
-16
-32
25
45
64
80
108
122
103
91
73
41
37
29
16
29
26
42
37
55
91
60
72
37
5
-14
-70
-91
-91
-80
-47
28
45
43
19
-13
-45
-72
-89
-104
-91
-78
-38
-34
-30
-2
-18
-40
-75
-74
-85
-79
-82
-68
-58
-51
-64
-55
-53
-8
14
-15
34
34
20
13
30
12
17
-22
4
8
-13
23
39
64
67
84
78
75
38
37
18
15
29
52
46
29
21
14
-37
-53
-64
-66
-67
-37
11
22
27
-8
-30
-84
-89
-77
-41
-14
-5
-31
-46
-38
-62
-25
-41
-25
-54
-50
-76
-78
-28
-1
32
60
48
29
14
18
35
67
91
80
73
57
28
-5
7
41
68
91
137
154
113
111
116
116
114
123
119
84
54
44
10
-4
9
9
16
36
48
29
11
18
-35
-62
-37
-34
-29
-36
-4
-22
-49
-128
-160
-157
-170
-150
-93
-70
-69
-56
-44
-62
-118
-111
-123
-126
-122
-77
-40
-54
-76
-114
-109
-111
-103
-69
-57
-35
-22
8
41
83
93
125
103
91
67
43
42
36
61
78
91
93
57
18
26
31
52
67
108
124
111
71
62
47
20
4
-24
-28
6
-8
-28
-24
-41
-48
-38
-10
18
43
76
84
74
23
-72
-112
-139
-149
-90
-59
-36
-29
-8
-5
21
17
12
24
36
32
55
50
3
-2
-34
-11
2
16
45
63
69
79
102
88
78
55
42
45
73
80
78
66
48
25
10
-26
-47
-28
-26
-4
-6
-2
-22
-26
-37
-40
-25
-16
-21
-28
-8
-18
-62
-75
-64
-95
-123
-116
-85
-83
-97
-67
-30
-20
-15
-6
-7
-41
-61
-70
-101
-108
-80
-46
-13
26
69
94
79
55
43
-4
-27
-51
-74
-57
-61
-22
40
94
115
140
143
114
66
29
-3
-32
-59
-54
3
12
20
14
-14
-3
11
24
70
131
136
127
91
31
-25
-74
-67
-46
-60
5
40
19
24
9
3
-38
-20
-11
6
5
9
-18
-42
-66
-53
-13
-12
11
32
8
-30
-36
-42
-78
-87
-63
-37
-32
-2
22
24
26
16
37
-6
-15
-3
-9
-23
-5
-33
-34
-39
-23
-2
10
57
70
100
96
113
62
12
-8
-20
-51
-57
-1
16
29
52
52
43
45
26
20
6
-1
-19
-11
-10
1
-2
6
-5
-34
-32
-19
4
3
56
44
48
29
17
-22
-72
-85
-72
-18
24
71
91
97
55
52
18
5
-25
-21
-25
-34
-23
-16
-18
-37
-58
-52
-12
13
51
63
52
30
-17
-45
-93
-92
-84
-40
-21
-10
-3
-26
-30
-50
-46
-45
-34
-40
-5
3
-12
-6
-28
-59
-106
-67
-42
-12
23
79
83
30
6
-19
-21
-19
-7
-2
3
1
-2
40
36
50
87
93
120
117
98
18
-33
-49
-30
-11
17
43
52
17
-28
-36
-41
-15
26
65
77
65
66
3
-46
-63
-92
-51
-11
15
-6
-46
-90
-88
-62
-44
-12
21
30
10
-13
-74
-93
-124
-108
-68
-44
-1
27
-10
-18
-25
-5
12
13
32
35
35
4
23
10
24
69
86
78
65
40
41
59
71
115
133
107
118
78
48
62
68
60
73
64
34
32
11
21
9
-4
-6
-30
2
27
7
29
-2
-43
-53
-63
-81
-53
-25
-6
-23
-94
-128
-188
-194
-185
-124
-73
-36
-25
-16
-14
-20
-11
-30
-48
-54
-37
-11
-18
-8
-16
-57
-17
1
17
16
75
67
61
75
46
32
0
11
32
87
109
106
81
45
17
-23
-25
-14
33
105
131
123
78
20
7
3
-10
13
44
70
27
20
-28
-102
-116
-92
-68
-69
-37
-18
-22
-26
-49
-60
-104
-107
-105
-80
-40
-73
-137
-155
-150
-111
-38
42
73
42
-30
-75
-96
-97
-72
-52
-9
11
3
7
-26
-48
-37
7
67
56
45
65
63
61
96
122
133
125
131
116
103
70
79
90
60
47
71
83
77
106
117
118
140
121
101
52
32
20
35
34
26
66
19
7
-54
-58
-35
-26
-4
15
8
23
25
-17
-54
-58
-85
-119
-87
-54
-77
-66
-56
-60
-67
-59
-48
-77
-78
-58
-70
-88
-92
-110
-102
-94
-72
-45
-21
7
34
63
47
35
12
-22
-44
-39
-39
-15
2
-6
12
-3
4
-17
-10
40
45
58
32
35
28
22
35
30
31
14
9
-12
-23
-30
-22
13
43
64
87
67
56
8
-17
-13
-22
-1
20
17
18
1
-27
-50
-55
-43
4
57
56
55
48
27
-37
-54
-75
-101
-93
-62
-34
-23
-36
-6
3
8
30
38
26
-9
-15
-20
-47
-57
-71
-74
-87
-46
-34
-43
-37
-40
-32
-35
32
38
55
15
2
-12
-47
-8
11
62
109
133
157
151
83
33
-45
-49
-25
2
58
115
131
133
126
81
72
56
51
81
84
62
46
43
46
34
54
60
61
57
54
13
-3
-35
-60
-33
-38
-13
-3
16
17
-4
-2
-26
-57
-95
-101
-118
-126
-130
-102
-82
-70
-35
-43
-52
-60
-84
-152
-148
-141
-124
-109
-94
-100
-72
-48
-1
32
15
19
5
-30
-65
-70
-76
-60
-8
12
46
23
30
44
20
-2
21
64
64
135
177
171
159
128
84
33
-5
22
30
89
108
131
154
73
45
40
0
-22
-15
16
-9
10
25
52
30
37
36
-9
-13
-36
-43
-48
-73
-96
-112
-116
-102
-89
-64
-26
-23
-32
-26
-83
-87
-99
-106
-78
-57
-30
-30
-17
-1
12
-41
-42
-30
-69
-95
-66
-27
-9
77
117
93
110
91
99
38
48
29
25
47
35
37
20
66
81
103
83
87
63
70
39
62
89
66
64
14
16
-16
1
-12
-3
-3
7
-12
6
8
-1
4
-30
-25
-54
-47
-81
-89
-95
-87
-64
-35
-60
-101
-104
-119
-90
-45
25
63
74
80
73
8
-54
-91
-137
-149
-123
-82
-40
-18
57
81
92
66
74
43
11
42
64
68
79
74
38
-14
-2
-13
-31
-1
1
60
57
69
102
65
51
34
36
35
36
49
44
11
-5
-7
-33
-58
-41
-4
-12
-2
1
16
-1
16
13
-34
-40
-48
-45
-61
-49
-45
-19
-7
-35
-36
-35
-40
-39
-28
-65
-82
-99
-80
-89
-84
-34
-20
-10
20
31
23
0
-17
-35
-66
-51
-31
-64
-79
-80
-42
-3
37
59
83
77
63
56
21
17
15
24
22
18
59
84
93
118
104
80
86
73
49
64
61
60
69
52
15
2
17
58
74
84
66
84
62
53
50
28
-12
-30
-36
-62
-32
-80
-75
-74
-68
-32
-7
21
-4
-28
-49
-85
-91
-133
-163
-152
-139
-115
-75
-20
-14
-28
-20
-17
-37
-44
-49
-44
-27
-5
12
23
6
11
13
30
20
-2
-12
-2
27
65
109
126
113
72
36
26
52
55
80
107
98
45
27
1
-31
-14
-28
-1
-1
-19
-3
34
59
66
97
92
38
6
-48
-105
-131
-123
-89
-98
-72
-51
-39
-41
-4
36
60
74
75
60
6
-45
-81
-107
-102
-63
-29
-18
-2
-18
-49
-65
-67
-59
-40
15
7
21
18
20
12
-11
5
-4
10
11
-14
-33
-28
-19
-32
-22
-14
-20
-29
-20
-16
4
35
85
130
124
132
132
90
70
44
4
-24
-64
-60
-31
-27
4
39
51
98
144
166
143
69
38
30
9
-53
-50
-43
-62
-31
-12
23
-6
13
17
30
18
14
12
-2
-39
-34
-65
-69
-79
-87
-44
-11
34
2
-20
-73
-64
-87
-86
-87
-86
-56
-47
-68
-73
-86
-57
6
46
98
119
66
24
-27
-52
-67
-60
-46
-26
-11
29
42
42
42
14
16
-5
40
35
38
64
77
81
65
68
13
13
28
18
5
1
-3
-34
-23
-14
-7
-24
5
25
33
49
60
59
33
48
43
28
22
-32
-75
-108
-104
-73
-65
-13
27
78
111
125
100
59
7
-46
-82
-76
-71
-50
-12
10
35
15
10
-7
-7
21
49
73
63
56
7
-18
-67
-80
-88
-58
-38
-20
20
7
-3
-16
-16
-23
-36
9
23
36
18
-31
-90
-135
-171
-179
-133
-69
-8
20
45
29
19
-8
-29
-31
-10
13
49
63
25
-33
-74
-103
-98
-71
-45
-8
35
42
74
74
52
48
62
58
71
93
59
32
-9
-27
-26
-23
-18
-46
-24
15
34
23
36
40
57
57
69
69
67
39
11
-9
-38
-45
-8
8
48
63
70
51
-6
5
-6
27
43
89
109
81
70
22
-8
-18
6
35
81
87
95
93
79
79
45
44
4
-60
-78
-103
-92
-77
-30
8
24
31
-6
-39
-84
-84
-62
-61
-47
-48
-39
-43
-63
-74
-73
-108
-92
-81
-75
-29
-16
-1
-13
-18
-38
-46
-77
-74
-80
-56
-28
-17
3
17
46
42
54
50
28
6
-31
-37
-24
4
31
53
51
47
25
10
6
10
31
18
37
30
52
8
-9
-51
-67
-71
-26
38
48
76
66
18
-23
-54
-97
-84
-102
-51
-36
-31
-39
-30
-19
-40
-40
-27
-24
-26
-26
-22
-16
-36
-24
-48
-68
-62
-102
-68
-57
-11
35
72
122
134
108
88
53
-7
-31
-50
-19
8
78
131
166
168
137
96
73
77
104
160
176
159
140
95
88
103
105
128
127
124
96
94
70
42
9
13
-6
10
27
40
48
38
58
34
22
-24
-69
-65
-75
-35
-27
-18
-42
-63
-95
-160
-195
-199
-213
-203
-146
-129
-95
-95
-95
-113
-126
-139
-144
-139
-151
-119
-123
-120
-133
-162
-173
-156
-134
-85
-34
-52
-71
-78
-99
-79
-55
-10
21
59
77
81
56
25
-21
-56
-25
-17
8
30
84
105
103
126
161
169
172
153
131
128
111
105
98
78
101
117
143
149
121
126
118
131
144
192
223
234
193
122
49
-4
-48
-66
-74
-24
19
48
61
62
67
42
41
27
19
8
-32
-68
-100
-145
-163
-159
-150
-124
-109
-85
-96
-98
-93
-125
-106
-106
-89
-75
-40
-55
-32
-59
-101
-106
-135
-153
-142
-109
-98
-82
-59
-30
-41
-23
-10
-15
-13
5
2
0
-1
-20
18
27
61
69
69
42
-9
-10
-32
-59
-15
8
55
112
142
139
141
134
85
60
52
50
43
59
56
24
17
25
-8
9
52
63
103
121
122
105
98
56
32
-1
-14
-32
-21
8
20
26
30
34
4
-5
-30
2
-7
-8
2
-9
-20
-64
-64
-116
-114
-67
-10
35
70
33
-22
-69
-122
-170
-180
-161
-149
-87
-40
-16
-22
-29
-54
-55
-41
-22
32
64
45
17
-9
-21
-71
-91
-93
-45
-13
50
109
120
107
106
98
91
97
94
84
70
85
68
29
19
24
1
-8
-24
-28
-39
-24
0
32
57
58
62
54
54
29
-3
-27
-62
-107
-151
-165
-133
-105
-81
-30
-3
16
-3
-22
-41
-63
-76
-25
13
30
25
9
-38
-70
-105
-101
-70
-29
0
34
76
80
86
89
82
61
62
51
41
39
63
52
53
11
-8
-11
-37
-57
-34
-4
-4
36
47
41
26
31
70
56
47
40
12
41
24
41
18
-24
-56
-88
-91
-114
-99
-76
-23
23
78
83
66
58
20
21
16
33
32
40
31
26
30
-8
-32
-44
-39
-37
-3
20
50
67
77
105
106
104
38
10
-5
-9
-7
32
25
7
-28
-50
-60
-99
-62
-45
0
-6
-4
0
-27
-31
-62
-68
-85
-94
-70
-105
-100
-89
-91
-101
-100
-81
-70
-33
-58
-58
-78
-92
-66
-84
-63
-26
-23
-21
-34
-5
-54
-62
-67
-27
22
30
67
67
58
45
28
38
29
46
66
44
74
60
56
49
34
55
45
64
91
126
104
110
90
52
87
75
82
104
64
53
45
32
64
64
130
104
114
114
53
69
19
28
26
55
58
43
36
-15
-62
-63
-56
-33
9
41
56
41
6
-54
-86
-125
-154
-151
-117
-85
-59
-54
-39
-71
-68
-69
-94
-71
-88
-108
-131
-154
-157
-155
-132
-128
-99
-102
-101
-76
-92
-69
-85
-66
-71
-58
-31
-10
-3
-20
-25
-32
0
-8
17
32
50
45
55
27
45
54
64
101
112
142
129
146
130
173
144
152
146
106
76
41
78
37
66
81
139
172
189
195
130
104
88
50
67
84
85
94
86
47
34
25
-18
-25
-31
-26
-12
-11
9
12
15
28
-6
-26
-62
-70
-98
-128
-132
-160
-141
-130
-132
-142
-165
-191
-196
-197
-170
-170
-151
-141
-116
-133
-146
-159
-188
-179
-201
-148
-165
-151
-150
-181
-150
-156
-127
-113
-62
-41
-23
13
16
14
2
-27
-52
-52
-47
16
85
147
197
257
253
225
190
161
173
159
165
207
233
257
273
272
285
279
308
359
395
378
368
334
280
220
197
207
213
235
253
250
233
201
163
143
85
85
50
16
2
-53
-105
-130
-145
-137
-153
-150
-188
-204
-257
-302
-331
-348
-320
-334
-317
-349
-370
-412
-426
-426
-432
-449
-441
-434
-410
-422
-413
-406
-432
-403
-404
-382
-358
-349
-300
-268
-236
-189
-176
-169
-155
-160
-158
-92
-64
-42
5
38
54
82
116
148
174
236
268
291
297
322
343
347
391
386
445
440
450
466
470
526
531
597
637
668
707
691
685
631
612
561
609
673
714
764
728
663
596
527
477
441
425
384
348
324
209
165
37
-36
-86
-159
-201
-276
-342
-415
-491
-561
-598
-641
-640
-649
-668
-684
-731
-779
-846
-916
-983
-1011
-1006
-973
-958
-896
-847
-796
-781
-774
-760
-750
-754
-746
-727
-693
-647
-611
-555
-507
-438
-356
-274
-210
-125
-73
-32
-2
29
67
109
187
261
307
377
419
443
476
476
529
549
602
643
645
653
640
574
531
584
699
820
915
982
991
899
762
708
730
735
744
805
866
852
723
648
606
552
485
542
727
782
745
700
658
504
315
240
238
214
153
123
83
-6
-147
-212
-275
-364
-436
-475
-437
-456
-554
-667
-734
-768
-807
-801
-764
-740
-772
-796
-811
-843
-936
-986
-984
-978
-925
-864
-802
-780
-798
-807
-765
-705
-654
-599
-568
-602
-651
-678
-669
-625
-576
-501
-421
-337
-289
-250
-230
-173
-114
-33
51
142
182
214
220
224
213
213
260
302
408
478
581
620
639
661
639
676
704
790
784
738
629
560
583
682
767
848
942
851
657
495
549
615
607
649
792
898
847
776
775
741
587
463
598
738
744
643
599
553
324
162
204
318
360
322
347
317
145
-108
-265
-308
-387
-452
-437
-367
-451
-630
-735
-797
-835
-896
-858
-763
-757
-806
-870
-910
-1011
-1129
-1152
-1100
-1043
-988
-936
-934
-996
-1115
-1153
-1077
-1010
-949
-859
-759
-723
-731
-739
-725
-721
-682
-587
-431
-305
-202
-195
-207
-211
-214
-99
37
195
264
370
461
521
588
651
718
746
745
808
872
887
894
895
930
926
983
1027
1052
1052
1039
1041
953
825
639
588
627
744
851
954
991
767
499
298
304
369
383
501
594
653
522
361
275
185
38
-72
99
332
414
412
337
249
23
-150
-122
-45
4
-50
10
-25
-182
-338
-530
-616
-695
-675
-545
-439
-408
-570
-713
-838
-892
-920
-880
-768
-779
-779
-810
-889
-962
-1091
-1109
-1087
-947
-771
-660
-599
-672
-717
-801
-832
-734
-635
-559
-494
-473
-451
-487
-489
-474
-436
-321
-156
49
188
251
209
214
184
194
266
351
503
557
580
678
689
709
647
628
683
669
708
752
794
717
679
619
610
676
724
779
760
722
631
562
514
412
256
57
-48
8
135
259
378
464
343
82
-127
-54
89
58
112
234
346
199
16
47
62
-33
-163
56
417
559
485
444
435
245
12
96
223
195
78
100
238
150
39
19
-21
-200
-339
-229
-71
-117
-260
-334
-305
-444
-551
-515
-504
-601
-762
-672
-576
-527
-626
-654
-612
-695
-671
-604
-553
-664
-768
-750
-728
-719
-711
-653
-617
-603
-556
-428
-298
-340
-370
-339
-262
-252
-237
-186
-143
-104
-124
-38
76
88
86
70
110
230
305
443
483
444
384
297
361
366
397
444
425
390
319
310
387
416
407
515
499
502
449
432
418
339
185
-41
-51
39
225
278
492
613
401
109
-129
110
220
146
325
580
778
466
309
456
423
185
-33
367
685
692
645
764
864
457
213
390
625
540
371
564
496
54
-344
-395
-231
-279
-129
276
452
190
-337
-487
-534
-733
-729
-477
-177
-250
-461
-511
-638
-946
-1253
-1159
-878
-660
-532
-418
-400
-699
-1009
-1029
-891
-752
-632
-388
-262
-389
-660
-785
-841
-946
-782
-501
-177
-65
-135
-221
-335
-408
-384
-217
-73
79
76
44
70
18
15
-8
102
219
238
319
387
388
246
167
253
266
306
444
585
604
496
431
460
356
263
219
333
413
377
231
166
155
191
257
378
702
719
490
188
278
471
344
342
523
801
685
500
677
795
641
277
373
755
828
873
987
1203
986
586
599
711
654
439
531
717
568
319
144
-8
-320
-588
-444
-106
83
144
47
-154
-518
-808
-921
-878
-800
-756
-663
-637
-699
-911
-1182
-1331
-1417
-1384
-1073
-776
-568
-619
-798
-1020
-1103
-1141
-1086
-860
-714
-623
-713
-766
-735
-911
-938
-796
-583
-348
-409
-308
-394
-580
-633
-652
-363
-151
20
208
191
189
124
42
72
113
237
375
473
638
627
627
475
374
361
324
513
639
791
875
919
836
655
592
511
541
372
374
502
625
740
585
753
765
552
313
262
703
641
543
679
880
915
462
524
784
843
580
524
979
1042
878
857
997
998
552
455
675
778
616
529
750
601
299
118
156
32
-491
-668
-535
-438
-481
-433
-74
-167
-708
-1040
-977
-926
-1188
-1160
-831
-741
-915
-1094
-1006
-1112
-1384
-1505
-1267
-886
-835
-960
-1402
-1558
-1436
-1215
-981
-584
-522
-647
-548
-649
-447
-468
-469
-530
-813
-745
-585
-432
-459
-579
-545
-575
-395
-162
-18
81
62
221
360
326
273
273
200
175
273
354
545
556
511
601
586
570
542
609
666
723
1003
1051
938
602
59
-352
-611
-243
430
1112
1496
1423
1094
399
-25
0
401
1012
1461
1882
1988
1739
1336
852
525
353
597
1207
1800
2102
1890
1425
736
217
94
375
841
1012
1047
838
364
-248
-687
-840
-957
-1135
-1411
-1435
-1545
-1623
-1511
-976
-460
-406
-369
-494
-629
-895
-815
-443
-255
-132
-30
-44
-400
-775
-1046
-1311
-1329
-1235
-1012
-810
-844
-974
-1260
-1367
-1411
-1375
-1149
-976
-906
-987
-966
-1064
-1230
-1096
-874
-719
-668
-542
-484
-591
-594
-386
-53
220
529
686
736
631
390
375
453
617
577
522
465
214
98
88
121
41
114
544
926
660
-420
-1655
-2289
-1862
-692
1005
2550
2939
1877
255
-475
-241
577
1654
2791
3586
3595
3213
2600
1840
1013
413
836
1924
2921
3121
2484
1340
2
-821
-786
-61
607
819
643
118
-516
-1069
-1457
-1468
-1066
-278
472
964
640
-588
-2495
-3993
-3718
-2064
507
2369
3068
2218
111
-1689
-2399
-1623
-423
720
1381
1047
59
-1340
-2521
-3432
-3695
-3103
-2119
-1026
-639
-1120
-2081
-2795
-2698
-1956
-767
145
402
119
-322
-678
-889
-731
-333
109
599
942
761
10
-790
-1029
-587
405
1464
1877
1622
771
-25
-486
-564
-334
-304
-205
-99
18
64
-161
-517
-693
-275
396
191
-597
-1510
-1674
-1122
-59
1816
3188
3261
1911
577
354
745
1448
2280
3276
3843
3603
3095
2546
1753
645
37
601
1696
2430
2361
1610
427
-796
-1405
-1150
-364
312
495
347
79
-335
-777
-996
-752
-151
659
1372
1679
1418
707
-219
-1445
-2284
-2377
-1623
-527
455
1100
770
-486
-1990
-2765
-2682
-1948
-853
-75
4
-717
-1739
-2507
-2954
-2980
-2771
-2306
-1729
-1329
-1261
-1369
-1537
-1549
-1084
-185
660
1067
1104
826
346
8
100
378
515
482
342
138
-303
-720
-920
-806
-349
214
694
853
597
107
-355
-466
-324
-86
51
82
79
105
20
88
348
806
766
-356
-1531
-2218
-1701
-789
672
2424
3202
2633
1031
-7
-72
405
1281
2407
3559
3897
3355
2520
1677
759
-140
-51
985
2008
2311
1966
1217
90
-879
-1085
-403
453
976
992
744
277
-354
-720
-494
95
746
1371
1834
1582
350
-1454
-3177
-3476
-2524
-377
1590
2452
1914
-128
-2188
-3372
-3049
-1993
-759
10
-46
-655
-1566
-2438
-3144
-3459
-3123
-2269
-1091
-285
-354
-1073
-1862
-2156
-1704
-619
455
1009
928
529
77
-187
-118
127
534
1056
1341
1047
245
-782
-1491
-1517
-738
380
1060
1146
561
-163
-470
-376
-51
170
267
184
106
74
279
297
145
191
298
887
1155
1150
330
-1470
-2785
-3177
-1626
660
2580
3665
3166
1639
-363
-1208
-524
961
2443
3347
3886
3493
2286
901
-234
-680
-645
183
1553
2447
2171
839
-470
-1276
-1387
-817
359
1353
1501
1028
424
-170
-549
-600
-75
781
1690
1875
1046
-862
-3376
-4051
-3257
-525
1897
3118
2874
436
-2021
-3596
-3223
-1896
-332
768
739
35
-1292
-2524
-3430
-3608
-2952
-1912
-509
417
222
-726
-1693
-2127
-1586
-208
1144
1676
1303
554
-362
-939
-732
35
870
1526
1672
1065
-40
-1198
-1913
-1645
-451
972
1730
1464
601
-752
-1566
-1388
-567
288
814
925
601
369
252
335
219
451
1002
1477
1178
-685
-2803
-4466
-4123
-2266
456
3329
4314
2987
126
-1784
-1974
-840
1217
3145
4358
4247
3092
1657
313
-750
-1420
-843
770
2367
2923
2163
656
-1091
-2270
-2132
-735
903
1780
1634
852
-130
-921
-1222
-783
387
1776
2739
2913
1909
363
-1520
-2326
-1991
-857
740
1275
1146
46
-1035
-1794
-2127
-1748
-1255
-627
-279
-107
-350
-1007
-1689
-2327
-2279
-1727
-1032
-672
-778
-1107
-1484
-1558
-1166
-385
398
832
842
597
217
-102
-342
-268
148
620
810
657
167
-529
-1091
-1449
-1322
-1007
-552
-130
76
15
-93
-139
-144
88
233
434
331
206
213
234
384
432
575
898
1194
1244
-147
-2719
-4508
-4455
-2292
596
3256
4711
3812
878
-2124
-2791
-1214
1140
3149
4488
4766
3574
1663
62
-768
-1215
-1076
381
2282
3194
2375
595
-1139
-2396
-2549
-1216
953
2350
2266
1265
81
-873
-1251
-708
704
2149
2977
3187
2514
1137
-999
-2512
-2669
-1737
-150
776
1149
158
-1543
-2907
-3282
-2472
-1381
-317
160
73
-360
-901
-1193
-1289
-1066
-879
-599
-236
-354
-947
-1702
-1979
-1687
-845
171
886
975
518
-146
-580
-561
-171
274
613
859
667
-21
-942
-1704
-2066
-1781
-1031
-96
511
440
26
-544
-580
-157
365
868
982
864
294
77
30
130
429
585
1290
1574
1071
-1600
-4955
-6502
-5416
-1876
1567
4740
5666
3350
-626
-3628
-3291
-960
1938
4378
5934
5876
3892
1465
-348
-1345
-1880
-971
1537
3784
4144
2605
354
-1996
-3508
-3105
-792
1849
3196
2937
1549
-281
-1924
-2362
-1110
1061
3021
4228
4318
3022
615
-1736
-2657
-2931
-2043
-507
966
1780
757
-550
-2153
-3389
-3482
-2491
-830
328
805
230
-904
-1866
-2247
-1919
-1207
-511
-456
-840
-1169
-1524
-1786
-1522
-943
-245
379
750
535
-213
-844
-1139
-937
-293
634
1094
811
77
-1069
-1868
-2062
-1631
-717
166
759
660
-55
-801
-1114
-1002
-213
891
1556
1610
912
113
-331
-537
163
868
1562
2164
1873
881
-2973
-6130
-7297
-5178
-904
2268
5741
6115
3317
-1234
-4184
-3093
-250
3106
5800
7243
6378
3457
704
-903
-1357
-1557
-312
2256
4031
3724
1845
-258
-2407
-3652
-2832
-74
2549
3426
2673
969
-958
-2384
-2425
-684
1513
3308
4195
4110
2695
87
-2363
-3900
-3550
-2134
325
2235
2221
832
-1748
-3883
-4722
-3952
-2155
-353
774
406
-765
-1936
-2590
-2615
-2047
-1070
-458
-334
-577
-1134
-1846
-2085
-1601
-552
511
1158
895
-2
-935
-1542
-1387
-516
799
1503
1443
877
-233
-1521
-2328
-2284
-1436
-135
1042
1627
1134
22
-1076
-1519
-922
317
1609
2430
2247
1258
19
-555
-323
406
1594
2456
2778
1960
27
-3819
-6866
-7294
-4696
-341
2962
5763
5547
2354
-1884
-4354
-3014
98
3786
6589
7654
6335
3138
202
-1499
-1877
-1578
132
2540
3809
3164
1121
-985
-2951
-3662
-2352
330
2692
3313
2417
585
-1228
-2331
-1885
59
2219
3660
4173
3653
1926
-474
-2586
-3332
-2486
-953
822
1772
1240
-601
-3206
-4648
-4567
-3368
-1650
-119
477
-336
-1610
-2372
-2267
-1634
-866
-404
-364
-545
-1177
-1858
-2185
-1979
-1232
-228
787
1032
392
-684
-1612
-1938
-1346
-53
941
1279
1024
403
-653
-1529
-1799
-1625
-952
-54
930
1184
763
-246
-1114
-1080
-259
1158
2317
2902
2350
1056
-36
-175
265
1141
1923
2551
2488
1304
-1936
-5941
-7776
-6875
-2788
1259
5014
6883
4679
351
-3704
-4113
-1585
2050
5696
7711
7488
4820
1583
-648
-1758
-2116
-1231
1230
3333
3744
2405
280
-2155
-4081
-3735
-1396
1568
3235
3240
1871
-306
-2130
-2668
-1317
1087
3061
4233
3852
1552
-720
-2322
-1591
-116
864
1491
565
-1077
-2819
-3738
-3422
-2655
-2033
-1806
-1778
-1552
-1610
-1982
-2168
-2073
-1489
-414
600
816
0
-1217
-2332
-2766
-2100
-871
299
851
556
-503
-1609
-2109
-1912
-1047
169
1358
1710
1324
522
-680
-1669
-1865
-1138
-137
695
950
444
-313
-955
-1052
-463
683
1917
2557
2493
2048
1166
326
-85
108
719
1397
2059
2180
1802
141
-3510
-6734
-7747
-5561
-1389
2429
5794
6196
3204
-1168
-4145
-3429
-486
3271
6450
7568
6274
3298
426
-1268
-1843
-1733
-321
1787
3029
2762
1293
-503
-2651
-3778
-2899
-607
1764
2778
2616
1267
-709
-2035
-1947
-204
1804
3472
4290
4063
2189
-653
-2071
-2145
-717
342
1299
1357
-485
-2482
-4133
-4116
-3251
-2017
-948
-578
-628
-1162
-1678
-1677
-1219
-874
-359
292
419
-159
-1124
-1859
-2382
-2173
-1173
125
840
586
-306
-1455
-2130
-2021
-1008
243
1278
1679
1243
336
-960
-1891
-2250
-1685
-512
414
1051
976
187
-840
-1301
-930
48
1242
1924
2365
2021
1329
559
215
350
722
1186
1589
1886
1408
-356
-4374
-7112
-7871
-5361
-1027
2653
6182
5887
2638
-1616
-4023
-2829
37
3991
6953
7744
6108
3036
314
-1354
-2031
-1855
-4
2101
3241
2839
1430
-449
-2777
-3718
-2755
-312
1900
2881
2775
1322
-577
-1956
-1798
-34
2048
3653
4469
4248
2566
405
-1991
-2708
-2334
-1212
850
1442
1421
-589
-3118
-4570
-4980
-3650
-1736
245
993
154
-1014
-1674
-1761
-1292
-528
-66
50
-284
-651
-1216
-1684
-1879
-1697
-850
-146
179
-80
-667
-1445
-2063
-1624
-482
613
1225
1321
703
-506
-1616
-2160
-1903
-1419
-652
129
535
387
-205
-669
-586
-41
733
1620
2217
2214
1522
682
151
-30
186
563
1308
1528
1119
-1551
-5208
-7362
-7336
-3788
81
4314
6730
5261
1563
-2543
-3613
-1944
1369
5076
7321
7407
5279
2512
159
-1335
-2150
-1507
422
2185
3202
2910
1627
-709
-2931
-3532
-2348
-28
2038
3153
2851
1099
-807
-1892
-1409
262
2205
3827
4605
4018
2356
468
-1188
-1663
-1669
-1040
-435
-254
-480
-1502
-2579
-3320
-3456
-3126
-2250
-1087
-363
-370
-346
-181
-311
-319
-193
-334
-736
-1067
-1296
-1566
-1692
-1512
-1211
-728
-333
-390
-650
-937
-1261
-1287
-682
212
828
910
712
-72
-1216
-1961
-2094
-1732
-1102
-261
259
131
-206
-724
-769
-413
474
1400
1895
2126
1543
678
-60
-375
-99
228
845
1364
1296
510
-3029
-5964
-7551
-6441
-2678
927
5248
6574
4368
396
-3144
-3468
-1346
2369
6044
7778
6948
4525
1789
-308
-1527
-1904
-629
997
2242
2809
2522
1507
-775
-2478
-2702
-1630
234
1923
3112
2676
1140
-526
-1262
-724
562
2320
3829
4343
3383
1101
-656
-1444
-1340
-297
527
891
100
-1421
-2609
-3359
-3431
-2973
-2448
-1965
-1637
-1337
-866
-453
-212
-343
-613
-644
-684
-527
-491
-676
-1124
-1724
-1829
-1344
-763
-398
-449
-813
-1393
-1718
-1330
-498
395
983
1127
827
-32
-935
-1535
-1828
-1552
-1039
-236
276
396
-3
-627
-778
-714
-150
837
1805
2383
2165
1589
898
180
-204
-158
375
907
683
-1976
-5026
-7201
-6772
-3772
-280
3988
6068
4780
1402
-2009
-2990
-1669
1391
4958
7070
6964
5032
2497
253
-1459
-2174
-1240
504
2084
2953
3112
2296
69
-2112
-2901
-2050
-410
1384
2871
2980
1641
-108
-1274
-1232
-153
1486
3225
4177
3915
2659
1221
-529
-1591
-2147
-1927
-844
-237
552
301
-933
-2255
-3633
-4066
-3553
-2092
-521
226
419
71
-633
-1260
-1591
-1777
-1675
-1333
-986
-664
-476
-685
-1042
-1219
-1130
-1006
-685
-229
-87
-251
-327
-341
-394
-212
87
291
-88
-550
-1025
-1487
-1662
-1395
-654
-57
416
528
382
334
231
229
519
955
1228
1383
1352
1370
1031
772
632
430
-303
-3076
-5339
-6767
-5783
-2859
356
4166
5387
3726
536
-2408
-3110
-1730
1330
4873
7003
6844
5034
2533
321
-1469
-2214
-1161
292
1797
2818
3371
2990
828
-1398
-2760
-2621
-1370
665
2796
3413
2306
390
-1241
-1901
-1135
663
2833
4007
3999
3146
1848
-29
-1619
-2552
-2519
-1258
185
1760
2209
906
-1144
-3484
-4921
-4714
-2981
-478
1112
1611
962
-482
-1822
-2767
-3129
-2846
-2110
-1033
-51
420
175
-658
-1542
-2006
-1839
-975
249
1104
1098
495
-251
-992
-1222
-872
-332
-95
-150
-523
-1100
-1466
-1628
-1289
-800
-215
362
607
814
831
513
410
442
405
692
906
1222
1254
1140
955
531
-853
-3264
-5302
-6266
-4913
-2232
1089
4366
5170
3545
550
-2104
-2990
-2223
638
4117
6346
6537
5170
3087
806
-1197
-2055
-1377
-84
1367
2678
3475
3387
1900
-2
-1572
-2357
-1994
-483
1495
2633
2588
1655
267
-1004
-1392
-606
787
2142
2850
3004
2378
1030
-144
-1127
-1649
-1804
-1278
-248
369
295
-174
-957
-2239
-3336
-3406
-2488
-1296
-119
767
879
309
-862
-2109
-3071
-3361
-2835
-1738
-481
222
367
21
-677
-1336
-1526
-1014
-184
447
950
1212
900
236
-453
-1063
-1528
-1643
-1221
-697
-299
-16
6
-190
-504
-702
-661
-153
421
885
1295
1436
1300
928
563
334
181
417
690
939
472
-1368
-3267
-5016
-5274
-3825
-1303
2111
4353
4409
2852
291
-1746
-2720
-1912
649
3213
5010
5612
4826
3287
1126
-840
-1813
-1940
-1136
422
2229
3707
4007
3231
1606
-482
-2058
-2541
-1698
-277
1202
2346
2555
1852
747
-228
-967
-1226
-1022
-214
779
1538
2026
1795
818
-674
-1798
-2014
-1563
-576
431
901
479
-677
-1846
-2676
-2920
-2499
-1669
-768
31
390
165
-717
-1959
-2771
-2885
-2294
-1239
76
1119
1291
656
-379
-1204
-1613
-1496
-737
259
1075
1299
942
234
-597
-1235
-1610
-1432
-960
-265
400
750
841
491
21
-388
-547
-347
141
672
984
1102
1158
929
532
238
71
50
101
130
-388
-1351
-2398
-3121
-3038
-2291
-575
1451
2627
2773
1862
567
-663
-1230
-842
265
1618
2634
3132
3143
2693
1644
579
-405
-1020
-1068
-591
650
2088
3224
3719
3286
1955
276
-1215
-1931
-1687
-680
656
1741
2290
1987
1222
199
-927
-1684
-1943
-1512
-693
184
990
1364
1217
624
-227
-965
-1422
-1583
-1469
-1172
-863
-553
-423
-310
-275
-426
-654
-1020
-1411
-1908
-2084
-1737
-1149
-472
136
459
285
-284
-842
-1112
-1145
-869
-345
70
390
461
241
-159
-826
-1180
-1235
-1089
-601
-50
460
716
686
470
229
125
10
102
275
366
406
310
262
247
132
26
-48
-136
-240
-215
33
320
550
714
629
295
-193
-776
-1204
-1492
-1447
-1108
-480
362
1083
1341
1150
643
88
-218
-194
283
833
1253
1407
1267
1003
630
360
291
490
814
1004
1084
1058
979
898
896
1061
1256
1190
846
408
11
-181
-129
217
764
1184
1286
918
333
-353
-893
-1155
-1132
-815
-372
-18
78
10
-201
-497
-862
-950
-805
-514
-141
14
-25
-262
-495
-675
-776
-778
-676
-595
-611
-662
-655
-635
-586
-473
-397
-395
-396
-562
-590
-585
-579
-506
-637
-672
-669
-637
-457
-423
-339
-300
-305
-192
22
136
212
154
20
-42
-186
-204
-117
-116
-249
-342
-432
-416
-302
-159
40
90
125
201
84
-39
-156
-169
-26
162
435
603
610
324
-49
-377
-514
-362
6
372
664
751
639
461
203
116
139
384
712
872
936
816
622
402
360
489
860
1177
1285
1303
926
529
208
181
450
803
1227
1432
1319
917
493
195
62
111
205
325
381
324
233
189
168
163
215
333
387
434
318
22
-199
-306
-359
-405
-453
-359
-323
-407
-545
-646
-812
-988
-1112
-1138
-973
-754
-470
-344
-321
-405
-758
-1042
-1231
-1409
-1396
-1223
-941
-753
-702
-688
-640
-587
-676
-767
-807
-779
-708
-577
-399
-371
-479
-722
-948
-1108
-997
-722
-346
-168
-102
-95
-220
-279
-291
-227
-107
50
184
312
374
365
371
250
185
185
269
491
715
907
1024
1068
968
836
723
701
831
979
1157
1212
1091
894
673
608
682
928
1228
1383
1279
1012
625
344
304
489
832
1095
1039
726
374
49
-176
-106
116
337
537
597
561
398
206
106
46
61
87
203
283
210
72
-8
-72
-205
-324
-351
-366
-403
-387
-336
-331
-402
-565
-743
-847
-948
-926
-648
-397
-287
-278
-366
-556
-768
-978
-1000
-929
-720
-460
-347
-307
-438
-581
-738
-848
-795
-742
-627
-494
-503
-496
-506
-606
-664
-718
-675
-499
-393
-362
-376
-409
-415
-411
-388
-385
-450
-466
-369
-197
-30
70
82
65
-121
-186
-79
61
156
219
358
453
474
483
491
542
586
661
748
722
514
361
243
252
396
649
1002
1183
1137
899
636
433
407
557
804
1036
955
745
486
240
139
241
362
517
692
766
714
644
589
583
666
618
646
562
479
339
170
219
183
153
131
127
59
-72
-28
-1
-53
1
-54
-140
-199
-294
-258
-233
-169
-193
-284
-477
-659
-780
-913
-848
-717
-651
-594
-522
-514
-571
-735
-804
-864
-903
-837
-767
-694
-729
-826
-887
-946
-963
-901
-710
-532
-433
-353
-361
-373
-389
-375
-409
-420
-422
-366
-315
-261
-165
-41
71
100
56
48
155
252
242
261
278
282
228
267
283
363
503
565
614
583
493
336
275
258
303
435
573
561
528
429
324
248
235
304
398
433
423
359
263
242
205
191
190
227
305
311
343
391
321
283
254
371
435
479
511
421
340
229
134
71
57
35
89
170
277
357
343
289
197
86
84
143
209
310
275
258
182
22
-54
-153
-190
-96
-150
-184
-176
-192
-155
-239
-296
-392
-556
-667
-722
-641
-598
-569
-619
-815
-921
-961
-909
-741
-576
-490
-493
-518
-521
-630
-677
-756
-790
-746
-624
-432
-235
-124
-57
-80
-241
-336
-351
-288
-180
-50
56
193
218
195
135
71
125
195
277
462
455
423
346
254
273
313
365
498
511
500
506
412
401
387
375
347
313
236
262
303
353
399
346
357
309
303
365
432
452
365
282
242
214
276
326
390
431
314
261
210
151
44
10
21
128
250
314
386
391
295
230
148
100
159
180
199
245
181
64
-38
-90
-77
-143
-202
-126
-143
-159
-203
-250
-274
-404
-545
-608
-679
-741
-770
-808
-825
-847
-831
-737
-637
-580
-552
-597
-726
-788
-819
-735
-624
-539
-415
-420
-427
-398
-405
-382
-308
-256
-198
-92
70
232
259
244
275
200
156
95
43
93
150
317
488
520
530
373
274
223
232
361
558
608
632
667
611
533
490
449
339
239
155
158
189
267
349
386
353
315
256
207
231
309
369
386
369
318
221
84
-53
-147
-193
-251
-251
-177
-177
-143
-82
-40
79
138
179
167
120
68
-46
-27
34
128
179
150
98
-75
-176
-202
-140
14
154
278
361
397
323
195
61
-60
-118
-178
-192
-174
-243
-335
-438
-516
-492
-466
-342
-232
-233
-241
-351
-485
-536
-564
-533
-549
-567
-562
-562
-549
-538
-460
-372
-326
-332
-255
-240
-242
-184
-167
-116
-54
-33
-7
-9
-64
-31
34
86
84
70
53
30
8
80
193
284
376
379
368
331
278
294
316
355
344
249
192
121
132
193
222
274
299
286
307
366
458
526
573
530
452
352
224
150
140
135
161
200
173
112
6
4
49
129
304
439
450
373
213
48
-88
-137
-87
35
133
127
90
-52
-183
-231
-223
-104
26
147
164
86
-6
-128
-271
-357
-381
-359
-312
-258
-177
-147
-165
-235
-269
-248
-271
-238
-261
-387
-488
-519
-499
-448
-370
-405
-392
-434
-434
-379
-321
-216
-185
-253
-278
-267
-258
-193
-175
-90
-53
-19
-14
-36
-80
-99
-54
-62
-14
92
120
190
152
144
126
125
201
294
401
463
514
451
375
268
164
59
7
5
143
298
418
445
377
303
207
169
204
306
415
389
360
264
144
37
-23
4
80
117
144
121
56
-21
-62
7
147
260
314
297
188
48
-126
-182
-135
-58
92
143
151
46
-109
-214
-285
-275
-208
-70
-1
53
99
47
-65
-166
-271
-278
-280
-283
-179
-154
-128
-156
-170
-159
-202
-211
-237
-298
-351
-380
-389
-283
-207
-151
-106
-183
-259
-309
-350
-296
-210
-122
-1
38
102
132
30
-24
-137
-165
-154
-94
-31
63
120
67
21
-6
-42
-40
-9
-4
63
142
164
219
275
285
277
240
158
140
116
67
46
41
105
231
290
364
364
226
154
129
116
227
309
423
475
389
311
194
42
-2
11
104
182
197
172
155
122
67
120
176
211
197
150
73
-29
-85
-66
-82
0
30
20
-26
-84
-159
-223
-242
-268
-260
-248
-236
-217
-232
-225
-272
-334
-340
-366
-306
-250
-250
-239
-300
-360
-376
-395
-389
-284
-281
-273
-305
-308
-292
-305
-226
-201
-180
-213
-211
-167
-155
-91
-52
-3
62
102
135
128
82
28
5
85
137
232
267
291
270
186
117
71
110
181
212
329
337
340
352
300
318
308
283
325
312
298
281
180
138
99
103
189
264
325
342
273
227
175
141
205
279
323
289
184
54
-29
-125
-129
-63
2
51
90
121
70
-29
-24
-26
11
64
102
77
20
-63
-131
-134
-180
-187
-155
-143
-131
-127
-161
-162
-229
-318
-334
-373
-414
-430
-437
-407
-408
-368
-301
-266
-210
-202
-221
-275
-361
-384
-411
-370
-312
-247
-199
-228
-264
-330
-370
-343
-279
-245
-169
-110
-40
15
51
68
37
50
65
120
144
187
181
186
171
188
221
286
307
299
301
298
344
327
403
455
452
443
371
314
279
253
253
307
363
372
359
322
239
132
85
44
157
212
259
306
219
169
103
67
66
75
138
185
157
74
4
-109
-137
-154
-122
-49
-62
-34
-12
-38
-24
-79
-56
-64
-93
-67
-69
-48
-61
-47
-31
-38
-42
-121
-182
-190
-245
-256
-256
-256
-245
-240
-306
-267
-301
-342
-342
-373
-370
-359
-278
-214
-175
-128
-184
-221
-272
-285
-264
-247
-273
-241
-283
-338
-289
-256
-163
-101
-47
-12
3
-10
-22
-22
-19
28
84
143
175
151
118
47
-8
54
125
251
344
388
391
288
249
194
223
272
340
403
394
365
293
219
172
162
169
236
267
308
288
237
200
137
103
186
186
219
201
126
84
56
72
99
143
147
135
65
0
-50
-67
-94
-47
-23
8
21
3
-3
-32
-55
-70
-23
-4
20
32
42
11
-92
-107
-109
-75
-91
-68
-48
-101
-115
-174
-177
-209
-277
-289
-329
-327
-286
-302
-369
-371
-332
-282
-240
-182
-183
-216
-274
-318
-319
-284
-223
-161
-161
-207
-264
-342
-369
-356
-290
-190
-111
-12
38
48
42
-7
-20
-15
46
127
157
153
118
70
-4
6
60
128
214
273
284
259
225
255
304
366
434
418
420
341
261
234
244
230
272
330
329
317
305
244
171
151
159
243
268
342
345
310
233
166
145
123
141
144
149
124
95
23
-36
-77
-97
-82
-50
-36
38
74
15
-12
-42
-74
-105
-115
-45
-28
-50
-78
-65
-131
-166
-198
-224
-227
-288
-280
-311
-315
-268
-257
-278
-299
-307
-362
-425
-465
-496
-457
-378
-291
-200
-191
-222
-265
-335
-342
-333
-324
-263
-268
-313
-344
-369
-353
-306
-246
-113
-21
-5
23
-13
-48
-59
-60
-14
40
95
141
117
124
84
57
122
174
255
351
338
300
277
266
275
282
327
366
405
412
418
387
360
348
350
340
333
316
370
353
309
289
243
269
315
354
382
428
425
396
347
337
296
211
193
175
165
166
161
153
136
94
68
52
36
49
44
33
20
-12
-55
-65
-47
-42
-117
-125
-112
-181
-205
-218
-257
-274
-355
-368
-371
-366
-363
-357
-354
-418
-430
-480
-491
-519
-549
-528
-538
-472
-482
-495
-429
-464
-458
-440
-437
-384
-374
-323
-349
-367
-382
-426
-394
-344
-253
-175
-139
-93
-108
-122
-125
-93
-44
14
97
181
190
172
136
67
28
40
90
143
208
274
296
319
356
374
360
375
374
382
370
427
438
433
404
371
348
334
363
365
402
403
379
422
409
441
462
481
480
430
441
394
344
339
343
261
288
283
254
282
255
230
218
150
158
148
127
130
124
71
64
15
-32
-13
-58
-48
-26
-81
-84
-120
-176
-217
-280
-322
-326
-354
-341
-329
-373
-401
-440
-485
-490
-549
-551
-524
-515
-508
-456
-407
-434
-469
-495
-500
-510
-531
-492
-445
-503
-464
-490
-486
-469
-399
-347
-305
-224
-187
-174
-224
-207
-154
-148
-75
-15
1
34
31
42
-8
1
44
71
130
170
219
240
269
294
321
318
328
333
282
283
262
272
245
253
277
306
359
413
398
405
419
401
370
387
384
373
381
350
337
324
340
351
336
373
377
358
320
302
337
295
257
273
218
174
184
141
184
148
99
102
67
101
152
139
177
141
84
86
42
35
-2
-4
-109
149
290
505
-200
-1830
-1849
-1466
-1041
170
1086
1537
1035
-135
-613
-1120
-1485
-1122
-743
-569
-355
-294
-82
-138
-507
-720
-751
-716
-526
-408
-238
-9
40
40
-80
-412
-683
-790
-693
-484
-234
-38
7
23
-17
-18
40
105
73
-47
-28
28
39
100
197
148
115
150
188
188
178
200
247
292
338
382
389
345
289
246
279
233
193
249
280
261
288
380
428
423
396
390
385
356
409
393
379
362
374
345
289
286
197
170
126
155
224
259
352
385
355
269
196
127
88
25
21
87
85
129
82
27
-18
-83
-73
-120
-94
-69
-87
-148
-172
-231
-301
-346
-403
-458
-454
-375
-311
-311
-414
-433
-367
-383
-425
-439
-479
-474
-439
-457
-437
-432
-456
-550
-532
-527
-530
-441
-266
-204
-171
-104
-97
-147
-199
-133
-56
-97
-94
-97
-200
-217
-153
-34
37
185
305
336
301
226
163
163
155
109
154
240
194
198
251
272
292
278
224
222
207
222
287
341
309
328
296
231
199
197
288
346
306
269
228
114
170
193
175
197
231
266
236
186
115
78
36
38
96
180
227
302
229
168
109
35
28
31
70
100
135
160
162
126
87
67
26
-30
-28
-57
-134
-116
-72
-73
-88
-109
-168
-205
-182
-172
-160
-157
-152
-147
-195
-214
-249
-316
-309
-375
-402
-422
-430
-398
-393
-399
-344
-304
-298
-225
-188
-165
-194
-209
-267
-332
-365
-324
-300
-266
-241
-168
-103
-134
-113
-130
-113
-80
-43
-24
28
-6
27
79
50
51
69
62
58
89
98
89
75
50
104
217
267
264
237
219
162
218
203
174
236
298
296
290
255
170
119
128
182
281
339
347
330
274
231
175
180
189
184
208
226
184
184
163
126
204
245
265
254
253
262
206
163
90
49
-18
-31
18
-1
16
51
20
-46
-35
-58
-94
-79
-74
-118
-135
-136
-154
-177
-210
-167
-174
-221
-236
-222
-211
-256
-227
-209
-277
-318
-323
-289
-301
-331
-300
-240
-230
-264
-304
-246
-170
-167
-152
-127
-107
-206
-264
-244
-246
-210
-151
-55
-17
-51
-56
-26
-35
-27
-33
24
56
31
29
47
84
78
96
100
81
72
127
130
149
160
155
139
142
144
156
218
223
225
246
230
185
146
116
112
116
99
143
176
134
143
148
107
68
91
159
203
186
180
160
98
68
76
121
134
151
147
113
99
37
32
39
19
16
32
53
36
23
31
16
-25
-45
-72
-98
-153
-165
-142
-156
-123
-84
-30
-28
-48
-115
-188
-221
-255
-238
-234
-206
-126
-96
-120
-122
-113
-166
-189
-172
-187
-149
-148
-160
-138
-100
-88
-65
-69
-104
-145
-176
-164
-136
-87
-34
2
-14
-64
-93
-59
-39
-28
37
79
73
34
11
9
11
-7
6
62
73
76
117
115
100
132
141
125
104
77
30
27
106
197
228
255
247
206
116
66
66
99
138
132
155
148
134
134
116
130
160
187
220
194
159
123
96
91
102
116
110
128
123
105
64
52
21
-24
-43
-28
-15
-17
-43
-80
-93
-84
-45
-33
-18
-47
-95
-113
-135
-179
-190
-168
-178
-169
-146
-127
-155
-198
-213
-225
-240
-210
-190
-174
-184
-159
-146
-181
-183
-165
-162
-133
-91
-82
-87
-117
-125
-108
-124
-101
-103
-95
-89
-99
-60
-48
-58
-49
8
60
48
55
84
94
51
48
57
34
12
-7
-4
18
31
51
86
110
150
176
195
197
169
168
150
94
49
71
83
59
122
165
181
188
181
168
125
85
83
85
71
27
28
66
73
95
158
208
189
124
51
9
-5
82
183
261
259
207
95
-48
-126
-176
-165
-94
12
86
123
194
166
56
-80
-179
-215
-236
-189
-97
6
48
100
46
7
-88
-149
-190
-218
-181
-129
-55
6
57
80
68
13
-64
-131
-183
-193
-192
-164
-99
-77
-23
13
0
-17
-59
-138
-185
-227
-242
-198
-159
-89
-39
-13
-4
-43
-57
-73
-128
-161
-165
-161
-186
-185
-171
-178
-147
-116
-120
-106
-119
-109
-92
-31
37
80
77
18
11
-21
-37
-33
-14
-11
-37
19
38
73
141
219
257
285
283
233
163
127
154
188
239
244
248
239
228
209
210
179
201
243
254
294
327
366
371
341
328
264
196
131
107
72
71
81
89
108
63
47
18
-22
-47
-35
-4
4
-18
3
-4
-81
-156
-184
-236
-294
-293
-293
-254
-211
-217
-212
-181
-176
-167
-182
-191
-202
-248
-268
-261
-252
-246
-257
-235
-225
-214
-193
-169
-145
-138
-137
-165
-166
-177
-170
-165
-152
-125
-92
-67
-47
-34
-45
-45
-72
-60
-45
-55
-28
-7
33
93
114
86
83
102
70
49
79
120
161
201
197
194
179
148
145
161
190
180
184
187
182
175
198
226
228
272
243
240
237
207
205
201
203
193
193
181
166
151
128
110
117
136
126
96
120
116
97
87
57
-25
-54
-72
-124
-128
-112
-81
-83
-65
-50
-23
-74
-125
-127
-154
-201
-204
-207
-206
-229
-212
-199
-193
-189
-188
-176
-206
-208
-204
-186
-183
-131
-120
-107
-110
-133
-171
-181
-157
-129
-70
-35
-26
-7
-16
-20
-11
-9
-26
-66
-62
-100
-78
-56
-27
-9
0
11
13
-10
-31
-16
14
27
11
5
-10
-17
-47
-84
-86
-55
4
78
86
98
95
89
86
100
132
123
141
113
61
18
2
-2
9
68
127
203
247
265
262
265
259
221
204
187
164
185
189
186
170
170
175
167
177
207
211
244
239
204
150
68
18
-29
-24
-25
-2
41
39
17
-4
-74
-93
-85
-87
-85
-72
-92
-108
-137
-207
-221
-241
-266
-253
-227
-189
-194
-177
-148
-173
-197
-222
-212
-213
-218
-207
-183
-213
-231
-219
-238
-222
-190
-160
-144
-111
-85
-57
-39
-41
-43
-43
-31
-17
-5
-3
-33
-3
-18
-10
26
26
19
63
87
66
82
67
60
42
59
71
80
111
132
142
149
149
118
106
96
102
124
104
138
125
90
84
99
101
100
117
133
148
189
213
192
166
130
114
65
79
61
65
90
67
53
78
53
48
67
59
52
19
-5
-26
-46
-54
-40
-41
-18
25
37
22
-5
-47
-102
-131
-147
-146
-117
-102
-74
-48
-54
-51
-92
-99
-123
-117
-76
-42
-21
-19
-46
-37
-37
-52
-28
-53
-48
-60
-40
-70
-70
-94
-122
-91
-66
17
25
46
44
15
-13
-43
-50
-44
-42
-37
-13
-38
-63
-67
-83
-74
-71
-54
-54
-36
-30
-35
-40
-76
-91
-98
-112
-103
-91
-70
-48
-47
-55
-78
-42
-49
-27
-18
-39
-46
-21
14
7
44
60
79
49
59
36
49
90
134
185
215
231
212
197
150
143
140
151
181
182
182
203
221
222
231
191
184
206
194
198
163
170
162
144
114
125
98
90
46
12
-14
-18
30
44
70
81
57
16
-35
-70
-104
-154
-151
-137
-117
-136
-124
-133
-158
-178
-164
-131
-107
-120
-114
-106
-161
-183
-227
-236
-235
-245
-250
-260
-229
-215
-188
-179
-166
-149
-166
-200
-175
-204
-236
-232
-194
-148
-125
-85
-71
-107
-140
-205
-212
-210
-169
-61
24
87
132
157
88
10
-3
-8
12
88
143
170
153
152
166
157
160
180
213
222
236
257
234
242
255
283
282
278
308
294
273
227
199
207
202
240
258
257
219
166
146
81
75
74
97
97
100
76
77
93
102
117
94
62
34
-58
-137
-183
-252
-230
-215
-172
-102
-63
-67
-42
-71
-124
-125
-151
-179
-203
-240
-237
-238
-230
-187
-156
-107
-106
-118
-137
-165
-182
-184
-224
-213
-154
-144
-160
-147
-140
-102
-72
-34
48
49
30
-35
-61
-94
-132
-131
-81
-37
-18
-16
-12
-21
-10
-1
12
86
99
102
82
69
17
-4
-42
-44
-20
24
84
119
121
110
137
112
114
123
104
108
101
109
72
88
96
83
125
150
146
98
98
79
70
88
96
122
119
127
143
106
112
133
153
150
150
136
111
47
-22
-40
-25
10
60
92
94
76
52
17
-5
-9
-24
-37
-36
-22
-24
-77
-105
-114
-135
-109
-76
-42
-45
-33
-43
-61
-100
-130
-141
-157
-142
-128
-122
-132
-158
-205
-189
-182
-171
-144
-115
-108
-85
-73
-81
-96
-143
-154
-163
-202
-172
-135
-87
-18
40
23
6
-27
-67
-78
-94
-90
-40
2
16
54
66
99
89
66
25
24
39
80
107
102
105
85
88
85
93
97
118
145
135
121
108
109
107
139
187
186
177
131
59
21
8
-12
4
71
141
154
166
168
96
63
37
33
27
50
57
59
50
50
61
59
69
59
39
36
-16
-17
-14
-35
18
45
57
45
-18
-76
-124
-131
-133
-122
-71
-34
-7
9
-18
-61
-79
-91
-105
-98
-93
-90
-116
-150
-143
-142
-102
-75
-30
-27
-35
-57
-119
-165
-195
-147
-130
-68
-19
12
-11
-22
-17
-40
-57
-61
-58
-84
-53
-41
4
10
20
15
-11
-41
-58
-82
-85
-61
-32
9
32
54
52
75
64
59
26
36
28
3
16
-12
-6
-18
-33
-45
-2
29
47
89
99
106
89
71
69
70
81
150
149
133
90
53
30
-30
-24
3
46
103
158
195
178
154
139
115
79
67
55
84
90
74
87
70
66
48
53
45
77
92
51
49
21
-14
-25
20
11
-5
17
-4
-25
-64
-98
-124
-112
-102
-68
-44
-22
-55
-56
-80
-126
-158
-162
-142
-144
-119
-86
-100
-102
-101
-115
-105
-86
-77
-73
-102
-134
-140
-176
-198
-200
-162
-136
-98
-52
-25
-36
-47
-71
-95
-94
-90
-83
-95
-86
-36
-11
27
23
28
-17
-39
-46
-38
-8
46
107
159
195
186
150
122
128
109
114
87
112
139
232
252
243
247
194
189
138
115
76
63
92
135
181
222
253
217
193
160
105
79
65
35
15
5
29
36
43
28
-2
-1
-29
0
-6
-21
-26
-39
-37
-63
-72
-105
-125
-114
-109
-104
-110
-90
-112
-132
-139
-145
-168
-168
-166
-172
-148
-108
-108
-138
-133
-129
-91
-69
-88
-97
-98
-89
-121
-125
-140
-134
-161
-143
-125
-86
-44
-18
19
15
44
10
1
-55
-95
-100
-67
-19
-10
35
58
81
72
50
9
-11
-17
-23
35
71
85
94
103
110
90
87
78
53
59
47
33
56
82
79
65
77
79
76
56
70
93
102
149
183
225
234
188
142
86
28
-9
-30
-22
5
38
82
98
117
91
107
112
97
122
114
125
75
7
-58
-84
-63
-48
10
65
95
86
65
34
-13
-22
-24
-6
-26
-55
-56
-106
-136
-120
-100
-68
6
45
42
44
16
-43
-79
-102
-121
-132
-110
-91
-114
-104
-97
-93
-115
-132
-120
-85
-83
-92
-64
-80
-120
-155
-184
-209
-210
-187
-130
-113
-97
-96
-91
-122
-125
-99
-80
-74
-63
-74
-95
-85
-92
-58
-41
-15
-13
-3
-17
-50
-64
-14
13
54
102
138
129
73
23
35
70
80
118
124
151
156
153
131
112
100
104
115
138
137
138
140
122
129
131
141
149
119
114
110
105
96
67
78
62
51
88
103
123
121
152
115
43
13
-8
-8
-7
7
24
71
88
113
115
96
62
39
1
-48
-79
-79
-39
-12
-8
14
36
25
30
8
-5
7
5
-21
-40
-58
-65
-49
-35
4
48
74
-7
-539
-911
-610
51
616
623
214
-159
-422
-375
-170
-40
2
-24
-274
-820
-814
-269
319
647
445
47
-291
-478
-607
-387
82
603
874
420
-239
-936
-1151
-892
-193
604
961
933
435
-110
-748
-990
-751
-59
555
618
688
443
132
-497
-658
-727
-588
-138
328
820
900
681
111
-338
-831
-711
-195
360
831
872
496
47
-350
-718
-621
-444
-67
438
649
824
537
-121
-453
-508
-491
-212
162
454
468
238
40
-219
-360
-290
-2
340
623
714
618
278
-25
-220
-261
-17
327
701
862
787
455
25
-325
-454
-329
127
555
762
661
269
-152
-551
-709
-512
-189
175
458
497
290
-81
-544
-841
-774
-433
79
461
508
185
-267
-582
-747
-667
-404
-49
230
311
111
-255
-554
-727
-717
-509
-165
148
266
173
-104
-460
-728
-746
-542
-168
135
294
243
19
-317
-532
-552
-358
17
318
498
504
281
-74
-360
-412
-234
101
443
637
619
374
61
-153
-173
-28
225
469
619
594
382
84
-153
-157
-20
180
306
341
278
185
49
-59
-55
-38
72
179
254
226
142
27
-85
-134
-80
73
209
271
217
91
-55
-142
-160
-129
-74
106
211
250
181
78
-13
-115
-142
-76
31
73
125
46
-75
-149
-212
-200
-110
48
167
184
122
12
-58
-149
-201
-241
-195
-74
-26
-85
-140
-167
-195
-170
-153
-115
-39
-65
-69
-70
-172
-251
-242
-220
-169
-119
-59
-25
-31
-104
-177
-194
-219
-146
-72
-5
61
69
35
-38
-90
-98
-1
48
109
112
104
96
77
60
20
-13
12
83
120
144
145
152
71
89
130
145
130
96
136
135
104
51
2
25
96
220
245
216
161
108
19
-13
-19
16
0
2
30
26
57
86
118
147
143
100
59
-11
-66
-77
-41
9
4
-53
-91
-90
-30
11
37
28
4
-11
-42
-118
-149
-99
-68
-20
-3
-1
-38
-112
-159
-123
-74
-56
-60
-44
-16
-26
-71
-113
-141
-162
-161
-128
-84
-64
-47
-48
-14
-39
-85
-124
-89
-62
-28
-45
-42
-35
-35
-31
-20
-19
-46
-18
-30
-18
-1
35
85
129
80
9
-10
-16
0
12
117
165
172
112
39
20
-9
57
97
126
91
47
7
0
15
40
144
204
239
157
42
-66
-141
-162
-156
-10
66
138
166
165
133
22
-32
-30
6
10
56
36
-2
-43
-77
-62
-32
-20
34
80
67
44
7
4
7
-29
-27
-28
-18
10
10
22
8
24
11
-12
-26
-24
-7
6
13
-1
-9
-54
-68
-46
-27
-8
6
19
-27
-79
-113
-125
-92
-70
-16
23
30
10
-21
-88
-166
-180
-167
-76
14
46
46
44
-18
-111
-121
-75
-9
36
52
83
28
-16
-68
-55
-23
-4
29
12
12
-27
-43
-55
-27
-21
20
40
47
53
95
123
104
68
11
-42
-133
-169
-155
-70
46
185
156
146
64
32
22
30
61
83
94
-4
-78
-161
-170
-138
-27
61
141
148
147
76
-3
-40
-44
-18
15
23
-28
-37
-44
-40
-4
31
45
65
8
-15
-69
-41
-2
4
61
111
127
108
102
31
-40
-23
22
60
101
119
77
48
-8
-34
-55
-22
42
97
105
119
76
48
49
85
104
90
106
75
15
-74
-112
-153
-156
-91
7
43
80
75
64
-6
-52
-84
-98
-101
-118
-95
-111
-110
-99
-127
-143
-146
-143
-102
-102
-93
-96
-108
-151
-128
-140
-135
-104
-72
-41
-66
-109
-140
-150
-150
-108
-69
-32
-36
-22
13
-17
-30
-6
9
16
24
62
71
41
31
71
104
129
153
145
135
128
120
118
74
89
109
123
163
193
177
146
123
89
147
185
230
234
207
174
124
80
46
52
25
42
16
-10
-35
-81
-82
-79
-33
-1
31
41
55
37
-2
-46
-102
-118
-168
-159
-122
-94
-72
-47
-62
-102
-116
-91
-60
-23
4
19
21
6
-39
-45
-67
-102
-73
-97
-110
-106
-90
-86
-59
-3
14
1
-34
-33
-42
-78
-62
-42
-21
-8
-3
-9
-51
-66
-35
-29
0
5
69
92
77
28
-15
-48
-24
11
48
109
117
91
83
58
4
-14
-14
18
52
80
65
30
-4
-60
-81
-47
-36
-1
-21
8
14
15
43
27
23
-3
-29
-50
-50
-72
-65
-56
-62
-54
-35
-10
-19
9
30
50
37
36
31
37
17
9
1
-35
-46
-42
-34
-21
62
116
148
149
115
67
-6
-28
-27
30
69
133
168
134
83
15
-36
-10
31
95
145
183
150
94
39
0
-5
-22
50
114
135
123
109
53
-15
-22
-43
-45
-65
-69
-53
-65
-59
-52
-60
-35
-29
-61
-72
-100
-129
-172
-193
-233
-241
-231
-234
-241
-227
-188
-180
-158
-97
-75
-64
-36
-22
-38
-79
-134
-132
-144
-133
-81
-14
49
70
71
86
61
51
63
71
88
92
96
97
122
124
127
161
153
160
164
174
129
106
107
78
51
60
75
95
120
111
135
125
145
116
87
86
68
45
-2
-17
-48
-66
-91
-51
-53
-59
-41
-52
-36
-49
-29
-27
-20
-55
-61
-67
-81
-96
-117
-114
-134
-144
-153
-113
-78
-32
2
19
23
15
4
1
0
13
25
16
25
35
37
54
104
110
96
75
11
-27
-34
-24
24
109
174
184
162
115
57
13
-12
-14
9
25
18
-18
-37
-82
-111
-100
-82
-56
-24
20
50
21
2
-41
-94
-109
-131
-137
-115
-94
-90
-96
-127
-127
-145
-141
-123
-74
-39
14
59
52
16
-45
-70
-76
-62
-52
-39
-59
-58
-72
-78
-57
-28
23
66
105
111
118
100
88
59
34
49
26
12
26
58
58
87
101
94
94
88
108
142
160
171
158
151
100
48
50
66
96
122
129
105
60
46
42
48
78
106
114
79
49
10
-4
-10
15
3
27
21
-7
-67
-102
-118
-122
-84
-64
-61
-84
-92
-105
-84
-80
-98
-119
-163
-203
-234
-238
-213
-198
-146
-94
-76
-60
-52
-39
-81
-115
-143
-159
-186
-137
-104
-72
-18
24
29
39
25
26
16
0
28
51
69
72
74
61
19
31
69
111
142
169
178
156
142
123
92
55
60
58
59
56
63
98
106
132
151
131
112
53
40
6
3
32
61
66
31
-17
-63
-103
-114
-89
-27
30
59
64
26
-33
-89
-101
-83
-93
-94
-62
-50
-6
9
-8
-40
-60
-84
-101
-95
-68
-45
-34
-26
-25
-45
-75
-60
-25
18
70
126
124
74
4
-45
-49
-33
25
62
74
71
42
3
-29
13
51
104
124
140
129
66
33
-26
-5
21
44
57
68
40
-15
-38
-45
-25
-24
48
63
71
41
13
-25
-58
-68
-76
-62
-66
-92
-117
-155
-185
-180
-157
-111
-87
-44
-38
-58
-89
-89
-105
-135
-132
-139
-134
-141
-121
-104
-55
-65
-63
-75
-46
-32
1
55
66
83
73
46
-9
-30
-32
14
61
123
162
197
184
155
127
122
111
142
213
215
248
269
227
154
98
57
55
66
96
126
167
191
187
157
124
96
43
18
7
13
2
-17
-17
-34
-56
-70
-85
-67
-75
-48
7
-5
-29
-87
-131
-149
-159
-142
-137
-110
-128
-111
-103
-123
-118
-125
-123
-133
-147
-130
-112
-85
-38
-32
-67
-83
-108
-135
-143
-118
-97
-68
-44
-20
10
3
15
26
15
-13
-10
-21
-38
-57
-23
-11
-1
0
-2
-20
-7
-3
34
76
105
130
115
84
33
-3
-16
-13
12
11
33
35
51
49
67
115
101
95
54
66
63
53
68
76
101
94
59
45
14
-5
-24
5
48
75
110
95
104
97
42
5
15
15
13
22
56
66
44
27
-18
-28
-52
-21
21
35
59
60
84
76
53
36
39
-3
-36
-69
-53
-36
-11
1
0
11
-3
-2
-8
-16
-10
5
21
32
19
-5
-5
-21
-43
-88
-104
-103
-103
-111
-101
-75
-62
-44
-45
-14
1
-8
11
-9
-32
-70
-113
-133
-148
-123
-149
-111
-108
-120
-138
-132
-101
-101
-76
-56
-7
-20
-34
-41
-78
-123
-153
-137
-130
-125
-83
-62
-27
1
23
54
63
85
70
76
41
4
-16
-52
-54
-8
55
96
144
178
208
203
191
196
189
151
161
140
120
101
95
92
101
119
129
148
155
182
181
199
191
153
127
58
31
4
-3
15
26
48
46
54
37
30
12
-3
3
26
7
4
-16
-23
-38
-61
-62
-91
-99
-121
-118
-118
-122
-89
-74
-58
-55
-40
-51
-74
-98
-116
-154
-166
-186
-194
-140
-124
-94
-88
-47
-36
-53
-42
-78
-100
-120
-119
-108
-89
-77
-62
-54
-51
-47
-22
0
57
90
95
93
48
2
-45
-48
-51
-50
-18
14
16
23
26
37
32
60
79
92
89
94
75
33
15
-10
-3
-18
2
29
40
49
57
64
72
65
84
76
63
30
28
33
35
65
104
112
100
86
33
13
-4
-7
7
19
30
32
13
-22
-16
13
64
67
87
61
30
7
-25
-53
-53
-31
-34
-29
-33
-42
-69
-64
-55
-51
-39
-23
-13
3
27
68
67
32
1
-41
-87
-94
-91
-78
-66
-12
7
37
43
48
48
28
21
5
-5
-14
-25
-17
-9
-39
-25
-39
-27
-5
12
15
17
15
-7
-33
-29
-29
2
4
35
32
-7
-45
-87
-79
-61
-75
-160
-104
29
-39
-77
112
144
-32
-111
-44
-48
-122
-62
69
34
-73
-48
-19
-21
-51
6
46
7
-28
8
88
109
101
123
138
84
-17
-38
-6
-16
-19
28
77
73
91
112
129
113
100
83
50
22
15
17
54
33
30
29
-1
-24
-25
-24
-26
30
67
86
100
86
42
-16
-46
-91
-129
-121
-86
-58
-39
10
1
-42
-43
-53
-65
-65
-49
-68
-38
-48
-48
-75
-82
-101
-87
-94
-88
-52
-41
14
8
15
9
16
16
-12
-34
-39
-56
-50
-8
-7
7
26
39
26
11
17
27
35
39
60
45
39
12
-4
-19
-15
-5
11
33
25
39
53
67
39
21
30
41
26
18
32
26
-5
-25
-23
1
-8
27
34
69
66
16
-7
-43
-76
-73
2
25
56
73
62
24
-55
-83
-79
-52
-9
76
88
74
87
53
31
-5
5
8
23
31
44
31
3
-2
-5
2
15
38
69
80
76
62
57
35
28
-7
-20
23
37
58
69
71
21
-14
-55
-116
-130
-112
-79
-24
20
42
72
31
-28
-55
-98
-122
-122
-117
-119
-129
-112
-131
-129
-122
-119
-114
-99
-45
-14
29
35
42
20
-38
-109
-158
-194
-173
-135
-94
-58
-18
9
31
45
59
47
38
36
23
20
12
17
10
9
16
33
26
40
41
87
114
98
89
87
90
76
68
57
49
25
14
34
26
37
64
103
87
108
111
101
70
62
71
43
61
73
70
72
66
80
71
28
22
12
23
27
38
58
74
82
67
27
-3
-30
-59
-59
-29
-3
24
31
10
-48
-83
-78
-100
-93
-49
-28
-1
16
1
-47
-70
-83
-118
-113
-104
-65
-71
-69
-79
-78
-118
-133
-91
-97
-97
-64
-25
-58
-62
-74
-100
-94
-80
-49
-23
1
1
-6
-6
-33
-46
-71
-53
-25
-8
13
52
54
38
53
45
57
40
43
85
92
103
72
77
33
27
10
23
47
56
89
97
100
80
40
27
22
32
42
86
126
67
35
10
-52
-79
-92
-41
-13
21
35
41
21
-23
-33
-70
-87
-66
-27
-20
-5
18
15
14
-8
-16
-15
-15
-14
-22
-7
1
1
9
0
-15
9
19
27
47
39
33
18
37
0
-13
4
13
-3
-13
-6
6
11
31
32
31
12
26
31
26
37
18
13
11
18
-9
-15
-30
-30
-80
-69
-47
-36
3
51
92
62
57
20
-47
-98
-121
-119
-123
-88
-56
-23
10
11
17
15
16
-8
-13
-8
-17
-15
-39
-34
-48
-42
-45
-50
-15
19
34
37
17
-12
-18
-39
-19
5
33
36
25
10
1
-4
-21
3
-5
4
27
33
45
20
21
35
31
22
24
19
18
24
22
11
-14
-23
-21
-30
-37
11
25
28
31
43
12
-29
-27
-15
-11
20
55
54
24
5
-24
-50
-55
-71
-36
-11
32
65
86
119
104
97
101
70
36
10
-2
-7
-3
3
7
19
16
12
51
58
70
60
39
18
-7
-39
-60
-57
-53
-38
-26
-38
-51
-67
-66
-79
-64
-84
-92
-107
-101
-112
-108
-77
-72
-57
-69
-37
-65
-68
-82
-94
-71
-73
-57
-61
-56
-68
-38
-10
20
51
48
48
47
49
23
-1
-2
18
32
40
61
92
99
105
73
71
75
47
61
69
61
75
103
98
72
90
44
23
23
31
67
76
128
144
153
125
87
56
-8
-24
-13
2
25
34
51
39
39
22
30
30
7
-2
3
-13
-38
-41
-31
-33
-33
-33
-50
-56
-74
-76
-71
-61
-70
-72
-69
-84
-104
-96
-105
-104
-115
-90
-77
-56
-38
-16
-8
-39
-50
-81
-111
-117
-82
-61
-17
12
9
27
21
-18
-41
-51
-64
-63
-46
-45
-28
-12
-9
34
37
86
81
78
53
21
-26
-62
-48
-78
-55
-16
27
53
52
62
72
72
83
72
77
50
20
12
2
-5
-9
-2
13
7
31
60
57
47
56
57
12
7
15
7
5
21
39
53
68
76
52
20
9
-13
-44
-49
-33
-16
16
31
50
66
65
62
62
34
8
8
7
4
11
27
35
31
41
41
41
56
53
49
51
37
36
22
36
35
35
67
71
56
33
12
-17
-50
-69
-46
-15
0
-5
-8
-49
-54
-64
-73
-57
-56
-61
-59
-70
-89
-80
-84
-68
-84
-87
-76
-103
-117
-137
-157
-160
-139
-104
-83
-48
-15
-14
-28
-48
-75
-106
-131
-139
-126
-112
-100
-71
-70
-40
-53
-13
37
64
91
79
65
62
60
44
24
23
15
4
44
64
98
136
164
181
175
154
127
95
65
60
87
121
150
179
157
146
137
115
81
61
32
24
57
69
69
51
57
41
48
12
-7
4
-11
-9
-4
-20
-76
-93
-112
-121
-117
-92
-47
-44
-43
-26
-35
-63
-85
-102
-122
-133
-123
-101
-85
-60
-40
-29
-49
-63
-86
-94
-93
-60
-35
3
12
1
4
-28
-17
-3
16
48
53
78
76
44
7
-33
-51
-50
-29
24
50
71
94
97
57
37
11
-2
-2
-11
-7
15
22
41
51
52
49
46
52
40
29
34
56
25
17
13
-14
-36
-13
-36
-39
-27
-11
0
-14
8
18
22
13
44
44
20
-9
-32
-44
-38
-50
-9
9
13
4
11
40
23
41
38
29
3
-27
-58
-77
-84
-65
-34
-5
25
57
67
75
65
45
16
-5
-3
-22
-25
-11
8
17
35
24
20
25
42
40
22
2
-3
-11
-16
-21
-45
-66
-95
-103
-115
-111
-73
-42
3
-8
-17
-69
-73
-93
-108
-87
-74
-57
-34
-32
-38
-22
-36
-41
-47
-29
-35
-22
-27
-45
-32
-3
1
7
20
23
8
14
7
26
44
44
62
82
73
38
28
5
-19
-23
11
31
63
103
133
148
137
117
71
51
41
40
54
59
56
36
25
7
17
32
54
80
114
117
88
56
21
-6
-4
39
63
73
63
54
23
-6
-22
-35
-1
26
27
29
5
-7
-17
-32
-3
-13
-11
10
-11
-21
-39
-33
-61
-91
-105
-128
-109
-127
-101
-69
-40
-26
4
-10
-30
-69
-113
-108
-110
-75
-32
20
44
35
7
-32
-94
-134
-136
-118
-64
1
47
60
39
7
-32
-67
-117
-114
-114
-66
-31
3
43
34
50
19
-4
-35
-57
-74
-55
-20
9
44
59
48
0
-9
-22
-4
24
39
52
37
22
-3
-25
-29
-10
11
39
45
75
93
83
73
52
60
40
24
48
38
33
39
34
12
17
15
27
62
104
144
122
141
126
104
76
76
51
19
20
11
8
0
-7
-9
5
20
38
42
37
58
59
45
64
45
26
4
-20
-45
-70
-87
-94
-89
-67
-27
0
7
6
5
-22
-37
-34
-31
-42
-47
-64
-99
-143
-151
-129
-116
-79
-35
3
19
9
-3
-66
-89
-117
-110
-113
-96
-52
-6
38
47
54
31
-8
-64
-79
-91
-84
-51
-9
15
30
18
38
12
-9
13
2
-3
-23
-1
-1
17
70
81
109
81
63
33
24
16
29
66
100
117
127
133
86
44
16
9
-3
23
29
29
42
28
28
28
53
42
58
49
33
21
20
5
-13
-16
-41
-75
-126
-136
-157
-136
-115
-83
-19
-9
13
10
-10
-16
-34
-20
-31
-41
-47
-73
-102
-121
-130
-131
-96
-58
-45
-6
34
59
56
36
30
9
-9
-11
-7
-10
15
22
28
50
58
75
74
99
117
87
74
36
38
48
45
72
86
100
118
99
78
76
53
39
29
16
0
5
-9
-27
-33
-28
-10
6
12
37
62
83
66
3
-22
-77
-113
-126
-136
-120
-76
-51
-14
3
12
15
-18
-26
-70
-87
-68
-40
-19
-17
-32
-71
-88
-117
-96
-55
-11
34
71
58
44
21
-23
-21
-23
5
12
38
40
64
70
64
62
64
56
20
11
-22
-25
-11
26
64
91
95
96
87
65
46
41
29
22
27
12
20
-4
-15
0
3
13
37
54
63
45
14
-34
-85
-118
-110
-88
-39
-17
4
-10
-81
-107
-174
-184
-175
-155
-130
-111
-93
-138
-154
-185
-181
-143
-73
-15
22
38
18
-18
-54
-77
-101
-108
-114
-101
-83
-71
-35
-7
17
26
63
93
114
134
130
129
113
123
107
99
83
74
58
57
59
88
129
183
238
251
272
260
209
185
144
129
102
107
116
106
116
117
99
108
90
90
73
57
24
-29
-57
-62
-39
-17
6
23
30
-4
-52
-100
-115
-148
-135
-118
-109
-67
-90
-83
-102
-107
-87
-91
-99
-131
-128
-159
-156
-159
-162
-130
-107
-92
-86
-80
-66
-53
-72
-95
-106
-113
-113
-101
-86
-52
-18
26
53
64
60
52
39
13
-12
-20
-15
-4
10
28
63
84
100
95
99
83
56
36
24
22
37
73
95
99
76
53
3
-17
-34
-34
-20
-11
52
84
94
88
57
17
-31
-67
-83
-117
-92
-57
-44
-20
-17
-21
-23
-24
-52
-51
-43
-35
-21
-13
-4
-10
-1
-11
-39
-34
-50
-55
-49
-31
0
16
13
12
16
18
39
55
105
129
141
147
125
97
54
5
-14
-4
18
51
96
112
155
170
180
185
144
128
84
37
25
21
33
48
64
70
55
47
55
55
62
63
49
10
-17
-71
-92
-89
-76
-56
-40
3
-27
-39
-71
-108
-143
-166
-151
-143
-157
-148
-156
-172
-169
-164
-170
-138
-122
-95
-106
-110
-129
-160
-165
-168
-142
-128
-92
-87
-54
-35
-21
-18
-7
-4
3
19
29
44
49
64
77
50
28
43
22
11
30
65
96
125
163
180
169
165
164
168
157
131
107
82
50
33
42
62
95
132
154
150
144
88
49
14
-14
-3
6
12
23
14
9
4
-18
-23
-45
-45
-73
-59
-43
-43
-21
-28
-32
-80
-112
-125
-134
-141
-96
-16
34
72
68
41
-18
-71
-134
-132
-114
-85
-66
-41
-20
-26
-10
-27
6
-3
1
4
10
20
39
40
44
64
73
42
24
10
-20
-15
-17
-11
12
50
68
86
95
70
32
29
-23
-33
-29
-13
24
26
29
0
0
-28
-29
-54
-39
-27
-7
2
6
24
17
19
-15
-41
-55
-79
-86
-64
-49
-41
-41
-53
-67
-65
-28
-9
9
32
35
26
-26
-59
-93
-131
-105
-30
22
66
91
84
58
50
34
22
15
26
41
53
49
31
21
23
45
60
91
119
139
121
117
82
58
68
54
82
91
102
105
72
45
36
29
18
64
50
54
38
9
-16
-31
-29
-26
-7
-3
-3
-41
-79
-109
-111
-121
-104
-112
-116
-100
-119
-109
-144
-144
-156
-127
-121
-111
-100
-88
-89
-82
-71
-73
-82
-90
-115
-123
-119
-114
-103
-81
-57
-48
-36
-25
5
12
43
53
46
22
20
4
-21
-7
-13
16
37
79
128
143
155
155
143
145
135
136
117
112
82
68
34
13
35
42
82
106
139
164
167
148
132
67
17
-4
-12
-10
9
20
24
42
61
58
54
69
36
37
29
9
0
-16
-20
-17
-1
1
1
-1
-35
-60
-65
-49
-36
-21
-5
9
15
-12
-30
-31
-65
-67
-63
-65
-43
-69
-67
-82
-79
-80
-71
-49
-22
-6
1
1
-18
-33
-48
-60
-88
-91
-83
-88
-76
-65
-56
-34
-38
-24
-11
-9
-7
9
44
31
42
40
26
5
-17
-31
-56
-53
-28
10
28
53
72
61
17
3
-19
-31
-32
-29
-34
-42
-47
-49
-48
-29
-9
17
27
28
3
-7
-28
-65
-73
-87
-80
-65
-34
2
8
10
28
23
41
43
64
71
90
84
67
33
-20
-45
-69
-67
-67
-46
10
64
102
128
157
129
106
111
76
52
68
75
66
53
58
44
36
45
58
99
126
154
169
154
131
98
72
34
29
31
15
9
17
8
6
6
-9
-24
-34
-37
-23
-9
-22
-39
-64
-87
-86
-86
-81
-83
-91
-101
-113
-149
-173
-174
-143
-95
-68
-28
-23
-55
-115
-151
-184
-187
-148
-117
-86
-65
-33
-34
-30
-20
3
-1
-15
-5
-21
-23
-24
-6
3
9
35
52
58
66
105
122
134
141
131
114
92
78
70
63
82
72
90
84
84
53
63
62
88
118
111
99
50
23
-47
-39
-57
-41
-17
-9
4
19
16
-6
-28
-49
-81
-96
-108
-126
-104
-98
-67
-53
-68
-65
-72
-65
-68
-93
-74
-72
-83
-49
-31
-7
-3
-1
-6
-20
-35
-27
-31
-36
16
45
77
100
119
113
113
122
90
67
42
30
27
16
41
54
62
85
117
143
130
126
98
35
-13
-40
-53
-55
-51
-10
0
28
50
28
3
-22
-11
-29
-42
-35
-36
-54
-84
-78
-79
-105
-100
-83
-71
-50
-33
-25
-11
-18
-10
-28
-46
-70
-75
-72
-100
-96
-97
-86
-62
-55
-13
16
36
68
70
64
63
52
34
25
15
5
12
11
24
46
57
70
67
94
98
118
109
110
95
82
63
31
58
35
47
42
31
37
59
52
37
27
-16
-25
-49
-41
-57
-39
-22
-20
5
-11
-11
-41
-41
-45
-39
-15
-13
16
-12
-26
-84
-117
-123
-138
-108
-77
-40
-7
25
21
17
4
-5
-32
-28
-39
-27
-15
-14
-30
-51
-58
-86
-87
-83
-48
-11
35
101
133
121
106
43
-34
-84
-123
-128
-109
-72
-22
27
58
57
56
29
34
19
8
10
-3
0
-2
-3
-7
-15
-43
-43
-61
-39
-9
19
52
58
63
54
47
33
29
26
33
32
32
-7
-12
-35
-51
-38
-13
41
76
114
150
165
173
142
124
74
10
-1
-43
-26
-33
-13
35
43
50
49
43
35
21
28
54
44
63
46
22
-16
-63
-85
-113
-132
-123
-103
-72
-24
40
70
77
85
67
30
-6
-50
-61
-46
-66
-38
-12
-21
-14
-13
-25
-23
-23
-7
2
35
53
70
58
43
12
-23
-53
-61
-51
-56
-13
7
-4
-39
-33
-40
-24
-13
10
9
-3
-10
-57
-68
-91
-98
-98
-75
-37
-49
-32
-23
-36
-61
-75
-84
-107
-104
-91
-70
-51
-27
-2
-17
-14
-15
-29
-48
-48
-33
-33
-29
-25
-18
-17
-24
7
13
23
38
51
67
61
62
52
28
15
17
1
-7
2
31
55
66
81
105
110
120
135
149
135
118
71
53
43
25
48
70
99
121
133
143
142
107
87
85
67
44
45
22
-14
-24
-38
-30
-20
-7
22
19
24
18
-5
-7
-23
-41
-31
-20
-34
-29
-46
-56
-74
-89
-94
-97
-71
-67
-31
-23
6
1
-8
-30
-47
-68
-62
-76
-70
-64
-72
-58
-49
-62
-64
-49
-29
15
47
46
30
20
-31
-35
-34
-39
-34
6
16
16
-13
-17
-16
-13
-15
-15
4
10
-1
-20
-44
-76
-74
-71
-50
-13
22
37
55
42
-5
-24
-45
-38
-31
-8
21
23
28
-8
-12
-30
-21
-8
-4
11
10
4
22
15
36
41
59
57
40
34
-5
-15
-31
-26
-23
1
38
45
68
77
78
55
42
28
26
4
-4
-2
-2
9
-8
6
-21
-13
-7
15
15
20
16
9
-5
-13
-16
-12
-17
-5
-4
-20
-12
-25
-23
-33
-29
-23
-15
-1
-1
17
41
44
38
56
42
37
29
19
30
47
67
88
89
67
53
34
27
22
33
27
31
42
70
58
42
24
8
-13
-31
-25
-28
-30
-37
-29
-37
-52
-43
-50
-47
-60
-67
-69
-73
-70
-48
-27
-10
-16
-13
-29
-64
-86
-101
-118
-111
-97
-64
-43
-27
4
0
9
23
35
38
37
19
3
-29
-23
-38
-41
-20
0
31
42
61
89
97
95
109
94
63
48
6
-11
-22
-15
4
23
37
55
52
25
8
-29
-48
-72
-65
-53
-21
19
57
56
46
34
-11
-33
-53
-31
-33
-34
-12
-15
-22
-31
-23
-21
-15
-6
20
14
-17
-39
-61
-87
-87
-68
-43
-21
-2
14
27
16
-23
-54
-64
-79
-59
-56
-42
-40
-45
-36
-28
-26
-24
-8
-2
17
32
67
76
85
97
94
76
39
17
-2
7
26
52
82
94
101
95
89
87
64
70
64
60
67
97
76
75
69
70
46
22
13
-8
20
49
97
110
102
80
53
7
-23
-44
-37
-24
2
15
-14
-34
-67
-98
-106
-104
-70
-44
-9
10
4
-23
-52
-96
-127
-132
-110
-111
-82
-63
-45
-57
-57
-46
-64
-70
-64
-28
-23
-23
-29
-44
-64
-75
-81
-71
-33
-9
6
10
-4
-7
-6
-9
-16
-27
-35
-46
-48
-39
-28
11
39
77
85
77
79
54
58
51
26
27
18
-22
-11
-7
2
7
24
47
54
40
9
-26
-52
-34
-24
15
27
56
48
45
38
10
-4
-38
-28
-7
21
44
61
60
62
49
37
23
15
18
30
41
64
71
56
50
16
-13
-32
-46
-34
-14
6
20
41
53
69
73
43
53
45
16
8
1
-19
-29
-11
-22
-18
-10
0
26
33
46
51
47
31
17
-8
-8
-23
-44
-51
-59
-81
-71
-75
-64
-60
-31
-8
-1
33
10
-6
-25
-54
-65
-82
-94
-97
-104
-109
-102
-80
-52
-18
21
38
39
23
-8
-40
-67
-78
-62
-35
-17
18
26
32
28
29
14
6
10
6
7
32
49
59
91
85
89
83
67
56
48
36
25
27
14
23
16
-8
-14
-9
2
9
34
31
32
20
5
-6
-18
-14
-11
-14
-19
-7
-27
-32
-82
-102
-111
-108
-91
-73
-10
16
26
37
19
3
-29
-23
-10
-44
-14
-26
-28
-36
-39
-14
-12
12
12
28
40
23
24
29
31
50
75
79
54
57
32
1
-18
-9
10
23
57
79
102
82
83
65
42
33
30
32
48
55
49
43
25
-5
-18
-21
-7
9
20
32
32
32
6
7
2
-19
-33
-35
-50
-66
-61
-70
-64
-49
-26
-5
11
-3
-14
-32
-57
-78
-83
-83
-114
-92
-76
-61
-46
-21
-9
-6
6
-2
-17
-38
-58
-74
-87
-66
-41
-21
13
17
-1
-6
-1
2
25
42
73
73
63
37
17
-5
-20
-2
14
46
64
90
90
78
52
35
8
-8
7
36
50
65
71
67
29
-4
-1
-2
-13
-6
10
-4
-11
-11
-8
2
1
13
41
25
10
2
-11
-32
-41
-59
-68
-74
-67
-42
-38
-27
-28
-24
-19
-23
-29
-41
-61
-58
-47
-52
-41
-34
-27
-29
-26
-16
-17
-7
10
11
28
39
49
53
47
15
-8
-14
-29
-16
-11
-2
14
22
32
42
49
68
86
90
86
81
69
29
3
-14
-43
-36
-18
13
16
54
65
81
71
62
44
19
17
-15
12
4
7
-7
-19
-28
-51
-53
-32
-22
-4
17
23
27
-4
-28
-58
-80
-85
-75
-53
0
25
36
42
17
-5
-18
-38
-43
-48
-41
-22
-10
15
18
12
-3
-11
-6
-12
7
20
27
20
9
-10
-28
-75
-52
-30
-2
35
60
84
70
83
43
22
1
-14
-14
-29
-29
-11
-7
-15
0
-2
12
9
13
13
11
9
20
22
10
-2
-33
-43
-69
-97
-85
-73
-42
-20
16
41
45
39
17
7
-12
-36
-43
-58
-51
-58
-48
-45
-45
-30
-39
-29
-17
-23
-13
12
18
34
39
27
1
-3
-35
-37
-63
-55
-25
-15
11
47
69
70
93
74
91
78
70
48
40
9
-3
-7
-36
-24
-6
12
37
97
128
137
135
105
60
37
14
-3
0
-1
-10
-3
-13
-21
-3
18
42
76
74
79
55
24
1
1
-11
-5
6
4
-8
-1
-16
-22
-30
-28
-38
-56
-36
-46
-44
-38
-52
-64
-65
-92
-84
-72
-79
-52
-40
-52
-68
-79
-69
-76
-68
-58
-45
-48
-67
-72
-78
-81
-82
-48
-34
0
8
-5
-9
-45
-54
-63
-62
-44
-28
-11
8
15
29
38
49
53
63
87
86
90
69
62
48
45
57
75
84
95
94
108
111
98
86
71
48
38
41
40
55
62
73
93
90
80
73
53
44
30
31
15
26
8
1
4
-11
-29
-28
-31
-34
-37
-55
-57
-69
-83
-90
-74
-57
-45
-24
-29
-43
-74
-102
-129
-157
-147
-129
-96
-62
-40
-36
-24
-33
-23
-26
-36
-32
-26
-14
-23
-24
-29
-36
-23
-15
-17
-8
9
15
19
36
43
42
55
57
52
38
34
28
41
46
62
86
81
90
85
59
33
29
40
54
73
95
105
87
65
31
19
11
0
12
14
4
19
15
4
7
-13
5
-7
-11
-7
-6
-8
-34
-42
-81
-73
-80
-63
-43
-31
-8
-6
-23
-25
-33
-28
-14
-8
8
-2
2
-16
-12
-3
-12
-16
-34
-53
-64
-56
-49
-24
-8
5
17
18
-1
-1
-5
0
-7
-18
-11
-28
-27
-32
-16
2
12
29
47
54
39
34
12
-1
-21
-23
-29
-18
19
31
43
49
26
8
-19
-35
-39
-21
-9
1
13
18
2
0
-9
-5
-6
-13
-11
-18
-17
-33
-32
-28
4
15
37
63
47
40
25
18
-5
-21
-12
-29
-17
-22
-11
-10
14
11
28
36
24
30
27
13
6
13
13
7
19
12
-7
10
0
-14
-10
5
12
27
36
59
71
85
83
74
52
16
-12
-39
-75
-77
-67
-45
-29
-5
1
4
-1
0
3
-3
9
-18
-27
-54
-62
-75
-68
-49
-32
-11
-14
-14
-11
-31
-25
-26
-13
-8
-7
-2
-10
-26
-32
-21
-32
-17
10
39
44
63
72
72
56
45
38
25
29
39
43
34
35
36
45
64
85
80
95
77
59
42
27
13
4
14
17
5
0
-16
-41
-36
-27
-13
-6
2
-6
-20
-45
-62
-84
-95
-91
-87
-82
-51
-45
-42
-40
-56
-62
-65
-73
-69
-74
-77
-103
-89
-102
-100
-85
-54
-25
4
14
13
-7
-38
-59
-69
-68
-69
-44
-32
-22
-12
10
30
33
57
62
59
73
56
52
32
39
50
68
68
72
76
94
96
117
115
104
121
100
92
94
88
71
52
44
41
27
54
62
69
96
108
113
109
86
49
26
-3
-13
-34
-14
-1
14
35
39
29
-1
-28
-45
-62
-82
-59
-71
-53
-60
-46
-59
-82
-85
-102
-100
-108
-101
-76
-81
-69
-54
-54
-47
-41
-52
-51
-39
-41
-36
-22
-23
3
-9
-12
-17
-21
-17
-16
1
-16
-13
-25
-22
-22
1
24
34
44
32
21
-6
-22
-19
-8
1
6
21
17
-3
-14
0
-1
41
61
76
79
58
24
-20
-46
-58
-51
-24
24
40
48
54
16
-9
-28
-21
-11
-2
7
19
13
-10
-23
-47
-57
-61
-44
-26
2
22
48
51
49
37
32
20
4
3
8
22
12
-5
-3
-29
-30
-30
-25
-11
2
42
41
40
41
34
-5
-2
-13
-17
-11
5
16
30
32
25
33
5
2
-3
21
43
62
77
74
69
35
9
-8
-1
-2
9
38
48
61
51
36
13
-6
-17
-9
3
15
16
11
2
-10
-21
-22
-26
-17
-10
-17
-8
-21
-37
-49
-53
-52
-57
-48
-53
-48
-64
-75
-73
-56
-56
-52
-42
-42
-56
-65
-64
-79
-85
-81
-56
-36
-21
5
21
30
40
41
42
26
21
3
2
-1
-10
5
0
24
40
62
75
94
100
83
81
59
38
18
20
21
39
32
31
35
33
41
46
52
50
66
55
39
40
20
8
0
-1
-13
-15
-17
-28
-37
-20
-5
-2
21
2
-12
-40
-65
-88
-96
-99
-92
-66
-61
-67
-61
-64
-52
-50
-39
-33
-32
-38
-29
-53
-59
-65
-61
-45
-42
-11
-23
-15
-24
-37
-45
-58
-32
-26
13
34
46
73
53
52
37
9
2
0
-5
-5
19
41
60
62
98
103
101
102
108
127
111
110
89
73
60
46
56
53
55
63
57
54
54
50
52
56
45
26
15
3
1
-11
-12
-6
-5
-7
-23
-22
-27
-31
-54
-57
-71
-86
-93
-101
-70
-57
-43
-24
-38
-35
-38
-48
-74
-71
-95
-100
-90
-78
-64
-51
-28
-19
3
24
36
28
20
20
7
9
10
8
33
34
31
51
38
45
32
19
28
29
57
76
85
74
64
34
-4
-38
-58
-63
-33
-28
-3
12
16
8
-13
-12
-31
-40
-41
-56
-49
-39
-60
-59
-62
-43
-33
-9
3
2
-15
-39
-60
-77
-91
-101
-84
-62
-34
-17
8
14
9
7
-6
-25
-45
-50
-59
-46
-33
-20
-8
5
22
26
38
22
22
4
18
19
40
73
93
111
95
116
78
58
28
13
12
15
53
85
109
125
115
109
86
80
75
80
87
95
101
77
57
46
24
7
0
26
35
32
62
71
66
63
46
38
3
-32
-33
-52
-46
-60
-60
-76
-83
-77
-79
-71
-78
-52
-43
-32
-32
-56
-61
-96
-114
-138
-127
-119
-84
-62
-41
-31
-49
-35
-61
-46
-48
-35
-22
-11
-3
-10
-1
-14
-13
-10
-19
-11
4
11
21
34
53
53
49
53
41
28
41
39
20
17
7
3
-2
-6
-3
6
22
31
38
31
15
18
9
-2
23
9
-4
-36
-67
-82
-110
-110
-97
-83
-53
-23
-9
-2
-18
-27
-54
-54
-58
-53
-48
-24
-35
-31
-19
-17
-14
-7
-3
4
25
24
52
55
62
70
83
80
62
57
28
15
30
46
52
75
85
83
88
73
81
87
93
105
104
99
75
59
48
34
44
44
53
48
41
38
16
17
-1
-10
-2
8
12
15
27
16
-3
5
-12
-14
-24
-49
-45
-54
-54
-52
-61
-63
-63
-62
-47
-43
-31
-28
-56
-64
-77
-76
-80
-87
-58
-53
-46
-28
-21
-30
-42
-39
-33
-61
-55
-62
-81
-74
-79
-66
-59
-48
-21
-10
5
16
17
17
-1
0
-9
4
0
15
29
39
53
58
48
37
41
26
36
30
38
51
53
81
88
84
79
65
57
36
14
-1
-17
-15
-7
1
34
48
45
58
52
40
17
6
2
2
4
24
10
-16
-41
-54
-63
-56
-35
-8
14
14
18
-8
-18
-47
-55
-43
-42
-21
-15
-10
-3
5
11
16
-2
1
-18
-17
-31
-28
-2
-13
20
12
7
-1
-26
-36
-52
-44
-36
-32
-11
-13
-14
-26
-44
-50
-49
-38
-26
-5
8
7
-2
-26
-30
-34
-29
-36
-12
-3
-13
6
2
-2
0
10
18
45
58
44
49
50
36
24
18
23
3
24
44
40
40
45
49
49
54
66
61
56
64
61
61
66
60
68
45
48
40
37
20
24
26
20
26
21
21
18
32
12
30
28
12
9
10
3
-10
-11
-13
-22
-34
-44
-34
-46
-59
-51
-46
-48
-24
-19
-9
-13
-29
-37
-62
-82
-100
-102
-118
-88
-75
-71
-58
-45
-44
-43
-38
-41
-25
-28
-26
-29
-26
-36
-33
-33
-27
-22
-12
-8
0
-1
3
-1
-10
-10
-9
-13
-4
4
2
12
4
16
8
6
17
1
-3
-8
-13
-13
6
16
21
28
44
41
40
40
36
27
18
18
18
16
17
26
17
28
16
31
23
21
24
31
37
31
35
25
11
-2
0
-8
5
22
37
53
53
55
45
30
13
12
16
2
12
10
6
0
-6
16
24
38
51
57
53
32
18
-6
-11
-23
-21
-17
-3
7
13
20
27
19
32
26
30
31
13
-5
-30
-25
-48
-43
-42
-27
-13
1
12
17
2
-1
-11
-26
-33
-56
-60
-56
-36
-28
-24
-18
-20
-25
-23
-29
-27
-35
-22
-29
-16
-25
-18
-31
-28
-14
-11
-10
-18
-21
-46
-30
-39
-30
-21
-14
13
4
-1
-5
-27
-35
-28
-23
-19
-5
5
-2
-2
-14
-20
-13
-18
-9
-3
4
-6
-2
2
-12
-5
16
25
37
39
31
24
15
17
11
18
15
23
26
23
25
23
20
17
20
36
49
55
45
13
-1
-18
-24
-8
10
26
32
32
8
-3
-23
-39
-33
-18
11
32
49
55
52
30
10
-1
-10
-17
-8
16
10
21
14
10
23
20
29
25
24
-1
2
-11
-13
-10
-18
-21
-21
-17
-10
1
7
5
2
6
1
-17
-36
-32
-33
-28
-32
-34
-26
-15
-10
-3
7
0
-13
-24
-21
-22
-19
-2
16
10
7
6
-7
-21
-21
-14
13
24
34
37
30
-2
-11
2
-9
20
22
34
33
18
25
-1
2
-3
4
2
6
12
15
25
24
25
12
9
-28
-38
-41
-34
-15
-6
-3
9
3
0
-9
-3
-7
-16
-7
-11
-15
-14
-16
-10
-2
-3
16
11
-4
-22
-35
-48
-69
-58
-51
-40
-20
-17
2
-14
-10
-25
-32
-22
-29
-10
-8
-2
-13
-7
-20
-28
-23
-19
1
1
19
18
11
12
11
29
27
44
41
39
15
20
10
1
-7
3
-4
11
39
29
41
35
33
39
38
44
45
43
29
28
38
37
37
34
29
20
12
5
2
-5
0
7
19
36
34
48
46
26
22
-3
-11
-17
-17
-17
-16
-17
-37
-46
-55
-57
-56
-35
-12
-8
-8
-8
-22
-47
-70
-80
-86
-73
-74
-64
-54
-43
-33
-37
-2
1
21
26
36
35
12
8
1
-18
-10
3
0
27
39
59
58
70
77
65
67
61
51
50
48
40
44
21
23
26
26
42
48
54
43
33
34
27
8
8
5
7
-3
-4
-16
-27
-22
-27
-24
-16
-25
-36
-54
-58
-67
-71
-56
-58
-54
-54
-56
-69
-59
-63
-45
-40
-20
-30
-47
-66
-79
-76
-80
-77
-75
-63
-64
-57
-47
-29
-7
7
14
11
0
-1
-17
-21
-31
-39
-35
-28
-29
-17
1
11
20
40
59
78
78
77
78
39
33
10
-7
2
35
68
76
83
83
86
83
92
105
118
125
127
101
98
77
44
40
38
42
53
64
56
71
69
73
64
57
49
30
29
0
6
-13
-18
-42
-44
-52
-63
-66
-64
-52
-64
-43
-37
-35
-43
-40
-65
-65
-93
-109
-103
-103
-93
-86
-77
-85
-82
-80
-83
-68
-35
-25
-5
-7
-16
-43
-54
-50
-51
-30
-5
-1
7
2
5
18
23
28
34
46
34
25
17
9
-11
10
23
39
60
83
71
88
92
79
74
57
43
22
10
7
5
7
18
30
54
64
54
41
28
9
-12
-25
-32
-34
-36
-26
-44
-42
-36
-41
-30
-29
-32
-46
-49
-52
-84
-72
-72
-75
-59
-52
-41
-51
-35
-49
-50
-45
-49
-32
-28
-24
-20
6
-11
-3
-4
-17
-7
-8
3
16
19
46
47
61
66
70
73
58
56
44
53
45
49
55
55
62
70
78
77
80
84
87
80
63
53
26
22
42
36
46
56
50
40
26
7
-6
-34
-45
-41
-34
-31
-3
0
-9
-4
-39
-46
-53
-66
-53
-35
-26
-25
-24
-37
-56
-60
-66
-64
-52
-46
-30
-19
-15
-28
-39
-48
-57
-56
-53
-36
-35
-17
-8
-4
-9
-4
4
-5
-5
4
-5
-6
-7
7
10
7
23
6
20
24
29
42
53
62
47
37
17
9
-2
-21
1
11
29
28
22
12
0
2
0
11
18
21
16
7
-10
-25
-41
-49
-42
-32
-14
-7
-8
-4
-26
-16
-28
-13
-10
-11
0
-10
-3
-16
-12
-6
1
3
2
-5
0
-3
0
7
19
24
29
32
32
25
31
22
13
17
25
22
22
31
37
27
29
29
6
-1
2
11
14
20
13
-9
-18
-26
-23
-18
1
19
19
24
23
4
-3
-12
-15
-3
-16
-21
-22
-33
-37
-50
-34
-20
-24
-7
-9
-9
-2
-5
-12
-26
-31
-51
-56
-56
-59
-51
-42
-38
-42
-24
-26
-7
-3
0
3
7
21
12
40
25
32
34
8
13
0
-14
-19
10
6
48
64
73
84
67
64
49
55
55
74
80
79
86
67
62
57
46
29
34
25
26
37
37
46
36
45
44
36
26
4
-10
-19
-48
-52
-55
-50
-59
-37
-23
-24
-22
-11
1
-6
-2
-10
-29
-70
-95
-115
-114
-112
-89
-69
-53
-50
-44
-54
-83
-88
-101
-99
-102
-89
-75
-52
-40
-35
-36
-39
