0
0
-1
0
0
0
0
-1
0
0
0
0
0
0
0
0
0
0
0
0
0
0
-1
0
0
0
0
0
0
0
0
0
1
0
-1
0
0
0
0
0
0
0
0
0
0
0
0
0
0
0
0
0
0
0
-1
0
0
0
0
0
0
0
0
0
0
0
0
0
1
0
0
0
0
0
0
0
1
0
0
0
1
1
0
0
0
-1
1
1
0
0
0
0
0
0
0
1
0
0
0
1
0
0
0
0
0
-1
0
0
0
0
0
0
0
0
0
0
-1
-1
-1
0
0
0
0
-1
0
0
0
0
0
0
0
0
0
1
0
1
0
0
0
0
0
0
1
-1
0
1
-1
0
0
0
0
0
0
0
-1
0
0
0
-1
0
-1
0
0
0
0
0
-1
0
0
0
0
0
0
-1
0
0
0
0
0
0
0
0
-1
-1
0
0
0
0
0
1
0
0
0
0
0
-1
0
0
0
0
0
0
0
0
0
1
0
1
0
0
1
-1
1
0
0
0
-1
-1
0
0
0
-1
0
-1
0
0
0
-1
0
0
0
0
1
0
0
0
0
0
0
1
0
1
0
0
0
0
0
0
1
0
0
0
1
1
0
0
0
0
0
0
0
0
-1
1
0
0
0
0
0
0
0
1
0
0
-1
0
0
0
-1
-1
0
0
1
0
-1
0
0
0
0
0
0
-1
-1
0
0
-1
1
0
1
0
0
0
0
0
0
1
0
0
0
-1
0
0
0
0
0
1
-1
0
0
0
0
0
0
0
0
0
1
0
0
0
0
0
0
-1
0
0
-1
0
0
-1
0
0
0
0
0
0
0
0
1
0
0
-1
1
0
0
-1
-1
0
0
0
1
-1
0
0
0
-1
1
0
0
0
1
-1
0
0
0
0
0
0
0
0
0
0
0
-1
0
0
0
0
0
0
0
0
0
0
1
-1
0
0
-1
1
0
0
0
0
0
0
0
0
0
0
0
0
0
0
-1
0
0
0
0
0
0
0
-1
0
0
0
-1
0
0
-1
-1
0
0
0
0
0
1
1
-1
0
-1
0
0
0
0
0
0
0
0
1
0
0
0
0
-1
1
0
0
1
0
0
0
0
0
1
1
0
0
0
0
0
-1
0
-1
1
0
1
0
0
1
0
0
1
0
0
0
1
-1
-1
1
0
0
0
-1
0
0
1
0
0
0
0
0
0
-1
0
0
0
-1
0
0
1
1
-1
0
0
0
0
0
0
0
0
0
-1
1
0
0
1
0
0
0
0
1
-1
0
0
0
0
-1
1
0
0
-1
0
0
0
0
0
-1
0
-1
1
0
0
1
0
0
0
0
0
0
0
0
-1
0
0
0
1
0
1
0
0
0
0
-1
0
0
1
1
0
0
0
-1
-1
0
0
0
-1
0
0
1
0
1
0
0
1
0
0
1
0
0
0
0
0
0
0
0
0
0
0
-1
1
0
0
0
0
0
0
0
0
0
0
-1
0
-1
0
0
0
0
0
-1
0
0
0
1
0
0
0
0
0
0
0
0
0
-1
1
1
-1
0
0
0
0
0
0
0
0
0
0
0
0
0
-1
0
0
0
0
0
0
0
0
-1
0
0
0
0
-1
0
-1
0
0
0
0
0
-1
0
0
-1
0
0
0
1
0
0
0
0
0
0
1
0
0
0
0
0
1
0
0
0
1
1
0
0
0
0
0
0
0
0
1
1
1
0
0
-1
0
0
0
-1
-1
0
0
0
0
0
0
0
0
0
0
0
0
0
0
0
0
0
0
0
0
0
1
1
1
0
-1
0
0
0
0
0
0
1
-1
-1
0
0
0
0
0
1
0
-1
0
0
0
0
0
0
0
0
-1
0
0
0
0
1
0
0
0
0
0
-1
1
1
0
0
0
0
1
0
0
0
0
0
0
0
0
0
0
0
0
1
0
0
0
0
0
0
1
0
0
0
0
0
0
0
0
0
0
1
0
-1
0
0
0
0
-1
0
0
0
0
0
0
-1
0
0
-1
0
0
0
-1
1
0
0
0
0
0
0
0
0
0
0
0
0
0
-1
0
-1
0
0
0
0
0
0
0
0
0
1
0
0
0
0
0
0
0
0
0
0
0
1
0
0
0
0
0
0
0
0
0
-1
0
0
1
0
0
0
0
0
0
0
1
0
0
0
0
0
0
-1
0
1
0
0
0
0
0
0
0
0
-1
0
0
0
0
0
0
0
0
1
0
-1
0
1
0
0
-1
0
0
0
0
-1
0
0
0
0
1
0
0
0
0
0
0
0
0
-1
0
0
0
0
0
0
0
0
0
1
0
0
0
0
0
1
0
0
1
0
1
-1
0
0
0
0
0
0
0
0
-1
0
-1
-1
0
0
0
0
0
0
0
0
0
0
-1
0
-1
0
0
0
0
0
0
-1
0
0
0
0
0
0
0
0
0
0
0
0
0
0
0
0
0
1
1
0
-1
0
0
0
0
0
0
0
0
0
0
0
0
0
0
0
0
1
0
0
0
0
0
1
0
0
0
0
0
0
0
-1
-1
0
0
0
0
0
-1
-1
0
0
0
-1
1
0
0
-1
0
0
0
0
0
0
0
0
0
0
0
0
0
0
0
0
1
0
0
-1
0
0
0
0
0
0
1
0
0
-1
-1
0
0
0
0
-1
0
0
0
0
0
1
0
0
1
0
1
0
0
0
0
0
0
-1
0
0
0
0
0
0
1
0
0
0
0
0
0
-1
-1
0
-1
0
0
0
0
0
0
0
0
0
0
0
0
0
0
-1
0
0
0
0
1
0
0
0
0
0
0
0
0
0
0
-1
1
-1
0
0
0
0
0
0
0
0
1
0
1
0
0
0
1
-1
0
0
0
0
0
0
0
0
0
0
-1
0
0
0
0
1
1
0
1
0
0
0
0
0
0
0
0
0
0
-1
-1
-1
-1
0
0
0
0
0
-1
0
0
0
0
0
-1
0
-1
0
1
0
0
1
0
0
-1
0
-1
0
0
0
-1
0
1
-1
0
0
0
0
-1
0
1
0
-1
1
1
0
1
-1
0
0
1
0
0
-1
1
0
0
1
0
0
0
0
1
0
0
0
0
1
0
-1
0
-1
0
1
0
1
-1
0
1
0
0
0
0
0
-1
0
0
0
0
0
0
0
0
0
0
-1
0
1
0
1
0
-1
0
0
1
0
0
0
0
0
0
-1
0
-1
0
0
0
0
0
0
0
1
0
1
0
0
0
0
0
-1
0
0
0
0
0
-1
0
0
0
0
0
0
1
0
0
0
0
1
0
0
0
0
0
0
0
0
0
-1
0
1
0
0
0
0
0
0
0
0
0
0
0
0
0
0
0
-1
1
0
0
0
-1
0
0
0
1
0
0
0
-1
0
0
0
0
1
1
0
1
0
0
-1
0
-1
0
0
0
0
0
0
0
0
0
0
0
0
0
1
0
0
0
0
0
0
0
0
0
0
0
0
0
0
0
0
0
0
1
0
0
0
1
0
0
0
0
0
0
0
0
1
1
0
0
1
0
0
0
0
0
1
0
0
-1
1
0
-1
-1
0
0
0
0
0
1
0
1
0
0
0
1
0
-1
0
-1
0
0
-1
0
0
0
-1
0
0
0
0
0
0
0
0
1
-1
0
0
0
0
-1
0
0
0
0
0
1
0
0
0
0
0
0
0
0
1
1
0
0
0
0
0
0
0
0
0
1
0
-1
0
0
0
0
0
0
0
0
0
0
1
0
1
0
1
0
0
0
0
0
0
0
0
0
0
0
0
-1
0
0
0
-1
0
-1
0
0
0
0
0
0
0
0
1
-1
-1
-1
-2
-1
0
1
1
1
0
1
1
0
0
0
0
1
1
1
0
1
1
1
1
0
1
1
0
1
1
0
0
0
0
0
-1
0
-1
0
-1
0
-1
-1
-1
-1
0
-1
-1
-1
0
-1
-1
-1
-1
-1
-1
-1
-2
-1
-1
-1
-1
-1
-1
0
-1
0
-1
-1
-1
-1
0
0
0
0
0
0
1
-1
1
1
1
0
0
1
1
1
1
1
1
1
1
0
1
1
1
1
1
1
1
1
1
1
1
1
1
1
1
0
0
0
1
0
0
1
1
1
1
0
0
0
1
0
0
-1
0
-1
-1
-1
-1
-1
-1
0
-1
-1
-1
-1
-1
-1
0
0
-1
-1
-1
0
0
-1
0
-1
-1
-1
-1
-1
-1
-1
-1
0
0
0
0
0
0
-1
0
0
-1
-1
0
0
-1
-1
0
0
0
-1
0
-1
-1
-2
0
0
0
0
-1
-1
-1
0
0
0
0
0
0
0
0
0
1
0
0
0
1
1
1
1
1
0
0
1
1
1
1
1
0
0
2
1
1
1
0
1
1
0
1
0
1
1
0
1
1
1
0
1
0
0
0
0
-1
0
-1
0
0
0
0
0
0
0
0
0
0
0
0
0
0
0
-1
-1
1
1
0
1
1
1
2
1
0
1
0
1
1
2
1
2
1
1
1
0
0
1
0
0
1
0
1
1
1
1
1
1
1
2
2
1
-1
0
-2
-1
-1
-3
-1
-1
-1
-2
-1
-3
-2
-2
-1
-2
-2
-2
-2
-3
-4
-5
-7
-6
-6
-6
-5
-5
-5
-4
-5
-5
-5
-5
-4
-5
-6
-4
-7
-5
-4
-5
-5
-4
-4
-4
-3
0
1
2
4
4
4
5
6
6
6
8
9
8
6
8
10
9
10
10
9
8
12
13
14
15
16
16
16
17
15
10
10
7
4
4
3
5
3
7
6
7
3
5
4
-1
-1
-4
-11
-14
-16
-18
-21
-19
-16
-23
-21
-23
-26
-26
-28
-26
-25
-27
-32
-35
-33
-38
-35
-30
-25
-19
-14
-12
-21
-12
-18
-17
-8
-14
-7
-11
-3
-7
-5
-13
-11
-10
-1
3
2
17
14
26
34
39
48
48
47
43
37
40
31
39
42
40
54
63
68
72
70
88
74
93
79
62
66
57
51
46
48
42
35
14
14
13
11
6
32
19
15
14
10
-8
-18
-8
-36
-39
-53
-72
-95
-81
-101
-96
-92
-96
-100
-106
-107
-110
-99
-102
-83
-72
-44
-50
-46
-80
-107
-111
-132
-142
-121
-96
-59
-34
-14
-3
25
26
22
43
22
39
21
26
13
53
41
61
65
50
81
63
83
85
98
115
122
113
138
105
100
79
66
59
44
47
32
40
30
45
48
44
44
32
20
6
-1
-26
-27
-34
-35
-60
-69
-71
-80
-87
-77
-72
-65
-67
-47
-23
-38
-9
-21
-8
-31
-40
-42
-46
-52
-56
-28
-27
-14
-1
10
1
24
34
26
45
38
48
34
24
22
-10
-16
-24
-24
-22
3
1
-11
-14
-8
-5
-3
2
4
41
33
34
37
4
-5
-34
-30
-41
-47
-47
-48
-28
-24
-3
-22
-3
-9
8
2
16
13
7
17
22
34
22
17
-4
-1
-4
3
12
13
32
39
33
35
31
24
39
68
68
74
80
74
61
50
53
49
35
50
53
63
48
51
67
79
91
82
83
78
71
68
31
43
20
-3
0
-18
-37
-30
-33
-29
-27
-17
-35
-23
-39
-63
-74
-93
-69
-99
-83
-110
-93
-109
-128
-118
-140
-122
-125
-111
-92
-87
-104
-114
-117
-133
-138
-127
-111
-94
-91
-81
-78
-70
-80
-64
-72
-64
-58
-44
-16
-37
-1
2
26
29
23
38
36
55
72
89
84
81
107
95
90
98
100
95
88
79
80
70
81
78
98
112
123
137
129
126
108
131
115
133
113
99
88
55
38
17
39
22
38
48
34
38
46
41
28
40
31
13
3
-5
-28
-40
-36
-51
-58
-65
-67
-63
-75
-75
-71
-72
-43
-74
-51
-70
-33
-46
-21
-21
-53
-32
-53
-74
-85
-91
-96
-85
-79
-62
-45
-40
-30
-14
6
16
30
21
9
-3
-26
-20
-60
-38
-40
-35
-23
-11
-7
20
42
59
61
66
62
66
59
38
64
42
30
15
-4
-5
-9
-16
1
5
8
28
16
16
22
13
2
15
35
26
21
27
16
-22
-42
-36
-40
-36
-34
-22
3
-26
-13
-25
-18
-12
-5
1
9
-20
-45
-54
-71
-90
-97
-72
-71
-40
-2
2
20
12
14
-7
-21
-17
-19
-26
-33
-21
-10
-23
-7
-1
-20
3
-12
5
-6
-9
-7
3
9
8
31
21
35
33
54
39
50
46
27
47
56
49
42
58
62
47
44
43
34
19
47
26
36
51
55
55
30
29
29
28
21
30
6
41
12
23
27
31
23
0
8
1
-4
-11
4
-16
11
-8
14
8
-6
0
-18
-5
-27
-27
-27
-34
-35
-47
-29
-36
-38
-13
-14
29
21
25
1
-8
-49
-53
-36
-32
-19
-13
16
-9
7
-2
-9
-26
-5
7
19
10
20
30
14
25
11
2
8
10
11
2
-13
-2
-14
-8
-8
-13
-12
-10
-6
-2
1
-8
-23
-52
-36
-74
-85
-80
-85
-62
-34
-16
-22
-17
-19
-36
-32
-45
-41
-61
-48
-42
-42
-35
-57
-44
-51
-46
-45
-15
-8
-17
22
2
-5
-21
-36
-31
-35
0
13
27
27
27
17
11
8
3
20
10
31
22
40
32
37
39
42
63
62
66
54
83
69
84
79
88
82
74
108
85
93
98
99
78
61
57
40
46
19
40
46
50
46
47
40
33
26
30
0
-1
-1
-1
-9
-21
-23
-36
-23
-41
-24
-29
-44
-28
-45
-68
-74
-92
-74
-86
-77
-72
-57
-56
-62
-40
-33
-24
-32
-22
-21
-47
-65
-57
-62
-58
-37
-3
-6
-13
-12
7
-9
1
15
27
23
16
17
-2
-27
-5
-1
6
7
32
28
26
32
20
28
14
25
33
19
33
36
23
29
27
45
33
25
58
21
21
21
-7
-15
-35
-47
-42
-54
-61
-49
-55
-56
-45
-57
-44
-32
-43
-34
-33
-19
-44
-39
-50
-81
-76
-78
-54
-43
-21
-11
4
-1
-6
14
17
27
33
52
29
37
37
35
30
39
24
33
30
22
34
12
49
49
54
60
44
44
47
61
65
51
53
36
45
35
41
34
37
40
52
68
65
64
40
29
11
0
0
-16
-2
-5
8
-6
-6
-40
-64
-50
-37
-15
-12
-8
-13
-30
-55
-62
-69
-71
-45
-50
-66
-51
-82
-66
-78
-77
-71
-69
-47
-48
-37
-36
-16
-13
-9
13
-2
-21
-12
-18
-7
3
27
56
59
44
64
64
56
75
86
77
96
95
108
104
102
77
78
83
43
66
71
82
51
80
64
60
46
53
47
36
39
24
2
-38
-40
-61
-56
-80
-59
-66
-51
-61
-54
-50
-72
-84
-80
-96
-118
-102
-125
-135
-139
-139
-152
-139
-142
-150
-132
-138
-111
-112
-104
-75
-80
-68
-81
-56
-69
-49
-25
-27
-4
-6
9
3
41
27
52
68
65
96
85
85
73
87
87
86
110
109
112
103
102
84
85
71
54
50
47
77
86
111
105
101
95
56
73
54
50
54
64
41
30
42
-7
1
-6
6
10
25
51
48
42
51
33
38
31
25
39
11
9
-8
-23
-42
-39
-39
-44
-31
-32
-33
-16
-10
-10
-1
0
11
-21
-28
-50
-68
-68
-82
-76
-87
-71
-67
-67
-66
-45
-56
-43
-38
-40
-35
-33
-11
-45
-13
-16
-17
-16
-12
-33
-42
-30
-27
-30
-17
8
-5
16
12
30
19
18
30
12
1
-5
-9
-9
-19
-10
9
12
12
16
23
12
14
30
30
13
41
38
7
29
3
-9
-12
-11
-6
-9
22
5
4
-9
-6
-9
-27
-2
-14
-8
-19
-28
-45
-43
-25
-37
-7
-20
1
0
-4
-7
10
5
0
22
6
1
-2
-13
-18
-5
2
7
-11
-2
-7
-25
-33
-28
-38
-39
-22
3
-2
17
54
39
27
37
4
-16
-17
-29
-20
-20
-2
-12
-2
0
0
9
34
33
47
40
40
28
22
8
-7
10
11
32
53
56
61
51
50
61
40
62
54
66
60
82
79
101
96
80
89
70
44
30
13
3
6
21
17
5
19
-3
-9
5
-2
1
-5
12
6
14
19
-5
-4
-21
-44
-57
-74
-82
-65
-43
-47
-28
-29
-35
-33
-50
-57
-52
-69
-69
-69
-73
-91
-76
-100
-72
-61
-58
-44
-45
-30
-23
-11
-16
-9
-16
1
-17
-22
-33
-34
-40
-33
-35
-20
1
-2
3
3
3
1
12
0
-12
-16
-20
-20
-28
-28
-19
-7
-16
9
11
15
-1
-19
-4
-36
-7
-23
-7
-1
-12
26
-7
-13
-21
-5
-9
1
11
13
24
7
18
-4
3
1
7
28
33
23
31
21
28
16
55
67
67
98
105
76
70
66
31
33
40
71
66
81
76
76
46
54
71
37
80
67
78
78
69
55
46
53
40
33
30
16
-2
-9
-16
-24
-18
-6
-6
1
-3
1
-34
-24
-37
-35
-38
-59
-43
-62
-63
-90
-76
-80
-81
-79
-77
-66
-82
-47
-52
-33
-46
-52
-39
-47
-56
-72
-67
-64
-65
-47
-47
-27
-9
-15
-18
1
8
21
22
45
56
55
65
60
40
35
38
26
15
45
23
39
47
28
34
22
25
28
36
9
20
40
34
27
29
26
-18
-4
-17
-11
-4
31
13
5
-9
-25
-6
-29
-18
-25
-14
-23
-36
-38
-75
-72
-76
-64
-44
-25
-4
8
-15
-2
-20
-53
-51
-71
-56
-40
-46
-32
-37
-71
-87
-97
-79
-80
-51
-52
-12
5
2
8
5
11
-19
5
7
17
23
36
33
20
28
21
26
26
36
44
31
65
67
64
79
78
100
87
85
82
82
75
79
95
105
109
84
71
58
39
36
37
47
49
57
53
42
52
27
37
31
37
40
32
24
15
21
-12
-12
-23
-33
-51
-20
-17
-24
-10
-21
-1
-3
-17
-4
-8
-16
-19
-22
-48
-55
-67
-51
-70
-65
-54
-77
-80
-66
-60
-62
-60
-53
-53
-65
-65
-83
-90
-101
-87
-88
-89
-72
-76
-62
-61
-79
-46
-58
-39
-43
-18
-14
-14
2
-31
-14
-21
8
-1
18
12
5
0
20
31
39
58
59
70
42
64
60
54
52
63
48
69
51
43
46
31
58
42
72
63
86
84
92
87
51
70
33
35
39
45
41
29
35
13
0
-6
-25
-40
-27
-25
-11
-2
-13
-3
-4
-32
-27
-53
-62
-75
-75
-81
-79
-72
-65
-57
-59
-51
-47
-29
-36
-13
-24
-2
-33
-27
-48
-55
-22
-27
14
1
29
24
16
30
22
50
54
66
66
77
63
35
36
27
25
26
37
36
40
28
31
18
12
3
-10
5
14
18
26
36
19
-4
-3
-33
-26
-8
-5
16
19
32
-4
-19
-28
-34
-34
-4
14
29
31
38
17
-7
-5
-26
-19
-16
2
-4
16
41
14
12
23
-6
-8
-11
-30
-12
-17
-24
-22
-19
-28
-25
-10
-4
-3
10
11
6
-8
-25
-10
-18
-22
-33
-26
-23
-48
-20
-31
-18
-37
-38
-30
-27
-30
-45
-14
-23
-27
-9
-13
-16
-13
-11
-40
-60
-45
-53
-46
-20
-13
-10
13
12
-6
-16
1
-9
-15
-15
4
-12
7
1
10
24
25
20
3
19
2
4
15
22
53
68
79
79
58
57
38
5
16
9
26
22
24
60
42
53
54
57
29
54
65
73
82
90
71
43
24
-8
-20
-8
-10
-11
-3
17
24
50
35
47
21
1
3
-20
-20
-39
-47
-44
-43
-70
-51
-58
-68
-77
-91
-100
-86
-81
-66
-73
-80
-75
-75
-99
-85
-79
-60
-50
-62
-48
-36
-49
-51
-43
-28
-28
1
27
28
50
47
58
56
66
53
66
70
59
69
62
83
100
100
123
127
138
125
151
127
115
107
106
121
87
106
79
65
53
50
40
12
22
0
12
5
3
-21
-25
-55
-44
-71
-74
-91
-95
-98
-122
-119
-143
-135
-174
-156
-148
-131
-103
-94
-96
-107
-90
-110
-122
-121
-113
-124
-127
-98
-136
-130
-128
-104
-83
-72
-36
-28
-12
-28
-16
-19
-14
-1
10
31
37
58
51
65
72
90
113
125
131
128
137
136
141
153
160
167
194
188
172
162
143
130
102
110
103
100
92
98
108
108
118
119
116
107
98
74
39
21
-7
-32
-38
-52
-60
-54
-40
-42
-46
-52
-71
-92
-106
-124
-127
-129
-124
-124
-110
-144
-139
-136
-149
-131
-127
-122
-146
-148
-140
-146
-140
-124
-114
-100
-86
-84
-86
-78
-99
-91
-68
-58
-32
-1
16
39
47
66
81
81
75
82
92
88
83
87
94
106
132
110
135
116
103
112
101
119
111
126
125
142
128
150
141
115
115
87
81
30
39
26
21
26
31
43
22
24
5
-6
-28
-30
-35
-55
-60
-54
-72
-93
-69
-89
-86
-93
-87
-100
-95
-97
-99
-87
-95
-93
-69
-74
-66
-89
-100
-86
-109
-99
-96
-81
-76
-68
-67
-65
-66
-62
-43
-48
-30
-10
5
13
13
22
17
24
30
26
14
4
21
29
42
68
94
91
84
56
58
64
81
95
104
115
95
100
63
61
54
58
71
83
67
59
67
35
13
4
1
-15
-1
-12
14
20
27
30
16
1
-4
-16
-10
6
19
19
33
31
1
-8
-21
-36
-77
-89
-110
-103
-98
-87
-77
-44
-14
-15
6
2
-31
-38
-27
-44
-55
-35
-37
-49
-37
-25
-34
-28
-25
-9
-9
-23
10
14
19
33
16
28
16
7
12
11
15
42
38
63
93
81
64
47
23
-7
-52
-42
-34
-15
4
10
15
-9
-21
-44
-36
-53
-49
-43
-26
-22
-35
-18
-28
-11
-11
2
6
-16
-8
-15
-36
-21
-25
-15
-31
-30
-29
-13
9
22
55
47
58
72
79
85
80
68
56
35
22
36
22
45
47
48
48
44
30
27
39
12
39
25
35
29
49
55
21
33
7
10
26
29
34
26
9
-19
-43
-72
-83
-87
-64
-66
-34
-34
-19
-47
-68
-83
-116
-112
-124
-103
-102
-62
-51
-37
-41
-26
-21
-56
-55
-97
-110
-126
-103
-92
-80
-48
-40
-38
-43
-36
-55
-38
-13
4
30
75
93
103
85
89
70
58
53
72
104
117
145
152
167
145
128
110
110
105
92
104
93
109
104
120
137
128
109
128
106
72
46
68
67
75
74
64
48
10
-4
-32
-52
-64
-73
-95
-80
-91
-93
-100
-86
-96
-98
-100
-106
-86
-127
-114
-120
-147
-174
-191
-195
-182
-171
-168
-129
-149
-154
-166
-158
-160
-158
-155
-118
-98
-107
-73
-58
-40
-14
7
5
32
18
17
28
20
39
50
51
70
71
51
66
59
83
114
145
194
199
203
189
176
176
191
174
198
189
176
159
129
126
97
103
99
129
123
147
133
104
82
46
3
-18
-27
-42
-31
-17
-21
-19
-19
-32
-34
-39
-49
-56
-77
-99
-121
-142
-145
-161
-149
-152
-158
-168
-174
-172
-165
-148
-114
-97
-86
-61
-71
-68
-68
-64
-72
-84
-69
-57
-53
-13
6
21
28
23
35
49
57
85
81
97
93
90
104
110
108
118
107
114
134
144
151
125
136
100
72
53
41
1
-2
-8
20
31
44
49
14
14
-40
-49
-73
-77
-66
-54
-45
-50
-45
-67
-90
-85
-96
-94
-84
-96
-105
-117
-103
-131
-162
-159
-162
-161
-127
-98
-41
-1
13
33
29
8
6
-13
-28
-36
-51
-31
-17
0
25
54
63
59
60
47
31
55
48
65
79
109
131
139
147
147
145
161
147
132
125
108
76
82
70
98
93
96
94
61
69
46
62
19
18
3
-6
-25
-22
-10
-18
17
31
37
0
-24
-26
-52
-74
-82
-113
-111
-141
-130
-130
-111
-88
-75
-64
-87
-98
-97
-102
-100
-78
-57
-61
-26
-50
-58
-57
-76
-87
-71
-38
-40
-11
-7
-3
-6
4
18
18
16
-1
8
-2
-1
4
17
35
40
44
55
34
48
55
75
90
100
94
78
48
10
23
-12
-2
9
33
60
96
92
92
87
57
52
21
28
10
0
-1
-1
-19
-49
-30
-38
-10
8
-2
19
31
-3
-40
-56
-91
-102
-94
-100
-82
-74
-41
-54
-82
-69
-83
-84
-74
-63
-62
-39
-19
-25
-15
0
-7
-8
-32
-19
-43
-9
-10
10
30
29
39
36
53
34
58
73
73
48
63
55
45
53
60
84
91
111
113
100
56
66
61
68
78
86
89
92
90
69
47
24
21
19
35
52
42
29
11
-27
-22
-30
-14
8
0
19
11
0
-32
-79
-99
-116
-130
-115
-92
-79
-71
-33
-50
-64
-60
-61
-93
-88
-95
-80
-97
-71
-66
-88
-87
-86
-98
-133
-111
-92
-54
-35
17
38
40
16
0
-22
-36
-14
-12
4
24
57
70
63
67
44
36
19
37
42
91
134
157
164
131
96
44
13
-17
-17
27
40
64
87
78
54
42
-2
10
2
-7
37
16
18
-8
-28
-54
-70
-91
-73
-63
-67
-49
-35
-29
-48
-25
-40
-34
-43
-60
-50
-82
-74
-61
-55
-21
18
23
38
28
21
-4
-15
-2
8
28
75
83
83
88
52
8
-12
-12
-28
-11
17
45
64
73
52
42
14
13
9
40
58
59
62
41
23
2
-3
-4
16
5
42
47
49
32
8
-15
-19
-24
-38
-28
-16
7
-5
20
1
-4
-30
-46
-66
-54
-62
-61
-34
-51
-17
-22
-14
-12
-46
-57
-91
-84
-102
-80
-57
-38
-15
-5
13
-7
-4
-21
-1
-16
-14
6
12
20
12
6
17
3
20
30
34
52
56
82
63
80
55
47
23
-7
7
6
33
41
65
83
84
68
46
22
7
28
5
19
8
1
-6
-28
-50
-53
-37
-33
3
7
31
33
10
-4
-36
-59
-73
-103
-100
-92
-89
-66
-58
-44
-50
-74
-93
-77
-89
-77
-46
-40
-16
-23
-26
-24
-29
-39
-38
-21
-30
-15
-17
-17
-29
-21
-8
13
50
53
50
42
36
18
36
63
86
99
113
107
76
22
17
23
39
79
110
126
128
101
78
51
39
22
34
56
48
60
51
49
29
34
32
41
21
20
24
2
-6
-42
-37
-31
-13
-10
-17
-8
-40
-52
-83
-84
-86
-83
-57
-53
-20
-6
2
-9
-7
-29
-49
-46
-61
-57
-78
-48
-41
-30
-5
21
22
14
17
3
-28
-53
-55
-59
-49
1
25
62
75
71
73
60
39
16
15
5
9
26
2
12
-27
-54
-65
-70
-63
-34
-10
8
28
26
21
3
6
-10
-19
-7
7
-20
0
-13
-14
-13
-20
-18
-12
-4
-12
-13
-36
-46
-47
-60
-71
-52
-26
-13
10
29
69
38
28
16
-6
-6
-4
-8
12
18
1
23
9
11
-13
6
-16
-22
-21
-32
-20
-9
31
42
54
84
105
85
86
56
36
5
-3
-17
7
13
47
56
63
59
28
-1
-37
-17
-41
-6
0
18
12
9
-14
-31
-38
-34
-42
-17
7
4
6
4
12
-19
-9
-19
-46
-42
-41
-19
-26
-23
-45
-21
-17
-13
16
8
18
5
16
-12
-10
-2
23
33
64
61
76
42
2
13
-30
-20
-23
-33
-54
-35
-34
-15
9
31
72
93
105
87
72
20
3
-35
-23
-17
5
37
36
32
-9
-6
-18
-10
15
45
42
50
36
13
-11
8
-19
-18
-36
-34
-36
-53
-43
-19
-2
-10
9
-5
-16
-41
-41
-47
-75
-57
-56
-61
-68
-73
-96
-121
-124
-118
-94
-71
-52
-30
-11
13
22
27
26
0
-11
-26
-32
-5
-10
19
11
-18
-11
-4
-3
10
24
37
70
57
48
54
37
43
50
53
70
77
58
61
32
39
-5
-17
8
-19
-6
-3
0
-5
1
22
46
68
89
95
87
88
41
11
-13
-26
-24
9
16
34
48
24
19
-1
7
-15
0
0
6
11
3
5
-5
9
0
18
27
7
-4
-14
-59
-49
-67
-57
-39
-17
17
5
27
-5
-38
-90
-85
-116
-94
-66
-58
-39
-29
-13
-12
3
46
79
94
91
70
51
6
-48
-61
-50
-45
-23
-3
3
8
-7
-2
-1
4
22
33
41
30
44
9
7
3
14
23
13
19
-3
-14
-10
-34
-30
-55
-27
-40
-29
-14
-23
-14
-14
2
20
51
41
57
43
18
-26
-49
-65
-79
-51
-2
50
81
98
98
44
4
-16
-28
-39
-14
-11
3
9
1
-14
-41
-39
-48
-54
-27
2
11
6
4
-9
-21
-26
-17
-11
-18
-50
-48
-42
-50
-38
-45
-24
-16
-12
31
43
48
47
23
13
-7
-10
-15
-21
-13
-6
7
15
25
19
0
-24
-23
-58
-63
-62
-37
-4
16
55
59
83
61
89
79
55
38
30
-4
-7
6
13
26
44
47
64
57
41
6
10
-17
-9
3
4
45
47
72
65
99
65
69
47
59
43
32
45
-22
2
-17
-20
-18
10
6
19
18
-3
-28
-59
-86
-96
-91
-70
-42
-42
-19
-4
36
26
41
27
34
25
0
-17
-54
-68
-84
-102
-59
-49
1
27
33
36
-4
-27
-82
-80
-106
-85
-41
-28
-23
-12
-35
-40
-53
-61
-44
-66
-47
-71
-77
-79
-76
-66
-39
-13
-33
5
-6
-2
-9
11
0
-1
-5
-7
-15
-12
17
36
63
70
67
49
50
28
17
20
25
44
54
82
90
103
107
98
126
110
107
92
88
68
59
46
36
25
-6
-9
-20
-19
-43
-24
-34
-46
-10
-14
11
10
18
25
-18
-13
-13
7
12
33
40
26
3
-10
-41
-55
-44
-45
-31
-12
-23
-30
-36
-36
-41
-53
-33
-26
-31
-17
-1
5
18
9
2
-4
-46
-49
-71
-70
-47
-35
12
16
33
36
18
-14
-41
-62
-86
-98
-68
-74
-27
4
27
49
39
51
40
51
20
15
-6
-13
-8
-8
13
17
25
19
29
36
61
108
134
138
127
83
32
-15
-49
-46
-24
13
49
73
48
29
14
-14
-7
11
34
54
73
74
40
23
-10
-36
-21
-18
-11
3
7
-1
-12
-18
-6
-18
-32
-15
-41
-42
-68
-84
-90
-115
-110
-95
-102
-84
-63
-60
-60
-50
-41
-38
-16
7
29
24
20
-41
-72
-112
-110
-105
-110
-69
-45
-28
-19
-23
-26
-33
-43
-22
-12
-17
12
22
24
13
6
12
4
12
19
33
39
73
65
70
78
102
103
119
106
99
61
28
43
29
47
66
93
80
67
64
52
59
85
73
104
89
98
98
81
79
69
62
57
57
34
36
32
24
0
8
-6
-12
-30
-24
-15
-12
-26
-58
-68
-100
-116
-102
-89
-63
-52
-58
-52
-121
-134
-129
-141
-132
-89
-78
-51
-73
-110
-109
-134
-131
-98
-38
-13
22
4
-10
-74
-80
-78
-72
-27
7
17
36
33
20
28
44
93
115
150
156
130
108
72
73
61
97
128
138
137
100
83
27
31
27
65
82
106
112
76
52
14
-17
-44
-36
-25
-34
-21
-21
-38
-20
-21
-6
14
17
29
17
-12
-38
-57
-79
-87
-90
-75
-57
-73
-69
-96
-120
-136
-136
-136
-134
-129
-121
-90
-78
-79
-83
-61
-65
-81
-60
-62
-80
-102
-108
-106
-87
-41
-12
8
22
11
4
-6
-23
-3
20
38
79
90
110
117
109
117
103
124
95
105
115
113
115
120
115
134
158
157
186
200
179
174
158
114
99
75
61
46
59
59
40
28
42
34
33
30
43
29
46
63
44
45
28
9
-55
-72
-93
-90
-106
-80
-76
-65
-70
-76
-68
-84
-82
-68
-62
-68
-60
-74
-72
-96
-125
-149
-151
-145
-168
-168
-170
-168
-167
-152
-124
-84
-63
-66
-63
-54
-72
-58
-12
-4
9
2
0
-38
-54
-68
-66
-53
-23
10
50
72
81
94
118
109
126
138
139
136
98
52
15
25
2
38
72
104
127
121
107
88
81
52
51
22
25
14
-12
-18
-29
-20
-33
-4
-10
-25
-15
-8
-2
30
31
8
14
-22
-38
-52
-39
-1
13
31
30
12
-28
-62
-71
-72
-28
7
53
65
82
79
48
38
22
33
23
27
1
6
-26
-31
-60
-52
-35
-29
-6
17
-3
-14
-4
-23
-20
-14
-4
2
-11
-4
-5
-17
-6
-19
-22
-25
7
-26
-30
-36
-48
-34
-29
-2
12
41
66
116
97
89
63
20
-2
-20
-38
-37
-37
-41
-24
-10
28
52
66
69
57
41
37
23
21
23
13
2
-4
-18
-20
-14
-6
31
38
49
54
44
32
15
16
-1
5
-1
-7
-19
-44
-57
-47
-78
-65
-59
-41
-15
-10
-25
-41
-66
-90
-88
-90
-83
-80
-83
-99
-122
-129
-153
-133
-132
-119
-96
-93
-102
-105
-97
-95
-56
-34
1
17
9
11
-16
-27
-28
-31
-5
9
32
19
23
22
17
65
79
109
157
156
174
141
114
101
88
88
76
113
141
156
184
167
149
125
108
96
72
88
77
104
86
78
96
86
93
92
110
108
125
118
112
96
68
72
49
34
-5
-1
-12
-26
-15
-40
-48
-67
-74
-74
-90
-83
-98
-117
-127
-147
-148
-147
-155
-155
-153
-164
-185
-186
-191
-198
-148
-148
-132
-140
-156
-175
-198
-198
-189
-159
-168
-145
-130
-95
-81
-50
-31
-1
10
18
30
14
10
20
37
39
63
68
82
69
72
82
114
151
180
189
199
208
187
178
168
177
154
152
177
178
161
157
153
125
102
80
70
57
95
90
90
75
62
34
-15
2
-14
-20
-4
17
1
9
14
12
5
-1
-31
-62
-112
-115
-144
-150
-153
-145
-120
-120
-68
-73
-43
-75
-66
-126
-142
-178
-200
-180
-192
-155
-133
-101
-87
-109
-107
-99
-89
-59
-42
-10
-3
2
-1
-20
-26
-39
-20
3
13
20
54
41
54
87
102
126
154
162
176
162
144
123
109
89
74
83
81
116
122
108
114
124
120
96
95
96
76
72
46
32
11
11
-8
10
-7
-20
-32
-89
-92
-143
-149
-130
-94
-59
-10
-11
-28
-72
-118
-142
-156
-135
-115
-75
-65
-49
-41
-71
-82
-81
-65
-52
-18
7
8
-13
-21
-39
-29
-29
4
28
14
-8
-24
-47
-56
-39
32
126
156
193
205
177
113
83
66
59
90
100
96
84
46
34
38
32
44
103
114
94
67
43
16
-1
16
33
75
80
67
46
-23
-77
-98
-109
-91
-43
-24
13
19
-2
-60
-63
-87
-102
-98
-96
-100
-128
-127
-131
-130
-96
-57
-48
-1
-36
-58
-92
-101
-139
-133
-99
-88
-51
-38
-47
-54
-55
-53
-23
17
61
76
85
55
28
-21
-44
-50
-43
-5
27
54
77
68
68
49
47
56
71
93
115
135
98
84
45
18
-3
-4
40
66
88
118
118
98
93
92
70
59
50
4
-7
-13
-37
-45
-41
-14
-3
15
25
2
-10
-50
-57
-57
-8
32
65
98
79
22
-35
-61
-104
-79
-27
20
45
54
39
-30
-73
-105
-111
-71
-34
37
60
56
34
7
-29
-46
-38
-30
12
29
43
34
-5
-26
-61
-76
-75
-53
-14
-12
-6
-5
-23
-26
-49
-31
-37
-4
-3
-21
-35
-57
-69
-74
-45
-23
6
6
17
-17
-37
-68
-70
-45
-8
35
50
60
17
-2
-55
-47
-65
-41
-11
-6
2
-13
-11
-28
-40
-37
-4
28
30
55
39
33
39
29
33
39
38
25
33
29
37
62
87
110
127
120
103
78
49
36
51
39
60
66
56
58
20
-6
-22
-38
-34
-15
20
49
82
115
147
132
92
53
2
-41
-63
-37
-49
-33
-24
-12
-33
-43
-36
-41
-44
-26
-17
-41
-27
-52
-68
-65
-66
-64
-73
-87
-79
-81
-96
-77
-79
-62
-50
-49
-44
-42
-51
-55
-68
-45
-44
-43
-20
-57
-65
-104
-144
-151
-123
-105
-59
16
44
76
85
87
56
64
48
61
75
64
57
21
15
16
35
60
115
129
137
128
127
112
97
108
82
86
59
50
35
43
43
52
93
91
72
56
24
-30
-69
-77
-76
-54
-16
11
55
32
29
-27
-91
-126
-171
-153
-144
-101
-87
-74
-90
-95
-102
-125
-108
-64
-28
6
3
0
-22
-60
-62
-56
-24
-9
20
48
67
93
102
141
123
97
86
54
22
25
13
24
46
44
68
49
36
32
16
5
20
12
34
45
46
55
33
42
28
13
12
13
19
15
23
13
-10
-33
-56
-72
-62
-55
-34
-25
-16
-3
-15
-22
-27
-33
-45
-23
-31
-6
-7
-14
-20
-18
-41
-48
-35
-61
-70
-68
-58
-80
-54
-67
-46
-17
-6
25
25
25
9
-7
-42
-80
-79
-52
-57
-27
3
2
8
11
26
21
49
46
47
51
33
32
79
92
120
140
127
112
78
41
21
15
26
46
106
122
64
63
24
-17
-19
13
48
63
43
37
-14
-58
-46
-38
-44
-7
35
26
5
-14
-30
-54
-67
-54
-15
-3
0
5
-15
-50
-108
-127
-137
-145
-122
-100
-75
-66
-42
-46
-2
18
36
37
35
3
-9
-40
-32
-23
-45
-24
-42
-43
-62
-89
-69
-57
-61
-12
-9
10
46
58
63
60
25
21
-25
-39
-25
-13
34
43
59
55
60
76
85
105
126
103
101
45
12
-21
-37
-21
-5
45
75
85
102
73
39
12
8
13
22
47
37
38
-3
-35
-34
-48
-13
-4
23
16
-17
-56
-68
-63
-72
-34
-35
-5
-24
-15
-30
-17
-24
-15
4
8
6
-14
-21
-30
-42
-41
-37
-42
-23
7
13
29
30
38
50
40
67
53
76
69
52
55
39
21
3
0
11
38
49
53
58
34
-7
-50
-68
-77
-84
-40
8
11
60
28
9
-8
-45
-22
-21
29
36
44
33
11
-23
-40
-48
-46
-48
-54
-48
-64
-71
-62
-66
-64
-47
-57
-74
-84
-95
-102
-98
-83
-54
-28
-49
-42
-42
-91
-76
-96
-82
-90
-83
-79
-72
-60
-33
-36
-10
-8
-21
9
-10
-6
13
34
36
68
86
83
88
75
59
38
56
38
54
78
92
130
166
158
174
174
169
173
148
154
118
125
98
102
80
102
108
85
101
97
80
82
91
89
78
79
42
12
-4
-15
-22
-10
-21
-31
-64
-72
-92
-115
-86
-81
-52
-33
-7
-20
-49
-97
-129
-155
-164
-173
-176
-169
-175
-141
-153
-137
-93
-89
-66
-79
-40
-32
-15
-4
-7
0
-24
-27
-32
-49
-67
-55
-55
-41
-22
18
25
67
84
94
96
66
71
36
49
72
82
109
106
105
80
53
10
12
-6
36
44
60
55
30
9
-42
-44
-74
-87
-83
-83
-85
-68
-55
-55
-33
-50
-49
-53
-59
-69
-77
-71
-63
-69
-73
-64
-73
-60
-53
-56
-34
-33
-9
3
36
40
68
67
28
20
-14
-3
-5
42
70
98
104
91
66
41
36
35
60
76
103
109
103
98
61
28
29
25
46
96
133
168
168
162
130
94
56
25
25
42
63
79
88
78
58
23
-11
-37
-12
2
43
63
88
66
29
1
-56
-66
-95
-93
-80
-59
-70
-61
-51
-78
-90
-98
-98
-103
-89
-83
-71
-104
-102
-120
-137
-141
-144
-132
-113
-118
-101
-78
-79
-53
-33
-30
-51
-41
-74
-74
-108
-108
-65
-68
-35
2
27
21
37
7
0
-16
30
72
91
133
128
101
53
27
-2
15
27
56
89
72
76
70
66
55
69
85
78
70
51
49
43
40
59
59
82
74
64
53
40
9
-16
-15
-7
4
11
31
9
6
0
-5
6
-4
-12
-21
-24
-62
-77
-60
-41
-38
-1
2
2
-16
-27
-26
-27
-37
-46
-43
-63
-81
-92
-98
-112
-99
-64
-63
-33
-45
-31
-22
-40
-17
-9
3
10
18
-6
-17
-33
-31
-35
-9
-6
7
9
11
11
12
31
43
64
72
85
59
42
36
16
24
54
66
79
91
110
98
66
78
50
14
20
18
21
30
32
51
57
56
52
45
28
9
11
-13
-4
2
-4
-15
-12
-42
-41
-29
-16
3
40
61
41
12
-22
-45
-49
-34
7
44
83
77
51
26
-5
-2
13
46
56
71
17
-18
-45
-89
-64
-65
-21
15
12
19
9
-28
-75
-116
-123
-117
-128
-104
-102
-59
-47
-1
18
16
25
-13
-26
-63
-103
-131
-153
-139
-123
-105
-52
-77
-84
-66
-73
-45
-41
-17
-10
-19
-48
-56
-71
-92
-74
-52
-40
-38
-20
-5
1
15
16
27
14
45
40
41
20
18
26
23
53
32
48
40
31
47
86
99
140
152
170
162
150
131
107
85
67
87
75
83
102
107
137
117
121
106
88
101
98
114
94
87
65
45
14
-6
-4
-2
8
-3
-11
-40
-36
-61
-39
-21
-32
-7
-27
-29
-61
-67
-62
-23
5
11
27
-3
-49
-84
-115
-110
-115
-67
-48
-42
-45
-59
-80
-106
-90
-83
-59
-35
-12
-25
-17
-54
-65
-72
-68
-40
-28
-16
-28
-57
-64
-87
-89
-94
-82
-41
-46
-5
-18
-23
-27
-15
4
3
32
29
4
10
14
13
50
81
85
86
74
50
48
53
94
106
120
97
72
40
36
42
39
14
13
-20
-33
-54
-26
2
37
82
61
99
51
29
-24
-38
-72
-80
-77
-78
-73
-89
-86
-103
-102
-108
-67
-27
-10
19
24
13
-26
-45
-44
-54
-32
-10
-6
-31
-3
-21
-14
-21
-2
14
10
33
43
40
29
13
25
5
14
28
44
39
13
1
-25
-9
-10
49
71
117
144
134
94
76
30
4
-3
1
21
17
48
55
56
65
69
91
104
119
117
91
85
31
33
-1
18
19
38
41
38
40
-8
5
-19
-6
-11
-7
13
9
7
-11
-28
-46
-68
-90
-99
-96
-81
-92
-99
-92
-104
-83
-58
-34
-3
-13
-34
-54
-122
-160
-157
-157
-101
-91
-56
-88
-100
-121
-125
-82
-53
-18
1
-9
-44
-51
-68
-81
-63
-35
-19
8
-1
-4
-26
-48
-69
-50
-29
-20
40
80
98
114
128
120
133
94
86
53
14
5
17
46
71
99
134
156
145
187
165
190
180
177
195
171
143
123
120
81
75
62
92
88
108
115
106
75
45
0
-23
-54
-73
-33
-51
-35
-41
-48
-87
-103
-118
-156
-154
-179
-145
-165
-186
-174
-194
-208
-223
-198
-203
-193
-165
-157
-123
-117
-122
-160
-183
-198
-211
-187
-172
-114
-83
-51
-19
-19
-37
-35
11
18
71
103
126
149
94
81
73
48
67
123
179
203
259
253
228
200
193
211
221
265
264
244
225
186
158
152
150
149
172
194
230
208
207
173
145
120
103
104
85
106
37
26
-16
-36
-86
-112
-136
-185
-198
-196
-198
-223
-236
-249
-228
-224
-199
-189
-178
-205
-267
-343
-381
-399
-378
-339
-313
-310
-313
-323
-290
-281
-228
-184
-156
-127
-155
-152
-155
-124
-118
-73
-13
50
144
193
195
213
216
208
231
286
314
360
387
407
432
447
478
473
487
461
426
420
388
366
340
343
346
328
333
293
258
216
180
196
238
267
271
263
182
49
-76
-185
-260
-294
-285
-265
-277
-351
-461
-539
-607
-603
-575
-540
-525
-551
-559
-567
-563
-584
-573
-581
-615
-659
-718
-746
-748
-697
-606
-472
-366
-295
-292
-324
-368
-380
-322
-225
-106
0
71
105
95
123
177
259
402
524
652
712
763
791
794
827
895
976
1044
1115
1132
1155
1094
1063
1040
1032
1022
972
954
865
803
706
665
595
525
486
392
334
262
220
188
179
165
128
-14
-190
-384
-559
-660
-692
-678
-693
-755
-858
-1012
-1128
-1224
-1236
-1252
-1239
-1207
-1223
-1205
-1203
-1194
-1169
-1107
-1067
-1042
-1033
-1028
-1030
-1051
-1019
-935
-857
-827
-792
-764
-772
-802
-741
-518
-243
19
272
458
519
440
399
494
653
805
1021
1214
1316
1280
1250
1299
1314
1359
1453
1620
1718
1730
1699
1627
1522
1380
1317
1314
1291
1230
1133
1026
881
726
634
613
581
508
461
371
197
16
-136
-217
-279
-324
-360
-409
-531
-720
-854
-935
-974
-991
-980
-1010
-1110
-1250
-1384
-1461
-1545
-1539
-1536
-1517
-1486
-1473
-1436
-1391
-1318
-1218
-1086
-907
-782
-753
-776
-817
-813
-800
-668
-522
-461
-563
-698
-792
-742
-499
-156
265
519
589
559
496
462
526
692
930
1126
1275
1302
1286
1253
1182
1192
1300
1480
1652
1802
1841
1813
1658
1484
1394
1321
1327
1279
1231
1077
861
622
438
342
304
341
328
300
215
67
-67
-172
-219
-211
-197
-196
-250
-434
-593
-753
-855
-896
-865
-794
-789
-840
-920
-1002
-1107
-1171
-1217
-1210
-1227
-1245
-1247
-1264
-1253
-1224
-1147
-1032
-875
-737
-623
-530
-527
-595
-644
-704
-653
-557
-434
-374
-429
-587
-766
-809
-713
-461
-111
218
400
425
320
236
198
288
520
757
998
1127
1148
1113
1053
977
972
1106
1223
1401
1558
1573
1522
1357
1212
1137
1129
1141
1141
1078
914
721
558
436
384
375
407
427
373
242
53
-104
-212
-212
-186
-109
-97
-187
-302
-437
-518
-553
-508
-451
-436
-477
-564
-693
-795
-887
-949
-979
-958
-958
-970
-980
-1016
-1062
-1065
-1001
-895
-772
-623
-488
-470
-539
-638
-768
-835
-793
-665
-528
-453
-524
-708
-881
-922
-918
-677
-378
-109
65
78
89
-11
-78
-65
114
341
529
748
892
929
856
815
868
965
1125
1337
1559
1631
1559
1421
1276
1140
1055
1107
1165
1136
1014
858
739
597
547
609
655
679
598
512
390
254
162
151
193
203
184
117
19
-134
-240
-240
-220
-195
-222
-244
-321
-437
-559
-627
-662
-693
-681
-717
-764
-912
-1024
-1138
-1168
-1114
-1042
-892
-760
-690
-663
-697
-862
-1040
-1170
-1158
-1042
-907
-779
-883
-1126
-1477
-1657
-1581
-1354
-897
-539
-318
-350
-500
-550
-508
-357
-82
243
499
609
615
592
513
450
526
762
1070
1377
1577
1658
1600
1436
1327
1326
1448
1548
1634
1647
1518
1317
1094
964
925
990
1043
1139
1113
991
823
674
604
569
622
645
635
528
362
231
95
-3
-11
-21
-3
-32
-92
-191
-325
-473
-580
-607
-676
-667
-754
-910
-1084
-1275
-1411
-1475
-1430
-1341
-1183
-1065
-902
-864
-878
-1068
-1276
-1429
-1505
-1365
-1179
-982
-1048
-1436
-1883
-2093
-2051
-1699
-1059
-465
-188
-320
-544
-663
-647
-505
-224
275
568
683
759
769
685
464
515
832
1246
1594
1852
2014
1835
1469
1310
1417
1568
1669
1849
1941
1822
1502
1252
1144
1060
1094
1244
1406
1315
1051
805
590
453
426
568
691
649
481
291
174
-9
-134
-110
-13
18
-32
-134
-278
-495
-741
-820
-816
-853
-896
-908
-983
-1149
-1337
-1490
-1563
-1622
-1595
-1435
-1249
-1141
-1101
-1121
-1276
-1467
-1577
-1568
-1473
-1301
-1086
-1023
-1223
-1676
-1969
-2002
-1777
-1226
-576
-16
-41
-292
-532
-603
-530
-301
280
740
973
1002
1024
956
695
552
795
1249
1640
2000
2266
2214
1875
1553
1579
1732
1863
2038
2165
2093
1729
1363
1184
1086
1042
1189
1439
1484
1277
939
665
440
331
385
536
593
444
262
93
-68
-223
-236
-172
-155
-211
-290
-421
-607
-861
-963
-941
-939
-983
-1060
-1144
-1349
-1557
-1703
-1769
-1808
-1829
-1725
-1549
-1376
-1317
-1289
-1359
-1559
-1658
-1610
-1497
-1244
-1116
-1052
-1289
-1781
-1963
-2023
-1651
-1157
-514
42
-35
-247
-542
-569
-444
-222
396
923
1180
1201
1219
1163
866
704
965
1420
1772
2116
2364
2355
1999
1651
1704
1832
1948
2052
2235
2121
1715
1391
1213
1137
1043
1182
1373
1381
1092
751
503
298
185
293
526
569
380
134
-83
-284
-455
-423
-268
-160
-169
-255
-377
-621
-890
-1025
-1007
-939
-942
-995
-1071
-1286
-1536
-1663
-1719
-1716
-1751
-1606
-1436
-1272
-1169
-1095
-1128
-1306
-1474
-1518
-1416
-1324
-1119
-962
-1043
-1443
-1842
-1911
-1802
-1386
-791
-138
133
-105
-349
-503
-470
-437
-30
587
932
1040
1091
1133
903
611
654
1047
1465
1787
2185
2345
2098
1701
1515
1635
1696
1834
2064
2187
1951
1560
1286
1065
883
834
1096
1352
1297
1135
915
657
378
316
505
667
688
562
424
192
-99
-254
-277
-200
-138
-136
-134
-275
-506
-730
-824
-874
-911
-931
-978
-1116
-1364
-1602
-1766
-1850
-1846
-1670
-1492
-1317
-1228
-1265
-1442
-1625
-1773
-1791
-1633
-1435
-1174
-1151
-1395
-1946
-2271
-2324
-2042
-1390
-741
-123
-193
-492
-719
-788
-674
-474
161
732
924
1000
1068
1004
649
463
762
1220
1611
1938
2241
2239
1876
1582
1662
1824
1926
2134
2392
2409
2009
1642
1424
1265
1182
1350
1710
1790
1538
1168
870
629
469
559
819
931
780
592
443
168
-85
-197
-90
-10
-12
27
-95
-309
-688
-926
-993
-1088
-1166
-1228
-1244
-1416
-1649
-1788
-1831
-1899
-1903
-1732
-1522
-1446
-1458
-1474
-1673
-1836
-1935
-1820
-1608
-1455
-1319
-1461
-1874
-2288
-2365
-2115
-1629
-1047
-363
-161
-373
-591
-705
-600
-582
-151
465
854
1021
1088
1147
889
564
668
1118
1545
1872
2242
2424
2153
1759
1631
1745
1811
1943
2281
2473
2271
1880
1641
1434
1292
1184
1330
1574
1542
1310
1153
1064
816
733
886
990
866
655
543
287
-108
-333
-310
-157
-87
-8
2
-173
-504
-880
-1054
-1170
-1267
-1338
-1357
-1459
-1714
-1908
-2041
-2102
-2116
-2047
-1737
-1490
-1422
-1403
-1513
-1692
-1927
-1925
-1651
-1404
-1387
-1755
-2441
-2847
-2955
-2481
-1587
-718
-50
-220
-533
-818
-904
-652
-284
479
1131
1444
1591
1547
1314
875
713
1102
1751
2303
2583
2679
2425
1904
1610
1743
1982
2150
2340
2524
2308
1621
1076
826
923
1162
1517
1817
1901
1398
605
349
447
731
1062
1271
1193
810
355
66
-176
-260
-70
119
122
-81
-446
-780
-983
-1063
-925
-814
-868
-1195
-1691
-2122
-2288
-2239
-1998
-1620
-1275
-1038
-990
-1048
-1157
-1485
-1907
-1994
-1888
-1509
-1166
-1003
-1790
-3170
-3763
-3599
-2474
-1333
-235
497
-154
-975
-1294
-765
-43
572
1644
2375
2355
1935
1650
1380
854
871
1708
2659
2822
2410
1925
1050
379
441
1230
1921
1938
1722
1358
816
323
233
635
1104
1447
1724
1631
1099
356
31
156
563
1073
1321
1226
658
85
-247
-239
-61
51
174
104
-119
-497
-835
-1032
-1092
-965
-733
-639
-901
-1382
-1843
-2006
-1975
-1622
-1062
-590
-162
53
178
116
-341
-884
-1321
-1287
-969
-743
-867
-2398
-3696
-4221
-3764
-2161
-936
284
404
-572
-1207
-1248
-448
330
1084
2033
2368
2139
1755
1493
996
557
939
1886
2525
2210
1739
1174
552
204
451
1038
1088
836
691
608
388
148
278
699
1059
1330
1535
1427
880
319
257
547
901
1108
1023
759
261
-151
-216
-68
9
-41
-28
-43
-280
-605
-774
-688
-566
-493
-496
-666
-1109
-1477
-1561
-1340
-980
-684
-162
225
393
407
258
224
-171
-549
-721
-593
-620
-877
-1666
-3418
-4208
-4369
-3255
-1632
-648
224
-174
-1064
-1488
-1176
-69
854
1659
2295
2267
1722
1248
1054
793
732
1192
1963
2222
1797
1135
570
35
-224
79
584
702
563
350
158
-79
-183
159
736
1241
1563
1596
1298
783
422
515
898
1242
1326
1071
504
-157
-646
-709
-472
-234
-170
-137
-252
-555
-741
-785
-596
-534
-628
-792
-1106
-1375
-1574
-1294
-812
-271
438
1002
1161
1008
665
452
197
-97
-189
3
-28
-320
-1436
-3463
-4279
-4546
-3267
-1446
-302
808
96
-932
-1392
-1045
294
1218
2160
2746
2345
1608
991
764
420
413
1082
1871
1994
1386
602
-28
-638
-748
-745
-291
-168
-374
19
-25
-19
-238
-123
561
1083
1633
1772
1510
935
446
467
843
1110
1024
678
200
-279
-677
-653
-468
-344
-277
-257
-347
-708
-1055
-1111
-825
-523
-340
-477
-773
-1186
-1449
-1172
-714
-154
396
899
1478
1636
1537
1386
976
556
-22
89
48
-268
-1469
-3560
-4192
-4443
-3210
-1395
-217
808
41
-834
-995
-576
664
1619
2447
2872
2334
1617
1079
610
237
254
900
1569
1434
938
311
-315
-665
-601
-72
-136
-511
-957
-1403
-1473
-1334
-710
231
974
1573
1834
1654
1213
747
783
1063
1366
1566
1404
842
98
-479
-806
-860
-777
-693
-661
-695
-815
-965
-1011
-842
-466
-166
-186
-543
-1021
-1320
-1376
-1109
-742
-275
149
695
1242
1521
1632
1435
1228
871
415
378
128
-253
-1144
-3362
-4332
-4619
-3773
-1844
-704
646
410
-527
-724
-514
809
1878
2596
3150
2777
2091
1550
1204
826
469
594
1114
1180
824
260
-237
-669
-905
-866
-858
-800
-925
-621
-242
-172
-115
-107
180
726
1305
1770
1689
1202
695
463
612
858
963
757
255
-194
-511
-598
-531
-526
-555
-594
-620
-744
-866
-763
-619
-549
-711
-978
-1271
-1527
-1426
-1113
-507
-1
425
974
1379
1742
1752
1631
1311
803
241
171
-94
-489
-1751
-4080
-4660
-4761
-3297
-1309
-237
998
179
-767
-714
-86
1476
2500
3286
3617
2859
2013
1494
1090
696
499
871
1353
1153
620
-98
-663
-1224
-1421
-1435
-1397
-1158
-1063
-498
-270
-304
-397
-512
113
964
1780
2124
1781
1140
509
308
536
825
753
301
-177
-534
-824
-812
-666
-623
-579
-637
-547
-535
-680
-627
-478
-532
-795
-1195
-1491
-1653
-1407
-944
-379
257
594
1208
1667
1918
1911
1691
1440
748
263
47
-335
-684
-2274
-4145
-4629
-4638
-3051
-1346
-92
1099
399
-166
-94
564
2009
2870
3619
3748
2909
2077
1583
1260
802
612
853
1096
821
288
-295
-880
-1317
-1432
-930
-556
-498
-441
-554
-646
-723
-503
35
729
1361
1765
1694
1167
539
145
209
434
704
731
339
-230
-751
-1050
-979
-813
-710
-680
-767
-841
-934
-996
-859
-783
-899
-1160
-1320
-1432
-1509
-1331
-1119
-678
-216
562
1417
2009
2225
1909
1608
1148
617
168
-90
-624
-1163
-3029
-4666
-4816
-4657
-2647
-1176
279
1290
322
-2
162
1191
2625
3487
4233
4048
2934
2054
1688
1337
949
818
1072
1162
723
252
-247
-751
-1083
-965
-482
-609
-903
-959
-904
-643
-373
36
374
626
1002
1360
1411
1077
636
301
297
440
615
543
35
-647
-1145
-1291
-1081
-855
-913
-968
-1069
-1088
-1043
-1063
-940
-1019
-1327
-1537
-1607
-1696
-1625
-1312
-761
-164
487
1115
1697
1939
1808
1733
1543
1434
916
474
73
-952
-1564
-3857
-5254
-5164
-4764
-2195
-733
860
1482
248
95
322
1611
3073
4019
4706
4284
3046
2238
1860
1422
1088
998
1345
1263
719
232
-424
-989
-1572
-1500
-1082
-1126
-1046
-874
-617
-385
-225
174
638
1107
1716
2099
1960
1479
762
330
233
251
372
164
-427
-1069
-1502
-1623
-1335
-897
-802
-780
-883
-954
-977
-1122
-1037
-1124
-1347
-1647
-1774
-1847
-1824
-1482
-1031
-379
284
906
1582
1953
2003
1776
1636
1428
1197
654
-7
-1017
-2124
-3851
-5785
-5633
-5078
-2997
-989
186
1440
432
-105
387
1391
3119
4115
4907
4811
3385
2179
1757
1496
1154
966
1198
1253
536
37
-455
-923
-1321
-1223
-332
-92
-361
-1266
-1641
-1572
-1197
443
1785
2759
2735
2197
1797
1174
931
1011
1192
1140
740
234
-371
-1090
-1733
-1996
-1547
-1096
-957
-928
-1209
-1369
-1427
-1261
-770
-676
-1018
-1502
-1787
-1912
-1865
-1643
-1163
-643
-148
751
1542
2023
1967
1469
1315
1038
1087
1072
410
-444
-1975
-3303
-5487
-6344
-5645
-4287
-1764
-387
1179
1278
143
198
788
2443
3788
4685
5150
4236
2696
1898
1725
1409
997
813
1003
535
-94
-366
-750
-1197
-1503
-998
-470
-505
-667
-691
-535
-274
247
1235
2083
2378
2480
2355
1980
1471
1022
911
851
764
680
313
-345
-1091
-1607
-1467
-1126
-780
-645
-856
-1089
-1366
-1493
-1304
-1049
-1163
-1322
-1516
-1735
-1721
-1790
-1228
-685
-95
780
1423
2096
2045
1730
1275
878
660
562
114
-513
-1643
-2887
-4165
-6332
-6259
-5546
-3786
-1414
-141
1441
992
236
415
1275
2710
3675
4580
4762
3658
2294
1703
1481
909
360
472
643
15
-381
-733
-1024
-1605
-2001
-1134
-1008
-809
-500
-209
477
472
1185
2144
2548
2851
2876
2865
2485
1746
1331
1104
916
765
540
168
-539
-1138
-1254
-1055
-568
-363
-472
-598
-1041
-1243
-1173
-1060
-911
-1146
-1294
-1370
-1319
-1246
-1025
-520
-218
423
1094
1831
2160
2031
1634
1178
674
282
-193
-945
-1815
-3036
-3988
-6141
-6643
-6020
-4656
-2078
-697
1128
1200
319
301
908
2304
3284
4176
4592
3807
2408
1702
1309
685
32
-74
360
-10
-360
-681
-1027
-1388
-1763
-1320
-970
-1063
-984
-463
267
986
1652
2430
2852
2854
2948
3040
2873
2360
1773
1360
1081
843
722
366
-223
-800
-1136
-1064
-733
-448
-502
-686
-879
-1042
-989
-891
-854
-1035
-1426
-1582
-1513
-1347
-1070
-658
-159
444
890
1631
2053
2056
1814
1182
748
166
-465
-1190
-1847
-2878
-3768
-5835
-6945
-6393
-5434
-2711
-794
1141
1683
524
386
786
2050
3191
4166
4766
3968
2615
1780
1335
496
-242
-414
-3
-113
-416
-519
-936
-1546
-1996
-1357
-580
-398
-640
-496
-348
-17
985
2210
3264
3401
3321
3123
2623
2181
1755
1613
1519
1304
1082
713
45
-743
-1250
-1288
-975
-587
-472
-631
-854
-1080
-982
-674
-468
-523
-850
-1223
-1312
-1141
-969
-536
-103
485
1084
1699
2267
2193
1773
1143
667
294
-375
-1034
-1761
-2933
-3871
-5898
-6979
-6532
-5756
-3130
-1123
903
1764
725
515
761
1874
3183
4235
4967
4247
2771
1763
1071
200
-623
-885
-515
-624
-845
-916
-1372
-1924
-2453
-1975
-1029
-433
133
636
851
852
995
1564
2331
2824
3248
3437
3067
2272
1455
985
745
807
913
849
465
-152
-657
-860
-714
-571
-535
-656
-824
-918
-976
-815
-720
-867
-1099
-1384
-1125
-687
-390
198
515
721
1038
1402
1973
2405
2143
1764
949
39
-881
-1923
-2395
-3230
-3984
-6031
-6888
-6508
-5571
-2941
-1227
1074
1674
647
782
1154
2302
3367
4221
4871
4181
2753
1921
1265
188
-842
-1103
-703
-840
-907
-921
-1234
-1862
-2375
-1707
-885
-554
-713
-410
-25
368
1394
2340
3265
3278
3083
3102
2775
2440
1951
1643
1309
941
758
668
227
-490
-1117
-1322
-1169
-948
-729
-789
-800
-851
-889
-606
-378
-529
-792
-935
-858
-618
-245
142
520
870
1315
1817
2220
2294
1938
1640
915
457
-350
-1467
-2094
-3379
-3933
-5864
-6847
-6266
-5656
-3013
-1344
852
1769
797
883
1177
2350
3545
4460
5005
4309
2616
1635
922
-75
-899
-1373
-1007
-1190
-1303
-1250
-1608
-2066
-2566
-2016
-1131
-647
-134
-333
-723
-784
-503
1041
2566
3702
4358
3925
3113
2047
1370
1238
1306
1495
1373
918
174
-804
-1557
-1872
-1637
-1075
-655
-516
-710
-936
-1084
-798
-130
446
432
141
-282
-723
-533
-315
461
1159
1508
2057
2196
2276
2076
1633
1231
528
-89
-876
-1756
-2458
-3369
-4012
-5856
-6715
-6193
-5217
-2551
-584
1560
2424
1519
1296
1577
2473
3453
4242
4686
3883
2213
1177
411
-516
-1499
-1831
-1486
-1677
-1647
-1551
-1715
-2152
-2715
-2305
-1360
-731
193
1016
1337
1472
1327
1821
2263
2457
2861
2938
2674
1923
1156
669
272
189
344
463
227
-345
-786
-902
-892
-666
-600
-616
-667
-906
-766
-503
-196
17
92
110
-105
-262
-233
215
730
1242
1807
1986
2003
1773
1544
1333
827
126
-735
-2324
-3037
-3546
-3487
-3616
-5131
-4924
-5027
-3923
-1952
-209
1960
2052
1912
2121
2317
2761
3217
3688
3625
2592
1710
1282
344
-735
-1666
-1703
-1633
-1768
-1396
-1404
-1699
-2363
-2615
-1980
-1519
-754
325
1199
1655
1663
1823
2060
2013
2073
2344
2489
2140
1538
959
361
-107
-223
-54
27
-202
-508
-597
-799
-789
-832
-944
-839
-854
-515
-244
-25
-121
-414
-643
-735
-263
142
708
1165
1321
1534
1772
2094
2386
2356
1982
1391
623
-401
-1547
-2453
-3059
-3505
-3634
-4792
-5391
-5231
-4766
-2522
-680
1553
2892
2556
2507
2208
2448
3011
3486
3853
3490
2555
1740
802
-386
-1553
-2252
-2134
-2038
-1579
-1209
-1428
-1811
-2537
-2456
-1860
-1230
-181
692
1356
1630
1720
1920
1973
1964
2121
2222
2191
1776
1125
538
-89
-354
-293
-194
-239
-574
-831
-1003
-967
-850
-897
-893
-997
-906
-645
-378
-173
-272
-596
-761
-602
-191
474
986
1392
1608
1748
2041
2152
2120
1890
1388
959
103
-910
-1932
-2878
-3522
-3711
-4460
-5366
-5080
-4809
-2951
-1020
900
2815
2625
2425
2250
2489
3144
3657
4125
3972
2933
1881
1087
-7
-1039
-1837
-1789
-1715
-1676
-1299
-1369
-1556
-2186
-2236
-1582
-1148
-421
385
925
1313
1510
1735
2160
2158
2237
2339
2120
1796
1177
635
112
-276
-391
-344
-376
-599
-856
-1126
-1271
-1273
-1200
-1174
-1101
-986
-814
-542
-381
-356
-475
-683
-617
-241
151
677
1074
1308
1579
1690
1992
2035
1802
1526
965
473
-518
-1558
-2533
-3316
-3700
-3985
-4772
-5048
-4777
-3938
-1835
-96
2010
3031
2760
2603
2357
2820
3284
3837
4091
3550
2622
1552
656
-426
-1395
-1790
-1716
-1609
-1283
-1151
-1250
-1617
-2063
-1737
-1143
-487
227
834
1110
1145
1220
1559
1971
2214
2465
2506
2136
1547
925
315
-135
-350
-302
-180
-358
-672
-1018
-1352
-1548
-1614
-1588
-1447
-1323
-1037
-767
-505
-387
-484
-562
-604
-171
197
627
901
925
1036
1190
1576
1956
1943
1725
1191
527
-181
-1268
-2056
-2823
-3372
-3401
-3913
-4623
-4731
-4512
-3144
-1259
682
2611
2965
2629
2388
2336
2872
3401
3938
4024
3221
2180
1195
181
-920
-1727
-1820
-1697
-1465
-1159
-1115
-1340
-1934
-2126
-1520
-750
207
995
1435
1498
1212
1193
1390
1799
2155
2445
2477
2073
1474
765
219
-98
-146
-23
47
-121
-525
-969
-1362
-1513
-1576
-1526
-1375
-1218
-1015
-780
-511
-414
-473
-526
-441
-128
221
600
957
1132
1203
1292
1429
1480
1231
1013
610
200
-504
-1413
-2286
-3118
-3618
-3779
-4092
-4661
-4483
-4043
-2606
-836
870
2516
2720
2377
2219
2267
2752
3383
3819
3827
2946
1828
943
-65
-1018
-1625
-1692
-1592
-1418
-1087
-931
-1018
-1386
-1483
-1109
-635
-348
190
690
1020
1536
1962
2568
2645
2404
2268
2061
1914
1676
1451
1084
583
141
-75
-249
-546
-978
-1263
-1334
-1302
-1183
-1120
-1133
-1290
-1182
-835
-318
106
133
35
-104
-209
-38
311
666
902
1022
1177
1277
1233
968
586
193
-339
-691
-1156
-1860
-2631
-3385
-3708
-3790
-3958
-4288
-3897
-3289
-2047
-372
1214
2612
2713
2352
2060
1998
2272
2711
3118
2966
2132
1134
369
-443
-1189
-1583
-1641
-1553
-1329
-897
-719
-831
-1178
-1266
-859
-350
469
1173
1565
1678
1648
1824
1997
2031
2093
2212
2186
1926
1621
1231
652
127
-153
-62
49
-78
-215
-473
-819
-1113
-1253
-1252
-1184
-1012
-625
-204
50
60
-42
-159
-247
30
359
747
998
1004
1067
1005
915
732
479
116
-336
-842
-1053
-1463
-2060
-2599
-3135
-3194
-3398
-3579
-3847
-3792
-3246
-2161
-402
1104
2202
2279
1733
1204
1044
1573
2225
2728
2619
2036
1190
471
-168
-865
-1326
-1555
-1451
-1177
-714
-582
-736
-1090
-1275
-878
-226
563
1181
1501
1644
1686
1818
2006
2145
2312
2359
2422
2297
1879
1345
621
132
22
101
259
244
11
-354
-719
-976
-1094
-1008
-834
-517
-140
52
143
20
-246
-297
-180
226
653
848
903
725
571
571
553
547
284
-278
-724
-1204
-1381
-1714
-2117
-2450
-2800
-2893
-3072
-3100
-3502
-3690
-3278
-2314
-741
715
1845
2058
1437
845
676
967
1505
1875
2046
1813
1210
686
27
-638
-1236
-1456
-1228
-848
-432
-224
-337
-680
-966
-832
-320
293
850
1266
1505
1605
1720
1884
2047
2141
2244
2312
2208
1955
1500
984
537
267
227
323
393
287
-15
-381
-725
-941
-956
-748
-433
-147
153
256
212
67
-52
13
241
455
670
778
675
553
346
176
-50
-378
-621
-794
-951
-996
-1120
-1443
-1846
-2320
-2478
-2528
-2616
-2762
-3222
-3211
-2921
-2039
-673
363
1183
1107
663
365
149
598
1143
1630
1985
1720
1309
808
106
-451
-905
-977
-781
-538
-168
-110
-328
-743
-1004
-809
-393
318
925
1361
1653
1786
1991
2203
2393
2487
2492
2357
2096
1730
1266
770
369
147
155
306
382
364
141
-177
-459
-648
-634
-417
-129
181
413
482
424
244
-21
-210
-245
-144
96
208
223
52
-202
-492
-761
-829
-908
-897
-842
-787
-723
-823
-1221
-1570
-2020
-2391
-2559
-2691
-2861
-3140
-2999
-2606
-1686
-689
134
666
430
98
-124
100
654
1282
1825
2016
1733
1205
657
135
-347
-646
-584
-362
-152
-14
-42
-204
-647
-785
-525
-115
643
1306
1863
2176
2127
2059
2022
2052
2186
2260
2266
2085
1690
1217
704
376
221
220
370
503
506
353
14
-205
-375
-356
-81
272
621
694
579
250
-185
-543
-715
-603
-388
-245
-161
-262
-523
-875
-1114
-1118
-1021
-774
-506
-251
-202
-326
-518
-907
-1373
-1961
-2435
-2700
-2870
-2813
-2829
-2689
-2432
-2155
-1611
-1041
-496
-93
50
252
484
845
1381
1772
1998
1883
1532
1089
549
151
-196
-401
-418
-318
-102
44
-7
-59
-95
49
426
855
1466
1866
2024
2102
1991
1905
1762
1698
1671
1523
1421
1297
1151
965
769
656
594
515
560
576
493
319
126
-8
-71
20
162
324
225
46
-220
-550
-792
-963
-981
-962
-942
-889
-830
-853
-905
-954
-978
-944
-848
-632
-433
-365
-312
-425
-501
-671
-1088
-1497
-2152
-2695
-3011
-3172
-3098
-2809
-2405
-2024
-1578
-1117
-682
-241
48
414
749
1084
1517
1897
1995
1864
1489
1065
679
309
197
145
207
324
442
574
486
410
348
372
652
1096
1516
1850
1949
1856
1672
1497
1480
1469
1518
1554
1490
1418
1262
1039
838
631
536
545
713
897
952
897
659
313
47
-92
-43
49
50
-21
-319
-715
-1150
-1460
-1581
-1603
-1360
-1029
-780
-575
-608
-679
-853
-995
-920
-831
-616
-472
-497
-591
-887
-1089
-1319
-1601
-1861
-2267
-2589
-2762
-2784
-2625
-2393
-2053
-1686
-1300
-888
-554
-163
14
119
333
519
991
1374
1634
1684
1348
982
667
496
485
559
632
730
753
832
904
950
911
830
822
922
1146
1380
1586
1616
1545
1470
1404
1405
1380
1299
1175
1072
1009
1053
1092
1157
1174
1184
1120
951
696
355
72
-85
-48
123
251
184
-41
-436
-816
-1075
-1164
-1109
-1002
-888
-851
-825
-905
-1019
-1188
-1387
-1403
-1352
-1114
-836
-680
-615
-740
-953
-1148
-1333
-1436
-1424
-1523
-1650
-1840
-2006
-2081
-2099
-1985
-1791
-1563
-1289
-941
-643
-349
-85
51
221
358
566
906
1178
1398
1431
1333
1130
911
832
781
873
1048
1160
1247
1266
1260
1231
1144
1123
1171
1282
1452
1608
1676
1499
1267
1028
896
897
1014
1149
1204
1167
1083
1014
961
880
769
651
479
376
311
256
242
148
12
-102
-221
-318
-403
-546
-704
-884
-1033
-1061
-1105
-1090
-1166
-1329
-1456
-1595
-1679
-1644
-1553
-1366
-1200
-1109
-1026
-1058
-1173
-1309
-1344
-1341
-1315
-1187
-1148
-1125
-1111
-1106
-1064
-1019
-1020
-988
-926
-841
-668
-516
-396
-389
-380
-296
-158
69
361
581
765
840
896
981
1001
1121
1210
1332
1435
1511
1605
1582
1488
1422
1312
1252
1269
1313
1474
1520
1531
1509
1402
1252
1124
1078
1067
1058
1040
996
885
687
590
505
497
520
518
520
405
316
245
187
192
137
107
-14
-188
-398
-680
-912
-1124
-1239
-1331
-1335
-1313
-1351
-1386
-1499
-1601
-1653
-1620
-1519
-1379
-1233
-1153
-1183
-1238
-1296
-1340
-1275
-1263
-1216
-1183
-1164
-1174
-1103
-1006
-927
-809
-764
-694
-634
-539
-402
-262
-149
5
106
202
280
326
378
400
409
448
554
660
759
816
851
872
965
1073
1223
1407
1538
1579
1589
1515
1425
1389
1367
1399
1455
1490
1448
1320
1162
1047
1124
1157
1182
1142
1064
1033
962
928
887
742
579
538
446
410
313
107
-225
-561
-737
-810
-883
-884
-911
-985
-987
-894
-815
-886
-945
-1167
-1348
-1352
-1349
-1287
-1242
-1297
-1314
-1308
-1309
-1352
-1427
-1498
-1575
-1536
-1350
-1118
-1000
-930
-908
-1002
-997
-909
-867
-759
-663
-530
-309
-144
-76
-57
-76
-271
-232
-23
190
488
634
638
634
653
668
685
643
602
600
657
818
972
1114
1123
1109
1006
976
1160
1283
1489
1553
1448
1426
1401
1406
1423
1409
1296
1214
1127
1072
1034
959
956
878
800
759
565
384
250
150
77
-34
-163
-352
-487
-507
-481
-533
-597
-671
-627
-755
-848
-885
-864
-802
-762
-700
-789
-925
-958
-1093
-1161
-1298
-1351
-1203
-1096
-1082
-1112
-1151
-1183
-1197
-1147
-1009
-980
-889
-606
-559
-564
-614
-605
-665
-518
-334
-132
7
-20
0
-102
-110
-134
-143
-77
60
135
169
253
253
313
458
391
582
666
698
809
820
934
889
1030
1189
1192
1147
1129
1121
1151
1255
1300
1235
1145
1168
1139
1067
1051
930
1047
915
671
525
196
126
29
-48
-25
-104
-72
21
-41
-175
-340
-411
-343
-298
-312
-227
-319
-388
-476
-662
-704
-738
-772
-822
-856
-816
-852
-884
-948
-1066
-1060
-1028
-935
-869
-755
-784
-790
-639
-568
-481
-454
-366
-313
-347
-330
-342
-345
-396
-363
-280
-240
-218
-184
-194
-145
-95
-99
31
132
187
238
235
326
248
225
308
378
537
614
663
644
619
644
703
780
883
819
842
916
937
997
1024
1011
926
828
796
728
678
593
473
389
325
273
187
145
64
-59
-31
4
28
74
59
28
-9
-71
-171
-219
-303
-404
-411
-400
-398
-473
-578
-745
-844
-858
-758
-659
-595
-542
-619
-628
-571
-596
-540
-469
-488
-437
-373
-425
-486
-529
-577
-556
-577
-436
-353
-294
-208
-209
-295
-328
-244
-202
-196
-40
35
13
52
99
157
208
223
329
343
334
341
343
348
392
323
306
430
472
514
529
608
669
693
708
691
700
714
694
588
505
476
475
493
460
398
332
254
174
63
56
108
170
247
274
208
127
8
-96
-133
-92
-107
-105
-189
-275
-330
-479
-388
-276
-300
-340
-389
-417
-379
-375
-354
-272
-218
-234
-239
-202
-322
-448
-495
-547
-546
-484
-450
-386
-329
-414
-461
-404
-386
-391
-288
-226
-158
-74
-82
-27
-58
-107
-160
-148
-112
-66
-66
0
77
57
88
78
53
42
80
115
169
255
288
344
333
311
259
333
390
383
428
419
364
369
327
332
303
320
344
256
246
270
312
309
295
288
229
243
245
278
324
323
226
107
43
-37
17
-76
-64
-41
-107
-20
-3
-83
-92
-93
-148
-137
-85
-41
-9
37
56
-52
-203
-271
-332
-349
-352
-276
-227
-211
-204
-259
-271
-297
-194
-139
-145
-79
-74
-97
-195
-286
-349
-318
-329
-342
-264
-303
-333
-337
-275
-189
-167
-89
-17
-31
15
35
9
13
27
110
162
177
168
185
127
99
106
74
91
159
173
204
214
216
204
222
216
241
234
234
281
287
309
184
187
149
108
83
194
177
132
163
178
148
86
62
83
51
-27
-29
43
40
27
16
-9
-109
-128
-97
-143
-142
-94
-42
-13
21
-65
-127
-140
-114
-123
-57
-55
-51
-23
-132
-199
-186
-191
-190
-160
-216
-245
-334
-363
-361
-360
-300
-168
-140
-124
-147
-203
-247
-209
-153
-85
39
34
42
62
56
28
28
114
113
105
118
94
90
82
74
103
127
174
235
230
257
261
266
244
332
361
402
427
456
397
307
241
173
206
210
199
272
223
196
54
-14
-50
-70
-24
-22
-8
4
-7
5
-74
-107
-165
-157
-94
-158
-157
-131
-123
-105
-51
-72
-57
-59
-62
-149
-201
-224
-257
-292
-319
-372
-364
-400
-379
-372
-372
-358
-362
-335
-322
-268
-205
-147
-61
-74
-46
-26
-91
-103
-97
4
107
147
215
158
96
6
-41
-25
11
96
127
132
184
192
210
277
284
310
344
394
371
381
360
339
378
337
349
315
243
269
259
242
271
264
210
189
72
65
6
-18
-56
-91
-172
-228
-175
-191
-189
-209
-222
-204
-213
-187
-111
-95
-105
-68
-89
-92
-139
-175
-208
-222
-271
-288
-348
-284
-255
-267
-190
-193
-178
-197
-213
-325
-328
-319
-259
-137
-96
-77
-21
-26
-102
-124
-76
4
116
183
300
271
240
222
141
109
79
51
58
57
113
247
261
231
235
239
254
212
287
378
390
436
450
294
204
112
91
118
182
351
367
372
323
153
102
56
51
57
27
71
-5
-69
-130
-169
-201
-251
-246
-208
-138
-139
-150
-151
-231
-239
-193
-141
-99
-103
-154
-232
-274
-320
-311
-316
-319
-342
-344
-317
-258
-264
-249
-250
-242
-258
-291
-230
-247
-198
-188
-138
-150
-144
-130
-150
-72
-30
52
136
183
162
185
210
192
141
120
86
143
135
169
214
289
281
255
219
205
222
290
360
383
432
394
374
331
253
263
283
275
221
224
159
144
128
119
172
155
129
124
38
6
30
-14
-1
-58
-118
-60
-47
-44
-42
-103
-154
-193
-204
-255
-227
-225
-207
-200
-257
-226
-259
-278
-271
-343
-364
-339
-361
-316
-271
-265
-197
-213
-268
-307
-276
-189
-174
-118
-117
-127
-168
-212
-150
-119
-112
-112
-82
16
78
103
171
228
147
114
99
87
167
193
228
324
318
338
331
311
262
222
247
251
240
309
344
359
305
305
299
270
246
210
221
192
205
147
123
125
144
162
176
168
113
48
0
-10
-70
-56
10
-10
28
5
-26
-63
-133
-156
-175
-171
-182
-143
-156
-186
-231
-331
-349
-427
-395
-388
-383
-372
-419
-428
-416
-419
-371
-348
-287
-245
-211
-198
-200
-229
-277
-285
-214
-183
-174
-83
-129
-119
-143
-108
-103
-46
28
80
140
114
190
152
193
176
215
292
251
353
342
345
361
337
355
282
321
392
431
479
464
459
432
348
313
282
246
277
251
235
207
176
183
138
122
175
161
163
145
136
124
110
91
33
-3
-1
-41
-82
-97
-159
-189
-242
-262
-233
-245
-272
-271
-280
-335
-384
-376
-422
-458
-453
-502
-497
-497
-488
-446
-393
-309
-269
-249
-216
-243
-287
-296
-284
-317
-290
-217
-201
-187
-174
-153
-150
-124
-71
6
47
158
221
251
269
261
244
219
190
193
212
224
262
305
386
389
415
435
417
401
375
367
390
364
417
425
375
303
276
193
165
179
225
279
280
335
307
248
212
119
114
91
103
141
105
98
90
-15
-102
-83
-178
-160
-182
-222
-229
-260
-278
-300
-355
-422
-441
-445
-420
-390
-340
-300
-278
-251
-276
-323
-364
-373
-388
-391
-365
-368
-363
-398
-420
-416
-393
-396
-311
-244
-188
-116
-40
34
17
29
69
110
120
130
179
182
186
162
207
198
222
320
311
389
400
417
456
428
456
430
429
464
450
440
398
355
266
224
214
199
213
226
244
182
179
179
176
151
104
120
77
65
25
38
-6
-57
-79
-147
-211
-261
-255
-319
-339
-357
-384
-377
-397
-391
-383
-335
-304
-241
-259
-270
-327
-382
-376
-398
-348
-332
-305
-283
-310
-345
-380
-338
-293
-215
-136
-67
-15
-51
-41
-30
15
33
67
78
119
124
168
203
244
256
267
306
314
333
355
334
364
371
398
453
523
517
505
446
425
356
315
382
398
403
398
355
261
213
131
122
108
125
128
89
136
97
-7
19
-67
-125
-118
-122
-151
-175
-171
-212
-255
-270
-316
-339
-353
-376
-414
-448
-460
-453
-472
-440
-390
-348
-317
-319
-326
-375
-380
-317
-290
-255
-231
-261
-229
-219
-234
-253
-232
-227
-201
-207
-148
-51
-62
12
68
88
152
145
168
141
156
173
252
259
304
323
296
284
250
288
320
361
382
382
413
378
392
380
412
441
461
491
410
355
326
267
229
238
250
240
217
162
123
83
51
4
24
2
17
-13
-41
-89
-180
-190
-234
-291
-311
-337
-356
-369
-380
-383
-357
-396
-372
-372
-395
-414
-437
-371
-390
-385
-336
-323
-299
-295
-304
-322
-363
-350
-348
-318
-267
-234
-189
-153
-105
-80
-50
-50
-28
-43
-11
64
109
195
206
212
170
205
226
260
303
371
414
406
433
453
405
377
312
312
321
355
367
374
377
433
461
469
490
436
447
362
351
315
260
287
339
352
349
330
296
184
29
-50
-50
-112
-119
-87
-55
-111
-164
-179
-284
-335
-354
-335
-341
-357
-306
-333
-363
-398
-418
-473
-473
-525
-524
-478
-482
-419
-441
-479
-466
-499
-498
-506
-497
-447
-401
-373
-284
-261
-227
-203
-186
-185
-173
-96
-57
-6
43
78
84
103
143
118
143
178
207
230
223
266
289
305
409
448
503
511
474
450
376
332
327
346
380
451
437
444
454
430
390
352
340
385
393
450
426
323
267
191
131
123
99
81
43
30
45
35
21
33
-3
-51
-128
-165
-214
-311
-314
-333
-313
-290
-258
-251
-272
-330
-390
-438
-518
-494
-517
-489
-473
-446
-444
-446
-409
-383
-379
-377
-379
-396
-335
-284
-278
-272
-295
-231
-206
-222
-112
-71
-102
-131
-176
-97
-98
-9
138
196
211
249
271
279
227
243
278
328
372
367
387
412
365
384
388
412
454
487
539
575
515
495
459
459
409
389
412
367
372
346
355
331
266
263
262
232
216
161
143
94
54
33
34
18
-6
-51
-140
-253
-288
-281
-330
-328
-359
-397
-410
-381
-374
-434
-421
-457
-483
-469
-474
-413
-402
-441
-486
-548
-575
-526
-511
-448
-364
-345
-282
-268
-350
-346
-324
-335
-276
-248
-218
-180
-135
-105
-78
-28
-27
-23
-15
11
78
148
266
318
344
323
284
269
230
251
339
403
483
516
526
509
490
433
351
280
281
312
335
397
429
412
373
335
377
401
415
429
323
179
130
128
174
274
334
368
327
154
10
-115
-183
-247
-213
-118
-84
-68
-94
-107
-222
-294
-337
-354
-361
-358
-272
-204
-235
-302
-264
-296
-417
-468
-483
-487
-503
-436
-324
-280
-243
-227
-214
-310
-361
-395
-355
-326
-289
-270
-262
-203
-162
-75
35
104
137
87
32
18
-14
-10
-1
79
164
243
357
360
354
286
242
225
183
183
207
233
298
351
365
385
381
390
336
338
341
312
277
206
144
100
135
207
264
315
364
353
282
222
112
52
-19
-28
-13
-36
-31
-43
-95
-153
-182
-184
-145
-109
-25
-5
-23
-104
-231
-343
-400
-419
-369
-279
-207
-138
-158
-190
-252
-332
-369
-377
-347
-307
-277
-235
-188
-207
-204
-212
-201
-245
-253
-270
-266
-245
-171
-114
-45
12
41
70
70
65
63
78
81
99
107
104
90
66
65
61
68
72
96
115
167
192
232
237
227
234
223
239
211
209
216
202
181
199
213
221
231
205
172
142
132
107
105
138
156
194
182
169
153
99
66
19
-23
-42
-15
-14
1
51
65
76
115
119
75
66
15
-28
-74
-132
-163
-210
-231
-243
-202
-170
-166
-119
-82
-91
-104
-101
-154
-169
-203
-217
-223
-222
-201
-200
-192
-177
-181
-158
-142
-132
-106
-89
-53
-65
-80
-96
-96
-103
-111
-83
-78
-55
-66
-40
-41
-16
11
32
84
112
148
169
166
140
139
111
100
76
83
113
97
125
142
133
107
99
109
122
148
161
190
193
182
182
171
145
132
133
116
112
98
65
52
35
45
60
50
83
67
78
49
26
11
-10
-36
-50
-62
-79
-78
-99
-98
-127
-123
-122
-141
-141
-145
-150
-150
-157
-189
-164
-170
-177
-183
-172
-180
-185
-187
-191
-189
-192
-180
-192
-153
-161
-142
-135
-131
-127
-115
-112
-112
-79
-62
-49
-23
-9
-7
-2
-34
-10
-11
23
34
62
65
64
81
54
75
70
107
131
161
178
169
202
197
195
229
230
246
250
267
257
250
240
253
283
283
287
287
299
279
243
237
214
182
177
179
190
179
171
150
111
77
63
42
13
13
-5
-10
-11
-28
-60
-78
-98
-108
-115
-124
-151
-188
-264
-288
-328
-348
-337
-294
-287
-286
-247
-261
-242
-259
-269
-279
-303
-312
-332
-286
-294
-298
-271
-257
-232
-212
-193
-199
-188
-173
-139
-107
-82
-69
-65
-45
-38
-22
8
13
29
70
87
109
127
130
138
143
148
165
186
181
188
190
209
230
278
303
299
312
284
266
272
270
267
276
294
274
278
265
226
214
181
173
140
142
120
108
83
83
78
74
65
41
28
-21
-32
-70
-96
-90
-105
-109
-98
-117
-133
-142
-164
-191
-197
-190
-193
-211
-223
-232
-255
-266
-280
-252
-282
-287
-275
-271
-263
-274
-245
-234
-212
-194
-159
-122
-114
-122
-116
-127
-132
-125
-112
-108
-90
-70
-33
5
37
92
121
141
143
154
128
123
124
142
156
178
193
207
238
226
264
275
281
261
258
240
240
233
239
271
280
304
285
269
249
209
177
181
173
174
174
143
133
104
92
78
88
102
99
112
78
26
-18
-49
-102
-110
-128
-119
-144
-166
-150
-155
-162
-157
-167
-207
-209
-229
-255
-290
-311
-336
-317
-321
-307
-262
-288
-263
-293
-297
-301
-315
-291
-255
-235
-222
-194
-190
-188
-173
-169
-155
-126
-120
-97
-62
-49
-19
0
41
25
38
40
55
71
86
120
152
194
212
232
251
264
276
278
270
273
269
265
232
233
226
216
239
268
265
267
260
239
214
197
204
179
192
181
173
152
122
102
72
61
55
61
45
35
-14
-19
-50
-73
-70
-95
-101
-115
-122
-141
-156
-174
-215
-230
-242
-258
-250
-238
-225
-226
-211
-209
-217
-234
-236
-237
-238
-231
-211
-206
-202
-198
-200
-178
-154
-111
-75
-58
-56
-39
-52
-70
-54
-33
1
40
81
111
120
117
115
129
137
163
210
237
271
279
270
240
223
185
180
217
242
265
292
311
309
277
276
258
244
252
245
246
239
203
162
157
118
84
71
67
24
15
-11
-39
-82
-94
-108
-120
-123
-143
-161
-198
-228
-268
-274
-284
-273
-283
-276
-279
-317
-319
-348
-349
-336
-325
-339
-316
-314
-308
-304
-275
-273
-264
-253
-245
-224
-236
-215
-209
-191
-155
-146
-119
-93
-56
-14
22
68
86
93
109
103
123
161
166
202
226
270
295
293
320
311
326
328
350
349
376
362
353
376
362
372
379
369
366
381
372
342
314
284
249
224
216
201
191
170
141
102
40
1
-19
-32
-44
-58
-72
-82
-160
-184
-207
-244
-245
-251
-255
-272
-288
-309
-322
-361
-358
-388
-375
-359
-346
-330
-326
-320
-329
-324
-332
-320
-334
-311
-300
-282
-230
-206
-167
-160
-123
-104
-101
-69
-68
-50
-38
-2
-1
3
22
35
82
90
157
197
234
265
269
267
274
287
293
305
304
290
263
270
262
274
308
356
392
400
403
385
342
300
262
254
227
241
237
220
223
203
190
181
165
129
94
65
13
-40
-64
-81
-111
-130
-132
-150
-178
-198
-224
-269
-278
-299
-304
-317
-327
-336
-366
-374
-381
-374
-396
-368
-382
-382
-374
-376
-365
-350
-333
-325
-304
-294
-282
-263
-252
-240
-189
-146
-124
-80
-57
-40
-6
-6
23
36
57
74
95
127
136
159
203
225
260
285
298
331
346
352
357
374
360
368
384
377
397
385
379
360
329
326
318
299
307
312
274
274
252
235
190
167
171
133
104
98
50
10
-19
-30
-48
-55
-67
-79
-89
-105
-136
-160
-190
-211
-238
-255
-255
-273
-280
-319
-337
-344
-350
-345
-356
-333
-334
-314
-312
-312
-298
-280
-276
-269
-237
-235
-224
-200
-206
-178
-182
-166
-162
-152
-111
-116
-93
-63
-33
-16
22
52
70
81
94
121
126
137
150
173
200
223
258
243
261
273
276
311
335
328
330
351
321
314
306
275
280
274
248
250
228
229
221
221
224
218
224
203
184
169
146
135
107
78
53
10
-27
-72
-93
-115
-113
-87
-80
-64
-69
-85
-128
-175
-222
-248
-297
-308
-301
-303
-314
-321
-330
-338
-334
-327
-321
-337
-324
-320
-301
-291
-272
-271
-265
-268
-275
-276
-298
-293
-282
-251
-213
-187
-151
-101
-65
-42
9
28
67
86
106
101
103
116
118
125
158
195
230
253
258
268
274
281
309
308
334
370
379
387
363
338
329
318
304
306
304
305
300
302
285
276
259
257
247
230
229
194
145
115
77
51
40
7
1
-29
-54
-83
-116
-123
-136
-142
-151
-148
-164
-203
-238
-275
-280
-306
-291
-287
-281
-277
-313
-305
-335
-355
-359
-341
-343
-332
-302
-298
-275
-262
-250
-224
-207
-189
-201
-185
-168
-157
-126
-111
-63
-31
-21
-7
16
28
44
51
67
67
86
96
133
179
178
230
229
231
248
246
259
262
257
280
269
279
286
275
277
296
307
325
331
322
287
261
245
209
202
193
178
174
177
151
131
101
80
46
38
13
24
-9
-48
-71
-106
-137
-174
-183
-216
-207
-210
-214
-224
-245
-257
-283
-296
-297
-309
-306
-287
-294
-303
-296
-294
-288
-275
-291
-287
-282
-277
-270
-233
-212
-196
-168
-140
-137
-125
-104
-91
-43
-11
33
60
61
65
48
30
39
41
83
108
135
172
228
247
275
289
301
285
259
277
261
271
263
268
252
253
256
260
269
269
266
249
248
233
204
186
192
186
181
174
158
130
124
116
96
86
45
23
-19
-44
-70
-89
-116
-124
-140
-148
-133
-152
-173
-201
-212
-223
-242
-249
-264
-262
-276
-282
-321
-328
-346
-344
-327
-317
-271
-257
-237
-209
-217
-187
-180
-180
-153
-158
-143
-133
-118
-90
-52
-25
-8
11
26
36
32
44
75
96
141
175
205
222
225
226
236
231
235
240
250
249
239
237
232
230
239
242
236
248
220
197
201
185
193
172
177
161
154
124
96
65
52
39
19
0
-6
-24
-40
-42
-62
-56
-78
-88
-93
-103
-104
-114
-119
-114
-129
-147
-139
-164
-188
-192
-211
-208
-208
-197
-195
-197
-202
-193
-199
-204
-208
-188
-196
-182
-161
-141
-113
-95
-66
-57
-53
-45
-46
-52
-57
-42
-34
-11
1
9
29
23
23
24
58
48
68
98
107
114
108
131
140
133
145
160
160
145
134
126
106
104
107
118
139
140
150
145
134
132
130
109
111
115
124
132
129
134
105
63
43
23
2
4
20
58
52
83
82
61
31
-7
-40
-59
-67
-84
-76
-70
-81
-62
-71
-99
-105
-111
-100
-102
-79
-93
-82
-87
-96
-95
-113
-109
-118
-100
-95
-91
-85
-76
-96
-109
-111
-120
-108
-104
-58
-42
-16
-5
-7
-16
-19
-29
-42
-37
-34
-27
-16
-3
-12
-38
4
-2
7
32
27
32
38
22
10
17
-3
21
33
56
53
71
58
52
67
77
76
80
76
63
56
57
57
45
53
60
65
55
55
27
35
7
9
35
28
46
55
60
53
46
21
7
-20
-7
-17
-13
-3
-5
14
-15
-5
3
-10
-39
-30
-37
-48
-37
-22
-29
-21
-8
-18
-30
-49
-34
-56
-41
-20
-27
-16
-21
-31
-26
-42
-33
-31
-1
8
20
0
15
16
-13
-149
-280
-357
-338
-120
192
498
628
519
243
-193
-518
-537
-287
79
303
414
379
187
-99
-285
-330
-173
98
423
607
556
363
71
-154
-311
-292
-98
159
263
219
84
-182
-386
-455
-318
-85
133
314
321
153
-113
-315
-422
-367
-253
-46
109
174
112
-30
-182
-288
-276
-155
21
134
207
167
67
-88
-222
-244
-222
-115
9
99
121
63
-20
-124
-164
-154
-73
43
122
149
124
47
-36
-86
-131
-118
-35
64
142
177
177
107
9
-62
-49
21
128
211
285
249
159
70
6
-38
15
106
202
270
263
206
97
-8
-56
-70
-17
62
109
118
57
-8
-109
-152
-117
-50
16
104
130
100
-12
-135
-194
-241
-190
-97
1
69
64
-3
-80
-193
-199
-180
-90
-5
49
80
33
-15
-115
-165
-206
-168
-99
-17
23
38
29
-17
-17
-41
-17
-27
-10
-6
-17
-23
-36
-31
-23
8
37
58
57
57
3
0
6
26
29
28
75
67
48
5
-8
-46
-56
-30
2
46
75
82
62
38
11
29
18
42
64
90
62
35
2
-28
-36
-27
4
19
58
74
64
15
-23
-32
-53
-40
-19
-5
2
-18
-55
-102
-115
-121
-74
-27
-4
19
-2
-27
-60
-68
-74
-40
-29
-2
4
-11
-20
-57
-81
-82
-72
-61
-33
-16
10
-11
-14
-23
-10
-2
-1
13
18
38
38
45
54
79
86
91
94
104
75
81
86
105
117
141
153
139
159
151
131
138
138
141
139
129
123
113
98
90
70
74
48
60
52
40
18
-12
-31
-58
-44
-58
-41
-62
-76
-63
-88
-78
-63
-84
-82
-125
-123
-179
-206
-201
-205
-176
-124
-89
-91
-120
-148
-177
-196
-174
-164
-142
-129
-122
-134
-147
-172
-156
-151
-93
-75
-63
-61
-87
-110
-114
-63
-40
6
29
64
50
56
44
28
35
47
64
98
114
108
102
104
78
67
111
128
166
163
159
162
150
141
134
156
176
162
167
151
139
120
125
120
113
123
128
116
116
118
78
58
44
32
25
44
52
57
64
51
17
-17
-45
-39
-42
-20
-8
-22
-34
-54
-69
-71
-73
-63
-36
-50
-70
-81
-80
-106
-93
-113
-107
-131
-123
-119
-114
-120
-111
-89
-76
-55
-65
-55
-85
-105
-109
-121
-107
-68
-62
-63
-59
-68
-97
-92
-102
-100
-85
-58
-67
-75
-71
-72
-52
-24
14
51
61
62
35
15
-10
-27
-22
35
37
61
71
46
65
43
82
107
123
139
148
146
133
129
109
109
101
91
73
91
77
89
109
140
193
174
175
153
119
67
66
39
47
54
67
81
60
39
8
-11
-22
-4
-18
5
-23
-41
-75
-97
-99
-112
-112
-136
-123
-131
-140
-154
-144
-143
-119
-137
-142
-141
-183
-179
-164
-120
-103
-69
-71
-68
-112
-123
-118
-112
-54
-32
-18
-36
-21
-33
-34
-25
1
-5
14
6
23
6
34
42
53
66
62
82
65
80
66
66
72
83
59
78
71
60
79
99
90
127
155
170
165
151
137
92
93
87
83
105
117
114
93
89
83
74
86
116
138
133
154
122
100
67
30
21
11
8
4
-6
-30
-56
-75
-92
-88
-79
-68
-67
-60
-78
-103
-134
-167
-197
-200
-175
-202
-177
-199
-207
-227
-234
-248
-207
-161
-137
-97
-74
-78
-103
-122
-169
-163
-169
-133
-84
-59
-15
21
0
-6
24
15
37
54
74
108
108
108
77
64
50
35
72
90
115
148
170
179
177
172
163
162
167
164
141
134
110
93
86
62
72
69
71
78
74
90
88
102
81
69
69
41
22
16
8
-5
-14
-26
-46
-61
-49
-47
-29
-7
7
-9
-18
-59
-69
-98
-93
-88
-78
-57
-80
-75
-117
-122
-139
-137
-134
-120
-102
-74
-77
-102
-84
-106
-97
-95
-64
-68
-59
-60
-77
-87
-80
-43
-28
33
34
43
25
20
-3
-3
24
30
51
74
72
61
45
53
46
65
73
117
111
104
110
80
87
70
76
101
95
124
132
108
102
87
54
33
34
40
53
49
56
44
23
18
-3
-4
-26
-8
-25
-34
-14
-11
-14
-18
-12
-42
-65
-61
-84
-88
-88
-76
-84
-102
-102
-102
-109
-78
-59
-31
-17
-24
-51
-72
-92
-116
-107
-91
-65
-52
-42
-52
-58
-73
-65
-68
-40
-17
48
79
78
-1
-60
-18
-54
-21
68
74
86
27
6
15
-2
43
86
87
93
92
91
111
110
112
105
61
28
9
9
29
45
61
53
45
35
15
16
34
32
30
27
13
9
9
15
3
-3
-6
-21
-16
-15
-4
3
4
18
13
23
24
6
7
-20
-54
-51
-75
-52
-40
-10
-8
-31
-32
-51
-42
-28
-7
23
23
14
-25
-49
-63
-77
-74
-58
-12
-11
8
9
-14
-30
-46
-55
-35
-16
4
19
28
22
0
-22
-49
-48
-39
-31
-3
13
14
19
1
-5
7
19
21
36
72
44
66
49
34
17
18
19
-8
-7
1
15
12
5
37
58
28
37
71
39
21
13
30
11
-39
-4
-6
-22
-37
-16
2
-4
-19
-5
-13
-26
-13
4
35
24
27
23
9
-19
-39
-40
-57
-59
-35
-32
-39
-20
-24
-28
-22
-25
-14
-23
-10
-13
-30
-24
-40
-38
-45
-29
-24
-24
-21
-35
-17
-6
-1
13
10
26
24
7
11
-17
-17
-12
-20
6
26
53
84
67
69
46
27
30
49
59
69
53
48
22
-1
-2
18
53
65
85
84
63
42
45
22
24
27
48
41
38
26
28
26
6
8
-23
-39
-52
-53
-32
-46
-16
-25
-20
-20
-11
-8
-13
-31
-34
-46
-86
-87
-97
-104
-105
-62
-57
-54
-46
-41
-44
-49
-34
-46
-38
-33
-42
-27
-55
-63
-47
-53
-43
-17
-38
-11
3
-3
-4
-9
-3
-16
-7
-1
9
14
22
12
12
37
49
60
71
68
84
71
59
85
74
84
94
100
95
66
81
69
66
84
100
99
116
115
110
108
85
80
65
65
53
29
31
14
-22
-17
-34
-34
-43
-54
-48
-54
-63
-54
-68
-73
-77
-75
-86
-110
-112
-153
-157
-180
-194
-184
-197
-179
-170
-154
-145
-133
-112
-74
-59
-58
-45
-30
-47
-37
-52
-62
-75
-77
-48
-35
17
25
67
72
92
84
89
92
87
104
114
117
118
119
102
121
113
122
105
133
111
116
129
131
143
146
158
154
160
140
125
93
71
65
78
81
88
102
96
87
99
102
87
84
61
46
20
6
-16
-33
-60
-50
-60
-65
-60
-75
-84
-97
-93
-102
-119
-135
-143
-169
-180
-182
-187
-174
-183
-194
-200
-190
-220
-217
-194
-184
-159
-130
-127
-113
-128
-142
-135
-142
-104
-110
-85
-70
-42
-36
-17
-5
-4
21
24
56
55
76
71
74
58
79
95
100
126
135
138
133
145
133
124
147
167
171
179
187
174
176
165
156
144
139
131
136
123
108
92
79
84
74
95
118
118
117
84
68
26
-1
-15
-8
-19
-2
-7
-16
-34
-63
-67
-82
-78
-69
-53
-73
-86
-109
-145
-183
-200
-210
-199
-199
-179
-181
-183
-180
-179
-169
-165
-145
-137
-96
-101
-95
-112
-126
-132
-120
-104
-81
-42
-32
-2
-16
11
-8
7
39
64
99
117
138
130
134
115
120
126
106
109
106
106
116
123
126
130
140
149
152
143
135
128
118
113
117
90
90
77
64
68
61
64
43
67
59
56
63
46
16
4
-4
-21
-14
-31
-38
-33
-25
-43
-31
-37
-46
-37
-59
-49
-64
-68
-77
-87
-118
-116
-121
-126
-126
-120
-115
-111
-109
-103
-96
-82
-88
-96
-95
-116
-119
-123
-126
-131
-128
-129
-98
-86
-74
-60
-12
5
-1
41
42
34
34
27
24
0
9
9
15
19
24
47
58
77
78
97
108
120
120
111
108
104
101
99
82
59
40
34
32
57
58
77
87
82
84
70
75
83
91
81
81
53
40
28
21
3
7
10
6
3
0
1
20
40
32
38
27
9
-8
-23
-38
-55
-57
-52
-45
-49
-43
-47
-57
-53
-52
-47
-35
-41
-52
-36
-45
-69
-61
-80
-88
-111
-139
-147
-142
-119
-66
-21
22
4
-33
-44
-88
-81
-89
-58
-52
-36
-16
-7
-1
3
-11
-16
-35
-28
-3
18
62
95
117
121
86
80
42
6
6
-4
-4
26
52
83
91
80
81
82
49
53
65
69
74
93
92
75
47
15
-14
-31
-35
-16
18
37
77
79
79
47
27
0
-13
1
8
9
13
23
-6
-13
-10
-19
-8
-27
-39
-39
-52
-48
-23
-11
-1
-9
-23
-37
-70
-67
-76
-61
-62
-58
-53
-76
-71
-61
-71
-75
-54
-80
-71
-107
-78
-80
-74
-58
-48
-31
-36
-14
-38
-19
-28
-24
-3
-1
23
48
46
69
55
38
52
43
33
52
62
89
90
90
97
74
66
54
62
47
51
60
81
61
61
51
36
27
30
17
20
25
21
21
-1
-8
-5
-18
-8
5
-1
5
-12
-6
-25
-40
-22
-15
-7
14
18
26
19
8
-21
-31
-44
-50
-37
-30
-19
-19
-7
-18
-21
-27
-20
-17
-7
-13
-23
-20
-49
-45
-42
-37
-32
-30
-19
-26
-36
-37
-38
-31
-17
-8
-7
-6
-14
-13
-30
-24
-14
-25
-14
-8
-7
-1
-8
-1
26
14
30
42
36
48
34
40
33
30
23
11
12
28
20
35
30
40
37
18
23
25
30
30
48
60
34
21
6
-21
-18
-6
9
20
31
29
15
2
-19
-16
-11
-2
14
29
15
5
1
-29
-28
-43
-32
-48
-48
-43
-67
-60
-50
-44
-37
-23
2
6
-8
-26
-39
-51
-54
-38
-37
-21
-15
-7
-23
-36
-63
-62
-53
-48
-34
-13
3
14
19
18
0
1
2
-7
5
5
22
20
36
45
54
68
64
58
41
47
47
72
65
68
44
41
50
51
47
34
51
26
21
14
12
-8
2
23
10
25
24
27
9
1
-12
-6
-3
7
18
21
43
17
34
5
-15
-30
-24
-18
-13
12
12
28
28
29
19
5
3
-3
-1
-3
-19
2
7
8
-4
-2
-28
-26
-52
-42
-53
-56
-47
-42
-52
-52
-70
-67
-67
-81
-74
-76
-65
-83
-79
-92
-93
-73
-80
-61
-34
-48
-34
-36
-36
-36
-42
-14
-13
1
10
12
13
9
22
35
38
56
88
66
79
53
60
58
45
65
45
48
53
39
30
37
45
42
39
50
41
37
25
27
22
23
27
26
23
3
5
-1
11
19
22
33
33
46
39
38
4
3
-7
-10
23
15
22
14
24
30
19
4
2
-19
-16
-22
-3
-6
-21
-19
-43
-29
-49
-38
-52
-55
-46
-57
-41
-53
-49
-80
-56
-63
-48
-59
-46
-48
-54
-43
-59
-55
-64
-32
-22
-6
7
1
0
5
13
35
30
48
54
73
73
65
88
49
49
47
39
39
51
70
56
55
74
67
59
52
50
51
56
60
46
45
30
32
10
-3
-10
-22
-40
-37
-37
-39
-37
-18
-18
-32
-17
-44
-51
-57
-58
-82
-69
-56
-60
-57
-66
-60
-51
-53
-49
-47
-38
-45
-45
-44
-60
-43
-48
-42
-34
-35
-27
-38
-37
-61
-47
-54
-28
-17
-5
21
19
13
14
17
-9
3
-4
-2
1
21
47
52
56
56
83
57
51
76
75
90
88
99
81
85
77
66
59
67
73
67
84
79
87
71
80
73
67
70
54
61
38
31
17
11
2
8
4
-2
-5
-6
-12
0
0
-3
-12
-12
-19
-44
-58
-70
-86
-101
-106
-117
-112
-106
-114
-118
-105
-92
-105
-97
-102
-96
-88
-114
-82
-104
-70
-62
-59
-44
-59
-67
-70
-74
-51
-42
-28
6
0
29
-4
7
-3
5
7
23
49
37
48
31
44
46
54
61
75
88
84
97
89
74
65
79
83
107
114
106
108
80
72
63
48
50
36
58
62
71
78
78
69
49
52
55
30
36
29
19
12
27
22
-6
-15
-21
-15
-16
7
-11
-7
-11
-28
-49
-67
-80
-105
-94
-87
-61
-60
-64
-74
-93
-93
-89
-97
-87
-74
-61
-73
-70
-96
-115
-100
-96
-77
-55
-36
-50
-43
-52
-40
-44
-21
-23
-6
1
15
16
4
2
-13
11
30
46
57
72
64
74
66
58
51
45
59
75
65
87
76
57
62
52
50
44
59
66
78
71
80
52
45
31
23
28
26
43
45
49
27
32
21
30
30
37
39
19
14
3
-11
-15
-12
-5
-15
-5
-5
-26
-18
-45
-62
-63
-55
-64
-60
-69
-63
-81
-106
-107
-113
-124
-96
-72
-70
-68
-55
-61
-90
-91
-90
-88
-83
-66
-44
-49
-51
-40
-43
-55
-49
-35
-42
-12
18
35
59
54
62
59
41
49
38
48
50
78
68
71
89
79
78
97
102
98
115
116
95
93
84
83
89
74
93
95
94
74
78
65
50
43
40
30
41
38
27
22
18
14
16
13
-5
-13
-32
-49
-55
-66
-77
-78
-71
-68
-67
-62
-88
-101
-100
-100
-97
-79
-84
-88
-93
-80
-87
-100
-94
-91
-88
-63
-58
-43
-49
-65
-64
-68
-64
-68
-54
-51
-37
-12
-8
1
15
13
23
34
43
46
43
65
46
43
48
42
55
55
71
67
69
55
60
66
58
77
87
110
101
106
97
96
68
65
57
63
78
78
71
71
73
54
58
61
68
55
65
58
46
24
16
-5
-32
-37
-46
-54
-60
-52
-55
-48
-58
-67
-68
-74
-70
-87
-97
-112
-120
-131
-139
-126
-126
-115
-107
-104
-88
-86
-82
-72
-85
-74
-61
-60
-58
-56
-50
-50
-20
-22
-10
-17
-14
-9
-7
4
23
47
40
56
58
55
48
45
41
50
63
72
96
100
105
102
110
97
78
74
61
58
54
63
44
52
50
37
58
68
55
53
41
27
9
14
10
13
25
20
30
6
18
-8
-7
-14
-16
-12
-9
5
-2
-2
-20
0
-19
-29
-35
-33
-33
-43
-52
-44
-52
-68
-66
-84
-71
-65
-70
-45
-45
-52
-28
-34
-32
-37
-37
-27
-45
-45
-49
-54
-48
-39
-22
-26
-3
-1
1
-8
-13
-7
-6
14
43
35
41
14
-7
-3
-23
8
15
35
60
70
75
62
63
49
53
59
63
64
47
49
50
34
40
44
29
46
44
29
44
48
36
29
27
18
11
5
5
-7
-14
-11
-17
-22
-26
-26
-17
-10
-10
-23
-23
-10
-33
-22
-43
-46
-42
-49
-46
-54
-37
-40
-44
-34
-13
-37
-36
-30
-46
-40
-24
-30
-27
-18
-30
-30
-28
-48
-59
-45
-35
-34
-22
-9
-1
5
-1
-19
-3
-12
-18
-1
-11
5
19
33
33
27
13
11
6
-1
8
29
39
39
63
56
51
59
51
34
16
37
18
8
17
24
28
42
57
73
51
41
37
19
5
14
12
4
17
21
13
8
-1
-14
-13
-10
-4
4
15
13
16
6
7
5
-7
-5
-11
-12
-16
-35
-32
-46
-22
-6
0
9
7
13
-14
-8
-37
-30
-37
-29
-20
-20
-19
-22
-7
-22
-6
-26
-17
-26
-26
-27
-19
-5
-16
-13
-3
-1
-20
-14
-15
-19
-7
-11
10
-1
-4
-1
-8
-13
-14
-14
-5
-12
-18
-9
-10
-9
-14
-11
-13
3
-8
10
10
19
38
18
26
29
32
12
24
14
16
24
20
12
21
26
19
49
21
37
23
32
22
17
14
13
19
30
34
18
40
20
18
8
-5
-3
-8
-6
-11
-12
-3
-20
-24
-41
-47
-49
-27
-38
-24
-9
-17
-13
-26
-30
-53
-28
-31
-30
-15
-14
-25
-28
-31
-23
-27
-12
1
-2
-1
3
-9
-16
-10
-17
-15
-1
9
14
12
13
31
21
39
29
43
21
11
24
24
23
42
53
34
39
15
0
-9
-10
-14
12
27
20
13
7
-16
-16
-10
-2
4
7
26
1
-10
-13
-17
-12
-8
12
16
31
29
16
8
3
11
12
28
22
30
22
0
7
-2
3
-3
14
13
-6
1
-7
-11
-32
-19
-36
-5
-5
-3
12
7
5
-1
-2
-9
1
-10
-11
-13
-24
-35
-39
-40
-58
-31
-37
-26
-21
-8
-9
-3
0
-8
-7
-10
-7
-42
-26
-22
-12
-2
4
26
2
-1
-11
-20
-19
-32
1
-5
9
6
7
-4
-33
-36
-43
-44
-14
-6
12
29
31
35
19
19
6
-10
2
11
22
37
47
41
18
10
-23
-22
-31
-21
6
11
23
33
22
8
-1
-2
16
1
22
14
16
10
7
16
-5
6
7
12
21
32
25
33
33
26
21
14
8
3
0
20
34
34
20
32
4
20
29
24
36
20
20
3
-4
-1
-7
-5
-18
-9
-27
-27
-27
-42
-34
-28
-17
1
-1
17
30
2
-10
-21
-26
-31
-18
-9
-17
-18
-29
-33
-35
-24
-30
-7
-7
-26
-22
-31
-35
-43
-30
-26
-12
11
31
36
41
29
5
1
-15
-28
-28
-18
-4
-9
-7
-3
-29
-29
-12
-7
17
24
32
21
13
10
6
11
23
32
44
50
47
48
34
35
19
21
23
20
22
29
5
7
3
-3
-18
-25
-23
-17
-2
-23
-14
-9
-8
-10
17
6
-15
-3
2
-23
-29
-36
-60
-49
-70
-49
-31
-20
-35
-23
-30
-48
-41
-43
-34
-38
-11
10
20
22
10
-11
-28
-37
-26
-22
2
27
26
35
19
25
10
19
25
24
30
19
32
25
19
33
45
26
56
52
40
39
19
19
9
17
18
18
20
10
4
7
-6
-23
-9
-9
10
15
22
22
21
22
21
30
23
23
13
17
10
14
-12
1
-17
-13
-22
-22
2
-5
24
15
37
-6
0
-16
-6
-10
-3
24
5
-6
-7
-8
-23
-18
-22
-28
-33
-5
-7
-15
-18
-26
-29
-43
-50
-49
-52
-39
-29
-24
-53
-51
-39
-42
-27
-14
20
26
44
25
32
16
3
3
-7
-17
-22
-10
-19
-10
-26
6
-12
-7
13
15
48
47
42
52
27
24
15
15
6
9
11
18
13
3
-11
-21
-13
-22
8
18
28
19
20
6
5
13
10
23
32
36
15
21
-7
-19
-27
-23
-15
-15
8
0
-5
-26
-22
-21
-27
-14
5
-12
5
0
-14
-15
-23
-27
-19
-12
-14
-4
-7
3
-9
-12
-21
-36
-32
-37
-16
-18
-7
-8
-7
-18
-16
-21
-10
-9
1
-9
-2
3
-5
-1
-9
2
8
12
37
42
33
40
20
25
15
13
13
29
16
13
8
10
8
15
33
29
48
43
59
59
58
58
39
45
21
17
9
13
11
18
30
29
19
15
7
2
12
20
48
44
45
29
33
9
-4
1
1
12
9
27
16
-8
-45
-41
-57
-51
-55
-48
-42
-62
-45
-52
-50
-56
-44
-56
-61
-63
-75
-77
-89
-95
-93
-93
-84
-65
-62
-58
-59
-63
-71
-64
-51
-47
-43
-30
-31
-26
-10
-22
-5
0
9
31
30
41
32
32
15
28
22
15
40
55
59
64
76
63
57
53
58
65
66
65
62
74
52
72
66
76
77
92
86
86
83
78
75
54
39
30
26
20
16
17
32
28
11
17
16
-1
1
8
3
9
2
0
3
-14
-8
-16
-5
-21
-23
-23
-44
-48
-55
-66
-45
-45
-21
-22
-15
-16
-48
-64
-83
-90
-100
-76
-63
-41
-49
-57
-60
-72
-75
-63
-38
-13
-3
-14
-19
-35
-56
-57
-64
-44
-39
-37
-25
-34
-42
-33
-31
-16
-29
-7
2
1
-3
-16
-16
-9
-21
-8
0
16
27
29
33
15
42
47
62
78
103
107
90
95
65
62
50
59
64
80
94
88
99
93
70
51
79
60
67
83
81
68
62
44
24
5
-6
-12
-16
4
-9
3
3
-17
-21
-25
-38
-40
-41
-21
-13
0
-16
-35
-49
-76
-77
-92
-77
-66
-49
-44
-34
-39
-41
-48
-52
-58
-47
-51
-44
-40
-56
-37
-65
-65
-60
-59
-44
-31
-21
-4
22
6
8
-14
-22
-27
-25
-12
5
-4
-1
-13
-39
-53
-43
-38
-28
28
27
47
41
43
39
27
44
33
50
60
57
59
62
70
50
59
45
54
66
72
75
86
80
72
55
33
32
26
34
32
41
52
42
43
33
21
23
11
2
12
3
-1
-7
-7
-17
-32
-42
-48
-57
-62
-60
-63
-62
-66
-54
-49
-57
-52
-53
-70
-66
-73
-76
-65
-42
-52
-51
-45
-58
-56
-51
-54
-34
-20
-13
4
18
15
10
18
12
12
-7
9
5
6
2
4
5
12
5
13
20
40
41
50
53
54
39
24
23
25
18
43
58
44
42
53
38
31
42
27
39
61
67
54
58
26
5
-21
-39
-27
-29
-8
22
27
24
9
-12
-10
-20
-8
15
33
26
23
-3
-12
-37
-52
-61
-75
-65
-81
-79
-56
-62
-57
-48
-54
-53
-48
-38
-36
-41
-46
-31
-28
-24
-10
-26
-36
-40
-51
-14
-3
30
31
51
34
11
26
1
9
21
43
50
66
59
47
52
46
63
64
50
69
62
60
77
78
72
58
39
7
0
-19
-12
-4
16
29
31
28
11
-14
-39
-35
-38
-16
-7
-1
9
0
-32
-39
-54
-59
-48
-19
-13
6
-13
-23
-40
-63
-54
-51
-32
-28
-11
-16
-3
-16
-8
-30
-13
-12
-4
6
3
1
0
-11
-22
-17
-25
-26
-31
0
1
7
12
2
-3
-7
-9
7
1
7
23
31
31
20
19
4
-12
-10
-12
-1
6
1
27
23
16
36
22
11
21
26
27
32
41
31
8
2
-32
-12
-14
-11
12
21
29
24
18
9
1
-4
4
-2
7
10
20
18
26
14
-7
-3
-14
-20
-33
-11
-4
13
38
33
29
20
-6
-32
-24
-25
-21
-19
-22
-22
-39
-44
-50
-55
-51
-19
3
9
24
20
11
-4
-12
-36
-49
-56
-41
-31
-23
2
4
2
-5
-25
-35
-23
-23
-2
16
38
27
19
17
-4
-12
-7
21
10
42
57
70
67
49
43
8
12
9
17
33
39
44
39
22
15
-23
-16
-6
18
56
65
87
44
8
-24
-44
-63
-40
-31
-4
2
-5
-8
-39
-46
-61
-51
-33
-31
-8
3
-5
-13
-27
-53
-63
-56
-61
-38
-30
-26
-23
-26
-32
-20
-18
-11
-4
2
9
-2
-3
3
-2
22
20
3
-11
-27
-19
-19
5
22
57
75
64
65
61
34
23
2
10
16
23
38
33
29
36
13
27
34
61
57
60
88
66
30
49
32
15
14
6
16
3
21
15
26
-1
6
4
-14
14
17
19
22
23
10
5
-2
-31
-34
-24
-21
-37
-34
-55
-58
-59
-59
-63
-54
-40
-26
-7
1
-14
-35
-50
-67
-81
-77
-57
-55
-61
-34
-34
-72
-50
-69
-62
-69
-49
-26
-42
-32
-46
-47
-68
-73
-63
-50
-25
6
22
39
35
15
7
6
11
19
17
42
42
29
38
40
25
18
29
36
46
53
65
79
76
98
93
91
97
85
83
62
68
54
60
63
82
81
73
68
41
29
18
18
36
37
48
34
15
0
-30
-56
-54
-55
-37
-35
-11
-5
-17
-4
-28
-19
-44
-41
-34
-32
-18
-21
-21
-16
-20
-27
-30
-41
-43
-53
-50
-40
-31
-18
-23
-26
-21
-21
-4
-8
-14
-27
-34
-34
-57
-52
-52
-42
-30
-24
-18
-22
-25
-30
-43
-44
-18
-22
-8
-3
-11
-17
-28
-27
-45
-10
-1
10
34
42
48
47
39
25
23
25
17
32
50
48
53
42
24
13
5
18
56
80
104
111
103
89
52
40
19
5
-3
-8
-13
-2
8
13
19
22
25
24
26
23
-5
-16
-25
-33
-17
-19
-5
-8
-20
-12
-23
-15
-16
-24
-40
-42
-43
-32
-28
-30
-24
-34
-42
-58
-59
-87
-88
-70
-52
-36
-7
-10
-26
-44
-45
-47
-41
-26
-26
-10
-2
9
-3
-1
-19
-33
-37
-32
-22
-10
3
31
45
44
49
53
32
37
33
29
35
38
29
35
48
60
66
54
66
28
28
23
30
33
55
56
46
42
27
6
12
14
29
42
52
55
46
34
7
-10
-31
-21
-23
-7
-18
-8
-1
-8
-5
-17
-27
-33
-39
-35
-29
-28
-21
-9
-21
-20
-26
-23
-23
-16
-28
-33
-30
-44
-36
-47
-25
-25
-17
-7
-9
-13
-8
-28
-24
-25
-21
-3
5
3
5
-13
-6
-2
2
4
21
18
16
17
12
9
4
-2
-4
-1
-14
-3
-7
-1
1
12
10
7
8
13
7
29
51
47
58
35
13
8
14
-12
14
15
17
23
17
13
-10
-11
-28
-12
-1
10
33
19
16
1
-6
1
-5
-2
-6
4
0
4
-21
-20
-20
-17
-14
-4
-7
-27
-16
-32
-27
-18
-38
-24
-32
-27
-32
-37
-38
-56
-31
-37
-31
-18
-20
-16
-2
-18
-10
-23
-34
-45
-42
-14
-9
23
33
29
18
-2
-3
-19
-1
9
31
36
38
32
35
29
21
19
13
7
8
15
20
35
45
69
63
62
52
64
55
64
72
78
66
75
80
54
45
43
30
10
14
-9
1
11
17
8
14
9
-7
-10
-15
-12
-30
-8
-21
-22
-19
-38
-40
-49
-45
-51
-27
-27
-27
-29
-40
-49
-47
-67
-51
-53
-49
-35
-25
-25
-24
-19
-20
-37
-25
-30
-38
-14
-10
7
-14
-5
-29
-29
-36
-26
-15
-19
-4
-14
-5
-23
-15
-34
-33
-23
-38
-34
-35
-23
-24
-11
-13
-5
-15
6
17
18
29
38
27
9
18
6
2
1
9
9
28
26
40
50
48
45
60
66
75
87
81
80
54
53
47
41
34
28
45
32
52
37
37
34
17
21
14
23
10
14
0
3
0
-11
-14
-14
-9
-25
-17
-25
-27
-37
-30
-27
-33
-52
-50
-51
-60
-54
-50
-37
-29
-17
-20
-31
-42
-51
-59
-64
-47
-26
-6
3
22
15
-7
-13
-31
-31
-16
8
19
42
50
47
29
21
-10
-27
-17
-28
11
32
59
63
61
33
-3
-16
-37
-26
-8
10
38
57
36
25
-8
-23
-36
-9
1
13
45
44
57
17
16
-14
-27
-38
-24
-20
-8
5
-10
-2
-9
-18
-24
-7
-18
-27
-26
-23
-16
-3
16
33
29
19
12
-7
-6
-27
-6
-18
3
18
24
18
3
-17
-40
-44
-36
-24
-24
8
-9
5
-6
-3
-9
-17
-3
23
28
41
40
25
14
-9
-6
-9
12
15
22
36
23
23
29
5
-10
-6
-8
-5
12
5
9
23
32
22
18
14
11
11
15
30
21
15
3
-8
-20
-17
-2
-2
15
28
22
16
-17
-30
-55
-49
-38
-32
-26
-14
5
-17
-12
-29
-35
-37
-29
-15
-26
-14
-19
-53
-50
-66
-79
-62
-45
-27
-15
-6
-11
-17
-34
-18
-31
-1
3
5
14
1
7
1
-13
-2
-3
28
17
35
39
25
28
29
55
50
68
65
69
65
56
54
53
44
57
50
56
48
39
46
38
31
34
31
22
21
19
24
14
17
7
1
10
-7
0
20
22
26
31
11
0
-29
-59
-47
-50
-39
-27
-21
-25
-42
-54
-77
-66
-78
-51
-37
-31
-19
-25
-33
-64
-55
-71
-46
-46
-24
-14
-6
-5
-34
-30
-55
-37
-37
-21
-9
-5
22
12
27
9
12
4
-8
-3
8
28
41
41
28
26
-2
1
6
8
36
58
82
91
79
70
34
19
11
10
9
14
16
21
20
23
20
27
15
2
5
5
-10
-13
-13
-12
-18
-39
-21
-44
-55
-56
-42
-38
-42
-29
-38
-38
-52
-57
-61
-65
-56
-32
-42
-15
-26
-13
-11
-17
-11
-12
-6
-7
6
16
28
29
28
23
8
13
17
30
38
68
75
77
94
61
61
43
55
39
44
54
39
53
46
36
17
18
18
11
26
35
42
34
19
6
-19
-10
-30
-26
-12
-13
-3
-18
-18
-29
-34
-48
-30
-27
-25
-14
-20
-20
-31
-30
-54
-52
-54
-49
-42
-33
-20
-6
6
-3
4
-9
-26
-32
-35
-31
-15
-5
-2
5
0
-12
-8
-14
-8
-5
5
27
18
24
33
14
-1
12
4
8
9
11
16
12
15
7
-2
-12
-7
-4
2
-3
27
44
40
36
11
4
-21
-18
-16
-13
-10
3
14
24
17
11
4
-14
-24
-20
6
3
24
30
21
8
-1
-24
-36
-33
-36
-8
5
22
14
8
10
-10
-25
-31
-34
-23
-17
3
8
5
1
-22
-34
-46
-37
-19
-13
2
6
8
9
-11
-11
-13
3
-2
7
21
6
11
-3
-13
-12
-8
9
21
32
28
44
31
24
14
8
2
-1
4
6
21
11
21
25
22
6
-4
-2
-21
-11
9
6
12
2
-6
-16
-28
-17
0
7
24
33
38
30
24
25
18
23
25
19
16
14
19
10
19
12
20
14
15
6
15
16
16
19
26
19
8
32
21
-11
-17
-19
-25
-16
-14
-10
-3
-2
-26
-11
-25
-23
-18
-16
-6
-20
-33
-37
-58
-43
-51
-40
-50
-51
-45
-46
-35
-42
-36
-35
-15
-13
4
-2
-9
-39
-51
-54
-67
-61
-32
-19
-12
14
9
2
-8
-5
-14
5
19
16
20
10
10
0
15
7
24
20
30
42
42
47
45
61
62
69
67
60
41
21
10
11
5
35
44
55
48
39
18
-9
-12
-19
-12
7
-5
-10
1
-12
-19
-25
-16
-24
-10
-8
-5
-11
-16
-22
-19
-34
-32
-8
-10
-8
-10
-11
-29
-27
-23
-5
15
22
17
24
18
10
6
34
29
30
19
22
18
11
22
25
32
39
37
31
18
21
2
1
17
2
6
14
5
-9
-4
-13
-28
-26
-43
-31
-20
5
0
6
14
-16
-19
-46
-54
-61
-34
-33
-20
-11
-21
-46
-61
-57
-77
-58
-38
-27
-18
-14
-17
-14
-29
-12
4
8
10
6
-4
-13
-5
1
16
20
38
37
24
32
31
27
28
35
51
52
47
26
6
3
11
26
55
90
87
90
90
57
35
13
0
-15
3
9
14
26
11
24
-3
4
-22
-26
-26
-41
-43
-40
-48
-64
-66
-65
-59
-80
-76
-76
-82
-68
-57
-53
-64
-63
-66
-69
-68
-64
-60
-50
-57
-38
-21
-18
-2
2
3
8
20
17
10
12
18
34
48
52
67
71
75
78
81
88
80
95
98
103
115
102
114
84
77
73
67
63
63
66
67
79
70
63
51
45
22
23
22
37
14
22
1
-17
-39
-54
-57
-65
-61
-54
-71
-71
-61
-83
-74
-63
-67
-60
-62
-57
-79
-86
-85
-99
-96
-85
-75
-68
-56
-55
-58
-62
-47
-56
-29
-12
0
-4
-9
2
-13
-28
-24
-16
-12
2
9
16
20
4
16
19
29
30
34
46
37
40
40
40
34
25
20
5
-1
-1
4
5
6
10
19
14
7
18
2
-2
0
-2
-6
-8
4
2
1
-2
0
3
-10
-9
0
11
20
30
28
19
17
19
12
35
36
35
51
36
37
29
21
34
42
45
45
67
60
52
59
50
50
24
39
31
31
43
38
27
17
14
9
8
3
0
-5
-8
-9
-15
-17
-13
-23
-29
-43
-50
-52
-61
-38
-35
-18
-15
-20
-35
-58
-61
-73
-73
-66
-46
-48
-48
-57
-69
-78
-77
-79
-72
-57
-57
-50
-41
-42
-52
-43
-62
-39
-37
-35
-10
-16
-12
0
-12
-5
-2
-13
5
8
14
22
27
31
25
33
41
32
26
30
25
32
33
32
45
44
41
45
49
38
47
56
47
48
53
54
63
80
85
84
75
76
58
42
26
15
14
2
9
13
18
21
20
23
7
3
16
24
23
35
44
20
19
0
-1
-21
-31
-28
-38
-35
-29
-24
-30
-24
-25
-27
-40
-33
-45
-50
-35
-49
-40
-41
-40
-42
-37
-32
-41
-31
-29
-26
-38
-29
-24
-37
-31
-11
-18
-20
-26
-56
-54
-55
-41
-23
-19
0
-5
5
-2
-7
-7
-1
-16
7
7
13
18
10
7
-7
1
-7
-4
17
13
20
30
24
29
30
43
34
42
39
41
42
49
41
42
28
29
24
5
9
16
11
24
37
40
39
35
22
9
-4
-6
-13
-15
-3
-4
9
15
18
4
11
0
8
11
9
18
26
9
-11
-25
-49
-49
-51
-41
-42
-25
-11
-8
-10
-14
-2
-27
-16
-8
-10
-8
-9
-9
-9
-10
-15
-7
-22
-19
-16
-21
-12
-21
0
-16
-15
-11
-5
-8
-12
-6
-10
14
9
24
25
26
21
23
5
10
-7
0
0
14
13
1
16
-16
2
10
12
23
39
34
33
37
27
13
13
3
7
5
3
-3
-15
-6
-19
-23
-14
-21
-35
-37
-30
-27
-29
-8
-17
-32
-11
-29
-30
-37
-26
-29
-18
-23
-7
-8
-31
-28
-39
-30
-16
-4
-6
6
6
-6
2
-3
4
10
18
16
12
20
26
34
35
46
51
41
39
43
29
42
46
51
36
26
8
1
0
0
16
25
28
15
40
20
34
28
30
27
24
29
19
32
12
-3
-13
-14
-32
-32
-23
-18
-17
-15
-13
-23
-39
-49
-56
-51
-39
-27
-11
-11
-16
-23
-41
-35
-37
-29
-18
-10
3
-5
-12
-8
-21
-25
-17
-12
-7
7
18
25
18
12
-2
-6
-3
18
48
52
66
70
48
19
24
3
-3
-4
11
26
20
45
30
23
5
2
-17
-16
-16
-20
-1
10
17
6
18
1
-2
-22
-34
-29
-30
-20
-17
-29
-29
-49
-45
-40
-55
-38
-33
-25
-27
-46
-26
-31
-28
-22
-22
-5
-17
4
-13
-10
-15
-16
-14
-5
-5
-7
1
-5
-10
-4
5
18
34
28
48
32
41
23
25
22
4
24
18
40
27
32
27
14
8
-4
14
7
32
48
58
54
31
27
7
-22
-22
-21
-15
-10
7
8
17
12
7
23
21
17
27
20
7
0
-21
-12
-18
-13
-10
-4
-13
7
-1
-8
1
17
15
34
38
37
33
16
9
-5
17
-1
11
4
-19
-19
-36
-28
-29
-21
-6
-1
-2
5
-7
-5
-14
-10
-5
-14
-12
-16
-26
-31
-36
-51
-41
-43
-29
-31
-33
-35
-38
-38
-38
-45
-28
-20
-22
-13
-21
-33
-37
-42
-38
-19
-5
-1
-1
5
12
6
16
26
9
1
7
-1
-4
17
19
36
34
46
33
26
16
26
27
23
36
38
54
32
51
42
26
12
21
24
19
22
14
9
17
15
4
2
-4
-5
-21
-9
-13
-13
-13
-10
-4
-10
-12
-6
-3
-9
-6
-10
-17
-19
-12
2
4
9
6
-11
-10
-19
-21
-15
-1
13
13
12
8
1
5
4
17
30
25
17
9
-4
-13
-16
-10
8
4
29
22
16
8
-4
-3
-13
8
3
4
10
4
1
-6
-6
5
10
27
24
21
11
3
9
1
-2
5
8
-2
12
10
15
11
16
11
6
-5
-3
-6
-19
-7
-9
-11
-20
-26
-40
-37
-42
-36
-44
-45
-26
-17
-25
-29
-31
-53
-57
-46
-56
-40
-33
-30
-21
-9
-10
-8
-5
-12
-19
-11
-12
1
-3
-1
9
-1
4
-6
-3
-1
17
19
30
38
33
31
29
27
16
22
29
36
34
40
33
26
28
19
11
9
-2
18
29
30
41
40
26
19
9
-8
-9
-5
8
21
29
27
26
16
13
23
23
35
36
31
15
-10
-7
-31
-30
-22
-27
-13
6
0
-7
-8
-15
-28
-25
-27
-18
-22
-17
-13
-28
-41
-39
-41
-49
-28
-33
-11
-18
-15
-15
-38
-24
-28
-31
-23
-11
-7
-4
12
6
-2
2
4
0
-3
12
7
12
8
8
17
-1
3
9
7
9
8
16
13
13
12
1
2
-8
-3
4
22
54
32
52
39
25
17
7
9
-9
5
6
18
26
29
29
23
15
3
-4
-5
9
26
30
27
20
14
-4
-12
-3
-5
-18
-6
0
4
0
-18
-15
-21
-14
-10
-11
-10
-21
-30
-33
-45
-47
-34
-35
-20
-2
-8
-8
-25
-36
-40
-43
-25
-8
-16
-9
5
9
3
-4
-14
-12
-17
-11
0
-8
-15
-13
4
-3
22
11
18
19
8
1
0
-5
-5
-1
9
15
15
12
17
21
15
17
27
17
20
26
18
36
32
24
24
41
11
14
12
8
4
11
22
9
23
11
5
14
-2
7
29
21
39
27
22
-12
-26
-19
-19
-12
0
1
-7
-14
-31
-51
-53
-52
-52
-39
-22
-9
-14
-18
-34
-45
-59
-55
-48
-32
-23
-11
-10
-2
-8
-20
-20
-28
-21
-13
15
11
20
18
21
21
10
17
3
11
4
7
15
24
41
46
52
55
40
36
32
35
40
51
48
48
51
33
16
10
18
9
17
16
27
16
17
21
4
2
1
-8
2
-6
-4
-2
-28
-20
-27
-21
-15
-9
-6
-18
-24
-48
-46
-58
-46
-39
-41
-23
-22
-18
-22
-22
-35
-25
-17
-23
-32
-24
-34
-41
-38
-37
-35
-39
-19
-23
-28
-39
-34
-34
-30
-25
-2
-5
5
11
18
14
-2
13
-3
14
15
25
29
28
28
34
29
16
31
28
30
32
40
47
51
57
52
47
49
47
55
51
61
63
53
50
34
30
38
33
27
23
34
42
33
34
26
22
-4
-10
-21
-24
-27
-10
-9
-17
-20
-21
-31
-44
-46
-44
-37
-37
-44
-46
-33
-51
-45
-48
-40
-33
-48
-40
-47
-55
-59
-43
-30
-21
-10
3
16
5
-7
-32
-36
-50
-42
-11
-11
7
15
13
7
-12
-4
-6
20
22
48
49
44
37
22
11
-3
-4
-5
-13
7
3
2
15
0
5
-7
5
4
-1
3
-1
-6
5
0
-10
-2
-6
11
12
18
15
16
28
30
19
29
31
35
36
34
18
17
19
9
8
15
11
4
0
-12
2
1
4
7
18
-3
-3
-7
-19
-17
-27
-18
-12
-3
2
6
7
-4
-9
-4
-12
-11
-3
-2
1
-4
5
-12
-14
-39
-28
-45
-32
-36
-13
-13
-1
0
-2
4
-29
-19
-15
-9
-8
-4
-13
-27
-36
-25
-19
-7
6
26
14
13
0
0
-3
1
5
11
15
17
14
12
16
10
35
22
38
31
40
43
32
28
28
26
28
34
24
35
25
22
23
24
11
6
9
3
4
2
-5
-8
-24
-27
-25
-33
-38
-22
-31
-17
-14
-4
-8
-20
-10
-24
-9
-6
-2
-4
7
-3
-4
1
-12
-17
-31
-22
-15
-22
-13
-7
-2
11
22
11
10
3
-17
-24
-10
-2
4
13
20
21
8
11
2
-3
-7
-5
-7
1
0
1
29
19
23
18
2
-5
-7
-27
-24
-9
-16
-11
-16
-15
-16
-28
-23
-25
-21
-34
-30
-30
-28
-27
-24
-19
-27
-19
-19
-14
-4
-5
-4
-7
-21
-13
-19
-21
-12
-3
16
18
26
25
14
23
6
-1
11
10
32
35
69
62
56
48
32
37
16
38
42
54
69
79
78
63
38
12
6
-3
-2
9
19
17
34
18
16
1
-8
-8
-16
-2
4
5
5
1
-3
-6
-11
-13
-32
-20
-12
-20
-27
-13
-25
-9
-23
-13
-11
-26
-16
-13
-13
-3
-5
-3
-7
-24
-13
-25
-11
-5
-2
14
27
23
14
0
-28
-35
-41
-26
-29
-26
-15
-23
-34
-29
-30
-25
-15
-21
-11
-23
-34
-34
-53
-55
-49
-40
-30
-29
-35
-23
-35
-19
-26
-16
-10
-10
-1
-8
4
-16
4
-2
3
8
16
10
2
10
8
23
25
39
28
30
39
40
43
35
35
32
38
42
37
46
42
56
48
53
50
44
48
40
44
35
50
42
37
18
22
-1
-9
2
-3
15
24
18
11
5
-11
-7
-13
-5
-7
4
0
-7
-10
-24
-27
-33
-31
-37
-34
-24
-27
-19
-11
-20
-24
-27
-17
-24
-28
-21
-23
-18
-23
-16
-13
-2
-9
-13
-1
-12
-6
-3
1
10
3
-2
-5
-13
-19
-20
-16
-16
-23
-21
-12
1
-1
7
11
13
3
13
-3
9
20
11
21
5
16
3
-1
8
-1
-11
-11
-5
2
-4
7
0
-8
-6
-26
-17
-33
-19
-18
-10
-5
-3
7
-4
-1
-2
1
12
13
3
7
5
6
-4
-1
-11
-7
0
10
7
9
12
5
-5
2
-2
5
5
3
2
-11
-16
-19
-30
-26
9
9
22
28
24
31
17
17
24
20
30
31
41
22
26
22
11
11
19
16
25
33
20
25
13
6
-9
1
-9
-6
-5
17
18
10
16
17
6
4
6
0
1
-1
8
-1
-1
-3
-12
-18
-31
-35
-25
-27
-17
-21
-9
-14
-22
-17
-21
-21
-18
-13
-14
-8
-15
-16
-16
-18
-16
-21
-19
-21
-38
-46
-55
-57
-38
-33
-23
-7
4
-5
3
6
-8
-8
-18
-12
-20
-5
5
9
17
11
21
19
29
25
41
34
43
47
50
39
35
35
28
19
22
35
27
30
39
37
27
16
5
-4
2
14
31
30
23
11
-5
-26
-30
-41
-36
-28
-22
-11
-24
-15
-20
-35
-34
-46
-32
-41
-38
-37
-17
-20
-19
-32
-31
-43
-31
-26
-21
-17
-15
-9
-14
-7
-20
0
-10
16
5
16
25
17
15
18
18
6
23
15
32
38
45
51
39
34
21
15
14
15
30
38
43
54
53
54
40
43
39
20
20
18
16
14
12
4
4
-15
-14
5
-4
7
5
-3
-12
-18
-21
-23
-24
-22
-15
-23
-20
-24
-23
-36
-34
-37
-27
-5
-12
-14
-6
-19
-21
-30
-43
-35
-40
-25
-20
-13
-17
-14
-11
-6
2
8
14
-3
-4
-11
-17
-8
-19
-28
-30
-25
-32
-14
-8
11
21
14
17
-4
-5
-23
1
-9
-9
9
-5
-9
-11
-5
-5
-4
17
19
17
13
15
2
13
16
10
33
36
27
24
27
14
13
12
12
11
21
25
30
32
21
36
24
4
16
11
9
18
21
24
23
12
7
5
18
18
22
28
13
12
-5
-13
-11
-17
-13
-4
10
-2
2
-5
-17
-22
-19
-23
-25
-20
-21
-28
-30
-30
-41
-49
-47
-40
-31
-20
-22
-9
-27
-26
-22
-36
-35
-34
-22
-18
-20
-13
-16
-26
-29
-15
-18
3
4
18
21
20
18
7
4
-2
10
18
43
56
57
53
44
40
28
35
25
38
49
47
52
31
27
39
33
36
47
49
46
41
38
24
22
12
13
19
29
31
35
22
-2
-17
-23
-24
-32
-28
-28
-34
-24
-53
-37
-39
-46
-43
-36
-33
-40
-51
-61
-65
-81
-72
-83
-80
-72
-72
-65
-59
-50
-36
-41
-36
-43
-42
-27
-49
-27
-19
-13
3
10
16
23
9
9
14
0
17
25
32
35
28
50
30
53
59
56
62
57
65
51
68
50
65
55
74
76
65
73
53
35
22
21
9
16
20
15
12
6
-1
0
-7
-2
6
8
2
-5
-17
-17
-23
-27
-27
-35
-29
-33
-21
-22
-22
-18
-15
-16
-18
-10
-18
-32
-32
-39
-27
-44
-50
-21
-29
-17
-12
-13
-2
-19
0
3
7
22
18
27
7
12
2
-9
5
-9
10
15
24
33
23
15
10
5
2
-9
3
13
10
17
27
22
8
13
13
14
24
7
17
-3
2
-5
-14
-8
3
10
3
23
-1
2
-18
-21
-33
-19
-16
-18
-27
-31
-34
-49
-47
-45
-40
-33
-21
-9
-16
-12
-18
-33
-31
-36
-15
-19
2
1
9
-3
-12
-12
-23
-6
-5
4
10
6
3
-5
-9
-9
-14
-3
5
16
18
19
17
19
11
10
25
24
33
35
32
34
21
20
16
35
24
31
34
8
17
14
5
3
4
12
10
15
19
24
16
25
14
24
22
17
29
10
21
8
16
17
20
28
17
18
14
-3
-1
-4
-15
7
-8
2
-9
-10
-13
-19
-8
-3
5
-12
-11
-29
-20
-29
-24
-6
-9
2
-17
-10
-19
-19
-14
-10
-6
11
6
0
-16
-24
-13
-34
-10
-14
-8
-8
-12
-2
-25
-19
-22
-15
-13
12
16
15
-6
-23
-29
-44
-37
-32
-15
-15
-1
3
-17
-18
-26
-28
-30
-19
-9
-9
-9
-8
-15
-18
-5
-2
3
-4
4
-3
-2
-5
-4
-4
13
25
22
28
32
33
28
29
27
29
26
31
28
26
26
37
25
20
20
18
16
11
14
7
-6
-2
21
9
11
16
