0
0
-1
0
0
0
0
-1
0
0
0
0
0
0
0
0
0
0
0
0
0
0
-1
0
0
0
0
0
0
0
0
0
1
0
-1
0
0
0
0
0
0
0
0
0
0
0
0
0
0
0
0
0
0
0
-1
0
0
0
0
0
0
0
0
0
0
0
0
0
1
0
0
0
0
0
0
0
1
0
0
0
1
1
0
0
0
-1
1
1
0
0
0
0
0
0
0
1
0
0
0
1
0
0
0
0
0
-1
0
0
0
0
0
0
0
0
0
0
-1
-1
-1
0
0
0
0
-1
0
0
0
0
0
0
0
0
0
1
0
1
0
0
0
0
0
0
1
-1
0
1
-1
0
0
0
0
0
0
0
-1
0
0
0
-1
0
-1
0
0
0
0
0
-1
0
0
0
0
0
0
-1
0
0
0
0
0
0
0
0
-1
-1
0
0
0
0
0
1
0
0
0
0
0
-1
0
0
0
0
0
0
0
0
0
1
0
1
0
0
1
-1
1
0
0
0
-1
-1
0
0
0
-1
0
-1
0
0
0
-1
0
0
0
0
1
0
0
0
0
0
0
1
0
1
0
0
0
0
0
0
1
0
0
0
1
1
0
0
0
0
0
0
0
0
-1
1
0
0
0
0
0
0
0
1
0
0
-1
0
0
0
-1
-1
0
0
1
0
-1
0
0
0
0
0
0
-1
-1
0
0
-1
1
0
1
0
0
0
0
0
0
1
0
0
0
-1
0
0
0
0
0
1
-1
0
0
0
0
0
0
0
0
0
1
0
0
0
0
0
0
-1
0
0
-1
0
0
-1
0
0
0
0
0
0
0
0
1
0
0
-1
1
0
0
-1
-1
0
0
0
1
-1
0
0
0
-1
1
0
0
0
1
-1
0
0
0
0
0
0
0
0
0
0
0
-1
0
0
0
0
0
0
0
0
0
0
1
-1
0
0
-1
1
0
0
0
0
0
0
0
0
0
0
0
0
0
0
-1
0
0
0
0
0
0
0
-1
0
0
0
-1
0
0
-1
-1
0
0
0
0
0
1
1
-1
0
-1
0
0
0
0
0
0
0
0
1
0
0
0
0
-1
1
0
0
1
0
0
0
0
0
1
1
0
0
0
0
0
-1
0
-1
1
0
1
0
0
1
0
0
1
0
0
0
1
-1
-1
1
0
0
0
-1
0
0
1
0
0
0
0
0
0
-1
0
0
0
-1
0
0
1
1
-1
0
0
0
0
0
0
0
0
0
-1
1
0
0
1
0
0
0
0
1
-1
0
0
0
0
-1
1
0
0
-1
0
0
0
0
0
-1
0
-1
1
0
0
1
0
0
0
0
0
0
0
0
-1
0
0
0
1
0
1
0
0
0
0
-1
0
0
1
1
0
0
0
-1
-1
0
0
0
-1
0
0
1
0
1
0
0
1
0
0
1
0
0
0
0
0
0
0
0
0
0
0
-1
1
0
0
0
0
0
0
0
0
0
0
-1
0
-1
0
0
0
0
0
-1
0
0
0
1
0
0
0
0
0
0
0
0
0
-1
1
1
-1
0
0
0
0
0
0
0
0
0
0
0
0
0
-1
0
0
0
0
0
0
0
0
-1
0
0
0
0
-1
0
-1
0
0
0
0
0
-1
0
0
-1
0
0
0
1
0
0
0
0
0
0
1
0
0
0
0
0
1
0
0
0
1
1
0
0
0
0
0
0
0
0
1
1
1
0
0
-1
0
0
0
-1
-1
0
0
0
0
0
0
0
0
0
0
0
0
0
0
0
0
0
0
0
0
0
1
1
1
0
-1
0
0
0
0
0
0
1
-1
-1
0
0
0
0
0
1
0
-1
0
0
0
0
0
0
0
0
-1
0
0
0
0
1
0
0
0
0
0
-1
1
1
0
0
0
0
1
0
0
0
0
0
0
0
0
0
0
0
0
1
0
0
0
0
0
0
1
0
0
0
0
0
0
0
0
0
0
1
0
-1
0
0
0
0
-1
0
0
0
0
0
0
-1
0
0
-1
0
0
0
-1
1
0
0
0
0
0
0
0
0
0
0
0
0
0
-1
0
-1
0
0
0
0
0
0
0
0
0
1
0
0
0
0
0
0
0
0
0
0
0
1
0
0
0
0
0
0
0
0
0
-1
0
0
1
0
0
0
0
0
0
0
1
0
0
0
0
0
0
-1
0
1
0
0
0
0
0
0
0
0
-1
0
0
0
0
0
0
0
0
1
0
-1
0
1
0
0
-1
0
0
0
0
-1
0
0
0
0
1
0
0
0
0
0
0
0
0
-1
0
0
0
0
0
0
0
0
0
1
0
0
0
0
0
1
0
0
1
0
1
-1
0
0
0
0
0
0
0
0
-1
0
-1
-1
0
0
0
0
0
0
0
0
0
0
-1
0
-1
0
0
0
0
0
0
-1
0
0
0
0
0
0
0
0
0
0
0
0
0
0
0
0
0
1
1
0
-1
0
0
0
0
0
0
0
0
0
0
0
0
0
0
0
0
1
0
0
0
0
0
1
0
0
0
0
0
0
0
-1
-1
0
0
0
0
0
-1
-1
0
0
0
-1
1
0
0
-1
0
0
0
0
0
0
0
0
0
0
0
0
0
0
0
0
1
0
0
-1
0
0
0
0
0
0
1
0
0
-1
-1
0
0
0
0
-1
0
0
0
0
0
1
0
0
1
0
1
0
0
0
0
0
0
-1
0
0
0
0
0
0
1
0
0
0
0
0
0
-1
-1
0
-1
0
0
0
0
0
0
0
0
0
0
0
0
0
0
-1
0
0
0
0
1
0
0
0
0
0
0
0
0
0
0
-1
1
-1
0
0
0
0
0
0
0
0
1
0
1
0
0
0
1
-1
0
0
0
0
0
0
0
0
0
0
-1
0
0
0
0
1
1
0
1
0
0
0
0
0
0
0
0
0
0
-1
-1
-1
-1
0
0
0
0
0
-1
0
0
0
0
0
-1
0
-1
0
1
0
0
1
0
0
-1
0
-1
0
0
0
-1
0
1
-1
0
0
0
0
-1
0
1
0
-1
1
1
0
1
-1
0
0
1
0
0
-1
1
0
0
1
0
0
0
0
1
0
0
0
0
1
0
-1
0
-1
0
1
0
1
-1
0
1
0
0
0
0
0
-1
0
0
0
0
0
0
0
0
0
0
-1
0
1
0
1
0
-1
0
0
1
0
0
0
0
0
0
-1
0
-1
0
0
0
0
0
0
0
1
0
1
0
0
0
0
0
-1
0
0
0
0
0
-1
0
0
0
0
0
0
1
0
0
0
0
1
0
0
0
0
0
0
0
0
0
-1
0
1
0
0
0
0
0
0
0
0
0
0
0
0
0
0
0
-1
1
0
0
0
-1
0
0
0
1
0
0
0
-1
0
0
0
0
1
1
0
1
0
0
-1
0
-1
0
0
0
0
0
0
0
0
0
0
0
0
0
1
0
0
0
0
0
0
0
0
0
0
0
0
0
0
0
0
0
0
1
0
0
0
1
0
0
0
0
0
0
0
0
1
1
0
0
1
0
0
0
0
0
1
0
0
-1
1
0
-1
-1
0
0
0
0
0
1
0
1
0
0
0
1
0
-1
0
-1
0
0
-1
0
0
0
-1
0
0
0
0
0
0
0
0
1
-1
0
0
0
0
-1
0
0
0
0
0
1
0
0
0
0
0
0
0
0
1
1
0
0
0
0
0
0
0
0
0
1
0
-1
0
0
0
0
0
0
0
0
0
0
1
0
1
0
1
0
0
0
0
0
0
0
0
0
0
0
0
-1
0
0
0
-1
0
-1
0
0
0
0
0
0
0
0
1
-1
-1
-1
-2
-1
0
1
1
1
0
1
1
0
0
0
0
1
1
1
0
1
1
1
1
0
1
1
0
1
1
0
0
0
0
0
-1
0
-1
0
-1
0
-1
-1
-1
-1
0
-1
-1
-1
0
-1
-1
-1
-1
-1
-1
-1
-1
-1
-1
0
-1
-1
0
0
-1
0
-1
-1
-1
-1
0
0
1
1
0
0
1
-1
1
1
1
0
0
1
1
1
1
1
1
1
1
0
1
1
1
1
1
1
1
1
1
0
1
1
1
1
1
0
0
0
1
0
0
1
1
1
1
0
0
0
1
0
0
-1
0
-1
-1
-1
-1
-1
-1
0
-1
-1
-1
0
0
-1
0
0
-1
-1
-1
0
0
-1
0
-1
-1
0
0
0
0
-1
-1
0
0
0
0
0
0
-1
0
0
-1
-1
0
-1
-1
-1
0
0
0
-1
0
-1
-1
-2
0
0
0
0
-1
-1
-1
0
0
0
0
0
0
0
0
0
1
0
0
0
1
0
1
0
0
0
0
0
1
1
1
1
0
0
1
1
1
1
1
1
1
0
1
0
1
1
0
1
1
1
1
1
0
0
0
1
0
1
0
0
1
0
0
0
1
0
0
0
0
0
0
0
0
0
0
0
1
1
0
0
0
-1
1
0
-1
0
0
0
1
1
-1
0
-1
-1
-1
-1
-1
-1
-2
-2
-1
-1
0
0
0
-1
-1
-2
-2
-1
-1
-1
-2
-1
0
0
0
0
2
2
2
2
1
0
0
0
1
1
0
0
0
0
-1
0
-1
1
0
1
1
1
1
0
-1
-2
-3
-4
-4
-4
-6
-4
-4
-3
-3
-3
-4
-3
-2
-2
-3
-2
-3
-4
-5
-5
-5
-5
-3
-3
-3
-4
-6
-5
-6
-5
-3
-1
3
4
5
0
2
0
0
2
3
6
7
9
6
6
4
6
8
12
10
11
6
2
5
4
8
7
9
6
7
5
3
3
-3
5
4
2
-1
-3
-7
-7
-8
-8
-7
-4
-6
-6
-6
-10
-6
-14
-4
-12
-3
-2
1
-1
1
5
-2
-1
1
-3
-2
-7
-2
2
5
7
-3
0
-7
9
9
23
13
6
2
11
12
15
22
21
35
40
48
59
58
40
36
18
30
38
43
50
38
28
8
-8
-31
-30
-25
-17
-17
12
-3
7
-10
-18
-46
-66
-73
-83
-63
-55
-37
-38
-27
-24
-33
-36
-5
-13
-5
8
7
-22
-36
-22
-47
-47
-30
-36
-44
-20
2
11
13
1
0
-29
-36
-42
-43
-29
-10
9
4
0
-24
-42
-52
-42
-50
-29
-22
-17
-11
-3
8
9
2
-7
-6
-6
-10
-8
-7
-12
-18
-9
-11
-12
0
29
58
62
100
104
90
68
77
84
79
86
93
92
93
109
102
104
114
97
112
92
101
95
81
68
52
39
13
-4
-31
-40
-60
-79
-62
-64
-51
-45
-41
-79
-79
-87
-84
-76
-89
-76
-108
-99
-117
-137
-121
-139
-104
-100
-80
-66
-65
-54
-68
-49
-61
-57
-29
-28
3
13
26
10
20
1
11
39
42
53
67
82
89
94
84
102
111
128
135
137
126
116
133
136
126
113
115
96
83
79
71
87
84
94
76
55
40
27
25
-4
-2
-11
2
-21
-24
-40
-37
-41
-55
-45
-64
-49
-55
-49
-60
-58
-52
-77
-68
-70
-71
-67
-81
-72
-116
-123
-139
-147
-138
-142
-127
-131
-139
-152
-157
-145
-129
-111
-110
-99
-96
-115
-128
-109
-106
-88
-56
-36
-11
-20
1
-21
-19
-3
12
41
60
79
78
68
48
45
36
35
45
68
79
74
88
97
99
113
113
121
124
111
116
122
127
154
154
161
153
142
110
99
88
91
115
127
131
118
104
51
47
27
7
16
7
8
2
5
-4
-18
-42
-67
-78
-71
-64
-59
-46
-51
-41
-55
-72
-101
-108
-97
-112
-80
-76
-80
-86
-86
-103
-95
-77
-62
-50
-59
-49
-46
-74
-61
-56
-51
-25
-2
13
23
31
41
38
23
35
29
43
34
55
62
88
86
87
70
46
43
50
33
26
35
36
50
56
61
33
12
16
5
6
16
22
41
29
31
24
20
12
17
0
7
9
-8
-14
-13
-29
-23
-16
-36
-33
-47
-46
-73
-69
-71
-72
-86
-75
-49
-51
-56
-44
-81
-78
-75
-88
-82
-92
-78
-96
-89
-101
-108
-90
-62
-46
-19
-16
-6
-14
-44
-51
-68
-43
-42
-16
8
25
62
32
24
29
25
45
71
88
92
73
71
67
38
43
39
36
46
72
62
64
83
95
109
91
115
93
79
64
60
81
90
106
103
97
65
53
21
-13
-14
-14
8
15
15
-10
-11
-30
-41
-37
-29
-24
7
2
18
25
16
3
-40
-39
-22
-49
-55
-31
-30
-26
-6
-3
-8
-9
-18
-27
-17
-27
-17
-21
-11
-27
-33
-31
-61
-49
-40
-29
-22
-19
-12
-30
-30
-30
-53
-35
-56
-60
-44
-41
-37
-21
-41
-25
-14
-23
-11
-22
-19
-11
-10
4
19
27
12
20
18
11
23
13
34
52
58
57
55
39
33
25
50
55
60
54
48
55
21
30
10
3
14
16
18
20
44
8
24
20
14
9
4
-6
-2
-11
-18
2
7
6
-14
-19
-30
-50
-81
-62
-68
-63
-50
-48
-32
-67
-53
-80
-85
-83
-54
-49
-25
-15
-21
-38
-57
-55
-67
-53
-36
8
2
18
-5
-22
-40
-73
-64
-50
-23
-1
19
11
26
20
15
-1
1
-5
8
32
27
66
74
62
72
71
63
61
71
74
89
90
93
99
63
66
71
73
79
95
83
85
87
80
67
60
58
40
47
25
48
36
29
28
28
10
9
12
13
36
19
44
39
42
13
14
3
-11
-5
-36
-26
-54
-67
-97
-84
-68
-77
-40
-43
-51
-50
-74
-70
-73
-83
-94
-118
-104
-142
-122
-138
-102
-102
-90
-105
-105
-110
-119
-88
-78
-60
-56
-36
-55
-49
-68
-62
-63
-63
-61
-37
-41
-35
-9
-2
15
23
27
26
8
31
30
33
6
9
6
4
26
45
84
106
123
112
101
96
96
107
131
128
147
146
124
123
109
112
131
119
120
118
133
118
116
118
129
129
92
93
78
40
49
47
24
22
23
20
12
3
15
9
-19
-15
-28
-22
-37
-51
-61
-94
-135
-162
-140
-166
-159
-138
-136
-134
-141
-149
-169
-182
-187
-174
-159
-119
-110
-91
-84
-85
-100
-124
-129
-129
-121
-103
-80
-65
-58
-46
-43
-18
-1
6
4
1
-14
-14
-21
7
39
41
71
78
85
73
63
87
88
99
127
136
165
169
170
172
144
136
123
116
121
139
153
159
145
135
143
107
110
118
112
141
135
120
100
70
24
-23
-23
-45
-26
-16
7
22
-13
-9
-60
-97
-107
-103
-99
-66
-57
-42
-60
-82
-112
-140
-156
-155
-123
-144
-104
-100
-88
-68
-68
-81
-78
-97
-122
-105
-95
-85
-92
-80
-102
-99
-90
-75
-81
-62
-49
-29
-22
-26
11
-23
-5
-19
-12
-12
2
7
20
52
71
94
99
120
125
122
130
127
138
145
135
140
136
143
126
123
112
114
98
79
76
45
50
36
53
54
25
33
-3
-4
-57
-46
-37
-40
-37
-51
-67
-86
-82
-104
-115
-125
-100
-116
-122
-99
-107
-98
-95
-76
-72
-84
-83
-81
-77
-90
-62
-50
-65
-53
-43
-36
-34
6
-2
10
2
10
8
7
32
23
37
52
71
60
72
78
64
55
54
66
62
62
77
72
51
76
62
80
77
89
95
88
58
69
62
48
57
57
71
58
83
78
84
61
46
62
51
68
83
61
31
31
13
-15
-13
-7
-9
-1
20
-3
-42
-44
-77
-85
-84
-63
-49
-54
-30
-41
-62
-71
-87
-70
-64
-39
-16
-12
2
-41
-41
-75
-95
-88
-70
-98
-76
-51
-61
-57
-61
-81
-110
-98
-105
-82
-88
-70
-75
-73
-82
-83
-68
-78
-82
-68
-74
-83
-68
-70
-57
-60
-28
-28
-15
-21
-17
-13
-52
-19
-27
-21
0
20
17
39
62
80
92
112
114
106
109
104
105
82
113
109
131
155
170
166
164
153
141
149
145
157
198
179
157
161
150
112
112
91
74
98
78
87
77
69
37
8
4
-25
-29
-36
-46
-48
-66
-82
-80
-92
-101
-100
-95
-94
-93
-91
-88
-84
-81
-72
-64
-42
-54
-54
-73
-94
-101
-122
-117
-98
-99
-106
-115
-143
-146
-146
-161
-166
-122
-107
-94
-55
-48
-25
-23
-28
-7
-10
7
2
7
20
-5
24
12
42
44
68
48
43
34
46
50
38
71
40
67
64
78
94
90
115
115
110
117
121
125
112
126
109
95
76
71
49
50
62
48
27
1
1
-19
-30
-19
-24
-26
-29
-23
-40
-60
-49
-80
-71
-69
-60
-64
-55
-59
-59
-54
-63
-53
-25
-20
4
-17
-30
-50
-72
-78
-85
-78
-50
-11
18
26
31
6
-24
-14
-38
-21
-22
-9
-10
-3
0
-5
7
-7
-8
5
1
23
39
58
56
48
47
40
33
44
44
53
62
44
43
20
22
8
19
26
18
22
6
18
9
-18
-1
-13
-33
-28
-54
-41
-46
-30
-24
-19
8
24
27
13
41
5
26
1
3
-5
-22
-8
-18
-7
-16
-14
-34
-37
-12
0
10
35
31
18
12
-5
-18
-4
14
21
29
17
15
-14
-2
-16
-4
-2
21
38
41
53
30
21
-14
-33
-40
-52
-65
-51
-37
-42
-25
-22
-33
-43
-23
-33
-13
-18
-1
-1
8
2
14
6
10
0
-6
22
-13
28
30
48
57
76
78
73
73
60
37
14
29
21
34
37
50
22
16
23
4
2
22
9
35
35
41
52
23
14
-15
-19
-45
-58
-53
-53
-32
-33
-41
-43
-77
-93
-92
-80
-72
-51
-52
-80
-74
-90
-86
-67
-71
-61
-32
-27
-30
-22
-27
-18
-5
-1
6
-3
5
5
-1
-1
-21
-9
-35
-30
-13
-7
9
-7
12
1
-1
8
18
14
34
25
36
47
44
65
73
79
82
92
71
69
65
49
84
56
94
92
99
94
73
93
66
84
85
108
102
106
102
72
66
20
14
8
-7
-6
7
-2
-10
-17
-50
-82
-105
-75
-97
-71
-73
-77
-58
-87
-73
-103
-113
-119
-137
-130
-131
-121
-95
-92
-99
-102
-101
-108
-112
-101
-95
-77
-70
-55
-45
-39
-50
-41
-34
-47
4
-2
5
5
5
-4
-2
24
18
46
55
71
78
109
81
89
96
76
109
103
143
143
149
154
173
169
170
186
148
138
120
117
112
132
131
101
88
69
58
30
13
8
2
-32
-46
-60
-72
-92
-71
-76
-68
-63
-94
-99
-129
-151
-147
-147
-140
-128
-127
-121
-130
-114
-119
-104
-90
-92
-117
-105
-95
-128
-72
-57
-33
-12
24
41
48
65
28
24
-1
5
2
3
47
33
52
61
38
22
16
-2
-13
11
30
63
70
66
49
33
6
8
18
39
30
55
68
72
72
81
49
40
48
42
61
75
84
86
89
92
89
85
69
43
37
30
45
64
70
64
53
21
8
-10
-41
-19
-29
-22
-20
-52
-54
-102
-129
-149
-141
-126
-132
-123
-116
-121
-106
-94
-77
-80
-82
-92
-116
-114
-134
-149
-156
-141
-156
-119
-83
-55
-17
-30
-26
-48
-42
-41
-49
-23
-6
5
25
35
38
55
52
52
81
103
120
155
170
170
154
127
124
105
107
108
120
141
145
162
176
153
153
137
135
143
157
166
167
131
134
112
94
116
102
95
82
49
40
-3
-42
-60
-70
-54
-30
-3
-17
-33
-69
-98
-120
-121
-103
-107
-95
-88
-112
-152
-151
-186
-205
-209
-197
-154
-149
-148
-148
-155
-170
-193
-179
-185
-159
-161
-143
-105
-111
-73
-81
-79
-63
-77
-64
-58
-61
-32
-45
-31
-12
-27
-4
2
-5
2
8
22
38
51
85
65
79
89
86
95
114
96
88
109
130
129
143
143
146
167
156
180
168
194
173
173
164
144
144
135
134
139
133
125
123
98
77
75
78
63
84
87
81
71
53
-2
-15
-20
-23
-32
-15
-18
-31
-42
-64
-87
-117
-118
-105
-100
-66
-59
-57
-70
-93
-111
-132
-163
-158
-153
-138
-118
-104
-127
-145
-157
-180
-173
-151
-112
-100
-61
-61
-58
-72
-67
-71
-48
-30
-31
2
9
12
15
45
13
35
38
42
48
34
50
22
33
47
52
32
44
26
24
33
57
58
73
73
61
45
27
27
14
8
23
47
34
35
32
13
-2
4
2
13
9
40
26
41
24
17
1
-3
-1
-3
21
27
46
33
39
21
20
19
12
22
35
22
41
45
47
61
57
49
27
55
48
62
65
77
50
32
36
13
39
25
48
2
-12
-60
-59
-62
-71
-38
-49
-32
-47
-69
-103
-103
-105
-100
-84
-89
-65
-55
-62
-80
-74
-102
-113
-122
-95
-95
-83
-60
-83
-70
-100
-89
-91
-69
-63
-50
-48
-38
-47
-46
-35
-30
-19
-11
12
25
44
47
72
68
89
123
128
152
167
175
164
170
156
155
144
159
162
166
172
168
154
141
143
129
121
132
135
131
118
98
72
31
14
13
4
3
-7
-27
-59
-86
-97
-115
-117
-128
-127
-145
-147
-160
-149
-161
-160
-157
-161
-187
-185
-194
-193
-182
-161
-142
-143
-137
-153
-146
-128
-115
-90
-57
-64
-47
-53
-58
-71
-56
-53
-20
28
59
77
69
81
76
79
92
110
142
134
163
154
157
127
116
102
88
103
122
163
163
169
169
153
118
122
107
96
105
111
96
92
75
55
42
14
9
-13
3
13
22
27
-7
-27
-59
-92
-98
-119
-108
-99
-87
-88
-102
-150
-176
-189
-206
-156
-142
-101
-84
-95
-102
-104
-124
-101
-115
-75
-44
-36
-23
-25
-40
-58
-48
-56
-6
27
58
91
90
68
61
35
14
7
28
53
100
90
97
100
75
71
63
55
66
89
115
128
132
120
84
67
50
62
13
23
20
-7
6
18
23
41
41
14
7
-11
-29
-29
-20
-3
31
29
21
-41
-59
-86
-119
-109
-130
-114
-98
-66
-45
-16
-17
-32
-74
-106
-117
-120
-79
-40
6
27
16
-3
-40
-45
-83
-80
-46
-26
14
32
62
43
33
30
27
62
49
73
64
56
62
64
67
53
49
26
28
-2
16
49
31
57
41
57
63
60
80
48
45
32
19
21
2
0
-12
-18
-12
-2
19
18
15
16
23
13
19
11
7
-39
-31
-42
-40
-35
-49
-70
-85
-77
-89
-58
-56
-30
-7
6
4
-21
-18
-46
-77
-70
-67
-54
-43
-30
-48
-78
-87
-90
-118
-92
-64
-25
13
15
11
2
-24
-39
-36
-29
-30
4
29
25
54
55
53
61
75
88
89
113
123
122
145
126
128
130
119
108
81
62
32
19
35
43
54
51
44
38
13
6
2
-10
-7
-21
-21
-14
-22
-29
-45
-78
-78
-90
-86
-48
-57
-44
-68
-72
-86
-106
-85
-71
-85
-93
-94
-116
-120
-128
-138
-100
-83
-56
-28
-12
-23
-43
-44
-64
-41
1
20
64
80
85
98
84
73
47
53
65
80
114
141
127
124
91
64
30
17
32
35
73
77
101
77
74
61
49
49
57
49
44
41
45
52
46
45
45
46
19
44
13
5
-6
-22
-22
-25
-44
-61
-51
-82
-74
-62
-78
-56
-53
-77
-106
-79
-87
-80
-63
-42
-33
-46
-13
-41
-36
-49
-37
-47
-52
-59
-47
-33
-27
-7
5
16
-10
-5
-7
-30
-33
-10
20
22
31
29
22
22
2
12
20
22
32
38
6
-26
-34
-52
-55
-20
-15
-14
-13
-21
-43
-43
-47
-58
-49
-13
-10
8
-7
-27
-47
-72
-56
-60
-39
-33
-12
0
9
12
10
4
3
24
47
55
69
56
22
18
21
34
33
77
81
77
84
92
106
116
126
128
134
150
118
105
91
87
80
90
102
109
97
84
73
63
63
78
68
89
82
48
22
-15
-30
-48
-52
-45
-29
-47
-59
-64
-88
-118
-126
-134
-110
-97
-55
-46
-62
-68
-116
-116
-137
-134
-119
-96
-112
-110
-109
-138
-115
-115
-93
-70
-72
-67
-80
-82
-90
-118
-100
-106
-78
-59
-50
-43
-45
-54
-40
-21
-7
6
12
34
33
55
57
62
99
92
104
105
80
77
60
74
103
120
165
162
158
147
120
104
96
95
117
107
145
128
125
130
105
95
78
84
69
77
57
53
44
26
13
-19
-26
-38
-46
-44
-62
-56
-71
-90
-72
-89
-94
-91
-110
-111
-113
-102
-82
-88
-74
-68
-83
-88
-67
-67
-75
-76
-86
-97
-122
-111
-110
-107
-104
-76
-82
-86
-105
-120
-133
-123
-106
-44
-24
21
25
22
48
28
45
49
88
97
87
78
50
36
23
43
94
128
165
197
191
181
124
112
94
110
123
152
146
125
97
52
41
41
53
80
104
133
126
119
78
28
27
15
30
51
58
55
48
19
-23
-51
-85
-86
-51
-28
0
-12
-29
-76
-132
-140
-141
-105
-76
-44
-53
-59
-103
-135
-193
-198
-185
-161
-124
-98
-105
-139
-150
-192
-181
-167
-126
-85
-46
-37
-41
-62
-89
-109
-116
-103
-89
-47
-23
13
30
18
23
27
27
30
42
44
50
54
72
67
82
88
99
105
113
121
112
115
125
133
160
168
184
185
171
165
145
126
130
149
167
168
164
155
102
61
31
16
9
23
40
48
28
32
-3
-54
-79
-73
-73
-52
-45
-45
-58
-86
-115
-137
-128
-130
-102
-90
-90
-112
-124
-139
-154
-137
-130
-92
-84
-78
-97
-112
-124
-140
-142
-86
-59
-24
-7
0
-16
-29
-10
-6
31
53
92
89
110
100
87
85
90
76
97
131
128
126
117
75
73
62
61
74
53
55
31
29
2
-5
-29
-12
-3
-19
4
-20
-46
-74
-64
-65
-34
-14
-24
3
-15
17
26
52
59
58
51
54
33
2
-1
-33
-30
-32
-8
-1
12
1
-22
-52
-84
-78
-66
-47
-50
-36
-69
-69
-85
-93
-76
-43
-25
-23
-13
-13
-20
-60
-39
-69
-54
-55
-64
-49
-77
-67
-72
-51
-69
-38
-15
-26
-10
-20
-20
-15
18
45
58
80
85
95
80
89
88
83
96
73
87
84
99
97
108
78
77
53
44
41
27
24
27
39
31
51
43
53
34
54
30
37
55
65
61
75
55
54
55
39
50
30
45
50
60
43
44
18
-12
-31
-37
-40
-38
-35
-36
-41
-47
-52
-78
-92
-106
-126
-137
-153
-131
-140
-140
-152
-135
-132
-121
-109
-104
-95
-100
-77
-83
-71
-68
-63
-66
-58
-47
-26
-4
-11
-13
10
20
25
69
59
73
73
80
83
61
83
54
80
99
103
112
99
106
74
70
58
57
59
42
53
35
40
11
14
-15
-19
-1
-29
-15
-13
-8
-13
-11
-15
-20
-15
-11
-6
-4
7
0
-8
-31
-24
-3
-11
-2
19
29
20
27
23
20
-17
-3
-2
-1
11
11
6
6
-8
4
-17
1
-12
-12
-9
-15
-18
-16
-16
-32
-42
-34
-27
-29
2
-3
7
-9
-12
-18
-38
-13
-6
-14
3
-10
-31
-27
-23
-36
-7
2
23
28
44
29
26
53
33
52
32
24
22
21
12
-5
-11
-29
-33
-34
-9
-12
-2
-10
-23
-30
-25
-24
-9
-1
3
17
45
41
50
58
32
20
24
38
58
64
93
101
106
107
87
69
43
10
3
-18
-26
5
-15
-9
-51
-56
-73
-91
-56
-56
-54
-46
-25
-39
-28
-38
-47
-58
-71
-55
-57
-67
-73
-48
-79
-73
-97
-90
-110
-92
-87
-80
-66
-61
-62
-66
-59
-54
-55
-61
-46
-33
9
23
34
74
76
76
108
113
117
132
115
118
119
105
100
79
71
47
45
62
67
55
68
58
52
51
66
52
57
44
6
-5
-43
-42
-53
-22
-20
-15
15
6
6
-10
0
-22
-14
-15
-15
-17
-22
0
-8
-31
-44
-59
-80
-77
-71
-54
-28
-13
-8
-29
-26
-39
-50
-43
-13
5
10
37
31
33
28
51
60
61
69
60
46
38
51
29
19
-15
-22
-44
-41
-17
-10
1
-7
-9
-22
-24
-24
-5
7
13
18
30
13
12
20
-2
19
16
8
2
21
-2
-14
-13
-8
0
-14
7
-5
-9
-42
-57
-47
-62
-35
-33
-28
-54
-71
-68
-76
-60
-54
-23
-20
11
14
8
-7
-17
-20
-32
12
2
26
30
29
1
-13
-7
-17
5
21
23
16
9
4
10
4
12
20
29
23
22
32
14
-18
-5
-7
36
33
29
30
8
3
-23
-16
-10
-1
-11
8
-2
-30
-14
-26
-7
26
46
62
23
8
-31
-39
-24
-13
25
38
43
43
46
32
21
13
44
27
31
28
17
-2
-14
25
16
54
61
73
57
46
15
-4
6
2
-1
5
11
-27
-18
-37
-34
-13
12
5
24
12
-12
-22
-40
-36
-57
-20
-31
-12
-11
-22
-35
-59
-53
-36
-7
31
57
72
38
16
-29
-58
-42
-19
20
45
47
31
-7
-33
-66
-68
-36
-29
16
9
-1
-42
-77
-110
-94
-57
-22
10
17
6
-30
-27
-39
-39
-26
-1
-6
6
-7
-23
-34
-31
-19
16
50
66
83
58
42
11
2
6
18
38
59
60
45
26
23
-20
16
-6
11
45
39
62
30
20
-2
-1
-28
-22
-34
-1
2
4
29
4
-1
-28
-32
-74
-54
-56
-45
-24
4
6
-9
-12
-43
-38
-56
-21
-14
10
-1
-25
2
-23
-19
-14
10
22
58
60
61
60
27
19
14
40
48
69
66
46
15
3
20
7
33
23
6
-2
2
-3
-25
2
-4
7
-7
-8
-16
-50
-51
-57
-35
-6
10
20
3
0
-26
-36
-29
-29
-20
-11
20
14
16
26
5
-13
-5
25
16
39
15
13
-18
-33
-23
-17
-8
-1
29
20
8
24
15
16
23
41
76
90
101
96
87
41
39
10
3
8
14
14
-9
-9
-37
-56
-55
-54
-64
-60
-60
-74
-89
-74
-62
-44
-11
-8
-31
-50
-64
-73
-44
-4
27
36
36
14
-14
-20
-42
-19
-4
37
38
34
14
-8
-23
-46
-22
-34
9
4
28
1
-8
-24
-14
-12
15
35
42
57
38
33
17
0
-8
-12
-17
-17
-25
-41
-43
-42
-38
-3
7
7
23
6
-16
-43
-52
-73
-60
-19
-17
12
4
-30
-48
-80
-83
-58
-29
4
31
44
52
33
11
-11
-19
-18
9
36
66
62
50
57
55
48
57
40
75
76
75
89
117
96
79
93
78
111
110
108
91
62
51
55
46
58
48
49
61
44
63
30
24
0
-5
-18
-45
-50
-66
-71
-73
-58
-78
-75
-78
-108
-120
-110
-105
-105
-93
-104
-110
-125
-121
-107
-118
-101
-84
-89
-82
-62
-63
-38
-33
-11
4
40
44
45
43
29
24
46
55
52
97
89
100
86
104
87
73
66
49
33
29
36
28
31
37
27
14
9
-14
-17
-23
-20
-18
-29
-18
-40
-48
-55
-54
-64
-59
-53
-49
-62
-38
-37
-72
-68
-109
-103
-95
-78
-33
-1
8
-3
-18
-52
-74
-91
-37
-16
35
79
78
74
49
-2
-8
-6
2
37
46
76
57
76
39
57
66
65
87
88
96
88
80
79
70
87
99
109
99
100
96
70
62
38
24
19
14
15
7
31
39
52
66
45
31
-9
-24
-71
-66
-78
-94
-53
-58
-59
-70
-79
-97
-110
-109
-91
-92
-86
-99
-115
-106
-138
-117
-122
-104
-77
-48
-37
-48
-45
-62
-33
-18
17
54
73
57
52
28
3
3
10
37
85
112
131
125
86
56
48
28
35
50
51
63
37
44
29
21
11
15
5
-9
4
8
-11
-22
-6
6
16
30
53
40
33
9
-10
-28
-27
-3
-22
2
-34
-36
-42
-55
-32
-44
-25
-39
-35
-45
-82
-76
-68
-52
-7
28
34
30
9
-16
-38
-26
-18
4
40
59
71
51
53
26
-8
-6
2
-17
-19
-19
-45
-44
-67
-55
-37
-32
-13
-25
-46
-55
-72
-54
-44
6
1
19
24
16
26
-8
14
-2
5
11
26
8
2
-16
-5
-3
15
16
23
21
17
-2
4
-13
-37
12
-5
41
44
62
60
56
65
70
64
92
92
91
117
100
113
95
89
74
88
77
48
54
20
3
-9
-6
-9
3
15
-24
-30
-71
-92
-105
-95
-55
-50
-6
-27
-29
-57
-100
-96
-95
-85
-61
-27
-18
-20
-33
-53
-60
-46
-44
-40
-17
-24
-33
-52
-58
-50
-61
-20
-17
-10
0
2
-11
-9
10
30
75
81
126
116
98
96
54
34
33
33
39
45
46
43
41
36
40
43
48
23
34
3
-21
-40
-57
-52
-47
-16
-23
-4
-23
-19
-29
-38
-56
-62
-66
-77
-81
-105
-82
-93
-91
-81
-80
-71
-87
-94
-75
-65
-32
-24
-12
15
2
21
24
12
4
13
13
9
66
84
89
93
85
71
72
75
79
81
69
72
55
66
59
73
73
98
78
58
32
-3
-11
-14
-6
9
4
24
11
0
9
9
10
-3
-2
-14
1
-26
-15
-51
-66
-69
-80
-92
-91
-69
-71
-89
-67
-44
-51
-21
-31
-24
-27
-15
-29
-53
-48
-63
-42
-15
23
38
63
50
75
56
52
41
35
34
25
35
16
26
30
61
83
90
102
94
76
69
61
58
59
67
78
71
58
35
53
36
52
81
81
68
51
63
34
25
10
-22
-44
-71
-71
-72
-50
-62
-73
-84
-104
-113
-148
-132
-119
-102
-99
-118
-128
-149
-154
-145
-122
-84
-70
-63
-60
-87
-70
-86
-70
-56
-43
-12
-24
-12
13
9
20
25
1
13
-7
3
-1
17
30
27
46
36
52
57
75
87
97
78
82
85
71
58
68
74
87
100
99
75
63
36
18
33
32
43
29
38
6
-27
-48
-68
-57
-44
-20
-10
0
-5
-9
-3
0
26
33
52
41
42
3
-24
-5
-27
-4
5
41
37
33
42
14
-9
-8
-18
-25
-13
-18
-7
-7
18
22
27
21
24
10
14
27
34
27
7
3
-11
-4
-10
21
14
37
38
30
17
-4
-33
-51
-69
-88
-104
-95
-92
-91
-74
-60
-34
14
4
2
3
-5
-28
-24
-7
6
-16
-8
-11
-13
-15
-9
26
47
47
51
52
18
-1
-19
-23
-33
-32
-48
-50
-42
-21
7
0
-15
-19
-55
-69
-26
-34
-23
18
-7
8
6
-12
-2
-5
6
18
35
44
39
22
6
-9
-24
-23
-13
-19
2
11
8
30
57
47
51
62
48
47
30
27
0
-11
-11
-25
-15
-1
32
38
72
78
74
63
31
26
27
10
13
-5
-28
-31
-36
-34
-37
-33
-23
-5
9
7
11
18
19
4
4
-2
5
-17
-34
-37
-52
-57
-74
-55
-58
-56
-17
-15
-9
-10
-18
-36
-55
-57
-61
-38
-21
11
24
34
51
29
14
-13
-32
-25
-5
30
47
58
75
62
59
30
29
37
48
63
58
58
20
-15
-40
-40
-42
-1
41
53
65
66
82
66
76
81
68
60
21
19
-16
-27
-47
-25
0
23
34
39
-1
-12
-29
-54
-70
-57
-64
-69
-43
-63
-51
-64
-49
-50
-37
-12
0
6
6
0
-16
-43
-40
-33
-22
-20
4
-5
5
-19
-22
-55
-51
-63
-77
-65
-74
-59
-70
-60
-68
-67
-75
-65
-63
-34
-33
-1
8
11
21
9
21
17
21
27
37
47
53
62
81
85
84
102
91
85
91
76
79
52
44
37
47
39
65
89
72
88
62
54
32
14
3
-14
5
19
9
13
8
12
7
13
-3
-13
-21
-45
-33
-49
-39
-72
-68
-95
-95
-90
-99
-78
-76
-68
-74
-55
-57
-47
-32
-21
-46
-26
-31
-24
-21
-9
8
-3
38
15
23
17
32
43
51
76
68
78
43
35
9
-9
4
16
28
54
77
66
69
39
16
11
14
24
30
43
54
57
65
82
83
71
68
55
31
18
6
-16
-26
-40
-40
-34
-43
-30
-50
-47
-50
-45
-46
-60
-57
-94
-81
-102
-93
-67
-78
-42
-43
-25
-48
-51
-62
-53
-59
-49
-31
-30
-37
-39
-34
-15
-26
-18
-24
-31
-46
-63
-49
-36
-14
8
39
36
52
41
34
7
25
26
22
68
76
88
90
103
75
59
71
50
60
57
76
71
100
92
67
33
21
10
23
48
41
43
48
16
9
-1
7
26
25
49
38
43
27
27
34
7
4
-8
-40
-64
-96
-104
-99
-75
-55
-29
-16
-40
-48
-88
-100
-105
-104
-87
-103
-107
-97
-96
-104
-90
-66
-51
-21
1
13
-7
-22
-53
-84
-81
-77
-41
-4
18
27
15
19
10
-4
13
31
46
67
63
76
82
63
69
73
71
98
100
122
99
115
85
71
69
53
56
35
29
40
43
63
70
40
33
33
0
-2
-1
-4
-9
8
5
0
-10
-36
-49
-65
-46
-13
7
41
37
29
2
-45
-89
-76
-68
-81
-40
-33
-39
-36
-48
-61
-55
-32
-30
-5
9
25
29
31
21
10
2
9
5
14
30
43
57
37
51
48
43
67
41
62
60
29
7
12
-20
-17
-25
-43
-59
-46
-60
-68
-48
-72
-52
-52
-43
-49
-43
-46
-23
-11
-13
-15
-10
-16
-43
-61
-68
-72
-76
-71
-86
-90
-91
-104
-101
-76
-73
-66
-56
-47
-38
-22
-19
-13
-10
15
21
37
57
32
26
43
60
89
127
139
141
129
81
63
33
27
22
47
87
82
73
72
56
55
54
66
73
54
47
20
-4
-1
19
17
42
56
51
63
54
43
13
9
20
20
26
26
42
20
6
-10
-38
-45
-58
-73
-52
-50
-47
-21
-29
-35
-23
-18
-44
-50
-55
-64
-62
-60
-5
-24
-10
17
4
16
-6
-3
4
1
28
33
24
18
5
-27
-34
-31
-13
-11
-7
4
-40
-56
-77
-85
-68
-47
-10
16
28
21
17
-3
-20
-49
-34
-21
-10
11
3
7
-19
-12
-28
-29
-16
-23
-34
-26
-6
-2
28
19
21
-1
-25
-41
-74
-58
-56
-16
11
23
49
71
53
24
26
0
10
-7
13
9
-8
-6
-10
1
23
36
52
60
50
23
1
-13
-31
-34
-1
-20
28
53
41
46
37
35
18
26
15
26
29
37
44
34
25
9
2
1
11
6
16
19
23
28
37
33
42
40
32
4
-9
-34
-45
-41
-16
10
26
33
35
17
-1
1
-24
-20
-33
-21
-34
-42
-57
-49
-51
-33
-13
-6
2
-3
-21
-40
-49
-65
-29
-27
4
26
16
1
-35
-19
-31
-6
17
51
44
15
39
-9
-6
-31
-34
-23
0
-2
-2
-12
-24
-45
-31
-8
-1
36
41
40
27
7
13
3
12
21
44
42
65
46
54
49
10
-9
-22
-26
-55
-24
0
-3
-1
25
29
32
2
4
-44
-52
-42
-65
-59
-69
-49
-43
-31
-16
-11
-10
-1
-4
-1
-27
-23
-33
-41
-58
-44
-35
-60
-62
-67
-60
-70
-40
-37
-24
-18
9
6
5
12
2
2
-26
-9
-20
-2
10
39
51
84
110
95
110
98
84
73
50
45
45
49
66
86
97
104
89
56
29
3
0
34
38
53
60
39
-5
-15
-16
3
31
43
83
69
53
32
24
-11
-21
-28
-27
-34
-47
-24
-40
-10
-13
25
54
54
46
53
-22
-80
-126
-144
-157
-145
-91
-66
-37
-22
-11
-41
-32
-51
-34
-39
-51
-44
-60
-60
-68
-20
-43
-18
-11
-4
0
-10
-22
-3
-23
-10
-23
-13
-33
-44
-41
-75
-26
-20
91
35
79
99
0
14
27
-18
-19
-17
22
19
35
115
79
69
74
38
50
66
85
79
52
24
-7
-18
-54
-55
-40
-50
-1
12
-9
-40
-15
-43
-45
-11
-29
-4
-24
-19
-12
-13
-6
-20
-19
-7
-30
-5
8
-8
1
5
2
8
-4
0
-39
-44
-31
-20
18
43
70
41
46
20
-4
-26
-15
-7
23
33
37
47
47
42
61
78
92
104
91
72
35
18
-31
-35
-59
-40
-18
2
43
37
38
7
-15
-21
-15
-4
3
23
12
2
-13
-36
-47
-36
-59
-21
-25
5
10
23
21
22
-9
-29
-43
-61
-59
-40
0
7
8
8
-17
-43
-24
-43
-41
-59
-38
-52
-44
-25
-38
-4
5
26
39
58
44
19
1
-25
-29
-48
-66
-79
-44
-27
-6
24
30
38
19
24
22
10
21
15
-2
12
-20
-4
-23
-15
-10
-7
13
10
22
22
25
25
28
47
39
28
18
-1
-9
-46
-21
-10
6
40
43
61
34
25
0
-37
-26
-20
-5
25
21
32
48
26
47
35
18
22
5
-3
-19
-11
-6
1
-20
-18
-14
-25
-13
-25
-15
-27
-23
-35
-35
-40
-74
-50
-42
-55
-36
-11
-4
-17
-15
20
16
17
32
16
-4
-34
-42
-54
-40
-44
-29
1
17
45
81
87
76
74
56
35
23
35
10
2
35
29
24
28
28
32
47
61
81
69
70
54
40
10
-1
-19
-35
-50
-37
-41
-27
-3
-8
-2
-11
-9
-19
-13
-17
2
-6
-5
-13
-21
-12
-12
-20
3
11
28
32
29
25
-6
-10
-19
-33
-31
-13
-12
-15
-8
-4
-33
-44
-51
-49
-41
-36
-23
-27
-55
-52
-52
-38
-25
-19
-8
-6
0
-28
-28
-44
-76
-82
-72
-87
-83
-56
-44
-28
-12
-28
-28
-23
-34
-19
-22
-7
-8
-21
-62
-47
-46
-44
-14
8
38
51
84
84
102
83
67
50
44
44
36
66
68
91
73
93
102
99
112
117
141
126
114
102
71
44
37
50
53
57
76
81
77
62
69
61
73
70
49
31
19
9
-20
-17
-35
-27
-36
-50
-54
-55
-54
-75
-46
-48
-65
-71
-69
-94
-119
-119
-118
-137
-129
-115
-107
-83
-78
-57
-53
-63
-51
-51
-72
-82
-59
-36
-28
9
14
13
-19
-26
-23
-23
-14
-9
24
-1
0
-18
-32
-29
-31
5
36
70
83
94
66
67
22
31
14
4
29
11
31
7
8
29
43
46
61
64
58
39
34
15
-9
-18
-40
-50
-41
-30
-5
10
13
52
46
29
29
15
-17
-23
-13
-31
-4
6
1
21
26
22
21
36
27
48
32
29
32
2
2
-13
4
-22
10
-1
6
18
21
57
47
61
21
8
-11
-33
-39
-55
-47
-62
-67
-50
-17
-9
2
36
37
30
25
-5
-45
-58
-86
-81
-66
-50
-42
-24
-16
-1
9
2
0
7
25
6
9
12
-4
-10
-14
5
-2
12
12
3
0
3
-12
-5
-26
-25
-29
-33
2
-10
20
36
38
35
53
46
46
22
-2
5
-13
-5
-9
-3
-8
7
20
6
9
17
2
6
13
2
0
-24
-27
-46
-26
-35
-8
-5
2
36
32
56
46
44
43
57
32
53
49
41
1
3
28
-5
39
53
49
11
16
18
6
-4
-5
-5
-49
-37
-37
-30
-13
-1
8
12
4
-11
13
-10
-7
-6
-11
-5
-27
-50
-71
-88
-86
-72
-62
-35
-47
-47
-65
-88
-119
-139
-126
-102
-84
-75
-31
-47
-44
-67
-51
-23
-31
18
17
33
42
40
19
17
21
43
45
71
70
68
79
81
115
84
85
83
70
46
50
53
55
67
62
87
98
104
110
105
95
74
73
34
34
5
16
11
11
30
4
-9
-46
-43
-79
-78
-51
-26
-14
-29
-25
-46
-61
-74
-73
-65
-48
-68
-40
-37
-39
-19
-26
-11
-36
-29
-38
-41
-19
-28
5
7
20
14
-21
-14
-33
-26
-18
15
24
31
25
8
2
-16
-4
6
17
47
54
59
56
46
19
12
18
22
22
37
58
49
31
14
-14
-32
-30
-36
-41
-9
-29
-36
-36
-44
-49
-54
-50
-42
-46
-39
-45
-41
-41
-46
-26
-8
-19
-8
-8
-20
-24
-20
-25
-22
-30
-29
-23
2
-15
-4
-3
1
-1
-31
-27
-33
-23
-21
16
20
40
34
42
36
16
33
18
22
32
66
59
79
55
51
44
41
51
36
28
8
6
-2
-19
-32
4
10
37
44
62
56
33
25
17
9
-22
3
-5
11
50
50
75
57
29
11
1
2
-5
-9
-2
1
-9
-19
-1
-15
-29
1
-3
12
-7
7
-2
0
-7
21
18
11
14
-3
-12
-9
-8
-28
-37
-38
-36
-28
-27
-39
-46
-62
-70
-71
-76
-77
-65
-88
-51
-61
-47
-10
-16
-16
-26
-34
-21
-1
5
-5
22
23
12
18
14
-8
-15
-5
-6
3
36
56
64
76
61
64
36
40
13
-5
1
-15
-7
1
22
11
31
48
31
17
24
-17
-19
-18
-31
-11
-9
7
15
-10
-17
-24
-48
-61
-44
-56
-34
-43
-36
-33
-31
-20
-26
6
1
3
11
11
20
8
14
3
-6
9
-6
15
4
8
15
-10
13
22
37
57
73
53
65
49
53
50
22
5
7
3
21
29
9
41
23
52
39
45
71
23
47
28
10
-9
-6
-17
9
11
19
30
10
17
-16
-19
-45
-49
-48
-47
-42
-38
-19
-30
-37
-46
-42
-36
-35
-36
-45
-45
-48
-46
-35
-1
16
21
47
9
13
-2
-28
-23
-7
-23
-10
-24
-7
-11
-22
-18
-29
-26
-37
-3
-20
-10
-13
-17
-25
-28
-24
-16
-14
-13
-28
-27
-15
3
12
-9
4
0
-8
-16
-13
-9
11
33
29
43
-4
-4
-12
-7
18
44
91
60
93
67
53
56
63
62
65
72
91
62
63
37
42
34
32
83
55
67
64
35
32
20
-27
-15
-48
-65
-72
-67
-55
-43
-20
-17
-8
-9
5
-5
-17
-33
-28
-50
-63
-46
-31
-34
-70
-55
-74
-53
-6
-2
36
26
-27
-28
-61
-81
-77
-45
-20
6
23
-14
-19
-77
-76
-98
-79
-26
-19
-2
-15
-29
-68
-86
-76
-86
-76
-50
-34
-48
-51
-31
-42
-25
-27
-50
-62
-87
-103
-70
-41
-6
42
54
72
32
38
54
40
65
91
105
121
151
154
150
133
114
127
134
170
185
220
199
170
124
115
122
133
212
230
247
244
220
188
144
175
192
164
237
231
196
159
137
55
21
17
-6
7
7
-1
-41
-64
-58
-101
-108
-115
-131
-165
-191
-225
-287
-322
-324
-337
-311
-289
-297
-293
-336
-360
-383
-384
-379
-383
-355
-365
-372
-371
-367
-387
-385
-343
-315
-292
-306
-296
-295
-294
-277
-224
-174
-133
-72
-44
-23
-23
6
20
61
102
169
197
241
243
226
229
236
284
328
384
420
465
467
425
408
404
392
408
446
474
484
473
437
427
399
395
412
446
484
493
497
486
476
446
430
428
395
397
400
377
345
304
266
222
181
170
131
114
70
26
-53
-81
-130
-169
-193
-220
-272
-336
-365
-436
-472
-526
-553
-584
-610
-638
-654
-696
-710
-771
-781
-800
-832
-789
-803
-776
-755
-724
-715
-745
-738
-771
-779
-729
-684
-644
-587
-524
-475
-413
-364
-279
-247
-215
-167
-143
-104
-61
2
53
110
172
216
269
338
400
464
552
611
633
652
654
687
669
717
757
766
768
732
725
746
836
922
1015
1022
966
882
834
811
817
865
877
888
844
824
807
745
696
654
557
535
544
526
486
411
303
182
83
2
-8
-23
-45
-107
-202
-305
-424
-533
-615
-680
-740
-770
-804
-845
-904
-945
-1003
-1059
-1085
-1078
-1075
-1083
-1068
-1076
-1083
-1095
-1092
-1084
-1083
-1053
-985
-900
-864
-809
-762
-733
-703
-672
-616
-570
-521
-474
-399
-344
-269
-209
-174
-150
-122
-37
25
125
203
247
274
285
331
353
415
476
547
603
661
698
754
778
814
821
840
836
840
825
807
823
847
883
857
825
716
664
645
712
797
856
875
770
644
538
482
487
527
577
600
570
548
519
468
438
378
376
380
403
453
469
423
292
187
90
58
17
37
23
-51
-132
-236
-307
-402
-465
-521
-570
-618
-654
-714
-771
-869
-922
-978
-965
-954
-978
-1010
-1061
-1102
-1164
-1177
-1178
-1136
-1094
-1057
-1012
-993
-982
-987
-981
-977
-936
-894
-824
-775
-749
-718
-675
-615
-531
-430
-329
-246
-185
-105
-42
38
92
154
238
332
445
524
635
672
724
761
801
870
893
958
979
1040
1060
1095
1111
1104
1079
1085
1063
1054
1032
1009
947
879
853
832
875
877
904
854
759
643
506
492
454
481
507
529
504
421
368
269
215
135
72
70
98
71
79
16
-66
-178
-260
-268
-296
-289
-291
-306
-391
-477
-592
-653
-708
-736
-728
-739
-733
-787
-824
-891
-925
-932
-918
-871
-850
-853
-890
-913
-976
-1017
-991
-934
-883
-838
-763
-720
-732
-734
-732
-717
-656
-573
-470
-412
-358
-371
-388
-360
-331
-244
-154
-31
38
137
195
233
231
257
290
357
498
594
698
744
769
758
750
789
842
886
931
972
975
978
960
943
919
916
937
963
968
926
872
750
607
450
352
356
422
514
554
493
340
154
-27
-73
-37
64
181
218
193
111
10
-102
-170
-184
-187
-96
-3
74
64
29
-76
-199
-245
-236
-165
-89
-39
-96
-175
-288
-411
-461
-478
-479
-453
-401
-366
-419
-458
-516
-576
-624
-626
-590
-592
-576
-624
-646
-691
-718
-715
-702
-643
-584
-516
-463
-448
-514
-607
-657
-678
-641
-540
-440
-364
-329
-357
-346
-347
-342
-262
-155
-61
0
51
80
95
90
115
225
307
417
489
506
501
455
454
495
548
609
668
679
644
612
542
520
552
607
679
732
794
773
682
597
453
350
212
187
206
339
498
603
648
481
303
87
6
45
177
376
471
512
404
275
146
18
-3
29
187
336
445
482
413
281
75
-14
-28
28
115
174
193
90
-38
-208
-325
-354
-379
-321
-301
-315
-393
-505
-620
-735
-767
-766
-717
-687
-679
-703
-729
-770
-804
-831
-831
-822
-816
-749
-735
-732
-774
-797
-782
-718
-628
-546
-449
-367
-372
-370
-390
-396
-349
-270
-198
-126
-68
-57
15
27
90
143
273
379
443
481
475
473
488
496
517
598
603
652
608
580
532
469
454
472
485
542
600
611
605
542
553
495
476
297
139
13
-22
129
291
532
566
446
226
2
-64
-61
146
357
524
572
552
470
327
183
79
93
217
391
561
670
644
478
254
128
84
135
236
385
405
308
187
40
-72
-160
-136
-132
-82
-105
-201
-344
-508
-627
-697
-682
-592
-577
-604
-634
-711
-801
-884
-885
-890
-900
-859
-823
-830
-856
-907
-944
-955
-882
-813
-711
-625
-615
-629
-692
-707
-687
-632
-450
-317
-210
-186
-183
-121
-156
-141
-112
-25
110
162
269
382
376
418
467
471
459
504
597
591
609
586
524
471
515
531
613
707
754
721
663
659
620
549
360
189
65
147
315
621
865
864
689
391
180
71
159
456
705
849
857
761
629
427
245
145
237
404
617
859
1030
935
625
362
165
93
150
336
424
343
163
-61
-258
-370
-425
-382
-286
-219
-234
-331
-462
-663
-848
-960
-886
-808
-760
-772
-823
-931
-1080
-1133
-1128
-1096
-1043
-947
-850
-829
-853
-964
-1081
-1086
-1067
-929
-715
-569
-548
-561
-630
-666
-695
-596
-474
-374
-241
-217
-177
-181
-142
-89
-39
53
173
295
411
474
441
425
445
505
515
536
537
503
471
475
501
561
635
717
816
846
831
732
607
482
343
256
196
196
309
362
560
655
700
612
386
300
215
305
490
729
860
846
754
579
458
379
408
543
739
914
1014
1110
1042
911
672
510
452
470
609
701
722
563
215
-221
-558
-784
-759
-604
-247
-47
-15
-191
-443
-724
-1018
-1019
-910
-766
-694
-638
-730
-974
-1156
-1368
-1452
-1406
-1234
-1042
-876
-740
-839
-1016
-1070
-1034
-945
-768
-524
-461
-531
-680
-806
-967
-1039
-929
-753
-519
-375
-276
-253
-356
-422
-434
-379
-232
12
228
328
380
320
150
12
53
107
228
495
620
681
692
691
658
622
664
700
824
884
916
610
249
-47
-262
-65
155
719
1042
1094
983
539
390
161
191
358
600
865
954
1030
981
796
507
333
432
662
1020
1440
1736
1725
1400
1147
906
846
833
984
1092
1141
1081
815
647
327
72
-133
-162
-23
22
42
-33
-247
-594
-858
-937
-943
-930
-928
-921
-1064
-1275
-1503
-1632
-1639
-1602
-1463
-1289
-1161
-1195
-1340
-1493
-1602
-1692
-1676
-1477
-1270
-1211
-1207
-1211
-1294
-1350
-1270
-1020
-787
-560
-394
-335
-397
-580
-645
-695
-480
-180
149
389
510
423
143
60
47
126
361
601
752
808
801
699
627
622
642
715
901
1070
1036
1112
1081
894
748
681
399
55
-100
-135
152
509
985
1199
1108
679
181
-40
-130
103
426
781
973
1013
940
759
588
244
50
192
564
1009
1460
1838
1709
1337
975
800
836
1013
1339
1509
1542
1345
1002
620
239
-51
-204
-133
42
93
27
-229
-558
-918
-1110
-998
-856
-684
-630
-560
-732
-1038
-1249
-1510
-1649
-1695
-1559
-1376
-1235
-1232
-1447
-1697
-1881
-1918
-1775
-1436
-1124
-1004
-963
-999
-1160
-1262
-1249
-1223
-1091
-924
-707
-546
-522
-617
-797
-914
-919
-752
-518
-168
63
205
219
165
170
148
269
417
528
627
700
684
639
612
598
654
828
1035
1224
1384
1514
1459
1196
867
197
-184
-413
-84
525
1169
1866
1835
1509
691
81
-169
-133
349
901
1367
1560
1489
1158
720
238
-130
-115
269
913
1578
2014
2077
1573
968
519
384
631
1079
1593
1821
1780
1331
742
183
-361
-619
-623
-391
-100
49
77
-142
-530
-914
-1185
-1252
-1213
-1103
-964
-935
-1057
-1353
-1641
-1887
-1983
-1948
-1710
-1368
-1209
-1196
-1355
-1611
-1849
-1921
-1803
-1568
-1278
-1046
-968
-1009
-961
-1100
-1236
-1121
-958
-754
-575
-316
-321
-458
-636
-809
-752
-657
-271
181
415
527
499
374
252
192
263
339
590
896
985
1145
1216
1114
945
906
903
907
1106
1348
1527
1548
1508
974
183
-374
-801
-415
247
1092
1883
1867
1503
462
-323
-746
-854
-243
373
1055
1516
1572
1202
666
35
-639
-655
17
1062
2016
2655
2585
1724
631
-155
-307
108
981
1783
2261
2268
1679
915
34
-823
-1226
-1175
-506
229
695
765
188
-603
-1555
-2059
-1949
-1450
-782
-319
-5
-152
-563
-1158
-1708
-1948
-1838
-1285
-622
-339
-510
-1060
-1792
-2325
-2398
-2058
-1485
-954
-787
-962
-1159
-1398
-1748
-1770
-1529
-1009
-445
-29
117
-214
-749
-1352
-1573
-1209
-547
40
413
433
85
-252
-381
-385
-120
208
591
896
1132
1153
1078
1072
934
1128
1235
1562
1745
2073
1820
996
-793
-2905
-3546
-3180
-942
1174
3187
3898
2430
461
-1653
-1998
-1222
403
2504
3856
4486
3811
2548
1080
-211
-700
-197
1576
3512
4521
4567
3519
1486
-545
-1363
-684
577
1697
2480
2129
857
-982
-2535
-3148
-3068
-2430
-2007
-1491
-1590
-2251
-2698
-2671
-1561
-631
474
1449
1611
1043
180
131
152
164
616
1199
1158
313
-474
-1389
-2343
-2691
-2415
-1709
-921
-561
-929
-1704
-2451
-3050
-3245
-2495
-1438
-834
-696
-660
-1013
-1758
-2044
-1663
-960
-309
482
1029
880
368
-51
-99
77
612
1161
1416
1487
1097
588
117
118
15
112
503
889
1182
1051
1102
948
1012
517
-81
-2209
-4361
-5203
-4727
-2003
301
3103
4089
2648
563
-1501
-1387
-439
1547
4052
5598
6078
5086
3642
1856
175
-634
-183
1735
3712
4472
4240
2846
360
-1988
-2881
-1772
-384
653
1430
1070
-251
-2191
-3238
-3292
-2576
-1315
-226
513
-290
-1429
-2139
-1779
10
1725
3460
4052
3254
1500
-224
-731
-727
-332
274
742
415
-760
-2068
-3299
-4308
-4680
-4078
-2685
-1398
-926
-1121
-1970
-2987
-3578
-3211
-1914
-590
404
809
641
85
-543
-779
-363
425
1136
1735
2026
1639
772
-82
-445
-186
106
520
712
532
-91
-593
-790
-679
-591
-485
-127
36
363
371
727
1057
1316
1219
319
-2122
-4450
-5433
-4705
-1812
1076
4139
4989
3360
966
-1355
-1494
-417
1637
4241
5827
6196
5096
3296
1237
-626
-1392
-751
1270
3251
4050
3656
1988
-523
-2603
-3110
-1797
-141
1185
1838
1277
-103
-1955
-2946
-2674
-1543
271
1597
1955
1156
-578
-1864
-2048
-690
1234
2712
3350
2617
905
-899
-1920
-1810
-1444
-865
-192
-202
-1052
-2391
-3441
-4331
-4657
-3903
-2498
-1313
-847
-973
-1771
-2619
-2837
-2349
-1191
182
1225
1471
1120
735
325
27
526
1333
1731
1774
1424
804
-212
-923
-823
-406
18
416
479
233
-306
-719
-803
-688
-290
62
257
635
782
766
822
1096
1774
1462
599
-2098
-4835
-6022
-5542
-2347
706
3903
4993
3041
380
-2062
-2118
-818
1418
4374
6040
6193
4866
2752
542
-1250
-1715
-627
1636
3762
4396
3613
1634
-984
-2971
-3271
-1591
250
1595
2081
1490
93
-1925
-2669
-2065
-764
1046
2123
2495
1402
-433
-1408
-1319
255
1723
2718
2915
1820
145
-1421
-1767
-1473
-1319
-889
-530
-838
-1877
-2895
-3522
-4050
-4068
-3271
-2055
-1186
-1058
-1435
-2108
-2460
-2351
-1733
-497
519
954
811
617
509
249
359
830
1250
1273
791
450
-318
-1033
-1244
-1059
-430
-290
-186
-455
-718
-887
-959
-566
-54
387
397
716
1014
1153
1366
1363
1921
2349
1972
1000
-2445
-5295
-6666
-5795
-2141
1174
4845
5642
3201
49
-2652
-2513
-957
1713
4963
6598
6596
4960
2506
156
-1720
-2129
-772
1825
4048
4485
3403
1109
-1820
-3999
-3926
-1772
412
1898
2317
1750
-52
-2232
-2840
-2157
-488
1083
2608
3038
1700
-127
-1551
-1115
266
1904
3372
3465
2192
-176
-1933
-2462
-2304
-1609
-722
-157
-562
-1774
-2995
-3785
-4233
-4148
-3177
-1725
-922
-1006
-1487
-2067
-2516
-2544
-1672
-363
557
665
410
188
-196
-248
64
767
1261
1232
931
485
-153
-978
-1305
-1149
-545
-471
-480
-433
-643
-854
-883
-114
481
857
1056
1044
1092
1002
1032
1496
1870
2635
2554
1685
-1055
-4755
-6394
-6308
-3045
704
4116
6169
4302
990
-2223
-2944
-1323
1023
4498
6896
7176
5678
2922
382
-1546
-2353
-1365
1019
3405
4030
3025
1065
-1673
-4062
-4613
-2760
-369
1254
1835
1413
-78
-2322
-3271
-2538
-697
1248
2680
3386
2699
959
-513
-1012
-139
866
1517
2088
1558
209
-1230
-1788
-1552
-1657
-1287
-780
-989
-1860
-2918
-3294
-3663
-3684
-2920
-1892
-1280
-1248
-1560
-1976
-2157
-1856
-1230
-261
681
900
691
509
683
707
854
1490
1703
1395
688
180
-249
-1291
-1517
-1524
-1509
-1335
-1568
-1082
-1109
-910
-533
-347
293
305
352
407
550
1128
1416
1999
2503
3014
2820
1893
-678
-4528
-6403
-6555
-3435
323
3825
6473
4814
1623
-1741
-2864
-1301
985
4577
7087
7421
6042
3134
567
-1362
-2320
-1369
788
3299
4202
3248
1388
-1282
-3769
-4650
-3062
-554
1256
1908
1572
256
-1922
-3025
-2486
-602
1267
2600
3460
2412
333
-1671
-2202
-886
726
2398
3135
2314
53
-2313
-3292
-3148
-2379
-1245
-481
-780
-1958
-3278
-4053
-4247
-3918
-3108
-1906
-944
-744
-1080
-1523
-1851
-2011
-1479
-236
910
1291
1085
862
535
222
372
1005
1416
1199
761
385
-225
-1032
-1454
-1548
-1249
-1199
-937
-696
-754
-712
-815
-182
464
1048
1414
1349
1696
1964
2040
2500
2748
3114
2586
1475
-1321
-5058
-6756
-6641
-3409
76
3685
6045
4291
1006
-2352
-2963
-1427
1097
4860
7147
7366
5733
2894
409
-1472
-2102
-1164
996
3314
3928
2884
934
-1606
-3922
-4597
-2800
-202
1478
1951
1602
193
-1946
-2997
-2314
-590
1039
2563
3093
2200
220
-1599
-1799
-904
866
2383
2902
2078
-240
-2388
-3552
-3391
-2551
-1495
-541
-694
-1780
-3040
-3780
-4052
-3869
-2999
-1662
-757
-534
-735
-1106
-1422
-1460
-944
147
989
1150
894
579
340
233
566
1269
1744
1467
796
259
-442
-1099
-1500
-1441
-1166
-1180
-1107
-1090
-1010
-1035
-804
-151
768
1611
1906
1936
1702
1556
1428
1702
2388
3071
2856
1756
-1895
-5928
-7872
-7524
-3675
224
4470
6507
4157
477
-3095
-3572
-1904
1145
5404
7762
7951
6144
2968
121
-1978
-2656
-1388
1229
3847
4502
3174
852
-2248
-4823
-5183
-2972
112
1970
2457
1892
-29
-2436
-3407
-2345
-66
2015
3504
3995
2361
110
-1625
-1981
-445
1161
2697
3055
1714
-403
-2663
-3384
-3068
-2272
-1022
-312
-502
-1618
-3050
-3859
-4127
-3799
-2830
-1423
-379
-449
-1072
-1605
-1964
-1909
-1157
77
1004
914
514
96
-194
-14
422
1286
1750
1506
878
29
-748
-1514
-1940
-1819
-1358
-1192
-1140
-1103
-884
-656
-451
392
917
1738
2037
2039
2200
2037
2086
2150
2734
2552
1655
-2207
-5985
-7611
-7567
-3639
110
4587
6608
3943
599
-2903
-3093
-1260
1623
6024
8181
7944
5856
2776
254
-1988
-2910
-1520
1146
3475
4080
3064
1022
-2292
-5226
-5384
-3212
-325
1448
2032
1773
-247
-2372
-2985
-1694
447
1773
3116
3774
2873
1198
-467
-455
243
724
1671
2123
1440
-622
-2473
-2892
-2849
-2390
-1548
-684
-644
-1868
-2992
-3470
-3351
-2878
-2317
-1309
-422
-700
-1501
-1947
-1916
-1670
-1265
-126
937
1001
420
26
17
97
528
1359
1973
1705
805
-418
-1128
-1599
-1954
-1649
-1303
-993
-1291
-1707
-1425
-1136
-569
278
1241
2121
1975
1882
1775
1546
1832
2130
2862
2769
1017
-3392
-7033
-8413
-7208
-2941
1176
5732
6584
3426
-380
-3358
-2726
-808
2645
6837
8524
7934
5319
2345
-166
-2377
-2985
-1295
1630
3858
4036
2884
628
-2948
-5545
-5432
-2847
145
1738
2444
1863
-250
-2379
-2734
-1044
1281
2656
3175
2981
1391
-291
-893
349
2350
3085
3261
2499
457
-2138
-3932
-3730
-2837
-1860
-796
-307
-887
-2537
-3963
-4537
-4169
-2900
-1461
-131
640
277
-1017
-2197
-2522
-2081
-1207
71
1136
1206
455
-457
-880
-924
-144
1267
2187
2191
1214
-179
-1606
-2301
-2002
-1375
-660
-442
-700
-1346
-1988
-1590
-857
113
1269
2164
2857
2744
2648
2318
2071
2359
1913
633
-3823
-6896
-7935
-6892
-2598
1168
5928
6462
3110
-324
-3153
-2353
-263
3349
7321
8571
7616
5030
2140
-75
-1967
-2814
-1326
1211
3035
3328
2533
815
-2763
-5482
-5225
-2995
-455
1018
2046
1830
-426
-2271
-2259
-655
1099
2060
3320
3448
2160
698
-247
367
805
785
1299
1339
232
-1660
-2881
-2971
-3255
-3163
-2050
-954
-726
-1448
-2050
-2251
-2576
-2597
-1910
-771
-113
-468
-871
-1164
-1694
-2074
-1735
-561
320
461
670
966
777
63
70
678
834
874
586
275
-366
-1419
-1762
-1488
-1057
-793
-790
-527
-288
-332
2
670
1760
2312
2600
2934
2868
2737
1927
1326
-611
-5051
-7813
-8585
-6177
-1936
1925
6251
6363
3042
-1057
-3599
-2411
-193
3801
7981
9178
7867
4546
1250
-768
-2307
-2404
-505
1907
3399
2847
1536
-302
-3351
-5457
-5138
-2635
-81
881
1479
909
-1111
-2868
-2663
-417
1902
3518
4021
3591
1297
-1352
-2317
-1469
1057
2836
3936
3573
998
-2219
-4893
-5243
-4157
-2643
-798
194
-127
-1389
-2695
-3258
-3072
-2305
-1136
-71
640
641
-158
-1052
-1559
-1719
-1503
-771
145
536
298
-16
41
141
380
861
1087
1081
567
-376
-1017
-1388
-1360
-1042
-495
398
646
498
177
-108
-23
215
1227
2729
3450
3317
2402
1864
1128
276
-1660
-5750
-7608
-8629
-6492
-2110
1730
6347
5923
2765
-738
-2950
-1694
307
4319
8118
8863
7340
4374
1734
-254
-2159
-2295
-498
1526
2691
2124
1238
-606
-3925
-5692
-4863
-2225
-155
579
1369
835
-1072
-2528
-1986
223
1385
2441
3947
4416
3104
813
-129
-122
78
759
2258
2884
1236
-1450
-3577
-4645
-5089
-4288
-2661
-1373
-1125
-1791
-2338
-2429
-2213
-1879
-1094
-2
486
286
109
94
-583
-1583
-1858
-1364
-1026
-928
-350
107
127
132
497
801
540
181
-221
-839
-1170
-1228
-927
-533
-361
-19
45
192
642
905
1504
2086
2837
3321
3262
3222
2812
2106
793
-2355
-6785
-9037
-9149
-5857
-1350
3054
7007
5672
2004
-1671
-3049
-1380
1086
5699
9244
9584
7613
4191
1213
-1204
-2682
-2067
65
2385
3375
2658
1310
-1281
-4546
-6023
-4978
-2140
-95
761
1186
20
-2121
-3403
-2472
-802
826
2558
4024
4444
2962
1410
348
-75
285
1222
2326
2068
582
-1888
-4061
-5043
-5122
-4483
-3608
-2599
-2329
-2642
-2598
-2226
-1858
-1677
-1108
-166
268
500
833
739
287
-287
-662
-953
-1066
-804
-554
-374
-157
172
457
335
107
-354
-937
-1179
-1359
-1246
-1001
-576
-235
-53
347
967
1443
1583
1953
2433
3062
3518
4092
4339
3382
1366
-3242
-7803
-9744
-9391
-5044
-256
4493
7175
4634
619
-3306
-3964
-1650
1923
7099
10228
10083
7470
3448
187
-1948
-2765
-1170
1494
3681
4193
2827
818
-2259
-5110
-5666
-3872
-778
1186
1759
1202
-1051
-3574
-4423
-2617
-1
1785
3256
3227
2232
671
-40
935
1588
2336
2548
2003
503
-1875
-3223
-3883
-4081
-3473
-2750
-2431
-2980
-4153
-4784
-4714
-3795
-2217
-810
354
496
-399
-1240
-1461
-1080
-483
400
1276
1288
165
-1025
-1441
-1434
-800
246
1418
1561
444
-902
-2510
-3090
-2745
-1778
-185
815
1392
1130
391
351
704
1419
2528
3725
4708
4916
4818
4332
2819
-1663
-6534
-9057
-9448
-5860
-1619
3664
7065
5097
1311
-3043
-3946
-2250
739
5899
9575
10289
8170
4468
1468
-1100
-3139
-2434
371
3202
4197
3401
2232
-798
-4468
-5951
-4404
-1066
748
1619
1807
-25
-3027
-4803
-3697
-735
1014
2366
3719
3021
1640
-91
383
1892
2086
2589
2252
1496
-700
-3229
-4005
-4342
-4080
-3352
-2633
-2239
-2907
-4080
-4610
-4266
-3081
-1813
-497
817
644
-521
-1817
-2426
-2049
-1584
-213
1004
1015
261
-1051
-1716
-1598
-522
1068
1783
1547
63
-1935
-3517
-3889
-2737
-1411
326
1526
1748
1295
537
475
895
2096
3664
4959
5431
5030
3787
634
-4689
-7904
-8650
-6508
-2027
2149
6636
6552
2635
-1549
-4100
-2865
-345
4030
8751
10322
8801
5161
1805
-294
-2125
-2260
-82
2351
3572
2891
1876
636
-2254
-4275
-3687
-1271
730
1238
1741
1192
-1297
-3804
-3933
-1729
480
1885
2699
2494
527
-1761
-2032
-130
2212
3380
3552
2665
264
-2695
-4313
-3847
-2741
-2346
-2057
-1706
-2253
-3648
-4649
-4584
-3938
-3486
-2784
-1411
-451
-535
-1043
-1268
-1148
-1168
-995
-73
719
501
-200
-514
-389
-516
-593
-70
394
-210
-1372
-2217
-2334
-2260
-1970
-752
785
1810
1680
1650
1661
1621
1345
1870
3045
3999
4794
4291
3255
-2291
-7204
-9704
-9388
-4059
314
6713
9019
5859
1156
-4091
-4395
-2709
1235
6920
10442
10643
7840
3815
512
-2256
-4126
-2385
550
3400
4225
3091
1715
-2464
-5759
-6264
-3798
221
2225
3747
3640
932
-2515
-4185
-2678
-30
2335
3940
3658
1452
-2019
-4012
-2716
69
3046
4699
4362
2075
-1893
-4943
-5607
-4300
-2330
-728
564
380
-1501
-3523
-4883
-5124
-4508
-3065
-1055
79
10
-958
-2405
-3125
-2722
-1288
442
1719
1985
822
-808
-1853
-1903
-1079
200
1384
1610
273
-1749
-3395
-4031
-3578
-2043
-26
1866
2861
2559
1942
1069
891
865
1858
3259
4833
5272
4298
1326
-4684
-8250
-10484
-7982
-2803
2164
7775
7441
4093
-1024
-4530
-3925
-1706
3462
8495
10681
9681
6378
2488
-584
-3135
-3385
-1009
1463
3569
3394
2528
316
-3870
-5925
-5716
-2912
138
2016
3614
2830
-157
-3016
-3469
-1523
774
3299
5028
4672
1946
-2020
-3510
-2751
-652
2281
4393
5091
2627
-1272
-4156
-5344
-4784
-3564
-1644
193
84
-1108
-2078
-2903
-3157
-3209
-2386
-1122
-632
-593
-1135
-1642
-1941
-1895
-924
338
1278
1245
356
-537
-1233
-1594
-1082
-112
449
-21
-1227
-2455
-3412
-3634
-3031
-1427
247
1498
2133
2164
1961
1897
1832
2076
2629
3391
3834
3599
1923
-3054
-6466
-9192
-8424
-4312
-310
5792
6994
4738
709
-3194
-3149
-2077
2045
6990
9536
9540
7085
3793
1058
-1958
-3347
-2031
-132
2303
2924
2984
2143
-1595
-4351
-5491
-3801
-1201
606
2905
3475
1664
-1350
-2863
-2274
-599
1224
3872
4506
1741
-1068
-4018
-3437
-1370
1489
5098
5362
3908
40
-3455
-4975
-5079
-3096
-1253
159
780
-236
-1965
-3219
-4115
-4123
-3463
-1738
127
640
743
-366
-1767
-2443
-2041
-277
1174
2451
2562
1207
-454
-1870
-2060
-1457
-628
301
54
-1246
-2597
-3999
-4183
-3271
-1179
1348
2805
3693
3304
2473
1454
947
1262
2601
3739
4322
2314
-3046
-6368
-9683
-8544
-4674
48
6554
6978
4727
318
-3482
-3857
-2948
1655
6704
9241
9325
7175
3832
954
-2456
-3712
-2172
-127
2656
3272
3554
2068
-2207
-5190
-6171
-3872
-1260
1200
3753
4122
1874
-1229
-2546
-2006
-536
1422
3720
3534
1548
-1488
-3612
-2996
-1428
1763
3763
4260
2895
-275
-2601
-4041
-3375
-2088
-956
226
377
-561
-1728
-2790
-3467
-3618
-3256
-1677
-617
117
404
-700
-1664
-2190
-1290
83
1412
2723
2572
1221
-711
-1845
-2172
-1719
-472
601
714
-482
-2076
-3566
-4069
-3382
-1423
933
2780
3861
3625
2513
1333
350
637
1670
3031
2920
-1331
-4310
-7491
-8035
-5046
-1439
5294
7304
5579
2208
-1998
-3098
-3312
-123
4767
7770
8476
7119
4412
1842
-1563
-3886
-3013
-1245
1677
3197
4182
3916
-139
-3652
-6018
-5191
-2798
-580
2756
4115
2869
174
-1834
-1805
-978
634
2392
3031
2316
101
-1654
-1786
-1120
410
1671
2165
1727
-144
-1852
-2833
-2934
-2300
-1628
-451
-68
-623
-1368
-2186
-2647
-2886
-2342
-1367
-432
25
-171
-777
-1686
-2167
-1705
-492
975
2301
2514
1819
441
-1059
-1960
-2047
-1138
138
1011
753
-126
-1598
-2742
-3052
-2410
-597
1414
3171
4142
3852
2982
1325
375
215
852
1025
-2494
-4527
-6877
-6881
-3946
-850
5460
7428
5839
2289
-1768
-2797
-3031
-18
4684
7721
8252
6615
3734
1332
-2009
-4351
-3676
-2125
890
2478
3902
4273
516
-3229
-5874
-5441
-3373
-1027
2609
4641
3717
737
-1489
-2093
-1847
-790
1531
3401
2989
1252
-1097
-1883
-2040
-1426
641
2266
2958
1462
-415
-1882
-3005
-3413
-3044
-1560
-377
-190
-660
-1171
-2065
-2932
-3384
-2625
-1206
-329
601
598
98
-977
-1729
-1230
-272
1297
2318
2390
1748
155
-1378
-2249
-2339
-1214
53
763
848
-23
-1122
-2044
-2084
-1178
656
2751
3957
4248
3498
1986
1127
31
495
-314
-3679
-5017
-7094
-5726
-2845
644
6446
7246
5707
1935
-1503
-2190
-2396
734
4926
7272
7815
6305
3889
1719
-2047
-4278
-4289
-3121
-209
1705
4294
4686
1314
-2435
-5972
-6189
-4955
-2488
1840
4239
4186
2003
-611
-1622
-2320
-1616
159
1540
1973
842
-377
-1083
-1441
-1129
-446
468
1080
482
-394
-1198
-1818
-2115
-2532
-1945
-1375
-1192
-1111
-1497
-1712
-2355
-2695
-2388
-1591
-514
212
480
90
-548
-877
-830
-274
878
1706
1817
1425
598
-178
-959
-1265
-776
58
794
1086
945
378
-134
-661
-444
462
2154
3430
3970
3905
3071
2103
710
-622
-4069
-6118
-7261
-6361
-2512
802
6188
7927
6113
2718
-1678
-2747
-3049
-326
4277
7329
8160
6765
4000
1363
-1809
-4199
-3963
-3090
-815
1032
3052
4386
2064
-841
-4267
-5833
-5553
-4276
-614
2466
3463
2270
455
-1141
-2273
-2478
-1251
229
669
865
542
717
445
42
87
-391
-615
-912
-828
-599
-831
-1240
-1914
-2427
-2563
-2436
-2012
-1400
-1333
-1663
-2121
-2153
-1871
-1305
-203
568
818
223
-444
-732
-1043
-665
84
846
1173
975
600
-21
-646
-1175
-1071
-403
453
1036
1421
1625
1480
1221
965
1624
2328
2940
3179
3600
3146
2200
-208
-4550
-6862
-8836
-7127
-2850
1912
7939
9202
7429
3145
-1232
-2964
-3301
-111
4415
7523
8380
7125
4520
1805
-2083
-4434
-4780
-4163
-1689
518
3812
5172
3040
-72
-4042
-5926
-6535
-5043
-1203
1871
3087
2254
571
-717
-2232
-2702
-1788
-1649
-1013
-878
-214
1410
2025
2713
1747
85
-1695
-3431
-3080
-2150
-609
389
-170
-836
-2182
-3493
-3703
-3474
-2627
-2012
-1620
-795
-534
-257
-226
-507
-442
-678
-587
-160
339
688
371
-66
-270
-502
-568
-194
495
720
250
11
-81
-95
-17
398
1579
2166
2586
2780
3058
3104
2918
2827
2632
1957
-1854
-5179
-7707
-8191
-5410
-1729
4718
8904
9064
6252
1488
-1506
-3502
-2548
1537
5926
8484
8760
6887
4476
738
-3011
-4628
-5069
-3361
-1250
1991
5332
5360
3396
-625
-4250
-6482
-6987
-4252
-346
2529
3278
2241
318
-1851
-3558
-4064
-3620
-2713
-1451
140
2179
3614
4209
3224
866
-1769
-4071
-4657
-3801
-1917
-128
633
385
-1145
-2869
-4394
-5087
-5023
-4231
-2586
-898
365
950
790
-245
-1543
-2417
-2290
-1467
-308
979
1570
1320
215
-1014
-1775
-1883
-1314
-218
1191
1888
1949
1450
892
528
213
650
1708
2911
3702
3921
3732
3262
1963
1102
-981
-3481
-5261
-6782
-5117
-2549
1772
6547
8121
7892
4489
858
-1456
-2479
-273
3266
6230
8099
7788
6154
3728
135
-2027
-3671
-3938
-2694
-943
2560
4433
4560
3041
-203
-3243
-6086
-6460
-4430
-1624
923
2191
2215
1005
-1144
-2889
-3982
-4528
-4014
-3005
-809
1728
3854
4967
4031
1856
-1476
-4247
-5431
-4923
-2840
-663
978
1413
223
-1605
-3592
-5258
-5870
-5472
-3897
-1781
33
1406
1457
299
-1405
-2979
-3494
-3040
-1592
153
1445
1993
1252
64
-1059
-1796
-1958
-1334
-19
1269
2012
2258
2319
1951
1328
814
1129
1706
2244
2897
3453
3633
2977
1754
-936
-3419
-5747
-6788
-5100
-2217
2524
6435
8220
7867
4781
1492
-1495
-2452
-948
1808
4962
7286
7894
7068
4676
1599
-1114
-3411
-3990
-3226
-807
2497
4620
5577
4278
1401
-2066
-4999
-5861
-5079
-3097
-747
964
1783
1384
116
-1103
-2696
-4006
-4548
-4306
-2564
-268
2293
4258
4472
3116
262
-2473
-4247
-4939
-4074
-2605
-830
432
563
240
-884
-2540
-4310
-5655
-5632
-4588
-2887
-740
1022
1560
682
-1104
-2595
-3548
-3757
-2864
-1409
246
1137
1411
1372
705
-185
-911
-913
-434
233
1237
2193
2877
2821
2274
1823
1323
1053
1114
1554
2297
2796
2804
2830
1589
-434
-2371
-3936
-3800
-2755
-337
3024
5093
6012
5140
3362
1444
-296
-519
371
1727
3225
4149
4629
4588
3626
2470
813
-692
-1706
-2099
-1172
174
1762
2898
2938
2079
369
-1147
-2160
-2879
-2826
-2361
-1760
-1054
-502
384
365
-647
-1923
-3490
-4257
-4326
-2863
-481
1347
2651
2624
1905
611
-1148
-2385
-3147
-3478
-3191
-2446
-1212
-114
82
-492
-1808
-3253
-4592
-4966
-3953
-2434
-863
120
681
503
-334
-1154
-1854
-2193
-2376
-2181
-1484
-637
465
1399
1881
2057
1684
1176
783
590
731
950
1431
1881
2146
2323
2161
1940
1453
956
607
284
411
983
1875
2819
3380
3111
2152
429
-1143
-2020
-2128
-944
671
2458
3796
4184
3965
2761
1371
167
-771
-1079
-652
487
1861
2870
3269
2797
1328
-531
-2303
-3040
-2708
-1642
29
1395
2361
2286
1476
574
-560
-1498
-2263
-2586
-2189
-1591
-821
-40
51
-485
-1874
-3208
-3824
-3766
-2608
-997
722
1880
1853
1342
153
-1078
-2094
-2869
-3033
-2925
-2340
-1529
-920
-301
-318
-1027
-1746
-2427
-2743
-2392
-1565
-540
324
830
908
584
-266
-944
-1235
-1415
-1054
-358
874
2078
2463
2481
2254
1389
432
92
395
940
1509
2199
2563
2171
1392
550
-46
-398
-469
36
984
1801
2325
2571
2536
2182
1509
952
688
752
1049
1422
1631
1509
1058
290
-522
-1075
-1256
-1040
-492
79
571
741
621
226
-348
-808
-1208
-1422
-1329
-1048
-625
-84
456
800
694
189
-493
-1175
-1578
-1517
-1014
-280
235
377
201
-187
-755
-1321
-1572
-1505
-1431
-1343
-1109
-1031
-943
-953
-873
-570
-440
-312
-111
38
286
242
-50
-271
-561
-921
-1106
-776
-340
-274
-28
112
-171
-5
54
78
534
580
610
745
850
1055
881
687
524
-236
-771
-652
-212
526
1524
1936
1917
1434
444
-496
-892
-750
-335
329
953
1235
1483
1271
893
791
490
232
137
191
406
397
565
747
636
612
414
131
-109
-529
-812
-979
-813
-644
-452
-163
-110
-272
-249
-548
-654
-455
-291
-80
224
418
372
163
-84
-412
-621
-777
-731
-603
-482
-465
-377
-259
-370
-435
-469
-466
-683
-860
-738
-752
-754
-673
-523
-518
-822
-746
-739
-593
-226
137
502
802
834
827
566
239
132
-52
140
462
1025
1454
1543
1439
1065
553
69
-17
110
115
649
671
627
665
543
361
410
466
211
302
426
148
224
244
130
225
264
43
-314
-328
-34
-111
107
916
827
586
538
155
-357
-658
-640
-604
-574
-289
-8
-57
-205
-461
-995
-1234
-1500
-1432
-1280
-1022
-291
-189
-251
-217
-459
-613
-949
-809
-559
-347
-77
97
290
146
-102
-123
-297
-285
-140
-97
172
306
172
177
-171
-458
-688
-802
-570
-404
-129
107
51
-146
-364
-620
-646
-687
-567
-124
495
935
1345
1528
1338
762
344
-56
-199
40
484
985
1367
1452
1447
1131
745
407
98
95
272
684
1007
1128
1180
1034
682
414
182
26
-119
-169
-55
90
274
559
744
780
648
449
231
32
5
143
401
573
692
532
215
-189
-571
-846
-899
-826
-648
-426
-304
-322
-410
-750
-1030
-1249
-1346
-1191
-972
-837
-721
-726
-852
-995
-1144
-1153
-1098
-925
-698
-494
-551
-577
-601
-775
-764
-516
-294
20
188
296
217
14
-237
-478
-645
-811
-913
-789
-508
-292
-145
54
101
-48
-168
-262
-265
-117
208
592
944
1195
1257
1104
852
625
341
343
426
627
884
1131
1322
1308
1117
860
742
516
509
655
716
773
875
765
698
544
372
297
121
18
108
137
205
375
418
409
335
332
324
274
255
244
359
331
193
254
123
41
-69
-211
-240
-258
-254
-294
-207
-192
-315
-485
-556
-606
-623
-587
-450
-265
-275
-339
-402
-551
-579
-695
-773
-687
-715
-771
-827
-823
-781
-758
-628
-382
-110
-8
2
-168
-402
-604
-791
-850
-768
-676
-517
-472
-409
-383
-445
-483
-550
-488
-427
-363
-131
147
299
487
546
534
405
213
102
191
177
316
547
674
717
797
755
728
785
701
733
725
759
742
590
526
480
310
225
241
147
100
118
129
218
311
414
471
442
305
174
179
103
162
280
442
508
385
226
13
-232
-333
-352
-195
-81
30
104
20
-114
-282
-452
-426
-343
-250
-12
34
-31
-165
-261
-320
-314
-215
-171
-170
-240
-362
-385
-440
-355
-246
-141
-14
-8
-57
-13
-100
-211
-217
-260
-200
-247
-363
-498
-571
-687
-706
-538
-325
-93
-55
-67
-214
-354
-394
-302
26
281
413
459
311
145
-73
-95
-16
55
188
281
219
255
252
318
393
423
476
471
408
314
255
185
153
231
338
369
392
297
217
92
27
-66
-39
113
179
163
189
255
195
110
67
88
-5
-18
-83
2
22
29
159
214
237
230
29
-45
-332
-527
-647
-659
-463
-239
4
118
44
-175
-476
-669
-588
-395
-131
192
361
278
74
-233
-448
-577
-590
-462
-209
-30
158
230
188
175
-52
-119
-228
-162
-123
-40
48
84
30
19
-45
-95
-130
-188
-118
-50
75
225
304
402
345
312
295
263
262
191
267
298
402
399
407
360
248
103
2
-91
-71
-56
95
278
285
380
332
177
8
-98
-214
-230
-179
5
99
189
157
69
-78
-272
-348
-242
-102
8
42
39
-131
-254
-324
-341
-259
-111
-10
60
84
53
-31
-196
-280
-365
-440
-420
-457
-342
-274
-174
-102
-27
-35
-132
-93
-143
-120
-126
-152
-148
-122
-91
-83
-9
116
137
167
175
164
31
-91
-207
-264
-295
-224
-124
26
136
192
159
112
-55
-210
-267
-180
-21
192
428
613
663
591
441
325
242
134
217
308
440
502
561
568
477
430
374
314
300
283
313
332
412
418
422
391
212
71
-61
-145
-202
-197
-144
-34
-44
10
-3
-122
-146
-274
-278
-257
-246
-89
-41
-85
-191
-376
-526
-630
-632
-506
-355
-202
-182
-214
-296
-479
-611
-685
-666
-596
-501
-292
-231
-204
-234
-315
-369
-386
-336
-211
-141
-83
-106
-144
-166
-230
-273
-258
-196
-132
-25
119
193
299
250
244
133
26
-48
-128
-138
-75
29
115
153
188
148
116
99
111
219
367
579
657
744
746
661
564
476
411
324
351
304
310
324
301
353
388
435
490
480
495
444
471
478
526
556
529
490
408
321
163
60
-67
-61
-83
11
122
203
284
228
145
21
-186
-329
-444
-513
-491
-457
-301
-200
-186
-245
-345
-454
-644
-729
-786
-714
-676
-655
-572
-580
-569
-674
-691
-642
-626
-577
-529
-469
-440
-459
-364
-337
-376
-363
-425
-406
-374
-308
-187
-65
36
26
-12
-71
-196
-234
-279
-196
-78
98
258
350
339
308
172
43
62
29
151
268
402
654
733
858
902
796
672
462
420
394
442
531
683
664
676
545
420
361
232
197
274
354
441
547
541
575
451
330
249
181
165
147
139
216
106
80
14
-50
-82
-111
-116
-122
-29
-43
-16
-25
-2
-140
-293
-304
-440
-442
-397
-354
-352
-353
-423
-417
-449
-429
-497
-420
-459
-461
-473
-459
-384
-395
-344
-327
-400
-443
-463
-587
-638
-671
-588
-534
-404
-268
-145
-113
-52
-105
-119
-145
-201
-169
-206
-237
-272
-293
-287
-209
-155
-38
7
123
125
112
213
231
271
368
428
531
571
586
585
558
506
499
549
660
698
678
648
580
474
463
494
619
747
773
792
649
523
351
314
343
424
423
398
351
307
169
73
92
36
-13
-43
-89
-116
-123
-207
-200
-208
-194
-268
-196
-286
-307
-370
-412
-491
-484
-555
-549
-551
-585
-554
-655
-558
-542
-601
-601
-554
-521
-457
-479
-438
-479
-427
-427
-394
-441
-439
-450
-425
-394
-345
-210
-193
-100
-96
-165
-138
-159
-167
-42
25
224
253
282
299
168
59
57
-46
64
158
286
386
366
397
347
309
273
381
547
643
830
841
795
746
637
608
511
492
412
395
391
368
267
331
246
275
337
320
347
382
315
347
287
261
185
81
70
-42
-90
-207
-272
-348
-339
-225
-142
-25
64
-18
-41
-227
-279
-423
-397
-349
-292
-255
-286
-362
-466
-615
-733
-750
-709
-674
-445
-356
-276
-164
-219
-217
-339
-378
-456
-508
-551
-522
-416
-351
-250
-191
-143
-204
-213
-272
-262
-212
-69
63
59
42
-51
-168
-264
-206
-142
-26
126
264
367
378
328
283
257
147
197
288
394
482
517
567
549
466
451
446
522
626
675
728
765
666
729
557
555
484
392
381
244
284
268
359
431
439
441
361
232
187
61
47
19
35
36
51
-18
-3
-150
-243
-362
-495
-429
-414
-234
-187
-57
-108
-120
-273
-447
-586
-694
-779
-750
-693
-595
-517
-551
-518
-546
-583
-544
-593
-541
-482
-460
-360
-385
-370
-434
-489
-506
-509
-465
-362
-298
-230
-190
-225
-186
-173
-108
-90
31
57
104
34
10
-98
-39
-11
132
242
248
384
300
370
300
352
329
444
469
518
620
623
594
657
579
549
641
688
788
806
829
883
730
658
511
499
517
450
512
513
493
466
445
386
414
417
475
469
415
354
140
43
-187
-222
-253
-133
-122
-51
-124
-290
-300
-535
-501
-549
-467
-406
-438
-330
-360
-454
-565
-664
-763
-845
-904
-857
-814
-737
-668
-702
-765
-822
-873
-815
-870
-769
-737
-554
-522
-438
-503
-530
-568
-585
-520
-405
-216
-68
52
106
95
90
51
-22
31
41
77
67
194
184
304
401
507
471
569
554
629
688
691
604
599
477
513
484
464
567
615
672
861
886
927
891
821
743
475
409
434
452
598
690
734
690
460
343
156
162
124
121
266
274
246
196
115
-12
-194
-307
-346
-396
-303
-274
-156
-160
-206
-282
-301
-375
-430
-375
-367
-346
-428
-519
-570
-626
-636
-634
-644
-576
-570
-549
-548
-550
-521
-524
-635
-574
-681
-696
-585
-504
-393
-423
-387
-433
-535
-572
-559
-509
-337
-123
-35
45
21
0
-89
-116
-35
29
115
194
277
240
253
215
223
275
269
346
408
496
544
578
600
568
469
407
418
436
575
731
798
852
860
748
598
546
500
494
488
455
425
363
377
431
421
427
438
431
290
218
118
25
0
21
28
-32
-10
-118
-149
-298
-375
-431
-441
-414
-386
-289
-309
-417
-469
-499
-521
-467
-373
-321
-372
-485
-476
-608
-528
-549
-503
-506
-540
-550
-543
-394
-358
-274
-295
-383
-406
-452
-486
-419
-367
-339
-190
-147
-25
1
40
10
-68
-94
-136
-121
-28
94
206
359
418
372
336
304
245
252
259
266
326
351
454
523
567
577
529
433
224
162
103
328
500
653
775
729
548
240
88
-28
54
249
435
616
654
564
344
166
114
101
164
188
132
58
-47
-35
-64
4
53
3
-17
-122
-255
-345
-363
-379
-355
-272
-251
-236
-289
-340
-485
-542
-586
-550
-466
-417
-389
-378
-438
-575
-520
-519
-400
-295
-280
-370
-489
-642
-582
-457
-339
-157
-75
-136
-236
-379
-397
-333
-199
-49
73
97
-43
-64
-137
-81
74
229
461
496
397
221
25
-34
-58
42
323
541
678
736
583
452
347
343
401
507
654
692
636
470
253
193
269
412
636
692
652
533
370
266
223
273
408
445
530
338
30
-94
-227
-169
70
268
322
219
11
-345
-528
-467
-413
-64
69
62
85
-51
-324
-516
-707
-748
-732
-574
-371
-192
-47
-18
-154
-382
-537
-634
-661
-653
-690
-683
-577
-555
-407
-303
-195
-62
-105
-198
-469
-699
-838
-871
-612
-332
-36
136
233
213
149
24
-104
-191
-235
-144
-142
21
242
279
426
449
385
267
184
182
174
170
180
335
430
597
667
568
559
327
236
336
512
752
842
813
608
294
40
-47
21
278
650
1025
1097
893
677
277
-144
-374
-473
-283
73
501
936
1093
955
560
-24
-412
-734
-701
-376
-27
198
247
170
-14
-444
-743
-900
-990
-701
-427
-194
126
180
42
-211
-572
-912
-1198
-1114
-905
-592
-159
95
73
-92
-462
-696
-819
-831
-631
-456
-231
-154
-267
-346
-482
-514
-508
-524
-348
-244
-106
62
239
261
105
-2
-180
-367
-245
-32
6
113
313
354
398
431
422
405
280
260
269
182
328
377
458
508
448
586
509
498
544
489
376
241
214
177
298
541
790
880
827
646
413
102
-72
-79
-20
214
375
503
615
561
564
440
306
168
-79
-227
-276
-224
-70
70
211
259
193
66
-73
-201
-339
-427
-463
-509
-453
-418
-351
-216
-232
-178
-172
-250
-305
-394
-482
-523
-597
-601
-587
-633
-549
-446
-399
-289
-202
-225
-273
-302
-375
-451
-466
-492
-464
-416
-328
-262
-214
-225
-282
-332
-323
-236
-65
99
261
367
338
245
137
-33
-155
-156
-64
81
171
276
308
231
191
186
171
234
333
448
526
527
484
379
236
125
60
97
157
229
363
410
417
368
292
175
166
174
260
318
379
419
403
364
300
241
134
104
79
66
108
193
240
233
198
159
38
-75
-128
-137
-106
-41
45
100
105
98
53
-32
-106
-167
-232
-245
-171
-118
-54
-43
-83
-152
-284
-321
-377
-373
-291
-216
-160
-150
-194
-271
-338
-407
-402
-398
-352
-334
-281
-272
-300
-304
-327
-315
-356
-333
-314
-281
-198
-168
-142
-91
-113
-142
-135
-124
-120
-99
-27
5
50
87
89
83
70
63
104
143
171
190
233
191
154
150
125
157
202
297
360
398
339
296
273
249
235
255
287
290
285
298
269
243
265
225
216
248
239
216
168
172
170
176
210
209
196
101
38
-29
-70
-93
-64
21
68
75
51
-7
-117
-211
-239
-224
-192
-188
-151
-176
-210
-212
-221
-217
-209
-179
-185
-182
-207
-244
-258
-275
-236
-237
-204
-153
-211
-198
-184
-150
-105
-54
-18
47
-20
-53
-84
-154
-182
-109
-21
21
108
109
67
17
-17
-33
11
59
82
130
118
90
77
29
43
75
90
120
111
101
75
73
61
35
55
53
83
67
39
38
15
-10
7
36
54
101
144
161
183
199
196
139
69
28
-17
-74
-92
-69
-34
24
100
149
133
111
38
-30
-39
-50
2
35
83
82
58
12
-58
-105
-109
-96
-89
-81
-111
-82
-97
-111
-116
-95
-63
-52
-17
-12
-19
-59
-82
-121
-106
-95
-107
-67
-52
-13
-31
-40
-59
-78
-82
-68
-60
-78
-91
-80
-80
-28
37
70
133
158
143
110
79
45
46
61
84
105
111
96
39
25
-15
-20
-3
53
102
152
137
159
134
100
109
67
79
46
31
-5
-75
-115
-116
-95
-32
42
113
126
115
96
18
-9
-14
-33
-33
-31
-54
-72
-88
-97
-63
13
41
96
67
11
-45
-104
-161
-133
-105
-72
-48
-65
-76
-127
-148
-167
-153
-151
-122
-93
-100
-93
-93
-67
-79
-65
-72
-88
-89
-97
-112
-114
-101
-92
-32
8
32
26
41
26
30
23
20
33
37
50
34
51
78
71
108
136
149
159
175
191
197
201
212
235
249
266
275
275
279
274
249
214
154
135
97
70
93
120
125
122
117
84
63
49
28
1
-21
-50
-75
-75
-99
-96
-77
-77
-100
-136
-195
-242
-244
-250
-238
-168
-180
-175
-196
-238
-281
-341
-339
-345
-319
-248
-209
-209
-209
-244
-271
-282
-252
-218
-193
-186
-184
-191
-204
-182
-143
-66
-22
4
-1
-8
-12
-10
26
97
153
198
243
276
238
228
221
211
220
236
279
286
299
268
261
206
198
203
239
296
340
403
424
417
377
329
274
267
250
235
270
260
239
234
200
163
123
102
71
40
26
-31
-22
-53
-83
-92
-107
-108
-108
-117
-128
-150
-184
-225
-245
-257
-288
-300
-331
-374
-406
-415
-422
-407
-365
-356
-340
-309
-326
-316
-310
-272
-236
-210
-207
-243
-252
-295
-287
-278
-270
-230
-204
-169
-153
-122
-74
-29
5
41
74
72
88
106
89
107
107
132
170
216
258
270
280
307
310
285
276
280
301
279
287
287
291
281
289
318
327
314
309
278
237
240
231
232
231
201
176
169
152
143
113
100
115
109
99
113
119
66
71
58
30
-3
-42
-72
-98
-122
-148
-168
-193
-208
-223
-232
-218
-234
-223
-228
-232
-245
-224
-219
-211
-216
-240
-238
-264
-271
-278
-263
-247
-240
-251
-245
-202
-168
-152
-107
-113
-108
-145
-157
-137
-157
-125
-89
-59
-34
-23
-15
-17
-25
-27
-27
-32
-12
9
30
51
63
57
32
37
46
59
83
140
186
207
229
208
197
181
165
179
179
190
166
172
155
153
177
181
218
190
184
180
141
131
138
157
177
232
247
255
265
237
205
162
150
117
113
137
131
147
111
66
44
5
-7
2
-5
5
2
-25
-41
-75
-68
-78
-90
-78
-90
-110
-146
-193
-256
-287
-305
-308
-304
-279
-270
-292
-279
-302
-308
-297
-271
-255
-243
-200
-245
-283
-302
-314
-300
-266
-235
-226
-236
-230
-247
-247
-220
-197
-116
-51
-11
44
82
74
50
70
86
101
129
141
179
190
201
210
224
217
223
254
255
259
273
280
271
278
301
323
346
345
328
344
306
273
279
278
246
273
257
196
168
116
76
90
107
142
158
175
136
72
23
-21
-26
-56
-26
0
3
-26
-49
-96
-145
-216
-263
-278
-320
-343
-344
-298
-279
-227
-175
-145
-142
-179
-212
-253
-259
-276
-242
-186
-165
-166
-168
-191
-216
-208
-215
-164
-142
-127
-116
-114
-120
-126
-92
-60
-12
-2
22
27
1
-24
-12
-11
16
25
27
28
4
-12
5
25
82
144
186
214
216
186
159
120
122
132
171
196
228
256
217
219
201
197
184
203
199
198
177
156
125
103
109
104
138
155
157
155
131
139
133
126
148
152
131
103
44
-9
-11
-35
-27
-23
-54
-74
-91
-118
-126
-128
-117
-83
-81
-61
-71
-94
-149
-191
-238
-301
-296
-312
-283
-264
-264
-239
-251
-220
-213
-187
-170
-181
-188
-201
-212
-224
-185
-171
-115
-84
-68
-85
-83
-131
-144
-114
-97
-40
-15
32
29
33
23
7
10
62
92
129
185
165
157
158
157
152
166
171
157
177
168
178
183
188
234
218
255
256
234
231
210
204
204
235
231
255
229
173
124
61
22
25
33
72
136
134
129
99
34
-32
-62
-94
-82
-39
-31
5
9
-11
-27
-39
-77
-99
-136
-171
-161
-179
-188
-178
-170
-175
-168
-171
-161
-160
-145
-140
-122
-104
-73
-77
-95
-111
-149
-151
-149
-136
-137
-116
-122
-137
-147
-153
-166
-146
-134
-119
-106
-76
-59
-51
-44
-46
-38
-35
-30
-50
-35
-42
-50
-6
-1
-4
25
16
1
9
5
13
46
80
129
170
206
246
272
284
277
246
224
181
156
139
144
163
183
196
221
260
242
256
261
258
243
234
223
213
189
175
157
131
130
103
78
69
15
-35
-41
-91
-87
-75
-67
-36
-51
-41
-60
-95
-138
-158
-164
-197
-222
-245
-285
-316
-329
-332
-308
-281
-265
-246
-232
-263
-282
-302
-304
-281
-237
-180
-149
-132
-124
-163
-198
-202
-199
-159
-117
-93
-53
-65
-61
-67
-87
-90
-75
-35
-6
56
104
152
167
170
165
174
147
153
172
176
206
228
241
250
281
251
254
241
211
196
205
230
246
277
274
276
258
251
235
235
209
199
197
200
203
193
178
159
153
110
94
101
87
85
88
78
53
32
3
5
-16
-17
-31
-62
-92
-138
-165
-191
-205
-230
-230
-255
-258
-275
-287
-291
-307
-285
-289
-280
-291
-292
-311
-288
-291
-271
-262
-238
-217
-205
-219
-203
-182
-201
-175
-167
-148
-127
-115
-129
-124
-130
-111
-101
-95
-57
-56
-47
-41
-35
-17
-9
-2
33
29
59
62
64
117
141
181
189
207
198
178
197
206
215
257
301
325
344
371
353
327
284
254
253
244
247
240
262
290
299
321
309
287
282
225
217
188
151
110
113
109
85
99
64
32
19
-22
-28
-48
-62
-41
-45
-50
-52
-95
-149
-174
-218
-211
-224
-213
-220
-230
-265
-294
-317
-329
-333
-306
-286
-258
-267
-289
-299
-334
-328
-313
-297
-270
-246
-265
-262
-277
-256
-263
-234
-169
-131
-78
-51
-69
-68
-99
-109
-110
-75
-55
-26
26
55
75
100
105
103
116
137
160
174
215
223
261
259
275
242
265
238
243
260
276
312
302
333
321
298
292
300
280
298
306
302
288
272
262
233
234
215
202
203
164
128
89
76
83
56
82
81
86
47
0
-40
-110
-151
-173
-195
-189
-179
-197
-192
-215
-239
-256
-259
-255
-245
-235
-223
-229
-247
-279
-325
-341
-360
-357
-333
-331
-304
-319
-330
-323
-307
-272
-227
-189
-152
-139
-128
-144
-133
-130
-134
-125
-109
-88
-90
-80
-49
-63
-19
25
58
114
144
184
181
189
162
171
159
178
204
225
246
259
292
280
302
292
309
314
275
271
280
264
275
284
275
293
265
242
236
240
253
282
272
236
205
148
115
41
11
9
-3
-23
-1
-10
-33
-34
-44
-37
-44
-27
-54
-64
-98
-134
-161
-194
-176
-166
-170
-169
-183
-241
-283
-305
-315
-315
-265
-214
-177
-185
-194
-213
-228
-257
-252
-211
-194
-139
-109
-114
-118
-135
-136
-120
-93
-83
-27
29
75
-10
-341
-677
-784
-482
90
640
950
847
491
90
-271
-445
-285
99
446
609
518
203
-268
-592
-622
-269
304
820
998
708
260
-130
-286
-265
-118
162
489
589
446
117
-350
-648
-638
-382
31
527
798
705
321
-132
-440
-515
-287
3
312
439
395
245
-96
-359
-454
-344
-88
198
419
451
280
18
-269
-408
-361
-185
56
255
337
217
40
-211
-400
-434
-267
34
304
444
311
64
-233
-478
-521
-372
-141
98
218
221
98
-111
-263
-335
-295
-171
25
168
243
165
-32
-191
-316
-308
-191
-18
169
229
188
50
-89
-193
-217
-103
-11
103
191
147
41
-102
-188
-188
-86
104
251
277
210
61
-77
-138
-144
-62
18
144
264
278
236
91
-41
-132
-104
8
117
240
298
252
161
67
-18
-48
-50
15
57
70
31
-39
-68
-67
15
86
151
166
143
64
-14
-97
-135
-109
-44
55
87
54
-32
-122
-191
-198
-140
-66
23
51
39
-9
-93
-174
-240
-223
-200
-144
-80
-73
-88
-104
-135
-151
-104
-80
-37
-15
-33
-77
-117
-157
-181
-187
-147
-104
-50
6
28
57
67
78
94
92
102
133
119
115
115
96
77
40
7
15
40
79
128
159
187
180
140
143
151
155
156
130
113
57
-12
-51
-52
-57
6
78
107
124
104
62
-7
-39
-51
-15
15
77
87
76
24
-64
-91
-90
-36
9
60
87
79
49
-1
-45
-69
-72
-45
21
47
40
45
-2
-19
-15
4
-2
3
2
-17
-10
-15
-62
-81
-91
-72
-46
-22
-33
-100
-146
-152
-124
-73
-9
5
-10
-22
-37
-62
-87
-81
-56
-25
-22
-63
-126
-206
-212
-193
-151
-96
-73
-54
-87
-72
-91
-92
-75
-66
-18
15
21
18
-12
3
3
42
68
71
66
34
24
5
27
26
81
121
169
183
172
163
132
105
113
150
194
210
204
183
117
66
32
42
57
111
120
121
108
72
77
86
106
132
184
208
157
62
-16
-75
-136
-94
-54
22
16
15
-17
-70
-107
-114
-110
-96
-45
-66
-66
-92
-136
-183
-208
-216
-211
-197
-144
-143
-142
-137
-153
-188
-190
-200
-156
-116
-85
-93
-128
-156
-179
-180
-159
-94
-68
-2
35
36
23
20
0
-1
9
6
17
25
43
46
77
93
121
139
135
165
205
200
180
145
127
123
106
92
68
68
63
89
139
165
165
174
176
156
136
154
172
172
136
120
86
25
11
3
6
44
74
64
75
35
30
14
4
48
63
73
57
15
-32
-71
-101
-102
-94
-71
-56
-61
-64
-84
-115
-138
-149
-162
-143
-152
-161
-194
-205
-205
-202
-158
-127
-143
-166
-179
-198
-189
-155
-135
-128
-139
-134
-139
-152
-145
-157
-144
-105
-90
-49
-36
-37
-36
-23
20
34
79
90
98
75
46
31
48
88
91
159
179
190
177
167
177
170
178
153
156
136
131
146
166
169
200
219
230
209
191
184
144
162
182
163
158
148
110
92
37
48
19
36
23
40
65
35
7
-38
-57
-102
-71
-45
-18
-13
-20
-53
-107
-148
-180
-195
-192
-152
-114
-89
-80
-90
-134
-128
-114
-106
-78
-97
-140
-159
-199
-204
-220
-204
-195
-157
-138
-135
-118
-159
-174
-178
-144
-104
-73
-60
-67
-92
-106
-96
-80
-35
2
32
29
36
19
-13
-40
-26
-22
45
60
92
125
109
112
84
98
84
134
155
164
193
187
186
160
143
137
134
145
143
166
180
208
220
213
213
191
183
153
146
128
130
111
137
162
157
170
146
84
36
6
-11
24
54
85
61
12
-38
-124
-181
-182
-149
-99
-71
-67
-89
-117
-152
-176
-158
-149
-139
-150
-180
-216
-248
-297
-312
-321
-293
-254
-204
-149
-142
-131
-125
-131
-126
-115
-84
-87
-81
-69
-83
-69
-71
-43
-52
-21
-34
-21
-13
-25
-15
23
57
124
155
179
173
153
146
89
92
137
166
199
223
209
180
134
98
87
116
139
169
212
219
212
179
162
144
137
166
197
190
162
87
43
-53
-45
-47
-25
21
21
31
-6
-22
-34
-63
-76
-51
-50
-17
-57
-96
-135
-175
-185
-180
-132
-138
-127
-132
-160
-176
-179
-178
-177
-159
-133
-119
-101
-92
-105
-97
-105
-93
-86
-76
-58
-54
-30
-26
-24
-53
-78
-83
-78
-36
-27
-1
11
26
15
20
21
43
78
106
126
115
112
73
47
32
41
53
77
93
92
112
91
101
92
92
90
90
90
88
93
103
99
72
87
84
117
133
137
141
119
114
83
63
58
25
35
29
20
11
20
12
2
4
6
-6
-11
-20
-48
-41
-17
-12
-17
-12
-76
-88
-131
-160
-158
-170
-137
-109
-98
-47
-87
-71
-92
-137
-124
-133
-109
-70
-36
-27
-23
-32
-61
-95
-113
-120
-84
-59
-2
22
46
48
25
-17
-58
-59
-68
-28
0
58
49
50
27
12
-4
-5
14
62
76
84
105
61
41
2
18
28
68
92
101
119
135
135
90
72
48
14
17
64
88
113
118
136
97
64
10
-17
-32
-47
10
35
60
52
29
10
-42
-51
-62
-66
-42
-8
23
31
24
-17
-64
-124
-164
-173
-145
-126
-102
-77
-82
-86
-120
-149
-142
-125
-79
-56
-28
-31
-58
-59
-72
-112
-106
-137
-100
-101
-91
-58
-47
-9
9
56
66
91
83
60
49
54
49
66
78
111
131
138
143
123
102
92
79
108
134
136
155
157
147
111
87
98
72
82
114
102
95
65
47
27
17
20
48
49
59
57
37
15
-4
-22
-24
-31
-30
-48
-42
-53
-65
-65
-79
-61
-51
-28
-15
-16
-47
-74
-136
-142
-150
-157
-118
-88
-50
-41
-52
-84
-98
-106
-96
-60
-38
-4
17
-11
-25
-42
-90
-81
-82
-85
-83
-68
-26
-17
-7
0
-5
2
-16
-17
-32
-52
-24
5
22
53
68
55
26
-17
-46
-65
-68
-49
-1
37
89
94
73
41
22
5
29
41
53
93
77
66
67
39
25
20
37
53
69
90
94
109
107
118
135
126
104
89
75
63
26
-10
-33
-46
-53
-36
-20
14
36
37
23
6
-30
-57
-58
-58
-30
-14
-9
-27
-42
-77
-84
-72
-56
-37
-6
7
14
3
-9
-32
-55
-62
-43
-14
-7
10
18
10
-19
-54
-65
-88
-59
-51
-7
9
21
32
0
1
-23
-4
4
18
5
5
-15
-34
-51
-29
-13
9
28
29
29
16
8
7
30
35
74
49
46
17
-28
-55
-62
-52
-29
5
31
45
23
5
-15
-19
-3
11
17
14
-11
-23
-32
-31
-10
0
12
24
39
25
34
43
60
67
65
44
29
16
-20
-14
-18
-6
-6
-2
1
11
-8
17
29
60
82
71
79
34
0
-26
-26
-20
0
12
31
32
28
11
-14
-13
-10
24
41
82
82
64
48
-38
-76
-182
-212
-177
-133
-34
45
88
71
2
-104
-173
-225
-188
-123
-32
39
69
37
-59
-172
-257
-289
-250
-143
-30
87
139
127
53
-60
-158
-207
-204
-134
-39
81
146
174
129
74
8
-38
-58
-44
5
71
144
184
195
177
106
66
37
29
74
121
169
205
235
204
169
127
76
48
49
65
117
147
160
163
116
72
35
0
-21
-29
2
14
4
0
-28
-32
-45
-31
-11
-22
-45
-63
-85
-108
-104
-96
-75
-61
-39
-70
-88
-122
-164
-143
-129
-75
-28
-19
-34
-36
-61
-105
-100
-120
-127
-111
-76
-60
-31
-13
-41
-24
-33
-41
-30
-28
-11
6
25
51
55
57
35
36
32
1
1
5
23
53
67
93
92
75
51
25
5
-18
-25
-45
-48
-58
-54
-42
-47
-29
-7
13
25
27
-1
-2
-7
-16
-14
-10
3
-2
-17
-8
-16
-14
13
29
55
83
98
95
101
92
83
62
50
52
62
28
37
27
26
17
28
56
43
81
58
61
52
48
37
25
16
15
18
19
21
13
-5
-29
-28
-47
-48
-45
-41
-7
-20
-19
-35
-61
-78
-85
-89
-90
-82
-85
-100
-96
-86
-93
-79
-82
-82
-72
-76
-65
-48
-57
-67
-73
-79
-72
-78
-70
-67
-47
2
16
39
39
35
1
5
19
27
54
64
97
88
94
74
70
56
56
79
95
121
141
146
128
132
116
130
119
147
143
117
123
94
84
55
56
46
21
22
33
17
32
22
21
20
-1
2
-3
-25
-40
-39
-25
-36
-84
-108
-96
-142
-241
-117
-81
-208
-154
-41
-94
-144
-46
-6
-146
-185
-103
-188
-212
-95
-104
-121
-65
-89
-127
-48
-67
-105
-15
-9
-55
-18
9
-60
-27
16
-16
2
46
42
48
86
82
93
109
80
75
82
52
68
74
61
90
112
109
123
148
104
84
93
79
69
108
123
119
131
134
109
96
103
76
81
95
92
84
78
48
22
-1
-20
-26
-28
-30
-6
-9
13
16
-10
-32
-25
-74
-104
-112
-118
-123
-111
-88
-103
-92
-101
-106
-120
-114
-102
-90
-65
-55
-51
-70
-82
-111
-128
-131
-132
-105
-97
-81
-75
-70
-51
-48
-43
10
24
37
30
5
-3
-36
-32
2
9
23
55
64
65
64
67
49
19
46
40
71
106
128
142
133
118
102
82
106
83
99
125
81
73
20
25
7
15
40
67
64
98
118
93
94
81
50
-3
-3
-19
-43
-26
-28
-31
-42
-8
11
-3
13
26
10
15
-6
-23
-42
-67
-90
-87
-89
-90
-80
-99
-85
-106
-100
-109
-102
-87
-44
-16
1
20
-14
-33
-77
-122
-140
-139
-139
-132
-111
-95
-82
-39
8
63
87
122
114
80
26
-22
-54
-69
-36
-17
31
35
24
-9
-28
-56
-38
14
50
112
127
141
120
85
57
54
16
30
23
19
11
-13
-27
-45
-23
-5
47
72
106
91
95
71
44
38
29
28
38
37
23
6
-14
-28
-29
8
12
46
40
37
9
-4
-2
10
29
33
49
29
0
-47
-81
-87
-43
5
54
98
119
110
61
22
-41
-83
-95
-116
-78
-52
-34
-33
-21
-34
-78
-76
-79
-69
-83
-58
-47
-50
-47
-53
-63
-50
-39
-37
-41
-54
-57
-79
-91
-63
-53
-25
18
36
52
58
61
53
37
28
11
21
31
46
58
82
78
77
61
59
63
61
75
81
74
66
33
30
23
9
-18
-6
-29
-42
-14
-12
25
44
75
63
52
20
-6
-35
-44
-38
-30
-25
-33
-18
-39
-31
-23
-36
-48
-52
-46
-56
-41
-34
-32
-34
-41
-42
-32
-16
-19
-19
14
20
11
15
0
-23
-21
-9
-8
16
29
31
30
27
6
-10
-7
-20
-12
1
9
13
40
57
73
92
73
63
24
16
4
-5
19
12
13
-7
-27
-46
-63
-49
-43
-19
-1
8
12
-5
15
-10
-15
17
20
19
20
37
0
-33
-36
-38
-38
-54
-35
-18
11
27
38
19
28
21
-8
5
-30
-52
-62
-53
-43
-36
-7
2
9
35
53
45
35
8
-25
-39
-11
-34
-12
9
11
17
15
-5
-31
-27
-20
23
40
65
44
43
12
-17
-31
-46
-19
12
50
52
66
48
32
35
37
38
70
76
57
46
23
-2
-36
-30
-15
-27
4
0
-12
-12
-12
-27
-36
-20
-23
-5
0
-9
-12
-8
-28
-29
-46
-51
-70
-85
-86
-91
-86
-97
-77
-74
-73
-53
-49
-44
-33
3
20
47
61
46
36
11
2
-28
-20
-17
0
28
59
74
64
30
2
-28
-40
-32
-33
17
28
44
75
77
46
41
51
67
85
106
111
86
63
47
32
29
17
18
9
20
5
-24
-3
-21
-27
0
24
33
72
85
86
81
85
79
49
48
30
35
32
27
31
20
5
-18
-64
-87
-92
-106
-87
-84
-63
-41
-59
-51
-92
-106
-126
-123
-102
-100
-63
-75
-81
-78
-91
-105
-107
-96
-78
-68
-65
-68
-102
-113
-126
-116
-123
-98
-62
-39
-13
8
30
19
31
32
43
51
77
110
115
113
111
94
96
86
61
43
38
46
58
84
124
147
171
183
179
155
149
113
125
111
117
125
119
94
73
60
36
42
30
32
19
6
6
-5
-15
5
11
14
11
-2
-32
-67
-102
-110
-115
-105
-94
-68
-21
-13
-14
-34
-65
-118
-135
-149
-161
-138
-137
-116
-104
-101
-106
-130
-125
-131
-122
-104
-76
-62
-43
-44
-46
-54
-72
-58
-40
-31
-17
-21
-27
-48
-37
-16
24
53
78
106
100
88
61
37
14
7
21
56
71
71
76
59
40
37
33
68
100
123
128
153
144
126
121
118
108
111
103
93
94
83
49
13
-8
-44
-12
-5
20
42
70
92
89
95
50
41
33
19
5
-11
-23
-46
-49
-63
-70
-68
-43
-24
-11
10
2
-28
-51
-81
-101
-124
-128
-136
-112
-91
-78
-57
-49
-30
-27
-21
-10
-18
-29
-45
-71
-89
-116
-132
-131
-147
-140
-115
-78
-56
-55
-42
-37
-36
-24
-9
-9
-10
-17
-26
-40
-39
-30
-20
-26
2
-8
-13
-8
-19
4
38
44
68
80
70
54
42
40
44
48
53
82
94
120
129
136
138
131
129
155
154
166
175
185
167
130
98
37
17
-31
-25
-13
3
19
34
64
58
84
59
66
66
84
76
83
102
83
43
-8
-52
-96
-142
-167
-161
-188
-167
-147
-122
-107
-110
-104
-96
-77
-69
-36
-13
-7
-14
-14
-48
-92
-92
-90
-71
-58
-28
-36
-51
-91
-114
-148
-146
-115
-94
-52
-6
12
15
23
1
-19
-13
8
23
40
61
62
50
44
34
33
32
7
-3
-2
-20
-2
26
32
58
87
80
75
72
45
19
21
34
63
80
105
118
90
73
46
8
-10
-8
16
19
18
-14
-70
-91
-109
-93
-36
-2
44
75
50
28
-18
-41
-56
-54
-30
-4
1
-11
-48
-86
-108
-94
-67
-13
53
82
84
49
16
-23
-21
14
55
99
89
80
14
-32
-74
-91
-60
-6
62
93
109
79
42
-2
11
35
64
79
103
80
18
-19
-86
-124
-132
-79
-11
36
69
59
36
-17
-34
-24
24
70
124
148
130
69
-26
-90
-133
-141
-95
-51
-9
23
9
-7
-43
-72
-54
-30
14
68
107
106
83
41
-24
-66
-98
-102
-73
-29
7
27
14
-29
-57
-70
-71
-47
-23
-14
-7
-29
-69
-88
-95
-97
-63
-41
-32
-27
-48
-68
-99
-92
-88
-73
-22
3
23
28
-7
-26
-54
-43
-45
-10
2
29
40
28
30
12
28
42
68
55
54
37
17
4
14
37
79
100
112
119
95
85
90
77
100
140
139
132
116
90
40
20
0
-8
8
19
32
24
3
-19
-36
-41
-45
5
56
64
98
98
87
50
12
1
-17
-31
-31
-23
-52
-60
-91
-124
-140
-158
-140
-138
-123
-86
-53
-25
2
29
46
51
50
36
14
-14
-36
-57
-75
-102
-100
-80
-93
-83
-77
-52
-33
-33
-13
-31
-27
-38
-43
-44
-37
-9
20
54
87
95
66
37
8
1
-14
-9
15
26
39
54
43
45
15
6
12
28
37
46
59
60
61
60
55
44
67
72
91
106
101
81
59
32
14
-13
12
14
19
2
-24
-44
-88
-99
-109
-78
-51
-24
-11
3
8
-4
20
41
68
89
86
67
37
5
-8
-23
-29
-39
-40
-68
-100
-119
-140
-147
-116
-79
-31
3
40
76
63
63
30
-8
-33
-44
-55
-45
-34
-24
-23
-30
-40
-50
-64
-66
-47
-17
-13
25
26
16
9
-29
-44
-69
-75
-71
-55
-51
-12
10
19
43
64
90
95
116
110
88
54
5
-44
-84
-93
-90
-63
-41
-11
20
42
60
65
100
101
108
142
128
129
140
132
110
77
71
24
-30
-54
-56
-61
-50
-18
11
18
66
63
50
63
42
30
1
-32
-55
-90
-94
-98
-90
-67
-64
-45
-48
-21
-24
-4
20
56
83
73
58
19
-32
-102
-135
-125
-129
-95
-67
-34
-21
-18
-4
-4
18
23
43
51
59
51
54
53
35
32
10
-9
-36
-57
-68
-73
-81
-89
-49
-14
21
63
86
88
58
53
25
-2
-1
14
26
16
26
41
27
15
5
-10
13
11
33
37
27
18
-19
-50
-92
-98
-97
-70
-55
-31
-7
-16
-3
-13
-3
10
38
51
67
92
70
53
3
-31
-83
-109
-115
-106
-61
-38
-10
-1
-24
-38
-75
-70
-88
-64
-9
36
97
101
94
60
6
-14
-28
-26
-19
-6
14
13
19
15
-6
4
30
49
71
68
45
27
11
4
13
38
79
119
131
125
94
50
46
48
74
101
131
135
93
45
-25
-83
-138
-154
-129
-110
-81
-37
-30
-33
-52
-67
-43
-28
18
47
82
79
52
-6
-61
-97
-120
-112
-81
-41
-27
-21
-50
-65
-87
-97
-98
-59
-33
-26
5
23
21
15
29
10
17
41
49
43
65
50
34
33
11
8
-19
-37
-46
-76
-72
-47
-41
-3
32
59
84
64
55
47
54
78
124
151
146
125
78
57
19
-8
-21
-24
-20
-24
-29
-29
-45
-47
-54
-53
-26
-10
8
13
7
-5
-15
-30
-37
-29
-35
-30
-32
-30
-46
-39
-38
-29
-20
-21
-54
-69
-81
-104
-92
-93
-78
-77
-77
-73
-58
-53
-22
25
57
68
67
23
8
-31
-36
-9
40
74
101
96
88
41
8
-16
-22
15
40
69
59
82
82
73
75
87
83
109
130
153
165
137
119
94
40
11
-4
-27
-17
-21
-16
-24
-54
-53
-71
-64
-35
-12
30
37
25
15
-8
-50
-56
-62
-44
-49
-27
-31
-68
-79
-119
-134
-159
-143
-129
-94
-97
-83
-80
-81
-56
-53
-33
-29
-17
-13
-1
7
7
13
20
35
43
43
41
38
36
18
1
2
7
6
24
61
69
60
69
55
53
67
68
93
106
121
128
112
84
51
20
-14
-39
-34
-43
-52
-24
-23
-18
0
-8
-5
-3
8
32
41
35
37
20
-26
-51
-63
-81
-70
-45
-33
-29
-59
-73
-93
-78
-38
2
53
60
68
34
-16
-58
-89
-86
-72
-46
-13
14
23
16
5
-4
-5
-2
33
36
14
-2
-47
-77
-95
-100
-58
-14
46
83
99
87
55
38
27
30
40
51
51
45
14
-3
-11
-30
-25
-19
-2
10
22
42
34
36
32
29
37
38
30
45
30
7
-22
-61
-63
-69
-50
-37
-29
-7
-36
-50
-61
-75
-59
-51
-3
17
26
31
9
-37
-47
-41
-23
15
56
88
85
88
53
27
19
26
44
48
51
38
25
-1
-1
-19
-33
-31
3
-1
1
19
13
39
41
66
70
76
94
94
69
33
6
-53
-75
-63
-46
-27
-20
-11
-45
-68
-80
-89
-66
-45
-6
26
26
26
19
2
-11
-12
2
23
18
7
-9
-60
-88
-91
-92
-81
-49
-37
-32
-45
-55
-66
-58
-29
-5
10
1
4
-30
-24
-16
-9
0
8
16
-16
-12
-15
-16
7
23
8
13
9
-21
-14
-27
-11
16
28
56
64
61
72
61
50
42
42
48
61
88
76
66
59
10
-3
0
-4
4
11
41
38
35
24
10
-11
-23
-29
-4
12
24
56
50
29
19
-6
-23
-19
-19
0
3
-21
-48
-70
-95
-105
-81
-66
-17
4
28
37
1
14
-8
-44
-44
-62
-75
-93
-83
-56
-43
-8
2
25
36
33
38
50
36
41
53
62
76
55
56
10
-7
-28
-58
-54
-47
-18
21
21
31
5
-22
-18
-15
10
51
76
96
88
57
18
-14
-49
-37
-42
-42
-6
22
21
50
71
70
46
18
24
-12
-12
-21
-2
-27
-43
-52
-82
-76
-53
-21
49
92
113
120
105
34
-9
-53
-59
-69
-54
-21
-32
-37
-75
-94
-97
-89
-60
-10
27
33
18
9
-31
-36
-40
-33
8
41
36
12
9
-25
-42
-7
13
29
45
26
-10
-23
-53
-50
-39
-10
0
-12
-16
-14
-39
-35
-18
-12
0
12
31
34
36
33
17
9
7
6
40
24
1
-28
-45
-76
-83
-83
-61
-27
-10
22
9
19
39
51
67
73
74
70
47
-15
-50
-74
-87
-89
-50
-5
13
57
54
45
34
15
30
32
62
83
118
107
94
75
58
63
65
84
68
75
65
62
46
28
38
37
61
90
87
63
32
-9
-24
-12
0
26
53
73
59
30
1
-41
-67
-73
-75
-83
-88
-117
-138
-139
-134
-131
-115
-99
-95
-99
-100
-101
-114
-107
-82
-77
-68
-44
-44
-40
-59
-69
-87
-94
-92
-78
-63
-54
-37
-27
-38
-51
-44
-35
-7
27
50
70
85
66
64
54
53
49
72
56
68
68
79
88
97
107
89
90
61
47
14
28
25
35
66
83
107
105
106
110
95
75
50
50
46
42
55
55
83
99
99
80
57
14
-34
-61
-103
-123
-140
-135
-108
-80
-64
-45
-24
-23
-22
-23
-22
-34
-44
-36
-44
-51
-45
-75
-97
-125
-160
-194
-196
-206
-157
-125
-58
-12
12
30
30
33
2
3
7
12
16
21
15
26
29
15
29
24
38
56
74
109
127
125
112
106
88
83
88
82
84
67
63
74
58
79
110
144
169
187
191
168
140
92
37
-6
-34
-40
-20
12
20
21
10
-24
-72
-86
-104
-113
-106
-87
-74
-64
-20
-18
-1
-19
-50
-89
-145
-189
-215
-225
-215
-194
-181
-151
-135
-96
-91
-66
-76
-82
-72
-94
-87
-83
-73
-81
-70
-76
-80
-80
-62
-48
-33
12
30
66
81
79
72
35
23
-15
-20
-22
-13
4
27
49
61
96
133
182
213
227
209
182
138
107
92
93
103
107
104
97
107
114
134
125
135
149
135
146
136
124
126
78
51
24
-18
-37
-38
-39
-14
8
41
51
53
42
23
2
-21
-21
-32
-64
-91
-107
-132
-157
-178
-166
-174
-158
-149
-150
-136
-114
-90
-54
-19
-17
-7
-22
-61
-102
-135
-179
-181
-175
-157
-105
-74
-42
-44
-34
-61
-68
-59
-39
-4
28
47
31
17
-34
-69
-105
-113
-111
-78
-43
6
70
100
141
164
163
152
137
118
118
124
120
118
92
54
39
10
-3
13
62
100
135
151
155
158
124
111
89
75
59
65
49
50
23
7
-6
-16
16
31
57
77
88
71
35
-1
-64
-77
-101
-112
-87
-73
-62
-57
-42
-66
-72
-74
-74
-69
-37
-1
25
43
46
22
-30
-77
-130
-148
-149
-129
-96
-77
-70
-70
-83
-90
-95
-79
-83
-79
-69
-83
-89
-105
-97
-85
-66
-34
-35
-37
-27
-44
-64
-50
-48
-16
46
102
121
136
141
98
54
45
34
35
51
57
59
40
37
33
25
59
90
145
176
187
187
165
136
127
99
91
90
68
75
29
4
-13
-14
-8
15
51
66
99
92
103
100
76
62
21
13
11
15
11
14
1
-16
-25
-61
-93
-118
-117
-124
-88
-46
-27
-24
-43
-72
-127
-155
-193
-194
-177
-147
-110
-98
-84
-113
-110
-102
-103
-95
-70
-57
-66
-88
-84
-64
-71
-28
-12
8
9
-7
-49
-82
-109
-101
-66
-17
60
112
165
174
167
140
132
107
121
129
141
143
125
78
51
9
-11
-5
5
30
45
69
55
20
27
-8
2
34
57
92
77
88
60
46
25
30
41
52
78
75
76
43
0
-47
-90
-111
-100
-68
-38
14
22
16
-15
-66
-111
-138
-121
-84
-48
-6
14
36
27
22
15
-13
-40
-43
-60
-66
-71
-61
-46
-50
-43
-47
-59
-62
-60
-76
-53
-48
-32
-46
-37
-24
-8
25
48
60
54
41
-4
-30
-72
-56
-34
26
89
144
153
166
109
54
3
-40
-35
-26
26
49
87
108
82
69
41
39
32
37
64
57
50
49
42
25
52
55
61
51
23
13
-39
-56
-55
-40
-13
17
48
43
22
-16
-60
-107
-113
-114
-87
-66
-19
-5
6
-1
-23
-47
-96
-110
-92
-82
-72
-52
-57
-71
-89
-82
-74
-52
-33
-6
1
-19
-41
-67
-82
-88
-62
-30
6
-5
-5
-29
-54
-57
-69
-15
35
110
154
186
172
127
72
37
7
3
42
71
97
113
94
66
62
59
77
118
164
169
176
154
114
71
34
26
18
23
21
15
-28
-48
-61
-55
-50
-24
9
10
9
-15
-46
-95
-97
-113
-92
-52
-15
-3
11
-8
-51
-80
-108
-112
-102
-73
-34
-18
-21
-54
-96
-114
-159
-154
-143
-126
-101
-88
-60
-64
-59
-45
-24
-15
17
46
48
78
71
39
31
16
-9
-2
-8
18
-4
-3
-7
-20
-40
-40
-24
8
45
70
111
131
135
138
128
139
135
135
144
124
123
96
68
52
35
29
47
51
56
44
54
47
46
48
53
53
41
41
12
1
-19
-28
-28
-10
13
40
47
48
41
3
-26
-34
-59
-63
-66
-62
-45
-38
-33
-48
-57
-74
-85
-104
-106
-115
-122
-119
-108
-123
-120
-126
-149
-134
-143
-139
-110
-100
-80
-59
-60
-76
-107
-117
-125
-108
-101
-62
-47
-34
-18
-11
18
35
77
97
126
138
142
135
111
88
82
82
93
70
87
89
76
96
103
123
155
209
249
269
253
207
156
75
45
12
8
15
15
10
-23
-46
-63
-49
-39
9
45
29
31
2
-39
-62
-81
-84
-89
-72
-68
-62
-97
-103
-129
-138
-116
-97
-55
-24
-9
-13
-8
-47
-78
-100
-121
-138
-163
-158
-151
-114
-87
-37
11
18
9
1
-17
-48
-13
10
17
39
29
13
-14
-29
-35
-27
-1
51
85
94
114
109
114
101
125
154
174
184
165
130
67
31
0
1
16
58
127
142
152
120
83
46
30
53
71
115
166
187
187
137
78
1
-69
-110
-129
-110
-94
-66
-61
-66
-72
-79
-83
-99
-114
-132
-149
-197
-227
-261
-266
-251
-200
-159
-105
-65
-62
-59
-93
-96
-112
-103
-80
-54
-34
-21
-27
-53
-76
-92
-100
-102
-72
-32
15
56
89
95
91
87
59
64
57
101
115
121
123
106
100
75
70
79
103
141
173
183
174
137
103
57
22
29
19
40
54
76
90
76
85
74
68
57
73
58
69
67
63
50
16
8
-13
-34
-26
-12
3
15
15
6
-25
-46
-55
-73
-75
-66
-63
-64
-74
-73
-79
-59
-62
-57
-67
-86
-101
-117
-117
-139
-112
-96
-81
-61
-50
-33
-22
-27
-30
-24
-36
-34
-35
-46
-66
-65
-72
-68
-51
-43
-2
14
32
30
18
34
16
3
3
4
-7
-16
-8
-9
-17
-16
-8
-19
-17
13
33
59
84
117
129
126
111
99
89
80
76
82
98
90
104
104
100
100
95
113
117
117
104
90
56
9
-7
-37
-41
-39
-20
-7
32
65
82
88
92
83
34
21
-17
-52
-54
-75
-72
-91
-111
-121
-134
-133
-138
-128
-117
-118
-95
-86
-84
-60
-79
-91
-124
-145
-181
-171
-148
-111
-89
-59
-58
-60
-87
-98
-105
-113
-82
-74
-42
-23
-7
-20
-34
-60
-88
-99
-100
-52
-19
33
64
88
122
112
130
131
145
168
159
181
170
143
118
107
95
109
111
134
166
185
202
200
212
195
196
208
214
216
211
178
143
94
36
-5
-15
-19
3
31
53
65
58
24
-9
-30
-68
-82
-109
-102
-121
-147
-157
-189
-207
-190
-177
-144
-115
-88
-78
-74
-90
-114
-128
-147
-154
-176
-166
-194
-204
-215
-225
-218
-196
-138
-89
-56
-18
0
-12
-14
-36
-50
-68
-70
-58
-68
-79
-85
-58
-67
-45
-1
35
79
128
171
184
198
192
171
137
99
74
68
67
94
106
131
123
122
128
131
143
167
181
171
184
165
141
116
113
104
119
135
148
151
130
102
95
69
74
89
106
118
101
84
41
-17
-64
-111
-153
-194
-205
-204
-206
-192
-186
-164
-167
-145
-126
-105
-79
-79
-106
-136
-167
-196
-215
-226
-212
-211
-200
-194
-187
-186
-150
-116
-99
-71
-41
-33
-32
-27
-27
-19
-14
-4
-9
-1
2
28
37
58
97
100
102
113
126
123
130
125
108
105
101
80
100
123
137
156
187
202
207
209
215
210
194
201
200
180
170
164
141
115
84
47
42
20
21
25
33
52
41
57
30
9
-17
-24
-55
-81
-92
-125
-132
-162
-173
-188
-189
-200
-198
-203
-185
-160
-166
-172
-187
-199
-230
-200
-191
-163
-136
-119
-111
-153
-176
-193
-199
-164
-126
-58
-7
27
35
30
22
4
15
-2
-5
-16
-18
-38
-38
-30
-30
14
44
75
118
161
183
201
197
188
177
159
152
163
144
142
131
113
121
139
145
167
188
213
210
232
244
233
223
188
146
88
45
18
7
-8
2
21
29
31
23
15
-3
-2
-6
-14
-11
-19
-33
-48
-60
-90
-94
-110
-130
-144
-155
-182
-190
-195
-178
-164
-137
-123
-119
-100
-115
-118
-144
-171
-184
-187
-173
-148
-109
-93
-102
-95
-112
-106
-87
-65
-13
-17
-5
-24
-54
-75
-82
-57
-43
-5
16
23
5
3
-3
8
30
94
147
192
208
203
188
123
83
57
44
61
90
112
121
121
101
72
75
81
112
134
154
139
127
83
64
48
43
48
52
42
12
-5
-19
-33
-36
-35
-22
-6
-5
15
28
14
11
-9
-28
-62
-76
-90
-87
-91
-85
-70
-54
-41
-26
-6
-17
-30
-47
-54
-69
-68
-78
-82
-64
-54
-43
-38
-47
-51
-48
-51
-25
-26
1
18
28
21
18
24
-9
-15
-21
-31
-28
-22
3
13
34
43
48
49
22
13
-5
-1
14
36
61
63
69
67
33
38
34
52
27
35
27
3
-9
-18
3
7
40
57
55
45
28
-18
-46
-74
-68
-34
7
55
92
97
85
57
19
2
7
32
40
50
39
21
-25
-43
-56
-54
-51
-31
-12
-33
-40
-60
-74
-85
-63
-52
-31
-29
-24
-30
-59
-73
-103
-134
-120
-105
-78
-39
-28
-6
-26
-39
-47
-71
-79
-86
-64
-56
-27
-9
6
-12
-4
-8
-7
6
4
18
28
33
29
29
5
13
30
37
65
101
108
105
111
106
100
90
107
124
131
138
124
99
56
45
31
27
32
59
58
71
77
64
70
55
48
63
55
48
65
56
38
29
16
-11
-23
-28
-49
-49
-54
-52
-39
-26
-5
-6
-2
-7
-35
-71
-88
-116
-138
-147
-145
-147
-136
-111
-110
-98
-90
-80
-99
-95
-95
-80
-66
-39
-22
-32
-44
-59
-73
-86
-81
-74
-63
-50
-14
10
34
57
78
82
101
94
85
72
54
47
27
31
23
33
43
35
49
59
65
78
94
103
105
114
119
106
124
104
82
55
19
-9
-10
-20
1
26
38
50
47
26
10
-16
-21
-6
-17
-30
-33
-48
-84
-84
-103
-122
-117
-105
-91
-70
-47
-41
-23
-32
-45
-53
-73
-78
-78
-76
-61
-53
-70
-63
-67
-78
-64
-34
-15
8
33
49
42
40
23
7
0
17
14
34
58
54
55
39
21
1
4
11
50
68
82
114
113
99
116
115
96
102
84
80
66
55
43
35
25
16
18
30
23
25
14
15
-5
2
-3
4
30
33
50
40
34
-3
-7
-30
-41
-54
-56
-54
-50
-42
-53
-70
-96
-110
-119
-107
-96
-74
-62
-53
-58
-50
-62
-77
-72
-83
-67
-46
-37
-25
-20
-22
-27
-52
-49
-52
-47
-29
-10
-15
-24
-27
-33
-17
-4
21
31
40
50
36
22
32
37
58
99
114
123
104
87
67
29
24
1
4
7
40
38
42
55
67
75
63
71
67
57
34
26
28
31
19
28
17
10
8
13
20
11
28
34
35
34
18
7
-3
0
-4
-10
-21
-43
-55
-64
-73
-59
-36
-7
7
15
-2
-16
-43
-54
-64
-65
-61
-56
-73
-73
-104
-129
-129
-131
-127
-113
-78
-50
-35
-10
1
-3
-7
-23
-38
-54
-44
-41
-31
-26
-18
-24
-16
-2
7
29
44
60
53
68
53
48
55
38
52
40
56
50
53
71
83
73
78
69
50
50
46
69
71
95
98
92
63
46
3
-16
-18
-11
6
22
39
35
48
39
48
38
38
21
29
11
-6
-12
-15
-16
-18
-2
-15
-17
-33
-32
-23
-8
9
24
24
18
-11
-38
-72
-101
-97
-94
-72
-69
-71
-73
-81
-83
-73
-45
-27
16
40
55
50
39
22
12
-23
-37
-29
-42
-42
-45
-67
-77
-62
-49
-22
23
42
48
46
21
9
-19
-10
-8
18
28
36
33
4
-18
-48
-33
-34
-1
20
48
63
52
37
21
-1
2
11
22
53
39
44
36
17
12
2
11
15
29
50
59
77
56
45
10
-7
-15
-11
-16
-14
1
-6
-6
-13
-22
-37
-23
-34
-32
-30
-34
-45
-49
-51
-53
-49
-53
-56
-63
-83
-95
-87
-89
-68
-61
-34
-34
-27
-18
-21
-14
-14
-7
-7
2
5
12
2
2
-4
-15
8
14
37
56
74
73
63
47
32
-8
-2
14
22
46
60
81
67
83
86
65
68
67
61
60
64
78
86
87
99
92
77
60
50
38
45
48
47
61
58
45
31
16
-11
-7
-10
-7
-9
2
-7
-19
-23
-39
-47
-38
-34
-24
-19
-20
-21
-52
-80
-98
-98
-103
-86
-68
-47
-67
-85
-128
-145
-151
-131
-88
-68
-28
-42
-47
-68
-103
-107
-101
-101
-72
-59
-63
-51
-56
-45
-54
-23
5
18
27
36
44
25
37
39
66
68
88
98
83
81
58
53
49
56
73
95
106
127
118
127
119
111
94
98
90
85
94
81
85
64
57
36
23
17
25
23
34
48
38
35
7
-23
-61
-80
-91
-88
-71
-74
-72
-78
-86
-108
-104
-100
-77
-64
-38
-14
-27
-43
-79
-100
-142
-130
-116
-102
-75
-59
-46
-59
-76
-105
-102
-95
-66
-33
-6
-5
-12
-27
-58
-66
-66
-35
-12
17
45
55
62
57
63
69
67
75
88
94
113
111
116
108
100
106
103
109
106
110
104
115
123
125
138
149
174
168
158
141
102
85
55
48
49
39
35
40
26
7
-7
-26
-41
-37
-43
-56
-53
-59
-74
-74
-64
-62
-63
-72
-88
-109
-149
-149
-157
-155
-142
-114
-102
-102
-101
-94
-98
-104
-105
-100
-95
-103
-102
-100
-102
-83
-51
-29
-20
-10
-19
-39
-45
-65
-61
-53
-14
8
28
35
32
11
-3
-9
4
31
41
61
80
93
81
84
66
70
60
70
78
89
107
98
91
76
68
63
58
59
73
83
99
107
90
81
56
45
44
38
31
29
34
39
21
31
42
32
30
18
4
-28
-45
-69
-95
-96
-85
-75
-68
-60
-55
-69
-79
-81
-80
-63
-57
-30
-40
-35
-42
-44
-28
-18
1
9
16
13
-5
-33
-42
-41
-35
-15
13
30
50
47
52
20
12
-5
-23
-21
-14
1
15
31
26
38
24
23
10
0
10
22
30
40
47
36
30
5
-8
-10
-14
-2
17
29
31
27
24
3
-1
6
15
17
32
31
28
19
0
6
2
8
32
31
12
0
-15
-36
-43
-32
-24
-5
-3
-8
-28
-55
-70
-84
-80
-63
-37
-12
-14
-18
-37
-57
-54
-57
-44
-19
-6
4
13
6
-19
-30
-27
-32
-3
-1
15
9
6
-1
-13
-7
-4
10
12
27
33
24
-3
-9
-22
-21
3
13
15
25
14
11
5
-3
7
12
31
26
21
2
-19
-27
-35
1
28
64
74
73
60
26
11
-2
6
24
32
50
45
34
12
-4
-4
-7
7
22
43
49
51
45
15
-1
-8
-17
-2
-1
16
16
13
16
13
7
16
19
1
-3
-23
-33
-44
-45
-40
-17
-9
2
-7
-18
-17
-24
-10
-7
-9
-7
0
-10
-15
-25
-38
-50
-57
-51
-43
-43
-43
-39
-53
-31
-20
-16
-11
-3
-14
-31
-34
-51
-43
-48
-32
-19
2
21
24
29
42
46
61
49
45
34
38
30
34
59
52
69
57
38
26
25
17
10
22
33
33
37
56
52
48
50
38
18
-12
-18
-30
-42
-23
-18
-17
-4
-6
0
3
8
10
3
-2
-34
-56
-61
-72
-71
-45
-39
-30
-29
-15
-28
-25
1
2
26
24
36
2
-20
-54
-69
-100
-89
-86
-69
-47
-32
-26
-24
-11
-20
0
-3
2
3
-9
-26
-30
-41
-56
-36
-17
-1
28
45
56
52
53
36
47
65
71
98
87
72
49
26
2
-12
-11
11
8
22
28
38
33
47
68
63
89
95
86
67
59
46
47
27
19
19
1
10
0
8
-16
-23
-21
-17
-3
-4
21
11
20
5
-13
-27
-46
-56
-57
-46
-55
-67
-84
-72
-68
-52
-34
-25
-24
-33
-47
-55
-71
-79
-82
-74
-64
-58
-41
-33
-29
-28
-36
-30
-27
-32
-2
4
17
28
20
12
-10
-18
-28
-13
-7
14
45
53
71
68
68
69
65
63
74
81
94
90
91
74
60
48
31
28
37
52
55
52
54
33
15
0
-23
-39
-53
-35
-38
-11
-16
2
13
20
17
26
39
19
10
-11
-29
-57
-55
-71
-64
-65
-74
-64
-78
-89
-80
-79
-72
-56
-63
-43
-38
-46
-52
-60
-50
-61
-49
-50
-34
-30
-35
-20
-30
-25
-18
8
27
43
63
56
56
46
40
30
23
28
31
31
23
24
20
26
36
76
81
99
98
88
72
55
52
33
40
46
38
37
22
27
23
23
47
58
64
83
72
76
47
29
21
5
-1
-9
-2
-30
-46
-79
-97
-104
-98
-85
-67
-30
-24
0
-6
-22
-12
-28
-17
-17
-22
-29
-40
-72
-76
-96
-91
-68
-39
-30
-18
-1
-28
-21
-49
-39
-37
-23
-14
1
-3
0
-10
-22
-14
-6
25
38
67
64
54
45
40
30
20
46
43
56
51
28
6
-10
-19
-25
-12
3
21
17
24
14
2
-1
-5
-11
-1
9
27
30
26
24
3
-9
-16
-28
-43
-27
2
9
18
15
18
8
-6
8
15
-3
13
14
8
4
10
5
1
9
5
0
-10
-22
-13
-22
-13
-5
-5
-2
-8
-6
-23
-25
-23
-13
-13
-12
-3
-11
-17
-11
-20
-30
-43
-49
-58
-53
-52
-47
-40
-27
4
16
41
52
58
61
56
47
37
18
-1
-7
-12
-10
5
23
25
35
39
27
42
41
32
37
52
34
37
28
-5
-11
-31
-19
-25
-1
17
34
56
47
53
49
45
36
11
4
-14
-30
-35
-44
-58
-49
-52
-60
-43
-24
-8
23
43
59
46
47
32
2
0
-20
-10
-16
-25
-43
-64
-71
-60
-33
-14
-7
12
14
-12
-45
-49
-62
-62
-59
-35
-46
-72
-58
-61
-46
-34
-19
-30
-11
-3
-6
-1
-3
-3
-9
-10
-5
10
8
25
27
37
14
16
26
31
59
78
94
78
48
43
15
-5
-9
-5
9
7
35
39
45
31
30
14
23
20
20
27
25
40
32
