0
0
-1
0
0
0
0
-1
0
0
0
0
0
0
0
0
0
0
0
0
0
0
-1
0
0
0
0
0
0
0
0
0
1
0
-1
0
0
0
0
0
0
0
0
0
0
0
0
0
0
0
0
0
0
0
-1
0
0
0
0
0
0
0
0
0
0
0
0
0
1
0
0
0
0
0
0
0
1
0
0
0
1
1
0
0
0
-1
1
1
0
0
0
0
0
0
0
1
0
0
0
1
0
0
0
0
0
-1
0
0
0
0
0
0
0
0
0
0
-1
-1
-1
0
0
0
0
-1
0
0
0
0
0
0
0
0
0
1
0
1
0
0
0
0
0
0
1
-1
0
1
-1
0
0
0
0
0
0
0
-1
0
0
0
-1
0
-1
0
0
0
0
0
-1
0
0
0
0
0
0
-1
0
0
0
0
0
0
0
0
-1
-1
0
0
0
0
0
1
0
0
0
0
0
-1
0
0
0
0
0
0
0
0
0
1
0
1
0
0
1
-1
1
0
0
0
-1
-1
0
0
0
-1
0
-1
0
0
0
-1
0
0
0
0
1
0
0
0
0
0
0
1
0
1
0
0
0
0
0
0
1
0
0
0
1
1
0
0
0
0
0
0
0
0
-1
1
0
0
0
0
0
0
0
1
0
0
-1
0
0
0
-1
-1
0
0
1
0
-1
0
0
0
0
0
0
-1
-1
0
0
-1
1
0
1
0
0
0
0
0
0
1
0
0
0
-1
0
0
0
0
0
1
-1
0
0
0
0
0
0
0
0
0
1
0
0
0
0
0
0
-1
0
0
-1
0
0
-1
0
0
0
0
0
0
0
0
1
0
0
-1
1
0
0
-1
-1
0
0
0
1
-1
0
0
0
-1
1
0
0
0
1
-1
0
0
0
0
0
0
0
0
0
0
0
-1
0
0
0
0
0
0
0
0
0
0
1
-1
0
0
-1
1
0
0
0
0
0
0
0
0
0
0
0
0
0
0
-1
0
0
0
0
0
0
0
-1
0
0
0
-1
0
0
-1
-1
0
0
0
0
0
1
1
-1
0
-1
0
0
0
0
0
0
0
0
1
0
0
0
0
-1
1
0
0
1
0
0
0
0
0
1
1
0
0
0
0
0
-1
0
-1
1
0
1
0
0
1
0
0
1
0
0
0
1
-1
-1
1
0
0
0
-1
0
0
1
0
0
0
0
0
0
-1
0
0
0
-1
0
0
1
1
-1
0
0
0
0
0
0
0
0
0
-1
1
0
0
1
0
0
0
0
1
-1
0
0
0
0
-1
1
0
0
-1
0
0
0
0
0
-1
0
-1
1
0
0
1
0
0
0
0
0
0
0
0
-1
0
0
0
1
0
1
0
0
0
0
-1
0
0
1
1
0
0
0
-1
-1
0
0
0
-1
0
0
1
0
1
0
0
1
0
0
1
0
0
0
0
0
0
0
0
0
0
0
-1
1
0
0
0
0
0
0
0
0
0
0
-1
0
-1
0
0
0
0
0
-1
0
0
0
1
0
0
0
0
0
0
0
0
0
-1
1
1
-1
0
0
0
0
0
0
0
0
0
0
0
0
0
-1
0
0
0
0
0
0
0
0
-1
0
0
0
0
-1
0
-1
0
0
0
0
0
-1
0
0
-1
0
0
0
1
0
0
0
0
0
0
1
0
0
0
0
0
1
0
0
0
1
1
0
0
0
0
0
0
0
0
1
1
1
0
0
-1
0
0
0
-1
-1
0
0
0
0
0
0
0
0
0
0
0
0
0
0
0
0
0
0
0
0
0
1
1
1
0
-1
0
0
0
0
0
0
1
-1
-1
0
0
0
0
0
1
0
-1
0
0
0
0
0
0
0
0
-1
0
0
0
0
1
0
0
0
0
0
-1
1
1
0
0
0
0
1
0
0
0
0
0
0
0
0
0
0
0
0
1
0
0
0
0
0
0
1
0
0
0
0
0
0
0
0
0
0
1
0
-1
0
0
0
0
-1
0
0
0
0
0
0
-1
0
0
-1
0
0
0
-1
1
0
0
0
0
0
0
0
0
0
0
0
0
0
-1
0
-1
0
0
0
0
0
0
0
0
0
1
0
0
0
0
0
0
0
0
0
0
0
1
0
0
0
0
0
0
0
0
0
-1
0
0
1
0
0
0
0
0
0
0
1
0
0
0
0
0
0
-1
0
1
0
0
0
0
0
0
0
0
-1
0
0
0
0
0
0
0
0
1
0
-1
0
1
0
0
-1
0
0
0
0
-1
0
0
0
0
1
0
0
0
0
0
0
0
0
-1
0
0
0
0
0
0
0
0
0
1
0
0
0
0
0
1
0
0
1
0
1
-1
0
0
0
0
0
0
0
0
-1
0
-1
-1
0
0
0
0
0
0
0
0
0
0
-1
0
-1
0
0
0
0
0
0
-1
0
0
0
0
0
0
0
0
0
0
0
0
0
0
0
0
0
1
1
0
-1
0
0
0
0
0
0
0
0
0
0
0
0
0
0
0
0
1
0
0
0
0
0
1
0
0
0
0
0
0
0
-1
-1
0
0
0
0
0
-1
-1
0
0
0
-1
1
0
0
-1
0
0
0
0
0
0
0
0
0
0
0
0
0
0
0
0
1
0
0
-1
0
0
0
0
0
0
1
0
0
-1
-1
0
0
0
0
-1
0
0
0
0
0
1
0
0
1
0
1
0
0
0
0
0
0
-1
0
0
0
0
0
0
1
0
0
0
0
0
0
-1
-1
0
-1
0
0
0
0
0
0
0
0
0
0
0
0
0
0
-1
0
0
0
0
1
0
0
0
0
0
0
0
0
0
0
-1
1
-1
0
0
0
0
0
0
0
0
1
0
1
0
0
0
1
-1
0
0
0
0
0
0
0
0
0
0
-1
0
0
0
0
1
1
0
1
0
0
0
0
0
0
0
0
0
0
-1
-1
-1
-1
0
0
0
0
0
-1
0
0
0
0
0
-1
0
-1
0
1
0
0
1
0
0
-1
0
-1
0
0
0
-1
0
1
-1
0
0
0
0
-1
0
1
0
-1
1
1
0
1
-1
0
0
1
0
0
-1
1
0
0
1
0
0
0
0
1
0
0
0
0
1
0
-1
0
-1
0
1
0
1
-1
0
1
0
0
0
0
0
-1
0
0
0
0
0
0
0
0
0
0
-1
0
1
0
1
0
-1
0
0
1
0
0
0
0
0
0
-1
0
-1
0
0
0
0
0
0
0
1
0
1
0
0
0
0
0
-1
0
0
0
0
0
-1
0
0
0
0
0
0
1
0
0
0
0
1
0
0
0
0
0
0
0
0
0
-1
0
1
0
0
0
0
0
0
0
0
0
0
0
0
0
0
0
-1
1
0
0
0
-1
0
0
0
1
0
0
0
-1
0
0
0
0
1
1
0
1
0
0
-1
0
-1
0
0
0
0
0
0
0
0
0
0
0
0
0
1
0
0
0
0
0
0
0
0
0
0
0
0
0
0
0
0
0
0
1
0
0
0
1
0
0
0
0
0
0
0
0
1
1
0
0
1
0
0
0
0
0
1
0
0
-1
1
0
-1
-1
0
0
0
0
0
1
0
1
0
0
0
1
0
-1
0
-1
0
0
-1
0
0
0
-1
0
0
0
0
0
0
0
0
1
-1
0
0
0
0
-1
0
0
0
0
0
1
0
0
0
0
0
0
0
0
1
1
0
0
0
0
0
0
0
0
0
1
0
-1
0
0
0
0
0
0
0
0
0
0
1
0
1
1
1
0
0
0
0
0
0
0
0
0
0
0
0
-1
0
0
0
-1
0
-1
0
0
0
0
0
0
0
-1
1
-1
-1
-1
-2
-1
0
1
1
1
0
1
1
0
0
0
0
1
1
1
0
1
1
1
1
0
1
1
0
1
1
0
0
0
0
0
-1
0
-1
0
-1
0
-1
-1
-1
-1
0
-1
-1
-1
0
-1
-1
-1
-1
-1
-1
-1
-2
-1
-1
-1
-1
-1
0
0
-1
0
-1
-1
-1
-1
0
0
1
1
0
0
1
-1
1
1
1
0
0
1
1
1
1
1
1
1
1
1
1
1
1
1
1
1
1
1
1
1
1
1
1
1
1
0
0
0
1
0
0
1
1
1
1
0
0
0
0
0
0
-1
0
-1
-1
-1
-1
-1
-1
0
-1
-1
-1
-1
-1
-1
0
0
-1
-1
-1
0
0
-1
0
-1
-1
0
0
0
0
-1
-1
0
0
0
0
0
0
-1
0
0
-1
-1
0
0
-1
-1
0
0
0
-1
0
-1
-1
-1
0
0
0
0
-1
-1
-1
0
0
0
0
0
0
0
0
0
1
0
0
0
1
0
1
0
0
0
0
0
1
1
1
0
0
0
1
1
1
1
0
1
1
0
1
0
1
1
0
1
1
1
0
1
0
0
0
1
0
1
0
0
1
1
1
1
1
1
1
1
1
1
1
1
1
1
1
1
2
1
0
1
1
0
2
1
1
1
0
0
0
1
0
1
0
0
0
-2
-1
-1
-1
-1
-1
-1
-1
-1
-1
-2
-2
-3
-3
-2
-1
-2
-3
-3
-2
-3
-2
-3
-2
-3
-3
-4
-4
-4
-3
-2
-2
-2
-3
-2
-2
-2
-3
-3
-4
-3
-2
-2
-1
-2
-2
-2
-2
-1
-1
-1
0
0
-1
2
1
1
1
0
0
2
2
1
2
2
4
5
4
4
3
3
2
4
4
5
5
6
6
4
5
4
4
4
3
4
6
3
5
2
2
1
1
-1
-1
-2
-2
-2
-3
-3
-5
-5
-9
-4
-3
-4
0
-1
-5
-6
-5
-2
-3
-1
-2
-2
-2
-3
-2
-8
-4
-6
-9
-7
-6
-9
-8
-5
-4
3
-1
3
-3
-12
-7
-14
-7
2
1
8
8
6
2
-4
-5
3
8
5
11
3
16
9
20
21
21
20
10
13
17
22
24
21
26
16
25
19
15
22
9
32
30
17
8
4
7
15
24
28
30
27
11
20
10
10
20
1
2
27
10
-19
-15
-42
-52
-28
-23
-19
-16
-20
-34
-33
-41
-55
-57
-62
-62
-70
-54
-64
-61
-64
-78
-83
-80
-75
-66
-68
-54
-36
-42
-47
-34
-53
-53
-48
-52
-25
-25
-6
2
-11
24
22
46
60
53
73
47
40
42
44
60
71
79
98
75
90
86
91
81
92
94
89
70
83
67
52
46
29
53
12
35
30
13
21
20
47
24
25
34
13
8
-24
-33
-37
-18
-26
-30
-24
-50
-58
-54
-47
-25
-16
12
-1
-3
-5
-19
-49
-49
-55
-59
-24
-36
-27
-38
-33
-33
-35
-41
-27
-24
-41
-28
-40
-27
-29
-5
-1
-18
-5
-9
-6
-8
-16
-10
-6
2
8
21
14
4
-6
0
-9
5
7
-22
-11
-27
-24
-32
-15
-26
-41
-17
-5
9
11
28
21
19
14
9
15
34
19
36
44
39
59
25
49
35
32
48
61
56
54
75
66
83
50
51
25
12
9
5
7
8
11
-12
2
-11
0
8
11
-3
-14
-11
-24
-30
-40
-38
-47
-40
-47
-48
-69
-69
-72
-84
-62
-56
-20
-16
3
-7
-35
-21
-44
-37
-37
-22
1
-21
-14
-23
-25
-35
-37
-8
6
4
24
54
37
50
51
50
30
28
20
10
23
16
15
1
11
4
26
14
21
13
7
-5
-9
-6
-6
0
-3
11
11
32
10
18
1
-9
-26
-20
-19
-6
-2
-2
2
-11
-9
-6
-9
-6
17
34
39
-6
7
-16
-8
-10
0
16
5
10
8
-1
-32
-8
-23
-16
14
31
26
31
52
21
19
17
15
18
22
26
18
-2
-12
-22
-44
-44
-31
-29
3
4
3
-2
-3
-15
-20
2
3
12
6
3
-27
-31
-50
-42
-44
-30
-17
-8
-10
-6
-8
-5
-1
13
2
26
37
49
37
16
13
-22
-16
10
17
25
59
40
28
5
3
-4
15
21
39
58
65
88
92
79
63
72
63
66
43
15
24
5
-4
7
10
-1
12
13
-9
-7
-19
-41
-54
-71
-79
-86
-84
-87
-73
-91
-101
-124
-129
-130
-121
-108
-107
-86
-94
-77
-97
-81
-90
-60
-73
-67
-49
-67
-49
-74
-56
-57
-47
-38
-19
-26
-6
9
16
49
28
39
46
50
71
60
77
76
97
111
101
100
107
102
107
105
108
119
125
128
118
111
93
71
57
60
60
60
59
64
71
84
73
51
59
35
41
52
64
60
48
56
48
41
-8
4
-24
-37
-3
2
-2
-19
-8
-20
-22
-35
-51
-57
-53
-56
-34
-25
-44
-50
-81
-79
-105
-116
-108
-96
-82
-79
-71
-80
-54
-86
-71
-53
-69
-51
-51
-54
-55
-80
-80
-76
-82
-56
-63
-33
-39
-27
-31
-15
-9
0
6
18
33
14
24
12
7
27
9
15
31
34
42
64
70
57
60
61
63
62
52
51
50
24
20
7
7
-5
-10
-6
-16
-24
-34
-24
-12
-8
9
-11
-3
-27
-42
-61
-45
-51
-47
-36
-33
-38
-30
2
-10
18
4
3
-18
-16
-25
-11
-9
7
18
19
11
4
-6
-6
2
-2
38
48
89
76
82
67
61
51
44
50
59
61
65
64
56
35
33
48
37
54
66
73
69
79
64
56
53
47
44
44
37
39
31
36
41
28
46
38
39
18
15
9
-8
14
-20
-32
-54
-66
-70
-80
-74
-93
-79
-84
-88
-91
-76
-73
-64
-56
-77
-64
-67
-79
-78
-57
-64
-58
-67
-69
-89
-83
-49
-59
-28
-14
-4
0
-9
-15
-41
-35
-45
-15
0
2
12
22
-17
-39
-33
-59
-21
6
35
58
47
57
39
16
-2
7
22
29
47
53
49
26
31
6
32
70
68
87
85
69
38
20
11
12
32
38
70
64
60
48
37
-6
-21
-18
-35
-9
-16
-1
-33
-27
-53
-26
-37
-49
-45
-40
-38
-34
-37
-58
-60
-79
-75
-69
-48
-31
-17
-22
-30
-28
-50
-46
-21
-10
16
35
27
37
34
43
42
27
43
62
55
71
69
47
25
13
24
31
61
56
71
60
51
55
37
41
61
78
70
86
57
27
18
-9
25
0
36
48
47
33
30
12
-27
-30
-35
-11
-13
0
9
15
-16
-21
-33
-65
-60
-74
-64
-68
-66
-81
-84
-95
-87
-89
-76
-65
-59
-40
-35
-26
-44
-37
-51
-48
-43
-41
-42
-45
-49
-50
-39
-37
-7
-8
19
30
15
26
23
17
28
36
55
38
53
56
76
73
83
61
64
44
42
39
37
63
60
74
46
47
45
43
32
51
24
25
23
2
-10
-22
-28
-27
-21
-16
-17
-28
-22
-19
-31
-43
-45
-49
-58
-67
-64
-75
-81
-85
-89
-60
-41
-45
-22
-36
-48
-50
-39
-51
-29
-3
-4
-1
-17
-29
-20
-18
-24
-15
-10
-7
-8
6
-12
-1
14
15
43
32
40
50
19
30
45
58
73
100
102
79
69
69
55
60
71
85
86
63
65
71
66
45
51
13
24
46
27
40
14
19
-1
-24
-4
-9
-2
-5
5
8
1
0
-44
-51
-59
-79
-75
-78
-51
-55
-20
-34
-47
-51
-54
-55
-55
-38
-39
-29
-34
-18
-25
-29
-14
-20
-37
-5
-5
8
-4
6
30
11
22
7
6
23
26
37
37
34
34
17
5
10
-22
-17
9
12
34
34
57
40
45
52
40
35
31
39
21
36
22
13
14
-8
-14
-9
-15
-3
-11
-11
-8
1
-5
-38
-52
-67
-60
-49
-43
-57
-61
-95
-95
-82
-100
-76
-69
-72
-76
-63
-69
-46
-35
-42
-25
-36
-33
-56
-55
-83
-52
-36
-13
0
-6
8
-1
2
0
3
6
21
39
57
37
50
45
52
36
63
48
42
27
17
53
21
51
61
70
95
99
117
87
94
76
78
83
71
86
103
93
101
100
76
91
70
84
87
90
65
61
57
46
55
59
61
20
20
1
-18
-7
27
23
13
16
-23
-52
-69
-78
-65
-66
-48
-68
-51
-64
-97
-110
-135
-131
-122
-100
-64
-53
-74
-67
-97
-116
-153
-153
-148
-121
-108
-81
-59
-97
-86
-103
-94
-66
-64
-59
-44
-21
-24
4
1
14
16
25
7
-13
-5
-8
1
19
39
53
56
51
35
20
18
30
57
90
108
106
105
68
69
51
50
66
47
85
90
108
75
73
55
31
38
49
79
72
70
60
28
-2
-25
-36
-28
-18
8
-5
13
-9
-37
-37
-57
-40
-24
-22
-20
4
-19
-37
-42
-53
-72
-69
-44
-26
-43
-29
-41
-63
-57
-41
-11
-12
31
53
48
37
36
30
30
25
11
21
27
38
27
23
24
25
32
41
43
40
55
31
38
17
15
32
22
12
6
18
-16
-18
-1
2
-2
6
-4
-7
-19
-25
-29
-25
-34
-52
-70
-75
-74
-63
-30
-47
-34
-45
-63
-57
-49
-31
-25
-10
-32
-31
-19
-16
-17
-10
5
14
-11
-27
-30
-70
-59
-43
-4
1
13
42
45
36
31
25
7
10
4
13
33
20
22
41
12
41
66
68
69
66
78
61
66
63
51
33
35
30
19
18
23
21
6
-18
-15
-11
-29
-33
-40
-34
-33
-27
-24
-20
-16
-33
-21
-24
-48
-21
-51
-22
-11
1
7
18
11
-14
-2
-12
10
0
18
28
41
47
27
25
17
7
6
-5
-1
14
13
14
-1
-19
-14
-9
1
21
22
18
18
1
-35
-21
-41
-49
-40
-20
-19
-6
-15
-38
-57
-35
-32
-16
1
-8
14
9
-1
-21
-23
-15
-13
10
23
28
2
-14
-6
-19
4
8
34
45
48
56
45
19
29
12
5
11
8
-5
-11
19
-5
9
-12
-28
-30
-40
-40
-41
-26
-51
-42
-42
-53
-54
-42
-32
-10
-5
9
-14
-39
-44
-35
-38
-27
-22
-23
-17
-23
2
-11
3
-19
4
-14
-3
16
20
43
42
47
54
44
49
80
80
96
122
114
112
100
82
56
59
72
91
104
99
100
90
79
63
33
41
32
29
24
31
30
2
35
19
14
-4
-37
-63
-70
-67
-35
-37
-37
-58
-78
-88
-108
-115
-144
-146
-139
-129
-125
-134
-125
-131
-130
-135
-134
-115
-94
-95
-57
-47
-51
-34
-30
-21
-16
-8
24
25
43
51
54
61
56
57
56
59
64
73
62
95
97
103
85
73
54
72
72
69
82
75
87
63
70
32
22
11
12
44
37
55
46
36
-5
-18
-47
-63
-75
-53
-55
-31
-27
-42
-36
-64
-77
-95
-83
-56
-39
-39
-37
-35
-53
-55
-53
-34
-32
-42
-47
-41
-52
-56
-63
-45
-28
-22
6
10
-5
15
41
40
43
56
72
68
66
53
83
74
97
109
94
104
82
88
67
45
66
57
60
66
79
93
75
65
50
49
60
66
77
46
26
18
-7
-15
-24
-19
-27
-24
-18
-33
-20
-56
-79
-91
-102
-101
-100
-100
-103
-110
-98
-97
-114
-110
-81
-86
-75
-50
-51
-37
-36
-35
-55
-59
-66
-67
-53
-64
-56
-50
-38
-30
-13
-1
4
8
2
17
23
67
57
45
66
52
29
20
18
35
44
85
98
99
97
87
69
54
63
68
74
77
69
71
79
77
69
40
36
9
-4
-3
3
22
24
40
19
20
-8
-33
-37
-71
-70
-66
-54
-46
-41
-65
-75
-66
-61
-35
-23
24
0
-14
-37
-65
-83
-118
-98
-80
-69
-35
-34
-23
-53
-49
-68
-79
-74
-75
-43
-27
-14
9
-8
1
4
-10
8
2
17
14
40
60
61
65
67
57
77
93
93
90
77
69
61
63
61
58
69
68
78
70
70
72
66
88
86
93
70
55
45
43
41
29
29
29
8
19
1
-12
-30
-59
-52
-44
-45
-38
-31
-20
-38
-27
-40
-85
-74
-97
-84
-72
-65
-41
-34
-24
-21
-30
-39
-44
-50
-37
-57
-73
-81
-96
-88
-90
-70
-66
-49
-37
2
-6
-1
-13
-12
-24
-39
-28
-41
-26
-22
3
21
26
32
32
28
23
6
-2
16
15
41
73
60
72
66
45
54
41
40
42
43
36
51
57
58
62
62
80
86
116
110
106
72
41
17
10
5
3
21
17
25
32
49
37
21
3
-2
-43
-42
-66
-88
-99
-74
-72
-81
-56
-103
-103
-114
-107
-109
-94
-78
-83
-85
-79
-73
-110
-74
-68
-57
-56
-39
-50
-68
-47
-34
-13
2
34
44
55
50
51
31
39
58
48
44
36
59
65
90
68
95
91
79
84
84
87
74
86
84
84
84
107
111
126
115
114
64
32
-18
-40
-20
-13
5
-2
45
42
33
10
5
-8
-34
-17
-35
-49
-71
-86
-75
-79
-49
-54
-31
-21
-47
-41
-62
-89
-114
-117
-105
-105
-114
-77
-74
-66
-48
-52
-43
-34
-37
-44
-23
-28
-29
-30
-3
4
40
45
26
2
-20
-31
-62
-45
-52
-17
7
59
71
71
77
69
58
60
56
6
-1
-12
-4
-13
14
35
69
68
61
62
16
16
11
2
17
27
25
42
44
42
48
53
47
52
54
57
37
42
37
24
41
20
36
37
29
37
-11
-19
-26
-37
-40
-48
-35
-54
-45
-37
-33
-8
-9
-22
-18
-5
-35
-28
-75
-78
-99
-70
-52
-42
-16
3
6
-14
-25
-35
-45
-31
-18
-22
5
15
15
14
16
-12
-22
-31
-34
-28
-19
9
19
38
63
68
62
52
36
-4
6
-5
6
-33
-47
-32
-32
-15
-26
23
60
102
89
95
61
30
-13
5
2
17
29
30
35
3
5
-2
-17
-32
-1
5
3
-16
0
-13
-4
-4
4
11
-2
-8
-33
-49
-64
-97
-87
-83
-49
-7
21
45
47
61
15
-31
-41
-73
-69
-68
-33
-37
-34
-10
-20
-2
11
24
27
38
19
17
15
-4
-4
-10
-3
11
25
16
46
19
-11
-14
-10
0
8
39
55
75
71
70
66
63
13
27
-8
-8
-7
-15
-4
9
49
59
65
70
42
11
-3
-42
-56
-61
-51
-36
-2
27
35
43
31
-1
-29
-27
-63
-75
-67
-78
-68
-67
-36
-35
-20
9
7
28
15
-2
-66
-66
-79
-71
-30
13
52
71
112
96
79
47
19
5
-30
5
25
37
39
50
66
55
63
54
42
30
-3
10
-35
-28
-24
-29
-17
-24
18
-20
-34
-65
-61
-77
-70
-63
-65
-40
-47
-39
-20
-32
-36
-25
-57
-29
-34
-26
-54
-75
-61
-46
-21
8
39
50
51
34
33
-2
2
-22
-18
-14
-11
36
47
91
104
110
107
68
56
19
3
1
-4
12
4
17
13
36
35
28
21
6
6
-27
-21
-31
-10
27
41
78
75
90
70
10
-6
-11
-24
-33
-29
-30
-19
-6
29
43
54
76
43
37
-1
-40
-96
-143
-168
-149
-113
-82
-19
-3
38
44
35
0
-32
-23
-58
-22
-26
4
0
3
-9
-5
0
-40
-43
-60
-66
-68
-60
-34
-9
14
24
42
56
51
34
24
4
-3
6
5
17
3
38
8
31
48
63
90
77
79
50
35
-15
-39
-57
-54
-29
-2
40
60
100
95
67
52
29
1
-8
-13
-22
-3
6
13
9
34
-3
-27
-70
-68
-76
-74
-73
-60
-40
-25
20
21
41
41
9
-22
-57
-66
-99
-104
-97
-88
-66
-45
-11
2
35
33
35
10
-20
-21
-57
-75
-69
-47
-11
18
35
71
83
93
65
53
21
18
31
37
79
91
107
94
107
72
60
49
19
-12
-8
-11
-17
-5
20
75
96
131
141
114
59
-7
-54
-106
-124
-103
-84
-43
0
7
-10
-15
-66
-77
-69
-73
-42
-42
-36
-65
-93
-119
-129
-124
-99
-70
-36
5
5
5
-1
-19
-22
-35
-18
10
15
33
70
52
27
9
-26
-66
-60
-59
-58
17
38
84
93
97
105
87
83
49
30
23
37
39
52
50
56
59
62
62
39
31
8
12
-7
-7
-6
4
-13
3
1
7
31
30
25
17
25
6
-3
-14
-24
-26
13
16
40
35
42
18
-15
-41
-70
-92
-106
-107
-85
-37
-2
41
54
34
0
-46
-98
-122
-165
-132
-104
-56
-11
44
52
53
22
-5
-13
-60
-64
-93
-80
-81
-71
-59
-40
-24
-1
23
39
60
50
28
-9
-23
-62
-66
-36
-26
16
54
94
99
136
114
81
55
22
8
-19
-4
25
47
68
109
117
122
109
101
63
20
5
6
26
61
87
117
119
101
75
53
27
5
11
9
-11
-13
-38
-39
-49
-64
-89
-80
-101
-121
-106
-85
-60
-39
-43
-29
-42
-48
-72
-84
-114
-96
-94
-99
-66
-72
-52
-55
-28
-47
-31
-27
25
51
72
89
89
63
30
30
-17
-12
-4
3
48
93
98
110
86
56
2
-32
-42
-25
-13
11
82
107
114
89
29
-22
-40
-56
-44
-23
2
18
21
32
16
-9
14
0
-31
-33
-20
-25
-43
-40
-34
-48
-67
-93
-84
-79
-52
-28
4
18
7
4
-37
-69
-107
-122
-123
-93
-37
5
58
87
111
102
71
41
-2
-30
-49
-43
-6
20
54
59
66
46
20
-13
-30
-21
-1
39
67
103
115
88
66
46
13
-12
-21
-12
-27
-18
2
-12
-10
-6
9
19
-1
-10
17
25
27
33
21
19
17
-14
-31
-46
-50
-43
-1
33
54
77
88
54
36
1
-22
-40
-54
-30
1
34
39
59
45
17
18
-8
-27
-37
-25
-12
1
25
57
51
40
26
13
-30
-58
-69
-64
-39
-5
23
48
38
10
6
-25
-12
-36
-37
-22
-55
-62
-48
-48
-29
-8
-8
-9
-12
-9
-46
-39
-55
-68
-60
-33
-38
-43
-28
-35
-15
-7
-1
-1
14
10
-11
-13
-27
-54
-56
-52
-46
-30
-3
-1
9
-3
-14
-21
-29
-39
-14
6
16
36
44
46
25
39
32
20
-2
4
-1
-4
-11
23
34
51
84
88
95
82
61
29
21
25
24
61
61
65
56
51
28
11
12
24
49
55
99
74
83
52
34
17
-22
-18
-11
-18
-16
-27
-37
-51
-48
-65
-70
-69
-32
-14
-24
-9
-19
-16
-10
10
2
2
5
3
-27
-49
-71
-91
-90
-92
-58
-7
16
26
39
6
3
-29
-46
-71
-84
-81
-72
-64
-74
-44
-40
-30
-5
46
56
48
79
46
40
-3
-24
-63
-57
-34
-19
28
40
55
67
74
71
79
75
80
53
74
40
59
55
54
61
40
62
40
24
12
18
-8
16
17
13
27
46
44
39
52
20
4
-10
-53
-74
-100
-112
-97
-84
-70
-50
-26
-15
-44
-62
-62
-66
-32
-21
10
20
7
-3
-46
-61
-83
-91
-65
-40
-10
4
28
19
19
2
3
-8
-46
-14
-22
-14
-2
0
-11
-20
-13
-3
8
-8
37
26
27
38
48
43
35
19
18
27
23
52
27
71
56
74
80
78
80
43
55
43
27
14
3
-13
0
0
4
15
21
1
-7
-18
-24
-24
-41
-34
-22
30
42
56
41
7
-5
-32
-38
-65
-94
-100
-89
-86
-57
-55
-44
-29
-46
-32
-36
-26
-31
4
5
6
-7
-10
-32
-33
-27
-28
10
18
40
37
39
26
3
-17
-19
-33
-14
14
22
31
20
33
16
-4
12
16
20
21
22
45
44
58
54
72
67
96
64
43
17
-24
-38
-37
-7
13
38
54
80
54
47
10
-11
-32
-42
-41
-30
-25
-14
-1
5
10
7
7
-15
-15
-29
-43
-43
-49
-71
-59
-60
-54
-30
-39
6
-12
-27
-33
-43
-41
-53
-45
-44
-17
5
45
37
48
73
42
52
5
-18
-41
-44
-39
-29
12
21
39
38
46
41
39
28
11
-5
-7
-7
3
22
20
39
37
14
-2
-36
-31
-25
-6
24
28
26
39
30
12
18
16
-1
-12
-17
-28
-29
-35
-14
-16
9
35
48
46
53
51
37
41
2
-43
-66
-98
-102
-101
-77
-75
-46
-31
-26
-5
-18
-31
-36
-54
-63
-45
-48
-42
-23
-32
-25
-6
3
-5
-26
-25
-27
-16
0
22
55
68
104
94
95
56
27
-4
-20
10
16
29
33
43
55
67
60
72
81
68
60
51
46
32
26
9
13
10
18
28
25
44
52
59
70
61
26
-6
-30
-36
-48
-7
-6
22
31
46
49
4
-16
-49
-82
-81
-73
-46
-20
-27
19
22
34
21
-11
-40
-76
-82
-91
-80
-88
-62
-36
-51
-15
-20
-7
-11
-27
-46
-63
-87
-92
-66
-60
-43
-41
-29
-34
-35
-49
-10
-22
-7
-15
-9
1
-23
-9
-23
-10
-11
33
25
53
35
16
11
10
18
29
65
89
82
120
104
66
63
11
26
-1
0
19
24
62
73
73
84
76
62
67
55
28
31
5
-37
-35
-59
-53
-52
-34
-30
4
37
16
34
35
5
-10
-18
-43
-43
-67
-41
-49
-36
-20
-9
3
-31
-1
-33
-69
-62
-45
-40
7
50
53
58
30
-12
-57
-63
-89
-58
-20
10
14
14
23
-16
18
4
1
16
32
19
12
9
-19
-24
-34
-27
-28
-19
-9
-15
4
35
30
66
44
40
28
7
3
-14
-1
-5
-6
-3
-8
9
6
5
10
29
37
43
40
43
42
65
59
38
43
27
1
-20
-20
-37
-37
-19
11
36
66
96
110
85
63
40
7
-2
-42
-37
-33
-35
-18
-42
-40
-65
-73
-75
-58
-37
-28
-18
-28
-29
-63
-58
-46
-53
-24
-19
-25
-37
-45
-26
-35
-35
-19
-6
10
19
19
13
-2
-19
-14
-9
-1
3
12
5
-12
0
8
19
34
14
11
-4
-32
-19
-54
-40
-42
-27
-4
1
38
12
21
14
-14
-22
-35
-19
-38
-38
-22
-14
-18
-35
-16
-24
-33
-19
-11
13
27
39
60
54
48
49
53
47
58
68
56
41
50
44
52
55
50
45
51
56
68
79
71
70
51
33
14
22
18
16
11
16
17
19
31
35
32
25
14
2
-12
-20
-30
-44
-42
-25
-54
-56
-45
-41
-38
-60
-56
-60
-35
-39
-8
-3
-13
-23
-53
-94
-93
-91
-79
-62
-58
-42
-37
-25
-21
-22
-12
7
4
-8
1
-17
8
-19
0
0
-22
-15
-39
-27
-45
-12
11
46
92
118
132
132
102
74
45
26
27
45
74
83
72
79
48
25
3
-8
-27
-4
18
22
53
40
20
3
-18
-22
-27
-35
-40
-45
-67
-81
-70
-62
-50
-35
-39
-32
-48
-55
-68
-79
-88
-109
-101
-95
-89
-79
-67
-93
-96
-81
-97
-94
-84
-65
-30
-11
-4
16
15
24
30
6
16
-6
0
13
20
24
46
46
56
58
57
67
71
82
85
106
100
106
94
73
42
78
84
104
154
168
172
173
166
138
107
79
81
60
57
83
81
97
111
86
88
56
18
7
-11
-24
-20
-19
-20
-24
-27
-48
-51
-67
-55
-74
-67
-49
-74
-71
-117
-90
-125
-135
-126
-139
-130
-117
-122
-113
-125
-117
-113
-95
-101
-105
-97
-106
-103
-78
-73
-61
-61
-60
-35
-37
-29
-43
-20
-23
-18
-13
4
-3
13
27
25
40
51
59
47
55
28
32
8
-2
5
27
28
41
31
35
49
76
90
90
113
106
112
100
70
32
-7
-17
-22
-5
13
43
66
57
74
73
34
29
19
16
12
-1
-20
-41
-45
-36
-50
-35
-37
-28
-13
-1
11
16
9
-1
-1
-33
-43
-34
-33
-41
-33
-14
-17
-21
-12
-21
-15
-10
6
19
19
28
17
31
18
36
27
16
22
-17
-13
-29
-1
-4
39
39
56
70
69
60
36
68
30
15
4
-10
-18
-18
-17
-2
14
32
48
46
36
35
13
14
14
20
24
28
36
22
24
10
14
2
-8
-4
-11
-25
-15
-28
-20
-18
-24
-11
-18
-13
-4
-18
-33
-63
-81
-104
-82
-52
-26
7
6
34
26
13
-6
-18
-59
-82
-88
-78
-102
-78
-80
-86
-70
-79
-71
-63
-62
-59
-28
-51
-14
-11
-19
-33
-37
-41
-54
-46
-37
-27
-33
-19
11
-10
2
10
19
29
36
55
59
56
23
21
10
-4
-9
3
15
15
38
52
63
89
79
112
81
90
77
52
40
23
33
38
45
42
53
44
27
20
39
30
39
52
79
87
66
72
63
45
45
48
54
48
51
53
37
29
34
27
39
37
30
20
5
-15
-36
-21
-31
-9
-6
-10
-20
-35
-56
-83
-76
-95
-88
-77
-59
-46
-47
-45
-60
-67
-71
-63
-46
-46
-52
-42
-67
-76
-71
-75
-57
-29
-46
-47
-29
-66
-55
-46
-49
-24
-4
15
8
12
11
-4
-10
9
16
51
70
84
61
65
52
34
48
60
77
80
70
31
28
-1
-11
-1
21
34
39
65
48
30
32
17
15
14
21
17
19
12
10
-8
-5
-4
-16
-4
-15
-15
-47
-49
-52
-49
-43
-66
-74
-66
-80
-80
-96
-76
-97
-109
-88
-85
-62
-69
-47
-51
-46
-47
-30
-31
-43
-30
-38
-58
-24
-16
-10
-3
19
22
19
30
47
42
51
57
37
51
60
78
103
119
110
143
110
84
83
62
70
81
111
133
138
135
145
135
134
114
103
81
61
43
1
-15
-34
-9
17
41
94
101
88
54
1
-32
-59
-87
-83
-59
-24
-27
-23
-25
-59
-104
-114
-123
-131
-112
-77
-71
-75
-62
-46
-62
-109
-109
-126
-98
-114
-101
-88
-72
-78
-76
-86
-102
-109
-93
-87
-73
-50
-68
-41
-46
-50
-47
-37
-7
-22
-3
32
43
52
45
42
-4
8
14
38
41
45
53
59
76
88
115
119
145
140
128
109
74
71
71
92
88
117
119
113
86
49
38
0
2
14
30
54
74
68
45
18
-4
7
-2
-4
-13
5
-14
-49
-40
-42
-63
-58
-42
-41
-42
-34
-31
-25
-42
-46
-56
-79
-106
-129
-131
-136
-111
-103
-83
-68
-59
-69
-75
-83
-92
-88
-67
-51
-45
-35
-35
-45
-46
-56
-62
-46
-25
-28
-1
35
44
65
75
48
86
75
98
96
92
94
100
96
73
106
119
142
150
187
185
167
146
128
94
68
60
72
80
98
91
82
53
7
-13
4
-6
10
36
37
22
14
3
-12
-27
-29
-44
-56
-58
-55
-46
-65
-70
-63
-71
-85
-88
-94
-76
-94
-69
-74
-70
-92
-104
-133
-159
-151
-152
-115
-111
-94
-74
-92
-102
-136
-141
-131
-129
-79
-72
-34
-11
-16
-24
-39
-47
-57
-55
-66
-56
-49
-23
-4
24
47
60
80
70
90
83
65
73
78
66
75
92
65
57
75
78
111
131
148
146
147
155
114
110
80
63
57
57
56
53
71
82
71
101
77
76
84
74
89
91
89
77
69
55
51
30
24
33
34
23
20
17
-12
-6
-19
-31
-29
-39
-27
-22
-56
-63
-102
-101
-113
-118
-138
-101
-106
-125
-119
-117
-103
-111
-79
-84
-80
-94
-76
-118
-115
-120
-101
-92
-67
-60
-65
-56
-76
-78
-69
-25
-22
20
40
41
55
55
80
55
63
57
33
32
38
38
49
81
86
89
95
83
76
76
69
56
20
9
-25
-32
-36
-22
1
13
24
19
25
10
4
-24
-26
-61
-94
-78
-81
-53
-59
-34
-38
-16
-30
-34
-50
-86
-68
-66
-64
-52
-38
-43
-16
-33
-18
-12
-20
-16
-9
9
6
40
24
34
55
81
93
97
88
70
60
52
51
56
66
70
90
101
100
93
87
79
91
98
105
112
131
117
108
94
85
68
64
52
53
62
58
68
52
55
28
50
39
28
39
23
39
-17
-33
-62
-96
-97
-101
-83
-75
-74
-61
-52
-60
-77
-66
-65
-65
-80
-88
-79
-83
-74
-78
-67
-83
-77
-89
-80
-98
-107
-109
-94
-95
-87
-90
-88
-71
-84
-53
-61
-94
-85
-109
-118
-125
-97
-96
-84
-70
-75
-63
-62
-51
-57
-52
-43
-49
-43
-39
-54
-35
-23
-22
-14
-9
20
28
55
63
84
74
88
75
55
68
42
57
76
92
132
161
180
180
168
192
171
170
158
140
100
105
99
68
128
115
141
133
153
157
139
139
122
108
84
97
88
87
84
74
49
34
1
-30
-40
-44
-34
-44
-33
-18
-9
-39
-47
-46
-41
-45
-51
-78
-86
-93
-136
-130
-141
-132
-101
-97
-81
-93
-80
-87
-84
-83
-73
-69
-82
-64
-75
-60
-58
-68
-82
-84
-91
-91
-77
-55
-37
1
22
16
34
10
12
12
-4
-6
-11
-21
-19
-2
-11
-2
-2
6
14
2
12
8
6
13
37
25
25
9
-16
-31
-70
-65
-54
-14
-11
18
35
36
35
15
11
-4
-5
-11
-13
-9
2
1
15
18
24
16
17
12
2
11
13
22
11
36
26
31
28
16
8
-9
-3
7
12
-7
8
-5
12
29
41
32
47
49
38
25
34
16
6
21
17
33
9
2
-6
-7
-9
8
11
8
42
37
50
67
55
68
72
64
52
51
11
8
2
12
25
25
62
51
74
70
75
55
66
37
37
14
-22
5
-22
-17
-7
8
-1
10
11
-16
-12
-4
4
38
20
8
-5
-28
-57
-82
-90
-88
-92
-93
-82
-104
-98
-115
-110
-92
-87
-59
-45
-38
-45
-34
-44
-44
-76
-89
-91
-94
-70
-50
-30
-11
-18
-29
-25
-58
-57
-63
-41
-37
-47
-51
-51
-67
-84
-39
-12
-2
17
15
16
-4
16
0
-13
42
60
64
79
76
56
36
39
41
32
42
42
40
60
65
56
66
75
70
54
69
63
53
57
84
77
90
97
102
103
98
81
73
82
59
64
57
54
43
62
65
64
70
64
59
34
34
-2
-26
-18
-53
-26
-18
-30
-8
1
4
-1
9
-1
-5
-49
-50
-66
-79
-80
-84
-78
-101
-97
-109
-125
-130
-120
-116
-113
-113
-103
-115
-92
-86
-76
-47
-62
-54
-53
-78
-76
-90
-66
-38
-44
-17
-18
1
3
18
39
51
86
76
88
71
55
41
19
46
59
95
113
128
125
87
93
74
49
50
61
71
72
81
75
50
29
47
27
35
27
-1
-12
-32
-25
-25
5
-7
9
-8
-49
-69
-76
-89
-80
-63
-69
-25
-59
-49
-72
-50
-41
-38
3
8
-1
-5
-12
-35
-51
-49
-46
-58
-51
-63
-63
-50
-33
-4
7
23
42
1
-8
-11
-24
-11
-10
-10
-9
-5
-2
-5
13
-9
10
41
43
55
65
74
61
59
43
33
30
37
26
35
33
27
43
36
32
50
60
68
86
72
83
89
89
62
41
34
23
28
51
69
84
72
62
45
2
4
-26
-35
-26
-15
8
-1
10
4
14
21
14
-15
-15
-48
-59
-72
-74
-54
-66
-37
-16
-31
-28
-24
-52
-47
-75
-82
-118
-135
-130
-129
-111
-113
-105
-86
-75
-58
-25
-33
-63
-47
-75
-68
-77
-89
-79
-66
-59
-43
-12
-11
3
18
35
-1
8
-19
-24
-3
-8
35
35
45
32
15
48
30
53
75
88
86
90
116
102
78
94
70
69
60
68
76
49
64
61
63
57
55
41
41
52
31
27
-2
3
-19
-11
-11
-25
-4
-3
-3
-2
2
10
4
-20
-7
-25
-45
-39
-57
-40
-35
-21
-27
-35
-46
-42
-37
-46
-19
-13
-4
11
23
1
1
15
22
43
36
67
58
38
27
20
14
2
14
38
11
4
8
15
17
27
51
27
17
18
20
-11
7
-3
2
17
16
41
21
7
-8
-8
12
23
34
44
26
13
-5
-30
-27
-34
-30
-13
-4
6
-14
-7
-23
-25
-33
-38
-36
-55
-34
-42
-55
-36
-41
-22
-18
-27
-14
-3
-10
-35
-44
-62
-62
-80
-79
-101
-118
-98
-102
-85
-80
-35
-6
-15
1
15
-6
-10
-10
-35
-33
-53
-33
-22
-7
-5
-4
6
-13
-2
-30
-9
7
27
26
31
33
19
16
0
5
-18
-15
-28
-28
-25
-10
19
44
62
66
69
51
33
47
31
53
80
67
66
76
65
60
65
88
93
95
90
79
64
55
56
45
63
65
86
92
82
54
43
37
37
41
55
41
20
-9
-12
-15
2
3
60
69
47
46
13
-15
-64
-77
-71
-73
-55
-42
-38
-26
-7
5
5
-7
-12
8
-18
-20
-27
-33
-30
-46
-32
-46
-60
-63
-59
-63
-43
-33
-33
-49
-74
-65
-83
-85
-62
-50
-29
-29
-29
-49
-45
-61
-59
-63
-61
-59
-51
-23
-19
4
-3
-10
-30
-28
-40
-43
-69
-67
-93
-64
-54
-30
-11
-16
49
31
60
48
51
47
43
44
44
16
38
52
32
35
30
49
22
30
41
42
49
39
20
8
11
-15
-22
-15
-16
9
12
33
32
54
54
41
38
31
25
23
35
39
40
46
41
9
16
4
-18
-11
-27
0
-9
-23
-3
-44
-53
-43
-27
-27
-6
10
33
30
27
23
-8
-20
-12
-9
23
33
47
52
21
24
9
-10
-10
-14
-19
-9
1
17
13
44
47
69
90
89
86
89
66
47
46
40
47
45
52
43
43
50
39
35
47
37
53
46
32
26
-13
-37
-75
-105
-128
-134
-144
-124
-114
-94
-78
-60
-45
-35
-32
-48
-34
-51
-55
-74
-87
-93
-94
-82
-64
-47
-62
-37
-79
-54
-76
-82
-50
-57
-45
-41
-24
-45
-38
-52
-36
-39
-12
3
17
9
24
29
28
50
54
47
57
58
41
41
50
56
72
64
96
106
88
73
33
34
18
43
52
70
94
92
85
59
51
9
3
-5
-6
18
17
34
41
54
55
48
29
-4
-23
-45
-48
-40
-70
-55
-60
-67
-60
-71
-61
-60
-53
-71
-52
-56
-47
-39
-39
-57
-60
-70
-72
-81
-76
-54
-25
13
18
52
63
49
26
26
1
-5
-23
-36
-19
-35
-5
18
46
54
86
90
76
76
59
58
20
45
35
62
85
106
122
125
105
106
82
88
67
68
89
76
88
88
96
71
59
44
37
39
25
27
29
21
24
2
-9
-27
-31
-54
-45
-38
-37
-39
-29
-30
-48
-64
-72
-105
-158
-151
-176
-149
-150
-122
-87
-77
-65
-81
-78
-117
-133
-139
-143
-133
-119
-123
-100
-83
-72
-61
-65
-21
-8
-1
-30
-19
-38
-78
-70
-57
-46
-37
-5
-10
-1
-3
8
37
45
71
84
103
105
89
90
67
68
38
33
25
26
47
80
96
112
118
110
80
87
81
55
69
69
75
68
66
88
86
75
80
53
56
40
22
20
14
8
-9
18
19
14
20
-7
-13
-23
-13
-10
-32
-49
-57
-78
-62
-45
-19
-15
-13
11
-2
1
-15
-29
-14
-24
-1
8
9
13
-7
3
-9
-7
-18
12
19
27
18
11
-16
-28
-10
9
26
50
61
29
38
27
9
0
12
5
2
-8
-8
-23
-13
-23
-26
-32
-40
-38
-60
-66
-80
-81
-100
-90
-90
-82
-53
-49
-13
-11
10
5
-7
-28
-52
-58
-81
-40
-44
-11
4
6
29
15
30
20
26
24
9
-13
-15
-9
-20
-39
-27
-33
-19
-23
-7
-2
11
27
23
36
25
53
57
56
62
47
42
26
1
-3
-26
-23
-12
-5
37
45
70
61
48
44
40
48
48
48
36
5
3
7
-11
5
-9
1
2
13
27
37
57
61
48
30
-5
4
-28
-33
-16
-20
-17
-33
-55
-65
-53
-55
-26
-39
-15
-15
4
4
-1
-13
-12
3
-13
18
24
34
34
45
56
37
52
43
38
31
34
11
7
4
-2
5
-3
9
-5
-18
-15
-18
-16
-14
-39
-51
-55
-65
-52
-57
-8
-13
-27
-19
-19
-9
-21
-3
-20
-50
-41
-86
-92
-81
-55
-48
-27
-19
3
-24
-26
-44
-55
-34
-27
2
-13
-5
-19
-11
-44
-25
-3
14
42
40
34
26
16
-11
3
-11
2
14
8
25
8
27
24
29
43
41
78
94
108
121
129
125
106
111
85
62
57
36
39
52
73
77
71
86
57
68
69
47
43
39
3
11
-6
-7
9
-4
-1
-3
-2
-24
-22
-21
-26
-31
-44
-49
-62
-60
-62
-88
-54
-88
-95
-100
-131
-141
-120
-105
-85
-60
-51
-35
-36
-40
-49
-39
-54
-68
-67
-71
-91
-95
-77
-77
-63
-66
-24
-13
-13
6
-2
-2
-14
15
12
0
6
4
-12
-26
-7
3
10
16
46
34
39
42
35
54
52
46
54
68
63
68
79
57
60
62
56
48
39
52
42
52
63
71
106
80
92
70
30
8
16
10
14
44
50
53
60
43
15
3
-14
-24
-16
0
7
26
21
32
-3
-11
-20
-39
-50
-52
-52
-28
-44
-57
-32
-37
-31
-21
2
10
7
26
23
6
-5
-14
-21
-19
6
25
61
40
30
5
-34
-76
-63
-61
-41
-26
-5
32
5
31
-1
-14
-52
-55
-78
-82
-64
-54
-34
12
30
19
27
5
-32
-54
-65
-71
-80
-66
-58
-52
-54
-36
-29
-22
-6
-5
1
-5
-21
-33
-49
-71
-61
-39
-24
14
49
61
50
35
40
18
20
23
29
7
14
-13
-36
-33
-42
-2
24
46
41
47
25
34
14
-4
36
40
77
96
97
79
77
58
33
24
21
11
-1
1
2
-12
-4
23
30
46
64
77
85
42
28
7
2
0
30
37
28
40
35
20
13
42
20
26
36
45
17
10
21
12
-5
17
25
20
19
2
-10
-14
-30
-33
-38
-32
-41
-32
-30
-16
-12
-17
-6
-26
-37
-47
-38
-56
-48
-42
-35
-63
-49
-81
-99
-111
-115
-109
-95
-71
-66
-42
-47
-41
-65
-50
-62
-88
-74
-80
-92
-87
-85
-71
-80
-37
-31
13
10
5
0
-31
-18
-34
-26
-7
3
4
-3
18
21
26
42
64
90
102
112
112
97
87
80
53
79
73
119
113
143
131
108
77
49
44
46
86
108
129
144
141
134
105
85
59
51
53
45
46
41
-1
-15
-10
-30
-14
9
36
34
25
24
-17
-42
-78
-93
-97
-109
-79
-57
-50
-45
-55
-70
-95
-127
-126
-124
-99
-78
-59
-63
-68
-70
-82
-83
-89
-78
-70
-51
-44
-34
-37
-29
-19
-14
12
18
21
17
18
19
9
15
14
17
2
18
7
21
29
38
31
60
53
38
34
13
-4
-27
-33
-27
-12
-2
17
3
11
-4
-16
-30
-29
-44
-39
-26
-13
3
5
10
-2
-5
-28
-17
-4
-18
-8
-9
22
21
5
35
43
38
38
49
15
10
-1
1
23
38
80
94
114
100
80
71
31
14
15
19
18
9
9
19
33
55
61
62
55
35
61
33
44
30
16
-8
-11
-8
-30
-54
-47
-48
-74
-38
-50
-15
-22
-7
-18
-14
-33
-47
-26
-28
-12
-32
-37
-36
-52
-77
-87
-72
-75
-47
-19
-3
32
25
17
13
11
-8
-9
-10
-25
-8
-26
-51
-54
-64
-57
-27
-3
12
34
42
38
21
29
30
24
41
18
15
-4
-5
-7
1
8
10
19
14
6
-22
-27
-23
-9
11
14
25
60
20
21
-10
-15
-46
-44
-23
-26
9
2
22
-1
-15
-46
-46
-55
-47
-29
-15
0
-6
-8
-26
-36
-37
-36
-16
21
24
11
12
16
4
2
38
45
40
57
72
61
53
32
18
-4
8
9
24
48
44
55
72
53
48
31
37
20
36
48
49
51
40
49
30
46
52
65
74
75
51
36
19
11
0
-2
7
2
-7
-17
-17
-19
-26
-8
6
12
-6
-16
-50
-48
-59
-65
-76
-79
-71
-71
-72
-81
-96
-79
-95
-96
-93
-103
-115
-102
-101
-103
-99
-105
-105
-114
-110
-102
-105
-91
-85
-92
-51
-50
-34
-37
-21
-2
8
31
42
30
53
38
52
41
67
82
86
107
96
104
87
90
76
91
98
102
111
129
163
135
107
92
64
52
48
54
55
81
82
98
105
75
77
69
57
45
70
79
59
53
33
3
-13
-34
-17
-14
-6
31
30
28
14
9
-14
1
-10
-29
-28
-55
-56
-80
-73
-69
-48
-32
-35
-20
-36
-58
-88
-92
-100
-84
-79
-70
-64
-76
-90
-93
-113
-142
-116
-122
-99
-94
-62
-67
-76
-78
-93
-79
-86
-61
-45
-25
-18
-24
-41
-74
-68
-71
-52
-33
-30
-19
-19
-16
-20
-19
-23
-5
20
32
36
68
48
52
33
45
47
35
46
61
58
72
92
100
133
122
124
100
103
89
76
98
87
85
91
102
76
87
94
81
80
98
107
96
108
100
82
62
42
24
-5
-38
-32
-32
-27
-24
-17
-17
-6
-26
-9
-24
-21
-32
-21
-32
-31
-24
-19
-27
-7
-17
-45
-26
-69
-40
-37
-1
13
42
25
5
14
-24
-41
-61
-51
-32
-29
-25
-21
-26
-40
-43
-23
18
31
34
36
-5
-33
-61
-59
-46
-40
-22
17
12
-8
-32
-38
-47
-45
-34
-49
-31
-35
-24
-16
-24
-26
-26
-32
-27
-33
-44
-28
-39
-47
-52
-49
-56
-56
-42
-72
-78
-69
-69
-55
-53
-49
-51
-79
-83
-108
-101
-83
-61
-50
-28
-49
-40
-62
-48
-46
-23
21
50
75
72
61
22
3
-5
-9
-7
46
65
98
122
155
138
105
88
83
79
106
147
180
198
182
179
151
123
93
99
101
105
137
140
161
164
149
141
100
88
71
49
53
39
46
30
26
11
-3
9
26
22
1
11
-9
-21
-35
-51
-61
-56
-70
-59
-58
-63
-66
-66
-68
-99
-93
-124
-118
-126
-98
-77
-91
-72
-111
-114
-122
-115
-126
-104
-108
-106
-109
-98
-95
-108
-91
-79
-80
-87
-77
-99
-99
-108
-92
-83
-48
-23
-4
-6
1
-36
-73
-78
-73
-54
-22
16
22
19
-6
-23
-36
-29
-11
32
69
93
96
71
43
22
19
7
28
49
75
105
110
122
106
76
56
34
39
54
84
109
137
138
124
140
114
91
77
53
81
65
75
76
77
72
55
63
47
39
48
62
63
72
71
58
31
12
-13
-42
-30
-46
-30
-36
-23
-29
-43
-53
-35
-81
-57
-51
-26
-20
-22
-15
-63
-70
-86
-84
-89
-94
-71
-51
-59
-52
-49
-67
-80
-97
-85
-88
-57
-41
-41
-13
-9
-25
-34
-68
-92
-89
-96
-79
-34
-9
6
14
27
12
5
11
5
7
21
31
29
46
49
48
36
42
28
27
31
43
36
41
67
75
93
103
106
95
99
114
101
98
79
64
32
15
20
14
33
19
55
28
24
15
-3
-5
-25
-6
12
3
-5
-12
-34
-45
-60
-89
-96
-83
-97
-91
-84
-62
-76
-71
-84
-106
-93
-81
-64
-45
-49
-70
-83
-100
-95
-93
-52
-41
-33
-1
-21
0
-17
2
0
-10
16
15
34
20
44
21
29
29
31
49
44
58
54
59
52
71
99
96
92
75
53
32
24
15
50
32
70
87
89
104
74
70
33
14
-14
20
11
17
44
35
36
19
26
-24
-27
-29
-26
-10
-2
18
38
35
40
43
26
-2
-10
-27
-44
-27
-27
-14
-43
-40
-48
-41
-51
-30
-16
-42
-29
-33
-33
-31
-38
-18
-29
-33
-51
-66
-77
-95
-109
-105
-74
-64
-45
-19
-8
-11
-3
-7
3
-25
-17
-8
-23
-33
-39
-23
-35
-4
-2
-12
-6
2
1
6
47
41
38
48
40
45
47
35
41
44
35
50
58
35
61
46
65
76
63
61
56
31
28
7
30
1
19
36
33
26
-20
5
-33
-28
-36
-15
-17
-14
-8
-1
-2
-22
-27
-48
-38
-59
-45
-50
-30
-63
-56
-50
-84
-70
-86
-57
-67
-58
-34
-38
-17
-1
-22
-21
-4
3
-21
4
3
-24
-16
-30
17
3
66
65
73
47
12
62
9
59
57
65
66
84
104
61
105
66
51
47
64
77
103
127
149
159
120
119
66
42
51
29
55
66
55
44
-15
-40
-47
-58
-27
-30
-3
-9
-6
-16
-40
-32
-76
-100
-98
-133
-103
-94
-59
-74
-105
-114
-154
-167
-158
-121
-107
-66
-77
-80
-91
-98
-57
-76
-60
-82
-50
-79
-85
-64
-72
-39
-19
14
13
44
30
23
-21
-20
9
4
63
45
84
41
59
45
8
56
13
78
38
76
74
40
55
1
40
30
76
99
130
118
61
42
10
12
-7
14
0
-7
-1
38
57
38
51
0
0
-32
-15
-3
9
13
42
36
37
43
26
-7
-18
9
5
41
70
81
79
38
22
-16
-35
-40
-22
7
15
61
54
50
15
26
-29
2
-20
-20
-7
-20
52
15
60
17
12
-16
-26
16
19
44
35
-31
-57
-98
-138
-67
-106
-32
-58
-28
-7
-41
-3
-26
-34
-33
-53
-28
-50
-47
-38
-40
-57
-65
-52
-49
-49
-33
-17
-34
-25
-62
-15
-65
-52
-35
-36
-30
-63
-41
-33
-37
14
-15
34
4
-10
-22
-80
-39
-78
-31
-17
32
40
10
29
-21
-1
-10
6
5
17
40
16
24
43
38
35
42
54
24
29
48
42
31
50
69
55
70
49
78
53
79
86
81
111
93
130
72
53
59
24
29
38
82
69
87
107
106
40
31
3
-26
-1
-8
43
2
62
36
-20
4
-36
17
14
33
52
-36
-43
-124
-103
-125
-85
-38
-68
-68
-158
-174
-178
-113
-79
-24
5
-34
-90
-171
-199
-280
-230
-172
-134
-92
-81
-46
-68
-42
-53
-41
-6
68
135
152
141
88
16
-81
-89
-23
59
175
203
228
204
190
190
134
179
156
166
191
226
246
230
212
164
115
96
90
117
147
168
170
157
128
86
21
4
-12
-2
22
11
12
-32
-81
-147
-180
-192
-201
-194
-172
-148
-120
-114
-67
-76
-97
-125
-209
-321
-441
-512
-520
-520
-482
-441
-454
-451
-490
-470
-439
-404
-254
-232
-159
-173
-141
-177
-204
-159
-145
-124
-94
-32
-86
-57
73
-67
-52
71
28
153
278
469
497
478
141
122
262
258
448
547
699
727
706
601
491
316
319
522
474
538
759
816
645
678
437
277
419
509
618
679
719
678
575
358
255
153
96
84
127
123
105
108
-35
-109
-192
-329
-295
-198
-233
-303
-368
-431
-450
-484
-539
-601
-650
-669
-717
-760
-764
-748
-735
-675
-609
-615
-652
-648
-691
-720
-723
-677
-609
-620
-650
-700
-690
-714
-740
-702
-619
-525
-425
-333
-293
-246
-296
-233
-200
-146
-77
-39
-5
-77
-49
-108
-93
-106
25
173
307
482
534
592
582
627
683
739
811
837
831
744
603
467
447
518
733
995
1163
1220
1094
899
784
787
850
1009
1156
1212
1119
1010
853
659
491
350
427
467
567
637
597
425
138
-42
-127
-142
-177
-172
-154
-132
-178
-244
-254
-389
-559
-618
-615
-548
-502
-471
-532
-661
-776
-798
-804
-830
-839
-899
-888
-887
-880
-922
-979
-995
-1064
-1075
-981
-927
-901
-917
-894
-928
-949
-838
-734
-657
-633
-550
-593
-603
-567
-514
-414
-360
-238
-223
-172
-186
-85
-60
22
73
80
81
44
162
173
357
478
672
813
882
853
672
511
375
432
572
769
907
854
759
733
804
992
1167
1240
1176
1119
1098
1182
1315
1388
1374
1307
1242
1212
1219
1130
993
839
751
801
867
936
878
636
289
-6
-165
-142
-38
32
-8
-195
-309
-519
-597
-607
-639
-630
-607
-532
-585
-637
-738
-880
-1025
-1088
-1042
-987
-969
-1008
-1092
-1172
-1284
-1337
-1310
-1245
-1224
-1189
-1158
-1234
-1308
-1422
-1417
-1388
-1255
-1108
-948
-837
-836
-824
-880
-793
-722
-558
-326
-151
-7
15
45
7
-31
96
240
399
507
570
675
695
746
674
575
441
311
362
547
897
1095
1269
1248
1167
1153
1101
1036
823
634
486
646
1078
1590
1906
1789
1383
894
581
636
923
1281
1533
1571
1495
1394
1231
751
420
224
42
281
653
842
759
462
84
-333
-580
-689
-702
-579
-519
-375
-289
-466
-749
-1068
-1278
-1237
-1021
-775
-602
-679
-834
-1067
-1193
-1263
-1309
-1415
-1541
-1443
-1283
-1154
-1234
-1311
-1328
-1216
-1229
-1168
-974
-910
-914
-923
-910
-1047
-1045
-858
-696
-669
-481
-231
-185
-188
-85
87
255
450
498
476
511
619
766
824
840
892
883
893
970
1101
1187
1216
1236
1167
1138
1135
1143
1125
1107
1047
996
914
816
737
698
674
648
671
642
603
558
483
371
256
132
32
-50
-87
-106
-151
-217
-298
-371
-433
-458
-461
-451
-480
-517
-519
-520
-502
-489
-455
-477
-485
-484
-493
-503
-510
-447
-402
-357
-274
-168
-101
-82
-80
-61
-24
36
122
133
136
145
178
169
185
174
166
104
54
34
56
92
110
123
34
-9
-15
-25
-28
-38
-29
-60
-68
-44
-52
-74
-128
-166
-223
-233
-200
-217
-225
-203
-191
-175
-184
-223
-304
-321
-270
-206
-160
-95
-87
-154
-220
-286
-268
-291
-261
-247
-223
-141
-99
-40
-44
-87
-99
-81
-63
-6
65
123
122
117
121
78
66
103
139
210
268
332
321
264
230
149
133
149
179
229
212
262
250
258
234
201
117
58
81
71
97
84
95
83
117
100
70
33
13
39
45
128
193
233
250
180
90
43
21
51
74
155
225
289
296
258
229
165
135
121
83
67
37
102
206
314
437
434
366
209
126
26
-5
40
104
178
195
236
47
-84
-94
-115
83
138
172
58
-114
-200
-275
-269
-183
-218
-198
-131
-396
-469
-410
-440
-627
-612
-505
-464
-439
-324
-313
-509
-594
-726
-681
-694
-567
-509
-482
-615
-600
-485
-672
-666
-618
-528
-559
-351
-150
-213
-188
-196
-368
-566
-531
-373
-252
-74
106
248
146
-173
-390
-549
-546
-279
128
419
568
659
524
212
53
76
219
359
600
796
842
773
665
574
524
658
860
1056
1135
1177
1182
1144
1166
1128
1152
1111
1117
1201
1238
1216
1105
994
817
726
782
850
827
704
524
285
54
15
57
165
280
357
315
137
-136
-420
-586
-641
-494
-330
-298
-407
-681
-925
-1085
-1110
-1062
-934
-883
-987
-1066
-1160
-1219
-1171
-1110
-1329
-1487
-1407
-1256
-1246
-1237
-1364
-1407
-1410
-1477
-1258
-910
-708
-579
-539
-991
-1357
-1192
-744
-317
75
182
-51
-289
-414
-450
-405
-37
324
564
675
843
749
428
263
287
454
573
899
946
833
627
519
494
486
681
850
1146
1406
1526
1289
654
-61
-623
-428
279
1305
2134
2288
1799
902
227
-64
202
776
1401
1877
2021
1912
1465
806
108
-372
-366
63
779
1351
1506
1178
487
-228
-599
-730
-682
-488
-251
-4
-48
-304
-819
-1354
-1715
-1561
-847
-25
571
593
238
-370
-898
-1016
-834
-529
-394
-303
-320
-572
-979
-1439
-1717
-1761
-1419
-831
-314
-361
-698
-979
-1221
-1191
-1055
-936
-904
-795
-721
-694
-648
-906
-1200
-1139
-892
-599
-266
205
339
209
12
-239
-379
-378
-116
264
512
587
496
323
95
26
34
226
572
638
673
780
835
764
712
526
292
305
427
726
979
1063
1012
887
770
672
487
221
-160
-252
4
643
1395
1786
1607
915
224
-139
22
506
1086
1593
1783
1630
1345
965
446
-43
-149
90
559
1024
1270
1166
739
238
-204
-372
-427
-428
-427
-363
-144
40
187
141
-285
-889
-1495
-1669
-1520
-1083
-348
267
568
297
-202
-877
-1408
-1580
-1435
-1056
-764
-595
-595
-800
-1138
-1507
-1584
-1447
-1201
-956
-726
-421
-325
-420
-750
-984
-1157
-1164
-894
-458
-162
-291
-495
-718
-870
-788
-262
238
453
411
312
72
-199
-314
-94
197
339
469
641
550
290
256
236
307
429
606
792
851
894
910
969
891
698
700
613
644
709
857
860
808
748
702
747
548
205
-300
-566
-381
172
1001
1552
1641
1023
258
-219
-306
68
581
1169
1428
1566
1469
1123
611
-83
-383
-330
103
660
1044
1104
781
337
-144
-459
-654
-717
-607
-445
-308
-355
-516
-667
-722
-597
-567
-609
-932
-1257
-1303
-945
-315
312
677
471
-47
-623
-995
-1136
-1195
-979
-706
-459
-220
-232
-491
-857
-1127
-1341
-1232
-887
-547
-221
-14
37
-168
-542
-885
-1091
-899
-456
-109
-13
-250
-551
-579
-406
-163
131
328
228
5
-112
-223
-244
-160
-59
34
194
353
450
373
102
-132
-151
-101
122
408
646
758
760
723
482
331
276
252
396
492
781
831
507
-281
-1179
-1468
-1116
159
1491
2441
2430
1503
451
-307
-342
101
1032
1945
2459
2669
2429
1874
839
-62
-444
-163
632
1461
2073
1999
1431
563
-189
-705
-946
-786
-353
105
196
-215
-840
-1471
-1678
-1415
-712
-38
171
-69
-555
-1105
-1435
-1376
-803
7
726
1057
799
8
-1081
-1917
-2136
-1793
-1138
-507
-130
-141
-572
-1149
-1732
-2108
-2117
-1626
-835
-38
378
356
-107
-713
-1224
-1407
-1177
-743
-130
280
401
270
-6
-310
-442
-379
-75
296
512
741
508
233
-126
-201
-206
-197
71
194
406
338
362
233
170
280
276
431
350
621
726
923
911
842
376
-742
-1895
-2819
-2324
-1077
1127
2772
3436
2683
979
-348
-1156
-801
261
1857
3308
3883
3770
2759
1388
-124
-1016
-821
103
1457
2459
3012
2689
1666
427
-747
-1384
-1543
-984
-105
831
1001
377
-733
-1799
-2249
-2082
-1091
-97
674
950
879
570
-73
-622
-870
-666
-174
387
789
598
-100
-1129
-1963
-2467
-2476
-2018
-1396
-814
-627
-784
-1315
-1884
-2259
-2215
-1701
-943
-215
53
-12
-428
-943
-1338
-1478
-1204
-760
-132
396
700
610
214
-172
-398
-321
-96
306
449
337
-47
-480
-693
-749
-418
-154
145
198
158
80
-48
17
197
602
1021
1364
1474
1397
1100
846
-65
-1433
-3086
-3851
-3023
-978
1966
4113
4845
3468
1184
-805
-1826
-1326
252
2608
4499
5358
5007
3442
1358
-781
-1825
-1618
-294
1436
2856
3644
3305
2122
321
-1340
-2441
-2551
-1642
-136
1446
2126
1685
225
-1590
-2987
-3467
-2593
-901
946
2219
2537
1947
678
-573
-1384
-1443
-879
-113
486
613
95
-937
-2153
-3179
-3720
-3518
-2728
-1642
-718
-302
-485
-1170
-1926
-2381
-2266
-1622
-556
401
864
685
19
-800
-1444
-1637
-1261
-532
277
923
1260
1181
647
166
-368
-565
-527
-217
85
88
41
-434
-686
-1009
-1006
-768
-374
305
766
1250
1290
1190
845
650
774
1087
1533
1641
597
-1457
-4055
-5255
-4478
-2022
1521
4235
5570
4375
2016
-323
-1761
-1639
-323
2195
4343
5502
5377
4065
1976
-561
-2174
-2545
-1559
112
1838
3430
3833
3097
1234
-878
-2535
-3267
-2521
-762
1369
2735
2807
1475
-519
-2389
-3134
-2390
-471
1865
3523
4058
3337
1726
-240
-1788
-2380
-2069
-1320
-423
148
95
-797
-2182
-3527
-4325
-4300
-3285
-1595
-57
789
651
-138
-1351
-2341
-2755
-2363
-1374
-227
560
786
406
-348
-1091
-1576
-1571
-1130
-435
281
900
1127
1068
511
-194
-1065
-1873
-2136
-1887
-1160
-505
12
221
110
-216
-330
-375
-22
451
1104
1716
1892
1996
1791
1744
1540
1385
892
-865
-3232
-5654
-5793
-3974
-789
2976
5331
6100
4138
1689
-405
-1421
-896
622
3285
5200
6073
5712
4307
1989
-1035
-2874
-3412
-2567
-981
1062
3192
3739
2928
868
-1345
-3171
-3970
-2920
-882
1505
3059
3791
3552
2331
560
-1422
-2613
-2915
-1947
-247
1758
3220
3275
2166
119
-1795
-3356
-3879
-3153
-1749
-372
219
204
-617
-1998
-3284
-3885
-3520
-2699
-1514
-375
355
460
51
-546
-1229
-1617
-1524
-937
-101
612
947
697
-66
-895
-1362
-1277
-884
-277
202
463
432
209
-182
-747
-1194
-1450
-1464
-1221
-680
-64
430
628
687
513
306
149
365
692
1170
1713
2116
2362
2125
1713
512
-2087
-5091
-7462
-7152
-4549
-521
3880
6515
7063
4824
1955
-376
-1483
-948
840
3562
5427
6301
6000
4466
1635
-1992
-4245
-5124
-4495
-2588
185
3073
4168
3669
1843
-546
-2634
-3494
-2356
-109
2335
4349
5527
5450
3855
1128
-1812
-4058
-4770
-3798
-1417
1433
3342
3519
2022
-315
-2737
-4297
-4418
-3064
-1172
660
1893
2035
891
-1221
-3168
-4459
-4739
-3910
-2238
-470
743
1144
705
-485
-1769
-2450
-2264
-1404
-59
1288
2012
1841
855
-517
-1829
-2595
-2633
-1981
-885
277
1066
1126
445
-693
-1857
-2484
-2469
-1651
-342
815
1571
1674
1373
718
91
-180
-119
269
847
1582
2197
2408
2430
1952
857
-2108
-5548
-8265
-8201
-5289
-1173
3893
7210
8412
6556
3582
1072
-570
-630
568
2969
4808
5945
6296
5259
2458
-1734
-4880
-6571
-6793
-5084
-1786
2201
4499
4827
3676
1490
-748
-2149
-1755
-185
1827
3842
5397
5992
5089
2884
-304
-3922
-6811
-7799
-6163
-2904
677
3217
3889
2636
-35
-2660
-4310
-4202
-2777
-574
1545
2832
2910
1578
-614
-3236
-5357
-6363
-5900
-4073
-1669
629
1996
2049
961
-588
-1707
-2033
-1313
133
1762
2821
2719
1626
-221
-2103
-3506
-3881
-3112
-1612
-77
1068
1445
1062
237
-861
-1363
-1398
-520
746
1786
2318
1983
1304
142
-378
-387
273
1143
1860
2527
2437
2331
1830
1263
-811
-4608
-7931
-9685
-7681
-4149
912
5871
8758
8785
5942
3373
1043
-48
-115
1319
3443
4628
5612
5464
3721
-145
-4424
-7113
-8602
-7905
-5110
-493
3519
5258
5438
4165
2249
84
-895
-482
670
2364
4043
5471
5676
4557
2246
-890
-4344
-7575
-9194
-8883
-6617
-3315
363
3452
4692
4165
2465
706
-840
-1568
-1033
117
1101
1461
1315
94
-2337
-5083
-7165
-8042
-7430
-5134
-1800
1298
3431
4450
4323
3157
1842
981
555
308
94
-7
-442
-1221
-2267
-3229
-3825
-3742
-3104
-1827
-385
1186
2335
2823
2608
1771
1034
287
263
292
638
652
465
93
-244
7
413
1307
1882
2474
2382
2142
1600
838
-1405
-5179
-8388
-9757
-7649
-4325
747
5859
9063
9235
6747
4563
2292
547
-131
890
2538
3551
4396
4351
2621
-1242
-5217
-7793
-9040
-8110
-4938
-231
3746
5866
6617
5881
4150
1902
354
-118
183
1291
2778
4287
4719
3732
1339
-1738
-4565
-6775
-8032
-8632
-7792
-5639
-2241
1227
4325
6551
6808
5423
2861
805
-745
-1511
-1518
-1305
-1257
-1876
-2758
-4075
-5590
-6891
-7315
-6396
-4355
-1300
2106
5180
7053
7313
6292
4501
2453
166
-1876
-3174
-3782
-4014
-3948
-3525
-2907
-2418
-1985
-1367
-297
965
2189
3314
3764
3789
3186
2490
1440
320
-756
-1693
-2141
-2217
-1299
-61
1327
2189
2543
2463
1736
1294
772
621
-857
-4319
-7626
-9577
-7925
-5164
-666
4521
8124
8825
6556
5000
3154
1463
387
859
2190
2603
3214
3407
2228
-1297
-5368
-7812
-8915
-8124
-5263
-690
3564
6052
7163
6980
5882
3818
1732
497
-2
390
1412
2896
3813
3307
1482
-1073
-3553
-5509
-6494
-6616
-6451
-5473
-3492
-428
2772
5669
7626
7396
5335
2567
434
-1435
-2594
-2750
-2618
-2838
-3205
-3206
-3561
-4348
-5081
-5309
-4885
-3313
-252
3305
5986
7434
7531
6221
3559
637
-1886
-3955
-5368
-5866
-5318
-4377
-3112
-2001
-1258
-916
-568
264
1334
2429
3346
4044
4182
3389
1832
-63
-1917
-3360
-4066
-3565
-2121
-289
1439
2569
2996
2525
1685
804
564
550
502
-1854
-5588
-8649
-9321
-7278
-4295
923
5975
8861
8216
6647
5495
3509
1643
628
1470
1896
2151
2926
3044
1259
-2725
-5993
-7888
-8551
-7216
-3801
945
4672
6891
8026
8092
6756
4256
2048
458
-219
-8
1126
2634
3261
2775
1021
-1162
-3437
-5178
-6156
-6794
-6521
-5122
-2425
686
4005
6944
8181
7247
5056
2571
-223
-2725
-4098
-4299
-4335
-4147
-3441
-2752
-2815
-3588
-4450
-4911
-4456
-2427
824
4117
6619
7855
7408
5272
2141
-1204
-4179
-6496
-7581
-7249
-5897
-4009
-2125
-721
-34
118
370
823
1659
2680
3845
4611
4262
2867
726
-1528
-3667
-4768
-4664
-3346
-1582
291
1982
2964
3033
2468
1709
1199
973
1084
148
-3485
-7306
-9696
-8702
-6183
-2281
3448
8034
9378
7946
6755
5392
3130
980
720
1528
1893
2399
3419
3159
-14
-4331
-7207
-8529
-8535
-6335
-1993
2859
6114
8061
9075
8545
6380
3361
1075
-348
-779
-71
1544
3089
3369
2258
199
-2095
-4369
-5824
-6663
-6765
-5946
-4103
-1053
2133
5526
7987
8368
6886
4212
1192
-1925
-4119
-4979
-5033
-4817
-4204
-3153
-2501
-2702
-3536
-4317
-4483
-3479
-925
2315
5286
7214
7549
6142
3255
-246
-3705
-6551
-8283
-8382
-7034
-4917
-2516
-457
758
1036
977
1028
1340
1975
2764
3351
3482
2763
1243
-785
-2716
-4084
-4619
-4127
-2855
-1006
748
2241
3341
3431
3229
2508
1908
1314
857
-324
-4194
-7697
-9715
-8401
-5669
-1904
4039
8492
9858
8471
7333
6020
3378
1274
810
1460
1492
2043
3211
2834
-121
-4234
-6652
-8152
-8239
-6113
-1910
2964
6202
8562
9590
9061
6659
3401
839
-985
-1516
-883
939
2576
3047
2191
372
-2046
-4645
-6420
-6815
-6831
-6168
-4093
-1184
1782
4212
6526
7344
5974
3614
1460
-822
-3216
-4346
-4585
-5040
-5213
-4323
-3276
-3190
-3531
-3659
-3426
-2625
-853
1795
4143
5768
6291
5464
3287
366
-2661
-5562
-7546
-8023
-7085
-5293
-2976
-656
1057
2010
2457
2833
3015
2880
2681
2153
1676
1146
550
-224
-1304
-2080
-2981
-3466
-3166
-1926
-164
1358
2941
3882
4116
3682
3053
2318
1396
-743
-5119
-8901
-10656
-9032
-5680
-1400
4637
8974
9949
8284
6717
5358
2821
760
546
1442
1919
2531
3588
2991
-561
-5126
-8013
-9399
-9209
-6672
-1842
3392
6953
9250
10146
9233
6356
2839
57
-1643
-1915
-712
1373
2953
3206
2059
-81
-2962
-5802
-7565
-7891
-6735
-4560
-1617
1426
3477
4667
4941
4315
3230
1993
1034
56
-937
-1783
-2755
-3937
-5017
-5422
-5230
-4986
-4425
-3164
-1627
-144
1328
2722
3697
3966
3722
3129
1897
74
-1943
-3781
-5277
-6164
-6132
-5288
-3757
-1893
-38
1683
2874
3780
4076
3808
3026
2089
1498
618
-338
-1215
-1849
-2411
-2938
-2981
-2236
-1146
46
1492
2825
3707
3884
3540
2807
2139
1489
69
-3879
-7946
-10319
-9797
-7111
-3411
2674
7884
9698
8777
7429
6228
3858
1434
735
1015
1236
1663
2874
2913
78
-4139
-7345
-9072
-9393
-7421
-3261
1917
5973
8597
9908
9471
7347
4047
1048
-962
-1656
-946
488
1853
2335
1643
-67
-2515
-4819
-6709
-7771
-7764
-6238
-3026
629
4140
6834
8124
7281
4749
1916
-450
-2326
-3566
-3817
-3570
-3408
-3140
-2591
-2384
-3085
-3974
-4064
-3247
-1705
571
3249
5137
5738
5175
3733
1437
-1413
-3957
-5741
-6424
-6007
-4596
-2682
-845
648
1524
1915
1928
1943
1960
1832
1797
2015
2171
1575
289
-1185
-2431
-3469
-3974
-3594
-2523
-1001
499
2183
3721
4495
4308
3206
1764
620
-40
-412
-2317
-5880
-8810
-10044
-8386
-5350
-717
5035
8484
9120
8000
7019
5810
3375
1587
868
765
802
1325
2201
1086
-2261
-5937
-8007
-8603
-7590
-4636
-81
4460
7392
9022
9328
8367
5868
2613
180
-951
-735
102
1075
1921
1711
363
-1705
-3493
-4702
-5624
-5929
-6065
-4825
-2512
365
3640
6442
8213
7493
5090
2685
300
-2204
-4042
-4588
-4691
-4725
-3662
-2133
-1636
-2373
-3093
-3510
-3524
-2467
-29
2832
4860
6083
6124
4599
1705
-1526
-4465
-6604
-7216
-6249
-4301
-2161
-287
1082
1641
1624
1606
1553
1435
1295
1480
1924
1848
1353
453
-781
-2262
-3657
-4266
-4080
-2799
-879
1364
3420
4752
4945
3857
2213
723
-142
-733
-1677
-4477
-7717
-9631
-8946
-6098
-2496
2802
7273
8786
7987
6720
6275
4605
2573
1682
1618
1603
1332
1845
1351
-1489
-5555
-8220
-8611
-7535
-4842
-671
4038
7145
8318
8322
7577
5761
2847
538
-278
261
1056
1694
2277
1865
195
-2016
-3664
-4478
-5042
-5234
-5059
-4367
-2768
-639
2122
4748
6431
6587
5066
3212
1278
-892
-2758
-3576
-3892
-4361
-3968
-2736
-2147
-2818
-3576
-3792
-3789
-2999
-852
1967
4154
5466
5924
5004
2605
-312
-2933
-4996
-5911
-5359
-3967
-2338
-1021
-193
199
226
424
802
1205
1689
2144
2645
2755
2223
1100
-307
-1746
-3069
-3736
-3549
-2406
-1002
399
1843
2990
3395
3124
2570
1893
1407
808
-334
-3881
-7912
-10294
-9931
-6860
-2948
2622
7365
8662
7491
5555
4706
3098
1561
1657
2454
3252
3290
3573
2475
-1165
-5979
-9196
-9801
-8336
-5105
-665
4205
7211
7884
7144
5768
3802
1304
-215
-53
1409
2920
3691
3807
2570
100
-2604
-4415
-4957
-4823
-4463
-3922
-2835
-1437
-34
1410
3010
4071
3585
2404
1733
1348
352
-656
-848
-1168
-2125
-2607
-2226
-2270
-3224
-4136
-4184
-3659
-2694
-1043
1042
2698
3580
3875
3467
2354
722
-1009
-2286
-2859
-2755
-2354
-2072
-1885
-1812
-1776
-1655
-1128
-221
625
1266
1906
2572
2873
2375
1330
224
-932
-1845
-2442
-2380
-1846
-1332
-519
526
1762
2479
2472
2095
1405
919
394
-89
-2988
-6984
-9629
-9510
-6635
-3199
2067
6927
8195
6518
4345
3764
2790
1768
2361
3786
4550
4085
3764
2473
-1248
-6282
-9208
-9184
-7193
-4076
45
4262
6264
5997
4766
3664
2410
964
688
1797
3577
4801
5003
4107
1979
-790
-3052
-3978
-3737
-2465
-1358
-854
-2083
-3681
-4497
-4344
-2237
874
4084
5701
5719
5111
3082
329
-1720
-2629
-3273
-3443
-1979
-351
-393
-1987
-3624
-5198
-6083
-5217
-2466
762
3440
5398
5876
4841
2623
148
-2024
-3286
-3176
-2456
-1722
-1394
-1667
-2427
-3081
-2978
-2035
-742
623
1856
2830
3456
3236
2220
837
-678
-1694
-2222
-2123
-1506
-983
-410
-193
221
652
1034
1193
1378
1765
1660
823
-2855
-6946
-9520
-8915
-5539
-1796
3470
7222
7376
4934
2479
1936
1239
1270
3022
5296
6381
5932
4879
2459
-2132
-7028
-9107
-8092
-5077
-1628
2039
4762
4937
3499
1813
1000
561
580
1901
3844
5412
5979
5360
3500
801
-1617
-2607
-2379
-1308
-8
751
-500
-2995
-4964
-5954
-5592
-3731
-166
2885
4046
4315
3882
2205
-266
-1401
-1234
-1265
-899
180
596
-797
-3146
-5038
-6113
-6152
-4731
-2403
104
2164
3226
3235
2501
1395
92
-707
-532
16
135
-282
-1164
-2557
-3820
-4309
-3719
-2394
-771
688
1608
2216
2586
2449
1759
951
415
-21
-400
-564
-445
-432
-645
-814
-484
203
583
969
1256
1712
1396
816
-1942
-5955
-8365
-8041
-4663
-1186
3035
6448
6447
3886
1200
800
1193
1786
3715
5979
6838
5928
4394
2161
-1599
-5704
-7218
-5917
-3055
-450
1635
2989
2474
896
-365
-282
414
1123
2281
3804
4720
4637
3741
2306
713
-335
-250
538
1057
1315
931
-300
-2328
-5320
-7162
-7552
-5799
-2366
1141
3833
4194
2887
1003
-707
-1167
-487
531
1294
1525
1487
475
-1886
-4222
-5873
-6399
-5651
-3477
-713
1053
1791
1915
1626
1080
704
795
1126
1338
1322
775
-354
-1895
-3528
-4399
-4039
-2653
-1103
-154
421
760
1107
1610
2026
2207
2011
1596
970
357
-43
-413
-870
-1281
-1091
-453
255
586
698
844
627
283
-2514
-5702
-7207
-5861
-2632
243
3658
5688
4559
1434
-454
132
1434
2416
4372
6276
6167
4603
2855
1334
-1393
-4016
-4220
-2466
-548
253
636
625
-309
-1322
-1241
-84
1105
1625
2132
2725
2722
2380
2177
2009
1774
1704
2060
2233
1524
699
-617
-2180
-3952
-4810
-4367
-3661
-2238
-485
657
365
-385
-552
-384
-266
484
1511
1711
1117
427
3
-1053
-2403
-3129
-3103
-2767
-2310
-1513
-803
-430
-232
65
537
887
868
861
1076
1199
978
337
-296
-1026
-1905
-2342
-2377
-2139
-1849
-1409
-686
199
1373
2266
2369
1871
1231
659
-48
-276
-52
271
269
-117
-360
-572
-767
-800
-414
375
896
689
-1993
-5035
-6587
-5264
-2207
561
3342
4507
3162
307
-1153
-242
1216
2277
4005
5364
5042
3612
2276
1407
-445
-2063
-1941
-490
736
613
68
-360
-1046
-1436
-903
495
1502
1280
941
931
1007
1169
1700
2330
2410
2413
2411
2072
826
-326
-903
-1082
-990
-713
-703
-1655
-2656
-2875
-2293
-1630
-662
351
760
287
-125
-32
-182
-604
-671
-260
-186
-557
-1067
-1503
-2010
-2214
-1832
-1097
-255
265
390
204
-7
-71
11
303
724
880
673
272
-431
-1369
-2151
-2540
-2437
-1823
-972
-302
104
560
867
705
518
654
802
784
721
731
531
144
-194
-365
-112
287
770
806
782
-1255
-4954
-7410
-6838
-3314
28
2872
4323
2967
-544
-2978
-2042
931
3189
4605
5456
4894
3178
1396
1105
1206
683
534
1390
2287
1524
-116
-1025
-1449
-1761
-1185
581
1898
1249
-250
-916
-865
-479
478
2166
3625
3546
2485
1488
799
287
-25
529
1293
1169
230
-879
-1720
-2275
-2303
-1512
-707
-408
-389
-520
-679
-1017
-1136
-948
-804
-639
-536
-589
-1009
-1753
-2219
-1939
-1168
-438
-134
-41
31
-83
-78
188
448
424
184
-26
-166
-347
-560
-878
-1104
-1242
-1435
-1631
-1839
-1829
-1659
-1174
-177
805
1409
1413
1043
528
146
8
-4
103
239
248
273
400
872
1108
795
-405
-3341
-5678
-6011
-3575
-478
1813
3171
2519
-261
-2796
-2435
157
2529
3719
4587
4160
2583
1337
1336
1982
1991
1850
2205
2351
1750
565
-196
-225
-375
-301
327
984
764
-351
-1037
-1136
-913
-259
903
1919
2061
1774
1291
904
933
1405
1630
1298
834
468
-272
-1018
-1062
-718
-696
-1042
-911
-705
-1172
-1751
-1518
-835
-534
-493
-300
-461
-1252
-1863
-1924
-1786
-1619
-1357
-1040
-697
-590
-713
-585
72
677
889
1045
1157
681
-358
-877
-883
-777
-621
-470
-574
-1100
-1607
-2007
-2160
-1749
-980
-342
287
901
1263
1199
870
656
334
192
-84
-230
-64
548
892
944
-394
-3255
-5592
-5448
-2451
491
2465
3125
1808
-1515
-3746
-2338
1049
3141
3621
3377
1896
267
-106
1445
3093
3215
2616
2223
1980
1248
775
1260
1913
1587
810
459
222
-519
-1238
-822
74
404
143
0
155
173
2
351
1075
1798
1831
1723
1538
565
-596
-1147
-470
518
995
880
255
-910
-1825
-1887
-1211
-571
-469
-683
-1037
-1206
-1398
-1804
-1955
-1794
-1690
-1626
-1315
-1078
-1327
-1579
-1236
-739
-143
564
1042
1154
969
884
604
97
-166
-325
-523
-540
-576
-674
-983
-1181
-1159
-1147
-939
-923
-978
-807
-321
278
923
1455
1692
1283
812
552
404
389
556
-40
-2889
-5373
-5683
-2910
24
1805
2683
1817
-1048
-3813
-3043
749
3882
4434
3794
2037
-154
-1415
-267
2274
3196
2544
1585
1155
615
80
921
2757
3479
2800
1780
1071
57
-1212
-1096
32
864
706
228
-153
-562
-871
-601
-157
279
589
927
1207
690
201
-34
380
759
1096
1250
605
-522
-998
-601
-229
-104
-195
-732
-1826
-2139
-1710
-1555
-1487
-1541
-1979
-2496
-2051
-1085
-822
-1059
-1127
-1279
-1388
-1000
-147
605
854
814
477
316
453
504
226
154
261
-114
-724
-801
-616
-597
-489
-278
-366
-557
-688
-861
-923
-553
-24
478
1002
1667
1749
1712
1555
1127
-411
-3189
-4910
-4772
-2111
415
1458
1336
-68
-2562
-3860
-1875
2004
4221
3964
2981
1009
-422
-301
1379
3170
2913
1770
838
249
-115
-129
864
2160
2298
1816
1455
1330
1033
441
878
1474
1094
59
-734
-778
-571
-311
89
-8
-534
-1084
-1160
-360
321
690
787
778
756
756
900
846
580
395
322
-56
-359
-701
-1159
-1515
-1484
-1217
-1397
-1624
-1936
-2311
-2226
-1575
-994
-1019
-1205
-1224
-1252
-1115
-508
46
261
163
14
-95
-154
64
361
689
914
796
325
-246
-603
-687
-433
103
426
356
189
-195
-639
-759
-642
-576
-568
-179
500
943
1493
1805
1856
-332
-3228
-4332
-2682
-128
649
822
327
-1507
-3947
-3674
-514
2417
2596
1892
1315
145
-272
789
3053
3773
2384
1009
780
897
657
873
2056
2322
869
-221
-108
698
1021
1492
2393
2355
934
-596
-869
-171
301
341
219
-129
-800
-1347
-1228
-1138
-981
-786
-106
381
809
1110
769
359
476
1054
1014
555
225
-368
-1271
-904
-113
-403
-1198
-1717
-2149
-2671
-1996
-910
-994
-1485
-1504
-1405
-1402
-919
-132
104
-98
-40
-90
-317
-370
-333
-187
171
481
323
60
101
-54
-301
-38
460
333
209
484
571
354
231
110
-316
-470
-296
-62
-76
569
859
847
-647
-2349
-2907
-1618
578
1070
814
203
-1064
-2951
-2798
-380
1613
1018
-2
-151
-332
38
1119
2738
2893
1459
524
931
1800
1921
1985
2565
2477
979
-177
128
1086
1182
983
1569
1515
300
-566
66
1136
1173
523
-12
-488
-1191
-1424
-1050
-661
-874
-1529
-1332
-768
-223
-19
45
266
319
436
605
550
260
-251
-597
-266
-115
-417
-833
-1260
-1678
-1944
-1491
-954
-1103
-1287
-1252
-1285
-1270
-986
-578
-292
-173
122
257
-51
-369
-461
-177
111
239
245
135
-79
-229
-133
277
588
545
603
692
552
404
439
686
675
733
738
537
127
257
387
624
-294
-2074
-2773
-2095
-26
774
778
450
-363
-1719
-2078
-589
1138
956
-441
-873
-1051
-723
-153
1063
1941
1115
177
370
1328
1592
1595
2226
2637
1717
584
726
1479
1721
1329
1319
1126
-35
-944
-460
818
1376
994
480
-56
-747
-1043
-922
-719
-953
-1465
-1359
-936
-480
-204
-262
-299
-316
-140
140
199
131
-194
-440
-258
-126
-213
-455
-909
-1351
-1434
-961
-473
-461
-460
-468
-761
-1023
-867
-487
-259
-158
13
-38
-487
-730
-540
74
610
700
429
-9
-492
-657
-299
413
870
813
636
330
-75
-211
-133
260
486
779
1019
847
535
631
753
927
194
-1509
-2570
-2407
-663
184
291
405
-68
-1303
-2011
-806
910
990
-212
-558
-765
-788
-560
316
1210
595
-290
-305
498
928
961
1590
2403
1984
951
851
1588
2034
1784
1837
1823
774
-336
-344
433
910
786
531
74
-487
-686
-447
-458
-353
-370
-403
-704
-785
-275
-202
-213
-97
102
-184
-656
-708
-430
-359
-181
-58
-480
-906
-1367
-1421
-1086
-494
-177
-404
-472
-494
-815
-995
-636
-287
-273
-332
-175
-237
-763
-997
-750
-312
94
306
268
18
-306
-400
11
576
792
556
425
259
-94
-117
258
397
256
183
210
124
-19
580
1026
1280
576
-994
-1803
-1521
-106
488
329
142
-312
-1435
-1763
-540
974
1062
37
-313
-582
-673
-265
599
1327
788
-209
-388
138
469
621
1266
1958
1466
460
585
1397
1922
1863
1932
1917
1039
253
440
1037
1179
515
-240
-574
-815
-537
-214
-52
-203
-688
-795
-656
-332
40
142
-10
-119
-121
-138
-486
-706
-621
-779
-853
-702
-636
-895
-1318
-1357
-1131
-815
-594
-627
-628
-627
-768
-761
-349
33
123
-48
-257
-466
-891
-894
-414
0
151
-44
-370
-613
-632
-225
413
771
833
609
483
363
285
535
805
860
544
321
263
1
-144
109
482
262
-1122
-1644
-1031
403
904
597
448
106
-754
-1381
-419
944
1140
148
-308
-392
-607
-464
357
1352
952
-93
-166
586
820
412
825
1491
1066
129
264
1228
1537
1205
1152
1276
862
334
529
1171
1513
1027
464
-107
-625
-1186
-1201
-568
-227
-340
-744
-744
-628
-376
-155
159
269
-41
-325
-402
-210
-221
-388
-564
-700
-1072
-1431
-1316
-1097
-1015
-980
-792
-679
-781
-934
-918
-820
-676
-413
-214
-11
40
-184
-524
-712
-598
-259
-8
70
-24
-301
-541
-665
-286
221
434
496
542
747
733
714
847
987
857
674
660
679
952
756
617
-83
-1405
-1918
-1341
319
811
497
323
239
-387
-799
188
1444
1413
285
22
-20
-266
-88
692
1290
534
-262
4
815
1062
868
1090
1384
783
-103
174
1146
1452
930
647
749
325
-156
185
944
1064
239
-340
-159
-45
-92
-378
-595
-766
-1281
-1496
-1170
-543
-378
-680
-773
-333
-217
-452
-349
-4
-58
-770
-830
-315
-469
-1039
-1239
-1012
-1100
-1392
-1223
-765
-582
-749
-949
-894
-669
-658
-631
-270
7
-60
-216
-84
-2
-79
-89
91
271
251
234
91
4
93
202
262
490
867
928
812
730
1037
942
789
864
1059
1273
1010
696
-582
-1255
-1023
116
717
162
-317
-576
-743
-1057
-244
1032
1406
387
-335
-85
28
198
662
1449
955
-412
-713
336
1205
1015
1025
1528
1157
-33
-225
859
1585
1218
686
624
300
-261
-57
727
1144
465
-437
-860
-752
-540
-285
256
378
-156
-1022
-1257
-1000
-736
-726
-878
-883
-893
-812
-627
-195
1
-224
-525
-706
-551
-498
-595
-600
-485
-628
-1068
-1234
-1017
-841
-863
-777
-585
-521
-668
-727
-498
-316
-243
-157
-40
-30
-156
-302
-197
219
370
378
247
339
217
130
360
776
1057
928
677
372
237
397
616
932
1288
1186
495
-972
-1342
-557
772
1227
667
164
-181
-787
-1302
-428
908
1174
141
-387
-187
-205
37
788
1622
1108
-143
-407
426
1142
1167
1439
1746
1184
39
16
1249
1966
1597
1036
804
291
-387
-184
667
1004
388
-269
-489
-534
-741
-805
-301
59
-214
-857
-845
-333
-272
-656
-794
-705
-1048
-1556
-1440
-793
-539
-758
-764
-656
-739
-1040
-1107
-723
-444
-602
-915
-954
-910
-1092
-1198
-823
-509
-607
-824
-829
-836
-883
-787
-375
5
22
-159
-344
-302
-38
304
548
705
614
336
147
466
874
1215
1374
1233
914
362
204
410
970
1357
1379
989
-315
-826
-548
717
1320
881
493
218
-173
-713
-30
1070
1313
281
-396
-304
-183
284
856
1501
1085
4
-342
320
1033
1082
1276
1559
1239
227
-80
723
1361
1216
764
636
489
173
263
687
789
199
-657
-1010
-911
-622
-702
-674
-497
-605
-1099
-1397
-894
-512
-666
-903
-570
-339
-742
-1184
-1043
-825
-1065
-1207
-1006
-879
-1223
-1530
-1315
-898
-789
-913
-941
-800
-861
-1012
-863
-507
-376
-481
-550
-682
-913
-1015
-639
-197
-104
-194
-287
-309
-107
249
592
813
920
850
687
607
841
1107
1363
1353
1230
1015
847
854
935
1245
1211
902
-314
-704
-155
1018
1469
960
732
472
8
-596
144
1204
1298
326
-270
-36
-47
219
781
1471
1125
79
-188
558
1111
929
1080
1549
1302
324
27
810
1280
908
473
316
111
-294
-82
553
820
401
-329
-779
-895
-847
-1062
-984
-755
-852
-1412
-1678
-1197
-862
-1038
-1321
-1093
-919
-1102
-1235
-922
-613
-768
-914
-831
-655
-962
-1401
-1351
-1069
-1025
-1241
-1110
-836
-908
-1141
-906
-434
-286
-353
-330
-315
-550
-721
-471
-166
-86
-160
-210
-126
-5
116
255
423
596
660
773
989
1266
1371
1436
1410
1263
1083
881
1063
1186
1350
1313
1040
-28
-588
-243
807
1354
830
603
406
182
-191
325
1261
1316
478
-209
-133
-103
218
753
1332
979
113
-60
512
1044
992
1212
1500
1184
376
225
943
1408
1150
673
399
35
-308
-165
209
345
24
-483
-706
-767
-703
-790
-750
-654
-888
-1355
-1666
-1377
-1105
-1212
-1405
-1307
-1153
-1372
-1546
-1332
-1002
-1045
-1112
-924
-671
-723
-938
-882
-731
-773
-1003
-1023
-832
-799
-1041
-1041
-711
-473
-507
-483
-364
-366
-424
-260
29
98
-16
-142
-61
182
320
329
393
468
472
467
609
990
1205
1263
1256
1219
1189
1091
1167
1149
1326
1296
1103
298
-341
-152
526
1218
943
603
188
-106
-457
-125
893
1223
727
-106
-165
-80
149
534
1085
1049
203
-224
127
817
852
868
1178
1162
564
158
747
1391
1345
837
569
347
53
93
506
748
497
-261
-783
-754
-552
-704
-951
-706
-595
-892
-1189
-919
-666
-930
-1387
-1316
-959
-1140
-1420
-1353
-1002
-1071
-1272
-1138
-872
-912
-1229
-1074
-643
-422
-677
-818
-612
-550
-805
-882
-536
-348
-517
-738
-702
-636
-583
-358
-36
81
-31
-234
-254
49
380
454
388
371
437
352
407
701
925
901
722
615
687
759
849
965
1200
1288
1091
616
-202
-396
47
918
1096
759
335
-20
-320
-511
227
844
778
-62
-421
-157
158
546
887
1147
627
47
52
733
1156
1058
1173
1164
823
306
532
1259
1596
1316
869
647
398
307
506
813
934
499
-25
-362
-405
-509
-684
-558
-484
-701
-1090
-1033
-788
-691
-806
-902
-791
-1053
-1364
-1439
-1084
-910
-1064
-1151
-1164
-1216
-1441
-1359
-1009
-710
-740
-926
-851
-723
-766
-835
-657
-421
-480
-697
-806
-741
-750
-704
-559
-390
-327
-417
-462
-294
63
306
294
224
309
287
264
455
742
895
720
568
527
560
559
628
695
920
1032
903
294
-279
-143
462
1063
890
627
367
91
-313
-70
830
1105
521
-265
-163
93
285
659
1137
1134
356
-58
382
1204
1405
1447
1629
1517
889
386
942
1577
1569
1053
858
855
593
484
747
1076
825
161
-272
-250
-86
-191
-284
-214
-372
-903
-1179
-838
-593
-814
-1136
-993
-866
-1146
-1323
-1135
-966
-1167
-1315
-1232
-1125
-1275
-1418
-1359
-1221
-1104
-1181
-1162
-982
-942
-1015
-984
-700
-520
-674
-862
-849
-808
-777
-647
-505
-407
-481
-664
-786
-515
-71
68
47
126
227
155
191
572
869
760
562
528
578
617
667
712
803
825
710
412
-177
-294
120
916
1185
880
508
254
30
-100
626
1315
1210
269
-161
122
297
487
912
1354
899
164
79
831
1357
1289
1403
1580
1368
785
899
1596
1889
1466
959
925
776
593
561
898
1029
580
98
-90
-27
-138
-294
-316
-292
-501
-768
-802
-692
-685
-1009
-1232
-1107
-1064
-1228
-1306
-1107
-996
-1209
-1265
-1116
-1137
-1401
-1500
-1366
-1182
-1153
-1157
-1177
-1238
-1232
-1193
-952
-707
-639
-794
-997
-1005
-857
-691
-544
-440
-515
-640
-679
-546
-291
-100
-57
-103
-60
69
151
312
591
782
713
625
645
663
700
773
876
1083
1083
864
149
-450
-317
409
995
933
779
552
206
-264
178
1144
1429
789
135
288
308
375
755
1358
1260
429
-4
431
1132
1167
1240
1494
1422
764
470
1184
1782
1638
1196
1118
985
614
476
851
1084
750
155
-279
-271
-160
-166
-226
-245
-408
-767
-981
-680
-357
-581
-1046
-1202
-1088
-1262
-1430
-1184
-944
-1162
-1435
-1231
-986
-1056
-1317
-1352
-1223
-1165
-1176
-1143
-1073
-1114
-1236
-1213
-964
-740
-725
-906
-972
-897
-812
-655
-415
-332
-493
-669
-613
-298
46
132
18
-26
-40
-62
76
422
726
746
636
601
623
657
675
771
985
1115
1014
479
-167
-260
235
929
1101
901
554
171
-292
-259
627
1309
1076
217
-3
172
308
595
1181
1474
780
81
198
948
1205
1151
1345
1451
1018
423
747
1421
1557
1172
1006
1043
775
545
722
1175
1066
514
17
-143
-227
-422
-350
-96
19
-387
-799
-838
-655
-722
-881
-781
-800
-1068
-1386
-1296
-1076
-1031
-1115
-1198
-1198
-1293
-1302
-1206
-983
-863
-895
-989
-1032
-1003
-1025
-934
-816
-750
-877
-1011
-1040
-1032
-917
-678
-407
-307
-364
-528
-593
-482
-266
-45
8
-16
-19
23
59
240
414
546
500
384
351
504
654
685
768
882
913
629
35
-436
-259
428
920
913
640
373
-20
-435
-142
764
1183
589
-91
-72
151
272
644
1323
1259
454
23
557
1248
1318
1384
1591
1452
758
509
1086
1626
1492
1073
1048
924
588
465
873
1267
991
479
165
-88
-336
-232
234
408
49
-461
-746
-719
-608
-419
-385
-631
-1090
-1310
-1227
-1020
-819
-805
-947
-1271
-1409
-1323
-1139
-1012
-933
-938
-1061
-1151
-1094
-1002
-996
-1008
-960
-965
-1070
-1114
-1065
-1004
-967
-847
-665
-576
-618
-601
-490
-378
-269
-99
-2
-30
-66
-107
-26
116
300
444
457
398
379
490
596
636
698
842
891
683
166
-270
-210
409
996
1041
703
339
13
-234
71
876
1379
906
174
-15
207
494
883
1316
1175
441
2
475
1157
1406
1460
1579
1392
773
597
1159
1701
1510
1088
1032
962
599
432
835
1102
796
233
-34
-100
-95
91
283
202
-243
-539
-602
-521
-458
-451
-605
-941
-1243
-1292
-1102
-973
-1019
-1176
-1320
-1410
-1419
-1317
-1209
-1194
-1238
-1258
-1266
-1276
-1260
-1216
-1214
-1238
-1169
-1022
-996
-1101
-1153
-1093
-983
-919
-855
-770
-727
-707
-603
-354
-127
1
41
55
113
145
200
371
560
593
491
417
474
617
885
1092
1199
1042
841
824
949
951
611
372
419
762
1111
1139
859
452
107
80
449
937
1180
919
484
234
366
680
939
989
730
381
284
494
786
901
892
907
848
756
679
725
820
847
857
787
631
389
259
303
375
230
9
-34
-53
-113
-218
-236
-248
-386
-467
-391
-352
-478
-726
-901
-949
-918
-862
-831
-983
-1190
-1299
-1215
-1055
-1046
-1105
-1188
-1253
-1311
-1279
-1110
-1036
-1088
-1187
-1166
-1074
-1015
-927
-862
-805
-844
-816
-807
-772
-694
-577
-306
-185
-133
-75
12
60
77
185
279
365
541
668
662
528
472
534
557
614
718
751
720
670
707
762
798
744
707
746
778
575
303
271
467
673
777
839
717
436
184
248
556
845
797
519
268
186
249
437
660
649
383
136
180
393
452
404
463
526
436
361
422
510
422
324
371
414
235
53
13
5
-53
-44
102
53
-244
-492
-398
-187
-121
-155
-205
-289
-527
-608
-502
-411
-590
-728
-716
-731
-773
-740
-587
-613
-743
-832
-811
-839
-879
-806
-665
-652
-735
-740
-679
-676
-744
-690
-595
-567
-627
-591
-429
-378
-392
-365
-282
-303
-282
-104
91
196
224
196
101
44
105
216
263
257
242
189
145
145
245
338
325
351
423
488
481
526
603
582
482
474
565
618
587
495
418
329
265
245
352
505
568
507
428
399
323
261
333
429
454
336
214
189
172
124
157
221
179
49
-36
47
117
156
215
279
187
-22
-92
-7
106
124
81
20
-97
-156
-110
140
273
223
81
-1
-7
12
158
244
182
-36
-159
-160
-100
-96
-94
-52
-119
-274
-352
-339
-310
-307
-279
-225
-274
-381
-423
-401
-417
-465
-458
-452
-498
-542
-528
-481
-504
-552
-566
-563
-542
-516
-474
-430
-420
-394
-354
-345
-359
-400
-435
-445
-424
-386
-324
-349
-346
-296
-278
-259
-245
-129
-69
-26
18
105
140
130
163
299
391
394
360
361
406
394
458
537
577
512
448
477
540
582
609
665
669
620
567
604
664
669
605
513
482
465
459
465
507
521
421
337
290
290
284
223
179
141
139
151
200
216
170
86
72
79
78
52
75
85
43
-11
-54
-91
-154
-183
-201
-183
-197
-203
-165
-125
-133
-134
-138
-164
-231
-270
-274
-298
-343
-394
-360
-355
-426
-506
-530
-489
-466
-477
-442
-398
-446
-518
-518
-451
-418
-430
-457
-469
-553
-608
-580
-488
-399
-373
-340
-348
-359
-420
-429
-378
-341
-303
-265
-204
-168
-180
-145
-84
-15
56
73
151
185
233
253
319
352
325
314
318
334
401
472
536
558
564
565
565
597
591
604
581
547
533
593
599
581
527
485
470
434
432
392
337
244
187
176
204
176
126
91
84
63
16
34
33
32
-11
-11
21
-8
-58
-114
-138
-151
-149
-174
-196
-198
-235
-271
-272
-204
-165
-184
-164
-136
-155
-199
-186
-169
-169
-160
-163
-170
-225
-248
-255
-229
-173
-94
-110
-143
-148
-120
-101
-101
-80
-85
-64
-140
-196
-191
-145
-150
-162
-123
-120
-163
-202
-161
-120
-119
-136
-144
-130
-149
-140
-100
-32
-19
-25
7
74
77
35
14
20
23
7
50
114
127
108
144
193
196
170
172
181
179
143
120
122
116
107
118
125
113
80
86
134
116
78
8
-37
-66
-48
-2
21
-9
-96
-124
-126
-111
-91
-79
-50
-69
-81
-79
-82
-100
-116
-68
1
45
44
42
58
-4
-44
-26
6
16
-10
-11
32
79
71
70
90
83
70
100
141
168
160
124
133
183
202
146
86
76
98
107
110
143
159
151
113
118
177
226
216
206
210
182
125
118
106
99
56
3
-44
-77
-104
-126
-84
-82
-86
-81
-50
-38
-58
-86
-79
-93
-148
-163
-157
-164
-190
-191
-183
-181
-188
-212
-213
-175
-188
-168
-141
-88
-72
-81
-102
-131
-191
-237
-229
-171
-135
-177
-173
-193
-201
-215
-160
-116
-108
-116
-142
-142
-167
-141
-117
-91
-104
-78
-19
7
12
31
72
49
51
57
98
121
128
152
153
156
106
57
55
72
35
63
70
100
83
98
126
134
176
182
200
182
181
152
167
163
173
205
163
130
106
144
151
159
166
196
229
222
228
238
236
214
177
185
192
149
168
173
167
150
143
104
70
28
72
98
85
89
77
58
19
17
25
22
-16
-37
-82
-109
-102
-103
-96
-109
-142
-182
-210
-203
-180
-183
-205
-252
-305
-332
-349
-327
-321
-347
-366
-407
-395
-351
-320
-294
-282
-314
-352
-373
-348
-319
-243
-203
-163
-182
-172
-159
-142
-144
-139
-90
-62
-21
28
87
87
80
71
83
99
131
126
152
172
142
117
117
100
99
100
121
116
119
138
130
111
87
69
91
114
159
146
152
143
137
140
146
167
162
161
182
176
186
204
169
191
216
259
290
309
307
306
287
303
312
337
324
325
346
327
309
262
247
221
198
233
266
259
225
223
190
142
80
76
98
74
52
-2
-28
-106
-155
-189
-236
-273
-324
-347
-356
-389
-415
-445
-445
-462
-477
-476
-519
-538
-592
-606
-645
-639
-636
-580
-543
-542
-532
-525
-466
-452
-407
-354
-326
-328
-314
-244
-194
-157
-136
-104
-98
-69
-18
14
75
91
94
115
162
180
196
214
208
198
184
193
188
235
238
240
249
231
229
244
288
320
329
366
362
368
375
383
386
350
338
296
248
240
244
231
227
228
231
249
289
322
379
370
372
355
343
336
334
343
319
298
219
214
216
227
225
230
276
264
243
251
263
251
211
183
146
105
59
-2
-68
-141
-214
-289
-321
-348
-360
-388
-409
-448
-473
-502
-528
-527
-552
-557
-605
-617
-650
-683
-691
-728
-729
-731
-698
-661
-644
-608
-583
-569
-546
-483
-420
-391
-384
-368
-317
-267
-235
-211
-169
-170
-137
-108
-39
28
54
89
115
133
138
169
198
244
293
318
330
328
342
358
372
428
432
459
463
461
488
497
501
488
456
435
420
436
453
496
501
496
487
469
440
408
423
416
425
418
435
428
389
366
361
342
282
259
216
177
172
184
165
154
146
135
111
84
48
35
-5
-49
-88
-116
-152
-185
-211
-235
-284
-326
-317
-345
-362
-415
-432
-441
-490
-523
-543
-563
-593
-607
-622
-579
-582
-572
-601
-622
-615
-587
-540
-520
-516
-529
-516
-510
-425
-358
-317
-308
-288
-260
-233
-182
-150
-94
-65
-31
-3
31
76
96
124
132
173
171
182
216
266
298
324
343
367
350
329
317
348
382
364
370
373
382
380
392
401
412
379
376
376
393
403
406
422
393
359
298
262
230
219
189
196
214
194
183
177
168
132
108
95
104
115
124
133
125
91
43
7
-24
-37
-34
-34
-32
-62
-86
-97
-113
-119
-129
-130
-181
-216
-229
-239
-279
-297
-309
-326
-324
-338
-335
-363
-382
-383
-381
-337
-309
-311
-331
-354
-356
-333
-300
-230
-203
-200
-207
-199
-192
-191
-167
-157
-132
-101
-95
-74
-44
-27
2
-7
17
28
28
57
66
103
109
95
98
130
157
166
167
152
142
131
119
132
169
191
184
189
192
194
181
152
170
166
140
145
181
180
148
119
97
107
96
86
134
169
193
185
190
164
136
111
113
139
128
134
133
164
171
159
136
146
134
124
116
111
84
23
10
19
-13
-1
-14
-35
-50
-74
-100
-127
-160
-191
-173
-167
-180
-187
-195
-243
-265
-273
-252
-254
-260
-235
-215
-227
-267
-324
-348
-351
-353
-292
-240
-209
-208
-213
-174
-139
-84
-84
-49
-21
4
4
24
53
30
23
14
31
73
95
125
168
173
173
168
152
154
161
161
176
200
163
138
129
119
128
113
100
104
103
101
89
81
73
82
73
82
103
88
76
82
93
54
29
-2
-8
-20
-29
-16
20
45
40
54
55
67
37
39
36
34
33
49
71
43
48
62
62
74
72
77
78
83
89
74
83
55
46
28
23
0
-26
-63
-102
-116
-143
-135
-140
-140
-164
-163
-173
-185
-221
-212
-201
-206
-199
-217
-213
-222
-210
-217
-203
-186
-221
-182
-172
-123
-108
-108
-73
-83
-112
-90
-67
-46
-29
-22
-9
-5
19
7
23
29
59
74
99
108
146
142
142
161
165
167
159
172
160
164
144
180
197
212
230
211
179
148
115
97
73
53
50
43
44
68
93
96
92
104
97
81
84
104
107
77
69
51
7
4
7
0
28
37
53
56
52
72
74
57
52
43
34
10
7
17
15
-14
-20
-41
-72
-105
-112
-124
-145
-166
-179
-156
-148
-153
-154
-148
-191
-199
-204
-200
-186
-198
-197
-206
-220
-251
-275
-273
-271
-286
-273
-246
-220
-208
-197
-187
-169
-166
-160
-121
-85
-42
-38
-13
-15
13
8
16
39
67
95
119
136
153
174
162
192
209
227
255
261
258
269
292
295
286
301
296
287
275
277
266
263
280
296
304
294
283
292
246
216
190
178
162
137
128
96
89
70
40
20
26
15
-8
-41
-52
-73
-68
-100
-120
-109
-123
-139
-141
-132
-145
-161
-170
-157
-161
-161
-173
-177
-182
-214
-204
-198
-207
-231
-239
-252
-261
-259
-257
-240
-261
-271
-272
-252
-244
-237
-233
-216
-224
-221
-205
-197
-167
-157
-114
-92
-87
-70
-67
-64
-54
-60
-63
-44
-34
-15
18
57
63
74
70
66
66
81
117
132
155
168
197
208
219
219
225
245
244
250
260
262
292
274
288
278
286
286
279
300
302
297
279
278
266
246
212
214
178
141
119
110
94
79
63
64
74
76
78
67
62
25
9
1
-22
-50
-76
-87
-96
-103
-108
-94
-91
-92
-111
-106
-135
-171
-183
-203
-200
-187
-181
-170
-156
-160
-178
-190
-221
-225
-224
-214
-201
-186
-194
-202
-203
-229
-216
-220
-199
-186
-175
-175
-206
-176
-185
-167
-155
-175
-148
-155
-133
-113
-65
-61
-71
-87
-101
-102
-97
-50
-24
2
5
27
20
31
40
72
64
66
77
105
130
131
139
139
150
153
154
151
161
182
186
170
171
182
201
192
201
216
236
245
274
270
256
229
227
208
185
162
173
182
176
168
183
184
181
187
171
157
148
145
129
110
116
96
90
92
73
57
52
60
60
50
35
32
15
-4
-20
-16
-40
-75
-78
-84
-72
-100
-117
-122
-141
-158
-167
-166
-190
-244
-275
-303
-321
-313
-342
-309
-314
-322
-305
-300
-288
-279
-267
-275
-295
-288
-306
-302
-320
-299
-281
-284
-249
-241
-215
-206
-168
-158
-139
-124
-114
-98
-89
-76
-81
-46
-36
-33
-14
15
36
51
80
99
108
112
125
156
178
196
216
234
234
216
228
199
217
237
269
283
294
290
278
274
282
288
299
310
302
303
282
270
257
272
253
246
261
277
259
284
306
292
286
274
279
238
234
222
208
203
188
168
155
129
96
67
53
38
5
-2
-15
-29
-58
-78
-99
-126
-148
-152
-166
-190
-215
-238
-275
-305
-334
-353
-354
-370
-382
-392
-407
-413
-397
-411
-419
-427
-421
-417
-407
-393
-398
-406
-407
-433
-454
-452
-448
-411
-367
-301
-287
-247
-230
-237
-224
-223
-191
-135
-105
-55
12
37
52
51
35
28
46
86
140
193
228
269
263
290
273
297
304
318
359
342
378
385
374
346
396
395
397
413
421
428
405
415
400
387
368
360
324
327
335
326
346
329
339
309
251
225
217
179
177
176
165
162
126
109
63
39
21
16
16
12
10
5
-35
-69
-98
-154
-174
-191
-197
-199
-212
-227
-282
-312
-313
-333
-344
-362
-353
-367
-387
-386
-400
-389
-422
-428
-419
-407
-408
-407
-392
-374
-368
-356
-336
-327
-292
-307
-287
-282
-271
-258
-258
-236
-204
-189
-162
-107
-100
-59
-56
-47
-35
-16
20
49
95
118
146
182
200
243
305
300
310
293
298
290
322
342
373
399
391
367
359
350
342
355
366
400
388
382
354
332
284
253
228
216
208
199
212
188
165
151
132
104
108
91
79
72
38
15
-1
-30
-42
-24
-40
-56
-44
-67
-87
-109
-119
-155
-167
-170
-191
-194
-201
-173
-159
-144
-127
-140
-156
-177
-182
-218
-196
-179
-151
-160
-174
-169
-201
-221
-229
-214
-203
-199
-180
-142
-119
-148
-134
-150
-180
-176
-171
-155
-161
-132
-101
-89
-82
-53
-43
-55
-41
-33
0
11
26
57
75
85
64
66
37
33
60
64
87
122
141
165
157
160
143
119
128
139
154
158
134
127
126
108
117
109
100
111
111
146
140
147
139
126
85
78
48
17
36
32
32
46
50
20
8
-18
-15
-40
-29
-5
-12
-12
-2
2
-12
-7
-5
-26
-14
-31
-33
-53
-16
-26
-72
-40
-41
-48
-63
-25
-38
-32
-2
-12
2
-16
-3
-9
-2
9
-25
0
-17
-8
-13
12
7
23
39
21
26
40
46
45
35
24
21
5
6
-24
25
-2
-32
9
-20
-64
-63
-58
-89
-90
-80
-69
-78
-72
-4
-34
-34
-58
-36
-6
-25
-198
-525
-568
-304
99
353
338
147
-109
-255
-304
-308
-241
-42
174
239
153
18
-126
-193
-160
-50
47
163
258
201
59
-326
-527
-494
-147
341
676
778
485
39
-176
-262
62
321
593
359
-231
-590
-690
-370
-77
216
192
205
334
411
409
306
318
184
215
95
-168
-99
-8
192
-143
82
152
220
245
219
28
-206
172
57
101
-66
131
291
-63
-234
-341
-310
-258
-28
228
-65
-211
-271
-345
-398
-322
-19
49
41
-30
-74
-132
-205
-234
-262
-155
37
165
72
-96
-173
-248
-155
15
230
247
225
109
16
-53
-77
-6
48
103
145
197
217
60
-94
-120
-41
119
235
224
91
-34
-131
-153
-96
2
101
154
93
-10
-136
-161
-88
23
81
133
147
93
-28
-166
-242
-191
-41
115
175
123
-39
-211
-286
-255
-63
111
179
157
33
-111
-217
-232
-172
-58
40
113
125
30
-104
-220
-179
-53
138
258
214
94
-109
-211
-219
-114
13
150
300
269
169
-2
-99
-59
111
280
354
319
202
54
-89
-138
-104
40
174
267
195
86
-52
-133
-109
-46
66
107
129
17
-147
-245
-218
-152
-72
-8
1
-38
-140
-148
-179
-158
-77
-10
61
60
-2
-109
-154
-194
-167
-83
12
87
112
87
34
-53
-79
-6
21
71
34
-2
-29
-72
-76
-62
2
65
151
156
82
40
41
42
65
103
100
61
39
26
-22
-9
-7
30
75
63
46
65
59
17
18
-12
-19
-19
-12
-12
14
-15
-19
-35
-38
-2
20
20
-12
-44
-73
-66
-41
-8
41
19
-40
-71
-65
-33
-13
-7
0
0
6
6
-64
-143
-133
-99
-36
15
31
31
-2
-24
-42
-23
-7
9
64
89
97
74
26
-23
-13
18
40
88
86
71
10
0
16
24
60
59
54
58
20
16
-17
-15
0
63
132
130
72
8
-39
-69
-43
-8
9
4
1
-17
-54
-129
-132
-92
-60
-37
-23
-22
-22
-81
-115
-139
-99
-108
-110
-90
-85
-82
-86
-92
-87
-64
-105
-112
-133
-129
-96
-99
-82
-48
4
8
35
41
-2
4
27
69
114
109
113
74
42
17
-2
48
110
185
172
221
222
198
183
181
106
95
163
143
124
70
110
155
138
153
146
152
83
117
140
80
77
48
85
52
9
-56
-59
-9
-16
-5
-6
9
17
-10
-38
-82
-96
-102
-108
-115
-152
-105
-110
-143
-177
-146
-123
-117
-88
-84
-109
-146
-149
-182
-207
-203
-183
-167
-172
-183
-181
-181
-154
-159
-140
-140
-132
-140
-180
-142
-96
-77
-62
-33
-30
-9
-9
4
-9
-18
9
20
19
6
40
75
95
123
158
193
202
205
193
179
193
187
168
173
149
147
133
141
184
193
221
255
250
206
185
180
156
172
180
162
147
125
128
74
55
62
79
97
67
41
-16
-60
-61
-53
-49
-4
22
8
-10
-41
-71
-87
-61
-63
-83
-106
-109
-121
-148
-170
-167
-157
-154
-124
-139
-157
-185
-184
-176
-147
-146
-149
-174
-206
-237
-218
-205
-197
-161
-172
-165
-149
-128
-120
-91
-88
-59
-59
-65
-58
-69
-66
-54
-30
-18
12
54
87
107
115
108
85
60
72
85
70
99
140
125
112
122
101
128
153
190
199
186
180
178
196
173
176
162
136
113
107
100
88
119
133
113
110
103
78
45
12
-9
-5
12
20
12
-14
-36
-62
-51
-51
-16
-1
13
4
-7
-34
-52
-73
-64
-55
-60
-69
-94
-94
-130
-131
-109
-84
-64
-54
-72
-69
-69
-69
-96
-87
-89
-94
-117
-108
-112
-104
-79
-37
13
11
31
9
-21
-50
-72
-52
-7
0
10
-4
-26
-10
0
36
73
118
114
102
61
49
5
11
51
71
104
102
92
57
28
19
25
35
50
30
30
44
31
20
34
66
78
84
93
54
2
-36
-34
-55
-61
-37
-34
-34
-18
-43
-40
-39
-53
-28
-12
12
6
17
-33
-62
-105
-105
-140
-123
-90
-100
-61
-63
-33
-74
-63
-69
-70
-88
-68
-48
-55
-46
-33
-24
-32
-25
-47
-55
-55
-49
-7
5
24
32
65
81
89
102
104
96
105
108
97
82
57
61
70
78
98
125
130
122
137
130
101
91
77
80
60
61
48
31
17
42
62
79
70
65
50
17
-4
-17
-12
-31
-10
-9
-2
-5
-19
-17
-24
-42
-37
-30
-50
-45
-56
-65
-57
-71
-42
-68
-76
-85
-94
-84
-99
-81
-83
-89
-101
-121
-135
-125
-123
-114
-84
-52
-60
-48
-56
-61
-62
-48
-21
-5
-7
-41
-18
-28
-15
-8
10
20
2
14
33
43
35
49
66
71
68
70
69
55
51
80
75
75
76
68
65
42
58
58
75
92
95
104
99
102
89
82
59
54
44
36
40
42
47
38
37
35
31
28
25
37
27
19
17
-16
-48
-55
-40
-53
-59
-49
-78
-97
-93
-105
-98
-85
-66
-62
-88
-70
-92
-96
-110
-127
-124
-132
-106
-115
-102
-91
-95
-93
-79
-53
-64
-27
-14
0
-5
8
36
25
41
16
9
5
6
39
40
62
57
25
30
-8
-20
-5
14
66
106
124
130
97
50
7
-18
2
0
49
68
53
43
32
9
14
28
48
108
119
113
78
68
47
39
25
39
51
72
84
75
75
67
73
65
60
55
54
65
65
73
85
68
56
19
32
9
0
1
10
-1
-12
-27
-31
-50
-61
-62
-62
-62
-69
-59
-89
-91
-104
-108
-122
-115
-118
-104
-106
-114
-115
-129
-115
-115
-110
-112
-131
-127
-135
-136
-142
-141
-111
-92
-94
-80
-79
-72
-69
-51
-31
-19
5
7
-3
5
-6
3
-10
-12
32
46
62
58
48
55
68
70
103
114
108
104
111
98
80
81
91
99
105
119
130
126
86
81
83
66
83
105
118
117
113
126
100
68
59
36
31
43
37
38
60
42
39
68
56
52
39
40
19
12
-6
-25
-42
-43
-53
-60
-66
-75
-77
-75
-68
-80
-57
-72
-87
-84
-98
-67
-73
-70
-87
-97
-93
-123
-120
-132
-124
-111
-95
-69
-63
-77
-70
-33
-36
-29
-43
-33
-21
-19
-14
-12
-12
-18
-10
3
16
22
48
59
68
90
90
86
80
84
93
88
89
106
74
74
51
37
37
29
25
31
27
20
36
24
48
48
66
66
69
42
6
-26
-38
-24
-31
-43
-43
-44
-44
-49
-53
-58
-64
-45
-35
-10
-19
-12
-15
-37
-39
-55
-47
-52
-29
-26
-19
-43
-20
-1
-32
-30
-20
5
7
26
19
23
22
8
-5
-19
-4
2
11
20
18
11
16
23
18
8
25
32
57
42
20
11
5
6
-2
-18
-12
-6
5
13
-11
0
-25
-9
-9
-3
8
22
27
21
44
38
8
-7
-24
-31
-48
-40
-20
-5
-6
-20
-23
-32
-45
-52
-26
10
23
20
25
14
15
3
-24
-19
-24
-24
-40
2
-22
-43
-34
-22
-10
-13
6
10
14
-8
4
15
34
38
47
37
27
26
29
23
17
37
47
57
64
73
76
89
74
96
71
71
53
45
53
52
40
36
53
44
25
11
16
20
36
49
80
71
75
51
39
8
-5
-4
-33
-37
-51
-60
-63
-54
-60
-60
-54
-54
-72
-88
-91
-93
-118
-104
-89
-108
-119
-122
-130
-144
-133
-128
-106
-86
-87
-57
-60
-65
-63
-82
-101
-90
-82
-77
-49
-15
-31
-20
-15
-38
-26
5
23
39
30
26
16
12
6
21
45
54
63
57
66
51
53
77
76
81
101
107
89
92
80
80
70
71
81
80
57
45
44
32
45
58
77
66
51
54
45
49
36
27
39
47
34
27
8
-7
-27
-13
23
34
63
60
58
30
-3
-1
-17
-11
1
7
5
-21
-29
-38
-44
-34
-25
-5
-14
-27
-22
-23
-25
-2
12
11
17
1
-16
-23
-40
-35
-30
-24
5
-24
-20
-42
-47
-41
-43
-29
-15
-32
-36
-37
-25
-46
-46
-34
-20
-27
-42
-23
-36
-28
-26
-25
-33
-40
-48
-33
-28
-29
-21
-20
-15
-29
-32
-26
-18
-30
-32
-31
-23
6
-11
-6
-3
5
0
-6
-6
-4
16
13
10
2
-1
-2
-18
1
6
15
28
42
39
36
48
32
49
30
35
51
46
52
44
58
55
69
67
71
63
40
17
12
-6
-33
-31
-20
2
38
67
39
-88
-116
32
11
-105
8
144
18
-169
-100
70
-3
-91
25
89
-5
-123
-81
21
-33
-87
-1
69
8
-70
40
123
44
-1
32
16
-50
-66
-23
6
3
-1
5
24
56
56
68
77
75
51
48
64
42
29
31
24
-16
-31
-25
-5
9
37
36
33
22
36
33
52
55
38
33
3
-12
-15
-41
-54
-30
-45
-51
-60
-72
-71
-60
-37
-37
-20
-5
-22
-27
-28
-14
-29
-43
-57
-71
-74
-67
-61
-73
-75
-88
-85
-84
-70
-57
-20
-14
-23
-8
-29
-33
-26
-3
-5
-8
-12
-31
-44
-38
-36
-40
-29
-16
-9
-7
-7
9
37
59
74
76
65
64
60
58
42
65
63
42
60
78
78
79
107
125
124
126
111
94
115
72
67
72
63
41
35
42
38
21
25
15
12
24
54
55
40
39
24
-2
-24
-22
-20
-40
-48
-53
-62
-62
-76
-108
-108
-90
-123
-109
-95
-89
-83
-99
-74
-59
-67
-69
-63
-68
-83
-86
-73
-84
-85
-55
-40
-30
-35
-38
-39
-39
-37
-26
-21
-11
-9
-10
-15
14
-12
14
29
28
41
43
58
43
48
65
70
88
81
77
87
74
82
71
76
88
112
111
98
84
78
54
51
30
43
50
36
59
61
54
50
52
35
19
25
17
23
1
-7
-14
-17
7
-9
-3
-29
-42
-51
-40
-39
-52
-41
-24
-39
-37
-30
-24
-23
-28
-5
-29
-25
-34
-24
-45
-66
-80
-71
-77
-93
-70
-78
-45
-53
-35
-30
-32
-33
-32
-34
-50
-63
-86
-55
-51
-85
-72
-55
-61
-67
-66
-43
-42
-39
-28
-36
-40
-41
-50
-60
-36
-27
-12
2
13
15
22
2
21
55
43
63
53
57
54
43
44
78
89
127
149
157
131
109
105
76
98
120
123
116
119
108
99
77
84
89
87
69
69
101
73
59
44
37
14
-13
-12
0
-8
-14
-5
16
2
-20
-9
-9
-28
-38
-27
-31
-30
-48
-43
-41
-59
-79
-75
-61
-95
-78
-63
-27
-18
-32
-30
-48
-64
-89
-75
-75
-117
-100
-81
-86
-102
-91
-73
-63
-63
-47
-24
-40
-35
-36
-43
-54
-54
-54
-51
-45
-48
-40
-17
-13
0
14
26
37
56
51
53
42
36
20
6
12
20
12
32
22
28
22
24
42
51
74
67
61
43
40
31
39
41
77
76
103
87
78
71
12
0
-33
-7
-19
-2
15
12
14
-14
-2
-18
-16
-7
8
22
19
-9
-26
-56
-43
-48
-45
8
-4
25
14
33
7
14
27
-15
12
-17
-13
-25
-32
-67
-62
-39
-20
5
33
58
38
26
35
25
19
26
18
27
27
20
14
8
-17
-11
0
6
19
28
38
28
30
8
8
21
39
59
48
52
25
-17
-31
-24
-28
-21
-3
12
-3
-22
-29
-36
-45
-50
-26
-41
-47
-48
-55
-83
-98
-103
-94
-93
-80
-47
-46
-59
-52
-55
-83
-77
-103
-86
-61
-59
-42
-33
-22
-53
-50
-31
-30
-14
-16
33
35
74
77
67
72
47
50
46
68
82
89
112
129
114
140
102
87
93
90
84
82
101
102
101
80
88
87
74
64
63
65
55
50
63
50
35
36
21
27
9
-3
-31
-14
-41
-37
-31
-25
-20
-49
-47
-66
-54
-87
-98
-94
-115
-119
-110
-115
-130
-123
-104
-91
-76
-61
-67
-53
-60
-79
-77
-79
-89
-78
-70
-71
-69
-72
-58
-40
-26
-14
14
9
9
5
-2
-25
-23
-18
-13
-2
10
26
15
16
9
12
9
21
12
39
50
53
69
55
61
51
48
76
92
98
97
90
76
51
25
29
57
46
50
64
50
57
74
94
75
73
60
61
34
24
43
23
27
8
14
26
18
28
59
46
17
12
-15
-29
-32
-21
-2
17
43
16
8
-8
-35
-57
-44
-35
-37
-34
-47
-33
-41
-49
-13
-20
-39
-58
-71
-86
-82
-78
-58
-52
-41
-29
-49
-59
-37
-41
-55
-43
-32
-13
-16
-21
-17
-43
-52
-54
-45
-47
-25
-11
3
-3
-1
6
-11
-3
-2
17
7
-1
2
9
15
5
29
30
8
-3
19
21
-6
5
9
9
1
14
10
12
-12
-9
4
-1
11
6
1
-11
-7
2
13
16
14
25
17
33
14
14
36
55
55
51
50
37
21
19
17
21
42
64
83
94
83
53
27
22
13
2
1
12
-2
-17
-19
-26
-26
-18
-9
-12
8
4
-2
-21
-32
-44
-67
-62
-53
-27
-32
-17
1
-1
6
31
30
-13
-11
-17
-24
-24
-11
15
-5
4
13
-4
-8
-5
20
27
50
65
51
46
44
19
5
4
3
6
23
30
31
34
20
4
4
1
-20
-9
-6
2
-8
13
-1
1
-27
-19
-27
-24
-37
-24
-22
-28
-17
-30
-47
-67
-62
-76
-51
-36
-46
-36
-35
-41
-63
-60
-79
-90
-93
-101
-94
-83
-78
-66
-41
-37
-49
-42
-51
-61
-37
-25
-10
-2
5
4
-10
-10
-15
-24
-18
8
35
33
25
55
59
50
78
88
107
102
121
110
110
97
109
115
118
127
127
144
130
114
120
117
116
132
129
117
101
82
69
75
47
54
65
44
30
19
10
-8
-28
-25
-30
-20
-12
-21
-13
-30
-55
-66
-107
-106
-119
-119
-88
-65
-70
-64
-68
-89
-103
-124
-122
-130
-135
-141
-143
-149
-140
-125
-93
-94
-76
-80
-83
-78
-90
-90
-77
-67
-48
-35
-27
-24
-41
-55
-49
-36
-25
-13
15
40
33
32
34
45
29
51
64
57
70
59
80
70
63
79
81
73
89
110
104
115
126
125
119
114
128
117
105
100
93
85
71
92
93
85
97
93
78
72
46
14
32
32
28
19
16
4
-25
-32
-39
-46
-43
-43
-41
-39
-33
-40
-36
-50
-72
-66
-82
-82
-99
-95
-99
-118
-120
-127
-122
-108
-107
-105
-82
-77
-67
-57
-52
-82
-80
-97
-93
-70
-74
-45
-43
-32
-33
-9
-6
0
14
31
23
41
48
40
53
50
48
34
30
54
51
57
85
93
96
101
117
101
114
97
102
75
44
35
3
-13
-18
-14
-3
9
31
45
38
50
33
16
23
9
2
3
4
-7
-12
-5
-25
-24
-42
-44
-44
-43
-41
-35
-33
-36
-17
-2
-8
11
19
20
15
5
-5
-35
-41
-47
-53
-45
-49
-40
-47
-19
-22
-4
32
24
43
41
40
13
0
-21
-52
-54
-58
-68
-78
-47
-28
-24
-7
10
15
16
19
27
11
7
-15
-22
-15
-1
8
7
5
-4
-13
-28
7
6
15
35
52
51
51
45
43
30
30
36
18
23
22
10
21
20
15
25
28
35
48
45
60
49
58
51
41
50
36
17
-6
-3
-29
-14
-11
4
8
22
28
7
-26
-35
-25
-58
-36
-34
-42
-59
-67
-73
-102
-89
-88
-66
-56
-51
-21
-22
-9
-18
-11
-2
-18
-21
-36
-27
-32
-42
-46
-59
-58
-52
-39
-33
5
11
35
43
51
63
36
51
29
47
11
25
22
10
28
26
50
30
42
26
33
39
36
48
43
45
30
40
7
-20
-11
-7
-23
-1
38
27
20
34
46
47
39
49
64
69
65
46
30
-5
-25
-37
-39
-47
-28
-11
3
15
4
10
-16
-36
-45
-40
-48
-41
-54
-60
-73
-77
-68
-73
-50
-25
-20
-1
-12
-22
-36
-21
-30
-28
-1
-20
-26
-21
-20
-36
-12
-26
-13
-22
-22
-10
-8
17
19
18
5
6
-18
-16
2
0
21
25
28
14
0
-4
-4
0
13
32
37
41
29
12
14
2
3
23
37
47
50
54
42
31
33
32
17
16
22
18
9
28
40
41
51
42
56
39
33
26
16
14
15
16
23
10
-4
-14
-31
-39
-42
-22
-19
-17
-13
-11
-28
-32
-40
-36
-42
-28
-26
-19
-28
-38
-52
-58
-50
-33
-6
-3
11
15
2
1
-4
-16
-7
0
22
18
29
23
14
-8
-15
-5
8
23
38
32
26
30
41
44
56
73
69
56
37
28
1
-9
-15
-25
-34
-30
-26
-13
-1
-4
-5
-9
-6
-5
-12
-4
-19
-20
-40
-55
-52
-64
-53
-62
-50
-51
-54
-69
-42
-41
-28
-33
-6
-11
-35
-47
-54
-67
-84
-60
-76
-58
-47
-27
-29
-20
-13
-25
-11
5
5
21
15
9
0
-6
-19
-20
-29
-25
10
-2
25
23
31
36
44
57
80
74
70
66
65
52
45
56
67
81
83
90
89
84
69
83
77
98
84
106
126
114
118
90
72
45
53
41
57
45
56
59
34
31
20
26
24
28
30
36
10
15
-20
-39
-57
-63
-51
-55
-50
-46
-36
-56
-62
-65
-70
-86
-62
-66
-65
-52
-53
-73
-95
-106
-105
-98
-100
-86
-84
-67
-60
-51
-57
-65
-88
-85
-92
-102
-85
-81
-69
-57
-33
-21
-18
-28
-43
-36
-50
-51
-35
-26
-17
-10
-6
-17
-24
-37
-30
-12
-4
33
51
53
41
22
16
-6
22
21
53
62
58
50
28
18
13
17
16
53
80
82
81
70
55
36
38
52
61
63
70
61
47
30
30
24
25
36
60
65
60
71
54
47
50
61
57
66
58
52
48
11
21
11
6
19
15
28
8
4
-2
4
8
9
17
9
16
15
15
1
-3
-22
-24
-26
-36
-38
-32
-16
-28
-23
-10
-1
-11
8
0
2
-8
-6
-10
-9
-22
-12
-8
-37
-44
-52
-38
-48
-33
-26
-25
-26
-30
-22
-21
-28
-22
-22
-30
-51
-60
-66
-76
-58
-33
-15
-9
-12
-18
-45
-68
-62
-62
-54
-43
-45
-31
-38
-48
-35
-36
-16
-20
-29
-16
-32
-39
-46
-29
-28
-21
-24
-23
-26
-16
-8
-15
-10
-8
-12
6
14
16
24
26
32
31
42
52
41
56
51
41
56
35
57
58
55
66
52
59
62
61
62
56
74
72
53
45
39
52
38
44
50
45
42
46
17
26
6
1
22
16
19
41
40
40
30
15
14
9
7
-10
3
4
-13
-2
-18
-29
-21
-19
7
5
4
11
5
-1
5
7
3
4
4
-23
-25
-39
-44
-38
-28
-39
-29
-32
-42
-38
-30
-2
-9
-3
4
-1
-14
-15
-31
-39
-58
-51
-52
-51
-41
-15
-13
-13
9
-7
4
-16
-18
-23
-14
-19
-20
-10
-27
-28
-41
-46
-50
-50
-47
-29
-23
-18
-10
-13
-24
-33
-9
-17
-17
-16
-14
-21
-22
-21
-23
-23
-33
-31
-36
-42
-21
-3
-5
21
24
27
11
20
23
14
18
31
32
38
47
53
41
41
40
42
51
40
59
62
70
55
65
59
69
77
71
65
66
56
43
37
29
4
12
-4
-1
-6
2
20
33
39
24
26
0
-12
-27
-20
-22
-29
-24
-43
-55
-45
-45
-53
-44
-21
0
18
21
20
12
-1
-17
-25
-29
-35
-32
-45
-55
-57
-58
-48
-39
-19
-12
18
21
28
28
20
30
5
-13
-22
-29
-46
-36
-26
-18
-2
17
41
32
40
40
28
15
18
35
36
33
42
13
-8
-17
-30
-22
-18
7
24
48
58
63
42
38
53
39
51
54
37
6
4
-24
-40
-17
-6
24
4
4
2
-9
-18
-22
-5
-24
-44
-54
-79
-105
-106
-98
-85
-75
-72
-64
-61
-75
-80
-62
-70
-49
-32
-39
-35
-41
-51
-76
-89
-96
-86
-62
-46
-21
-11
-33
-26
-28
-15
2
19
29
33
23
14
21
24
45
55
64
59
65
64
66
81
117
116
111
100
106
98
115
117
128
126
105
116
96
91
72
61
57
58
39
61
54
64
67
49
52
39
24
25
31
14
-3
-9
-27
-52
-34
-39
-15
-18
-20
-52
-60
-73
-76
-66
-63
-58
-61
-69
-88
-92
-105
-102
-88
-67
-75
-63
-75
-68
-95
-83
-91
-77
-57
-42
-23
-45
-46
-57
-53
-54
-19
-10
33
28
23
0
-13
-15
-8
20
32
36
48
36
31
42
28
43
36
65
71
83
86
76
73
52
54
48
50
38
42
28
11
7
-6
-2
5
23
35
45
51
40
35
26
5
-4
-15
-29
-40
-59
-78
-80
-73
-63
-30
-7
-2
-1
-12
-43
-55
-55
-73
-67
-68
-60
-75
-84
-79
-59
-55
-41
-29
-32
-20
-20
-21
-16
2
11
34
42
17
10
8
-27
-19
-6
-2
4
18
25
26
23
36
56
55
69
88
92
71
57
27
22
11
40
57
76
111
95
112
75
56
59
66
73
75
96
74
63
34
20
15
28
41
33
40
35
5
-24
-22
-27
-31
-25
-4
-15
-25
-15
-35
-40
-67
-53
-77
-80
-69
-77
-65
-58
-60
-49
-56
-59
-68
-63
-61
-66
-65
-58
-45
-47
-49
-58
-55
-60
-60
-56
-61
-39
-37
-22
-5
7
-2
1
-9
-21
-15
-16
7
10
35
13
29
27
15
19
30
40
45
35
39
38
29
21
21
30
17
20
6
-3
6
9
15
24
24
13
10
6
8
16
23
27
26
38
17
-1
-1
-6
8
5
28
28
7
-16
-19
-25
-22
-3
9
17
15
23
11
11
-2
4
-5
-10
-22
-20
-5
-17
2
9
31
30
36
15
5
-5
-7
2
16
24
38
35
43
27
-12
24
-4
1
12
25
11
-7
-16
-22
-14
-18
5
9
24
18
30
15
4
-14
-23
-22
16
25
40
52
13
1
-25
-29
-44
-2
30
15
37
15
-21
-32
-35
-25
-22
-22
-18
-22
-32
-31
-54
-47
-34
-47
-28
-15
-8
3
-17
5
2
0
1
5
1
4
-14
-15
-26
-31
-19
-23
-8
-22
-26
-21
-12
-14
-7
-2
-14
-12
-11
-15
-18
-24
-17
-15
-11
-8
-16
-21
-8
-1
26
24
42
53
40
47
8
12
-21
-25
-18
-5
12
28
39
14
16
5
2
-6
4
8
22
25
12
4
-2
-14
-7
9
-8
9
-9
-18
-13
-13
27
30
53
64
35
3
2
-30
-32
0
8
1
-12
-27
-39
-25
-8
27
41
43
42
32
28
19
14
26
29
41
50
42
28
6
-11
-37
-25
-2
31
43
35
42
36
7
1
7
-4
0
4
18
1
-8
-20
-37
-52
-36
-16
-11
0
-2
6
-8
0
0
0
-3
-9
-21
-35
-38
-33
-9
3
8
-1
-22
-16
-20
-9
14
18
23
22
-5
-14
-29
-45
-48
-29
-30
-8
8
0
13
10
-1
1
3
-2
3
-8
-10
0
-15
-17
-8
-21
-10
-11
2
-12
-21
-11
-19
-14
-16
-2
-12
1
-2
1
14
14
32
19
2
-1
-22
-33
-39
-32
-17
-14
-1
2
-10
-23
-28
-34
-25
-9
-15
-4
-15
-23
-30
-54
-67
-63
-49
-32
-16
20
32
38
30
24
11
21
35
29
44
34
32
20
0
4
0
15
30
63
66
83
94
86
72
69
72
67
58
56
39
21
18
18
13
16
40
33
48
41
45
45
38
43
39
40
28
13
-11
-30
-47
-50
-48
-53
-44
-30
-39
-30
-29
-29
-40
-29
-13
-7
-11
-18
-19
-39
-54
-56
-50
-46
-24
-12
0
-2
-2
-18
-32
-38
-46
-53
-50
-57
-36
-41
-44
-16
-28
-6
-12
3
-11
-8
-13
-27
-36
-29
-35
-41
-45
-45
-32
-29
3
9
1
-6
1
-12
-5
-6
5
14
22
25
13
4
-8
-5
7
13
25
40
31
37
32
41
61
70
79
82
88
80
69
60
44
46
42
42
48
39
32
34
52
51
48
48
29
21
9
12
-5
-8
-22
-42
-42
-41
-48
-45
-47
-54
-50
-59
-55
-41
-49
-41
-40
-53
-49
-67
-69
-72
-57
-63
-52
-46
-60
-47
-43
-10
5
14
21
5
8
-6
-8
4
11
7
28
33
34
43
52
54
42
60
49
71
70
81
85
83
81
49
36
27
12
22
36
42
33
23
12
0
20
26
31
26
13
-5
-12
-22
-43
-47
-40
-45
-57
-50
-49
-48
-62
-46
-41
-38
-42
-43
-49
-49
-52
-47
-44
-50
-36
-56
-68
-59
-53
-43
-22
-14
-9
-6
-3
6
6
8
0
3
-7
-4
3
-10
19
19
53
45
50
44
43
46
31
59
47
32
29
14
10
4
-8
4
1
21
37
37
49
33
13
11
8
2
11
20
22
18
10
-19
-37
-48
-56
-33
-21
0
4
18
4
-9
-20
-8
-14
-16
7
-6
-19
-25
-27
-28
-8
9
20
28
20
21
16
30
38
34
44
38
10
7
-9
-4
-11
10
23
27
29
20
21
6
-10
-4
32
45
47
47
22
-14
-51
-61
-63
-66
-57
-34
-31
-29
-17
-29
-22
-24
-23
-13
-5
-2
5
-16
-14
-22
-21
-24
-23
-9
-3
11
10
17
13
4
10
5
23
35
31
28
36
17
2
-1
-12
-17
-16
-10
-2
-4
0
13
11
27
26
22
17
7
8
-3
-20
-14
-18
-17
-8
-11
-5
-6
-5
-4
-12
-8
-18
-35
-22
-46
-41
-43
-37
-39
-29
-10
-20
-13
-21
-2
-10
19
23
22
29
25
30
7
34
12
6
11
8
7
6
13
18
23
24
33
39
27
18
25
7
3
12
3
25
8
11
24
11
16
13
23
26
27
29
6
4
-12
-11
-15
-31
-26
-26
-42
-40
-40
-36
-26
-6
-16
-7
-6
-15
-20
-28
-15
-35
-8
-2
14
19
24
24
27
26
26
21
12
22
13
3
-1
3
-5
-1
3
8
24
34
40
31
28
23
0
0
-5
-23
10
4
-9
8
11
7
8
15
-2
-2
-6
-17
-24
-32
-41
-35
-45
-45
-44
-46
-52
-35
-37
-24
-10
-4
-13
-31
-42
-56
-49
-37
-22
-2
4
16
-2
2
9
14
22
17
44
41
36
27
16
10
-22
-16
-15
2
-4
7
23
27
28
23
25
18
14
23
24
26
29
16
14
11
-1
-5
-7
-14
-9
9
29
28
30
12
1
-15
-29
-22
-14
1
9
25
16
4
6
5
0
11
33
31
29
20
24
19
10
17
19
29
21
21
16
-2
-3
-3
-1
-19
-17
-16
-26
-29
-17
-21
-24
-19
-16
-29
-35
-30
-28
-38
-38
-30
-29
-32
-34
-30
-42
-44
-42
-25
-18
-3
22
20
20
1
-1
-7
-16
-7
2
3
1
-2
-6
-5
9
19
36
51
58
54
52
36
23
26
20
40
31
24
14
8
-13
1
10
8
19
16
20
1
17
17
3
12
-4
0
-7
-13
-15
-18
-18
-22
-24
-7
-1
16
11
9
-2
-26
-20
-42
-23
-31
-20
-22
-27
-31
-40
-45
-50
-41
-26
-23
-33
-38
-41
-41
-40
-25
-21
-24
-18
-17
-20
-15
-12
2
11
22
8
15
9
4
4
11
13
21
13
18
24
28
54
53
60
61
60
32
41
34
37
45
41
43
30
26
7
15
-1
14
5
16
24
9
9
7
14
5
24
15
29
25
7
2
-5
-20
-21
-26
-20
-23
-22
-8
-5
-19
-18
-22
-31
-41
-30
-12
-7
-9
-10
-16
-31
-29
-27
-14
-14
11
6
13
15
17
18
23
36
23
22
13
9
8
-11
-2
3
6
17
14
17
22
22
32
12
9
4
0
-10
-1
-9
-16
-1
-11
-12
-18
-12
-27
-23
-29
-17
-34
-26
-13
-15
-6
-11
-20
-25
-13
-16
-9
1
5
-3
-10
-16
-14
-24
-24
-22
-21
-23
-26
-29
-23
-24
-21
-9
-10
-14
-9
-11
-14
-14
-11
-27
-14
-11
-23
-26
-21
-17
-23
-31
-21
-10
-10
4
7
22
6
12
10
2
1
-1
16
11
28
23
35
27
30
25
30
34
27
42
27
23
30
26
21
34
29
41
34
28
27
28
32
18
47
32
34
25
25
38
26
39
33
44
17
14
29
17
17
23
21
17
21
10
21
22
38
38
16
18
7
17
13
10
13
7
-4
-18
-34
-41
-27
-20
-7
9
1
0
-12
-13
-32
-34
-22
-31
-38
-43
-55
-72
-54
-70
-67
-52
-54
-46
-35
-21
-17
-11
-18
-10
-16
-11
-11
4
-9
-1
-12
-23
-39
-51
-51
-40
-40
-41
-34
-44
-29
-32
-11
-20
-8
-5
-24
-28
-20
-28
-32
-31
-28
-38
-40
-24
-30
-24
-11
-11
-1
4
12
17
17
26
19
22
21
26
18
36
41
38
35
30
17
12
32
35
56
67
91
90
91
82
83
85
79
74
79
69
49
48
23
14
0
7
8
12
18
22
12
5
4
-12
-6
-17
-24
-24
-36
-42
-36
-36
-35
-34
-11
-3
-14
2
-9
-6
-22
-24
-14
-12
-7
-11
-15
-14
-16
-19
-12
0
0
4
-5
-8
-11
-9
11
19
30
25
27
4
8
5
6
25
25
35
37
31
18
10
-1
-11
-11
-12
-10
-9
-13
-11
-17
-1
4
7
2
-5
-12
-16
