0
0
-1
0
0
0
0
-1
0
0
0
0
0
0
0
0
0
0
0
0
0
0
-1
0
0
0
0
0
0
0
0
0
1
0
-1
0
0
0
0
0
0
0
0
0
0
0
0
0
0
0
0
0
0
0
-1
0
0
0
0
0
0
0
0
0
0
0
0
0
1
0
0
0
0
0
0
0
1
0
0
0
1
1
0
0
0
-1
1
1
0
0
0
0
0
0
0
1
0
0
0
1
0
0
0
0
0
-1
0
0
0
0
0
0
0
0
0
0
-1
-1
-1
0
0
0
0
-1
0
0
0
0
0
0
0
0
0
1
0
1
0
0
0
0
0
0
1
-1
0
1
-1
0
0
0
0
0
0
0
-1
0
0
0
-1
0
-1
0
0
0
0
0
-1
0
0
0
0
0
0
-1
0
0
0
0
0
0
0
0
-1
-1
0
0
0
0
0
1
0
0
0
0
0
-1
0
0
0
0
0
0
0
0
0
1
0
1
0
0
1
-1
1
0
0
0
-1
-1
0
0
0
-1
0
-1
0
0
0
-1
0
0
0
0
1
0
0
0
0
0
0
1
0
1
0
0
0
0
0
0
1
0
0
0
1
1
0
0
0
0
0
0
0
0
-1
1
0
0
0
0
0
0
0
1
0
0
-1
0
0
0
-1
-1
0
0
1
0
-1
0
0
0
0
0
0
-1
-1
0
0
-1
1
0
1
0
0
0
0
0
0
1
0
0
0
-1
0
0
0
0
0
1
-1
0
0
0
0
0
0
0
0
0
1
0
0
0
0
0
0
-1
0
0
-1
0
0
-1
0
0
0
0
0
0
0
0
1
0
0
-1
1
0
0
-1
-1
0
0
0
1
-1
0
0
0
-1
1
0
0
0
1
-1
0
0
0
0
0
0
0
0
0
0
0
-1
0
0
0
0
0
0
0
0
0
0
1
-1
0
0
-1
1
0
0
0
0
0
0
0
0
0
0
0
0
0
0
-1
0
0
0
0
0
0
0
-1
0
0
0
-1
0
0
-1
-1
0
0
0
0
0
1
1
-1
0
-1
0
0
0
0
0
0
0
0
1
0
0
0
0
-1
1
0
0
1
0
0
0
0
0
1
1
0
0
0
0
0
-1
0
-1
1
0
1
0
0
1
0
0
1
0
0
0
1
-1
-1
1
0
0
0
-1
0
0
1
0
0
0
0
0
0
-1
0
0
0
-1
0
0
1
1
-1
0
0
0
0
0
0
0
0
0
-1
1
0
0
1
0
0
0
0
1
-1
0
0
0
0
-1
1
0
0
-1
0
0
0
0
0
-1
0
-1
1
0
0
1
0
0
0
0
0
0
0
0
-1
0
0
0
1
0
1
0
0
0
0
-1
0
0
1
1
0
0
0
-1
-1
0
0
0
-1
0
0
1
0
1
0
0
1
0
0
1
0
0
0
0
0
0
0
0
0
0
0
-1
1
0
0
0
0
0
0
0
0
0
0
-1
0
-1
0
0
0
0
0
-1
0
0
0
1
0
0
0
0
0
0
0
0
0
-1
1
1
-1
0
0
0
0
0
0
0
0
0
0
0
0
0
-1
0
0
0
0
0
0
0
0
-1
0
0
0
0
-1
0
-1
0
0
0
0
0
-1
0
0
-1
0
0
0
1
0
0
0
0
0
0
1
0
0
0
0
0
1
0
0
0
1
1
0
0
0
0
0
0
0
0
1
1
1
0
0
-1
0
0
0
-1
-1
0
0
0
0
0
0
0
0
0
0
0
0
0
0
0
0
0
0
0
0
0
1
1
1
0
-1
0
0
0
0
0
0
1
-1
-1
0
0
0
0
0
1
0
-1
0
0
0
0
0
0
0
0
-1
0
0
0
0
1
0
0
0
0
0
-1
1
1
0
0
0
0
1
0
0
0
0
0
0
0
0
0
0
0
0
1
0
0
0
0
0
0
1
0
0
0
0
0
0
0
0
0
0
1
0
-1
0
0
0
0
-1
0
0
0
0
0
0
-1
0
0
-1
0
0
0
-1
1
0
0
0
0
0
0
0
0
0
0
0
0
0
-1
0
-1
0
0
0
0
0
0
0
0
0
1
0
0
0
0
0
0
0
0
0
0
0
1
0
0
0
0
0
0
0
0
0
-1
0
0
1
0
0
0
0
0
0
0
1
0
0
0
0
0
0
-1
0
1
0
0
0
0
0
0
0
0
-1
0
0
0
0
0
0
0
0
1
0
-1
0
1
0
0
-1
0
0
0
0
-1
0
0
0
0
1
0
0
0
0
0
0
0
0
-1
0
0
0
0
0
0
0
0
0
1
0
0
0
0
0
1
0
0
1
0
1
-1
0
0
0
0
0
0
0
0
-1
0
-1
-1
0
0
0
0
0
0
0
0
0
0
-1
0
-1
0
0
0
0
0
0
-1
0
0
0
0
0
0
0
0
0
0
0
0
0
0
0
0
0
1
1
0
-1
0
0
0
0
0
0
0
0
0
0
0
0
0
0
0
0
1
0
0
0
0
0
1
0
0
0
0
0
0
0
-1
-1
0
0
0
0
0
-1
-1
0
0
0
-1
1
0
0
-1
0
0
0
0
0
0
0
0
0
0
0
0
0
0
0
0
1
0
0
-1
0
0
0
0
0
0
1
0
0
-1
-1
0
0
0
0
-1
0
0
0
0
0
1
0
0
1
0
1
0
0
0
0
0
0
-1
0
0
0
0
0
0
1
0
0
0
0
0
0
-1
-1
0
-1
0
0
0
0
0
0
0
0
0
0
0
0
0
0
-1
0
0
0
0
1
0
0
0
0
0
0
0
0
0
0
-1
1
-1
0
0
0
0
0
0
0
0
1
0
1
0
0
0
1
-1
0
0
0
0
0
0
0
0
0
0
-1
0
0
0
0
1
1
0
1
0
0
0
0
0
0
0
0
0
0
-1
-1
-1
-1
0
0
0
0
0
-1
0
0
0
0
0
-1
0
-1
0
1
0
0
1
0
0
-1
0
-1
0
0
0
-1
0
1
-1
0
0
0
0
-1
0
1
0
-1
1
1
0
1
-1
0
0
1
0
0
-1
1
0
0
1
0
0
0
0
1
0
0
0
0
1
0
-1
0
-1
0
1
0
1
-1
0
1
0
0
0
0
0
-1
0
0
0
0
0
0
0
0
0
0
-1
0
1
0
1
0
-1
0
0
1
0
0
0
0
0
0
-1
0
-1
0
0
0
0
0
0
0
1
0
1
0
0
0
0
0
-1
0
0
0
0
0
-1
0
0
0
0
0
0
1
0
0
0
0
1
0
0
0
0
0
0
0
0
0
-1
0
1
0
0
0
0
0
0
0
0
0
0
0
0
0
0
0
-1
1
0
0
0
-1
0
0
0
1
0
0
0
-1
0
0
0
0
1
1
0
1
0
0
-1
0
-1
0
0
0
0
0
0
0
0
0
0
0
0
0
1
0
0
0
0
0
0
0
0
0
0
0
0
0
0
0
0
0
0
1
0
0
0
1
0
0
0
0
0
0
0
0
1
1
0
0
1
0
0
0
0
0
1
0
0
-1
1
0
-1
-1
0
0
0
0
0
1
0
1
0
0
0
1
0
-1
0
-1
0
0
-1
0
0
0
-1
0
0
0
0
0
0
0
0
1
-1
0
0
0
0
-1
0
0
0
0
0
1
0
0
0
0
0
0
0
0
1
1
0
0
0
0
0
0
0
0
0
1
0
-1
0
0
0
0
0
0
0
0
0
0
1
0
1
0
1
0
0
0
0
0
0
0
0
0
0
0
0
-1
0
0
0
-1
0
-1
0
0
0
0
0
0
0
0
1
-1
-1
-1
-2
-1
0
1
1
1
0
1
1
0
0
0
0
1
1
1
0
1
1
1
1
0
1
1
0
1
1
0
0
0
0
0
-1
0
-1
0
-1
0
-1
-1
-1
-1
0
-1
-1
-1
0
-1
-1
-1
-1
-1
-1
-1
-1
-1
-1
0
-1
-1
0
0
-1
0
-1
-1
-1
-1
0
0
1
1
0
0
1
-1
1
1
1
0
0
1
1
1
1
1
1
1
1
0
1
1
1
1
1
1
1
1
1
1
1
1
1
1
1
0
0
0
1
0
0
1
1
1
1
0
0
0
0
0
0
-1
0
-1
-1
-1
-1
-2
-1
-1
-1
-1
-1
-1
-1
-1
0
0
-1
-1
-1
0
0
-1
0
-1
-1
0
0
0
0
-1
-1
0
0
0
0
0
0
-1
0
0
-1
-1
0
0
-1
-1
0
0
0
-1
0
0
-1
-1
0
0
0
0
-1
-1
-1
0
0
0
0
0
0
0
0
0
1
0
0
0
1
0
1
0
0
0
0
0
1
1
1
0
0
0
1
1
1
1
0
1
1
0
1
0
0
1
0
1
1
1
0
1
0
0
0
1
0
1
0
0
1
1
0
0
0
0
0
0
0
0
0
0
0
0
0
1
1
1
0
1
1
0
1
0
0
1
0
0
1
0
0
1
0
1
0
0
1
0
0
-1
0
0
0
0
-1
0
-1
-2
-3
-1
-1
-2
-3
-1
-1
-2
-1
-3
-2
-2
-2
-2
-2
-3
-3
-3
-2
-2
-3
-2
-2
-2
-3
-2
-2
-1
0
0
1
0
-1
-1
-1
0
-1
0
1
1
1
1
2
2
4
4
4
5
3
3
3
5
6
5
7
6
6
5
6
8
8
6
7
7
4
8
3
5
3
1
-1
-2
-4
-4
-2
-5
-2
-1
-3
-5
-5
-12
-12
-12
-13
-11
-11
-11
-15
-13
-17
-20
-16
-17
-16
-16
-18
-13
-13
-15
-18
-15
-19
-16
-16
-13
-12
-8
-10
-2
0
3
6
4
7
3
8
7
16
19
22
21
23
17
25
32
28
40
37
35
37
30
31
40
37
45
39
37
29
24
25
21
21
27
25
20
4
8
0
6
13
-3
10
2
-6
-13
-23
-29
-40
-40
-54
-60
-69
-65
-68
-76
-56
-48
-39
-45
-45
-45
-40
-44
-35
-47
-30
-41
-17
-13
-10
-12
20
9
35
16
40
49
37
54
34
52
38
60
63
87
106
117
104
93
57
43
46
24
39
34
53
31
26
31
5
17
-3
5
7
-8
-28
-28
-67
-78
-88
-84
-94
-90
-82
-108
-81
-92
-82
-94
-87
-93
-90
-77
-75
-74
-76
-74
-66
-76
-51
-53
-42
-47
-10
-29
-20
18
0
28
32
42
48
40
54
47
49
59
81
62
67
73
81
96
89
107
90
91
98
76
85
87
93
98
90
84
72
54
63
38
54
62
73
53
66
54
23
48
5
-2
9
4
10
-8
-18
-21
-32
-32
-46
-42
-57
-50
-48
-57
-70
-80
-105
-93
-111
-97
-85
-80
-77
-76
-95
-107
-112
-114
-129
-128
-118
-147
-131
-143
-97
-105
-84
-60
-65
-77
-64
-74
-47
-44
-29
-4
-21
11
-12
-16
-25
-12
0
36
51
76
83
80
78
80
90
89
116
117
131
135
142
142
160
142
150
168
144
163
159
159
153
172
154
165
170
157
154
151
145
115
127
126
111
82
69
39
33
14
3
4
5
-9
-30
-33
-63
-67
-85
-110
-113
-140
-145
-167
-190
-190
-192
-196
-183
-193
-220
-191
-200
-208
-228
-211
-200
-230
-209
-212
-187
-179
-141
-147
-138
-114
-96
-78
-59
-37
-22
-16
-15
12
11
28
13
44
57
74
90
99
99
90
93
111
126
134
170
169
172
175
169
167
141
145
124
98
112
97
88
81
92
97
109
111
96
82
69
39
21
14
4
-7
-14
-15
-15
-22
-21
-26
-51
-62
-60
-94
-74
-96
-90
-85
-81
-73
-89
-103
-109
-116
-119
-76
-71
-50
-34
-35
-40
-51
-58
-55
-44
-33
-11
4
7
6
37
25
34
62
61
62
69
80
79
82
96
120
136
132
154
121
117
116
93
101
98
126
109
108
92
82
46
52
40
32
52
47
44
36
21
3
5
-30
-46
-64
-81
-84
-83
-90
-102
-108
-103
-115
-117
-104
-104
-108
-93
-105
-114
-158
-164
-148
-150
-134
-128
-98
-92
-100
-106
-117
-113
-118
-118
-86
-95
-79
-74
-46
-58
-39
-29
-51
-35
-24
-27
-19
-20
-9
-15
25
27
25
70
59
72
59
80
87
76
95
81
79
92
98
92
103
120
111
126
135
130
132
108
118
100
85
89
111
107
90
104
98
91
91
66
52
39
39
32
17
26
18
14
-2
-8
-22
-8
-42
-31
-26
-46
-34
-67
-63
-64
-59
-51
-37
-19
-27
-38
-37
-40
-61
-52
-46
-46
-33
-49
-30
-30
-52
-26
-27
-42
-21
-12
-11
6
4
0
-17
31
6
13
20
21
26
26
37
23
18
18
20
12
13
-15
4
0
10
-9
-5
-11
-12
1
-19
-9
-9
-23
-38
-36
-46
-44
-58
-43
-49
-63
-24
-44
-33
-35
-33
-30
-34
-39
-42
-51
-51
-57
-53
-80
-46
-54
-55
-35
-29
-11
-4
3
-9
-6
-12
-13
0
2
5
20
38
49
47
70
44
43
41
60
66
66
64
70
72
48
70
59
70
74
90
83
81
52
50
35
26
8
22
34
6
17
0
8
-6
13
9
34
38
44
17
-20
-13
-21
-34
-27
-26
-27
-19
-32
-22
-30
-38
-38
-33
-30
-42
-39
-43
-47
-59
-47
-62
-56
-54
-51
-45
-53
-58
-37
-46
-14
0
8
-6
-8
-4
-7
-16
-19
10
-11
14
4
15
-9
-4
-15
-30
6
-25
-1
17
25
37
34
28
28
31
17
16
34
23
35
30
50
34
38
22
32
37
17
38
54
73
63
71
59
63
29
38
38
33
32
17
39
24
13
-5
3
7
1
6
19
11
2
-4
-16
-30
-25
-15
-29
-19
-33
-33
-69
-60
-78
-81
-84
-74
-80
-66
-58
-77
-72
-59
-44
-57
-27
-36
-22
-26
-19
-11
-19
2
4
-6
15
24
39
67
52
67
86
72
99
84
80
81
101
100
108
101
88
76
53
68
44
39
64
41
26
15
6
-12
-7
-37
-25
-45
-47
-80
-92
-88
-105
-112
-119
-110
-121
-113
-144
-119
-161
-143
-158
-179
-177
-170
-161
-151
-160
-150
-151
-133
-148
-134
-89
-134
-91
-68
-70
-51
-27
-25
-18
2
44
34
64
65
82
108
98
108
103
125
138
147
175
173
181
203
224
234
233
244
232
225
222
223
219
221
243
232
234
245
230
205
207
191
158
160
159
141
122
113
64
60
10
-4
-13
-23
-10
-54
-44
-66
-83
-97
-120
-114
-111
-128
-137
-146
-175
-195
-216
-208
-212
-209
-200
-199
-195
-221
-213
-229
-242
-243
-250
-226
-211
-215
-210
-214
-222
-178
-191
-163
-144
-117
-101
-91
-85
-75
-59
-68
-35
-40
-22
-5
6
3
23
52
48
54
58
57
73
88
93
114
113
120
133
153
153
177
183
189
164
168
168
144
172
146
155
191
182
194
162
142
131
109
92
76
63
22
37
27
40
21
36
13
6
0
-5
-14
-24
-38
-57
-55
-46
-37
-68
-71
-86
-82
-95
-69
-53
-48
-44
-42
-62
-75
-99
-102
-93
-58
-45
-20
-33
-45
-60
-65
-79
-68
-31
-16
7
4
33
21
21
12
12
20
32
36
41
40
27
23
26
20
38
45
53
67
64
50
55
50
55
48
44
52
61
53
41
28
21
10
16
5
11
16
-6
1
-5
-10
-30
-7
-12
-13
-13
-31
-51
-69
-57
-48
-45
-30
-34
-53
-56
-80
-79
-78
-104
-87
-102
-81
-52
-78
-61
-54
-63
-59
-66
-54
-57
-52
-39
-47
-20
-23
-18
-10
7
31
31
51
41
42
23
31
42
41
81
59
102
97
80
86
70
60
69
58
80
78
71
72
59
51
55
69
59
65
77
50
59
33
20
-4
-23
0
-37
-25
7
-9
8
8
-12
-26
-36
-49
-57
-63
-60
-70
-79
-85
-126
-113
-121
-106
-104
-85
-86
-102
-80
-127
-100
-94
-77
-58
-60
-67
-70
-66
-69
-57
-60
-33
-12
-26
-16
-13
1
9
32
44
51
57
58
46
40
38
59
83
98
128
144
153
152
145
116
115
133
138
163
175
160
144
121
90
72
68
85
97
88
99
98
51
53
24
19
7
24
33
43
43
26
32
3
-17
-32
-12
-18
-30
-9
-15
-25
-26
-42
-41
-61
-60
-62
-77
-74
-89
-75
-85
-88
-85
-101
-101
-111
-107
-118
-91
-103
-88
-94
-90
-92
-90
-75
-90
-82
-81
-73
-88
-68
-68
-77
-75
-64
-76
-61
-46
-43
-28
-32
-24
-31
-38
-43
-29
-26
-22
-8
5
-7
-10
-9
-19
-26
-12
-7
-14
6
8
10
1
7
-12
-11
-9
-5
27
25
26
27
27
26
18
34
57
66
64
83
73
82
75
81
109
105
118
121
115
107
96
84
94
83
86
93
89
96
98
88
94
85
102
90
103
78
46
42
30
15
9
16
8
6
11
4
-2
7
25
20
23
30
19
2
-11
-33
-28
-24
-6
-13
3
9
-18
1
-23
-28
-35
-25
-26
-42
-48
-58
-72
-60
-70
-61
-48
-72
-67
-72
-73
-89
-74
-93
-94
-83
-93
-94
-75
-78
-73
-56
-44
-55
-48
-46
-58
-55
-50
-50
-57
-37
-34
-30
-44
-48
-41
-20
-19
-4
-1
-2
3
0
12
16
16
22
31
31
41
30
39
18
20
25
18
51
50
45
80
64
61
39
29
33
31
36
22
28
24
35
28
43
31
13
6
4
0
-4
-15
-20
-19
-32
-24
-43
-31
-28
-13
-21
-27
-39
-32
-54
-49
-25
-29
-16
-16
0
2
2
1
16
4
3
27
18
27
46
29
48
53
23
26
33
35
43
56
71
72
62
50
39
13
27
41
56
68
75
78
77
43
24
-2
-6
15
30
49
70
70
34
14
-9
-43
-23
-21
8
7
25
13
-29
-16
-46
-40
-32
-25
-34
-21
-28
-41
-56
-50
-49
-26
-27
-19
-18
-33
-32
-20
-29
-28
-29
-36
-37
-43
-35
-33
-57
-55
-45
-44
-53
-31
-30
-44
-34
-46
-39
-52
-65
-51
-69
-65
-40
-40
-27
-43
-43
-51
-33
-43
-54
-43
-40
-21
-2
21
33
31
39
31
30
51
28
40
39
50
55
57
78
59
55
50
77
65
88
106
116
126
126
121
104
100
76
73
66
87
87
82
67
48
44
33
15
26
25
15
10
19
-6
-27
-29
-38
-39
-41
-27
-37
-52
-68
-72
-115
-105
-113
-120
-114
-107
-86
-113
-103
-113
-126
-152
-135
-120
-133
-125
-96
-100
-96
-95
-92
-96
-109
-68
-75
-51
-40
-41
-29
-2
9
-9
6
9
-1
13
21
45
59
82
75
87
85
66
90
84
111
111
160
164
154
154
135
121
105
121
142
159
166
164
156
158
108
99
93
98
114
113
127
108
80
62
55
25
10
27
24
35
37
17
-4
-31
-57
-59
-63
-69
-72
-84
-78
-95
-86
-110
-100
-110
-111
-130
-134
-130
-153
-153
-143
-136
-141
-131
-126
-125
-96
-111
-97
-82
-90
-86
-93
-66
-70
-66
-42
-28
-24
-12
-10
6
19
13
26
24
11
19
25
58
86
105
106
90
93
69
66
46
73
67
76
70
61
47
29
29
13
25
18
21
6
3
-12
-6
6
1
-13
-6
-17
-24
-36
-56
-78
-88
-84
-81
-40
-35
10
-6
-17
-16
-42
-38
-41
-42
-36
-16
-22
-21
-28
-39
-42
-42
-32
-11
3
11
25
19
23
8
3
12
5
18
32
33
41
45
49
47
70
71
78
90
86
78
70
80
84
91
105
101
104
105
99
89
86
97
84
98
92
89
96
83
88
94
65
75
73
78
77
49
60
13
11
-7
-14
-36
-46
-45
-51
-56
-64
-74
-99
-106
-93
-121
-104
-117
-118
-129
-154
-129
-146
-121
-119
-112
-87
-106
-130
-141
-147
-157
-155
-117
-116
-79
-93
-75
-87
-103
-68
-71
-46
-38
-17
-25
-17
-14
-34
-31
-2
-6
19
37
24
12
18
27
25
61
75
109
109
108
104
87
87
80
81
85
91
97
105
78
84
73
61
72
70
62
42
21
1
12
-9
-7
4
7
-2
-7
-3
-34
-35
-53
-39
-42
-53
-38
-43
-21
-35
-17
-16
-18
-14
-2
17
17
8
13
22
22
48
57
82
82
89
91
90
62
67
67
69
89
92
91
82
73
69
73
82
69
76
69
63
48
25
-1
-9
-19
-19
-7
-6
-11
-35
-42
-61
-69
-79
-74
-83
-62
-89
-103
-112
-128
-141
-138
-134
-122
-99
-91
-78
-79
-68
-104
-87
-107
-99
-93
-83
-79
-70
-64
-51
-49
-52
-34
-50
-27
-29
-27
-25
-27
7
11
15
17
16
10
20
33
41
30
52
86
79
88
108
98
83
95
92
84
89
93
76
72
62
59
45
47
45
79
83
78
81
55
39
30
29
22
29
43
44
41
33
25
18
10
3
-8
10
28
22
9
7
-4
-25
-44
-36
-48
-34
-15
-6
-3
-24
-15
-32
-57
-62
-51
-55
-56
-40
-47
-64
-53
-59
-81
-70
-75
-74
-76
-84
-82
-93
-94
-113
-96
-88
-88
-74
-66
-39
-54
-43
-39
-41
-41
-25
-12
-18
-6
3
6
28
36
57
77
86
100
113
111
91
99
103
102
106
114
115
103
118
131
125
112
124
109
114
108
100
87
62
72
59
49
44
44
43
36
24
21
9
-19
-25
-45
-50
-59
-54
-81
-87
-92
-103
-103
-129
-122
-113
-107
-106
-99
-122
-128
-112
-127
-117
-93
-88
-88
-93
-81
-101
-74
-65
-57
-38
-17
-8
0
-3
4
4
18
19
22
44
57
70
75
92
85
89
71
70
79
73
90
89
96
98
94
101
91
83
59
62
55
46
51
56
59
35
28
18
2
4
-8
-14
-26
-21
-32
-27
-14
-38
-44
-65
-64
-72
-79
-80
-80
-80
-98
-110
-116
-116
-112
-89
-81
-70
-74
-72
-100
-88
-92
-85
-48
-45
-35
-39
-47
-51
-41
-44
-14
21
27
58
50
44
44
49
46
51
83
94
101
97
96
86
97
109
136
143
145
140
127
113
93
86
90
99
94
114
119
97
97
88
84
89
83
85
66
52
45
39
21
-2
-19
-31
-32
-39
-48
-49
-44
-42
-47
-54
-77
-98
-116
-135
-132
-135
-131
-112
-123
-123
-125
-119
-138
-145
-148
-136
-142
-126
-113
-128
-117
-116
-115
-87
-87
-86
-76
-81
-78
-70
-33
-7
8
20
34
27
27
16
24
28
70
70
89
87
82
93
66
76
49
85
70
89
98
99
115
106
107
120
98
100
92
101
89
64
88
81
71
74
65
80
54
61
81
45
44
53
36
18
16
17
1
-27
-25
-38
-50
-59
-52
-57
-55
-55
-56
-70
-79
-76
-80
-57
-62
-54
-62
-88
-84
-113
-111
-108
-100
-100
-103
-102
-94
-94
-85
-43
-28
-16
-2
-7
-7
-3
6
39
48
52
44
53
39
14
50
49
54
67
91
102
97
87
82
74
48
52
67
50
48
57
54
21
32
32
20
16
7
13
-1
-3
-3
4
3
-5
-16
-9
-10
-16
-7
-26
-44
-34
-46
-28
-31
-38
-45
-38
-40
-57
-38
-45
-42
-11
-12
7
10
16
21
10
9
0
-4
-8
-13
-16
-16
-27
-13
-18
4
13
5
-7
-12
-8
-3
-16
-15
-6
-14
-12
-19
-15
-15
-1
-10
13
15
19
21
-23
-10
-15
-9
-11
-5
4
-25
-23
-16
-23
-52
-25
-2
-13
0
-6
-15
-17
-20
-2
23
35
30
25
8
-27
-29
-43
-31
3
-15
25
29
20
36
31
52
51
59
58
55
39
30
38
32
26
45
50
35
36
35
26
16
12
10
-5
4
13
4
13
-6
9
-10
-3
1
-6
-3
6
20
12
9
4
-3
-31
-17
-40
-17
-13
9
4
24
39
25
26
22
7
-16
-11
-18
-10
7
20
28
35
3
11
-2
-15
-7
9
18
12
28
-5
-9
-26
-20
-9
-10
-13
-10
-17
-48
-49
-55
-53
-50
-48
-45
-37
-46
-49
-39
-65
-63
-55
-68
-58
-47
-48
-38
-22
-27
-38
-49
-59
-53
-54
-43
-13
-3
-3
17
8
23
16
24
14
29
34
34
54
60
49
51
38
44
58
49
57
49
38
39
18
25
6
4
18
20
48
40
41
32
11
0
-16
-18
-28
-34
-12
-23
-9
1
-11
-24
-15
-35
-27
-16
-51
-38
-57
-31
-43
-25
-14
-13
3
-5
30
-9
-1
-20
0
-8
3
17
-3
16
12
24
32
73
71
73
85
76
87
77
80
70
63
67
59
63
47
70
60
73
58
63
68
67
75
75
61
47
22
36
30
-8
17
2
-2
-9
-15
-44
-43
-67
-57
-77
-75
-68
-85
-78
-83
-77
-80
-76
-100
-94
-120
-120
-132
-135
-145
-126
-100
-100
-73
-58
-53
-51
-64
-77
-75
-86
-81
-64
-47
-39
-33
-7
-4
-13
11
-12
-5
2
-10
17
11
18
17
40
53
48
68
52
68
40
47
22
45
49
62
66
94
105
114
128
95
99
76
61
48
65
51
67
90
83
99
89
71
73
76
78
66
66
36
22
19
7
5
6
14
6
-19
2
-30
-43
-50
-57
-45
-46
-35
-43
-77
-47
-86
-56
-58
-54
-38
-57
-53
-65
-58
-85
-70
-62
-54
-49
-39
-40
-51
-39
-33
-50
-46
-33
-41
-39
-25
-25
-34
-31
-13
-13
-4
-3
-4
8
-3
-8
-9
10
-3
26
39
41
72
85
63
51
53
52
35
42
60
53
74
73
89
73
66
65
50
42
30
19
6
0
-2
9
16
15
13
-3
-6
-17
-7
-27
-22
-47
-59
-60
-94
-98
-100
-89
-67
-42
-30
-41
-38
-36
-45
-42
-50
-55
-58
-43
-41
-39
-24
-25
-7
-29
-24
-13
11
7
28
75
59
68
73
48
47
47
59
68
69
71
61
84
67
68
96
93
97
111
105
95
75
70
38
51
56
78
65
61
71
28
29
9
10
3
-16
-9
-25
-41
-62
-80
-72
-88
-74
-81
-77
-99
-105
-116
-119
-105
-121
-95
-114
-110
-111
-135
-133
-136
-112
-113
-97
-92
-90
-85
-89
-57
-51
-39
-35
-34
-19
-17
-13
-12
13
4
-9
8
4
21
25
56
77
74
105
82
84
75
64
64
99
91
68
107
84
85
71
75
67
80
86
75
83
76
63
69
58
57
37
54
45
18
33
13
33
21
42
30
25
16
4
16
-10
-7
-9
8
0
3
18
10
15
0
-17
-29
-34
-57
-58
-59
-44
-20
-24
-13
-30
-31
-40
-42
-36
-33
-34
-37
-54
-69
-64
-91
-72
-54
-41
-37
0
-14
-19
-17
-48
-29
-21
-1
2
-1
8
10
-7
-7
-11
3
1
27
48
44
61
56
51
25
29
23
30
20
35
32
34
47
37
49
16
9
4
-7
5
12
13
11
8
7
-6
-3
-16
-21
-45
-48
-36
-56
-57
-65
-60
-47
-43
-30
-24
-45
-48
-50
-60
-55
-54
-60
-54
-65
-75
-66
-58
-41
-41
-26
-6
-19
-26
-17
-34
-35
-43
-36
-55
-45
-32
-21
-5
-1
37
24
65
47
45
53
47
58
59
82
87
100
99
102
113
92
121
101
105
116
99
98
83
89
77
74
71
71
70
72
76
81
76
67
59
39
35
36
23
30
15
21
19
4
-11
-18
-13
-29
-37
-41
-79
-73
-88
-96
-69
-74
-63
-59
-63
-56
-76
-65
-89
-95
-72
-91
-82
-86
-78
-108
-81
-94
-77
-67
-56
-30
-46
-10
-28
-34
-45
-62
-59
-66
-36
-28
6
12
14
5
-5
-3
-17
-18
-8
3
19
19
41
52
47
71
74
60
48
54
33
34
53
42
59
44
55
40
40
36
35
43
25
10
17
4
-17
1
-18
-3
-2
-9
-18
-36
-34
-54
-52
-27
-39
-4
-16
-5
-19
-14
-14
-18
-2
-12
0
-5
3
-6
-13
2
1
9
14
30
30
25
24
24
22
13
40
34
51
42
48
60
66
51
55
50
31
44
13
22
15
9
23
28
27
37
48
42
26
40
32
17
38
20
3
6
-8
-13
-18
-27
-17
-27
-19
-5
-10
-20
-20
-46
-65
-65
-73
-52
-72
-81
-92
-83
-99
-79
-69
-48
-52
-57
-63
-82
-83
-84
-81
-73
-43
-55
-46
-44
-41
-57
-37
-37
-17
-4
-26
24
3
-5
12
22
14
28
58
40
42
58
45
18
32
50
59
62
90
99
88
91
77
81
69
76
94
103
106
105
107
102
101
78
96
71
64
72
48
55
31
32
34
31
25
28
44
28
13
-18
-23
-46
-47
-57
-74
-84
-95
-102
-104
-111
-108
-89
-87
-79
-82
-91
-100
-118
-129
-126
-133
-104
-106
-109
-97
-96
-92
-91
-80
-77
-78
-61
-32
-43
-45
-9
-1
-3
5
12
10
15
5
-3
24
28
39
59
55
75
75
79
90
91
99
114
106
99
91
78
88
88
82
73
94
98
90
107
96
97
77
79
87
53
57
66
32
27
1
7
-2
-6
0
17
18
23
13
-9
-31
-46
-78
-73
-65
-62
-47
-35
-33
-58
-59
-62
-68
-82
-65
-67
-58
-43
-40
-55
-65
-74
-65
-61
-46
-27
-5
11
16
17
8
-2
-6
-10
-4
-4
-1
-2
8
-10
-12
26
11
38
33
39
31
9
42
27
30
32
39
22
15
10
7
13
3
25
13
20
5
1
-14
-23
-17
-4
-3
-7
-9
-10
-13
-48
-26
-30
-28
-16
-22
-22
-34
-35
-62
-61
-43
-36
-18
-1
16
-10
-24
-49
-50
-75
-73
-57
-57
-48
-26
-21
-34
-31
-49
-45
-22
7
31
34
43
29
18
1
-8
-5
22
29
35
64
45
48
28
38
39
60
74
68
83
68
73
44
58
50
65
72
67
72
82
70
60
52
38
47
51
62
61
82
84
58
74
58
45
33
-1
-8
-25
-30
-19
-14
-24
-5
11
-1
3
-4
-8
-19
-10
-17
-35
-38
-57
-67
-75
-81
-72
-81
-72
-79
-93
-86
-81
-80
-60
-49
-73
-64
-68
-72
-75
-67
-64
-48
-38
-40
-18
-24
-4
-29
-25
-27
-28
-11
-16
-18
13
17
8
33
29
26
29
20
28
7
1
-22
-19
-25
-23
0
1
35
24
30
48
40
6
13
3
-12
-14
0
10
6
20
6
17
-5
-16
-19
-6
-3
23
28
39
34
11
11
9
11
-6
10
36
40
50
59
48
59
43
57
34
25
38
37
45
28
44
49
54
31
27
30
23
21
13
25
22
32
44
44
32
49
16
19
10
-4
-2
-8
-13
-18
-12
-24
-16
-52
-31
-53
-23
-7
-33
-14
-23
-48
-62
-68
-80
-80
-68
-53
-54
-36
-34
-27
-45
-50
-23
-40
-41
-36
-43
-20
-28
-10
0
7
-3
22
12
-9
-13
-29
-8
-31
-15
-8
18
11
24
34
43
25
-1
-3
-13
15
5
22
21
25
39
37
41
13
9
11
5
16
25
54
34
61
36
14
1
-12
1
-12
-2
5
15
0
12
-17
-16
-23
-16
-12
-2
-8
11
-3
-14
-19
1
-20
-13
-26
-25
-38
-36
-29
-41
-38
-13
0
6
39
6
40
7
9
-3
5
8
-2
16
4
4
-3
13
-1
-6
5
-7
-27
-8
0
-3
2
19
23
5
6
11
-12
-8
-1
-18
1
-31
-7
-17
-39
-23
-30
-15
-3
32
43
45
52
66
61
65
70
34
41
38
24
15
6
20
6
34
53
46
74
71
77
62
58
53
20
18
9
13
19
14
14
-4
-5
-7
-9
-3
-30
-21
-38
-61
-100
-100
-86
-106
-90
-63
-88
-77
-76
-69
-61
-64
-54
-87
-98
-119
-132
-127
-128
-98
-70
-45
-14
-14
-25
-40
-48
-53
-31
-37
3
15
31
44
39
47
59
49
73
79
84
106
91
94
80
72
82
87
77
90
71
106
108
96
99
96
102
82
93
75
59
56
57
50
33
35
13
-2
-4
-32
27
31
32
44
12
-36
-76
-130
-107
-149
-151
-101
-150
-116
-125
-147
-115
-129
-103
-76
-83
-55
-47
-72
-61
-70
-72
-41
-30
7
25
33
47
-1
9
-11
-10
8
27
54
68
59
59
78
51
52
44
37
51
57
66
68
61
59
60
73
71
84
80
77
84
78
65
32
5
3
13
7
31
13
25
27
19
7
-9
-19
-2
-11
-8
-4
8
6
7
2
-1
-36
-40
-35
-54
-28
-13
-32
-33
-19
-23
-22
-20
-52
-48
-50
-45
-48
-42
-46
-53
-65
-76
-91
-105
-105
-109
-86
-73
-37
-34
-23
-40
-20
-56
-45
-20
-28
-9
-28
-23
-23
-19
-20
-5
-5
17
15
19
21
19
17
19
37
41
79
66
80
75
82
83
57
72
55
70
60
74
86
90
82
81
80
73
67
63
66
59
65
51
59
31
19
25
19
3
-2
-9
-16
-10
10
1
-8
-12
-46
-53
-53
-34
-75
-75
-53
-60
-67
-70
-67
-90
-106
-99
-135
-139
-140
-109
-111
-65
-52
-58
-33
-48
-24
-35
-11
-39
-33
-51
-33
-38
-12
26
39
64
76
97
87
82
69
84
64
85
73
93
80
91
98
105
122
132
119
103
93
64
54
45
64
51
51
62
50
41
25
11
7
8
0
-26
-16
-82
-81
-89
-87
-84
-74
-24
-54
-55
-52
-79
-87
-75
-103
-86
-86
-87
-92
-98
-90
-105
-78
-84
-71
-72
-60
-60
-81
-83
-73
-64
-55
-33
-33
-16
-34
-23
-26
-29
3
15
33
43
62
80
86
103
99
114
108
93
77
78
68
66
86
76
73
60
53
42
58
86
98
97
110
94
78
60
67
25
2
-2
-6
-4
10
20
28
26
20
19
-2
-18
-15
-16
-23
-14
-19
-25
-42
-68
-58
-56
-52
-28
-30
-4
-34
-40
-64
-62
-47
-50
-26
-27
-14
-41
-69
-82
-73
-88
-50
-36
-9
-4
-25
-32
-39
-38
-69
-29
-32
-14
0
21
23
25
39
21
13
7
9
0
5
42
24
41
34
32
5
11
19
0
17
17
31
4
10
-2
6
6
10
27
23
16
20
33
5
21
45
60
28
24
-23
-65
41
63
71
60
48
3
-92
-125
-80
-80
-39
-16
-9
46
2
10
-25
-69
-38
-20
-7
-9
21
23
30
-12
-12
-38
-48
-31
-35
-17
-25
1
-14
-22
-31
-16
-3
-1
23
6
15
7
4
11
6
29
28
35
21
5
22
16
12
28
54
74
87
125
115
98
49
48
18
5
8
3
16
6
15
-1
0
10
-12
-16
-5
-10
6
4
45
68
54
34
-8
-86
-106
-123
-111
-80
-47
-10
-12
-12
-28
-73
-82
-118
-108
-98
-80
-38
-20
9
5
-18
-31
-62
-72
-60
-22
20
35
40
44
41
26
42
38
41
39
27
22
7
-12
10
4
30
56
70
83
79
69
58
56
52
58
73
83
88
76
27
24
-22
-37
-45
-58
-26
-43
6
-33
-12
-11
40
139
50
48
-68
-127
-197
-222
-113
-63
16
37
41
7
-29
-63
-94
-148
-112
-63
-49
-1
-1
27
9
-19
-64
-69
-114
-53
-32
4
66
100
126
82
60
25
9
-23
2
8
14
51
70
68
49
62
58
56
53
49
54
35
42
34
32
35
49
36
25
-2
-11
-28
-33
-29
-1
26
38
36
11
-11
-43
-65
-57
-61
-34
-26
-26
-41
-57
-72
-72
-86
-63
-47
-60
-38
-61
-50
-63
-50
-28
-13
3
20
22
23
11
19
7
15
59
67
86
73
46
36
1
13
22
40
73
85
104
84
82
62
37
32
27
44
52
60
67
75
74
46
40
35
48
26
18
44
45
34
32
24
29
35
8
-5
-11
-43
-67
-69
-78
-89
-58
-54
-72
-82
-77
-80
-84
-83
-75
-77
-75
-57
-83
-85
-94
-85
-86
-87
-71
-94
-76
-96
-91
-95
-107
-83
-77
-63
-73
-46
-43
-56
-47
-62
-70
-79
-56
-31
-21
-12
14
13
12
3
14
37
21
53
56
80
82
118
87
71
63
43
57
62
99
115
127
139
140
122
101
115
107
115
148
155
156
156
130
114
96
87
67
53
49
61
63
74
85
93
77
54
66
35
30
3
-15
-16
-35
-26
-50
-41
-78
-77
-85
-86
-71
-66
-47
-58
-46
-47
-54
-66
-58
-68
-82
-94
-130
-151
-159
-148
-118
-64
-39
-18
-33
-43
-56
-89
-75
-92
-69
-63
-45
-32
-5
0
-14
-8
-23
-34
-68
-36
-49
-37
4
22
34
26
28
2
-17
-20
-12
-10
3
23
35
41
50
19
5
-11
-38
-32
-23
14
36
44
60
66
58
47
29
18
-3
-27
-21
-21
-10
21
47
37
35
9
-12
-41
-49
-18
25
32
51
53
46
4
-10
-38
-49
-39
-25
12
10
54
44
45
61
37
31
11
8
-19
14
21
35
53
54
46
27
40
31
70
37
48
54
60
68
83
88
73
68
56
48
27
9
14
20
25
45
54
64
72
82
59
38
27
19
-7
-6
-23
-30
-64
-99
-105
-106
-71
-54
-38
5
10
4
-16
-45
-42
-69
-56
-53
-70
-89
-87
-111
-95
-79
-62
-69
-33
-26
-31
-21
-40
-48
-86
-85
-110
-111
-103
-95
-86
-43
-57
-61
-57
-62
-76
-41
-3
-15
15
24
8
-20
-12
-40
-24
-1
45
58
59
38
-2
-28
-30
-17
25
93
133
181
165
153
101
23
7
-18
-5
48
83
113
120
82
59
19
-3
25
97
133
173
180
127
48
-17
-67
-64
-29
-18
50
73
51
21
-5
-39
-58
-52
-31
-13
-4
-9
-11
-34
-65
-51
-63
-41
-69
-52
-76
-66
-45
-52
-43
-26
-22
-33
-21
-24
-19
-37
-22
-11
10
-2
22
11
1
-14
14
42
25
22
22
19
23
23
30
46
14
45
20
25
56
64
57
48
50
15
25
-4
2
1
14
34
10
4
1
-17
-29
-41
-61
-36
-54
-61
-44
-43
-35
-35
-61
-87
-107
-139
-155
-159
-129
-87
-35
3
46
37
16
-2
-71
-92
-114
-73
-23
7
60
61
57
32
8
-2
3
51
85
117
122
116
106
74
55
27
52
38
60
90
70
96
85
67
61
47
58
40
40
41
20
58
29
37
38
47
28
13
-16
-36
-42
-52
-62
-61
-53
-63
-41
-50
-52
-37
-24
-31
-59
-30
-35
-37
-25
-34
-44
-99
-101
-128
-119
-111
-65
-35
-12
-10
-42
-16
-42
-37
-35
-15
-28
-23
-13
8
-13
-5
13
26
11
-6
17
9
20
47
57
62
62
39
25
39
50
84
78
73
64
50
15
8
-3
17
55
52
94
81
96
100
97
107
90
63
44
38
22
9
-2
30
6
24
54
31
28
18
-11
-13
-29
-31
-20
-28
-27
-37
-40
-79
-83
-117
-117
-67
-50
-1
-26
-33
-53
-87
-110
-101
-102
-98
-85
-73
-73
-69
-55
-47
-74
-98
-85
-106
-110
-119
-87
-88
-45
-32
-5
-22
-36
-28
-44
-24
2
16
35
57
65
76
54
48
51
42
69
87
97
97
89
100
88
86
108
117
124
135
137
142
125
109
91
78
68
86
81
85
66
87
73
38
48
56
70
65
81
52
29
12
-7
-14
-23
-14
-40
-55
-80
-66
-78
-79
-57
-49
-39
-27
-13
-53
-60
-74
-82
-112
-107
-114
-121
-107
-101
-99
-95
-80
-112
-110
-121
-95
-51
-49
0
10
10
11
-15
-55
-65
-72
-55
-39
-14
-3
10
13
1
-6
7
12
37
50
61
76
68
52
23
20
-23
-1
-16
-5
-2
2
-5
-3
14
5
56
57
53
34
19
-14
-33
-28
-35
-28
-7
6
8
14
22
-3
-3
-7
-2
-12
39
42
31
43
29
18
-17
-6
-6
10
34
46
22
47
22
8
4
-1
37
35
88
104
103
109
90
39
15
14
-6
-6
20
37
27
48
45
43
36
42
31
22
24
20
35
30
34
30
20
13
6
-4
-6
11
13
20
30
16
6
3
-5
-4
-13
-9
-5
-16
-15
-32
-28
-31
-33
-14
-17
-31
-21
-50
-66
-89
-90
-93
-82
-56
-61
-24
-29
-45
-57
-84
-97
-93
-84
-89
-64
-65
-65
-76
-80
-82
-89
-91
-66
-60
-50
-23
-34
-23
-58
-55
-50
-68
-63
-35
-50
-52
-21
-24
-36
-33
-9
-4
14
36
23
30
13
22
19
7
19
17
39
43
74
89
76
87
75
76
78
83
71
79
86
76
76
65
82
65
73
82
81
81
81
101
87
107
82
69
62
31
17
36
11
30
22
21
19
-11
-7
-1
19
25
60
56
56
32
3
0
-23
-17
-5
7
2
8
0
11
4
29
44
31
34
28
4
10
10
8
20
25
7
-11
-17
-40
-29
-30
2
31
34
31
3
-24
-45
-36
-71
-82
-85
-89
-99
-102
-87
-94
-63
-53
-49
-50
-71
-73
-104
-104
-113
-112
-92
-108
-90
-79
-86
-84
-86
-88
-105
-108
-100
-89
-80
-62
-51
-41
-35
-34
-33
-14
-7
2
8
25
23
8
27
-6
-4
10
13
45
79
78
79
89
92
71
79
81
90
74
74
74
53
65
65
82
88
99
100
94
90
98
92
86
94
84
76
63
59
47
22
4
-1
4
-25
-28
-39
-34
-56
-32
-33
-34
-24
-55
-42
-62
-50
-48
-36
-28
-44
-25
-61
-37
-36
-35
-29
-13
-9
-20
-8
5
7
11
30
25
15
-1
23
8
12
21
25
24
18
22
13
24
24
33
22
21
8
16
43
37
37
59
42
56
43
40
32
17
-4
-14
-9
-4
13
4
14
2
0
-12
-34
-26
-8
-24
-3
12
10
-24
-18
-29
-52
-25
-28
-10
15
17
7
27
-10
-11
-39
-37
-36
-49
-42
-47
-41
-49
-38
-49
-50
-44
-49
-43
-46
-36
-56
-47
-46
-57
-49
-62
-37
-39
-48
-15
-26
-26
-33
-33
-34
-46
-40
-51
-27
-50
-23
18
23
29
60
64
34
24
18
6
23
46
54
59
56
43
34
53
42
59
67
74
88
84
96
77
57
36
31
34
37
46
60
76
67
75
41
26
-11
-17
-30
-31
-39
-29
-16
-28
-23
-29
-36
-49
-39
-33
-57
-51
-50
-70
-97
-86
-89
-104
-78
-91
-48
-61
-48
-52
-43
-31
-32
-4
-23
-29
-25
-28
-49
-36
-5
-7
-11
16
11
-2
-9
-9
12
35
49
78
96
90
96
93
106
90
81
72
94
91
89
127
111
120
123
114
113
129
112
90
98
81
82
91
84
47
70
56
42
42
37
29
7
23
13
-15
-12
-21
-40
-55
-70
-97
-121
-118
-123
-105
-71
-66
-77
-80
-82
-122
-112
-119
-149
-129
-126
-128
-126
-130
-140
-127
-114
-98
-84
-66
-67
-69
-83
-82
-73
-58
-44
-33
-21
-8
-11
-24
-16
-19
0
-2
-2
17
9
-3
6
12
-4
28
40
31
27
34
35
26
32
28
45
38
37
42
26
24
23
34
37
45
52
61
62
57
60
33
47
22
37
39
41
29
19
57
32
64
61
87
99
75
81
51
44
35
29
32
41
49
29
5
7
-1
-7
26
25
45
50
41
25
20
26
21
32
43
39
33
39
24
25
20
15
30
25
-4
-4
-18
-41
-42
-51
-28
-14
-9
2
-8
-11
-8
-30
-23
-36
-27
-25
-30
-35
-44
-47
-70
-39
-22
-20
-18
-2
-4
-32
-21
-35
-23
-44
-24
-32
-18
-44
-36
-54
-60
-61
-75
-43
-54
-28
-27
-15
-30
-29
-40
-67
-62
-82
-81
-82
-85
-87
-56
-76
-65
-52
-85
-58
-63
-36
-49
-20
-60
-34
-46
-54
-40
-20
4
-1
38
35
68
73
84
79
74
89
89
85
85
56
64
51
59
68
73
90
90
102
118
121
128
116
113
100
67
87
64
66
52
73
37
42
23
11
8
10
26
7
27
-12
-17
-22
-28
-40
-45
-23
-36
-29
-38
-38
-49
-50
-61
-51
-68
-66
-55
-51
-43
-23
-10
-14
-7
-34
-45
-67
-53
-67
-52
-27
-25
-17
-1
-17
2
0
32
44
49
86
54
53
16
19
10
2
21
22
9
7
14
8
17
23
9
37
42
30
28
26
8
-13
-1
-10
-9
-17
-20
-7
-18
-17
-29
-25
-32
-42
-29
-30
-50
-54
-41
-45
-40
-24
-18
-36
-26
-42
-52
-61
-62
-68
-62
-55
-28
-19
-25
-6
-11
-23
-16
-13
-3
-16
-3
-15
-20
-7
-28
-13
7
13
29
48
39
28
40
44
38
51
72
77
58
53
30
20
24
12
32
47
55
87
86
84
69
48
53
31
33
40
53
46
59
52
30
28
17
12
8
17
22
11
8
9
22
10
6
-6
-13
-37
-61
-48
-59
-64
-63
-54
-74
-66
-74
-73
-65
-75
-85
-39
-69
-53
-71
-59
-59
-59
-50
-48
-26
-59
-19
-36
-48
-57
-66
-75
-89
-76
-69
-31
-6
14
29
25
13
23
6
22
24
40
37
28
29
7
14
2
17
43
51
87
96
102
86
85
91
74
68
75
66
65
79
80
87
79
102
90
95
97
87
73
53
69
56
48
69
58
50
66
34
49
22
17
5
-29
-11
-42
-24
-18
-32
-26
-44
-70
-69
-74
-85
-74
-76
-54
-52
-78
-74
-88
-98
-96
-100
-106
-117
-104
-102
-121
-103
-100
-107
-89
-79
-58
-62
-64
-45
-61
-41
-38
-41
-47
-41
-54
-20
-13
5
37
20
39
12
11
0
9
34
34
45
35
34
29
22
38
34
42
59
56
67
58
41
30
19
13
27
30
19
35
41
33
50
31
38
39
33
41
43
46
24
20
21
-11
10
-4
-8
14
7
23
20
19
6
-14
-14
-24
1
14
38
61
45
36
22
-7
-7
-10
7
17
30
36
37
38
11
-1
-9
-12
-15
0
-4
13
-10
-5
17
21
25
29
36
9
19
4
12
9
8
10
21
9
8
-4
8
-6
-5
13
0
26
21
16
-4
8
-19
-34
-18
-16
9
9
-5
0
-12
-24
-38
-35
-29
-40
-27
-47
-47
-52
-78
-78
-70
-65
-81
-79
-67
-102
-101
-83
-95
-89
-97
-70
-53
-39
-42
-47
-57
-61
-69
-83
-63
-59
-67
-35
-6
-8
17
17
37
15
26
36
21
37
40
39
28
64
69
65
87
95
94
101
112
103
79
92
80
73
84
77
73
75
59
54
63
46
38
37
30
21
26
33
14
10
30
12
29
30
16
17
11
2
1
-20
-12
-21
-19
-6
-12
-12
-20
-18
-17
-4
-9
3
10
-1
-25
-27
-42
-54
-40
-28
-31
-11
1
-24
-19
-47
-38
-42
-7
7
-3
0
-34
-21
-37
-25
-21
-24
-18
-26
-28
-45
-46
-56
-46
-25
-2
11
28
16
11
11
-19
-8
-26
-21
2
9
19
7
14
10
-6
8
0
-18
1
-21
-19
-15
-8
-9
22
16
15
26
-1
-9
-10
-30
-24
-1
-3
0
3
-11
7
0
-24
4
-10
-1
-4
15
17
-7
-1
-7
-7
-1
-7
20
32
39
52
37
61
45
50
34
51
46
38
37
34
27
9
33
14
33
19
24
4
12
-19
-30
8
-12
16
2
24
12
-3
17
19
7
-8
-20
-19
-40
-66
-43
-63
-53
-52
-62
-43
-47
-44
-30
-18
-26
-40
-47
-44
-88
-71
-53
-51
-37
-55
-30
-78
-51
-70
-54
-43
-42
-15
-14
-9
-2
-6
-6
-1
2
14
-8
15
6
9
23
44
43
67
93
87
69
85
80
94
99
103
97
108
85
77
101
108
108
106
114
91
94
73
80
90
84
105
95
85
67
56
52
28
9
-20
-2
-28
-14
-33
-23
-27
-36
-28
-52
-41
-76
-64
-77
-79
-73
-78
-62
-83
-117
-125
-127
-130
-135
-117
-122
-98
-77
-62
-67
-46
-67
-79
-70
-95
-93
-133
-111
-118
-105
-68
-62
-12
-18
9
-3
6
7
20
27
22
25
45
30
49
36
37
52
41
52
50
60
40
29
29
38
41
69
81
93
99
69
60
45
16
7
5
23
9
33
41
24
29
2
0
-22
-31
-28
-6
16
-4
13
-23
-44
-43
-51
-51
-50
-24
-36
-58
-40
-37
-34
-15
26
35
52
25
10
-12
-32
-11
-15
-7
16
-9
15
9
3
28
31
46
45
65
44
47
53
35
56
70
62
79
66
58
52
51
70
71
84
94
97
88
48
41
28
14
28
36
28
25
39
34
22
25
37
33
21
19
13
-11
-35
-25
-31
-8
-17
9
-13
-1
-15
-55
-38
-77
-86
-92
-90
-85
-93
-112
-111
-124
-100
-103
-74
-56
-32
-51
-49
-76
-82
-116
-129
-123
-108
-106
-113
-92
-104
-95
-94
-75
-57
-43
-36
-22
-12
2
-25
-8
-16
-25
-21
-18
8
13
33
47
41
58
74
81
86
112
115
83
73
43
45
41
50
72
66
69
57
59
25
30
41
24
28
48
61
67
91
60
46
17
-6
-33
-34
-28
-31
20
36
12
27
12
-21
-3
-15
-13
-2
1
4
11
18
8
17
-12
-4
1
13
14
12
46
38
43
17
19
-13
-17
-10
-35
-20
-33
-43
-47
-36
-20
-11
11
42
47
55
22
13
-3
-15
6
3
29
31
35
40
15
-6
-13
-7
-9
1
26
53
28
20
46
8
2
15
36
51
81
86
65
42
-22
-34
-42
-23
-15
6
27
6
24
20
23
1
-3
12
-19
-26
-47
-77
-104
-90
-82
-74
-48
-48
-22
-33
-70
-55
-93
-89
-86
-60
-36
-23
-31
-41
-68
-101
-87
-84
-63
-58
-39
-30
-34
-49
-21
-42
1
20
51
65
55
4
15
-39
-3
-98
-79
-56
52
277
55
141
41
-91
-127
-108
49
138
157
162
70
-26
7
-126
-136
-157
-16
124
120
199
135
-10
-144
-152
-73
-7
2
152
67
119
-124
24
-392
-508
295
-204
-184
406
434
-164
-338
192
80
-393
18
426
-32
-32
225
208
-265
-193
188
-38
-95
248
423
12
-77
167
111
-176
-48
322
170
28
214
307
11
-193
40
75
-110
74
288
134
29
78
94
-35
-30
50
23
54
72
58
-42
-67
-57
-87
-109
-18
69
21
-9
12
8
-99
-57
-19
-8
19
21
-10
-68
-59
-129
-107
-97
-27
-33
-31
-12
-45
-99
-112
-81
-121
-44
-23
-72
-66
-88
-127
-132
-139
-121
-88
-84
-45
-63
-72
-95
-108
-74
-117
-40
-32
-29
-63
-40
-67
-97
-71
-48
-53
-45
20
7
2
-8
23
29
26
75
74
56
-6
12
45
-6
21
128
120
76
80
116
72
52
92
140
123
123
151
78
35
25
25
28
47
63
65
38
45
45
17
-10
-43
7
25
39
33
46
-10
-63
-52
-46
-76
-57
-44
-76
-49
-2
-21
-20
21
11
-29
-1
36
-1
-18
-17
1
-6
-12
19
17
15
68
-7
38
81
43
48
72
125
108
80
49
66
61
76
51
33
82
41
23
29
71
65
49
92
43
48
10
-27
-21
-19
1
8
55
1
-10
-18
-46
-69
-85
-96
-70
-54
-79
-40
-39
-84
-113
-108
-115
-133
-102
-86
-77
-88
-61
-82
-98
-65
-113
-112
-104
-104
-92
-73
-62
-83
-76
-55
-58
-14
6
8
5
-47
-45
-47
-55
-62
-24
-4
-4
-7
-10
-2
20
18
78
121
116
120
118
76
33
52
35
23
87
127
116
107
78
63
36
22
49
70
83
93
60
41
22
24
-10
39
86
65
75
32
13
-1
-21
-53
-22
-13
1
35
15
30
34
0
-19
6
-12
-75
-76
-76
-41
-62
-64
-27
-30
-58
-30
-46
-63
-10
-24
-38
-23
-38
-46
-79
-30
-6
-13
17
34
-32
-69
16
5
-48
19
85
1
-10
68
3
-13
21
51
72
41
62
95
21
-15
43
49
-8
67
98
44
39
71
40
-34
23
26
13
-12
16
-13
-52
-24
-16
-61
-39
17
25
-33
5
44
-8
-36
33
-8
-69
-43
-17
-50
-51
5
9
-14
-49
-42
-44
-52
-60
13
14
-21
-21
21
-43
-52
1
4
-40
-54
-42
-36
-74
-12
15
10
51
62
85
60
87
88
61
82
11
-11
-1
-15
12
16
14
61
32
10
26
9
27
28
24
20
9
-19
-48
-22
-29
-16
-2
-17
1
-25
-65
-39
-26
-39
-36
-23
-65
-93
-99
-137
-113
-84
-95
-63
-41
-40
-53
-60
-8
-62
-40
-8
-13
-44
-14
-31
-49
-13
-10
22
27
6
14
37
18
1
42
45
74
95
116
116
69
89
46
7
33
46
41
74
102
89
90
103
91
63
60
79
63
50
48
51
36
23
28
6
10
21
16
-19
-10
-15
-34
-21
2
-9
24
16
7
-2
-7
-43
-71
-52
-43
-39
-32
-41
-24
-37
-40
-7
-31
-27
-30
2
-29
-20
-8
-15
-38
-6
23
-39
-21
2
7
-13
-12
22
24
17
50
29
34
20
-2
8
-12
-18
-7
-12
-20
-20
-31
-29
-39
-3
-2
-6
-2
-14
-18
-62
-40
-67
-49
-35
-19
-23
-13
11
-57
-40
-40
-34
-39
9
32
-8
2
-20
-68
-47
-47
-36
-6
7
15
12
21
12
28
15
27
6
38
46
20
40
7
17
1
-10
-10
-18
-24
-25
6
34
53
49
104
91
51
53
71
9
-18
4
-25
-36
-48
-22
3
-8
13
51
7
-43
-35
-28
-43
-49
-36
-41
-45
-36
-55
-39
-50
-27
18
-9
16
5
-13
-30
-56
-36
-6
10
21
81
69
91
73
76
50
24
23
14
17
-5
35
48
73
72
115
127
96
104
84
64
33
42
53
33
24
40
53
47
45
55
28
16
30
34
38
-10
-13
-22
-49
-69
-54
-59
-85
-60
-41
-50
-37
-46
-59
-82
-63
-63
-69
-69
-107
-114
-113
-136
-138
-117
-97
-78
-45
-58
-64
-89
-92
-83
-66
-61
-41
-10
-25
-28
-26
-33
-29
-14
-34
-7
31
38
64
93
104
91
83
77
32
31
36
7
19
44
73
80
105
132
117
91
118
85
80
71
64
82
86
71
70
87
56
57
42
34
23
-7
-28
-22
-18
-28
-4
-33
-29
-28
0
3
3
29
-11
-21
-83
-93
-133
-143
-137
-112
-87
-86
-74
-80
-74
-71
-77
-75
-55
-75
-70
-109
-113
-109
-86
-92
-74
-45
-39
-24
-28
-25
-41
-18
7
38
43
50
44
44
52
82
91
17
-122
-166
-138
-15
118
274
412
414
322
169
97
75
67
122
157
154
121
38
-51
-86
2
120
211
212
226
200
178
150
116
83
24
-46
-145
-176
-200
-160
-96
-62
-28
-7
-11
-11
-33
-53
-85
-110
-144
-179
-182
-201
-150
-126
-105
-110
-151
-221
-243
-236
-214
-115
-47
12
76
100
117
90
85
65
32
-105
-282
-371
-470
-329
-178
74
326
373
404
287
296
370
452
524
444
269
44
-213
-335
-288
-151
62
174
164
91
-111
-178
-166
-77
47
79
15
-158
-269
-323
-347
-250
-171
-108
-62
11
60
38
8
-73
-154
-217
-208
-180
-104
-4
49
78
15
-79
-131
-110
-36
92
227
213
135
-23
-135
-121
-32
102
201
225
167
78
-17
-54
-2
70
168
266
296
255
228
230
246
218
190
139
106
75
78
135
194
173
86
50
28
50
85
145
136
128
73
3
-39
-141
-162
-126
-87
-4
-18
-18
-78
-163
-234
-234
-221
-160
-101
-111
-112
-117
-119
-145
-156
-154
-170
-146
-90
-140
-115
-179
-204
-174
-131
-84
-19
39
24
39
2
5
-57
-20
4
27
22
18
54
63
84
124
130
95
63
55
68
77
66
44
75
19
11
16
58
33
49
66
43
36
12
-9
3
36
38
32
18
-17
-3
34
45
79
46
27
0
-42
-67
-70
-61
-49
-32
-25
-60
-89
-120
-159
-160
-151
-137
-102
-94
-90
-97
-97
-91
-115
-78
-95
-63
-35
-57
-50
-51
-15
9
38
42
29
-10
-37
-23
-25
10
62
89
150
154
173
174
160
150
159
169
187
180
181
186
146
160
169
212
182
205
204
179
185
172
195
168
137
156
148
135
110
97
69
16
10
-12
10
1
25
40
87
68
49
30
-28
-38
-75
-93
-159
-215
-251
-293
-301
-322
-295
-303
-289
-286
-333
-382
-408
-418
-422
-376
-317
-292
-331
-365
-400
-442
-412
-372
-282
-178
-80
3
24
38
-26
1
21
93
169
221
276
264
238
210
159
163
180
242
343
387
397
369
328
297
269
286
334
368
394
395
408
377
361
341
301
298
275
344
351
348
317
242
147
40
13
-11
27
73
142
213
212
164
103
-19
-192
-300
-403
-453
-446
-414
-452
-494
-624
-743
-838
-876
-775
-706
-546
-513
-454
-538
-648
-725
-768
-663
-583
-418
-367
-295
-296
-351
-325
-268
-91
49
190
298
307
277
190
162
155
215
302
416
524
526
495
390
408
383
420
559
669
782
776
798
736
656
584
547
563
610
715
773
773
709
617
512
449
410
462
502
510
501
366
169
-46
-194
-266
-261
-221
-137
-130
-164
-206
-256
-184
-78
76
175
92
-183
-550
-923
-1195
-1189
-966
-696
-512
-557
-755
-1022
-1228
-1315
-1166
-904
-699
-527
-508
-599
-827
-1020
-1122
-1107
-941
-760
-519
-359
-252
-260
-281
-209
-123
51
193
374
497
556
583
474
486
415
433
468
572
784
854
970
852
784
744
715
833
885
1061
1099
1057
935
759
708
618
652
777
873
915
909
834
699
504
374
284
190
162
141
159
94
-10
-151
-324
-421
-472
-467
-402
-350
-238
-239
-258
-319
-370
-397
-441
-389
-407
-472
-636
-777
-923
-952
-875
-683
-502
-379
-399
-574
-850
-1133
-1197
-1166
-946
-741
-580
-549
-646
-779
-846
-781
-670
-488
-344
-291
-353
-402
-437
-375
-220
43
375
580
626
624
653
670
657
601
562
516
500
595
680
880
988
1006
927
843
884
950
1083
1178
1244
1177
1010
847
651
529
398
358
356
327
344
369
470
412
376
327
320
231
185
274
294
305
191
127
-12
-232
-317
-378
-383
-436
-432
-391
-447
-432
-363
-292
-304
-313
-277
-340
-495
-684
-841
-1040
-1135
-1130
-1013
-892
-806
-651
-602
-531
-456
-348
-329
-548
-700
-908
-995
-1168
-1149
-994
-811
-713
-688
-674
-788
-1030
-1296
-1190
-987
-563
-232
257
493
410
139
-58
-51
-269
-411
-244
279
808
1100
1499
1707
1546
1060
680
840
1117
1443
1730
2073
2005
1564
980
617
445
394
492
671
769
563
464
440
511
598
654
817
790
845
907
1045
1158
1086
1051
897
790
651
549
384
96
-135
-382
-472
-493
-399
-334
-404
-503
-607
-696
-759
-740
-746
-844
-990
-1156
-1278
-1281
-1237
-1107
-1012
-927
-910
-931
-811
-717
-607
-780
-1068
-1445
-1777
-1932
-1927
-1577
-1260
-925
-961
-1081
-1429
-1722
-1846
-1702
-1199
-733
-130
164
435
301
128
40
-103
-303
-572
-248
383
1073
1674
2097
2341
1822
1133
762
939
1388
1777
2288
2548
2374
1780
1231
877
623
548
710
1085
1121
1014
766
656
551
442
656
910
1339
1410
1480
1398
1232
957
630
602
679
770
686
456
66
-452
-870
-1120
-1076
-837
-607
-398
-424
-588
-899
-1169
-1297
-1240
-1083
-913
-812
-823
-978
-1249
-1505
-1683
-1708
-1598
-1445
-1221
-908
-740
-802
-1167
-1612
-2000
-2240
-2230
-2006
-1472
-1092
-788
-878
-928
-1273
-1569
-1693
-1474
-894
-419
276
689
981
827
551
303
-194
-516
-573
88
1020
1779
2555
2790
2678
1869
1272
1237
1462
1861
2231
2819
3005
2659
2140
1638
1302
781
628
881
1344
1657
1597
1346
570
-223
-957
-760
-72
1104
2041
2410
2316
1483
600
-160
-136
274
585
832
779
438
-435
-1297
-1892
-2248
-2244
-1906
-1169
-565
-316
-447
-984
-1703
-2214
-2231
-1754
-1055
-430
-242
-584
-1325
-2111
-2632
-2723
-2329
-1669
-935
-435
-201
-444
-991
-1783
-2414
-2662
-2401
-1791
-1092
-311
-136
-227
-1045
-1613
-2132
-2140
-1457
-458
784
1431
1789
1615
1048
255
-726
-1107
-1136
-284
960
2216
3444
3725
3410
2123
1245
1034
1309
1881
2691
3616
3793
3118
2232
1465
708
14
78
618
1341
1719
2180
2145
1295
90
-981
-1310
-1297
-231
1214
2538
2868
2386
1650
508
-360
-691
-282
144
356
500
262
-336
-1357
-2039
-2478
-2590
-2229
-1405
-533
-152
-241
-727
-1425
-2101
-2208
-1732
-1096
-534
-344
-647
-1412
-2191
-2629
-2703
-2384
-1758
-1059
-451
-135
-283
-767
-1662
-2372
-2779
-2693
-2054
-1189
-200
94
-151
-878
-1718
-2260
-2324
-1367
-205
1112
1787
2050
1678
765
-411
-1587
-1900
-1398
44
1459
3034
4164
4252
3121
1593
1081
1069
1421
2134
3285
4174
3776
2834
1817
980
89
-409
14
804
1686
2211
2584
2302
1052
-448
-1607
-1572
-957
370
2027
3265
3400
2259
1186
239
-335
-587
-222
446
706
584
104
-617
-1720
-2651
-3022
-2834
-2055
-1051
-122
123
-284
-1050
-1849
-2368
-2261
-1606
-834
-417
-402
-855
-1668
-2585
-3111
-3082
-2697
-2011
-1203
-428
-138
-256
-884
-1726
-2576
-2984
-2782
-2066
-1094
-229
306
169
-391
-1338
-1960
-2125
-1597
-505
739
1828
2273
2083
1286
7
-1410
-2227
-1938
-420
1179
3037
4479
4919
3914
2160
1317
1042
1313
1830
2958
4113
4042
3248
2156
1242
153
-795
-680
189
1312
2088
2656
2816
2037
765
-528
-1151
-1238
-1099
-490
405
1623
2278
2320
2063
1574
756
-415
-805
-392
62
72
-157
-400
-1151
-2181
-2838
-2836
-2638
-2393
-1831
-1198
-672
-608
-651
-900
-1219
-1466
-1498
-1358
-1259
-1239
-1571
-1981
-2362
-2474
-2335
-1935
-1292
-711
-404
-432
-712
-1363
-2052
-2537
-2439
-2172
-1373
-480
306
454
4
-623
-1484
-1700
-1468
-431
731
1772
2438
2167
1406
-292
-1691
-2547
-2058
-455
1306
3566
4814
5192
3797
2279
1426
969
1251
1752
3226
4061
3971
3161
1992
847
-740
-1395
-1123
-38
1203
2279
3054
2882
1972
728
-377
-1171
-1508
-1125
-210
559
1408
1987
2389
1849
1133
524
-45
-509
-729
-236
-45
-317
-794
-1288
-1982
-2802
-2970
-2666
-2301
-1962
-1362
-738
-623
-664
-780
-888
-1203
-1380
-1360
-1426
-1537
-1794
-2101
-2489
-2544
-2289
-1901
-1485
-959
-587
-649
-1005
-1333
-1702
-1995
-1958
-1631
-1078
-577
-104
16
-232
-817
-1273
-1402
-984
-159
942
1825
2266
1968
1068
-471
-1972
-2581
-1815
-69
1777
3736
5002
5002
3378
1793
1117
1168
1513
2288
3781
4641
4283
3176
1923
682
-892
-1528
-1023
325
1653
2608
3251
2827
1691
169
-654
-976
-602
248
1195
1699
1169
731
138
135
20
584
1173
1067
761
77
-69
-932
-1521
-2022
-2287
-2294
-2325
-1828
-1855
-2012
-2369
-2544
-2352
-1916
-992
-390
-138
-439
-1005
-1788
-2457
-2621
-2663
-2546
-2429
-2030
-1710
-1671
-1486
-1316
-1212
-1448
-1554
-1459
-1444
-1426
-1425
-1064
-893
-779
-594
-266
-131
-449
-568
-512
-167
243
919
1723
2021
1724
688
-754
-1859
-1942
-718
850
2624
4234
4985
4188
2584
1801
1782
2030
2309
3331
4486
4531
3689
2586
1653
189
-1037
-1042
-101
1137
1961
2740
2698
1740
305
-457
-470
-9
206
393
436
511
160
-205
176
695
861
236
364
648
560
-220
-791
-977
-1738
-2331
-2389
-1803
-1810
-2332
-2550
-2773
-2772
-2614
-1765
-1030
-663
-616
-814
-1174
-1609
-1734
-2007
-2235
-2357
-2266
-2236
-2202
-1935
-1663
-1700
-1630
-1275
-794
-659
-656
-616
-1022
-1448
-1725
-1300
-860
-295
229
533
322
-455
-761
-700
-31
712
1739
2396
2311
1210
-588
-1780
-1970
-778
688
2687
4442
5191
4274
2578
1940
1716
1934
2239
3498
4575
4431
3631
2464
1438
-142
-1073
-947
86
1260
2085
2769
2430
1365
-30
-802
-622
-92
522
856
842
473
-221
-386
-202
319
436
408
427
294
219
-319
-662
-1236
-1703
-2003
-2068
-1715
-1757
-1981
-2627
-2898
-2804
-2484
-1852
-1164
-482
-600
-941
-1453
-1709
-2002
-2195
-2069
-1934
-1757
-1779
-1749
-1865
-1949
-1942
-1680
-1261
-806
-556
-523
-891
-1347
-1789
-1858
-1597
-1048
-336
281
727
513
64
-431
-510
-163
466
1469
2051
2127
1172
-540
-2038
-2490
-1273
305
2421
4186
5201
4338
2499
1578
1469
1956
2303
3546
4606
4525
3546
2359
1425
-7
-808
-601
420
1437
2113
2656
2152
965
-452
-960
-570
367
1504
1778
1158
-362
-1420
-1811
-1257
265
1711
2372
1679
951
179
-493
-1051
-1140
-923
-1148
-1079
-909
-894
-1792
-2920
-3507
-3719
-3147
-1949
-328
461
278
-534
-1538
-2367
-2655
-2163
-1720
-1387
-1265
-1305
-1836
-2355
-2390
-2273
-1937
-1420
-490
-137
-350
-937
-1589
-2033
-2318
-1804
-1118
-182
301
580
423
-157
-764
-1074
-526
278
1347
2170
2572
1942
-220
-2336
-3158
-1932
-157
1905
4243
5542
4743
2146
854
881
1516
2173
3534
5180
5139
3982
2504
1493
203
-831
-601
381
1639
2254
2715
2290
1031
-513
-1411
-995
-21
1289
1899
1689
291
-1451
-2456
-2178
-569
1194
2542
2598
1775
504
-654
-1342
-1540
-1092
-804
-573
-557
-734
-1564
-2846
-3744
-4043
-3497
-2387
-817
320
458
-332
-1587
-2608
-3069
-2618
-1799
-1114
-802
-1038
-1706
-2529
-2893
-2702
-2147
-1349
-393
222
83
-594
-1347
-2060
-2512
-2261
-1309
-245
482
919
951
362
-563
-1055
-750
39
991
2119
2816
2577
638
-1737
-3031
-2330
-444
1666
4057
5549
5166
2639
792
613
1445
2398
3766
5403
5461
4285
2635
1527
386
-430
-89
909
2078
2549
2733
2115
820
-802
-1760
-1343
-288
854
1344
1487
539
-1079
-2203
-1823
-577
614
1742
2401
2018
558
-731
-1442
-1815
-1806
-1236
-516
-398
-763
-1539
-2568
-3602
-3854
-3237
-2221
-1109
-282
-63
-735
-1824
-2715
-2999
-2733
-2148
-1440
-964
-999
-1606
-2395
-2819
-2746
-2304
-1480
-393
275
127
-674
-1361
-2000
-2209
-1875
-819
178
640
790
530
153
-675
-833
-529
331
1042
1813
2430
2140
773
-1473
-2722
-2559
-655
1574
3806
5133
4761
2681
353
-72
1017
2891
4430
5672
5604
3986
1989
565
189
135
813
1760
2563
2530
1893
1214
228
-813
-1457
-845
279
1276
1714
1590
552
-1431
-3180
-3467
-2270
-266
1736
2971
2863
1302
-567
-1798
-1730
-857
230
976
998
147
-1330
-2625
-3452
-3593
-3251
-2361
-1281
-536
-414
-903
-1750
-2709
-3062
-2655
-1664
-760
-367
-653
-1635
-2706
-3289
-2985
-2121
-977
49
485
175
-608
-1344
-1731
-1840
-1503
-692
75
465
519
468
-88
-938
-1448
-1131
-339
467
1401
2009
1750
44
-2061
-3044
-1971
220
2266
4000
4748
3733
1135
-474
194
2110
3825
5060
5761
4861
2796
1021
562
874
1271
1956
2594
2762
1949
922
192
-360
-914
-1024
-134
880
1441
1274
858
-82
-1774
-3107
-2884
-1126
569
1767
2430
2025
319
-1413
-1417
-426
436
972
1219
580
-964
-2043
-2350
-2478
-2585
-2326
-1841
-1719
-1706
-1657
-1851
-2319
-2544
-2434
-2076
-1480
-1044
-1239
-1948
-2588
-2905
-2874
-2253
-1249
-563
-404
-657
-996
-1394
-1482
-1170
-823
-502
-217
116
139
255
258
-69
-746
-1172
-760
-73
832
1380
1562
316
-1758
-2962
-1951
399
2454
3996
4441
3302
798
-563
395
2611
4467
5487
5649
4342
2425
1245
1458
2140
2695
3132
3067
2409
1348
729
448
251
-154
-211
98
359
405
270
212
-307
-949
-1758
-2148
-1823
-790
277
762
1107
962
152
-738
-490
372
739
703
584
49
-1061
-1713
-1723
-1872
-2211
-2167
-1959
-2075
-2103
-1973
-2044
-2458
-2585
-2388
-2145
-1927
-1730
-1910
-2494
-2864
-2784
-2431
-1856
-1173
-748
-808
-1125
-1201
-1173
-962
-670
-303
-110
-53
145
269
256
-52
-421
-699
-824
-317
523
1162
853
-630
-2220
-2732
-1443
603
2540
3780
3743
1981
-168
-438
1337
3475
4802
5441
4905
3257
1566
1441
2504
3472
3823
3724
3158
2006
1018
791
1165
1192
761
410
238
-54
-435
-409
-183
-425
-854
-1261
-1902
-2414
-2093
-831
190
848
1274
962
-204
-954
-450
394
869
1140
980
-33
-1147
-1572
-1721
-1846
-1532
-1123
-1264
-1702
-1877
-2161
-2743
-2785
-2276
-1822
-1790
-1918
-2202
-2889
-3285
-3062
-2280
-1495
-927
-690
-1122
-1762
-1937
-1551
-884
-200
499
733
404
-66
-201
-204
-201
-86
220
311
281
359
312
-737
-2344
-2879
-1652
295
1732
2637
2900
1745
-170
-941
571
2930
4311
4665
4146
2966
1557
1258
2438
3876
4450
4168
3354
2325
1539
1563
2155
2486
2054
1247
495
-81
-366
-211
263
389
-110
-907
-1859
-2769
-3104
-2322
-912
133
743
680
-169
-1194
-1274
-241
836
1535
1716
1012
-270
-1238
-1216
-839
-553
-291
-291
-811
-1592
-2077
-2317
-2364
-2097
-1709
-1514
-1699
-2272
-3027
-3583
-3494
-2806
-2025
-1409
-1225
-1738
-2545
-2889
-2350
-1472
-631
38
354
190
-268
-405
-268
23
119
312
424
518
529
428
-57
-1435
-2383
-2061
-275
1270
2035
2297
1649
203
-1027
-143
1919
3367
3586
3235
2634
1710
1415
2256
3602
4030
3649
3060
2616
2339
2436
3137
3571
3079
1887
981
616
566
836
1313
1489
706
-611
-1306
-1945
-2588
-2640
-1364
-124
-184
-293
-267
-733
-1634
-1204
431
1218
1034
677
80
-988
-1308
-532
242
267
34
-279
-913
-1336
-1287
-1218
-1299
-1299
-1305
-1551
-1937
-2205
-2625
-3144
-3183
-2761
-2439
-2382
-2327
-2481
-2904
-3034
-2503
-1820
-1475
-1266
-894
-595
-720
-630
-334
-29
-135
-124
184
464
627
617
99
-1154
-1714
-1020
573
1567
2036
2058
1205
35
-580
558
2077
2848
2584
2134
1863
1691
1866
2498
3255
3091
2588
2257
2565
2957
3220
3567
3439
2742
1642
1104
1082
1363
1664
1932
1945
1333
279
-917
-1568
-1649
-979
-125
365
166
-705
-1611
-1992
-1489
-460
354
429
-86
-864
-1318
-1232
-564
-31
-2
-240
-584
-663
-560
-340
-401
-801
-1326
-1563
-1448
-1308
-1303
-1486
-1830
-2314
-2586
-2536
-2372
-2314
-2534
-2692
-2739
-2661
-2496
-2378
-2220
-2145
-1872
-1427
-1042
-713
-618
-668
-809
-749
-330
299
766
921
344
-965
-1461
-810
816
1837
2281
2293
1465
409
3
1136
2506
2990
2373
1787
1487
1553
1934
2573
3065
2548
1804
1499
2123
2782
3187
3503
3270
2394
1394
1142
1436
1804
2022
2243
1974
1464
845
243
-670
-1511
-1253
-275
565
490
111
-671
-1681
-2096
-1158
301
753
91
-988
-1627
-1887
-1302
-424
-50
-469
-1081
-1189
-884
-392
-155
-455
-1131
-1546
-1518
-1202
-976
-1000
-1314
-1938
-2263
-2215
-2019
-2175
-2574
-2836
-2766
-2532
-2186
-2075
-2189
-2373
-2332
-1882
-1415
-819
-713
-952
-1350
-1230
-756
-145
460
675
254
-1110
-1515
-772
980
1905
2095
2185
1499
638
198
1499
2989
3200
2134
1378
1281
1375
1899
2877
3661
2824
1590
1222
1848
2483
2857
3373
3294
2276
1161
1050
1600
1958
2002
2144
1863
1027
308
100
206
111
175
367
252
-380
-731
-535
-362
-504
-527
-332
-542
-992
-1179
-879
-855
-1042
-1098
-1027
-992
-922
-610
-368
-417
-750
-1080
-1287
-1218
-1027
-1014
-1242
-1429
-1440
-1555
-1602
-1555
-1659
-2206
-2738
-2761
-2393
-2042
-2010
-2108
-2399
-2594
-2562
-2178
-1637
-1221
-1005
-1227
-1410
-1367
-934
-589
-92
260
392
-356
-1387
-1197
-185
1299
1823
2051
1843
1034
276
618
2300
3427
2995
1637
1162
1142
1435
2199
3384
3626
2206
1136
1277
2131
2602
3065
3404
2905
1666
1053
1492
2112
2247
2156
2085
1613
799
258
414
875
1109
662
251
-207
-504
-606
-388
201
176
-345
-990
-1150
-1030
-888
-765
-725
-999
-1402
-1429
-1115
-639
-531
-619
-833
-1121
-1199
-1107
-912
-988
-1267
-1486
-1500
-1470
-1327
-1322
-1559
-2039
-2534
-2557
-2312
-1965
-1977
-2239
-2580
-2778
-2702
-2388
-1810
-1438
-1474
-1779
-1814
-1620
-1316
-944
-542
-140
-111
-188
-237
-701
-865
-384
929
1857
1751
1441
1025
650
550
1678
3051
3234
1939
1015
1190
1663
2298
3024
3551
2628
1272
1119
2102
2957
3117
3117
2881
1967
1106
1491
2489
2847
2316
1770
1415
897
573
960
1603
1622
983
206
-127
-100
181
415
506
199
-605
-1371
-1510
-981
-557
-638
-1010
-1288
-1666
-1767
-1354
-717
-507
-936
-1289
-1438
-1380
-1328
-1175
-1125
-1330
-1639
-1718
-1475
-1301
-1317
-1567
-1975
-2313
-2336
-2123
-2003
-2120
-2323
-2467
-2626
-2584
-2268
-1799
-1624
-1815
-1953
-1746
-1484
-1254
-799
-449
-398
-632
-291
263
557
-103
-632
-266
469
1388
1657
2053
1865
1256
730
1295
2559
3033
2449
1541
1561
1637
1963
2432
3057
2808
1734
1345
1830
2646
2819
2913
2828
2374
1622
1538
2148
2514
2207
1647
1465
1288
1003
1001
1336
1364
964
412
376
349
271
135
17
-304
-858
-1099
-1122
-921
-944
-988
-1262
-1557
-1780
-1700
-1401
-1219
-1057
-1185
-1386
-1649
-1681
-1584
-1491
-1452
-1482
-1529
-1670
-1739
-1742
-1724
-1843
-1985
-2029
-1998
-2059
-2132
-2149
-2168
-2268
-2238
-1935
-1654
-1693
-1833
-1912
-1839
-1794
-1511
-936
-514
-469
-432
-227
-128
50
371
912
921
146
-43
504
1524
1927
1995
2127
1835
1117
898
2043
3096
3010
2038
1730
1847
1755
2029
2717
3102
2178
1237
1460
2216
2467
2428
2549
2353
1588
1124
1739
2448
2456
2104
1811
1538
975
695
1032
1253
1101
723
390
-73
-474
-458
-209
-143
-348
-605
-999
-1294
-1402
-1112
-897
-1077
-1401
-1696
-1819
-1789
-1590
-1445
-1537
-1882
-1994
-1914
-1631
-1357
-1357
-1477
-1793
-1975
-2007
-1867
-1799
-1970
-2289
-2427
-2380
-2326
-2145
-2042
-1980
-2113
-2169
-2000
-1839
-1795
-1762
-1528
-1200
-978
-895
-798
-681
-520
-200
225
713
800
753
720
928
872
666
994
1636
2255
2044
1994
1995
1959
1631
1891
2744
2976
2296
1344
1471
1941
2365
2459
2630
2294
1386
894
1518
2519
2719
2317
1880
1728
1526
1701
2286
2645
2204
1383
1050
1272
1494
1266
720
241
79
13
22
140
238
-135
-783
-909
-492
-352
-862
-1338
-1456
-1521
-1619
-1538
-1412
-1743
-2288
-2415
-1990
-1567
-1505
-1654
-1837
-1970
-1959
-1771
-1601
-1604
-1883
-2328
-2621
-2519
-2160
-2043
-2155
-2250
-2256
-2309
-2335
-2160
-1891
-1760
-1798
-1652
-1418
-1237
-1181
-1078
-874
-739
-642
-501
-251
-6
314
625
991
1206
1351
1463
1610
1678
1683
1643
1550
1729
2108
2579
2424
2179
2015
2025
1992
2063
2512
2573
1992
1305
1484
1830
1921
1731
1703
1566
1101
1158
1775
2289
2019
1564
1338
1315
1274
1542
1970
1912
1305
695
585
615
632
756
637
114
-338
-286
12
22
-121
-270
-661
-1132
-1252
-984
-825
-1165
-1578
-1773
-1885
-1893
-1704
-1610
-1755
-1970
-1992
-1925
-1907
-1870
-1921
-2069
-2177
-2092
-1979
-1980
-2104
-2235
-2426
-2542
-2426
-2273
-2184
-2132
-2050
-1934
-1836
-1653
-1448
-1345
-1373
-1278
-1081
-921
-618
-345
-176
-165
-97
102
405
734
1078
1377
1448
1504
1604
1921
2160
2263
2102
1964
2118
2306
2265
2050
2155
2337
2203
1893
2044
2350
2045
1452
1475
1927
1937
1526
1426
1559
1250
839
971
1348
1254
897
922
1181
1140
954
1037
1107
849
581
718
960
851
621
552
443
122
-125
-97
-20
-173
-407
-600
-710
-754
-796
-806
-879
-1035
-1204
-1348
-1376
-1355
-1449
-1736
-1992
-2077
-1993
-1850
-1723
-1693
-1851
-2066
-2217
-2088
-1949
-1968
-2016
-2022
-2051
-2085
-2031
-1912
-1878
-2023
-2082
-1989
-1820
-1662
-1460
-1177
-1023
-1016
-945
-748
-498
-386
-236
66
354
429
487
683
850
902
931
1171
1434
1650
1732
1843
1993
2030
2028
1968
2002
2065
2088
2210
2279
2262
2031
1744
1524
1355
1403
1649
1953
1877
1525
1123
993
1037
1190
1383
1289
969
453
213
231
512
672
670
361
-32
-108
32
304
400
475
330
92
-170
-168
20
48
-131
-299
-352
-418
-531
-506
-359
-460
-676
-820
-777
-646
-611
-623
-724
-972
-1205
-1260
-1180
-1187
-1290
-1345
-1464
-1670
-1699
-1445
-1309
-1515
-1764
-1779
-1657
-1631
-1488
-1242
-1217
-1510
-1793
-1655
-1397
-1230
-1073
-923
-880
-996
-1015
-833
-452
-159
-55
-46
-21
-49
-70
197
524
669
670
758
800
753
749
885
1011
922
909
1079
1199
1324
1427
1548
1410
1077
1194
1400
1535
1522
1523
1453
1199
1064
1264
1584
1647
1449
1225
1094
838
770
861
939
903
890
901
716
504
332
305
404
412
308
206
100
-154
-304
-280
-236
-382
-524
-598
-625
-552
-446
-386
-471
-555
-664
-752
-881
-930
-940
-957
-1044
-1060
-942
-881
-917
-1018
-1056
-1058
-1067
-1010
-873
-798
-836
-962
-1006
-982
-957
-814
-614
-539
-584
-680
-702
-615
-448
-155
154
292
227
85
1
73
241
435
392
237
127
46
86
148
354
456
399
275
287
499
583
562
561
606
488
440
475
555
591
531
494
467
461
381
288
379
501
517
436
339
324
352
385
460
478
422
277
184
132
94
137
168
138
63
86
147
142
76
87
109
-2
-57
9
74
41
-11
-24
-70
-204
-251
-252
-277
-301
-386
-396
-440
-446
-513
-655
-768
-798
-693
-663
-628
-580
-597
-735
-896
-858
-731
-678
-708
-660
-634
-648
-620
-523
-290
-169
-131
-86
-4
63
93
156
352
538
605
625
615
606
564
624
745
838
845
811
776
740
807
925
974
920
854
882
901
923
940
943
861
686
637
649
638
537
461
435
355
273
286
376
366
239
148
99
-6
-101
-139
-157
-293
-437
-505
-521
-578
-620
-686
-708
-840
-997
-1033
-971
-885
-882
-861
-862
-931
-1022
-1063
-1072
-1076
-1078
-1040
-999
-977
-975
-999
-1011
-994
-1041
-968
-891
-827
-817
-787
-719
-692
-666
-596
-509
-446
-388
-299
-221
-208
-203
-154
3
144
279
430
465
514
583
659
779
888
961
998
1065
1114
1166
1189
1202
1220
1182
1192
1329
1465
1530
1506
1492
1433
1363
1309
1298
1353
1255
1190
1132
1084
1019
893
851
809
702
626
590
557
535
513
513
459
362
252
180
135
105
31
-40
-146
-257
-277
-306
-330
-379
-414
-524
-687
-764
-770
-775
-819
-846
-863
-1024
-1085
-1122
-1214
-1267
-1312
-1312
-1341
-1347
-1344
-1368
-1439
-1435
-1392
-1392
-1390
-1353
-1381
-1422
-1418
-1400
-1320
-1274
-1257
-1212
-1183
-1167
-1138
-1084
-1019
-983
-887
-757
-647
-527
-451
-390
-280
-205
-121
27
179
244
319
445
531
612
707
809
901
990
1110
1252
1328
1402
1463
1545
1608
1610
1661
1712
1750
1766
1782
1783
1773
1723
1740
1721
1673
1638
1558
1515
1443
1462
1471
1451
1327
1214
1164
1090
1045
987
910
817
705
616
581
533
462
400
297
178
38
-44
-112
-179
-279
-419
-516
-681
-830
-973
-1010
-1065
-1187
-1287
-1390
-1453
-1564
-1614
-1579
-1622
-1737
-1827
-1884
-1918
-1942
-1960
-1938
-1926
-1993
-2054
-2048
-2013
-1954
-1841
-1736
-1635
-1623
-1585
-1486
-1404
-1259
-1067
-929
-893
-878
-763
-640
-514
-379
-186
-44
52
171
347
502
594
701
832
953
1044
1160
1314
1438
1514
1576
1658
1748
1773
1791
1818
1878
1868
1826
1844
1845
1805
1742
1713
1698
1687
1562
1460
1385
1331
1258
1186
1186
1154
1091
965
866
755
672
577
542
501
436
281
126
26
-14
-36
-78
-125
-272
-436
-563
-612
-692
-740
-808
-926
-1029
-1105
-1136
-1170
-1165
-1199
-1262
-1325
-1369
-1429
-1440
-1420
-1396
-1371
-1369
-1382
-1444
-1409
-1394
-1353
-1280
-1227
-1160
-1136
-1109
-1058
-973
-898
-808
-721
-646
-630
-611
-508
-437
-327
-240
-146
-73
-51
3
74
200
314
396
484
529
591
633
743
863
958
1020
1041
1094
1109
1147
1170
1216
1253
1247
1236
1247
1229
1232
1199
1148
1126
1079
1048
1012
1030
1036
993
952
878
814
743
648
630
630
599
556
526
505
414
311
246
224
178
91
43
-31
-131
-234
-283
-343
-403
-532
-639
-679
-747
-790
-849
-882
-927
-996
-1108
-1189
-1203
-1226
-1263
-1294
-1284
-1285
-1296
-1320
-1250
-1188
-1203
-1240
-1218
-1200
-1173
-1122
-1049
-946
-908
-897
-833
-693
-587
-506
-436
-326
-285
-272
-186
-68
49
144
247
365
431
481
498
541
603
698
809
930
1036
1074
1085
1119
1136
1168
1210
1220
1249
1242
1212
1208
1212
1230
1193
1176
1128
1047
983
922
922
918
872
805
735
633
553
509
480
492
441
402
350
249
186
135
132
75
20
-70
-142
-201
-284
-317
-389
-465
-552
-622
-690
-770
-835
-898
-975
-1029
-1034
-1029
-1038
-1083
-1102
-1128
-1176
-1200
-1208
-1213
-1206
-1233
-1232
-1228
-1221
-1205
-1178
-1143
-1091
-1032
-979
-892
-844
-782
-722
-643
-556
-489
-455
-418
-357
-315
-263
-133
2
123
225
354
443
481
540
615
709
791
897
975
1058
1105
1172
1261
1350
1413
1429
1455
1503
1535
1547
1564
1576
1567
1515
1453
1444
1438
1365
1330
1303
1213
1131
1024
949
842
763
718
677
633
534
460
337
187
81
5
-38
-115
-195
-296
-388
-503
-612
-673
-755
-838
-936
-999
-1079
-1150
-1233
-1299
-1310
-1399
-1454
-1488
-1483
-1508
-1523
-1509
-1529
-1534
-1596
-1572
-1563
-1520
-1463
-1441
-1405
-1358
-1342
-1312
-1243
-1168
-1080
-995
-887
-793
-727
-643
-582
-529
-453
-367
-270
-179
-57
86
204
298
398
538
655
723
801
885
992
1039
1130
1262
1342
1400
1488
1546
1572
1590
1597
1642
1619
1667
1724
1759
1767
1727
1697
1618
1524
1475
1424
1356
1257
1202
1126
1060
990
921
857
783
698
593
534
438
354
274
226
125
32
-52
-114
-176
-270
-337
-441
-559
-653
-713
-802
-869
-906
-962
-1011
-1062
-1123
-1176
-1227
-1298
-1360
-1419
-1420
-1444
-1474
-1492
-1510
-1467
-1441
-1418
-1401
-1402
-1420
-1404
-1404
-1370
-1344
-1298
-1240
-1191
-1132
-1076
-1005
-979
-950
-909
-824
-711
-603
-504
-388
-245
-140
-52
49
146
184
226
322
407
504
571
691
797
909
1029
1150
1229
1257
1328
1358
1413
1470
1549
1613
1619
1609
1615
1592
1546
1559
1557
1537
1502
1477
1429
1333
1244
1180
1117
1049
996
962
897
811
729
616
537
447
370
287
228
184
112
46
-49
-160
-256
-353
-409
-452
-486
-548
-611
-711
-797
-871
-931
-953
-972
-1005
-1042
-1058
-1140
-1230
-1288
-1314
-1326
-1317
-1317
-1282
-1294
-1298
-1289
-1250
-1224
-1214
-1168
-1145
-1143
-1132
-1099
-1070
-1024
-958
-850
-778
-696
-639
-584
-509
-445
-341
-203
-100
-23
43
91
139
207
294
406
475
561
650
718
785
843
907
977
1025
1102
1192
1276
1322
1347
1334
1294
1281
1257
1239
1243
1236
1217
1188
1159
1141
1100
1049
1020
971
924
872
835
753
654
560
491
385
300
254
214
191
129
60
-24
-101
-150
-215
-277
-315
-381
-455
-540
-596
-693
-765
-801
-836
-867
-906
-926
-958
-1010
-1021
-1012
-1031
-1025
-1037
-1065
-1083
-1106
-1127
-1134
-1120
-1111
-1076
-1036
-997
-974
-916
-885
-854
-793
-743
-673
-662
-617
-556
-504
-435
-341
-257
-164
-83
17
131
218
284
340
364
417
494
555
647
743
829
853
910
963
1004
1049
1066
1133
1136
1143
1167
1192
1197
1187
1195
1188
1156
1103
1046
1004
979
909
881
857
813
755
718
668
579
498
434
382
324
231
195
136
61
6
-71
-120
-216
-270
-337
-379
-432
-498
-556
-601
-622
-676
-708
-739
-781
-853
-906
-914
-934
-916
-911
-914
-921
-920
-942
-961
-967
-955
-938
-944
-938
-933
-921
-916
-862
-813
-800
-767
-727
-703
-660
-604
-542
-464
-430
-384
-354
-283
-212
-170
-93
-20
71
130
196
259
310
357
404
478
550
637
690
757
795
838
896
926
988
1011
1036
1044
1048
1047
1081
1086
1104
1133
1133
1133
1109
1084
1024
980
919
894
836
766
712
619
551
465
425
359
307
262
180
122
54
18
-46
-130
-189
-244
-327
-410
-459
-505
-565
-638
-700
-747
-808
-851
-877
-863
-851
-895
-908
-928
-944
-983
-998
-1011
-997
-979
-972
-945
-954
-950
-936
-905
-864
-819
-780
-735
-706
-685
-645
-594
-508
-440
-380
-328
-276
-223
-192
-141
-66
22
110
178
258
282
355
392
418
471
535
609
672
726
748
765
796
821
863
914
950
956
960
972
994
1014
1031
1056
1042
1012
984
970
920
881
844
841
799
742
692
657
607
553
501
450
407
317
258
188
122
41
-17
-70
-102
-155
-200
-227
-309
-385
-466
-503
-562
-595
-651
-700
-744
-780
-827
-875
-884
-927
-939
-974
-946
-958
-949
-938
-965
-979
-1012
-1017
-1017
-998
-983
-943
-915
-879
-863
-840
-824
-775
-726
-681
-611
-549
-462
-431
-384
-335
-268
-209
-124
-31
36
81
139
217
248
350
403
483
535
586
677
698
768
824
892
925
949
974
997
1037
1054
1080
1091
1104
1089
1067
1022
1018
978
950
943
935
923
893
901
860
828
785
727
663
576
508
435
351
291
247
198
149
98
36
-5
-60
-101
-143
-158
-209
-276
-326
-407
-470
-509
-583
-591
-632
-616
-664
-704
-702
-735
-758
-781
-757
-773
-766
-810
-809
-848
-888
-914
-893
-886
-897
-865
-859
-853
-848
-825
-828
-797
-775
-716
-686
-649
-597
-579
-518
-481
-424
-370
-339
-288
-272
-204
-153
-62
32
101
169
224
282
328
385
407
453
507
587
629
680
684
734
744
774
848
875
937
953
961
958
975
954
925
923
887
882
886
852
841
787
745
692
666
591
548
529
473
463
404
362
314
246
154
74
17
-46
-87
-128
-154
-219
-267
-295
-357
-380
-420
-432
-481
-497
-549
-592
-645
-685
-720
-720
-705
-693
-696
-739
-762
-777
-784
-767
-726
-715
-691
-685
-650
-667
-627
-635
-624
-590
-577
-559
-519
-469
-403
-336
-271
-233
-218
-165
-116
-67
26
101
151
195
249
279
311
348
365
415
464
524
566
627
667
704
745
761
767
754
736
737
740
762
774
789
777
765
720
709
660
633
616
571
542
498
412
361
315
283
230
190
172
99
61
0
-59
-86
-122
-170
-215
-300
-352
-406
-437
-452
-457
-487
-516
-533
-571
-578
-594
-601
-650
-673
-668
-697
-694
-698
-717
-754
-716
-695
-659
-599
-548
-515
-555
-669
-729
-621
-551
-406
-368
-483
-667
-862
-857
-598
-169
34
120
118
109
86
197
369
320
328
337
415
432
429
343
182
140
270
498
632
804
807
697
690
637
622
556
669
785
809
870
769
596
405
429
562
748
944
971
860
651
544
478
459
524
521
574
517
453
377
302
202
102
163
115
149
134
71
-42
-185
-184
-266
-244
-258
-337
-372
-484
-517
-568
-557
-566
-591
-585
-656
-639
-654
-666
-659
-654
-667
-745
-772
-872
-906
-849
-748
-630
-576
-573
-706
-856
-873
-835
-662
-459
-380
-353
-497
-662
-713
-663
-555
-368
-146
-84
-106
-203
-342
-446
-381
-216
11
233
334
305
124
15
20
139
351
597
749
747
650
567
499
474
556
744
893
955
949
907
832
741
813
914
1031
1108
1118
1059
986
919
890
903
935
952
910
842
723
631
581
575
586
601
545
485
351
260
162
100
61
29
-29
-115
-188
-302
-398
-446
-475
-514
-537
-620
-698
-805
-850
-837
-852
-810
-801
-838
-931
-1007
-1076
-1129
-1095
-1050
-1003
-985
-1010
-1050
-1108
-1114
-1087
-1039
-942
-887
-856
-858
-875
-884
-878
-807
-688
-575
-500
-434
-411
-406
-372
-298
-176
-65
51
115
139
163
195
271
371
480
580
653
676
684
667
743
802
887
993
1058
1077
1060
1044
1030
1042
1065
1095
1121
1132
1122
1104
1070
1040
1028
1019
1031
1022
974
913
840
809
751
734
712
662
597
510
431
336
268
206
166
98
75
7
-44
-116
-207
-269
-340
-352
-398
-443
-490
-562
-611
-657
-715
-747
-780
-836
-882
-892
-927
-932
-935
-942
-954
-954
-945
-947
-945
-967
-1001
-1000
-975
-957
-919
-889
-873
-879
-869
-864
-859
-805
-744
-667
-586
-520
-472
-443
-410
-370
-312
-233
-174
-127
-76
-16
15
86
154
222
298
371
432
477
551
587
616
651
676
718
753
788
835
869
893
927
908
937
937
949
969
978
963
971
962
919
892
873
846
821
797
745
690
625
606
585
549
515
476
394
328
268
198
172
114
54
-1
-55
-96
-168
-213
-237
-271
-322
-350
-386
-445
-504
-544
-588
-602
-649
-660
-684
-709
-726
-771
-757
-779
-777
-790
-779
-790
-805
-790
-813
-773
-747
-730
-712
-698
-671
-681
-616
-577
-531
-458
-423
-399
-370
-347
-345
-310
-243
-191
-123
-74
-31
-16
14
57
119
203
272
342
377
411
413
426
462
510
518
567
599
612
615
645
671
690
730
727
753
750
730
715
704
693
669
693
674
631
581
533
503
494
476
490
508
458
421
345
294
247
181
149
121
75
41
15
-30
-92
-137
-178
-226
-270
-305
-332
-368
-410
-422
-475
-497
-513
-543
-566
-591
-615
-667
-665
-683
-721
-721
-730
-718
-704
-695
-678
-687
-693
-686
-659
-664
-639
-610
-577
-542
-505
-462
-430
-393
-350
-296
-221
-163
-118
-44
-10
56
65
110
128
162
201
241
289
336
400
427
474
524
551
578
618
658
652
664
668
670
702
731
748
729
706
649
625
609
598
605
597
586
544
527
479
452
439
432
453
423
372
297
221
151
111
73
54
18
-38
-87
-132
-173
-174
-182
-193
-224
-230
-260
-323
-377
-427
-450
-471
-449
-431
-454
-497
-531
-568
-601
-598
-594
-575
-586
-586
-588
-578
-597
-584
-574
-542
-511
-491
-481
-495
-482
-470
-405
-361
-309
-283
-264
-258
-236
-185
-151
-88
-21
26
41
76
98
109
151
214
288
327
346
354
350
370
395
440
475
515
541
531
526
515
508
529
565
588
571
573
536
502
477
489
497
483
494
470
401
357
339
299
281
273
241
204
166
99
51
31
18
-18
-6
-21
-42
-60
-108
-159
-217
-256
-260
-301
-307
-320
-347
-372
-420
-430
-462
-484
-493
-474
-492
-499
-477
-484
-481
-466
-465
-468
-475
-507
-507
-524
-512
-489
-461
-414
-393
-357
-341
-325
-273
-232
-206
-160
-138
-136
-127
-110
-74
-54
23
76
127
165
209
258
298
323
358
391
399
426
425
437
429
461
493
510
546
558
568
588
595
603
630
628
607
598
587
570
561
514
502
456
441
434
408
392
340
307
272
237
205
169
127
72
35
0
-20
-54
-82
-115
-167
-211
-251
-304
-362
-390
-394
-414
-424
-464
-502
-543
-593
-597
-617
-596
-594
-591
-591
-606
-623
-636
-650
-650
-623
-581
-549
-534
-526
-537
-508
-503
-459
-448
-421
-377
-353
-299
-272
-239
-198
-170
-148
-117
-92
-29
-12
32
62
82
108
128
204
247
297
349
385
405
413
429
469
492
536
571
603
601
614
616
599
596
592
620
605
619
633
618
616
596
580
568
538
519
505
485
455
411
379
331
280
246
202
157
138
80
50
18
-14
-48
-79
-100
-143
-160
-197
-209
-251
-276
-274
-316
-334
-390
-427
-471
-519
-516
-524
-533
-511
-494
-502
-483
-498
-469
-477
-502
-499
-489
-495
-481
-466
-440
-440
-442
-412
-403
-399
-372
-365
-324
-300
-276
-240
-213
-168
-145
-99
-92
-57
-37
8
9
30
69
113
152
171
230
246
294
328
359
384
405
422
421
412
405
415
435
468
474
483
491
471
477
469
491
482
505
489
454
418
406
353
341
311
294
269
249
236
195
195
137
123
105
75
45
28
8
-17
-43
-66
-105
-140
-160
-202
-214
-224
-269
-289
-296
-347
-354
-380
-385
-386
-387
-383
-406
-396
-409
-421
-450
-466
-479
-491
-492
-471
-449
-432
-395
-386
-366
-368
-349
-346
-322
-307
-299
-277
-272
-237
-217
-196
-169
-130
-96
-68
-22
-1
64
106
134
176
189
204
233
264
289
342
353
381
396
419
419
440
471
496
500
537
554
565
576
563
558
564
561
522
530
520
517
489
489
448
419
392
362
349
304
288
275
243
201
153
96
50
13
-14
-55
-79
-119
-163
-189
-206
-240
-244
-292
-318
-352
-395
-406
-445
-455
-479
-509
-516
-525
-560
-540
-556
-549
-577
-562
-559
-563
-541
-548
-519
-537
-505
-503
-477
-470
-466
-446
-446
-399
-376
-340
-297
-254
-195
-153
-123
-92
-68
-45
-17
-3
27
67
98
148
172
210
254
278
322
358
383
427
448
490
525
528
542
544
559
539
541
542
538
547
529
545
552
542
550
522
509
490
476
446
388
372
344
302
261
217
199
165
134
123
88
64
24
-17
-36
-81
-111
-120
-152
-179
-210
-245
-280
-303
-314
-333
-336
-346
-353
-381
-386
-405
-426
-408
-418
-397
-388
-391
-401
-414
-431
-416
-411
-384
-371
-342
-312
-282
-268
-257
-214
-203
-162
-138
-130
-141
-143
-152
-157
-147
-128
-94
-64
-31
19
48
66
105
119
143
148
141
146
159
142
158
172
186
194
224
248
256
273
275
301
298
283
293
292
289
303
312
307
299
294
273
285
271
275
269
256
248
238
228
209
207
175
162
145
151
114
86
68
49
19
6
-11
-23
-43
-58
-61
-90
-89
-116
-116
-147
-165
-166
-193
-231
-250
-271
-286
-277
-271
-269
-273
-273
-287
-289
-310
-297
-298
-275
-289
-285
-277
-287
-287
-283
-274
-267
-258
-256
-230
-216
-198
-178
-166
-152
-141
-122
-99
-85
-90
-86
-85
-78
-77
-56
-30
9
23
65
106
113
155
166
184
206
191
236
253
270
293
297
312
313
336
329
357
361
362
384
376
398
414
401
411
385
367
343
339
332
340
340
324
303
281
270
243
236
217
197
163
141
106
76
41
32
-7
-39
-60
-61
-88
-103
-134
-165
-173
-222
-237
-269
-315
-346
-356
-365
-383
-385
-387
-398
-425
-425
-437
-454
-469
-468
-461
-440
-429
-435
-427
-418
-401
-388
-367
-349
-365
-338
-319
-296
-279
-248
-223
-208
-175
-150
-122
-92
-67
-47
-8
25
51
62
91
109
157
194
235
267
299
310
335
332
334
333
354
390
401
430
433
438
439
452
454
478
478
473
455
447
425
415
407
378
367
354
314
301
274
259
232
218
184
163
120
81
67
43
27
-19
-18
-49
-71
-82
-125
-156
-193
-226
-269
-294
-318
-332
-347
-372
-366
-375
-381
-374
-374
-375
-368
-372
-371
-372
-382
-385
-378
-372
-371
-367
-352
-349
-326
-302
-265
-226
-200
-176
-148
-119
-109
-89
-79
-53
-54
-49
-41
-34
3
26
69
99
113
152
168
189
213
251
247
250
246
225
237
255
262
265
293
309
322
344
337
349
344
343
345
349
336
328
306
294
264
234
204
184
171
163
176
173
174
161
154
158
142
115
95
56
17
-11
-52
-94
-122
-137
-164
-168
-188
-185
-208
-210
-221
-236
-242
-266
-246
-270
-297
-315
-326
-361
-371
-366
-367
-381
-358
-360
-328
-304
-292
-263
-258
-237
-218
-208
-213
-192
-199
-201
-185
-176
-160
-156
-117
-105
-88
-53
-33
-9
5
34
40
51
68
81
78
80
110
119
145
165
174
189
185
203
212
211
256
282
318
338
360
354
342
327
304
291
303
302
309
324
331
336
344
365
341
340
329
326
315
292
275
251
219
201
173
143
129
85
63
38
29
21
5
11
6
-17
-44
-71
-92
-151
-190
-209
-237
-275
-299
-316
-361
-357
-371
-371
-354
-362
-351
-357
-348
-361
-384
-380
-394
-387
-381
-387
-386
-377
-385
-378
-376
-359
-338
-315
-276
-247
-230
-211
-207
-223
-206
-197
-154
-133
-96
-78
-53
-38
11
32
61
95
129
155
155
178
165
193
201
242
246
289
296
325
348
364
404
411
438
428
441
428
437
422
421
417
420
423
406
403
393
389
387
403
386
368
346
300
265
235
214
189
165
152
126
101
66
41
13
-5
-26
-38
-68
-86
-113
-148
-181
-229
-248
-276
-298
-312
-324
-357
-366
-385
-406
-414
-414
-421
-436
-427
-425
-441
-418
-433
-454
-451
-470
-465
-475
-455
-442
-420
-390
-362
-353
-329
-299
-275
-238
-223
-189
-159
-144
-144
-120
-104
-76
-44
-14
46
67
109
142
194
222
270
329
344
360
355
353
357
357
407
401
423
416
418
417
411
438
452
467
471
486
470
462
449
443
423
392
362
335
310
265
248
256
250
214
210
181
138
108
98
75
51
41
20
3
-19
-46
-88
-111
-159
-178
-196
-212
-230
-219
-248
-257
-255
-282
-297
-316
-323
-318
-322
-332
-338
-356
-349
-364
-359
-361
-365
-371
-397
-390
-397
-384
-366
-344
-326
-291
-262
-252
-252
-256
-252
-249
-230
-204
-189
-153
-128
-115
-93
-79
-51
-36
-14
26
65
89
107
129
143
150
180
215
230
254
267
269
287
263
273
285
302
322
338
350
344
341
345
327
327
334
312
302
283
273
264
242
266
247
236
229
199
175
159
146
127
122
99
93
60
49
25
8
-1
-4
-23
-29
-37
-68
-69
-94
-119
-154
-159
-182
-195
-199
-191
-191
-220
-215
-220
-214
-226
-211
-168
-174
-179
-179
-182
-207
-215
-209
-215
-205
-206
-197
-192
-188
-166
-166
-142
-146
-140
-109
-99
-91
-83
-66
-68
-52
-47
-26
-32
-19
-4
19
11
21
39
51
68
88
110
113
111
103
109
100
114
144
155
173
186
215
204
201
204
196
187
175
174
164
151
140
147
137
140
151
154
145
137
139
129
117
105
87
66
46
31
-2
-6
-30
-42
-41
-25
-40
-26
-14
-43
-64
-79
-104
-120
-124
-138
-136
-155
-144
-157
-184
-192
-191
-196
-198
-178
-174
-187
-168
-183
-183
-174
-187
-175
-168
-166
-158
-166
-169
-156
-169
-162
-149
-146
-141
-133
-115
-79
-68
-15
-7
10
4
17
37
39
81
89
105
111
125
134
132
145
176
195
211
234
257
261
269
274
277
272
265
279
288
286
286
305
282
279
276
249
245
247
240
209
203
175
167
161
135
132
119
104
93
61
24
5
-43
-52
-79
-89
-100
-113
-112
-133
-130
-166
-185
-200
-228
-239
-249
-243
-251
-262
-274
-288
-310
-324
-340
-344
-321
-326
-310
-321
-311
-299
-267
-272
-267
-257
-292
-289
-269
-275
-262
-221
-207
-172
-149
-127
-119
-116
-102
-80
-55
-26
7
25
53
69
84
103
104
118
131
158
183
207
249
272
286
292
316
342
331
371
360
354
354
342
337
312
313
315
327
334
347
353
344
323
313
274
255
230
211
191
190
182
154
124
94
62
36
21
12
0
-7
-24
-40
-69
-96
-123
-163
-184
-206
-213
-232
-232
-245
-249
-255
-270
-279
-306
-300
-317
-300
-296
-302
-287
-293
-295
-298
-293
-318
-286
-263
-271
-260
-262
-250
-243
-216
-191
-172
-159
-127
-110
-120
-97
-93
-86
-77
-49
-33
-1
16
34
58
69
88
90
118
149
166
182
191
203
211
201
218
220
222
232
243
260
261
268
283
283
281
282
287
280
266
262
252
266
255
247
230
210
207
190
166
153
144
127
126
114
115
107
88
74
58
40
21
-1
-21
-40
-57
-84
-106
-120
-143
-153
-142
-152
-162
-162
-163
-183
-196
-222
-224
-251
-256
-255
-265
-265
-251
-253
-257
-246
-248
-246
-254
-244
-251
-229
-222
-224
-219
-218
-222
-203
-195
-195
-187
-158
-146
-131
-116
-113
-94
-91
-59
-50
-59
-41
-29
-39
-22
4
9
24
36
61
69
76
95
118
137
156
170
179
191
190
212
216
229
235
235
249
250
260
270
281
285
303
318
324
304
319
308
298
310
313
292
277
266
240
209
191
174
171
169
168
168
170
141
121
98
85
68
39
39
3
-19
-63
-81
-130
-150
-142
-141
-160
-151
-162
-185
-181
-218
-224
-228
-233
-272
-291
-315
-325
-338
-346
-339
-312
-313
-292
-289
-289
-285
-292
-293
-312
-300
-292
-275
-261
-238
-220
-212
-197
-187
-185
-155
-150
-112
-92
-80
-61
-64
-36
-30
-12
5
45
58
72
92
114
120
123
146
154
172
195
220
238
235
250
265
276
282
293
324
317
338
331
325
313
276
276
262
264
250
245
253
248
262
247
245
214
177
142
103
91
67
69
50
51
26
-1
-29
-54
-80
-91
-97
-104
-119
-158
-152
-172
-197
-196
-197
-213
-215
-218
-246
-241
-256
-273
-244
-230
-221
-197
-193
-192
-194
-203
-199
-205
-203
-206
-180
-171
-153
-131
-128
-110
-117
-114
-109
-90
-70
-50
0
22
40
46
63
48
66
71
87
118
125
128
145
164
155
155
157
179
187
201
225
254
258
267
260
245
222
201
203
193
189
191
193
183
175
159
146
157
138
128
124
126
106
88
78
45
5
-23
-54
-80
-103
-122
-114
-130
-116
-127
-121
-114
-139
-138
-163
-189
-194
-211
-228
-225
-241
-251
-257
-277
-263
-282
-275
-259
-252
-218
-219
-194
-192
-175
-175
-151
-154
-143
-140
-118
-113
-92
-70
-63
-21
-27
1
18
20
45
47
59
84
100
99
103
104
103
92
130
124
151
167
196
203
205
235
221
203
190
200
188
204
184
170
156
134
131
114
133
146
149
172
183
178
173
154
109
84
66
51
28
16
-2
6
4
6
9
15
13
12
15
-9
-7
-28
-39
-48
-64
-68
-79
-80
-78
-84
-89
-82
-91
-106
-91
-76
-86
-65
-56
-79
-65
-70
-93
-101
-125
-119
-113
-133
-120
-125
-122
-106
-108
-91
-96
-91
-74
-90
-87
-59
-52
-50
-63
-76
-88
-89
-93
-78
-66
-58
-50
-32
-28
-20
-16
-6
-19
-4
14
12
11
23
21
18
16
9
24
18
36
51
72
87
102
112
107
109
114
91
92
87
101
103
101
115
99
119
122
127
119
124
112
114
101
94
103
90
79
85
78
64
49
51
52
36
53
37
30
20
-4
-21
-29
-43
-57
-64
-61
-73
-72
-77
-81
-71
-91
-71
-84
-95
-106
-116
-129
-151
-142
-168
-151
-139
-131
-127
-120
-111
-116
-116
-112
-122
-127
-121
-114
-134
-128
-119
-121
-124
-116
-77
-75
-55
-31
-9
-15
16
13
28
22
33
65
61
93
79
88
87
84
91
109
121
150
180
191
205
194
214
215
214
224
231
234
219
223
213
218
211
210
215
198
202
207
207
204
194
183
145
109
99
92
86
77
50
38
10
-23
-40
-65
-97
-104
-93
-106
-108
-115
-107
-138
-170
-180
-210
-217
-248
-238
-256
-260
-271
-279
-283
-314
-296
-308
-311
-308
-298
-281
-270
-259
-253
-235
-225
-222
-210
-211
-218
-198
-190
-177
-157
-121
-106
-93
-65
-56
-43
-22
-2
23
49
92
107
131
148
166
165
174
172
193
190
200
235
250
278
281
289
294
287
284
302
281
280
280
283
269
256
245
229
210
192
196
175
171
162
158
146
133
110
90
76
56
60
44
46
31
10
-14
-24
-54
-69
-91
-112
-126
-152
-151
-160
-149
-151
-147
-143
-148
-175
-170
-178
-199
-188
-200
-209
-205
-205
-212
-222
-220
-221
-213
-177
-152
-109
-85
-83
-65
-74
-90
-88
-78
-72
-64
-69
-69
-62
-70
-43
-41
-23
-2
18
45
59
78
76
81
86
76
94
101
93
99
83
82
70
85
73
101
122
145
155
164
172
170
168
158
132
102
79
66
67
54
61
77
62
51
51
31
24
26
36
35
46
37
34
15
1
-8
-9
-5
-13
-24
-22
-29
-49
-25
-20
-9
-6
-3
14
18
16
4
-1
-19
-19
-42
-37
-45
-58
-68
-70
-95
-83
-82
-83
-69
-73
-63
-80
-74
-85
-73
-79
-72
-83
-92
-102
-117
-118
-108
-113
-105
-98
-83
-85
-75
-71
-78
-66
-58
-53
-59
-50
-56
-56
-56
-57
-45
-31
-26
-4
25
26
39
53
37
46
50
46
59
70
100
106
96
107
93
85
97
96
101
104
123
111
122
120
124
117
115
129
116
120
118
101
103
95
95
83
93
92
80
99
79
84
58
50
50
41
50
38
42
29
30
15
8
10
-5
-3
-16
-30
-49
-65
-60
-77
-72
-75
-82
-76
-101
-111
-114
-98
-102
-101
-91
-112
-107
-120
-142
-149
-149
-151
-118
-126
-125
-119
-123
-126
-133
-119
-115
-94
-80
-78
-78
-78
-73
-81
-80
-68
-75
-43
-50
-25
-2
18
41
56
69
71
93
98
119
125
156
156
155
152
143
132
154
153
164
192
189
214
218
221
199
190
175
157
142
122
116
91
70
44
26
16
1
2
0
5
-17
-13
-34
-56
-87
-108
-106
-138
-159
-160
-164
-167
-149
-136
-129
-125
-119
-130
-136
-144
-144
-158
-175
-178
-190
-196
-186
-186
-171
-161
-136
-108
-89
-68
-59
-40
-20
-56
-48
-41
-60
-49
-47
-27
-24
-2
-9
4
6
39
64
100
113
129
132
132
122
113
127
129
137
124
135
111
141
142
169
199
211
238
220
228
207
193
177
177
165
169
161
155
149
140
138
122
117
115
128
122
121
124
106
83
69
46
26
-4
-16
-42
-63
-70
-90
-83
-94
-88
-102
-117
-141
-151
-167
-181
-189
-192
-194
-206
-210
-230
-246
-251
-267
-259
-257
-246
-217
-216
-214
-192
-196
-203
-176
-182
-167
-147
-119
-119
-93
-96
-72
-56
-52
-40
-26
-31
-7
19
33
53
99
120
128
136
138
129
114
106
112
108
124
142
153
151
129
134
100
112
107
128
139
125
131
113
88
68
69
61
74
80
86
61
37
4
-15
-14
-2
17
30
37
40
53
28
24
-4
1
-7
-5
16
5
-7
-3
-12
-21
-9
-7
-5
8
31
21
23
22
13
18
28
24
40
25
13
14
11
19
29
29
23
17
7
-20
-12
-19
-17
10
-2
10
-2
3
-20
-21
-48
-68
-66
-88
-87
-84
-83
-99
-86
-87
-75
-71
-73
-65
-68
-70
-78
-65
-84
-83
-90
-109
-99
-99
-97
-83
-84
-86
-57
-56
-31
-22
-8
-9
-5
5
5
36
61
71
74
74
71
57
62
80
103
124
127
130
118
121
109
128
144
133
131
143
134
115
116
115
103
87
79
75
72
63
61
45
34
3
3
-1
4
7
22
22
-4
-32
-66
-82
-110
-105
-109
-123
-134
-162
-171
-207
-208
-171
-160
-130
-110
-114
-129
-156
-188
-195
-190
-166
-167
-146
-125
-119
-112
-104
-95
-99
-78
-69
-34
-42
-12
-1
9
-19
-42
-47
-50
-13
32
95
140
155
153
141
108
85
75
59
58
71
83
104
130
146
183
210
216
217
202
185
164
183
174
198
188
188
173
124
114
85
71
76
73
81
92
96
99
100
99
76
51
21
-5
-23
-9
-7
14
33
16
23
7
0
-25
-49
-64
-83
-102
-112
-111
-135
-132
-130
-132
-138
-123
-126
-117
-88
-99
-95
-97
-93
-104
-119
-118
-152
-160
-149
-130
-107
-72
-59
-38
-40
-48
-58
-64
-84
-91
-78
-81
-70
-95
-84
-87
-88
-84
-69
-60
-50
-18
28
34
38
33
14
-21
-9
-4
-16
-12
-19
11
24
65
83
114
109
91
72
46
20
24
37
45
48
39
32
26
32
35
80
107
105
116
122
108
103
95
78
51
31
12
-1
-2
16
56
92
129
128
108
68
41
20
-14
0
22
18
11
-1
-22
-35
-37
-14
7
29
38
38
32
-8
-26
-56
-57
-60
-70
-76
-83
-76
-59
-33
-12
-5
-5
3
-30
-18
-25
-30
-27
-51
-46
-46
-40
-50
-45
-52
-22
-11
13
31
33
45
31
33
5
11
-20
-24
-18
-7
16
39
55
65
53
47
46
19
21
5
10
14
27
19
37
38
44
37
44
59
46
58
46
60
50
40
23
11
3
5
-12
-4
-19
-13
3
23
26
35
28
-4
-7
-20
-16
-44
-48
-55
-62
-73
-79
-76
-73
-85
-86
-68
-70
-59
-68
-55
-83
-93
-90
-114
-125
-118
-105
-109
-129
-130
-142
-135
-117
-100
-87
-75
-94
-94
-97
-110
-105
-93
-72
-59
-40
-36
-34
-37
-24
-23
-21
-26
5
5
14
37
56
54
63
55
85
75
99
136
146
170
156
166
159
156
162
167
199
210
202
217
249
241
258
258
257
234
222
224
183
186
170
173
175
166
164
159
148
134
126
107
86
60
43
17
-7
-2
-14
-27
-39
-41
-32
-50
-63
-74
-119
-126
-144
-168
-171
-168
-181
-173
-200
-211
-224
-245
-252
-275
-275
-261
-243
-239
-231
-240
-250
-247
-249
-252
-240
-233
-213
-195
-176
-203
-197
-201
-205
-201
-193
-159
-137
-107
-90
-66
-68
-45
-30
-14
-4
27
23
37
49
63
100
114
151
155
164
173
185
185
190
219
245
274
295
327
322
301
280
246
233
243
275
307
305
303
286
264
256
210
204
175
160
136
126
117
122
123
111
97
69
14
-31
-39
-62
-78
-72
-69
-81
-104
-116
-131
-175
-178
-208
-206
-213
-212
-200
-205
-191
-200
-195
-187
-210
-214
-216
-225
-222
-196
-207
-167
-142
-138
-129
-144
-150
-171
-169
-189
-182
-160
-129
-107
-41
0
28
40
45
26
-15
-7
-8
-12
7
40
53
73
64
83
99
136
157
185
220
228
225
221
206
185
172
148
157
154
158
164
182
177
190
186
198
183
164
160
144
138
136
122
105
91
57
62
23
15
-10
-9
-24
-18
-10
-10
-28
-57
-52
-69
-90
-92
-93
-131
-121
-153
-160
-162
-177
-153
-155
-146
-138
-163
-167
-172
-188
-180
-174
-166
-144
-134
-120
-104
-114
-123
-130
-145
-143
-140
-127
-123
-106
-93
-84
-92
-83
-75
-51
-22
8
5
19
1
-16
-20
-21
-25
-21
-9
-8
36
44
76
102
128
131
147
156
162
154
161
164
161
145
143
143
140
143
155
165
169
184
194
211
183
189
173
150
127
119
107
77
74
66
45
35
31
37
41
35
54
71
64
32
24
-30
-60
-83
-76
-64
-57
-36
-25
3
-16
-34
-60
-90
-100
-110
-108
-105
-97
-79
-70
-68
-39
-42
-40
-42
-63
-56
-76
-94
-108
-121
-109
-125
-102
-93
-104
-92
-98
-89
-85
-106
-90
-97
-100
-86
-89
-88
-96
-107
-109
-101
-101
-84
-74
-64
-49
-27
-2
0
12
16
14
9
5
1
18
23
44
65
79
92
87
93
105
97
77
90
95
114
111
108
109
117
109
131
144
140
151
138
139
118
101
90
79
84
86
78
92
108
78
80
78
53
33
22
-6
-7
-29
-33
-35
-49
-47
-54
-41
-39
-36
-45
-62
-73
-113
-113
-114
-124
-114
-97
-95
-92
-80
-94
-84
-112
-115
-121
-127
-134
-119
-94
-76
-57
-38
-39
-49
-62
-64
-41
-43
-37
-21
7
4
24
54
43
48
23
12
-5
-16
12
27
65
70
92
98
95
103
103
114
100
94
83
59
34
29
34
67
73
85
91
87
80
94
105
83
69
59
29
24
26
34
63
55
56
47
39
13
0
-13
-28
-33
-46
-33
-52
-30
-21
-4
-14
-20
-54
-80
-108
-123
-113
-124
-85
-77
-71
-68
-62
-68
-91
-110
-127
-147
-133
-128
-105
-94
-64
-48
-31
-28
-27
-41
-58
-63
-69
-59
-37
-20
-7
2
15
38
62
62
87
91
102
104
87
90
74
79
79
78
79
83
95
86
88
92
93
90
72
82
73
70
69
68
51
53
26
16
2
-2
-11
-23
-25
-34
-25
-32
-30
-46
-39
-49
-42
-50
-46
-37
-48
-50
-60
-77
-83
-78
-83
-68
-65
-52
-51
-36
-25
-5
14
1
23
-13
-16
-36
-44
-42
-28
-11
-18
10
25
56
77
78
84
66
53
39
33
31
14
18
16
30
38
50
55
54
48
25
19
2
16
12
0
-18
-25
-41
-49
-54
-48
-15
-18
18
11
5
-13
-19
-38
-47
-57
-76
-62
-75
-65
-53
-37
-35
-35
-15
-1
19
25
19
-6
-10
-55
-62
-54
-53
-34
-15
32
45
84
97
79
69
43
23
-1
-10
-8
14
26
64
69
86
85
77
80
90
83
72
65
57
47
39
32
38
48
53
59
60
68
57
45
70
60
55
57
49
30
1
-1
-3
-20
-42
-47
-71
-60
-51
-45
-39
-35
-43
-60
-70
-81
-95
-113
-110
-126
-120
-148
-137
-156
-156
-137
-150
-130
-135
-125
-135
-131
-124
-111
-102
-96
-84
-89
-79
-80
-82
-97
-86
-83
-77
-70
-74
-48
-25
-1
42
58
79
101
89
85
90
87
87
96
90
96
106
121
140
145
147
135
127
145
147
155
161
174
167
187
166
156
172
110
82
85
75
79
98
117
134
137
137
134
91
70
32
17
8
2
1
6
15
14
35
14
-3
-18
-46
-57
-78
-61
-54
-46
-29
-28
-41
-78
-85
-115
-132
-129
-117
-100
-89
-77
-86
-86
-100
-88
-108
-104
-95
-119
-140
-141
-126
-132
-131
-117
-104
-121
-108
-106
-77
-94
-71
-62
-78
-71
-63
-53
-29
-24
-21
-21
-37
-28
-32
-16
17
40
59
69
84
90
74
94
84
98
104
92
98
88
89
86
72
74
72
74
90
85
107
111
106
92
91
55
37
18
-10
2
-14
-4
0
13
11
3
-8
-9
-22
-43
-67
-70
-75
-82
-76
-66
-62
-51
-71
-71
-78
-78
-73
-63
-62
-48
-26
-33
-19
-35
-43
-55
-63
-73
-62
-37
-27
-5
4
22
22
33
45
49
53
44
47
40
51
51
57
69
66
78
76
89
97
114
93
101
99
99
99
83
92
86
87
88
102
80
80
74
56
51
49
53
43
51
35
36
29
6
9
-15
-15
-7
-3
-4
-9
-12
-13
-41
-44
-52
-55
-34
-39
-34
-37
-54
-60
-74
-78
-86
-84
-82
-54
-69
-70
-57
-65
-51
-73
-53
-63
-79
-85
-108
-118
-138
-132
-130
-109
-75
-57
-25
-25
-20
-32
-37
-41
-74
-78
-78
-74
-67
-62
-39
-22
-28
-20
-7
-11
-21
-5
9
10
28
32
51
37
36
49
38
38
37
37
25
40
59
52
55
65
76
65
81
75
72
77
56
42
44
22
24
25
31
48
54
77
64
61
54
52
44
36
37
23
23
10
8
21
-2
13
18
11
23
26
26
24
7
1
8
14
5
1
-19
-17
-22
-36
-6
0
13
36
40
28
44
30
13
7
-4
1
4
2
19
2
9
9
2
6
-15
-2
-16
-4
-8
-27
-22
-43
-37
-39
-38
-37
-38
-39
-38
-38
-54
-48
-52
-59
-58
-62
-62
-66
-66
-64
-46
-46
-11
1
16
6
5
-8
-34
-31
-23
-28
-10
3
12
23
20
26
17
27
22
45
52
54
64
60
72
55
59
57
46
44
33
34
26
38
36
41
37
50
46
43
38
31
14
-6
-9
-29
-21
-8
-13
-5
-13
-19
-21
-44
-57
-68
-83
-68
-86
-80
-86
-87
-80
-89
-84
-72
-72
-76
-65
-68
-87
-89
-101
-92
-93
-71
-75
-58
-54
-54
-27
-32
-20
-28
-3
-17
-10
-10
-4
-15
0
20
12
20
18
35
22
36
29
44
45
74
98
94
117
104
97
89
63
58
57
66
77
99
121
118
129
144
149
138
145
131
120
105
90
84
80
92
93
104
98
110
102
95
88
83
97
83
58
40
26
6
14
19
14
3
-3
-20
-57
-67
-98
-106
-106
-103
-97
-106
-103
-122
-126
-148
-157
-147
-145
-146
-118
-130
-136
-134
-140
-131
-133
-119
-124
-110
-118
-107
-111
-108
-91
-96
-81
-69
-50
-27
-12
-11
-19
-26
-46
-49
-53
-46
-33
-31
-8
-2
4
26
41
49
51
48
50
41
30
20
4
17
7
15
21
6
11
13
27
52
68
81
91
93
85
84
62
47
32
28
25
44
44
54
51
50
68
72
75
82
86
100
94
83
70
43
23
5
0
-4
24
55
65
96
95
91
69
68
48
32
32
28
28
20
17
11
21
12
19
37
44
38
32
32
28
3
-10
-34
-36
-52
-47
-53
-42
-40
-34
-17
-40
-33
-40
-52
-52
-84
-88
-104
-107
-106
-99
-79
-67
-48
-54
-50
-49
-53
-68
-75
-68
-76
-65
-60
-42
-40
-48
-58
-59
-72
-74
-65
-52
-37
-31
-24
-27
-12
-30
-32
-11
-25
-21
2
5
-6
2
-6
2
-1
5
39
39
51
40
51
37
31
35
48
64
75
118
118
113
114
95
87
68
65
50
66
76
89
96
114
111
86
84
61
65
58
81
75
82
57
18
-4
-28
-41
-40
-16
-5
-26
-34
-52
-70
-75
-76
-71
-78
-71
-77
-91
-98
-112
-101
-91
-98
-108
-106
-115
-115
-105
-117
-113
-101
-94
-89
-74
-56
-51
-40
-18
-14
-23
-19
-10
-4
8
29
24
21
31
26
25
46
81
94
116
130
132
138
137
107
73
70
53
64
76
96
119
142
150
127
98
88
68
58
62
65
66
59
47
42
35
35
49
37
33
20
7
-5
-31
-37
-45
-48
-35
-24
-10
-3
-23
-28
-55
-71
-96
-104
-115
-118
-119
-124
-102
-104
-105
-88
-91
-86
-89
-101
-98
-120
-122
-107
-119
-124
-123
-131
-119
-104
-65
-50
-28
-27
-16
-10
-21
-14
-15
-30
-16
-34
-27
6
8
30
32
42
42
55
61
79
86
104
102
96
95
90
91
83
106
115
141
153
153
145
129
113
94
96
75
94
114
112
105
92
70
69
41
45
57
54
54
62
61
24
19
11
0
-25
-30
-29
-43
-53
-68
-71
-72
-79
-76
-74
-85
-110
-109
-123
-130
-142
-129
-110
-112
-98
-85
-87
-87
-72
-67
-75
-71
-50
-72
-71
-66
-70
-57
-41
-26
-9
-1
2
18
23
27
41
47
52
33
44
51
40
27
38
56
50
70
75
74
76
73
87
75
76
60
63
29
27
13
3
-5
-17
-11
-17
-7
-4
-2
-3
6
-3
-11
-9
-9
-9
-22
-25
-25
-34
-22
-25
-13
-33
-19
-25
-26
-18
-20
-18
-26
-12
-18
-3
7
23
13
21
2
-16
-20
-26
-11
-4
7
29
26
30
39
25
38
31
20
26
17
13
2
13
-8
-3
5
13
23
26
29
24
22
7
20
11
11
-8
-12
-19
-33
-39
-35
-27
-17
-6
1
2
10
5
4
-18
-14
-26
-48
-35
-29
-13
-2
4
-2
1
-4
-7
-14
-20
-20
-21
-26
-13
-2
-6
-6
-7
-2
-17
-5
-7
5
8
4
20
17
13
-2
3
-18
0
-7
-2
17
10
46
37
44
46
49
46
38
48
35
18
20
8
0
2
16
25
19
22
24
28
17
18
11
-9
6
-6
7
-7
-18
-21
-24
-25
-43
-23
-32
-35
-33
-28
-45
-40
-41
-49
-26
-42
-40
-22
-18
-2
-6
7
-22
-31
-30
-53
-67
-55
-34
-35
-17
-16
10
10
16
33
17
19
0
11
-21
-15
-21
-19
-13
-21
8
-2
17
25
21
56
61
76
77
79
68
62
55
35
33
32
29
41
31
31
41
26
47
41
58
68
66
75
62
52
27
9
-10
-17
-24
-12
-17
-26
-22
-29
-22
-37
-17
-26
-20
-29
-40
-39
-67
-67
-86
-88
-68
-71
-73
-70
-65
-62
-64
-50
-45
-43
-52
-58
-62
-63
-68
-56
-47
-20
-21
-27
-34
-49
-62
-59
-35
-28
-15
11
22
21
36
27
15
3
11
8
20
20
31
25
44
44
51
61
68
79
70
88
96
86
89
75
64
60
52
81
75
102
108
122
122
113
98
110
95
79
81
79
66
52
51
22
25
1
4
11
9
-2
6
9
-23
-23
-14
-32
-38
-41
-33
-75
-91
-114
-128
-123
-122
-88
-110
-94
-100
-108
-116
-119
-110
-91
-83
-74
-74
-88
-102
-103
-111
-114
-90
-90
-67
-56
-43
-9
-5
9
13
22
11
-1
4
5
11
18
15
22
32
32
44
57
73
79
83
78
70
68
64
64
61
63
69
77
65
72
59
50
39
47
24
20
22
9
4
15
26
23
18
6
-2
-27
-26
-39
-30
-26
-22
-21
-15
-3
-15
5
-12
-29
-18
-31
-24
-23
-15
-26
-6
-4
-6
-8
-7
2
19
37
48
45
36
17
-10
-28
-38
-24
-24
-3
17
36
51
61
50
53
29
18
7
-9
-6
-10
-7
-21
1
-4
-7
-3
-5
-4
-17
-2
-5
-2
12
8
-1
-16
-14
-23
-28
-35
-48
-51
-38
-37
-36
-28
-15
-22
-16
-18
-1
16
26
30
19
10
-8
-8
-13
-16
-15
-12
15
11
21
29
27
27
18
19
3
-5
-5
1
-3
8
22
23
29
5
5
-11
-3
2
-2
25
25
47
41
40
39
26
6
-5
-16
-39
-33
-23
-21
-21
-12
5
20
18
30
23
0
5
-10
-13
0
3
-2
-8
-25
-36
-53
-59
-52
-42
-28
-23
-4
-12
-25
-31
-45
-76
-73
-88
-82
-81
-76
-71
-95
-89
-80
-68
-74
-37
-38
-18
-30
-3
-9
-12
15
-3
3
-2
-3
12
29
20
35
35
36
30
27
33
54
75
75
98
92
96
106
112
98
105
77
77
67
71
82
85
83
87
80
90
94
103
115
111
120
110
92
69
62
43
34
34
36
20
10
2
-5
-6
1
-1
16
20
16
5
-1
-20
-49
-71
-86
-96
-106
-103
-94
-75
-78
-66
-73
-58
-61
-68
-71
-96
-102
-109
-124
-119
-113
-114
-87
-86
-76
-77
-83
-73
-70
-72
-60
-50
-47
-42
-31
-31
-27
-38
-42
-49
-68
-58
-58
-45
-43
-23
-18
8
7
16
11
6
14
1
34
27
44
54
52
43
41
30
37
35
42
65
61
75
85
86
83
78
93
89
92
99
80
84
67
62
53
57
46
54
60
69
60
61
56
33
36
15
20
7
17
11
2
-11
-8
-23
-27
-31
-28
-26
-30
-25
-23
-12
-23
-13
-23
-25
-26
-22
-24
-38
-33
-37
-43
-39
-47
-33
-33
-32
-34
-28
-15
-19
-18
-25
-25
-15
-11
1
5
27
9
9
-2
-15
-16
-23
-22
-4
-8
-7
8
-4
11
-4
3
2
6
-3
10
-1
-14
-7
-23
-34
-13
-3
-8
-8
0
-1
-18
-16
-3
-11
-10
1
3
3
-4
10
6
9
14
8
17
15
14
25
32
33
38
31
36
35
30
36
47
58
55
47
52
48
40
53
32
8
25
31
41
43
44
37
29
35
27
25
32
27
12
5
-11
-31
-47
-61
-54
-63
-53
-48
-50
-65
-56
-49
-60
-47
-56
-64
-70
-77
-76
-100
-90
-86
-92
-102
-93
-107
-98
-89
-89
-79
-66
-63
-52
-51
-57
-47
-50
-36
-36
-20
-23
-18
-11
8
14
17
38
59
64
58
62
56
63
50
70
75
88
99
86
86
81
78
71
74
79
80
78
90
90
85
86
83
88
83
84
74
69
51
42
40
30
50
37
46
27
22
12
5
10
-2
16
9
15
11
14
11
1
-2
-15
-17
-18
-20
-24
-25
-35
-28
-31
-6
-31
-28
-48
-54
-56
-54
-40
-52
-41
-33
-45
-50
-36
-49
-47
-38
-36
-37
-34
-39
-50
-57
-61
-60
-48
-45
-36
-41
-27
-26
-37
-30
-54
-53
-47
-47
-30
-21
-5
3
10
10
15
12
-2
-6
-22
-20
-18
1
24
38
57
64
73
60
58
41
26
20
3
-9
4
-2
10
19
12
15
11
1
9
15
20
15
19
9
-26
-28
-40
-60
-49
-55
-39
-34
-35
-20
-31
-35
-48
-41
-51
-40
-23
-17
-12
-7
4
6
10
11
17
3
21
16
8
25
25
30
34
41
43
59
49
55
54
46
54
45
51
47
59
59
57
51
46
32
16
33
22
37
38
52
48
48
59
41
24
25
19
1
29
13
22
25
27
15
18
0
0
8
-1
15
7
23
0
-7
-17
-29
-34
-49
-36
-22
-15
-11
-1
-9
-31
-31
-43
-51
-65
-71
-54
-68
-47
-45
-42
-39
-51
-42
-47
-55
-57
-60
-49
-53
-46
-52
-58
-51
-50
-30
-28
-13
-18
-18
-42
-44
-29
-38
-25
-1
22
28
37
32
28
22
27
13
9
17
5
11
10
15
16
21
22
44
48
53
65
47
47
23
12
-7
-9
-5
-9
3
17
6
8
3
-4
-9
-27
-13
-19
-8
-3
-14
-6
-20
-16
-25
-29
-24
-39
-39
-34
-36
-28
-8
-1
16
20
45
39
28
39
32
26
24
39
35
45
52
55
63
47
64
58
50
32
46
53
63
74
68
86
64
57
44
44
23
16
20
-6
-18
-15
-8
-12
-18
-7
-10
-25
-19
-17
-18
-23
-20
-28
-35
-44
-51
-72
-84
-99
-90
-74
-70
-42
-31
-23
-21
-37
-44
-61
-56
-58
-31
-20
-17
-12
-16
-36
-33
-42
-42
-28
-14
-10
6
22
18
10
13
20
11
19
15
34
27
27
22
21
19
35
37
32
42
21
26
26
22
29
23
27
13
10
1
-9
1
-4
-3
-9
0
-16
-9
-10
-21
-12
-19
-21
-17
-29
-33
-20
-18
-5
-5
15
10
6
-7
-7
-4
-9
-5
-1
16
7
27
21
25
23
9
19
11
14
19
25
28
39
41
41
38
27
30
42
33
33
25
14
21
14
-3
-8
6
0
-2
-5
-22
-27
-21
-15
-23
-10
-3
-19
-19
-13
-13
-32
-28
-40
-42
-36
-47
-28
-48
-40
-39
-31
-15
-17
5
8
3
9
3
-15
-8
-28
-21
-26
-10
4
8
10
11
9
10
23
21
34
37
21
34
38
31
21
10
11
-4
6
-8
4
5
16
39
50
61
61
50
24
11
-9
-7
-10
-21
-15
-24
-21
-22
-15
-10
-3
-3
-2
-6
-21
-25
-38
-35
-52
-45
-43
-45
-44
-37
-41
-35
-37
-33
-37
-56
-49
-50
-53
-37
-31
-17
-13
-10
10
-3
20
7
6
18
30
18
36
42
26
42
28
46
38
47
42
51
63
66
64
89
84
87
103
74
79
60
45
26
32
36
29
31
27
44
39
47
42
27
1
-5
-6
-23
-28
-31
-21
-34
-32
-47
-59
-62
-58
-57
-37
-31
-21
-29
-41
-47
-57
-60
-75
-67
-72
-60
-55
-50
-56
-60
-68
-43
-50
-41
-21
-22
-34
-38
-36
-42
-39
-27
0
-3
4
13
2
-8
-5
2
11
10
14
19
28
12
17
7
10
17
18
41
35
47
49
45
33
35
31
35
41
27
27
27
15
7
-5
11
4
5
9
18
13
12
25
22
9
29
19
16
24
19
25
18
19
17
14
21
13
29
36
45
51
57
46
34
14
7
4
-5
7
8
29
10
19
28
5
18
2
-3
-11
-13
-13
-18
6
-14
-15
-7
-35
-38
-28
-45
-35
-35
-28
-28
-27
-36
-46
-56
-79
-77
-81
-57
-54
-35
-35
-32
-37
-42
-40
-56
-46
-51
-27
-34
-27
-25
-27
-31
-26
-18
-14
-4
-15
-11
3
-11
-6
-6
12
17
13
20
16
19
16
27
38
41
47
54
48
57
51
56
61
50
52
41
55
46
46
48
43
39
38
22
29
29
37
40
49
56
53
60
52
54
34
44
25
13
1
-4
-7
-10
5
-1
6
12
18
15
15
20
21
13
7
-6
-18
-37
-42
-57
-78
-80
-81
-83
-91
-70
-67
-64
-63
-51
-59
-58
-69
-78
-69
-82
-88
-99
-101
-127
-115
-115
-106
-104
-83
-83
-61
-40
-24
-3
12
15
11
25
13
0
1
9
5
24
31
48
58
80
91
93
104
103
109
124
130
129
137
121
108
79
87
73
76
93
104
113
111
99
84
72
67
64
50
36
30
25
18
13
-5
-12
-20
-16
-29
-20
-27
-34
-31
-34
-44
-49
-44
-49
-54
-70
-66
-59
-88
-77
-78
-88
-91
-81
-72
-87
-65
-58
-50
-51
-46
-43
-43
-50
-49
-49
-48
-50
-74
-49
-55
-57
-43
-36
-31
-19
-15
-4
13
10
14
16
19
5
16
19
24
24
39
39
43
52
47
47
48
45
41
53
55
67
62
63
54
51
46
47
33
29
35
37
47
63
63
65
65
49
45
31
32
31
24
30
23
12
7
-4
-18
-24
-31
-31
-16
-12
-14
-26
-25
-32
-54
-47
-57
-59
-69
-70
-63
-64
-54
-64
-61
-66
-69
-72
-59
-70
-59
-49
-45
-53
-57
-56
-57
-44
-37
-26
-20
-18
-17
-2
-10
-15
1
4
16
31
32
37
40
44
38
40
59
71
73
93
80
76
63
60
49
36
49
57
53
49
57
46
50
34
38
41
44
34
30
28
17
14
-11
7
-11
-14
-13
-16
-28
-43
-34
-30
-30
-18
-5
-15
-19
-30
-37
-41
-36
-41
-35
-18
-30
-10
-9
-3
5
15
26
9
3
8
-8
-19
-6
-14
-13
-15
3
10
7
21
29
15
31
27
24
16
11
12
-2
-1
-13
-27
-20
-23
-14
-17
-28
-8
-17
-15
-22
-18
-30
-35
-34
-41
-25
-41
-37
-32
-25
-19
-5
-18
-22
-14
-28
-23
-37
-23
-32
-25
-19
-4
-8
-3
8
1
7
12
25
20
21
29
25
15
15
12
14
12
18
18
25
25
25
42
47
37
39
33
26
20
37
22
28
28
30
28
25
14
9
15
0
4
13
9
9
14
13
15
3
6
-1
-2
-10
-9
-10
-18
-18
-3
5
4
7
-1
-12
-13
-24
-40
-31
-45
-37
-35
-4
-7
-2
-3
-10
-5
-13
-16
-15
-27
-30
-18
-27
-30
-23
-23
-36
-33
-26
-17
4
3
20
15
4
1
-3
-15
1
5
8
4
2
1
-15
-3
-9
21
17
32
41
48
32
28
29
29
26
20
27
14
5
-1
0
11
20
50
40
61
51
54
46
26
21
3
-11
-13
-28
-18
-12
-6
11
13
27
10
17
10
5
-1
-3
-3
-8
-15
-36
-39
-39
-47
-52
-48
-48
-38
-21
-18
-15
-17
-28
-32
-42
-38
-55
-43
-34
-33
-9
-20
-9
-24
-19
-22
-20
-14
-19
-11
0
12
25
37
35
47
49
55
42
36
36
28
43
38
36
35
30
31
27
34
32
22
44
28
32
31
14
18
3
-3
-5
-21
-37
-51
-62
-52
-49
-28
-28
-24
-38
-25
-33
-66
-56
-77
-78
-87
-62
-69
-49
-48
-46
-47
-58
-52
-59
-54
-44
-33
-25
-18
-16
-13
-16
-2
-6
-3
5
19
25
36
27
21
16
19
33
33
40
46
67
60
59
46
58
66
69
69
73
84
79
81
81
83
77
78
83
79
89
89
94
91
93
92
73
76
61
48
47
57
38
43
39
34
20
24
28
27
27
24
32
11
-10
-17
-33
-39
-57
-51
-60
-60
-68
-74
-67
-76
-71
-83
-81
-89
-82
-97
-87
-86
-78
-79
-84
-94
-96
-114
-124
-109
-102
-86
-83
-65
-74
-74
-65
-77
-72
-67
-64
-59
-53
-29
-37
-21
-26
-15
-18
-19
-18
-16
