0
0
-1
0
0
0
0
-1
0
0
0
0
0
0
0
0
0
0
0
0
0
0
-1
0
0
0
0
0
0
0
0
0
1
0
-1
0
0
0
0
0
0
0
0
0
0
0
0
0
0
0
0
0
0
0
-1
0
0
0
0
0
0
0
0
0
0
0
0
0
1
0
0
0
0
0
0
0
1
0
0
0
1
1
0
0
0
-1
1
1
0
0
0
0
0
0
0
1
0
0
0
1
0
0
0
0
0
-1
0
0
0
0
0
0
0
0
0
0
-1
-1
-1
0
0
0
0
-1
0
0
0
0
0
0
0
0
0
1
0
1
0
0
0
0
0
0
1
-1
0
1
-1
0
0
0
0
0
0
0
-1
0
0
0
-1
0
-1
0
0
0
0
0
-1
0
0
0
0
0
0
-1
0
0
0
0
0
0
0
0
-1
-1
0
0
0
0
0
1
0
0
0
0
0
-1
0
0
0
0
0
0
0
0
0
1
0
1
0
0
1
-1
1
0
0
0
-1
-1
0
0
0
-1
0
-1
0
0
0
-1
0
0
0
0
1
0
0
0
0
0
0
1
0
1
0
0
0
0
0
0
1
0
0
0
1
1
0
0
0
0
0
0
0
0
-1
1
0
0
0
0
0
0
0
1
0
0
-1
0
0
0
-1
-1
-1
0
1
0
-1
0
0
0
0
0
0
-1
0
0
0
-1
1
0
1
0
0
0
0
0
0
1
0
0
0
0
0
0
-1
0
0
1
-1
0
0
0
0
0
-1
0
0
0
0
0
0
0
0
0
0
-1
0
0
-1
0
0
-1
-1
0
0
0
1
1
0
0
0
0
0
-1
1
-1
-1
-1
0
0
0
0
0
-2
0
-1
-1
-1
0
-1
-1
1
1
0
1
1
0
0
0
0
0
1
0
0
0
0
0
-1
0
0
-1
-2
0
1
-1
0
1
-1
0
-1
-2
1
-1
-1
-1
0
0
0
0
2
2
1
1
2
2
1
1
1
1
0
0
1
0
1
1
0
1
1
0
1
2
0
-1
0
0
0
-1
-1
1
1
-1
1
0
1
1
2
0
-2
0
0
-2
1
1
0
0
0
-2
0
0
1
0
-2
-1
-2
-2
0
0
-1
0
-1
-1
-1
-1
-1
-1
-2
1
0
1
1
2
1
0
2
3
2
3
0
0
1
2
2
1
2
3
0
1
2
2
0
0
1
1
2
2
-1
-1
-1
-1
-4
-1
1
-2
-3
-3
-3
-3
0
0
-4
-3
-3
-3
-1
-1
1
-2
-4
-1
-2
0
2
2
-1
-2
0
-3
0
1
0
-5
-11
-3
-19
6
-37
-44
110
93
31
60
67
68
47
58
58
18
24
40
28
13
11
7
-3
7
33
16
8
17
-30
-38
-42
-64
-64
-58
-18
-1
-13
-26
-48
-43
-42
-47
-43
-37
-21
-40
-42
-33
-33
-26
-54
-61
-65
-83
-77
-79
-61
-28
-27
-48
-50
-41
-49
-69
-55
-35
-26
-18
-37
-53
-57
-20
6
-5
0
10
-8
-14
30
14
-2
19
-14
2
21
-11
-21
-3
-6
-8
-5
9
20
-4
15
48
40
30
21
7
4
-7
-9
12
-19
-24
-6
-10
3
0
5
5
5
23
-1
-16
-9
-22
-9
-9
-41
-25
3
-3
-18
7
33
17
40
26
-8
7
4
2
5
25
32
14
17
23
12
6
8
-1
1
-8
6
22
26
37
35
62
45
20
47
32
21
20
29
62
36
23
41
43
46
34
42
44
10
27
40
13
12
23
16
11
5
-3
5
11
7
16
18
11
14
12
13
20
5
21
30
14
24
31
46
41
33
49
21
11
19
4
29
28
25
58
62
59
52
54
59
52
63
71
58
53
52
42
25
27
44
26
21
61
62
52
61
54
57
53
37
41
46
35
32
40
33
16
25
41
34
29
10
18
20
-12
-1
-10
-26
-34
-37
-7
-18
-20
-15
-23
-17
-51
-51
-41
-66
-69
-81
-68
-72
-99
-83
-76
-100
-103
-72
-64
-83
-77
-56
-69
-74
-72
-72
-64
-84
-84
-77
-88
-76
-77
-79
-74
-83
-68
-69
-80
-59
-47
-42
-54
-55
-46
-57
-69
-67
-60
-52
-59
-56
-38
-42
-26
-20
-24
-20
-20
-6
-4
-12
-19
-5
14
1
-8
-1
6
15
4
-4
23
17
0
17
25
23
2
6
8
5
28
39
48
35
40
46
32
44
41
43
49
30
27
56
54
41
38
34
45
35
42
46
27
34
45
29
11
26
24
10
9
13
16
12
4
8
17
14
29
24
19
28
9
4
14
23
18
9
14
-2
-15
-4
-4
-14
2
5
-23
-30
-18
-9
-30
-40
-22
-29
-34
-17
-12
-11
-20
-25
-10
-8
-2
-6
-17
-10
-14
-35
-44
-26
-13
-9
-18
-15
-11
-32
-22
-16
-17
-3
-18
1
9
-14
2
7
3
23
29
26
2
5
41
22
28
41
29
34
18
29
40
12
18
27
26
17
20
34
21
15
16
34
44
28
33
41
41
39
46
48
40
42
50
54
42
40
46
45
39
29
54
64
33
41
52
25
18
25
24
12
6
11
3
-2
6
17
16
5
3
4
4
10
9
4
-4
-13
-18
-30
-23
-6
-30
-35
-16
-28
-39
-40
-45
-46
-50
-59
-56
-54
-46
-49
-71
-55
-52
-61
-55
-62
-65
-55
-50
-44
-44
-48
-47
-52
-47
-30
-26
-24
-9
-14
-19
-15
-6
-4
-20
-13
2
3
-4
-7
8
5
-18
-12
2
2
11
19
18
20
21
21
34
28
13
20
23
37
54
41
54
55
30
37
49
40
41
50
41
45
57
48
43
43
37
39
38
28
44
43
28
42
42
34
48
48
40
35
20
15
26
29
14
3
9
21
15
4
6
7
4
-2
19
25
-3
-6
-8
-23
-35
-38
-22
-12
-23
-19
-19
-20
-23
-33
-21
-23
-30
-36
-35
-37
-54
-49
-35
-38
-48
-37
-47
-58
-51
-51
-41
-49
-51
-48
-56
-45
-41
-44
-28
-34
-57
-62
-57
-60
-56
-53
-42
-33
-60
-61
-46
-49
-36
-44
-32
-26
-52
-48
-27
-32
-43
-42
-39
-21
-37
-44
-24
-33
-38
-41
-30
-15
-16
-17
-8
1
-5
5
5
3
11
-1
6
7
6
5
-5
-2
-3
2
8
15
20
13
1
6
10
-5
3
18
14
9
19
22
6
4
-6
-12
13
24
16
31
29
10
17
1
7
18
7
25
18
14
20
15
21
20
17
8
-2
-4
-13
-11
-3
-10
-12
-27
-25
-20
-27
-23
-22
-13
-12
-18
-10
-17
-24
-23
-23
-32
-30
-21
-24
-23
-19
-10
-9
-18
-24
-15
-22
-30
-3
-9
-15
-11
-11
-2
-11
-8
7
-6
-17
-3
-4
8
23
8
16
16
13
24
14
13
23
24
42
44
31
38
38
48
57
55
71
58
54
68
57
60
62
56
75
72
76
86
75
83
73
73
92
86
78
82
83
83
89
77
79
85
64
74
78
69
74
69
84
72
64
86
87
93
83
89
98
62
50
68
71
52
51
72
70
49
41
49
53
56
62
58
58
54
35
20
22
25
22
22
18
18
19
16
17
12
3
-5
-15
-15
-13
-20
-27
-20
-12
-30
-31
-20
-40
-34
-17
-19
-25
-44
-39
-29
-42
-27
-21
-30
-23
-27
-32
-33
-33
-26
-32
-37
-31
-44
-50
-34
-41
-27
-27
-44
-35
-46
-40
-39
-51
-38
-46
-52
-47
-42
-34
-37
-33
-36
-36
-39
-48
-37
-26
-26
-32
-34
-35
-47
-55
-53
-54
-53
-45
-38
-44
-44
-39
-55
-50
-33
-33
-31
-35
-32
-33
-45
-52
-48
-53
-52
-47
-48
-36
-46
-60
-42
-36
-36
-41
-43
-37
-39
-52
-45
-31
-47
-47
-51
-56
-57
-58
-55
-59
-48
-52
-58
-45
-44
-44
-45
-50
-44
-40
-61
-49
-32
-50
-48
-56
-56
-51
-66
-53
-57
-58
-43
-50
-52
-58
-54
-38
-43
-41
-37
-44
-35
-29
-47
-44
-33
-47
-44
-43
-35
-31
-28
-11
-33
-35
-22
-20
-16
-13
12
13
8
15
17
11
5
14
21
14
22
39
31
22
40
40
20
27
34
32
38
43
58
61
56
58
51
42
49
46
47
53
49
47
52
49
43
53
58
56
52
59
75
65
69
82
68
67
68
75
83
62
56
69
64
72
78
72
86
74
62
68
62
69
72
75
80
76
71
58
56
68
51
42
46
43
47
46
38
45
45
39
44
37
37
37
34
45
34
34
35
8
8
6
-4
7
7
-2
-4
-14
-14
-5
-17
-5
7
-7
-10
-6
-9
-2
-4
-14
1
7
-11
-17
-10
-10
-19
-17
-2
-14
-17
-4
-10
-7
-9
-17
-6
4
3
13
17
17
13
-6
-9
-2
-3
-11
-8
0
-3
-6
-6
2
-1
-1
7
12
18
13
29
23
12
21
6
-6
-13
-15
-4
-15
-11
-3
-3
-7
-17
2
1
2
5
-6
-2
-11
-8
3
-7
-16
-26
-23
-21
-36
-44
-31
-21
-28
-32
-42
-32
-32
-47
-40
-46
-52
-49
-60
-63
-53
-55
-66
-63
-63
-65
-67
-69
-72
-73
-77
-79
-69
-73
-84
-77
-74
-78
-81
-73
-73
-70
-72
-83
-74
-83
-93
-84
-84
-82
-81
-79
-70
-69
-73
-64
-63
-56
-56
-61
-47
-54
-52
-40
-42
-40
-38
-36
-32
-31
-34
-33
-31
-22
-17
-2
3
-7
-10
-15
-14
-6
6
9
16
22
14
22
27
25
31
30
36
44
37
37
46
40
39
46
48
37
32
51
52
41
49
48
45
44
42
49
37
33
46
31
23
34
37
29
34
42
30
29
34
20
15
19
21
23
23
29
22
12
11
4
1
6
1
-6
3
4
-6
-4
-7
-1
-1
-19
-17
-5
-9
-30
-24
-12
-28
-35
-37
-38
-35
-37
-44
-38
-37
-49
-50
-42
-37
-47
-57
-47
-48
-62
-52
-45
-47
-47
-48
-44
-50
-58
-50
-43
-59
-58
-55
-63
-43
-43
-52
-47
-51
-47
-43
-47
-31
-18
-23
-21
-19
-21
-27
-16
-6
-9
3
6
3
19
21
9
27
25
18
40
44
54
60
44
53
61
57
65
64
78
82
75
85
73
75
84
85
95
84
80
102
97
85
98
96
97
99
93
98
90
96
105
103
107
102
97
109
99
91
100
89
84
76
67
77
80
72
69
67
63
64
57
52
48
37
45
44
38
33
27
26
23
13
5
-1
-5
-5
-13
-16
-25
-32
-27
-21
-25
-32
-31
-41
-40
-33
-49
-58
-50
-46
-51
-50
-51
-55
-62
-53
-50
-56
-55
-58
-49
-52
-44
-38
-50
-43
-41
-56
-40
-16
-22
-21
-19
-22
-19
-28
-34
-23
-17
-23
-12
-10
-12
-13
-18
-11
-8
-7
1
6
12
17
14
13
9
1
10
11
6
17
20
18
20
25
24
19
27
25
20
25
17
24
23
6
22
28
11
15
11
9
22
10
9
29
18
11
17
14
16
16
14
8
8
4
7
8
1
12
2
-13
-19
-13
-23
-35
-15
-13
-25
-31
-19
-22
-27
-30
-37
-33
-38
-42
-37
-44
-48
-53
-63
-63
-62
-75
-76
-69
-75
-76
-76
-75
-80
-82
-74
-80
-82
-82
-86
-81
-67
-82
-95
-90
-102
-100
-93
-90
-82
-87
-89
-81
-83
-79
-68
-70
-68
-64
-58
-59
-58
-45
-56
-54
-43
-48
-45
-39
-36
-34
-32
-24
-18
-14
-4
1
-4
8
22
11
9
12
11
21
22
25
17
7
22
22
20
31
33
35
45
48
47
34
38
55
46
44
48
40
42
35
40
46
48
57
54
60
64
54
56
64
68
62
61
62
61
57
58
63
45
56
61
49
64
64
63
72
63
66
71
71
75
66
62
74
68
70
79
74
72
73
69
63
66
74
75
66
69
60
50
65
55
59
54
47
71
55
52
65
61
68
58
56
71
59
58
59
52
63
56
51
53
50
55
46
40
51
45
36
42
36
20
29
31
20
18
15
15
14
13
14
3
1
6
2
-3
-3
-3
-1
-8
-7
6
-1
-4
-3
-6
-10
-21
-17
-9
-11
-12
-7
-7
-19
-23
-10
-20
-27
-20
-16
-15
-17
-19
-27
-28
-33
-39
-28
-23
-31
-33
-27
-31
-35
-34
-34
-32
-38
-44
-46
-51
-47
-48
-46
-41
-51
-55
-51
-47
-57
-59
-57
-57
-56
-60
-56
-56
-60
-61
-56
-50
-57
-60
-60
-57
-55
-54
-60
-67
-67
-64
-59
-68
-61
-51
-61
-58
-56
-55
-60
-60
-52
-52
-46
-43
-42
-40
-36
-32
-39
-38
-36
-38
-30
-19
-26
-24
-15
-21
-21
-17
-7
-7
-10
1
4
-1
-11
-1
4
5
21
14
16
29
15
7
18
14
14
31
42
41
35
32
29
32
37
32
36
36
28
34
38
34
34
39
36
42
54
52
47
43
42
41
36
42
45
37
42
46
45
39
33
34
33
37
33
27
36
39
24
23
29
31
24
7
16
26
15
15
11
2
7
0
-7
1
0
3
2
-8
-11
-14
-16
-25
-32
-24
-26
-30
-26
-30
-37
-41
-41
-50
-53
-49
-47
-46
-48
-54
-61
-57
-54
-61
-58
-58
-55
-50
-59
-55
-56
-61
-49
-57
-58
-48
-57
-52
-50
-59
-50
-49
-57
-48
-45
-44
-46
-43
-45
-54
-39
-37
-38
-30
-30
-33
-36
-39
-43
-27
-20
-29
-17
-15
-25
-15
-14
-17
-11
-12
-9
-6
-12
-11
-9
-18
-14
-6
-5
7
9
8
18
19
6
14
26
16
17
26
25
25
25
29
33
22
25
33
32
33
38
39
37
40
47
44
46
47
46
41
34
33
32
38
38
28
35
42
28
32
42
32
28
25
18
21
22
22
25
21
20
25
27
27
25
24
30
31
23
28
31
21
31
37
23
22
30
24
22
21
23
27
21
22
22
22
15
16
32
26
25
40
41
32
35
40
35
32
29
33
34
28
28
39
53
50
45
46
45
50
55
61
54
52
56
55
54
44
47
57
54
59
56
48
60
62
58
62
68
64
63
65
66
59
61
65
54
49
49
51
54
49
50
56
49
51
49
34
39
46
48
46
39
29
23
25
11
9
13
7
4
3
-5
-11
-17
-25
-19
-30
-30
-22
-30
-34
-36
-43
-57
-60
-70
-78
-80
-85
-78
-87
-98
-96
-95
-100
-105
-104
-108
-113
-108
-112
-115
-111
-118
-125
-117
-121
-131
-122
-119
-124
-128
-128
-117
-118
-117
-117
-120
-124
-116
-114
-109
-105
-113
-108
-110
-111
-111
-107
-102
-106
-93
-86
-90
-80
-77
-85
-78
-80
-73
-61
-67
-56
-54
-52
-46
-55
-47
-36
-44
-40
-19
-16
-20
-12
-16
-11
-6
-8
2
5
8
13
15
23
30
41
37
34
51
42
39
58
53
51
60
54
52
57
67
66
59
62
60
61
59
61
74
68
67
77
73
69
67
64
56
52
62
53
45
49
59
65
57
55
56
54
55
57
54
57
55
47
53
44
36
42
48
43
36
46
39
34
36
41
43
37
43
34
47
54
35
38
35
27
30
31
25
29
27
18
26
27
28
37
39
37
41
40
30
32
27
27
37
31
25
28
22
20
32
32
25
34
33
37
44
39
44
46
40
49
55
39
38
46
46
42
47
44
43
53
41
39
39
36
46
47
42
41
41
42
42
42
41
45
45
33
31
41
42
31
36
38
18
20
26
20
12
10
4
-4
-1
2
4
-5
-14
-14
-22
-20
-24
-29
-28
-32
-39
-42
-47
-57
-50
-40
-53
-59
-55
-63
-65
-61
-68
-63
-58
-66
-63
-64
-66
-77
-83
-75
-77
-75
-76
-77
-76
-77
-76
-75
-77
-78
-76
-68
-77
-83
-75
-79
-73
-75
-86
-74
-72
-75
-67
-68
-67
-57
-66
-68
-57
-66
-59
-52
-57
-49
-50
-55
-47
-42
-42
-45
-40
-43
-52
-39
-34
-29
-25
-31
-22
-13
-24
-17
-7
-5
0
-5
-1
-1
0
4
7
8
7
11
11
18
17
19
27
24
26
31
31
25
33
40
36
37
36
37
43
37
35
42
42
37
45
44
45
46
40
51
47
39
47
46
48
52
51
49
48
41
37
48
44
29
34
41
34
29
28
29
35
40
36
31
33
27
17
27
29
16
7
16
17
5
15
13
10
5
-4
-9
-11
-2
5
2
-5
-4
-8
0
-3
-9
1
-2
-6
-2
-10
-26
-18
-13
-19
-14
-20
-15
-2
-7
-9
-6
-11
-12
5
8
-2
6
5
2
11
11
13
6
-5
0
8
12
4
8
21
23
16
16
28
25
27
34
25
17
14
21
31
25
13
13
15
14
19
13
11
13
9
19
24
16
11
11
8
-1
0
-2
-2
-5
-9
-8
-24
-23
-16
-34
-37
-38
-39
-25
-26
-35
-32
-32
-42
-45
-42
-43
-45
-48
-55
-53
-62
-63
-53
-61
-69
-64
-65
-75
-54
-50
-57
-51
-62
-63
-52
-46
-52
-54
-57
-53
-46
-52
-44
-40
-42
-45
-40
-33
-34
-26
-16
-13
-17
-17
-8
-8
-3
-2
-13
-8
-5
-2
6
6
8
5
12
19
25
25
23
31
31
37
43
30
37
52
49
47
48
55
47
51
65
54
55
52
55
67
58
67
65
56
61
52
56
57
53
64
57
52
59
55
57
60
60
53
56
64
65
69
65
58
50
50
54
46
52
47
36
45
47
34
33
26
21
29
26
28
30
17
13
13
7
3
1
0
-10
-14
-14
-24
-14
-14
-20
-29
-36
-23
-32
-37
-33
-43
-43
-42
-48
-56
-59
-61
-63
-72
-68
-59
-69
-75
-79
-84
-79
-75
-81
-84
-80
-83
-83
-79
-72
-75
-81
-77
-81
-81
-69
-67
-71
-76
-74
-66
-67
-65
-58
-57
-64
-60
-51
-43
-40
-44
-41
-35
-34
-33
-20
-14
-18
-19
-16
-12
-10
-5
3
-9
-4
10
-1
1
13
16
13
6
11
19
20
16
23
37
35
30
35
37
32
39
44
44
49
45
48
50
46
56
52
47
51
51
55
51
53
59
46
51
53
56
60
55
56
54
57
47
42
46
34
38
32
24
28
11
13
9
4
14
10
0
-3
-6
-9
-9
-11
-12
-13
-16
-21
-25
-21
-25
-30
-30
-37
-40
-42
-42
-39
-43
-46
-53
-51
-44
-40
-43
-38
-36
-43
-35
-21
-22
-30
-23
-21
-23
-16
-8
-9
-10
-7
1
-4
-1
12
13
15
20
24
30
27
31
36
38
44
46
47
40
41
46
43
45
46
48
58
56
53
65
69
58
58
66
69
71
70
63
66
65
64
68
63
72
65
54
67
65
63
62
56
56
51
46
45
42
43
37
29
28
21
22
22
15
16
1
4
7
-2
9
-1
-8
-7
-11
-16
-22
-23
-41
-41
-40
-56
-56
-58
-58
-64
-66
-56
-64
-68
-71
-77
-77
-78
-79
-84
-89
-93
-101
-108
-105
-104
-109
-103
-110
-117
-118
-117
-123
-132
-121
-122
-132
-133
-129
-117
-114
-115
-118
-120
-108
-112
-119
-104
-106
-105
-100
-102
-93
-96
-94
-82
-78
-73
-67
-67
-60
-55
-52
-46
-41
-40
-42
-25
-22
-33
-23
-19
-9
3
1
8
11
16
24
22
31
48
47
45
56
63
68
75
74
81
93
88
94
98
98
105
104
102
109
115
112
115
115
106
108
123
120
117
124
120
123
127
126
126
121
114
109
114
112
106
111
110
100
102
106
106
107
102
100
100
95
95
92
79
86
86
73
79
66
67
78
61
61
68
55
51
46
46
51
43
41
32
17
17
21
22
18
10
10
8
3
8
1
9
13
-3
4
12
9
17
14
1
-2
-2
2
10
10
9
14
5
0
12
6
1
7
-1
-3
3
7
2
3
4
-4
0
2
-1
3
-4
-8
-7
-16
-13
-17
-22
-17
-26
-31
-21
-22
-29
-27
-31
-26
-21
-35
-36
-33
-39
-37
-36
-46
-45
-43
-48
-43
-45
-49
-46
-51
-52
-41
-36
-42
-44
-44
-49
-46
-41
-38
-39
-54
-55
-51
-53
-38
-43
-56
-57
-51
-53
-54
-47
-56
-52
-40
-46
-60
-59
-52
-70
-72
-69
-73
-75
-87
-88
-92
-90
-86
-87
-83
-84
-81
-87
-93
-85
-89
-92
-91
-95
-89
-82
-89
-91
-82
-84
-92
-79
-73
-86
-82
-76
-84
-81
-74
-70
-68
-74
-63
-56
-63
-49
-48
-46
-32
-44
-36
-26
-28
-17
-21
-21
-27
-18
-5
-20
-15
-7
-6
3
7
9
10
12
14
12
14
17
21
30
34
35
33
33
30
33
42
40
40
42
49
53
55
59
54
54
56
52
47
47
45
48
46
42
45
46
46
47
47
43
46
49
50
52
45
47
38
37
46
48
42
32
42
38
42
63
57
53
57
58
59
63
62
67
71
70
63
58
64
64
68
78
79
80
78
81
91
91
98
97
96
104
97
102
104
97
96
101
108
94
93
99
94
90
94
87
79
87
77
74
79
70
64
62
62
53
48
59
44
30
44
42
34
34
31
17
16
28
22
15
16
16
7
6
14
11
15
19
10
8
11
13
11
4
1
-4
-4
2
1
-1
-1
1
2
7
10
5
8
5
-2
-6
-4
-11
-18
-14
-27
-38
-27
-29
-39
-36
-41
-40
-37
-43
-39
-44
-53
-57
-65
-73
-76
-80
-86
-92
-90
-82
-93
-93
-89
-96
-85
-94
-99
-84
-91
-91
-87
-89
-87
-90
-93
-89
-82
-91
-83
-74
-77
-74
-75
-67
-64
-60
-55
-57
-50
-53
-44
-36
-38
-34
-39
-39
-32
-31
-22
-19
-28
-20
-14
-16
-7
-5
-8
-12
-11
-3
-12
-16
-7
-9
-9
-5
-5
-2
-3
-12
-15
-1
-2
-9
2
5
2
0
6
5
0
12
16
14
28
28
24
29
18
14
25
27
25
23
27
28
22
31
31
25
31
35
34
32
41
34
27
35
31
35
30
20
19
19
26
22
10
17
17
10
17
7
-3
15
15
-4
0
-1
-8
-4
-5
-11
-10
-5
-1
-3
-7
-7
-4
-5
-4
-9
-5
2
-14
-28
-18
-13
-17
-23
-21
-20
-24
-22
-19
-26
-23
-27
-33
-32
-37
-34
-29
-38
-50
-48
-41
-32
-33
-40
-44
-43
-35
-42
-42
-40
-37
-44
-49
-37
-46
-39
-31
-41
-35
-29
-26
-28
-24
-16
-25
-24
-16
-19
-15
-17
-12
-6
-14
-10
-8
-4
-9
-9
4
1
1
9
9
14
6
4
11
8
9
10
7
14
12
7
14
11
14
20
20
20
17
27
26
21
33
25
17
22
19
17
18
26
26
26
31
29
34
35
27
27
26
34
40
33
35
35
27
30
33
24
37
42
28
32
42
39
35
43
47
39
35
33
37
44
44
41
44
44
39
40
54
48
41
51
49
55
55
53
59
55
48
47
52
54
54
49
48
48
47
60
57
47
53
49
53
59
56
51
44
49
47
40
50
50
40
42
45
37
36
39
38
38
32
28
32
40
30
25
30
21
23
30
27
25
19
15
18
19
16
16
13
20
18
2
1
0
-7
-7
-2
-1
-18
-23
-16
-26
-21
-18
-33
-34
-30
-27
-40
-45
-36
-41
-41
-38
-40
-40
-45
-49
-42
-49
-72
-69
-56
-68
-78
-73
-77
-85
-84
-89
-86
-79
-87
-96
-93
-83
-84
-95
-91
-89
-95
-88
-84
-97
-97
-96
-106
-111
-101
-97
-106
-99
-104
-114
-101
-97
-95
-90
-94
-100
-94
-81
-87
-85
-79
-84
-73
-70
-69
-66
-69
-60
-55
-47
-44
-50
-46
-36
-36
-36
-18
-23
-24
-10
-13
-18
-14
-6
-8
-4
-4
2
12
1
14
20
11
16
20
33
31
29
40
36
32
33
32
46
39
33
46
46
41
36
33
47
45
44
51
49
51
51
53
61
47
57
71
54
51
59
56
49
55
55
39
43
53
54
53
49
53
58
54
61
57
54
51
42
47
45
47
51
40
33
33
39
37
26
30
33
28
28
30
33
31
35
31
20
22
28
20
18
31
22
23
31
27
25
19
21
15
20
32
27
27
39
37
34
33
27
26
29
32
32
34
37
36
22
25
29
28
45
39
38
46
44
43
48
47
41
45
47
46
51
51
43
49
61
50
40
50
53
47
48
55
57
54
59
62
59
62
56
50
44
49
48
36
38
38
36
36
24
19
28
24
28
30
23
24
23
20
15
1
-9
-9
-14
-9
-7
-21
-17
-23
-31
-35
-36
-41
-37
-28
-37
-35
-38
-42
-37
-47
-53
-56
-61
-61
-61
-64
-67
-61
-62
-75
-77
-78
-78
-79
-84
-76
-74
-81
-83
-77
-72
-82
-79
-79
-96
-79
-78
-93
-72
-75
-86
-76
-84
-84
-86
-91
-81
-78
-78
-81
-86
-69
-63
-82
-79
-76
-72
-59
-63
-57
-52
-54
-57
-57
-54
-59
-60
-50
-48
-43
-38
-38
-32
-37
-34
-23
-24
-26
-18
-12
-12
-15
-16
-15
-17
-8
-1
-6
-2
11
22
19
12
19
26
22
22
23
32
34
30
33
36
35
29
32
39
49
50
42
47
54
55
56
62
63
63
63
64
67
61
56
59
70
67
57
60
68
65
53
57
66
67
66
69
71
63
59
56
56
63
59
55
61
55
54
47
46
56
47
41
45
48
40
28
32
35
33
32
30
29
28
25
26
26
24
27
19
14
20
24
12
9
14
5
2
2
14
18
2
3
8
5
0
-6
-3
-2
-8
-8
-11
-9
-5
-19
-9
-3
-6
-6
-16
-6
-6
-3
0
-16
-5
5
-9
-16
-6
-5
-4
-2
1
-3
-8
-3
0
-1
-10
-10
-1
1
-8
0
0
-15
-19
-13
-3
-15
-9
-3
-18
-10
0
-13
-13
-8
-3
3
-9
-16
-5
-8
-19
-21
-13
-3
-13
-19
-10
-6
-18
-27
-9
-5
-17
-13
-8
-12
-16
-19
-12
-4
-14
-13
1
-5
-8
-9
-11
-5
-5
-5
-7
-2
0
-2
-1
-12
-10
-6
-10
1
4
4
0
-9
-6
0
-6
-13
-5
6
-7
-14
-1
-2
-3
-3
-11
-7
-9
-12
-3
0
-11
-11
1
0
-10
-12
-1
-7
-7
0
-7
-1
-3
-15
-6
-7
-8
3
2
-7
-6
7
-1
-8
11
6
-16
-9
3
2
-2
-8
6
5
-17
0
9
-2
1
-1
1
3
2
4
-2
-4
-2
0
-1
-10
-13
-6
-9
-2
0
-8
-10
-17
-14
-7
-18
-19
-13
-10
-12
-30
-29
-14
-20
-23
-21
-19
-18
-24
-22
-18
-12
-18
-25
-18
-25
-23
-21
-29
-21
-24
-28
-23
-31
-28
-23
-23
-24
-28
-29
-33
-21
-13
-18
-26
-35
-25
-22
-23
-25
-25
-22
-34
-34
-21
-25
-30
-15
-9
-18
-19
-12
-18
-17
-11
-10
-6
-13
-8
8
7
5
6
14
17
12
22
14
8
28
23
13
24
31
36
37
27
24
32
28
16
31
50
32
28
45
48
45
47
55
56
52
57
54
46
45
45
48
40
29
38
41
38
42
43
36
32
40
42
32
33
31
29
31
21
28
36
19
14
14
6
5
3
-2
5
11
-5
-8
3
3
-4
-10
-10
-9
-9
-20
-27
-21
-19
-23
-27
-33
-33
-31
-33
-30
-31
-34
-38
-42
-36
-29
-27
-28
-30
-31
-31
-34
-29
-26
-41
-36
-25
-25
-35
-41
-30
-25
-22
-20
-19
-18
-26
-19
-15
-18
-11
-14
-14
-10
-3
-2
-16
-10
3
7
10
7
2
4
12
16
19
19
17
21
35
36
33
36
32
31
41
46
33
28
32
31
41
42
39
43
46
38
45
60
52
50
56
59
51
40
47
44
40
45
43
54
50
44
51
48
53
50
48
50
44
46
51
41
36
43
45
42
37
29
26
29
24
20
24
26
20
11
12
12
7
4
-5
-1
0
-8
-18
-16
-15
-27
-31
-38
-35
-26
-35
-39
-40
-45
-52
-59
-54
-53
-52
-57
-53
-49
-62
-58
-54
-65
-65
-63
-63
-64
-60
-57
-58
-62
-62
-56
-55
-56
-47
-49
-52
-42
-42
-47
-42
-32
-30
-41
-36
-24
-23
-18
-12
-11
-11
-13
-5
2
-2
2
3
-1
5
11
15
9
4
13
6
12
19
13
24
21
18
24
20
22
29
32
35
25
23
25
24
30
27
20
22
27
27
17
15
18
16
12
24
24
16
13
14
21
20
23
18
22
26
24
26
15
13
16
15
14
10
18
21
4
7
19
17
15
18
26
20
17
26
26
22
21
16
17
19
19
14
7
12
12
5
7
9
13
9
12
14
3
8
4
-3
3
-8
-16
-15
-19
-17
-16
-23
-28
-29
-33
-24
-24
-32
-29
-28
-24
-33
-37
-34
-35
-40
-39
-35
-38
-45
-47
-43
-38
-34
-35
-36
-29
-23
-23
-22
-28
-39
-38
-26
-17
-27
-36
-28
-21
-20
-19
-19
-15
-7
-2
0
8
3
2
9
5
9
15
22
25
26
30
27
21
24
31
31
29
37
37
36
43
39
35
45
39
32
36
31
26
34
40
40
41
27
29
34
14
10
24
23
22
15
13
19
10
10
15
8
13
16
5
8
9
2
1
0
-5
-5
3
-5
-11
-11
-14
-3
-15
-24
-9
-6
-1
-12
-26
-13
-6
-17
-23
-9
-10
-22
-10
-10
-21
-16
-20
-23
-20
-20
-20
-16
-20
-26
-22
-22
-28
-28
-20
-12
-15
-17
-14
-21
-23
-7
-7
-13
-15
-25
-23
-14
-11
-5
-7
-8
-6
-3
6
5
1
6
8
9
7
8
10
1
6
13
13
16
15
13
9
10
17
19
25
19
16
26
17
6
11
14
17
23
24
17
17
23
16
16
26
10
15
16
12
17
7
6
8
10
2
2
16
4
-1
4
3
0
-5
2
6
0
-3
3
-1
-5
-3
-3
0
-11
-15
-7
-5
-5
-18
-21
0
3
-11
-18
-12
-1
-7
-6
-6
-8
-7
-5
-4
-4
-1
-7
-12
-10
-9
-13
-20
-15
-13
-10
-12
-13
3
-1
-17
-9
-3
-12
-24
-13
-1
-11
-16
-15
-9
-9
-10
-2
-9
-12
-3
-2
3
2
0
0
-1
-1
0
3
-7
-8
-2
-5
-5
1
0
-6
1
0
-5
-4
-1
8
6
0
3
1
1
-1
-6
-7
-6
-6
-7
-13
-8
3
-6
-17
-8
-13
-12
2
-10
-25
-15
-6
-3
-7
-10
-5
-4
-20
-18
-8
-15
-20
-13
-12
-17
-8
-8
-16
-18
-18
-12
-6
-8
-12
-4
-4
-14
-10
-14
-20
-15
-7
-3
-2
2
0
5
1
-5
0
3
0
-2
0
3
-2
-3
8
6
-3
1
-5
-4
-1
-5
4
4
6
15
7
1
-2
2
7
9
4
0
8
3
3
5
4
15
5
11
20
13
11
14
12
11
18
11
3
13
9
9
16
6
8
10
2
18
24
8
7
6
3
7
11
12
3
-2
3
1
-1
0
-1
4
8
0
3
3
5
8
11
5
-4
-5
-9
5
4
-2
6
0
6
9
7
4
-3
-4
-5
-1
3
-1
2
4
-3
-6
4
9
5
12
5
-4
4
2
9
11
2
4
5
5
13
17
10
8
11
14
12
12
15
14
18
16
14
22
15
14
17
14
16
9
15
19
8
5
5
6
2
1
-2
1
7
1
-3
2
10
3
6
6
-4
-3
-4
-6
1
-3
-9
-1
-1
-4
0
-5
-12
1
-1
-8
5
3
-3
-4
-1
1
2
-11
-19
-5
-3
-10
-14
-17
-17
-14
-6
-6
-11
-6
-7
-3
6
-4
-6
-2
-4
-4
0
-1
-3
-7
-11
-15
-15
-9
-14
-11
-8
-10
-5
-10
-18
-13
-12
-17
-10
-14
-13
-9
-18
-17
-9
-7
-12
-15
-18
-9
1
-9
-10
-9
-12
-11
-13
-14
-19
-25
-17
-7
0
-10
-13
-9
-14
-8
-4
0
8
0
-2
10
-3
-10
-3
-5
-2
2
-1
-8
-12
-6
-3
-16
-18
-17
-6
5
-2
-6
-8
-1
1
-5
3
1
-2
-5
-12
-5
4
3
3
-7
-8
0
6
5
0
9
11
7
3
12
14
9
13
12
16
13
14
20
22
24
22
24
22
22
26
35
34
22
18
24
25
28
28
20
25
30
26
24
18
9
14
11
12
25
24
19
19
20
12
9
11
6
6
7
2
-3
1
0
2
4
-5
0
-1
-7
-1
1
-5
-16
-15
-4
-6
-1
-2
-17
-10
-9
-22
-15
-11
-14
-7
-9
-8
-2
-10
-17
-8
-5
-12
-7
-12
-8
3
-3
-7
-6
-8
-3
-4
-13
-8
-6
-6
5
-5
-9
1
6
-1
-3
2
3
3
2
3
-2
0
5
0
-2
9
15
6
4
6
5
-5
-2
12
7
-1
2
-2
-1
8
13
8
2
11
10
4
14
10
6
10
2
7
6
3
9
7
11
11
6
6
7
7
5
9
6
7
8
8
7
-4
-8
4
6
3
9
4
-7
-6
-3
-5
-4
-2
-4
-3
-2
-5
-4
-11
-10
0
0
3
2
-5
-9
-10
-6
-13
-20
-15
-9
-19
-18
-6
-17
-21
-11
-14
-16
-9
-13
-19
-14
-18
-16
-10
-20
-15
-17
-21
-13
-12
-11
-13
-10
-1
-4
-6
2
4
1
1
-6
-5
-8
-9
-4
-7
-1
-8
-17
-6
-1
3
12
10
3
10
11
5
18
12
2
10
11
10
9
7
4
10
13
10
11
9
8
10
6
13
21
15
21
24
18
17
11
20
23
13
12
5
5
8
3
11
19
17
9
13
20
11
17
25
16
18
14
6
14
16
7
7
7
4
2
3
2
6
10
2
5
8
9
11
-1
3
5
-2
-6
-12
-9
-4
-4
-12
-14
-11
-14
-8
-15
-16
-10
-18
-13
-16
-23
-14
-15
-19
-26
-25
-18
-22
-26
-29
-24
-24
-30
-28
-21
-14
-17
-26
-14
-11
-21
-22
-23
-23
-26
-22
-21
-23
-22
-19
-4
-5
-8
-11
-13
1
0
-6
-1
-5
-8
-11
-13
-12
-8
1
4
4
-1
2
7
3
12
11
3
7
8
11
11
1
2
0
3
10
-2
-7
6
11
13
11
15
16
10
9
10
11
13
14
12
11
-1
-6
-7
-11
5
5
-9
-1
-4
-10
3
-2
-11
-12
-12
-9
-19
-22
-20
-25
-25
-22
-9
-15
-19
-11
-18
-17
-12
-15
-14
-14
-11
-11
-14
-8
-3
-5
-7
-12
-12
-4
0
0
-2
-7
5
5
-4
5
4
4
13
17
20
19
18
16
10
6
10
19
23
17
25
33
24
19
15
24
36
38
34
29
35
36
34
30
22
26
25
28
36
35
25
25
33
33
27
32
35
23
20
28
29
24
23
22
21
22
21
15
18
22
21
17
18
12
10
19
18
14
10
7
5
-3
-2
2
1
4
6
-5
-16
-11
-5
-10
-16
-8
-9
-10
-10
-25
-23
-18
-23
-25
-28
-28
-26
-34
-42
-38
-43
-49
-42
-35
-33
-33
-35
-41
-44
-46
-41
-36
-48
-51
-42
-41
-42
-39
-48
-39
-31
-35
-35
-34
-32
-30
-29
-31
-27
-23
-20
-12
-16
-24
-20
-15
-27
-24
-17
-11
1
-9
-5
5
7
12
14
13
11
16
17
18
27
21
14
20
16
19
28
34
30
22
30
32
29
36
34
33
43
45
32
29
32
35
33
26
27
31
22
27
27
12
19
23
28
29
27
26
17
22
28
19
15
23
28
21
14
15
24
20
16
11
11
24
17
13
25
28
30
26
24
20
20
28
29
30
23
27
29
15
15
29
26
22
29
26
22
23
24
22
22
18
16
19
25
20
13
11
1
0
4
6
8
6
1
-3
-1
-6
-12
-9
-6
-16
-18
-17
-17
-14
-16
-25
-28
-22
-29
-27
-23
-21
-13
-16
-25
-28
-23
-23
-20
-18
-19
-14
-18
-20
-20
-17
-13
-11
-15
-17
-16
-20
-20
-20
-15
-8
-7
-2
4
7
-4
1
3
-10
-9
-3
0
2
-5
-12
-16
-13
1
4
-5
-2
-4
-9
-2
-11
-11
-4
-13
-10
-9
-20
-10
-6
-25
-28
-31
-33
-28
-26
-21
-19
-27
-37
-37
-42
-38
-28
-34
-36
-35
-48
-50
-45
-49
-54
-50
-41
-39
-41
-43
-38
-40
-51
-51
-44
-48
-52
-57
-59
-47
-52
-54
-55
-57
-45
-42
-32
-31
-34
-30
-36
-34
-34
-34
-29
-27
-20
-19
-27
-22
-16
-20
-11
-7
0
1
1
12
9
8
11
22
32
29
36
30
28
40
30
33
43
51
63
65
74
78
72
68
72
84
86
83
86
89
88
84
94
99
85
91
95
94
102
95
98
96
86
87
78
88
99
95
96
87
84
86
84
88
84
77
76
74
68
62
56
58
53
49
52
47
42
41
36
19
13
17
4
-5
2
-3
-11
-15
-15
-17
-27
-29
-31
-30
-35
-39
-37
-47
-58
-62
-68
-67
-67
-72
-73
-78
-73
-77
-84
-81
-82
-81
-82
-78
-74
-77
-85
-83
-84
-90
-88
-86
-87
-87
-84
-83
-89
-85
-81
-78
-76
-76
-75
-72
-69
-62
-68
-68
-59
-60
-61
-58
-50
-40
-42
-44
-32
-31
-37
-30
-25
-30
-31
-25
-24
-21
-18
-19
-13
-7
-9
-3
-2
-6
-4
-4
-1
-4
0
3
-3
4
8
12
12
4
8
15
12
15
14
14
19
15
24
16
14
25
22
29
26
23
22
11
10
17
19
19
12
17
18
15
19
14
19
25
20
20
15
13
15
9
11
9
10
12
8
16
17
13
10
13
9
2
11
12
9
13
14
19
25
9
3
11
13
12
9
2
1
5
6
2
3
5
18
20
7
12
14
9
13
12
16
12
6
11
5
5
16
9
7
12
12
21
29
34
25
22
26
25
33
37
35
32
30
38
42
31
37
36
27
36
42
49
54
44
53
54
47
51
40
47
57
58
58
44
45
52
48
46
52
58
54
56
54
54
57
48
48
54
47
44
46
44
43
37
27
30
34
30
29
28
22
15
16
12
-2
6
8
0
-2
-11
-19
-15
-17
-15
-21
-27
-22
-37
-35
-28
-46
-50
-43
-44
-44
-49
-52
-50
-60
-70
-68
-73
-79
-76
-80
-80
-76
-80
-90
-100
-87
-87
-92
-90
-95
-91
-94
-100
-92
-100
-115
-110
-107
-103
-103
-106
-96
-100
-104
-103
-107
-94
-87
-87
-84
-83
-82
-85
-87
-86
-78
-69
-71
-67
-57
-63
-64
-61
-57
-51
-40
-27
-18
-20
-22
-19
-22
-20
-6
10
12
7
8
11
11
11
21
27
24
25
40
44
41
46
46
52
60
56
56
58
66
66
55
56
60
61
67
70
74
78
75
67
68
78
81
85
84
83
81
70
61
62
64
62
62
63
66
67
62
70
76
78
79
82
82
82
81
76
75
70
69
68
67
70
73
75
69
70
73
75
74
74
80
80
77
71
72
61
55
58
51
55
55
45
50
51
48
47
40
36
34
38
39
34
30
32
24
11
8
12
20
10
10
8
-5
-13
-19
-12
-10
-20
-25
-27
-29
-30
-30
-31
-39
-48
-49
-46
-53
-47
-46
-64
-66
-66
-69
-65
-61
-52
-49
-64
-69
-78
-81
-62
-58
-52
-50
-67
-62
-65
-68
-62
-67
-60
-57
-55
-56
-65
-69
-63
-61
-65
-66
-57
-57
-55
-53
-62
-62
-66
-59
-58
-56
-43
-48
-56
-56
-60
-55
-43
-44
-50
-52
-54
-57
-55
-42
-36
-46
-56
-56
-44
-33
-27
-21
-19
-30
-37
-36
-30
-28
-31
-20
-13
-30
-28
-14
-15
-10
-7
-18
-21
-7
4
8
13
10
0
-4
1
10
24
24
21
24
16
15
13
26
35
37
37
37
43
46
53
55
56
67
61
63
77
66
56
54
55
55
51
66
71
58
60
52
49
62
64
75
81
77
78
62
54
56
54
64
69
58
46
34
36
34
36
42
30
29
36
29
34
29
13
4
-4
1
5
6
3
-9
-15
-28
-31
-17
-14
-12
-20
-29
-34
-40
-23
-14
-26
-22
-35
-48
-42
-43
-40
-35
-33
-37
-49
-54
-49
-48
-42
-44
-45
-36
-38
-42
-48
-40
-39
-48
-34
-40
-49
-42
-40
-41
-48
-45
-48
-46
-36
-30
-30
-36
-34
-34
-36
-24
-21
-19
-10
-23
-29
-22
-19
-10
-10
-13
-16
-9
-2
-7
-1
5
5
11
15
18
15
12
19
21
24
25
24
37
42
38
36
36
38
38
43
54
52
45
46
43
50
54
65
69
57
61
56
51
60
66
68
67
58
51
45
42
47
43
47
50
45
36
31
33
28
26
21
21
24
17
18
17
3
-9
-13
-14
-9
-13
-26
-28
-29
-36
-43
-42
-35
-31
-36
-33
-34
-46
-48
-46
-48
-54
-49
-51
-58
-50
-47
-59
-63
-68
-63
-52
-49
-48
-58
-63
-64
-64
-57
-47
-39
-38
-38
-49
-55
-46
-45
-39
-38
-40
-32
-34
-38
-33
-29
-10
-3
-2
0
-6
0
2
1
6
9
13
18
23
25
22
17
16
15
32
37
44
49
44
49
43
42
45
48
54
58
56
42
41
46
43
54
67
61
54
57
60
64
61
55
70
75
61
57
57
52
51
46
49
52
35
34
24
22
32
22
23
27
32
32
20
17
7
8
15
11
10
3
-9
-15
-23
-18
-12
-11
-7
-20
-32
-26
-20
-21
-20
-25
-27
-26
-38
-43
-36
-36
-44
-40
-29
-36
-52
-53
-55
-57
-51
-50
-50
-53
-53
-50
-57
-61
-65
-57
-52
-55
-54
-56
-69
-83
-75
-70
-62
-57
-66
-61
-66
-65
-57
-56
-50
-56
-54
-46
-49
-46
-42
-41
-40
-33
-37
-39
-33
-32
-24
-22
-26
-25
-13
-5
-7
-11
1
8
1
5
8
9
10
12
17
7
6
21
26
23
16
9
17
32
33
34
37
22
23
36
37
43
47
43
35
30
31
34
32
37
31
23
31
37
43
33
33
35
30
31
23
28
34
32
39
48
41
21
19
30
32
34
35
24
23
31
33
39
40
43
38
42
47
40
37
32
37
37
36
42
42
42
39
41
45
46
44
37
41
41
40
50
46
44
45
49
48
40
42
45
52
55
51
44
33
28
27
41
55
43
32
27
19
18
27
34
33
25
27
21
19
23
11
15
9
0
13
12
8
5
-5
-19
-20
-3
7
5
-1
-6
-19
-24
-21
-15
-10
-9
-14
-25
-31
-32
-25
-14
-4
-9
-24
-24
-31
-29
-20
-27
-24
-30
-37
-35
-26
-13
-19
-31
-40
-37
-11
-5
-19
-25
-37
-43
-34
-26
-18
-22
-28
-33
-43
-32
-25
-24
-30
-46
-43
-38
-47
-52
-48
-44
-45
-51
-44
-38
-46
-44
-47
-46
-50
-54
-56
-62
-57
-49
-45
-54
-57
-57
-71
-61
-51
-48
-43
-49
-45
-48
-57
-45
-42
-44
-48
-47
-34
-34
-29
-25
-34
-33
-23
-20
-14
-3
-1
-14
-33
-32
-17
-2
11
18
6
-18
-22
-7
9
13
3
-3
-12
-13
6
17
8
-3
-12
-6
12
29
36
16
-4
-9
-4
17
36
38
18
-3
-13
-10
18
35
27
24
14
2
2
6
6
8
9
7
11
8
8
12
14
13
9
11
11
11
15
23
20
1
1
17
13
10
22
26
26
25
18
24
25
28
27
16
20
16
21
23
21
28
21
21
29
33
32
26
36
31
8
1
12
21
27
43
47
25
7
1
15
30
36
34
26
22
24
27
30
27
8
3
13
23
27
21
10
1
-6
-2
18
27
30
24
10
2
-1
6
18
31
28
12
4
9
18
17
12
22
24
18
18
31
32
22
19
21
32
25
31
45
42
35
21
22
30
34
32
24
28
28
26
28
31
36
27
18
22
25
33
34
11
4
6
4
4
3
4
-2
-14
-25
-17
-15
-31
-35
-20
-18
-26
-22
-30
-47
-47
-35
-38
-45
-35
-45
-63
-59
-50
-51
-58
-64
-57
-63
-74
-70
-63
-54
-62
-63
-53
-55
-61
-54
-45
-50
-56
-57
-57
-48
-29
-27
-35
-30
-25
-27
-27
-18
-15
-12
-12
-12
0
0
-2
-3
-4
3
10
13
15
21
22
22
24
29
33
30
25
41
37
24
27
31
39
30
31
40
30
23
30
39
31
23
27
28
21
16
22
15
15
19
20
17
7
4
-5
-8
9
4
-17
-17
-7
-4
-12
-14
-6
-17
-32
-25
-17
-11
-23
-28
-18
-21
-30
-30
-22
-29
-33
-27
-21
-17
-20
-25
-24
-18
-15
-17
-14
-10
-10
-17
-16
-9
-7
-3
6
3
3
6
-4
-7
-7
-9
2
8
17
19
16
8
-6
-3
13
25
20
19
23
8
-9
-12
2
10
8
8
18
25
9
-2
10
12
1
11
14
10
4
-14
-10
-6
-7
-5
-11
-1
2
-14
-18
-17
-7
-16
-31
-14
2
0
-15
-13
-11
-22
-20
-9
-3
-14
-19
-11
-13
-17
-10
-5
-7
-3
-1
-7
0
8
-3
-6
1
5
5
14
19
10
4
-2
-1
7
10
9
3
7
13
14
12
13
19
25
14
19
32
15
10
13
10
5
13
30
19
16
13
11
15
18
19
10
7
3
17
17
-1
0
8
6
-13
-15
6
-1
-9
2
3
-2
-10
-9
-2
-13
-12
-6
-9
-12
-14
-10
-4
-10
-17
-10
-2
-9
-11
-1
-6
-8
2
1
-5
1
1
-14
-7
7
10
4
3
0
-2
2
2
0
1
-2
-1
13
16
3
-5
-1
-1
3
13
18
18
-2
-9
2
-1
1
8
7
-1
2
3
-5
1
1
-4
-13
-14
-8
-4
-7
-9
-10
-14
-19
-24
-17
-19
-29
-23
-20
-25
-20
-19
-23
-28
-28
-22
-22
-11
1
-10
-19
-18
-19
-21
-28
-27
-26
-28
-20
-11
-3
-1
-7
-17
-10
-8
-17
2
5
-8
-8
-2
3
-6
-9
0
1
-11
-18
-4
4
-3
-9
-9
3
-6
-9
8
7
-2
-3
1
-2
-4
-10
-13
-12
-11
-6
-12
-11
-4
-9
-15
-17
-11
-10
-9
2
4
1
-1
2
15
13
-1
-12
-8
-6
-2
8
6
9
11
2
5
9
7
13
16
29
27
11
18
18
11
11
28
33
22
25
31
38
34
31
29
24
32
39
29
26
38
43
40
38
42
40
29
30
43
48
38
31
34
30
27
35
23
16
20
21
25
28
29
16
5
10
23
30
16
4
6
-1
-6
8
14
9
2
-10
-11
3
18
6
0
4
-7
-10
0
7
6
9
6
-3
3
3
-4
-1
7
-3
-2
9
8
19
16
7
3
2
5
6
10
23
11
-6
8
26
19
3
9
9
12
24
15
12
17
14
15
17
28
19
3
14
19
17
14
0
-7
10
4
-8
11
10
-25
-30
-8
-6
-1
1
-3
-11
-21
-23
-24
-8
-6
-25
-27
-23
-28
-33
-34
-31
-36
-47
-41
-28
-24
-30
-34
-34
-39
-48
-33
-10
-12
-28
-38
-36
-35
-35
-30
-31
-35
-31
-37
-29
-15
-28
-27
-18
-26
-33
-34
-17
-17
-35
-31
-24
-20
-19
-24
-22
-16
-31
-39
-18
-12
-18
-12
-4
-16
-26
-28
-33
-27
-15
-13
-16
-21
-28
-34
-30
-17
-15
-16
-19
-20
-12
-22
-24
-19
-26
-35
-26
-13
-22
-34
-22
-14
-22
-25
-20
-17
-19
-12
-3
-6
-17
-25
-13
5
10
1
3
0
1
3
-1
12
19
3
-8
2
29
33
17
28
28
13
27
43
41
22
16
31
31
35
44
38
35
37
28
36
44
38
36
40
37
26
25
18
25
34
23
19
16
10
12
20
18
4
1
6
6
17
25
10
3
5
-1
0
14
19
8
0
12
2
0
10
0
1
4
0
-2
7
12
6
6
5
-1
4
21
24
25
25
12
13
17
11
6
13
27
15
18
41
28
16
28
30
25
31
36
27
21
29
35
35
29
9
-2
17
26
18
10
16
10
2
12
12
10
12
2
-7
21
31
7
6
10
-2
-18
-2
20
5
1
8
-3
-5
1
-9
-10
11
12
-13
-12
-1
-10
-10
-9
-5
-11
-20
-20
-10
12
1
-24
-15
-1
-12
-19
-3
1
-26
-30
-13
-9
-6
-10
-30
-34
-20
-33
-36
3
-10
-37
-21
-3
-12
-28
-16
-20
-29
-17
-19
-19
-8
-23
-54
-38
-18
-40
-39
-16
-12
-31
-44
-38
-47
-48
-38
-31
-9
-19
-45
-50
-46
-55
-59
-32
-25
-54
-55
-36
-42
-54
-46
-43
-44
-29
-35
-44
-30
-46
-63
-48
-34
-37
-39
-38
-40
-37
-31
-29
-36
-35
-34
-23
-7
-11
-28
-38
-23
-14
-15
-8
-2
-12
-15
-7
3
18
7
-3
14
30
31
19
20
24
13
15
58
73
40
27
32
25
29
46
65
76
62
44
49
44
37
50
67
69
67
75
64
41
50
68
60
58
58
57
66
54
42
47
43
25
26
40
42
32
27
17
10
20
23
31
32
27
13
11
33
29
24
17
17
37
35
24
15
0
-12
-11
24
55
39
2
-14
-23
-31
-7
30
40
37
24
10
9
-3
-19
-3
35
57
52
44
31
7
6
21
29
38
40
35
33
37
39
41
34
16
1
14
36
38
27
11
-17
-29
-2
18
9
8
4
-17
-18
-7
0
-3
0
3
-14
-20
-32
-46
-30
-10
-8
-17
-23
-38
-48
-46
-36
-17
-16
-30
-23
-16
-40
-53
-44
-35
-26
-18
-3
-3
-37
-53
-35
-18
-16
-11
0
-6
-18
-12
-8
-7
-6
-14
-33
-31
4
21
13
7
-15
-46
-53
-30
-5
20
41
35
18
-19
-58
-64
-52
-15
47
92
62
-11
-59
-76
-79
-49
20
60
34
-17
-50
-91
-123
-109
-56
23
36
-7
-37
-68
-99
-108
-70
11
39
-3
-21
-35
-73
-107
-96
-27
18
16
-23
-44
-23
-46
-97
-83
-42
-30
-50
-34
16
-25
-82
-87
-71
-63
-54
-10
43
52
-5
-54
-77
-73
-31
26
75
81
54
3
-55
-73
-69
-51
0
48
83
68
32
-29
-89
-57
-11
26
69
96
84
33
-21
-50
-43
-27
29
72
70
61
14
-26
-42
-45
-23
15
89
115
53
3
-38
-64
-45
0
51
78
62
28
-4
-39
-28
-9
24
66
43
31
6
-53
-53
-26
17
48
35
32
-2
-36
-24
-23
-5
49
60
18
-12
-9
-9
-31
-5
34
20
2
10
-15
-49
-48
-40
-20
-16
-6
12
11
7
-7
-24
-16
24
43
41
58
36
-18
-13
12
17
6
-11
13
-1
-35
-8
8
1
3
4
1
18
33
28
11
-9
7
8
-14
14
49
52
33
12
13
6
-13
19
33
12
7
6
7
7
21
-4
-12
9
-3
-10
-10
27
58
22
-14
5
25
26
27
25
44
37
11
-5
-13
11
29
40
42
16
2
-22
-15
3
-21
-17
-29
-32
-16
-13
19
22
34
24
-4
12
-1
-5
5
28
25
-9
-22
-29
-9
2
23
46
42
45
46
59
65
44
44
2
-19
7
-12
5
4
-6
34
20
-22
24
53
91
107
97
165
-165
-348
-105
-111
-44
45
92
70
-71
30
-118
-320
50
307
212
223
310
60
-271
-52
205
55
47
274
270
-25
-201
-209
-248
-185
55
70
-78
27
30
-113
-151
-73
18
-43
23
144
46
65
234
-8
-405
-810
-1195
-1117
-847
-252
258
316
338
-72
-557
-588
-400
317
1158
1556
1511
797
32
-453
-552
90
848
1208
1122
485
-432
-1138
-1518
-1250
-613
-14
422
221
-192
-654
-913
-640
-193
385
764
814
650
444
396
355
415
562
602
513
415
363
244
184
234
277
168
-17
-70
-203
-189
-31
-77
-193
-394
-454
-390
-309
-75
86
164
200
197
113
8
2
84
239
173
67
5
-120
-100
-99
-22
8
-86
-53
-135
-252
-292
-288
-264
-317
-276
-268
-246
-156
-175
-161
-172
-174
-155
-185
-126
-70
-51
3
-17
-126
-177
-188
-117
-15
-8
24
-30
-95
-111
-169
-118
-30
34
31
-24
-49
-111
-121
-90
-51
-4
54
133
89
56
87
128
187
195
226
176
78
90
134
140
97
146
211
217
233
255
245
199
239
233
167
200
308
378
300
262
202
37
-33
-18
76
143
224
277
123
-22
-161
-200
-72
14
121
158
62
-44
-96
-141
-183
-151
-117
-101
-153
-228
-251
-323
-362
-331
-322
-298
-264
-221
-189
-223
-292
-326
-386
-436
-346
-281
-228
-220
-301
-400
-518
-471
-338
-260
-164
-118
-173
-260
-296
-280
-244
-182
-103
-54
-93
-133
-117
-103
-54
2
42
73
94
126
129
88
78
104
104
148
210
258
309
342
351
332
354
396
455
513
556
621
636
624
632
594
587
611
625
656
598
536
532
548
559
534
489
478
489
449
478
519
526
549
551
587
578
521
536
584
648
572
7
-757
-1246
-1300
-913
-486
-224
-273
-716
-1198
-1607
-1870
-1689
-1142
-322
426
553
199
-302
-499
-233
156
549
754
679
536
334
25
-266
-460
-537
-629
-827
-972
-1180
-1533
-1798
-1928
-1858
-1595
-1364
-1171
-1045
-965
-830
-775
-704
-523
-195
343
746
787
551
243
177
387
672
835
762
596
303
-175
-553
-728
-634
-313
5
137
20
-193
-342
-325
-143
115
393
687
923
1033
1115
1140
1029
906
947
1090
1262
1403
1378
1145
872
694
542
493
547
637
742
728
569
347
249
456
785
983
985
793
713
940
1312
1760
1703
442
-1409
-2428
-1990
-862
-11
506
493
-513
-2015
-3126
-3486
-3009
-1611
416
1809
1391
-60
-1022
-1012
-211
757
1467
1733
1515
1266
884
168
-338
-421
-461
-704
-1090
-1372
-1481
-1528
-1493
-1564
-1800
-1943
-2048
-2041
-1485
-508
292
503
258
68
122
338
560
580
484
520
613
486
72
-307
-310
-115
-120
-545
-1071
-1151
-791
-329
-170
-269
-264
-209
-72
69
100
231
396
528
566
436
360
412
402
351
369
426
477
471
539
667
617
492
279
-58
-26
390
707
725
494
345
286
212
242
288
349
572
828
876
786
743
965
1368
1580
1600
1524
1366
1264
1324
1467
1037
-556
-2371
-2864
-1839
-524
101
144
-364
-1562
-2807
-3169
-2724
-1923
-379
1708
2665
1778
404
15
650
1566
2345
2597
2165
1702
1406
775
-113
-725
-924
-1174
-1694
-2011
-1985
-1886
-1804
-1895
-2164
-2249
-2068
-1768
-1292
-376
868
1541
1293
842
695
883
1305
1724
1735
1294
845
434
-317
-1316
-1862
-1568
-1013
-884
-1284
-1904
-2147
-1960
-1649
-1190
-660
-23
555
704
656
502
349
516
723
881
1001
868
639
165
-406
-570
-544
-444
-261
-125
62
71
-268
-642
-821
-566
40
538
870
969
852
804
657
355
272
500
905
1263
1352
1298
1166
1097
1293
1564
1827
2116
2237
2036
1714
1221
-148
-2483
-4214
-3599
-1411
12
213
-41
-950
-2592
-3742
-3285
-1899
-555
1403
3506
3660
2085
863
970
1699
2292
2824
2810
2098
1672
1291
101
-1289
-2125
-2542
-2987
-3224
-2771
-2303
-2226
-2175
-2391
-2687
-2320
-1471
-594
334
1661
2903
2879
2099
1655
1506
1504
1567
1456
1042
642
699
610
-228
-1476
-3064
-4569
-5165
-4511
-2872
-1296
-155
271
-643
-1769
-1912
-1085
484
2199
3777
4370
3327
1900
648
-270
-199
313
546
233
-232
-271
-774
-1934
-2512
-2432
-1956
-1110
-220
593
900
797
690
265
108
826
1734
2315
2442
2231
1749
904
369
399
451
585
823
804
667
855
1449
1966
2139
2278
2323
1457
-1006
-4084
-5333
-3531
-514
978
952
481
-925
-3150
-4312
-3256
-1294
488
2790
4576
3925
1915
802
976
1408
1867
2445
2268
1605
1395
792
-976
-2780
-3670
-4121
-4344
-3617
-2316
-1817
-1953
-2058
-2293
-2283
-1528
-421
472
1569
3143
3844
3074
2198
1899
1484
785
248
-239
-787
-815
-345
-301
-962
-1917
-3112
-4526
-5380
-4862
-3108
-796
1180
1915
1385
306
-470
-356
580
2148
3604
4177
3885
2621
901
-516
-1415
-1535
-1216
-879
-509
-351
-626
-1407
-2325
-2499
-1956
-1131
175
1588
2396
2359
1749
1268
1064
1222
1886
2363
2392
2293
1900
1105
89
-527
-484
-361
-135
365
707
835
1166
1778
2311
2785
3299
2247
-1685
-5544
-5468
-2306
31
742
1623
1322
-1828
-4964
-4974
-3125
-1608
710
4131
5394
3626
1572
787
827
1257
1855
1853
1604
2241
2387
325
-2444
-4006
-4749
-5293
-4823
-3107
-1660
-1305
-1702
-2503
-2772
-1794
-522
120
1126
3187
4561
3979
2880
2444
1911
779
-293
-869
-1076
-946
-686
-674
-1020
-1716
-2741
-3545
-3287
-2472
-2345
-2478
-1705
-285
790
1195
1294
1190
1006
1234
1658
2016
2416
2447
1955
1127
210
-660
-1709
-2176
-1540
-909
-847
-1146
-1378
-1126
-975
-1162
-1208
-784
400
1591
1973
2063
2157
1951
1464
1258
1613
1788
1459
1123
841
493
165
-141
-399
-405
-137
48
-66
121
1300
2587
3242
4135
4522
1519
-4384
-7365
-4285
-118
774
1184
2433
518
-4469
-6691
-4609
-2679
-1494
2072
5716
5482
2952
1329
975
1076
1638
1936
1489
2233
3688
2373
-1334
-3978
-4811
-5486
-5748
-4239
-2052
-994
-1268
-2406
-3043
-1924
-344
123
605
2766
5135
5119
3576
2727
2369
1365
-267
-1494
-1583
-1229
-1346
-1689
-1724
-2007
-3117
-3739
-2742
-1501
-1408
-1921
-2034
-1245
48
1045
1425
1399
1523
1478
1071
1323
2055
2010
1197
518
222
-281
-1162
-1917
-1988
-1200
-557
-1045
-1589
-839
64
-511
-1431
-901
399
1105
1534
2071
2194
1864
1451
1155
1347
1935
1898
1022
461
613
491
-168
-330
165
434
379
410
546
966
1839
2710
3874
5096
2824
-3803
-7877
-4698
103
886
1087
2985
1330
-4618
-7415
-4726
-2226
-1245
1939
5836
6133
3599
1721
1529
2094
2491
2020
1472
2491
3822
2495
-1218
-4205
-5377
-6077
-6346
-4921
-2162
-353
-1019
-2918
-3323
-1654
-59
493
1539
3876
5884
5709
3900
2673
2364
1270
-860
-2108
-1628
-1168
-1839
-2276
-1836
-2199
-3896
-4520
-2888
-1319
-1119
-731
346
839
574
468
576
849
1611
2133
1756
1529
1895
1353
-188
-891
-688
-951
-1489
-1487
-1300
-1049
-515
-559
-1242
-1059
-142
-136
-711
-174
1030
1215
798
1016
1364
1261
1273
1538
1697
1696
1404
786
302
120
-41
-148
69
626
1029
868
550
689
1290
1975
2921
3826
2182
-3109
-7401
-5751
-886
1417
1655
2588
1406
-3751
-7339
-5450
-2101
-603
1422
4729
5807
3672
1551
1402
2133
2344
1894
1734
2776
3819
2357
-1390
-4594
-5948
-6318
-6145
-4839
-2372
-501
-1097
-3119
-3697
-2154
-565
108
1490
4199
6264
6094
4565
3288
2288
566
-1676
-2650
-1519
-359
-1167
-2519
-2487
-2421
-3958
-5187
-4045
-1937
-1085
-981
142
1653
1954
1116
113
200
1644
2799
2612
2093
1978
1043
-1047
-1942
-840
-73
-785
-1550
-1360
-938
-965
-1006
-736
-200
474
494
-49
290
1531
1954
1043
552
1341
1863
1517
1646
2351
2281
1075
-9
198
935
951
539
624
1106
1068
607
725
1791
3401
3827
781
-4882
-8343
-6286
-1748
814
1960
3004
1359
-3807
-7137
-4725
-487
1155
1824
3835
5226
3842
1594
1226
2069
1906
816
821
2560
3847
2327
-1572
-5331
-6972
-6661
-5532
-3826
-1557
-17
-780
-3031
-3755
-1972
-85
435
1191
3362
5330
5453
4456
3617
2805
1073
-1511
-3053
-2199
-514
-329
-1604
-2648
-3207
-4130
-4420
-3029
-1398
-1036
-1223
-548
854
1957
2129
1421
919
1536
2474
2702
2520
2253
1122
-1113
-2794
-2451
-676
780
490
-969
-1712
-1630
-1785
-1742
-367
1569
2055
1267
998
1310
1127
569
580
1223
1943
2563
2782
2315
1475
519
-418
-771
-47
1245
2094
2298
1982
1147
322
79
709
1938
2318
252
-3869
-6546
-5066
-1565
625
1148
811
-1068
-4537
-6032
-3124
843
2360
2826
4163
4483
2225
182
894
2412
2483
2090
2491
2792
1664
-828
-3791
-5871
-5941
-4812
-3797
-2607
-1067
-600
-2134
-3951
-3733
-1710
370
1726
3085
4854
5517
4105
2201
1464
1342
530
-456
-402
331
314
-1245
-3251
-4086
-4020
-3988
-3467
-1957
-532
-185
-399
-358
-228
-517
-818
-166
1648
3722
4874
4613
3081
668
-1772
-2907
-2078
43
1974
2158
468
-1594
-2898
-3458
-3363
-2203
132
2426
3095
2198
984
111
-474
-531
578
2725
4542
4838
3831
2188
253
-1168
-1350
-540
1064
2871
3408
2427
1124
281
-214
-277
397
554
-1591
-4971
-5940
-3111
3
454
-282
-1124
-3277
-5608
-4472
-130
2856
3095
2989
3314
2846
1555
1180
2248
3136
2910
2518
2652
2281
234
-3039
-6007
-7110
-5871
-3822
-2518
-1854
-1641
-2509
-4189
-4581
-2387
648
2483
3326
3986
4358
3983
2926
1872
1515
1523
937
189
244
273
-1037
-3159
-4337
-3989
-3416
-3177
-2339
-1180
-1494
-3153
-3240
-1234
317
1230
2445
3105
2905
2390
1927
1723
1643
1465
896
596
1152
1104
-219
-1631
-2462
-2622
-2199
-1384
-482
21
65
-122
-285
-285
-48
703
1602
2265
3075
3749
3696
3023
2149
1646
1606
1779
2203
2534
2107
948
78
107
307
180
-20
-532
-2783
-6475
-7161
-3097
648
903
186
-543
-3525
-6904
-5415
43
3671
4057
3974
4348
3497
1370
645
2025
3241
3199
3116
3551
2845
162
-3350
-6414
-7365
-5586
-3191
-2089
-2037
-2575
-4091
-5994
-5898
-2764
1253
3504
3828
3961
4257
3740
2729
2309
2542
2601
2201
1915
1708
816
-1211
-3830
-5195
-4367
-2847
-2414
-3073
-3388
-3149
-3550
-3802
-2260
-24
1247
2070
3277
4324
4406
3669
2719
2144
2205
2160
1483
1100
1161
195
-1724
-2657
-2052
-1358
-1578
-1979
-1416
-333
-29
-204
341
1146
1054
782
1582
2886
3513
3454
3323
3302
3335
3397
3309
2948
2497
1986
1151
461
591
834
-176
-3207
-7009
-7774
-4433
-1370
-1076
-1263
-1564
-4231
-7171
-5397
180
3822
3753
3217
3979
3888
2061
1577
3684
5116
4143
3209
3562
2861
-81
-3430
-5636
-6224
-5279
-3932
-3120
-2976
-3707
-5470
-7118
-6735
-4053
-524
2053
2830
2889
3009
2606
2042
2480
3760
4489
4247
3726
2868
1306
-732
-2584
-3307
-2976
-3052
-3952
-4240
-4054
-5479
-6946
-5184
-2237
-893
124
1560
2179
1816
1870
2989
4270
4965
4708
4125
4170
3494
1355
-401
-960
-1068
-1066
-588
79
-352
-2090
-3634
-3256
-1309
-14
411
1252
1986
1713
1257
1836
3031
3793
4059
4177
4439
4683
4429
3620
2387
1106
37
-1017
-2438
-4454
-5270
-3399
-1879
-3046
-4272
-4143
-5226
-7374
-6154
-1361
1881
1855
1331
2066
2796
2094
1887
4065
6468
6563
5275
4579
3521
816
-2046
-3669
-3845
-2962
-2312
-3021
-4730
-6277
-7556
-8379
-7445
-4697
-1599
294
563
372
499
776
1362
2649
4221
5040
5029
4745
4141
3113
1769
263
-1189
-2031
-2088
-2894
-4467
-4461
-4046
-5324
-5884
-4253
-2620
-1899
-829
650
1425
1850
2522
3131
3865
4386
4010
3392
3303
3515
3374
2640
1647
871
429
50
27
484
414
-469
-1333
-1592
-1306
-754
204
1520
2461
2498
2059
2167
2718
3024
3514
3931
3622
3109
2528
1422
-677
-3158
-3527
-1433
-176
-1174
-2292
-3084
-5464
-7827
-6301
-2076
87
-659
-916
408
620
-491
440
3679
5619
5057
4410
4528
3690
1685
-216
-1118
-625
200
-295
-2041
-3894
-5577
-6967
-7050
-5392
-3029
-1587
-2145
-3633
-3895
-2938
-1924
-602
1397
3111
3673
3360
3041
3163
3045
1951
605
215
664
901
255
-755
-1614
-3419
-5812
-5783
-3199
-1351
-1291
-1436
-1138
-1035
-970
-155
1106
2082
2641
3054
3648
3936
3048
1402
469
983
2222
3049
3132
2795
2026
637
-224
477
1284
1116
1114
1546
1461
1078
1256
1665
1688
1764
1869
1684
1513
1061
39
-1492
-2852
-2035
476
1135
-833
-2669
-3373
-4809
-5923
-3373
743
1400
-1050
-2244
-1098
-457
-573
1221
4303
5369
3877
2296
1876
1475
298
-840
-582
794
1094
-587
-2894
-4609
-5568
-5969
-5236
-2875
-515
-405
-2375
-3954
-3762
-2760
-1459
327
1942
2506
1724
640
562
1278
1654
916
-161
-10
1078
1325
498
-182
-1256
-3499
-4389
-2084
719
1039
-501
-1819
-2220
-1894
-864
540
1715
2153
1780
1570
2062
2299
1752
1098
1191
2273
3416
3485
2640
1749
988
516
958
1884
2435
2517
1989
1139
1014
1741
2511
3041
3314
2911
1692
269
-886
-2092
-3273
-2965
-703
773
-476
-2309
-3220
-4753
-6104
-4000
226
1654
-132
-1390
-1123
-1338
-1725
308
4078
5704
4370
2906
2420
1567
247
-154
811
1874
1524
-178
-1998
-3315
-4460
-5377
-5243
-3871
-2435
-2355
-3678
-4726
-4520
-4077
-3370
-1137
1466
2164
1264
577
582
319
-388
68
2312
4102
3603
1895
427
-987
-2288
-2138
-300
1173
665
-830
-1561
-1750
-2368
-2616
-1299
743
1542
875
424
574
89
-401
1004
3459
4421
3641
2641
2108
1855
1876
2464
3335
3703
3150
2192
2017
2310
1737
898
1169
2106
2382
1762
846
-256
-1953
-3851
-4118
-1568
1336
1008
-1909
-4266
-5433
-6138
-5120
-1585
1309
449
-2190
-3040
-2103
-1249
-178
2234
4380
4248
2891
2178
2062
1657
1221
1573
2597
3276
2419
23
-2377
-3744
-4348
-4268
-3129
-1738
-2064
-4341
-6389
-6637
-5542
-4057
-2415
-756
-3
-659
-1763
-1947
-1074
104
1601
3264
4111
3706
2199
567
252
1200
2273
2937
3072
2070
-82
-1734
-1855
-1142
-256
512
647
-120
-1060
-1256
-824
-298
342
1275
2124
2293
1889
1688
1992
2596
3381
4198
4793
4812
4085
3118
2704
3049
3746
4387
4531
3575
1703
-149
-1593
-2783
-3241
-2082
-87
78
-2408
-5034
-6327
-7184
-6751
-3548
192
756
-1736
-3968
-4395
-3917
-2697
197
3844
5234
3696
1987
1561
1442
1398
2117
3289
3925
3392
1602
-645
-2146
-2835
-3198
-2882
-1973
-1715
-2991
-5035
-6237
-6002
-4807
-3351
-2224
-1861
-2773
-4266
-4583
-3469
-1746
191
1660
1814
954
243
244
1040
2668
4396
5178
4794
3580
1968
653
321
1031
2047
2603
2202
514
-1737
-3063
-2863
-1676
-291
899
1458
896
-149
-348
680
1968
2962
4092
4819
4515
4004
3822
3731
3914
4556
5123
5092
4725
4025
2327
49
-1555
-1892
-970
596
1192
-610
-4219
-7370
-8500
-7540
-4806
-1714
-1096
-3573
-6139
-6716
-5904
-3867
-341
2903
3606
2161
887
808
1061
1428
2607
4073
4634
4064
2665
796
-899
-1808
-1794
-1093
-476
-905
-2483
-4440
-6019
-6625
-5962
-4523
-3546
-3959
-5183
-5975
-5942
-5060
-3131
-1006
-140
-349
-373
8
691
2125
3900
4735
4593
4282
3768
3160
2940
2894
2869
3073
2997
2200
1129
58
-846
-900
-254
81
137
315
105
-548
-641
320
1525
2129
2470
3096
3528
3403
3368
3791
4474
5227
5836
6065
5804
4866
3286
1523
96
-296
911
2419
1662
-1524
-4561
-6083
-6974
-6616
-3833
-1197
-2315
-5807
-7293
-6090
-4700
-3291
-672
1703
1390
-715
-1338
114
1618
2368
3002
3753
4041
3259
1843
926
831
706
238
130
366
-393
-2421
-4118
-4305
-3675
-3223
-3102
-3641
-4913
-6245
-6899
-6409
-4661
-2798
-2231
-2620
-2615
-2272
-2100
-1302
482
2196
3074
3321
3342
3509
3701
3705
4112
5130
5496
4608
3494
2596
1655
1228
1594
1839
1266
236
-678
-1232
-1208
-427
726
1334
1152
1098
1501
1765
2113
2861
3563
3901
4189
4619
5088
5174
4269
2897
1912
1113
664
1795
3496
2558
-1179
-4265
-5482
-6226
-5746
-2953
-986
-3241
-7077
-8180
-6777
-5189
-3327
-811
348
-1009
-2674
-2231
-195
1549
2300
2438
2302
1982
1585
1431
1605
1771
1634
1252
951
681
-360
-2195
-3366
-3138
-2513
-2180
-2344
-3253
-4727
-6167
-6704
-5678
-3843
-3094
-3577
-3895
-3656
-3224
-2019
-163
1157
1765
2078
2014
2053
2815
3531
3701
3937
4310
4266
4085
3808
2902
1953
2045
2642
2524
1947
1549
947
46
-147
952
2195
2201
1504
1422
1658
1488
1718
2891
3557
2942
2733
3717
4276
3425
2428
1941
1112
58
513
2779
3695
949
-2764
-3900
-3798
-4338
-3359
-465
-548
-5012
-8253
-7231
-5257
-4205
-2455
-637
-1088
-3404
-4598
-3208
-661
945
1342
1591
1660
955
205
392
1351
2149
2132
1549
1145
900
-82
-1542
-1940
-1283
-1210
-2165
-2902
-3112
-4018
-5370
-5421
-4126
-3486
-3693
-3420
-2851
-2979
-3168
-2346
-1073
-151
523
1138
1585
2033
2295
2453
3216
4305
4392
3831
3969
4122
3286
2815
3719
4234
3373
2565
2348
1630
559
459
1382
2163
2076
1615
1685
1951
1701
1574
2524
3410
3157
3099
4067
4308
2927
1598
933
145
-11
2043
4220
2898
-1203
-3752
-4069
-4516
-4018
-1000
782
-2606
-7360
-8144
-6047
-4665
-3478
-1386
-737
-3075
-5397
-4543
-1698
443
1160
1311
1208
558
-378
-433
787
1948
1930
1221
617
127
-619
-1581
-1915
-1149
-689
-1233
-1609
-1756
-3023
-4588
-4267
-2984
-2847
-3125
-2602
-2798
-3850
-3527
-1776
-1036
-1207
-534
335
505
855
1915
2684
2882
2898
2886
3065
3711
4086
3646
3313
3568
3524
2894
2746
3071
2805
2202
2373
2924
2864
2452
2215
2154
2128
2285
2523
2576
2401
2209
2545
3259
3464
2659
1599
666
-294
-297
1972
4350
2982
-1086
-3485
-3736
-4084
-3208
261
2075
-1769
-7173
-8340
-6226
-4434
-2745
-543
-349
-3303
-6349
-6161
-3180
-339
659
423
-208
-1094
-1866
-1573
20
1764
2314
1501
324
-248
-312
-490
-784
-542
-235
-836
-1772
-2425
-3335
-4029
-3529
-2881
-2873
-2575
-2274
-3393
-4248
-2637
-591
-633
-1141
-405
132
-63
453
1838
2543
2308
1911
2011
2941
4083
4220
3512
3175
3017
2460
2459
3626
4329
3526
2397
2017
1965
2108
2734
3274
3146
2660
2294
2112
2272
2672
2901
2994
3387
3594
2910
1834
793
-206
-60
2201
4177
2674
-1126
-3531
-4068
-4020
-2536
610
1694
-1971
-6836
-8221
-6304
-3917
-1769
125
37
-3051
-6334
-6097
-2727
350
1179
580
-520
-1895
-2765
-2081
-108
1381
1278
152
-935
-1429
-1107
-539
-663
-1120
-856
-436
-1339
-2751
-2855
-2023
-2101
-2776
-2363
-1408
-1885
-3391
-3380
-1697
-618
-1027
-1389
-994
-577
-441
-166
782
2015
2290
1317
1180
2976
4452
3940
3328
3770
3559
2462
2521
3942
4607
3849
2573
1471
1120
1793
2584
2845
2959
2764
1844
1103
1604
2667
3220
3380
3451
3190
2440
1445
361
-385
373
2554
3713
1732
-1855
-3978
-4290
-3888
-2191
653
1082
-2757
-7262
-8126
-5816
-3219
-1399
-174
-518
-3446
-6528
-6113
-2428
706
1135
-16
-1358
-2589
-3008
-1737
468
1736
1159
-407
-1769
-2016
-888
551
801
119
-184
-519
-1851
-2973
-2202
-769
-781
-1794
-2346
-2475
-2657
-2480
-1688
-804
-389
-633
-1328
-1573
-617
620
981
1143
1873
2139
1404
1343
2867
4197
4014
3474
3324
2883
2436
3037
4128
4542
4155
3173
1871
1429
2543
3782
3921
3384
2677
1785
1373
1950
2811
3318
3518
3198
2211
1350
1103
729
-345
-533
1605
3775
2484
-1525
-4269
-4394
-3449
-1948
386
1327
-1548
-6355
-8635
-6838
-3428
-937
-72
-1083
-4063
-7118
-7273
-4091
-449
935
-98
-2202
-4035
-4506
-2812
77
1763
1317
-181
-1609
-2385
-1699
333
1728
1256
0
-853
-1550
-2087
-1654
-477
71
-524
-1647
-2521
-2550
-1677
-507
106
-44
-578
-1029
-1014
-276
836
1605
1776
1606
1335
1089
1565
2917
3986
3893
3224
2697
2200
2163
3190
4412
4644
3972
2815
1473
1008
2104
3652
4141
3442
2137
940
700
1432
2252
2702
2837
2352
1426
961
1345
1866
1467
-64
-1279
-282
2176
2932
637
-2473
-3753
-2946
-1160
482
751
-1165
-4317
-6344
-5891
-3889
-2001
-1328
-2271
-4427
-6590
-7079
-5199
-2151
-402
-1266
-3473
-4886
-4592
-3118
-1307
87
408
-336
-1474
-2249
-1961
-404
1255
1463
359
-798
-1284
-1121
-515
99
66
-470
-926
-1137
-1110
-786
-209
284
323
-68
-335
59
909
1590
1761
1551
1479
1745
2035
2158
2381
2824
3057
2869
2425
2050
2130
2722
3212
3034
2427
1965
1835
1988
2487
3060
3195
2574
1589
1256
1884
2480
2400
2093
1903
1785
1748
1838
1897
1729
1322
810
326
-79
-146
510
1327
829
-1165
-2838
-2932
-2117
-1236
-706
-1245
-2969
-4698
-5185
-4351
-2996
-2124
-2245
-3002
-3855
-4574
-4641
-3458
-1798
-1121
-1621
-2463
-3135
-3323
-2566
-1141
-171
-345
-1206
-1939
-2194
-1887
-913
199
566
141
-429
-826
-991
-518
543
1324
1212
547
40
18
327
568
771
1078
1163
883
648
660
665
783
1333
1876
1853
1500
1386
1570
1789
2077
2509
2827
2782
2412
1935
1750
2064
2663
3052
2946
2484
1956
1586
1690
2291
2796
2692
2060
1307
814
988
1700
2327
2225
1288
200
-132
467
1195
1209
425
-540
-1106
-904
-144
355
-89
-1318
-2606
-3116
-2410
-1327
-1019
-1803
-3228
-4502
-4766
-3904
-2699
-1875
-1812
-2655
-3968
-4679
-4136
-2732
-1379
-684
-934
-1961
-2923
-2868
-1671
-305
257
-11
-652
-1349
-1700
-1306
-399
329
371
-119
-561
-673
-579
-330
230
752
666
97
-287
-197
248
932
1448
1335
800
514
679
1166
1780
2163
2031
1477
895
763
1298
2124
2530
2150
1334
645
496
1001
1910
2627
2483
1549
751
875
1651
2314
2585
2513
2014
1300
1048
1504
2056
2036
1495
996
758
630
556
668
776
408
-230
-492
-330
-285
-492
-707
-816
-919
-1162
-1444
-1538
-1560
-1732
-1805
-1587
-1457
-1814
-2379
-2650
-2491
-2149
-1896
-1799
-1871
-2123
-2372
-2273
-1833
-1427
-1214
-1083
-1047
-1218
-1439
-1321
-805
-270
-54
-219
-576
-747
-624
-371
-89
154
298
279
22
-280
-193
193
383
422
614
733
428
70
189
590
862
938
963
929
745
567
659
1116
1560
1524
1149
758
588
848
1465
1990
1957
1386
797
711
1105
1611
1896
1817
1465
1042
828
1048
1547
1733
1376
927
767
829
854
756
656
493
257
161
152
92
-40
-262
-522
-772
-972
-1082
-1050
-1065
-1275
-1487
-1537
-1462
-1433
-1424
-1287
-1201
-1403
-1660
-1646
-1452
-1288
-1180
-1123
-1127
-1202
-1319
-1318
-1102
-763
-550
-594
-724
-747
-614
-407
-187
-39
-36
-152
-317
-345
-130
236
356
-2
-424
-453
-248
-103
96
371
367
1
-291
-174
224
611
904
1017
831
536
468
632
819
955
981
874
676
381
216
377
652
716
531
371
410
576
770
926
1057
1159
1193
1171
1161
1211
1282
1367
1423
1318
1092
886
659
425
393
557
539
191
-231
-485
-573
-680
-842
-910
-843
-872
-1096
-1343
-1435
-1378
-1274
-1193
-1188
-1279
-1439
-1491
-1332
-1147
-1067
-1046
-1072
-1040
-838
-566
-454
-510
-493
-368
-222
-39
158
236
185
125
95
120
228
338
330
220
105
20
14
163
411
570
518
372
272
179
124
299
704
924
668
222
-13
72
247
355
453
511
386
69
-141
-85
89
337
624
675
384
62
2
199
501
732
755
549
272
150
243
493
731
762
556
223
20
120
407
548
496
432
354
256
242
331
390
304
39
-283
-459
-481
-477
-510
-717
-1150
-1588
-1754
-1631
-1365
-1144
-1200
-1533
-1862
-1914
-1656
-1217
-886
-890
-1011
-940
-808
-709
-410
-5
116
-36
-81
122
415
582
516
327
268
411
633
803
814
651
483
482
662
933
1146
1164
957
682
523
615
951
1227
1140
775
448
365
429
436
464
604
689
492
170
40
93
235
421
532
444
229
61
-32
-101
-5
256
383
277
114
32
39
38
-10
41
173
177
64
-12
-68
-189
-264
-182
-35
-30
-201
-359
-452
-590
-783
-894
-861
-733
-613
-653
-942
-1313
-1352
-1078
-859
-810
-861
-984
-1124
-1199
-1181
-999
-731
-664
-864
-1036
-1031
-900
-706
-490
-293
-192
-241
-393
-342
-29
291
454
515
537
439
411
587
819
910
843
783
917
1127
1072
866
839
1012
1109
1103
1180
1276
1216
1042
1012
1146
1235
1225
1281
1339
1236
1016
906
1020
1093
1013
864
683
550
515
476
383
330
294
151
-46
-113
-39
92
180
157
53
-76
-151
-140
3
213
263
99
-160
-347
-368
-307
-277
-346
-560
-843
-1092
-1236
-1180
-1025
-963
-1092
-1370
-1574
-1606
-1505
-1348
-1272
-1363
-1551
-1654
-1569
-1352
-1142
-1060
-1103
-1189
-1211
-1004
-690
-549
-562
-520
-388
-286
-279
-252
-94
69
116
91
77
92
132
238
398
502
461
430
543
658
730
790
791
776
805
858
975
1147
1200
1088
1002
1058
1127
1163
1234
1247
1108
903
774
792
932
1069
1018
811
571
338
265
481
772
778
485
177
81
201
339
405
442
409
244
12
-90
-18
59
-7
-154
-238
-272
-284
-363
-515
-634
-782
-955
-999
-879
-783
-858
-1005
-1159
-1263
-1262
-1094
-833
-750
-915
-1212
-1426
-1422
-1295
-1133
-951
-898
-1108
-1347
-1343
-1106
-843
-643
-499
-500
-607
-568
-316
-55
42
16
14
27
9
-34
55
289
396
325
267
289
309
376
572
742
746
691
665
711
863
985
1029
1088
1140
1078
1012
1105
1258
1298
1268
1171
1001
953
1035
1137
1184
1127
934
654
486
498
588
617
510
383
322
238
129
99
190
243
144
-1
-86
-153
-240
-307
-307
-224
-203
-328
-522
-607
-590
-676
-780
-718
-647
-725
-822
-852
-885
-923
-912
-888
-867
-852
-898
-950
-977
-999
-960
-871
-789
-763
-805
-811
-752
-706
-636
-478
-265
-135
-176
-232
-195
-126
-76
28
187
227
93
-44
5
144
219
234
274
348
423
480
511
597
696
743
785
830
849
850
892
1008
1118
1093
974
964
1072
1069
939
918
1021
1002
865
812
815
743
631
593
620
641
592
452
292
197
179
183
167
79
-81
-227
-333
-384
-353
-299
-291
-351
-438
-540
-632
-621
-515
-476
-604
-734
-776
-847
-915
-917
-850
-825
-926
-1043
-1075
-1053
-1054
-1054
-1004
-958
-971
-1029
-1073
-1056
-1032
-1014
-952
-811
-722
-791
-829
-698
-527
-428
-370
-326
-309
-313
-309
-223
-72
32
17
-116
-189
-110
32
214
420
519
462
370
387
531
686
810
886
909
899
828
752
826
1032
1174
1180
1133
1072
1017
1078
1233
1354
1336
1212
1094
974
909
941
993
968
804
558
401
402
437
410
308
164
73
20
-24
1
52
9
-158
-299
-299
-272
-272
-283
-351
-495
-609
-606
-583
-596
-610
-613
-684
-826
-904
-825
-692
-678
-801
-911
-905
-844
-814
-821
-806
-775
-797
-853
-811
-669
-566
-572
-611
-580
-485
-406
-362
-333
-353
-311
-202
-101
-33
-67
-70
27
93
78
81
141
224
282
269
217
209
282
348
377
427
513
567
580
588
606
661
744
844
927
972
927
818
748
802
927
993
983
887
707
533
524
657
731
658
496
364
259
183
156
163
158
51
-118
-216
-187
-138
-170
-284
-393
-415
-379
-358
-346
-361
-426
-474
-523
-579
-591
-546
-469
-434
-543
-667
-675
-646
-621
-616
-620
-617
-649
-723
-748
-671
-603
-662
-744
-693
-551
-500
-523
-505
-421
-332
-312
-276
-205
-149
-130
-115
-45
33
105
169
188
150
160
247
298
304
342
355
308
340
439
471
478
540
568
535
575
738
846
819
754
689
691
741
796
915
1019
932
738
629
593
633
759
848
774
536
315
241
318
431
444
318
144
-3
-114
-115
-29
3
-65
-211
-375
-449
-443
-373
-307
-345
-450
-591
-707
-741
-639
-509
-497
-594
-712
-759
-752
-690
-595
-551
-576
-633
-707
-766
-771
-712
-653
-689
-772
-821
-848
-864
-756
-583
-530
-582
-631
-626
-579
-464
-285
-127
-81
-122
-185
-169
17
217
306
321
302
284
330
436
556
613
564
482
442
497
619
688
647
592
591
636
702
743
790
843
818
751
752
845
943
929
856
826
782
740
764
782
756
684
552
444
439
427
348
296
269
199
98
31
0
-34
-33
-62
-131
-149
-186
-265
-300
-287
-315
-371
-387
-411
-460
-498
-490
-460
-466
-509
-587
-635
-607
-560
-538
-560
-657
-796
-852
-815
-770
-712
-654
-680
-826
-934
-874
-764
-651
-572
-623
-704
-683
-610
-543
-440
-330
-284
-320
-336
-256
-98
28
67
73
130
253
292
293
363
388
388
470
556
580
577
554
529
548
643
701
659
626
608
526
456
501
566
590
556
462
410
439
486
516
529
510
427
323
320
371
410
411
343
211
99
104
123
98
95
58
-69
-192
-193
-128
-121
-141
-146
-193
-264
-303
-305
-261
-208
-204
-186
-184
-250
-312
-315
-273
-240
-270
-332
-421
-496
-502
-496
-468
-447
-509
-629
-678
-652
-656
-662
-624
-567
-545
-567
-584
-539
-457
-372
-284
-211
-174
-162
-117
-37
36
94
207
329
378
407
421
396
403
465
514
564
621
641
571
504
568
651
692
726
736
679
598
588
619
648
676
683
663
614
540
499
487
491
456
384
357
325
268
240
193
100
69
107
89
-21
-103
-114
-137
-147
-131
-113
-114
-172
-263
-295
-276
-278
-300
-310
-312
-347
-369
-351
-348
-346
-325
-341
-409
-455
-457
-452
-427
-406
-449
-515
-575
-627
-651
-641
-616
-617
-637
-676
-715
-696
-681
-692
-643
-573
-557
-570
-566
-546
-510
-418
-326
-318
-311
-236
-128
-43
3
18
29
59
122
187
250
285
300
315
328
370
431
466
432
389
387
444
506
485
447
462
477
476
494
514
503
469
445
423
450
468
423
420
426
394
323
245
253
296
286
217
133
80
71
98
148
177
163
111
30
-23
-18
22
10
-22
-20
-22
-24
-68
-97
-76
-56
-61
-76
-72
-92
-109
-133
-194
-236
-247
-226
-202
-231
-310
-407
-470
-474
-473
-492
-466
-428
-448
-519
-560
-496
-393
-367
-396
-384
-331
-268
-240
-198
-120
-70
-44
-59
-87
-13
116
169
175
172
141
110
171
262
306
344
333
294
275
277
307
336
369
385
376
358
320
308
346
379
372
352
314
273
274
290
312
321
279
210
190
203
212
233
231
177
86
3
5
98
161
106
12
-18
-6
-1
14
43
66
67
52
36
43
98
113
121
128
74
31
40
97
96
66
47
-19
-68
-93
-51
-1
-62
-142
-249
-277
-194
-184
-181
-207
-247
-259
-262
-204
-176
-141
-95
-156
-200
-170
-102
-48
-27
28
30
-19
-32
26
118
142
129
95
78
83
120
187
205
216
216
178
121
92
146
223
243
209
131
71
65
91
150
188
178
81
-37
-66
21
114
133
108
-15
-151
-221
-173
-27
8
-63
-164
-254
-247
-186
-106
-93
-167
-184
-242
-312
-257
-175
-132
-160
-180
-183
-217
-204
-186
-154
-97
-83
-85
-101
-98
-84
-103
-85
-43
-84
-150
-142
-106
-118
-126
-61
-66
-154
-165
-143
-128
-53
25
-6
-137
-206
-135
-32
35
58
38
-27
-84
-73
33
145
185
168
115
115
160
197
234
208
131
110
137
194
211
183
160
73
50
91
82
57
39
55
47
19
-12
-9
44
47
-32
-113
-74
-30
9
19
-75
-116
-127
-145
-114
-93
-73
-103
-215
-245
-223
-169
-107
-170
-181
-139
-189
-208
-228
-206
-56
-100
49
-293
-1699
-2559
-1691
699
1759
659
-453
-1154
-1051
-332
551
1028
424
429
897
435
-438
-1374
-1222
90
1427
1815
401
-821
-1158
-1238
-1088
-869
39
589
900
864
-295
-978
-842
-107
401
423
863
808
545
325
-505
-809
-353
404
951
763
782
510
-283
-396
-414
138
1129
1408
1374
702
310
281
-485
-435
-178
-7
758
474
4
-536
-1014
-435
-367
189
675
36
-99
-337
-230
-339
-813
-130
312
614
750
147
40
-73
-88
96
147
551
528
117
-94
-176
-124
-80
-84
75
355
276
-122
-516
-435
-99
-23
137
216
266
241
27
-95
-119
180
549
664
652
491
306
218
322
592
657
645
658
605
487
174
83
213
438
664
536
439
405
385
367
233
366
609
714
713
600
455
325
289
426
607
727
786
670
432
253
233
321
305
353
454
326
169
-14
-192
-201
-146
-50
-40
-101
-171
-298
-405
-530
-618
-548
-295
-41
-122
-462
-681
-727
-636
-456
-378
-391
-421
-470
-619
-775
-712
-600
-558
-474
-340
-325
-423
-466
-604
-794
-772
-516
-343
-381
-359
-380
-518
-593
-555
-485
-375
-134
-1
-111
-232
-324
-370
-341
-231
-110
-64
50
48
-174
-291
-226
-92
4
95
132
48
71
109
28
-21
12
128
157
219
333
258
246
209
130
230
383
504
378
235
343
363
323
276
231
292
332
330
238
135
161
103
54
105
50
14
2
-17
-42
-154
-189
-158
-122
-114
-210
-289
-297
-308
-375
-449
-404
-273
-265
-344
-456
-569
-549
-551
-514
-412
-400
-421
-498
-571
-599
-562
-419
-334
-351
-399
-423
-359
-281
-283
-325
-316
-183
-101
-148
-180
-166
-155
-224
-250
-190
-85
22
-14
-123
-173
-104
-33
-62
-78
-11
95
138
80
-23
-67
3
134
194
146
103
102
156
242
252
270
379
455
477
397
314
335
340
356
406
454
417
375
390
332
276
283
306
348
403
382
314
248
232
203
89
124
251
276
181
-8
-213
-260
-83
95
85
-73
-182
-229
-203
-166
-223
-329
-340
-162
-65
-137
-251
-316
-295
-245
-165
-160
-150
-85
-38
-42
-138
-175
-148
-20
162
153
112
67
-13
15
54
133
174
163
191
180
233
246
178
214
296
347
350
331
335
315
339
379
297
242
269
303
389
428
394
332
274
336
425
444
452
398
358
424
467
446
388
428
534
539
500
416
431
505
500
444
370
413
374
244
230
299
341
313
279
189
87
-20
-51
24
48
28
-61
-148
-163
-198
-245
-287
-316
-303
-257
-244
-334
-486
-570
-515
-409
-366
-389
-450
-507
-545
-546
-514
-523
-549
-548
-512
-455
-430
-436
-439
-455
-429
-366
-357
-359
-312
-221
-232
-306
-360
-370
-238
-87
-35
-87
-138
-161
-121
-43
-29
-77
-125
-28
55
36
-69
-201
-104
94
227
245
143
61
35
57
139
197
204
254
292
340
317
241
287
354
417
385
313
335
377
401
290
163
175
294
407
407
325
248
217
195
155
124
141
154
141
115
75
19
-24
-11
-29
-78
-135
-138
-74
-110
-212
-325
-377
-294
-195
-184
-233
-256
-278
-365
-418
-394
-374
-324
-277
-322
-358
-349
-376
-405
-400
-383
-397
-373
-288
-285
-360
-402
-381
-359
-341
-283
-245
-213
-184
-217
-312
-325
-252
-164
-82
-58
-67
-157
-194
-141
-151
-171
-155
-62
-7
-20
-62
-147
-113
8
35
-5
21
91
103
84
72
69
98
139
134
96
114
208
226
143
75
88
147
197
230
182
139
162
179
148
70
47
88
111
103
81
42
14
43
53
54
74
62
109
130
77
62
56
82
109
91
46
4
13
51
73
53
-4
-35
-32
-43
-22
8
9
11
-34
-77
-54
-10
6
-43
-33
29
58
84
45
-27
-31
21
77
63
22
50
69
60
29
-4
62
142
133
75
72
136
134
98
85
36
45
126
186
210
168
140
150
144
221
284
281
284
256
233
228
264
328
298
237
265
298
319
273
158
117
179
324
324
198
184
213
231
207
158
122
114
162
168
84
28
66
108
96
28
-4
26
70
92
54
38
49
47
67
65
36
10
17
55
48
14
-38
-95
-102
-47
39
71
44
-12
-33
-39
-15
39
36
38
-4
-64
-69
-76
-52
-35
-32
-29
-55
-36
26
35
-17
-51
-43
-15
37
55
38
5
-20
-21
-11
36
34
-27
-25
8
48
46
-8
-21
13
113
153
117
92
60
86
120
120
115
92
79
65
37
44
43
23
25
16
34
23
-35
-56
-72
-78
-123
-171
-160
-137
-109
-141
-188
-209
-224
-206
-158
-95
-95
-134
-174
-190
-190
-213
-183
-150
-135
-127
-177
-236
-250
-245
-214
-174
-167
-185
-215
-211
-198
-229
-257
-234
-174
-161
-202
-220
-219
-231
-225
-240
-252
-187
-131
-145
-209
-247
-217
-204
-174
-153
-196
-229
-261
-261
-232
-202
-170
-193
-204
-195
-218
-206
-184
-146
-111
-127
-136
-132
-135
-121
-126
-140
-106
-61
-33
-17
0
15
12
6
-12
-26
29
61
39
7
-25
8
-3
-31
-22
-48
4
71
66
13
-87
-108
-64
-8
41
4
-40
-40
-39
-40
-70
-107
-103
-64
-13
7
-35
-90
-98
-39
21
21
12
-17
-33
-13
-25
-33
-23
8
42
22
5
-24
-35
61
137
137
113
66
39
70
129
171
142
118
120
113
146
155
143
161
191
194
182
158
142
209
255
261
240
172
181
213
184
169
204
232
209
185
170
155
194
243
251
245
206
210
273
306
312
273
216
229
246
252
257
220
237
264
229
192
160
172
211
231
225
157
95
98
129
133
86
32
2
18
53
17
-17
2
16
16
-19
-39
-48
-73
-51
-22
-27
-43
-90
-112
-99
-94
-77
-78
-82
-83
-107
-101
-97
-131
-127
-102
-87
-82
-91
-84
-118
-172
-119
-46
-37
-36
-40
-48
-20
-6
2
8
-14
8
15
-24
-19
-14
12
29
7
10
8
38
70
42
16
-1
12
63
102
94
29
17
76
55
46
94
132
164
133
87
38
24
89
122
117
96
86
87
34
23
8
-43
-1
46
32
21
-5
-45
-35
-13
-14
-44
-49
-1
-17
-68
-108
-147
-132
-106
-93
-104
-139
-124
-116
-144
-133
-143
-139
-134
-160
-147
-147
-147
-149
-194
-205
-187
-201
-214
-197
-190
-189
-213
-260
-243
-206
-204
-210
-220
-221
-224
-218
-187
-185
-188
-171
-168
-171
-175
-163
-144
-126
-87
-91
-115
-93
-59
-71
-84
-62
-62
-47
-50
-65
-41
-24
-15
-29
-19
-8
-17
-7
32
98
70
19
24
22
72
99
90
76
55
66
52
47
71
50
15
-3
-13
-23
-28
4
22
-43
-96
-110
-114
-74
-39
-35
-59
-65
-83
-136
-115
-84
-79
-56
-44
-63
-106
-113
-98
-97
-130
-117
-79
-103
-99
-93
-129
-115
-83
-99
-117
-90
-55
-28
-26
-55
-72
-87
-52
-1
-27
-43
-16
20
36
40
33
14
53
107
128
108
84
85
83
119
147
128
109
110
122
128
151
174
169
200
235
205
173
177
196
232
265
266
225
178
187
205
204
232
259
253
225
210
203
201
217
207
204
209
203
175
113
82
105
126
129
106
69
76
109
73
21
28
47
46
36
47
40
-11
-22
5
1
-29
-24
1
24
23
-20
-35
-18
-7
-2
15
35
23
-6
-34
-57
-64
-41
-18
-9
-7
-40
-64
-55
-23
3
5
15
31
32
9
-10
-3
32
79
78
42
38
60
74
86
93
90
85
87
75
45
39
66
88
108
102
53
35
31
62
98
82
93
103
81
78
95
108
116
109
86
73
96
139
110
61
78
90
75
67
63
73
81
55
17
-9
-5
4
9
-2
-38
-42
-44
-32
-21
-51
-53
-35
-39
-46
-38
-46
-71
-75
-55
-63
-84
-95
-104
-94
-99
-109
-108
-113
-109
-111
-111
-114
-110
-94
-96
-80
-89
-91
-76
-107
-110
-87
-98
-97
-74
-56
-52
-72
-104
-108
-98
-67
-23
-4
-16
-37
-57
-75
-64
-46
-23
-14
-36
-41
-80
-129
-139
-117
-52
-25
-50
-90
-108
-95
-79
-87
-84
-66
-71
-56
-67
-109
-104
-89
-86
-83
-67
-72
-86
-51
-26
-39
-66
-85
-56
-50
-75
-89
-134
-151
-117
-117
-144
-153
-155
-151
-142
-138
-137
-136
-113
-98
-127
-160
-165
-172
-162
-109
-96
-136
-160
-173
-170
-147
-112
-102
-125
-129
-144
-132
-90
-91
-81
-75
-78
-96
-107
-57
-11
1
-19
-44
-68
-62
-5
30
31
28
15
1
-2
37
78
88
109
124
112
96
88
93
112
135
141
116
100
107
91
83
114
143
127
105
116
127
130
126
108
109
115
118
122
101
99
121
124
117
104
106
120
131
130
118
116
119
124
140
120
79
68
76
82
55
32
34
41
55
33
10
38
54
57
30
-6
15
32
33
-5
-70
-71
-28
5
2
-11
-8
-12
-21
-22
-13
3
27
39
26
-2
-6
9
3
1
9
24
35
33
26
24
55
77
75
78
73
84
106
126
137
127
109
106
103
94
117
138
152
163
161
126
100
120
129
164
198
169
120
115
113
82
84
121
138
118
80
60
51
30
75
120
87
73
73
59
52
44
60
81
61
16
-10
-13
-11
6
-3
-43
-56
-57
-54
-48
-48
-49
-53
-66
-67
-69
-89
-76
-43
-50
-87
-117
-120
-103
-82
-67
-57
-54
-46
-46
-71
-81
-47
-21
-9
-1
-5
-23
-63
-51
-17
-10
11
-1
-27
-29
-23
12
39
50
47
24
2
2
20
16
31
66
45
4
-8
-2
22
58
75
61
33
33
50
38
23
32
38
36
22
-4
-22
-35
-46
-46
-60
-68
-46
-42
-40
-32
-58
-64
-57
-58
-46
-53
-72
-78
-81
-101
-112
-114
-130
-128
-123
-130
-112
-112
-129
-115
-117
-126
-140
-155
-118
-100
-117
-133
-142
-148
-168
-158
-135
-121
-114
-113
-108
-91
-80
-97
-96
-85
-75
-78
-88
-77
-76
-58
-49
-39
-30
-60
-68
-41
-3
6
-18
-40
-38
-41
-58
-41
-25
-23
-20
-13
-11
-14
-5
-2
-18
-15
11
21
9
17
20
-8
-9
10
18
16
23
42
38
38
36
27
31
38
36
14
20
26
12
21
41
41
26
30
46
59
64
64
74
77
76
67
39
57
81
71
55
36
40
53
67
69
43
22
27
39
46
65
71
41
2
-6
8
15
31
48
55
29
-3
-8
4
49
67
55
59
55
48
58
70
63
64
80
85
73
58
86
71
30
61
75
51
57
82
78
44
34
50
53
49
55
59
56
51
47
39
46
56
52
55
55
57
47
33
65
87
74
58
49
43
41
59
65
43
13
-2
8
19
38
52
50
41
13
20
41
43
60
62
47
39
39
43
44
39
38
47
45
26
29
44
30
38
53
32
33
35
29
28
41
60
27
4
13
-9
-9
26
33
12
17
36
15
-9
16
44
25
10
27
13
-1
16
28
22
21
20
0
-6
-12
-12
3
-10
-17
-19
-32
-32
-50
-54
-30
-38
-45
-38
-51
-47
-29
-52
-65
-49
-37
-23
-15
-38
-51
-42
-52
-51
-46
-47
-41
-42
-59
-65
-73
-80
-64
-71
-88
-81
-67
-58
-69
-93
-97
-94
-97
-79
-64
-66
-64
-77
-90
-88
-83
-69
-85
-95
-71
-73
-91
-107
-104
-85
-84
-87
-86
-88
-96
-107
-112
-107
-94
-86
-94
-112
-138
-146
-117
-91
-79
-81
-109
-133
-137
-110
-73
-72
-79
-81
-78
-71
-73
-94
-95
-74
-72
-59
-41
-54
-61
-66
-71
-60
-54
-36
-25
-38
-53
-57
-24
-19
-18
-13
-41
-22
4
-2
-9
-2
-1
-13
2
1
-12
-10
-2
2
3
2
-8
-1
-14
-25
-3
10
27
39
22
8
12
15
14
17
22
17
10
13
14
29
55
64
57
45
37
42
60
99
111
79
55
41
43
49
54
75
80
89
87
73
63
70
106
110
108
104
60
58
86
82
78
77
63
41
36
49
66
88
86
81
66
48
52
54
39
51
79
67
24
16
37
32
33
31
22
23
20
15
12
29
37
8
-5
-2
2
14
32
46
11
-13
-4
-9
7
32
39
17
0
-1
-16
-20
-7
12
4
4
16
0
5
27
38
45
23
-4
-2
20
36
43
43
29
23
29
34
56
72
74
61
37
27
51
87
84
78
72
38
33
61
84
95
85
61
32
23
36
62
86
69
63
53
32
37
43
44
41
40
39
24
26
42
51
57
33
5
1
32
51
41
39
19
11
22
17
12
17
31
29
26
21
19
27
29
36
30
14
8
19
43
48
27
4
6
2
0
19
17
15
17
-2
-19
-21
-9
-1
-15
-20
-28
-44
-39
-39
-49
-38
-34
-50
-66
-92
-77
-30
-32
-58
-84
-100
-98
-90
-89
-74
-67
-102
-106
-103
-123
-112
-90
-90
-90
-101
-121
-97
-89
-108
-96
-92
-113
-124
-110
-103
-98
-82
-85
-101
-102
-73
-54
-57
-49
-45
-48
-38
-37
-48
-51
-39
-38
-44
-35
-41
-56
-37
-17
-3
-14
-18
1
5
32
35
25
26
5
3
1
10
21
-1
7
6
2
27
25
18
18
17
20
39
42
7
-2
2
-20
-12
1
-23
-33
-21
-16
-27
-34
-26
-17
-11
-28
-42
-37
-35
-40
-45
-32
-49
-89
-81
-71
-81
-74
-52
-51
-74
-77
-77
-79
-50
-38
-45
-56
-75
-61
-66
-72
-61
-69
-64
-81
-85
-55
-49
-39
-41
-43
-37
-38
-20
-12
-15
0
3
-21
-12
7
-5
0
9
8
9
13
18
25
41
44
31
36
54
65
75
79
59
45
65
83
68
62
78
64
57
73
82
71
50
75
82
73
95
83
74
79
65
59
61
61
49
38
51
52
37
31
23
22
30
36
37
28
20
8
11
24
22
18
-10
-21
-16
-14
-6
-9
-11
-20
-22
-21
-13
6
2
0
-1
-20
-4
5
-12
-7
-2
5
3
-6
-5
2
17
23
31
28
7
17
31
46
68
71
64
54
55
61
85
90
93
108
95
82
98
119
117
112
120
138
140
126
127
125
137
142
136
135
122
134
136
130
134
108
103
119
117
107
98
80
69
77
72
64
60
35
18
22
28
20
11
-3
-28
-36
-34
-22
-32
-47
-47
-68
-67
-69
-91
-94
-88
-93
-122
-137
-135
-120
-112
-116
-125
-140
-147
-154
-139
-132
-139
-114
-132
-162
-154
-148
-139
-134
-126
-121
-128
-123
-116
-107
-108
-118
-103
-93
-98
-99
-89
-72
-55
-64
-77
-59
-69
-66
-33
-6
3
-16
-20
-16
-9
10
12
14
33
25
7
21
33
36
53
66
59
35
35
36
42
66
66
75
48
25
42
43
57
66
61
52
28
16
29
40
38
33
31
24
-5
-16
12
11
1
8
-12
-27
-23
-34
-52
-37
-39
-72
-79
-84
-86
-80
-76
-85
-111
-110
-106
-116
-111
-100
-108
-123
-121
-137
-127
-100
-121
-124
-123
-139
-134
-121
-111
-120
-128
-105
-93
-99
-101
-81
-73
-78
-60
-52
-68
-57
-31
-30
-24
-16
-23
-20
-13
10
22
20
26
18
27
51
73
84
56
59
87
74
79
85
75
83
84
93
96
73
90
107
104
114
113
113
95
91
117
118
129
123
96
100
100
105
107
102
95
75
78
92
96
99
83
68
69
71
72
65
56
52
36
26
26
8
0
34
40
0
-15
-15
-17
6
5
-1
5
-16
-28
-21
-12
-1
-4
-31
-39
-14
-11
-3
6
-6
5
4
-11
8
12
19
40
32
11
10
4
12
47
56
42
27
28
33
41
64
78
77
55
47
68
64
49
62
74
59
58
57
44
53
58
54
60
54
43
40
49
52
60
66
56
63
52
27
33
43
49
42
40
44
29
20
22
35
28
22
33
18
14
29
36
27
4
-13
-18
-17
-7
6
14
3
-29
-43
-51
-47
-17
-3
-20
-57
-62
-50
-56
-47
-38
-36
-49
-61
-52
-67
-66
-39
-58
-61
-49
-59
-53
-53
-48
-39
-34
-33
-43
-41
-46
-41
-20
-22
-30
-36
-32
-33
-30
-12
-21
-26
-19
-8
-5
-7
10
4
-3
-2
-8
-6
-2
-2
-12
-10
2
-11
-29
-9
13
3
8
7
-2
6
6
11
-7
-18
2
-1
7
10
1
-2
-11
-10
3
23
4
-10
6
-5
-4
6
7
3
2
7
2
-5
-20
-19
10
9
-8
-19
-28
-27
-35
-38
-28
-30
-31
-32
-31
-33
-38
-44
-49
-44
-55
-63
-51
-48
-42
-46
-47
-53
-79
-62
-51
-45
-37
-52
-37
-40
-63
-48
-41
-34
-30
-38
-41
-45
-42
-26
-16
-30
-46
-35
-21
-14
-19
-20
-12
-14
-13
-13
-12
-15
-24
-16
1
-15
-23
-19
-28
1
27
18
21
9
-9
12
18
9
26
22
3
20
15
0
4
13
23
17
17
17
17
19
21
27
16
30
40
14
21
26
-4
-4
3
13
25
15
16
25
27
20
17
32
25
13
40
41
20
26
31
34
26
22
31
37
46
41
34
36
47
44
36
54
57
45
45
57
64
53
51
62
71
64
39
41
46
44
58
72
73
63
54
52
54
64
66
63
71
65
57
43
20
39
47
27
40
46
33
42
46
42
24
17
29
40
41
19
12
12
9
28
18
-11
-10
-4
-2
9
18
0
-11
-10
-5
6
1
4
-5
-8
-15
-20
-9
-32
-22
-6
-36
-33
-29
-35
-23
-22
-17
-15
-19
-13
-16
-10
-9
-20
-31
-40
-27
-12
-14
-17
-14
-17
-8
1
-7
0
-6
-14
15
8
-17
-14
-10
-3
-11
-28
-5
18
2
-14
-6
-6
-9
7
1
-7
13
8
-1
12
13
10
-2
-10
3
1
-16
-6
8
1
-14
-13
-4
-1
1
-2
1
10
-9
-16
-4
-7
-1
3
-1
-8
-3
-7
-16
0
10
10
9
0
4
2
9
20
1
-10
-8
1
3
-9
-3
-7
4
6
-13
-4
-1
-4
3
5
-2
-6
-3
-5
0
8
2
-4
-4
-16
-4
18
3
7
14
4
8
-7
-12
2
3
8
4
-4
1
2
1
3
5
-7
-11
2
2
9
14
-5
-19
-13
-2
3
6
1
-13
-20
-20
-21
-25
-26
-22
-22
-33
-44
-28
-12
-21
-16
-13
-31
-35
-33
-47
-52
-52
-53
-41
-44
-58
-53
-51
-41
-29
-49
-40
-26
-42
-40
-24
-32
-48
-45
-44
-45
-31
-28
-39
-38
-29
-43
-44
-27
-18
-19
-16
-7
-18
-26
-16
-5
-5
-1
6
9
6
-9
-14
-4
5
12
26
35
26
19
23
30
23
32
43
27
27
38
46
25
12
37
24
24
48
46
42
37
42
36
14
26
45
42
43
28
9
20
18
7
20
23
14
11
4
-2
-10
-6
0
-1
9
18
10
0
7
2
-17
-4
8
0
1
0
-5
-10
-19
-12
-9
-14
-17
-17
9
17
1
-1
-4
-4
-15
-18
-2
-14
-31
-40
-37
-20
-19
-9
-6
-13
-16
-26
-19
-7
-7
1
-1
-8
-12
-17
-15
-11
-11
-8
-12
-5
6
1
8
18
17
7
-6
8
16
23
24
14
13
-3
3
26
33
23
11
22
13
9
24
23
24
26
34
24
5
24
22
8
15
23
22
12
9
12
9
9
21
12
4
10
8
16
19
5
-7
-5
-12
-14
2
4
-5
-5
4
5
8
5
-2
15
11
2
3
-7
-5
-9
-18
-2
-5
-13
-12
-2
10
6
4
-2
-10
-4
-7
-6
-1
-3
-5
-15
-7
1
-7
3
11
11
-4
-10
6
6
7
14
9
5
3
-1
14
21
-2
-7
-1
-1
10
16
6
8
20
19
7
17
24
9
20
39
15
1
16
9
10
15
13
3
-3
4
-6
-4
24
18
12
30
10
-16
3
6
-8
-4
-1
-19
-28
-18
-26
-30
-21
-12
-20
-31
-23
-18
-20
-30
-30
-25
-41
-43
-39
-36
-34
-41
-35
-38
-34
-50
-54
-28
-40
-47
-40
-35
-34
-44
-38
-45
-42
-30
-52
-51
-32
-37
-26
-20
-19
-14
-24
-18
-13
-4
4
-5
-5
3
-2
-9
6
14
6
20
28
21
27
40
28
31
49
32
26
42
43
45
37
37
39
25
19
33
49
50
49
40
46
56
40
46
54
44
44
40
29
25
34
28
22
22
30
30
19
23
19
13
16
22
10
2
4
4
-3
-7
-4
-11
-10
-5
-10
-23
-26
-16
-17
-22
-32
-25
-26
-33
-11
-27
-39
-22
-38
-41
-24
-12
-20
-30
-14
-30
-37
-15
-20
-8
4
0
-1
5
9
-16
-15
4
2
9
11
18
25
14
26
18
4
35
45
25
24
38
31
20
34
35
34
37
37
36
44
49
37
33
53
56
31
38
49
40
47
44
27
30
49
32
22
31
8
6
23
18
19
21
17
6
-1
4
-8
-2
8
-10
-27
-11
-7
-22
-15
-19
-33
-35
-39
-31
-16
-32
-46
-43
-42
-39
-45
-35
-24
-27
-25
-29
-27
-21
-21
-25
-25
-15
-13
-20
-26
-23
-13
-13
-10
3
-2
-9
-2
2
8
3
5
11
8
-3
-7
12
13
-1
7
18
17
13
12
21
18
9
20
32
23
10
25
35
26
24
14
5
24
35
26
22
17
15
27
27
27
26
21
15
8
16
11
-9
4
8
-8
1
-2
-9
-8
-16
0
10
-15
-29
-20
-10
-12
-19
-26
-33
-33
-23
-28
-28
-22
-33
-47
-36
-30
-34
-25
-27
-30
-17
-29
-55
-34
-14
-38
-55
-39
-27
-36
-28
-26
-37
-33
-32
-28
-33
-38
-28
-19
-13
-38
-43
-33
-43
-33
-26
-36
-37
-24
-15
-29
-22
-14
-26
-14
-16
-18
-11
-24
-24
-23
-15
-28
-37
-17
-30
-28
-12
-12
-3
-4
2
4
-2
-1
-12
-13
-18
-18
1
-18
-28
-14
-18
-9
-8
-12
1
-1
-14
-7
3
0
0
12
16
-12
-21
-8
-7
-16
-20
-12
-15
-1
24
8
-8
-4
9
17
3
-3
-1
6
12
8
0
-19
-14
2
2
11
0
6
16
1
3
5
7
10
15
21
8
5
30
21
2
10
11
14
20
19
27
40
29
19
25
32
24
25
48
38
34
47
27
18
27
36
49
39
39
50
34
33
48
51
37
37
50
42
34
34
36
25
24
35
23
33
37
31
45
43
29
28
42
31
20
36
31
25
30
27
12
15
41
42
29
28
29
20
21
21
15
30
25
19
37
23
10
12
18
24
24
30
35
26
24
30
22
19
22
35
28
15
32
21
5
19
26
21
22
19
24
40
28
14
16
-3
-10
11
27
6
-12
26
26
-10
-1
-3
-15
-16
-4
8
1
-1
-13
-13
-5
-1
-4
-9
-16
-22
-1
-19
-21
6
-15
-12
-4
-13
-3
-18
-28
-11
-20
-26
-20
-10
-15
-38
-20
5
-6
-10
-7
-17
-13
-3
-10
-13
-10
-16
-36
-30
-17
-20
-9
-11
-25
-21
-20
-25
-10
-5
-14
-12
-18
-26
-30
-22
-24
-28
-38
-43
-28
-25
-25
-27
-34
-48
-42
-19
-42
-48
-26
-33
-40
-35
-39
-60
-67
-48
-34
-35
-44
-40
-41
-60
-75
-63
-54
-71
-59
-45
-63
-72
-62
-51
-71
-69
-46
-56
-51
-46
-41
-34
-68
-66
-50
-65
-57
-36
-30
-51
-57
-41
-51
-49
-29
-21
-17
-16
-23
-3
-5
-37
-18
4
-19
-12
18
-2
-20
6
7
-5
16
36
23
13
22
28
28
18
22
47
41
22
36
45
23
22
57
49
19
30
49
46
51
64
47
34
44
54
53
48
50
59
61
44
50
58
31
49
78
66
47
42
52
43
29
48
56
49
54
55
48
40
31
44
48
20
30
49
37
32
49
50
14
15
36
30
16
19
42
39
19
26
29
8
-2
23
34
14
24
37
18
11
20
26
18
15
27
36
26
15
34
34
14
18
34
24
8
32
46
35
15
23
46
27
36
64
47
37
53
62
37
28
54
51
34
34
36
38
39
44
53
49
47
52
48
44
23
36
43
10
7
28
23
1
27
44
16
19
22
14
11
13
12
10
7
-6
-7
-6
-21
-28
-13
-12
-20
-23
-25
-28
-27
-15
-15
-20
-28
-43
-27
-27
-54
-50
-53
-64
-53
-41
-49
-67
-49
-27
-40
-47
-47
-59
-65
-65
-50
-37
-58
-58
-51
-65
-69
-53
-41
-56
-59
-36
-49
-62
-38
-29
-37
-45
-40
-28
-26
-36
-36
-18
-27
-31
-13
-12
-27
-20
-3
-20
-30
-1
8
-13
-12
15
9
-4
6
17
9
-16
10
30
-2
0
26
20
5
15
18
2
3
17
18
2
-5
16
22
-13
-6
18
-7
-26
6
26
-21
-26
9
-5
-32
-22
-9
-28
-47
-29
-21
-32
-39
-34
-35
-62
-47
-17
-41
-55
-49
-55
-59
-58
-47
-52
-72
-62
-53
-52
-61
-78
-52
-44
-70
-57
-38
-44
-58
-55
-48
-64
-63
-42
-39
-45
-43
-33
-25
-34
-40
-22
-22
-36
-17
8
-18
-35
4
-3
-27
0
27
22
-2
10
27
14
8
25
30
9
12
35
24
3
17
38
17
3
31
41
15
21
45
29
16
28
50
18
-4
42
40
-3
-6
20
-2
-23
18
21
-19
-14
25
21
-11
-9
10
3
-8
15
8
-24
-11
8
-5
-27
-2
12
-16
-3
22
7
-8
3
10
0
-1
23
30
8
10
22
8
3
18
23
9
20
37
32
44
51
36
12
11
34
37
41
35
30
28
35
65
52
40
43
40
50
63
63
32
27
46
53
43
30
42
38
29
65
67
21
11
46
61
30
42
71
49
41
62
63
34
41
58
37
29
62
66
24
33
69
62
24
24
48
27
4
25
50
28
27
38
26
-1
7
49
14
-4
27
30
16
4
12
-14
-29
12
36
10
-25
-18
-5
-9
10
5
-16
3
30
33
24
38
33
-1
-10
10
0
-18
11
8
2
22
16
20
23
35
62
34
23
53
53
16
6
43
22
13
53
44
-4
7
63
24
-16
3
5
-11
8
50
18
-19
5
36
21
-20
-2
19
-20
-22
1
-21
-22
-16
-42
-41
-41
-19
16
-2
-16
-16
-23
-24
-2
-7
-53
-43
-9
-35
-50
-31
-41
-53
-48
-45
-49
-44
-42
-52
-34
-27
-54
-42
-51
-59
-45
-61
-33
-28
-74
-76
-43
-40
-81
-59
-55
-59
-26
-20
-21
-38
-32
-22
-17
-42
-21
-5
-63
-56
-20
-37
-49
-11
-16
-55
-54
-14
0
-28
-20
-11
-17
-20
1
23
-50
-43
8
-43
-37
-29
-30
-42
-86
-45
-21
-45
-49
-43
-42
-74
-59
-46
-64
-65
-85
-60
-59
-59
-29
-56
-60
-36
-36
-60
-45
-23
-37
-13
-12
-17
-22
-44
-30
-14
-26
-46
-40
-57
-43
-22
-50
-69
-93
-52
-40
-65
-32
-27
-18
-30
-81
-104
-96
-88
-78
-48
-56
-28
1
-3
7
19
55
-78
-96
-128
-111
-109
-170
-113
-669
-374
406
448
266
68
144
-1
301
322
-177
-310
-231
137
237
103
128
70
-118
158
388
142
80
268
261
22
77
274
130
-141
-99
93
73
174
371
100
-220
-146
-62
-213
-316
-107
87
232
414
400
251
107
107
256
283
220
205
229
153
-47
-46
-8
-89
-69
16
43
56
119
116
39
5
12
99
167
167
258
197
61
106
159
131
36
-6
31
109
211
240
159
2
-140
-195
-213
-252
-230
-151
-76
-13
103
200
174
109
51
73
89
74
107
84
59
81
108
76
63
66
63
93
70
57
55
-14
-133
-167
-168
-228
-201
-96
-82
-98
-114
-121
-83
-129
-147
-139
-131
-119
-80
-74
-161
-95
-71
-164
-130
-125
-169
-152
-116
-97
-70
-12
23
64
104
114
136
129
139
190
162
128
150
156
109
89
158
118
51
93
112
81
60
91
59
20
85
109
75
62
103
136
79
106
128
74
91
64
41
64
62
62
80
57
6
22
-8
-12
52
-31
-99
-47
-71
-137
-140
-170
-186
-141
-121
-97
-101
-80
-123
-184
-196
-250
-214
-213
-230
-249
-325
-354
-371
-323
-314
-324
-253
-257
-328
-357
-292
-250
-285
-249
-217
-187
-167
-178
-147
-190
-234
-196
-171
-174
-142
-114
-155
-122
-61
-76
-85
-59
-31
-30
-15
-7
11
38
2
-12
-5
-15
-6
-4
27
74
76
47
66
64
39
81
125
154
127
130
155
143
164
138
129
121
113
151
116
88
110
128
115
104
128
130
115
110
142
137
80
86
100
48
39
82
51
-8
-2
50
66
45
70
37
6
29
17
13
-17
-28
-15
-37
-48
-47
-26
-3
-3
4
3
25
23
1
15
16
30
28
28
87
88
42
71
116
93
67
83
99
99
108
104
70
57
76
112
125
77
55
81
141
150
88
130
167
153
171
174
149
98
105
109
113
114
81
105
144
145
103
99
126
129
118
111
120
96
83
54
-19
-15
38
34
20
11
-25
-44
-46
-42
-29
-52
-60
-23
-48
-68
-22
-45
-63
-24
-37
-49
-40
-8
-31
-79
-70
-70
-19
-32
-46
-13
-24
-18
-14
18
46
21
3
9
-5
-18
28
42
-30
-37
2
31
54
39
37
30
48
61
50
25
22
70
40
20
67
62
13
23
64
61
69
54
37
28
63
125
54
-15
57
85
-12
-21
19
-23
-16
-4
-52
-57
-29
-12
-21
-66
-91
-83
-80
-108
-91
-84
-139
-76
8
-69
-127
-105
-91
-126
-123
-41
-55
-142
-178
-140
-139
-160
-106
-99
-104
-63
-52
-110
-132
-115
-102
-69
-83
-48
-25
-74
-36
-5
-44
-18
20
6
-18
-34
-20
-24
-48
-16
44
18
-20
24
42
39
47
19
-1
8
24
31
-42
-65
-2
-2
5
8
14
17
-18
8
2
-20
-4
-30
-40
-62
-66
-69
-89
-60
-64
-71
-43
-15
-33
-52
-54
-80
-56
-56
-79
-46
-43
-51
-45
-32
-41
-43
-42
-73
-71
-80
-85
-70
-98
-103
-65
-45
-23
-10
1
9
-9
-30
-31
-28
-72
-93
-83
-97
-69
-44
-46
-35
7
29
23
41
59
68
66
41
22
32
20
3
27
21
16
47
64
66
37
55
106
59
58
107
57
18
41
48
41
40
37
21
19
52
30
-14
14
33
23
-16
-12
15
-24
-22
8
-11
-19
8
-2
-38
-40
-33
-33
-25
-9
9
-11
-13
27
30
17
25
38
-1
-16
4
-18
-14
11
11
1
-5
13
24
5
13
30
28
25
45
39
-22
-24
-12
-46
-31
19
33
32
42
60
53
43
41
37
60
66
54
65
50
34
54
51
79
103
68
71
110
115
84
65
63
80
76
55
73
56
47
77
74
49
28
48
55
38
56
55
38
29
28
44
23
14
25
17
12
23
17
-6
1
5
-5
-8
10
28
-2
12
31
0
-11
1
5
-32
5
52
39
39
44
66
35
1
27
35
4
14
51
13
-6
36
26
-24
15
71
52
37
59
74
38
31
80
60
19
36
56
40
28
34
13
-3
26
53
8
-9
52
67
25
18
55
32
0
19
16
-43
-69
-15
-8
-53
-52
-24
-28
-47
-21
-25
-72
-38
8
-24
-82
-79
-71
-119
-134
-87
-75
-99
-60
-43
-90
-65
-26
-70
-115
-84
-57
-70
-88
-76
-67
-94
-72
-44
-70
-88
-42
-30
-84
-46
-18
-47
-52
-46
-9
-38
-75
-50
-56
-75
-54
-49
-100
-101
-46
-54
-83
-34
-21
-65
-46
-15
-33
-74
-65
-40
-72
-72
-27
-11
-40
-56
-20
-19
-45
-17
3
-26
-22
13
-3
-53
-41
-9
-34
-56
-24
-15
-47
-29
3
-13
-25
-11
-2
-27
-49
-12
-7
-61
-33
17
-20
-34
-4
-6
-41
-35
-2
-47
-70
-4
16
-34
-30
41
46
17
46
62
24
7
22
-12
-32
21
48
32
25
40
48
2
-4
31
33
44
65
85
59
47
70
21
5
48
56
43
27
45
55
36
39
34
39
58
71
83
57
66
86
44
62
69
36
49
53
55
53
50
48
31
42
57
64
82
93
77
52
57
77
62
32
30
17
19
36
42
45
31
58
66
17
16
47
46
22
33
88
73
13
32
40
10
22
52
30
-9
29
30
-14
14
36
40
25
24
57
25
-10
18
22
-26
-37
10
-13
-46
-12
-8
-26
-39
-20
24
-24
-56
4
13
-18
-28
-25
-53
-60
-45
-65
-60
-63
-52
-13
-36
-47
-16
-14
-23
-14
-15
-23
-23
-36
-26
-19
-40
-33
0
-24
-57
-10
4
-12
-6
2
10
4
12
37
18
-21
7
7
-22
-10
2
-2
-8
10
11
-4
-7
21
45
35
39
32
-1
-3
27
-19
-46
6
13
-14
-15
18
-5
-49
-11
9
-10
-12
21
30
-26
-19
26
-2
-73
-61
1
-30
-55
-33
-32
-43
-41
9
4
-55
-29
10
-3
-5
-1
-30
-60
-28
-8
-36
-28
-15
-24
-20
-7
-31
-56
-12
26
12
-15
-9
11
-10
-24
-1
-6
-30
-15
15
0
3
48
30
-21
-3
33
6
-32
8
42
4
1
39
-7
-50
16
33
-28
-21
32
28
-19
-5
18
-31
-48
19
57
-6
-46
14
9
-46
-18
-8
-31
-38
-7
9
3
15
-28
-26
5
-7
-23
-37
22
33
-28
-4
33
-6
-48
0
47
-33
-71
-2
-14
-50
-7
53
36
-20
29
41
-24
5
31
-21
-30
42
56
-26
-44
3
15
-22
-8
31
1
-4
55
48
-10
21
26
-38
-47
1
18
-46
-45
4
-3
-33
-27
8
-12
-27
-7
-10
-7
-12
-50
-59
-35
-47
-58
-38
-36
-58
-61
-42
-56
-76
-60
-11
-11
-85
-61
-1
-39
-71
-50
-38
-56
-39
-23
-34
-16
-5
-30
-63
-35
5
-9
-30
11
31
-3
9
28
21
-14
2
33
-1
-11
10
48
17
17
55
12
4
47
68
11
-16
66
101
25
-20
29
58
25
22
67
56
33
44
17
-4
35
61
23
29
105
82
-11
26
113
92
38
39
105
100
29
43
91
102
50
37
93
92
97
90
86
127
110
114
84
30
84
128
92
41
91
154
79
67
150
140
79
86
173
145
61
111
149
110
63
100
110
26
64
105
34
23
92
111
35
30
123
96
4
13
61
41
-3
12
16
-5
12
11
-44
-44
7
-14
-58
-35
36
-10
-72
-24
-18
-54
-81
-66
-57
-86
-72
-61
-77
-64
-46
-39
-37
-47
-70
-93
-52
-29
-98
-123
-76
-65
-114
-116
-84
-67
-48
-55
-70
-98
-85
-14
-70
-153
-79
-25
-69
-126
-97
-70
-104
-104
-85
-85
-113
-84
-42
-99
-119
-49
-66
-140
-120
-108
-146
-160
-114
-109
-152
-103
-68
-94
-144
-114
-98
-169
-137
-118
-136
-137
-128
-107
-124
-118
-114
-128
-102
-90
-126
-140
-89
-9
-39
-113
-72
-52
-69
-62
-60
-85
-95
4
31
-37
-37
31
52
-11
-7
30
6
12
67
