0
0
-1
0
0
0
0
-1
0
0
0
0
0
0
0
0
0
0
0
0
0
0
-1
0
0
0
0
0
0
0
0
0
1
0
-1
0
0
0
0
0
0
0
0
0
0
0
0
0
0
0
0
0
0
0
-1
0
0
0
0
0
0
0
0
0
0
0
0
0
1
0
0
0
0
0
0
0
1
0
0
0
1
1
0
0
0
-1
1
1
0
0
0
0
0
0
0
1
0
0
0
1
0
0
0
0
0
-1
0
0
0
0
0
0
0
0
0
0
-1
-1
-1
0
0
0
0
-1
0
0
0
0
0
0
0
0
0
1
0
1
0
0
0
0
0
0
1
-1
0
1
-1
0
0
0
0
0
0
0
-1
0
0
0
-1
0
-1
0
0
0
0
0
-1
0
0
0
0
0
0
-1
0
0
0
0
0
0
0
0
-1
-1
0
0
0
0
0
1
0
0
0
0
0
-1
0
0
0
0
0
0
0
0
0
1
0
1
0
0
1
-1
1
0
0
0
-1
-1
0
0
0
-1
0
-1
0
0
0
-1
0
0
0
0
1
0
0
0
0
0
0
1
0
1
0
0
0
0
0
0
1
0
0
0
1
1
0
0
0
0
0
0
0
0
-1
1
0
0
0
0
0
0
0
1
0
0
-1
0
0
0
-1
0
0
0
1
0
0
0
-1
0
0
0
0
-1
-1
0
0
0
1
0
1
0
0
0
0
0
0
0
-1
0
0
-1
0
0
0
0
0
1
-1
0
0
0
0
0
0
0
0
0
0
0
1
0
0
0
0
0
0
0
-1
-1
0
-1
-1
0
0
0
0
0
-1
0
0
-1
-1
-1
1
0
0
-1
-1
0
0
0
1
-1
0
-1
-1
-1
0
0
-1
0
0
-1
0
1
-1
-1
-1
-1
0
0
-1
0
-1
-2
-1
-1
1
0
-1
-1
0
0
-1
-1
0
-2
-2
-2
-3
1
-1
0
-1
-2
0
-1
0
1
-2
-2
-2
-1
-1
-1
-1
-1
-1
-1
0
0
0
0
-2
1
0
0
0
0
1
-2
0
0
-1
2
-1
1
2
1
0
0
-1
0
-1
-1
0
-1
-1
0
-1
1
0
-1
0
-1
-2
1
-1
-1
-1
-2
-1
-2
-1
1
0
0
-1
-2
0
0
0
-1
-1
-1
0
0
2
-1
-2
-1
-2
1
2
-1
2
-1
-2
-2
-3
1
0
-2
1
-1
-1
3
2
1
2
0
0
2
-1
1
3
-1
1
-2
0
3
1
3
0
0
2
-1
3
3
1
1
1
1
0
2
2
0
2
2
-1
1
2
1
1
-1
-1
1
-1
3
-1
-2
0
-8
9
-19
-15
22
20
24
15
16
2
-9
3
-6
-24
-8
-1
-26
-18
3
-5
-18
2
3
-12
-4
-28
-47
5
-4
-36
-29
-59
-51
-57
-82
-58
-58
-50
-31
-45
-65
-55
-39
-56
-38
-24
-41
-55
-57
-58
-78
-71
-45
-21
-30
-36
-29
-64
-80
-19
6
-41
-38
0
13
-10
-1
24
0
-23
-7
24
9
6
21
4
-12
19
49
19
4
4
34
60
45
84
91
58
58
96
107
67
80
88
83
86
73
79
68
77
98
94
99
95
83
104
98
85
94
102
97
80
84
47
63
103
78
83
87
84
90
110
142
89
62
104
96
70
51
66
52
30
51
35
19
29
39
23
14
26
25
2
19
39
12
42
27
-35
-39
-29
-33
-46
-37
-38
-37
-23
-29
-53
-53
-40
-41
-11
-10
-29
-38
-42
-40
-53
-47
-42
-50
-42
-40
-60
-66
-75
-91
-86
-95
-77
-53
-74
-94
-77
-75
-98
-103
-101
-94
-93
-83
-77
-80
-77
-62
-52
-69
-65
-56
-57
-57
-43
-45
-68
-50
-51
-98
-75
-27
-52
-73
-30
-8
-33
-26
-22
-34
-15
-8
-2
-9
-43
-26
-19
-28
-15
-21
-1
-13
-15
28
-3
-12
10
18
19
29
23
-5
20
36
8
21
38
2
9
37
22
12
36
43
22
33
29
-4
-8
10
27
30
47
39
12
18
12
0
-6
13
44
34
3
6
-6
-35
-36
-24
-7
-11
-17
-16
-21
-29
-32
-42
-40
-34
-29
-31
-38
-39
-43
-19
-22
-20
-24
-58
-52
-36
-34
-37
-30
-40
-47
-20
-34
-54
-35
-43
-53
-47
-47
-42
-11
-4
-37
-16
1
-12
3
-9
-20
-18
-31
-17
-6
-2
-4
-7
-13
-8
24
14
10
16
1
11
17
14
15
6
10
19
1
-8
-2
-3
-16
18
27
-1
21
12
-4
-13
-28
-1
3
-10
-3
-1
-6
1
27
17
-7
7
20
21
19
-10
-12
8
3
14
19
19
-2
-14
15
17
7
17
15
18
31
32
30
25
33
28
16
35
34
31
42
42
30
20
21
25
36
56
47
50
65
26
20
25
18
47
57
42
37
38
29
22
35
45
42
55
65
33
10
27
37
45
54
55
70
49
39
64
50
57
61
73
68
49
57
30
25
27
34
46
45
64
66
61
65
58
51
38
41
51
44
36
36
38
15
5
26
6
-3
18
25
39
37
21
7
-1
7
14
12
0
-17
-14
-30
-48
-43
-56
-58
-23
-14
-37
-33
-36
-48
-38
-6
-4
-13
-15
-33
-31
-36
-40
-47
-32
-17
-29
-25
-15
-16
-16
7
2
-12
14
19
-18
-8
14
-12
-11
10
9
-7
0
12
-8
-7
1
3
11
2
23
19
-5
13
14
9
12
5
7
6
6
-10
-21
9
4
-9
1
7
9
11
0
-16
-23
-14
1
-15
2
15
-32
-37
-25
-50
-73
-67
-55
-54
-31
-33
-64
-61
-73
-66
-44
-64
-52
-38
-70
-63
-49
-70
-62
-48
-59
-61
-63
-68
-75
-81
-76
-76
-71
-71
-62
-48
-47
-46
-53
-41
-42
-55
-46
-49
-52
-62
-62
-43
-49
-33
-37
-56
-36
-29
-33
-26
-32
-22
12
9
-5
-3
6
-10
-24
6
12
15
40
25
29
34
34
37
12
45
53
30
53
61
39
24
39
34
19
53
61
35
42
33
23
42
46
50
48
28
28
21
11
-4
-19
-14
4
20
-8
9
17
-11
-3
2
-17
-1
15
-19
-32
-14
-7
-19
-23
-23
-29
-31
-14
-26
-27
7
4
-15
-18
4
-11
-27
-12
-9
-25
-22
-9
-32
-9
-10
-19
25
13
8
13
1
11
17
20
35
35
24
42
43
24
37
66
48
44
55
47
46
46
57
70
77
58
63
51
42
57
33
37
63
71
36
36
49
32
37
53
53
26
46
60
20
22
48
46
33
39
51
25
32
38
11
35
36
13
21
21
13
13
29
17
11
32
24
5
14
20
6
16
17
17
9
8
20
0
14
25
1
-2
-7
-23
-9
-3
-3
-6
-18
-16
-10
-26
-33
-26
-24
-7
-14
1
-9
-35
-27
-36
-21
-30
-30
-25
-28
-22
-36
-18
-23
-35
-13
-16
-10
-8
-28
-35
-20
-19
-26
-15
-26
-44
-53
-47
-44
-46
-33
-24
-22
-16
-22
-36
-24
-21
-23
7
2
-12
-6
-27
-40
-31
-25
-27
-6
8
-11
-17
-20
-20
2
26
13
16
29
19
15
24
10
-13
9
27
7
18
34
13
18
18
10
20
16
9
8
13
18
8
4
-4
-13
6
8
-2
-4
0
-6
-8
-14
-44
-24
-17
-31
-6
-20
-32
-33
-54
-64
-54
-38
-36
-27
-23
-27
-41
-43
-42
-39
-18
-22
-34
-29
-25
-30
-22
-18
-21
-24
-16
-10
-3
-2
-12
0
3
-10
-27
-22
-30
-29
-7
-17
-14
-3
-1
-21
-19
-9
-30
-21
-21
-26
-11
-22
-43
-33
-31
-43
-29
-16
-19
-15
1
-8
-17
-22
-27
-3
11
7
1
-9
-6
-11
-16
0
-5
0
26
18
21
26
17
41
46
27
48
52
37
36
39
51
42
54
55
48
73
67
69
83
74
75
82
73
57
54
63
58
66
78
54
50
62
56
47
62
52
43
83
74
46
42
27
14
28
31
10
25
26
3
19
41
32
29
41
31
24
43
31
16
36
30
26
26
20
22
18
36
37
29
51
55
37
32
42
25
8
26
30
12
9
-1
-10
-7
4
18
7
15
34
4
-14
1
-18
-34
-6
-5
-30
-25
-21
-65
-64
-28
-27
-18
-11
-9
-11
-27
-22
-10
-7
-11
-13
-15
-30
-22
-11
-15
-6
-4
-4
7
22
25
21
39
40
34
39
41
26
0
20
21
9
35
19
6
19
9
5
21
19
-2
-9
12
8
-4
2
-14
-34
-37
-21
-21
-31
-25
-15
-13
-33
-32
-33
-43
-47
-49
-31
-23
-18
-11
-19
-21
-28
-38
-22
-8
-24
-34
-26
-23
-33
-31
-22
-25
-19
-11
-24
-25
-9
-28
-31
-25
-30
-10
-23
-24
-7
-37
-24
-19
-53
-43
-37
-47
-40
-21
-19
-41
-31
-21
-37
-34
-25
-27
-32
-21
-30
-50
-45
-54
-61
-51
-25
-39
-55
-31
-41
-61
-49
-48
-63
-49
-55
-76
-70
-82
-85
-66
-66
-66
-58
-69
-58
-52
-60
-48
-38
-51
-62
-47
-66
-71
-54
-68
-61
-37
-37
-59
-48
-33
-62
-50
-13
-25
-22
-1
-4
-39
-39
-25
-55
-33
-3
-19
-26
-24
-31
-32
-16
-15
-15
2
23
12
-8
-16
-27
-17
-12
-7
15
9
-1
10
2
-8
12
20
30
39
23
27
25
6
25
32
38
44
22
20
8
1
22
29
36
37
43
55
41
27
42
41
30
37
35
31
29
35
29
15
35
28
18
45
36
28
44
45
36
41
43
36
30
16
24
35
35
42
34
37
34
29
45
45
46
61
63
33
6
19
14
18
44
42
36
30
29
23
11
33
37
26
40
34
20
16
20
29
25
22
31
23
12
14
16
28
37
43
48
45
45
33
23
24
25
24
26
28
20
19
30
26
16
26
37
28
33
36
17
29
40
30
38
27
21
31
27
23
11
38
52
29
46
48
33
28
29
49
53
51
53
56
50
50
56
41
53
68
66
67
66
63
57
69
66
51
52
46
34
43
60
60
57
55
49
39
32
29
29
31
28
28
23
11
-1
3
1
-1
15
7
6
8
4
5
10
11
-4
-6
-8
-4
-10
-20
-7
-8
2
3
-10
-12
-21
-10
-21
-33
-8
-3
-18
-16
-2
-20
-39
-27
-40
-42
-21
-35
-43
-41
-50
-56
-58
-36
-43
-55
-26
-44
-60
-60
-70
-53
-43
-34
-46
-65
-52
-61
-61
-50
-39
-35
-41
-38
-49
-72
-63
-44
-61
-45
-24
-49
-59
-56
-50
-52
-52
-44
-55
-56
-45
-51
-48
-47
-55
-47
-47
-59
-59
-53
-60
-38
-45
-69
-50
-51
-42
-39
-46
-49
-65
-63
-59
-59
-53
-75
-66
-50
-72
-68
-59
-52
-52
-47
-43
-47
-35
-57
-56
-37
-42
-43
-41
-44
-56
-37
-35
-52
-44
-48
-43
-37
-33
-26
-27
-14
-19
-27
-8
-19
-35
-9
2
-14
-22
-12
1
-13
-7
7
1
16
4
0
18
14
18
23
32
28
27
26
17
12
13
35
34
44
48
40
56
52
37
28
48
51
33
57
53
21
28
33
26
33
49
42
44
41
26
30
32
38
47
52
52
33
24
18
22
36
23
38
52
30
39
38
35
34
26
46
45
44
48
42
51
44
25
31
46
39
36
46
49
48
43
55
77
58
55
57
57
54
51
82
68
81
79
58
80
67
70
71
70
85
77
77
91
66
45
61
70
66
56
77
87
77
66
71
73
46
48
56
56
48
49
53
39
36
25
23
30
28
30
27
27
28
18
17
26
15
10
15
1
-26
-24
-2
-5
-7
12
30
8
-25
-35
-37
-34
-30
-19
-7
-6
-25
-44
-38
-36
-43
-42
-27
-22
-28
-18
-4
-15
-25
-28
-40
-27
-28
-34
-11
-11
-12
-22
-16
-7
-26
-9
7
-4
-21
-9
-10
-26
-22
-28
-13
-30
-43
-28
-40
-34
-37
-28
6
-16
-16
-9
-28
-25
-45
-41
-32
-43
-34
-32
-20
-32
-64
-68
-58
-51
-52
-54
-43
-34
-49
-60
-50
-57
-56
-63
-63
-49
-79
-76
-72
-82
-71
-85
-86
-101
-111
-93
-99
-95
-92
-82
-75
-95
-97
-111
-110
-109
-120
-96
-88
-93
-90
-85
-82
-93
-100
-92
-66
-75
-71
-54
-55
-55
-65
-50
-39
-43
-57
-64
-44
-43
-54
-42
-26
-30
-27
-26
-22
-18
-19
-5
-3
18
25
10
26
16
7
15
15
24
26
42
42
35
38
38
37
38
49
55
60
60
45
46
49
47
45
29
47
53
36
49
42
35
29
27
38
24
16
22
22
28
12
-11
-2
3
-14
-24
-8
-18
-36
-14
-5
-19
-21
-16
-33
-41
-40
-26
-19
-47
-37
-35
-45
-38
-47
-25
-26
-44
-35
-46
-39
-29
-26
-13
-14
-19
-30
-25
-19
-12
6
10
20
14
3
9
13
24
20
34
49
39
41
39
43
44
28
38
39
34
36
28
42
52
32
42
48
31
36
39
28
15
26
42
36
29
37
32
10
14
9
5
19
24
23
27
34
15
-2
11
6
1
14
21
17
13
22
4
1
8
-7
3
4
2
-4
-7
5
7
0
-12
-6
0
-12
-13
-3
3
-3
-1
-2
-32
-27
-11
-30
-13
-2
0
-7
-28
-15
-9
3
-2
-15
11
-7
-16
-1
-3
14
18
5
15
13
-4
4
11
17
26
35
37
33
25
23
22
20
38
44
42
57
58
47
49
57
38
42
43
32
48
28
32
37
26
37
27
34
30
16
34
22
16
28
18
21
6
5
4
-3
5
-3
-1
-2
-2
0
-9
0
0
-6
-2
6
8
-3
-9
-3
-10
-29
-34
-24
-25
-41
-30
-13
-33
-29
-11
-26
-33
-34
-35
-34
-38
-21
-21
-36
-28
-26
-31
-37
-34
-24
-34
-21
-14
-32
-11
-2
-5
-1
-8
-2
-19
-4
9
-12
10
16
21
24
2
1
-2
17
23
12
27
14
8
7
9
25
8
-5
6
-1
-14
-16
-21
-23
-24
-27
-27
-24
-20
-24
-28
-29
-34
-41
-47
-41
-29
-26
-38
-46
-51
-53
-34
-37
-48
-29
-28
-38
-42
-38
-46
-37
-20
-10
0
-12
-1
-14
-25
-10
-12
-2
7
6
-1
3
4
7
21
18
28
27
15
25
9
9
33
28
39
36
25
20
10
17
11
6
23
19
18
28
23
21
18
20
18
22
34
24
31
32
15
17
8
10
22
19
23
44
35
26
45
36
20
35
47
40
43
45
30
33
45
37
31
35
38
39
34
46
42
35
41
33
37
41
36
24
23
34
30
27
34
37
40
35
29
31
21
26
37
35
31
35
41
32
25
24
29
33
35
35
47
40
35
42
32
41
49
50
37
42
47
34
52
61
49
59
59
40
41
47
38
30
45
42
27
38
30
22
31
30
29
27
20
26
19
9
16
11
23
28
14
16
15
6
4
12
3
-9
1
-5
-18
-7
-8
-13
-5
-2
-9
-11
-20
-21
-20
-24
-16
-18
-20
-30
-35
-30
-22
-24
-35
-16
-16
-32
-43
-18
-11
-28
-10
-24
-24
-16
-25
-23
-22
-15
-7
-1
8
2
-8
-6
-6
-2
-6
-7
-1
5
11
-2
1
6
-6
-7
8
7
-8
-3
11
-4
-5
-1
-17
-15
-13
-22
-35
-33
-24
-27
-26
-25
-19
-13
-25
-31
-35
-44
-42
-46
-48
-41
-40
-44
-44
-48
-50
-49
-54
-43
-44
-53
-47
-51
-57
-66
-59
-52
-70
-64
-59
-62
-61
-68
-73
-72
-66
-68
-68
-67
-63
-68
-70
-73
-73
-67
-69
-65
-57
-68
-75
-65
-72
-68
-52
-57
-51
-47
-48
-53
-56
-45
-49
-38
-16
-17
-21
-22
-21
-26
-28
-22
-12
-14
-14
-12
-16
-1
0
2
10
11
19
17
8
8
12
17
19
10
7
10
12
11
5
13
11
17
34
35
28
23
24
17
8
15
25
18
17
25
22
11
5
13
17
13
10
10
18
9
6
8
2
6
-8
-12
2
-5
-4
-3
-3
-2
-11
-17
-10
1
-9
-6
-9
-9
-1
-12
-6
13
12
4
5
10
6
-3
5
21
22
29
28
20
20
20
25
31
42
58
53
57
60
42
48
57
52
56
72
70
58
63
63
62
75
91
94
85
70
74
67
58
75
74
78
79
78
72
64
67
53
54
70
69
61
59
54
35
32
43
36
31
32
26
30
20
5
18
20
6
8
-1
-8
-6
-19
-16
-12
-11
-17
-27
-13
-17
-34
-37
-30
-35
-45
-38
-35
-33
-34
-40
-38
-28
-33
-30
-20
-23
-19
-8
-10
-15
-10
-11
-4
12
10
-11
2
19
12
19
14
21
43
39
38
41
42
44
28
27
31
20
29
38
39
32
24
34
36
33
27
28
26
17
14
2
-2
5
-12
-7
-9
-25
-27
-38
-44
-43
-26
-27
-30
-27
-39
-32
-41
-50
-58
-62
-52
-48
-44
-38
-30
-41
-39
-29
-45
-41
-38
-41
-41
-45
-38
-41
-34
-20
-29
-39
-52
-51
-51
-53
-49
-58
-41
-31
-43
-49
-52
-54
-57
-60
-66
-63
-57
-61
-67
-46
-45
-75
-65
-68
-96
-86
-62
-65
-66
-48
-41
-42
-48
-42
-40
-40
-24
-19
-26
-30
-22
-27
-24
0
-1
-3
9
10
13
9
4
12
12
7
14
18
11
-7
-9
6
10
10
6
3
-1
-10
-1
10
3
10
5
-4
10
-6
-29
-30
-22
-2
-2
-9
-3
-3
0
3
2
12
17
18
19
20
25
27
26
32
37
32
33
36
26
28
33
37
44
39
38
47
40
43
49
33
33
43
42
45
44
39
30
29
24
12
29
35
25
37
36
37
44
31
28
36
30
30
38
29
22
23
14
14
15
16
16
19
31
42
33
32
35
31
34
40
40
24
30
30
21
37
43
46
46
42
36
25
24
28
26
33
50
48
43
42
34
34
21
24
35
18
29
48
29
31
31
13
32
40
34
38
30
28
24
23
33
41
50
44
38
27
15
6
-4
5
28
35
28
31
17
6
13
10
32
30
17
14
-3
-2
-10
-17
-13
-8
6
-1
-13
-13
-8
-16
-20
-2
5
4
-8
-12
-24
-37
-35
-42
-39
-33
-34
-22
-22
-23
-23
-36
-25
-14
-15
-10
-15
-17
-19
-36
-36
-19
-11
-5
-7
-18
-13
-10
-19
-8
4
17
30
19
14
9
-7
-13
-6
-8
-4
7
-1
3
8
-7
-3
-4
6
15
-7
-8
-5
-16
-21
-22
-16
-16
-14
-10
-19
-27
-36
-30
-33
-31
-17
-21
-15
-17
-35
-36
-32
-39
-48
-39
-24
-19
-29
-32
-38
-51
-36
-29
-34
-18
-19
-21
-13
-22
-26
-33
-32
-14
-21
-30
-24
-34
-40
-28
-31
-24
-12
-20
-17
-23
-34
-29
-35
-29
-21
-18
-13
-18
-14
-23
-32
-22
-18
-26
-19
-6
-7
-5
-14
-19
-16
-20
-9
-8
-5
3
2
13
6
3
17
5
16
27
12
22
6
-4
12
15
28
44
50
43
31
20
26
26
39
51
36
49
55
35
15
18
30
34
53
59
45
45
46
39
40
45
63
58
57
57
33
21
22
26
35
44
46
42
33
26
24
22
20
24
33
34
29
21
13
8
5
19
27
14
15
7
-12
-1
-4
-11
5
-3
3
9
-2
-15
-31
-21
-18
-21
-6
1
3
-14
-28
-25
-31
-22
-13
-18
-13
-14
-11
-10
-20
-18
-15
-4
3
-7
-8
-1
-7
-14
-6
2
5
3
5
-2
-14
-8
0
5
9
14
14
11
13
0
-8
3
-3
-3
1
-1
0
-19
-17
2
-12
-15
-6
-16
-19
-11
-21
-36
-31
-29
-30
-18
-16
-19
-21
-32
-39
-34
-34
-34
-25
-13
-18
-24
-22
-23
-17
-20
-21
-10
-13
-18
-21
-27
-18
-18
-16
-1
-3
1
-11
-21
-2
0
-2
4
8
16
11
0
-1
2
7
8
6
16
17
16
14
10
18
28
22
23
28
29
26
21
27
24
24
24
13
12
16
11
1
2
9
11
3
8
11
6
-4
-9
1
-7
-12
-13
-24
-17
-15
-25
-18
-20
-34
-38
-34
-32
-31
-32
-35
-39
-45
-49
-47
-42
-32
-31
-31
-29
-28
-25
-28
-24
-21
-15
-4
4
-3
-9
-4
-7
-2
7
10
15
25
23
9
18
14
12
29
19
29
26
9
13
4
2
5
6
17
15
-4
-8
-17
-30
-19
-26
-17
-7
-32
-42
-52
-64
-57
-53
-48
-50
-59
-58
-63
-74
-80
-77
-69
-63
-55
-59
-72
-69
-65
-70
-63
-68
-65
-53
-62
-59
-62
-52
-33
-50
-53
-29
-35
-42
-36
-38
-31
-27
-19
-18
-27
-20
-13
-16
-24
-17
-20
-21
-9
-11
-8
2
0
-7
-5
4
3
-1
8
16
12
11
12
27
27
22
33
36
46
39
31
36
33
40
47
51
62
58
53
67
66
60
73
82
81
76
75
86
78
73
79
67
71
69
57
64
61
52
48
48
47
39
49
49
35
30
33
25
11
13
9
9
17
15
11
6
11
8
-3
0
5
1
-2
12
14
10
24
23
20
21
17
19
16
29
36
34
45
50
46
42
54
48
41
50
56
49
47
63
60
52
51
54
61
50
44
48
51
56
62
64
53
45
47
34
35
47
32
27
34
26
28
37
35
35
30
21
9
0
14
13
-2
5
18
20
9
5
2
-10
1
4
-5
-3
-5
-5
-3
0
2
0
2
-5
-17
-13
-8
-17
-22
-6
1
-6
-11
-12
-19
-30
-24
-32
-31
-20
-12
-20
-28
-26
-32
-31
-32
-27
-32
-31
-21
-37
-33
-27
-32
-30
-39
-31
-31
-42
-33
-38
-50
-47
-33
-31
-28
-23
-30
-44
-59
-45
-46
-46
-39
-44
-34
-41
-48
-41
-48
-41
-39
-48
-42
-48
-51
-52
-46
-38
-34
-19
-29
-35
-31
-38
-44
-43
-30
-24
-30
-30
-18
-24
-25
-6
-17
-18
-22
-34
-12
-12
-22
-11
-14
-18
-18
-19
-19
-14
-26
-23
-10
-26
-18
-10
-16
-17
-22
-24
-24
-29
-38
-39
-41
-50
-41
-32
-36
-46
-41
-31
-40
-37
-38
-37
-20
-37
-44
-32
-25
-26
-21
-20
-31
-22
-11
-7
1
2
9
1
10
35
27
25
34
32
36
51
53
47
50
57
59
60
66
79
82
76
76
79
74
72
76
72
80
72
63
70
55
57
60
49
56
50
45
50
50
44
38
44
47
37
29
32
22
19
19
10
14
4
3
21
12
18
17
4
16
7
-3
3
8
-1
-9
8
6
8
5
-5
7
4
8
9
12
9
0
-2
-1
16
8
10
23
11
13
11
5
5
2
4
2
7
16
4
-2
3
0
2
5
-5
4
9
-1
10
4
2
10
2
11
7
8
11
11
18
13
23
34
24
22
27
30
33
34
28
31
38
38
45
36
32
38
37
42
29
33
43
32
37
29
35
36
26
24
6
7
10
-2
-2
-4
-13
-10
-17
-20
-12
-21
-21
-25
-27
-32
-50
-39
-29
-38
-42
-51
-49
-43
-49
-49
-47
-54
-54
-48
-47
-26
-23
-40
-30
-28
-21
-14
-30
-29
-15
-10
-15
-9
-1
-11
-4
3
0
-9
-12
-8
-7
-9
-10
0
0
-1
-3
-10
-9
-17
-18
-14
-10
-7
-22
-24
-12
-10
-5
-16
-18
-13
-17
-14
-32
-33
-23
-29
-23
-14
-7
-17
-14
-14
-36
-30
-19
-11
-10
-13
-5
-5
-3
-7
-9
-8
-5
2
-2
8
8
-1
6
5
-4
-2
4
0
6
1
-19
-6
3
5
8
5
7
-7
-11
-4
0
12
3
0
3
4
-3
-1
4
-12
-16
10
17
2
-7
-12
-16
-14
-16
-10
0
3
2
-17
-15
4
-7
-6
0
-8
-3
-11
-15
-6
-7
-8
-17
-23
-2
-2
-12
-9
-11
-5
1
4
9
-3
-8
0
-6
-5
-8
-18
-16
-10
-6
-3
7
3
-9
-8
1
2
-1
1
-5
-12
-14
-20
-18
-9
-6
-16
-15
-9
-19
-23
-16
-22
-28
-18
-20
-17
-10
-17
-20
-33
-38
-29
-28
-25
-26
-28
-29
-29
-30
-29
-18
-14
-21
-25
-24
-21
-18
-19
-16
-9
-3
-4
-2
0
0
-6
-9
3
10
16
22
17
20
15
9
18
33
27
16
23
19
13
20
33
34
21
26
31
28
35
27
8
24
33
31
46
41
37
34
25
27
28
42
47
42
43
38
39
39
32
26
31
36
34
39
38
33
30
23
33
42
37
43
36
18
24
23
15
31
33
31
32
20
15
16
13
11
11
14
9
15
16
1
-3
-1
0
4
5
10
19
16
-1
-2
-1
0
17
16
11
23
20
8
6
7
11
19
31
39
43
49
33
16
22
33
28
34
43
32
26
18
18
20
22
20
5
14
16
10
9
-2
-3
-1
-5
-11
-21
-25
-24
-31
-46
-53
-51
-55
-47
-50
-53
-45
-57
-61
-58
-66
-69
-56
-51
-58
-58
-66
-73
-75
-65
-53
-54
-42
-46
-57
-51
-51
-47
-34
-29
-29
-22
-29
-32
-21
-28
-27
-22
-19
-5
-3
-15
-8
-9
-9
3
8
15
21
9
1
6
-1
1
-4
0
14
4
8
12
2
3
0
-5
2
9
10
13
12
6
3
-2
5
11
4
7
3
2
-9
-22
-12
-1
11
10
2
6
0
-15
-11
-1
3
9
4
-4
1
1
-8
-11
-10
1
8
10
12
-4
-7
4
-3
-3
18
23
23
23
13
6
3
4
14
17
23
21
21
25
7
9
22
34
41
39
42
33
18
26
28
29
42
40
42
49
36
30
26
23
39
42
40
41
32
45
39
13
17
30
33
25
21
16
4
15
15
-2
12
11
5
12
6
-5
-20
-24
-16
-7
-9
-8
-12
-22
-31
-43
-34
-36
-42
-23
-16
-24
-38
-52
-50
-48
-48
-42
-33
-32
-36
-44
-46
-37
-48
-38
-20
-22
-23
-32
-27
-37
-45
-30
-32
-16
-15
-19
-17
-32
-37
-31
-24
-12
4
-5
-4
-3
-21
-19
-12
-8
9
11
9
14
7
2
7
7
12
26
41
39
20
25
29
19
26
34
46
53
41
34
32
25
23
25
26
38
34
28
39
36
32
26
26
30
20
30
32
14
22
18
-8
3
14
11
19
8
-8
-6
-5
-5
-5
1
8
0
0
-6
-21
-23
-28
-5
-5
-24
-9
-10
-16
-19
-25
-16
-10
-1
-3
-10
-2
-9
-26
-17
-7
-22
-15
-19
-25
-19
-24
-21
-11
-3
-1
-3
3
-4
-15
-10
-7
-9
-1
4
1
1
0
-3
-5
1
6
10
21
25
20
24
25
24
30
31
29
27
29
33
30
19
30
34
27
35
34
39
48
39
35
38
38
29
14
22
27
19
12
12
10
6
7
7
7
9
7
-2
3
6
-12
-4
-9
-15
-10
-32
-29
-28
-41
-25
-30
-25
-12
-25
-24
-19
-17
-17
-20
-14
-20
-29
-30
-36
-35
-23
-28
-35
-25
-14
-6
-12
-9
-1
-1
11
16
16
12
1
4
11
12
11
11
14
15
15
18
29
34
33
49
43
41
45
34
30
31
34
29
24
14
4
4
5
9
15
26
26
11
10
14
6
7
9
8
-3
-10
-16
-38
-35
-43
-48
-30
-40
-41
-46
-48
-29
-32
-40
-40
-36
-42
-62
-67
-69
-66
-67
-67
-59
-61
-65
-72
-62
-60
-57
-48
-51
-45
-45
-45
-33
-42
-47
-37
-54
-48
-42
-41
-23
-22
-13
-10
-9
-7
-2
9
9
6
2
8
-3
-12
4
10
9
7
10
17
8
10
13
14
36
32
9
21
21
4
-4
7
17
11
9
0
-4
3
3
7
17
19
20
25
11
-2
3
-4
10
24
13
18
12
6
1
0
10
12
30
35
26
28
13
17
25
12
25
30
23
17
7
19
31
26
29
38
36
41
48
47
46
32
41
49
35
39
34
40
50
28
33
32
40
46
37
51
42
31
41
42
33
39
40
35
38
23
22
27
21
19
22
33
21
9
6
5
7
10
20
25
16
6
9
5
-4
1
-1
5
13
1
-9
-9
-11
-16
-15
-2
1
-12
-16
-9
-14
-14
-4
-15
-16
-11
-17
-18
-27
-34
-35
-32
-23
-28
-31
-32
-38
-39
-46
-34
-29
-28
-12
-19
-28
-29
-28
-39
-40
-26
-33
-24
-12
-26
-23
-10
-7
-6
0
16
4
1
3
-4
4
-12
-8
3
2
10
9
13
24
23
21
25
21
25
33
29
31
31
25
42
39
26
33
32
35
25
29
41
33
43
54
50
63
48
35
49
31
33
38
34
36
26
32
25
16
23
24
20
26
26
9
9
11
10
10
2
-3
-10
-9
-8
-25
-19
-19
-29
-18
-20
-10
-13
-12
-1
-21
-24
-12
-15
-17
-17
-18
-20
-17
-10
-17
-19
-18
-21
-16
-20
-23
-23
-26
-38
-34
-30
-34
-24
-40
-56
-41
-47
-50
-47
-54
-45
-41
-42
-50
-55
-49
-54
-52
-52
-50
-39
-39
-38
-43
-48
-49
-47
-39
-35
-36
-30
-26
-27
-34
-38
-33
-32
-30
-29
-22
-28
-40
-42
-49
-47
-44
-42
-32
-32
-38
-55
-60
-49
-53
-43
-33
-45
-36
-33
-43
-51
-52
-43
-45
-37
-34
-35
-32
-37
-40
-35
-33
-31
-25
-25
-24
-29
-39
-35
-28
-28
-18
-19
-29
-25
-31
-28
-25
-22
-8
3
8
-1
-5
-4
-11
-3
6
15
9
5
16
14
17
22
30
32
32
34
34
34
31
35
52
47
42
46
36
37
30
33
33
31
54
48
46
50
46
42
31
44
44
32
34
37
45
32
30
31
24
36
39
41
38
22
24
27
30
26
31
39
42
47
38
32
26
28
40
38
46
43
42
39
27
37
42
41
51
54
56
61
50
49
54
46
50
51
55
63
57
51
54
60
63
68
70
66
65
71
67
64
69
53
57
74
66
70
67
58
59
58
53
50
50
53
43
48
49
31
35
31
36
45
38
34
31
37
30
22
18
12
25
24
21
19
4
5
7
4
0
8
22
16
10
11
3
-17
-17
-7
-12
-10
-12
-13
-6
-15
-15
-19
-21
-13
-20
-17
-19
-27
-26
-32
-39
-43
-43
-42
-42
-50
-48
-44
-53
-54
-47
-42
-43
-49
-50
-58
-72
-66
-60
-67
-61
-64
-66
-67
-76
-72
-73
-71
-66
-64
-53
-56
-64
-71
-81
-83
-77
-72
-70
-73
-76
-72
-80
-87
-86
-79
-66
-61
-58
-54
-65
-64
-71
-88
-75
-71
-62
-59
-73
-68
-82
-90
-72
-69
-59
-52
-57
-65
-63
-53
-65
-70
-62
-58
-51
-57
-67
-72
-67
-61
-56
-46
-35
-28
-38
-42
-40
-51
-42
-24
-25
-18
-11
-16
-21
-24
-26
-32
-15
-1
1
9
8
7
0
-2
11
16
28
32
26
25
30
33
31
32
46
49
50
62
59
61
69
59
63
71
74
74
69
80
77
68
60
62
73
76
78
79
78
65
61
66
61
75
71
64
75
61
50
55
54
60
62
68
60
52
56
44
37
38
41
49
49
48
40
33
34
39
42
38
36
33
39
50
37
37
33
30
37
28
27
35
40
32
20
28
40
34
32
34
31
34
29
27
26
21
22
27
36
29
25
24
22
17
20
37
42
32
21
13
10
8
-3
-4
15
30
23
17
12
4
-7
-6
13
18
13
9
9
-1
-12
-12
-16
-13
-2
3
-11
-13
-8
-12
-16
-13
-7
-4
-2
-13
-29
-26
-24
-28
-22
-24
-24
-27
-27
-28
-41
-38
-31
-19
-15
-7
-9
-30
-25
-25
-32
-37
-29
-14
-22
-19
-18
-22
-14
-19
-26
-20
-10
4
5
6
2
-17
-22
-17
-18
-13
-10
-6
-3
4
4
-16
-18
0
-4
-3
5
0
-4
-10
-10
-12
-14
-10
-3
-7
-13
-9
-17
-15
1
6
8
8
3
-6
-18
-18
-10
-7
-3
-8
-5
1
-13
-27
-26
-24
-6
7
1
12
4
-10
-17
-18
-6
-5
-5
-10
-9
-10
-13
-10
-19
-16
-19
-17
-3
-1
-8
-9
-15
-14
-7
-13
-16
-13
-16
-26
-27
-34
-34
-28
-22
-17
-31
-24
-19
-33
-30
-20
-19
-19
-17
-22
-28
-32
-33
-40
-31
-26
-19
-3
-12
-26
-36
-39
-21
-10
-10
1
-11
-10
-12
-28
-24
-24
-20
-1
1
-7
-1
-11
-12
-10
-21
-21
-16
-12
-26
-24
-23
-31
-23
-22
-12
-12
-19
-19
-29
-30
-33
-37
-28
-21
-23
-25
-17
-26
-35
-39
-47
-22
-18
-24
-22
-30
-31
-43
-52
-47
-36
-28
-20
-29
-36
-30
-34
-33
-25
-26
-26
-15
-10
-13
-18
-25
-26
-28
-20
-15
-10
-2
5
4
-4
-2
-6
-4
5
4
12
22
24
15
10
8
18
30
35
29
22
35
38
25
35
46
42
40
44
37
29
35
43
48
53
47
42
47
49
42
30
38
50
42
40
38
42
47
33
35
46
49
49
53
51
44
44
45
51
56
46
42
49
56
55
53
56
54
58
62
59
60
55
53
59
57
78
88
75
76
75
65
64
64
67
72
81
94
94
92
81
73
81
84
84
85
89
91
77
78
66
57
70
74
76
74
79
71
61
60
57
56
56
66
55
46
50
39
30
24
22
32
36
33
24
9
9
6
2
10
5
3
1
-16
-33
-37
-33
-28
-27
-30
-25
-26
-39
-45
-47
-52
-59
-49
-47
-47
-45
-61
-69
-63
-64
-65
-59
-50
-51
-59
-54
-50
-57
-55
-59
-67
-61
-54
-53
-52
-49
-58
-65
-54
-50
-55
-48
-41
-53
-54
-47
-58
-58
-47
-42
-49
-57
-45
-40
-57
-68
-66
-61
-56
-52
-52
-67
-66
-63
-72
-71
-65
-61
-65
-67
-59
-65
-73
-76
-71
-68
-77
-75
-67
-70
-77
-79
-76
-71
-76
-75
-72
-83
-83
-86
-89
-77
-79
-71
-71
-80
-76
-79
-67
-64
-68
-62
-77
-75
-65
-81
-78
-67
-79
-66
-57
-64
-54
-53
-58
-58
-57
-53
-44
-37
-41
-51
-46
-41
-42
-34
-24
-15
-14
-8
-1
-10
-20
-17
-12
1
5
0
11
20
13
2
3
14
20
29
38
41
45
43
26
25
28
30
34
39
55
57
39
34
33
34
49
56
62
72
66
47
44
56
44
42
50
45
47
49
50
44
45
51
45
47
51
55
52
47
46
41
39
41
41
43
44
50
44
43
51
49
55
59
62
68
52
49
59
55
46
44
58
66
70
64
60
56
44
47
59
70
66
64
74
64
68
68
55
60
59
70
70
69
76
65
62
60
67
64
51
62
70
66
67
62
59
62
56
61
64
46
46
54
45
37
41
42
42
29
31
45
37
29
31
40
26
22
30
21
12
9
4
10
16
8
3
6
6
-7
-17
-15
-16
-12
-6
-8
-4
-6
-17
-16
-23
-30
-24
-16
-10
-16
-27
-27
-22
-23
-30
-29
-38
-40
-18
-16
-15
-19
-24
-24
-38
-30
-19
-24
-23
-14
-17
-17
-12
-12
0
-2
-6
-6
-8
-7
-2
-6
2
0
-8
0
-2
-7
-11
-8
0
-2
-1
-1
1
5
-6
-19
-26
-26
-27
-34
-23
-12
-18
-28
-18
-11
-31
-32
-26
-19
-25
-22
-12
-34
-48
-54
-50
-46
-53
-55
-49
-43
-50
-49
-45
-45
-44
-54
-52
-45
-52
-57
-69
-78
-54
-39
-48
-49
-52
-62
-69
-52
-38
-37
-30
-31
-27
-42
-53
-48
-51
-36
-36
-39
-35
-22
-10
-23
-39
-28
-10
-26
-35
-2
4
-21
-29
-7
8
-15
-19
-7
-8
-10
-5
7
17
16
-8
-16
-1
0
-8
-12
-1
7
-1
-10
-8
1
-11
-26
-7
12
-10
-26
-10
-1
-26
-20
21
8
-23
-22
-12
-31
-37
-11
-1
4
1
-4
-15
-20
-18
1
0
-12
5
-5
-14
2
-2
-18
-21
-12
1
4
-1
-4
-8
1
-6
-3
10
13
14
-11
-6
12
7
-9
-17
3
7
1
9
25
27
-4
-5
22
15
11
19
21
25
6
1
15
11
9
27
29
33
43
30
22
25
19
10
24
58
65
53
42
22
15
22
33
50
45
53
58
39
40
52
29
8
34
54
57
51
44
38
34
34
36
43
41
32
28
37
31
11
-15
-10
31
27
23
29
16
4
-21
-5
17
9
7
10
20
0
-22
-14
-8
-10
4
33
31
15
3
9
23
30
42
43
41
35
39
42
25
21
28
32
40
64
58
34
46
64
55
49
66
64
47
45
52
67
46
35
61
61
49
48
53
55
57
48
32
47
61
54
42
42
47
39
14
13
48
24
11
57
52
26
18
15
17
10
17
37
32
19
11
8
-12
-20
14
3
-24
-3
23
9
-11
-10
-3
-21
-52
-23
3
-17
-33
-31
-12
-33
-46
-23
-27
-36
-34
-25
-14
-28
-43
-49
-63
-53
-35
-49
-46
-36
-51
-59
-53
-35
-43
-50
-28
-33
-47
-42
-49
-70
-62
-42
-45
-43
-41
-39
-41
-47
-43
-44
-45
-45
-39
-28
-24
-36
-37
-26
-32
-52
-42
-21
-26
-38
-21
-2
-23
-47
-41
-31
-34
-42
-41
-20
-21
-42
-39
-36
-37
-54
-57
-26
-18
-24
-51
-62
-33
-52
-72
-46
-27
-48
-83
-70
-44
-66
-77
-43
-23
-48
-75
-76
-66
-69
-70
-44
-26
-28
-45
-72
-80
-70
-74
-62
-41
-16
-9
-54
-61
-12
-12
-62
-38
27
1
-54
-35
16
3
-33
4
52
21
-23
33
81
41
9
35
63
28
10
38
44
47
43
37
54
46
40
41
41
82
92
53
34
55
39
0
55
105
86
66
55
59
46
11
6
67
104
58
63
97
57
-5
7
33
42
73
77
78
76
44
24
24
29
55
62
19
32
70
21
-12
37
55
21
18
38
50
33
-16
16
62
-1
-11
46
28
-6
29
42
19
12
1
18
45
24
5
38
28
7
36
29
8
17
29
23
39
56
17
-6
17
25
13
21
61
70
28
34
89
41
-23
32
72
38
34
73
55
4
6
20
35
50
47
47
51
23
2
21
5
17
53
27
18
32
25
-1
0
29
34
40
48
37
23
-5
-41
-30
-14
-11
5
-10
-1
4
-51
-57
-31
-29
-22
-2
-12
-21
-17
-72
-102
-63
-59
-77
-45
-7
-55
-73
-51
-84
-81
-44
-42
-49
-47
-56
-60
-67
-88
-75
-44
-46
-65
-63
-49
-86
-114
-67
-19
-17
-36
-9
11
-33
-68
-56
-39
-44
-49
-32
-9
-35
-70
-36
-17
-36
-36
-31
-28
-15
-25
-54
-53
-24
-45
-73
-26
-13
-56
-51
-30
-40
-50
-50
-41
-53
-80
-71
-64
-68
-55
-48
-55
-39
-42
-87
-78
-54
-103
-110
-56
-40
-63
-67
-38
-24
-59
-104
-70
-25
-59
-63
-6
24
-10
-62
-37
3
-26
-81
-37
36
12
-18
-6
4
-8
-59
-46
68
88
-6
-32
24
32
-15
-18
36
81
35
-18
82
128
16
-5
53
71
48
10
34
80
39
5
64
76
49
31
19
45
51
24
33
74
55
2
24
59
29
24
46
41
36
35
29
29
12
-26
-13
-10
-5
25
35
16
-7
-19
-24
-6
-11
-7
12
17
18
14
3
-44
-37
0
1
17
59
57
11
12
0
-9
-3
-3
27
47
60
23
-14
-27
-36
-5
31
73
119
107
71
64
54
14
11
55
79
126
136
92
80
80
13
-32
56
108
98
101
137
118
45
-7
-14
44
43
52
111
121
95
43
-33
-55
6
-11
-21
102
133
6
-26
14
-24
-43
-55
-46
2
-12
-52
-22
-13
-89
-94
-62
-39
14
-47
-101
-27
-52
-115
-38
25
-33
-54
-9
-34
-53
-55
-81
-34
-24
-79
-48
-16
-49
-40
-60
-69
-22
-28
-79
-42
-4
-63
-8
51
-6
-16
-2
-20
24
89
103
135
127
75
41
15
26
89
121
132
202
202
104
84
76
65
115
153
181
203
187
125
105
111
93
130
185
213
201
119
86
113
67
61
159
149
89
91
66
19
-30
-53
-3
45
26
47
41
-78
-136
-133
-114
-68
-76
-83
-87
-132
-186
-203
-171
-186
-205
-178
-169
-158
-191
-242
-236
-251
-284
-247
-203
-205
-233
-261
-230
-201
-243
-297
-265
-225
-242
-212
-172
-174
-225
-281
-243
-184
-196
-210
-157
-112
-143
-149
-129
-149
-184
-170
-59
-11
-44
-34
-19
-35
-61
-44
-6
16
42
74
128
135
74
54
108
122
125
178
228
255
206
176
213
197
210
281
342
363
304
257
248
240
235
246
339
441
456
402
309
190
61
69
242
392
439
384
309
216
73
35
68
98
147
238
313
230
98
19
-21
-10
44
90
89
29
-39
-48
-41
-82
-138
-128
-108
-124
-148
-182
-192
-260
-332
-273
-266
-297
-266
-269
-303
-318
-352
-402
-360
-326
-330
-266
-279
-345
-334
-368
-411
-338
-285
-265
-195
-228
-296
-306
-360
-380
-285
-223
-207
-135
-154
-184
-186
-250
-229
-166
-109
-43
1
-39
-101
-93
-113
-86
-10
-15
-43
-43
-48
-53
-33
-22
0
51
80
102
102
68
34
61
113
165
216
200
170
151
118
130
171
181
172
186
190
164
141
161
163
128
167
212
209
196
171
158
157
149
162
221
226
205
222
226
245
240
228
227
206
202
180
194
218
229
255
260
286
267
231
249
256
259
280
308
289
265
267
219
209
244
224
203
200
159
138
154
145
120
64
47
28
-12
-9
17
7
-29
-20
-28
-77
-119
-146
-146
-136
-151
-155
-116
-141
-202
-212
-237
-285
-288
-264
-247
-226
-262
-290
-271
-311
-312
-291
-290
-266
-254
-236
-245
-270
-317
-313
-255
-280
-257
-231
-244
-198
-207
-228
-220
-232
-267
-224
-151
-166
-168
-170
-160
-172
-202
-221
-196
-140
-156
-101
-58
-62
-36
-86
-100
-60
-37
-17
64
97
53
53
-12
-16
44
62
92
106
170
191
158
146
139
129
157
208
208
222
182
139
159
187
234
215
194
228
252
218
172
199
198
192
182
166
212
200
174
160
152
143
123
165
208
255
271
219
162
131
139
137
114
104
163
167
80
48
16
26
15
-36
-18
-12
-50
-99
-115
-118
-95
-93
-157
-155
-103
-107
-144
-169
-130
-132
-212
-207
-203
-207
-182
-184
-193
-241
-204
-186
-265
-297
-144
-129
-772
-1304
-1264
-947
-590
-365
148
388
-302
-1034
-878
-299
-106
299
1010
1324
644
-552
-876
-603
-188
420
1090
1079
137
-649
-1077
-1049
-784
-556
10
368
396
171
-187
-459
-460
-3
280
601
694
383
368
458
569
422
171
229
448
614
694
937
810
475
377
376
531
482
590
856
807
466
142
83
-88
1
316
479
532
436
527
485
242
201
348
521
518
607
614
388
151
-58
-63
-153
-287
-212
-121
-88
-131
-247
-535
-757
-803
-812
-623
-447
-344
-246
-305
-404
-443
-460
-422
-261
-133
-75
-56
-163
-308
-407
-448
-395
-324
-320
-342
-396
-524
-581
-512
-491
-521
-553
-535
-424
-345
-310
-256
-230
-288
-315
-189
-100
-62
45
160
279
276
157
119
175
289
456
589
583
465
352
328
373
435
486
506
548
549
465
419
405
390
414
537
682
674
595
613
691
696
632
723
849
808
771
783
758
671
728
980
1204
1223
1045
888
749
686
605
-91
-1454
-2406
-2344
-1723
-809
60
193
-844
-2416
-3123
-2740
-2308
-1824
-407
1059
1291
696
19
-571
-1013
-674
744
2018
1785
818
368
0
-413
-563
-635
-703
-890
-1072
-945
-880
-1329
-1708
-1810
-1972
-1791
-1439
-1105
-544
-167
-229
-521
-699
-644
-333
13
411
1093
1288
976
693
289
-34
73
501
798
666
-40
-672
-706
-676
-515
-368
-542
-605
-504
-493
-510
-397
-441
-342
117
368
403
223
119
490
778
725
709
607
336
409
688
786
778
577
371
311
240
270
469
631
607
521
329
97
182
394
555
746
807
766
720
787
986
1130
1172
1242
1376
1342
1287
1418
1531
1568
1487
934
-401
-1867
-2491
-2086
-1041
119
934
641
-980
-2620
-3095
-2753
-2074
-657
1192
2149
1810
1013
316
-359
-573
395
2012
2721
2215
1454
677
-124
-563
-561
-377
-463
-706
-740
-934
-1345
-1636
-1758
-1750
-1714
-1701
-1636
-1510
-1314
-844
-450
-441
-483
-557
-570
-340
42
541
900
910
751
615
381
126
197
335
248
116
-24
-180
-420
-766
-916
-879
-838
-582
-178
-95
-269
-525
-683
-841
-817
-208
88
403
640
401
547
76
-273
397
522
723
1276
1149
985
592
-14
137
218
105
530
796
676
724
699
535
460
336
449
814
1059
1330
1565
1480
1268
1244
1318
1524
1995
2307
1700
56
-1563
-2270
-2101
-1021
858
2158
1574
-356
-2119
-3131
-3644
-3117
-975
1327
2247
2155
1467
88
-1520
-1768
-151
1665
2529
2607
2163
888
-487
-913
-663
-242
14
254
202
-501
-1231
-1550
-1570
-1351
-922
-764
-910
-1089
-1278
-1215
-1146
-1043
-724
-578
-572
-460
-310
-365
-428
-377
-275
-109
-29
249
539
456
243
21
-239
-537
-640
-528
-230
97
64
-68
-310
-717
-880
-729
-405
-67
35
-111
-241
-486
-706
-560
-235
76
294
415
248
-96
-316
-522
-428
-167
1
342
398
202
149
-149
-424
-264
-26
277
589
653
657
402
24
24
112
272
592
858
1010
968
813
743
786
930
1316
1774
1914
1486
522
-587
-1306
-1222
-424
778
1830
1836
692
-853
-2121
-2623
-2316
-1268
338
1502
1694
1288
427
-725
-1474
-1129
-23
981
1643
1789
1316
514
-221
-416
-265
-109
172
385
275
11
-199
-393
-556
-554
-614
-698
-692
-681
-532
-486
-531
-451
-504
-679
-856
-1108
-1264
-1207
-921
-351
132
322
315
110
-227
-552
-610
-357
-19
327
692
794
442
-49
-397
-587
-651
-400
88
314
251
109
-146
-557
-797
-605
-270
-11
175
323
318
19
-126
-87
-194
-142
-25
78
215
173
78
102
69
43
242
318
415
571
655
802
753
589
599
848
1063
1200
1392
1428
1305
1204
1310
1613
1941
2379
2201
460
-1762
-2996
-2907
-1612
483
2358
2269
-148
-2765
-4060
-4652
-4289
-2014
970
2733
2871
2028
465
-1583
-2311
-472
1972
3093
3312
2935
1821
636
128
148
15
-203
15
91
-459
-899
-1036
-1321
-1518
-1406
-1467
-1804
-1965
-1591
-958
-597
-235
51
-447
-1326
-1567
-1312
-901
-169
728
1320
1294
1054
782
227
-453
-622
-109
378
875
1380
1026
-28
-816
-1102
-1201
-1135
-593
284
563
94
-328
-897
-1542
-1317
-244
765
1170
1310
1293
809
163
37
337
498
851
1466
1572
1028
346
-94
-322
-358
-18
586
898
1124
1532
1405
921
760
905
1333
1901
2594
3326
3385
3179
2833
244
-3960
-6023
-4924
-2173
676
2677
2842
-487
-5214
-6686
-5730
-5041
-2895
1244
4400
4706
2870
937
-894
-2198
-36
4075
5124
3609
2471
1474
324
-539
-1071
-1653
-2847
-3328
-2399
-2168
-2645
-2191
-2084
-2842
-3100
-3030
-2689
-1805
-423
1354
2119
1498
1147
941
133
-115
215
385
615
586
401
336
-148
-705
-1020
-1663
-2105
-1820
-1213
-220
512
212
-325
-809
-1227
-920
-61
978
1859
1885
1174
265
-659
-844
-11
828
1275
1306
956
708
447
196
350
609
885
1198
1070
549
100
-52
98
316
548
828
802
651
941
1185
955
748
987
1751
2667
3267
3592
3445
3027
2232
-1061
-5792
-7578
-5771
-2222
1227
3117
2543
-1915
-7253
-7774
-5382
-3987
-1161
3686
6814
6282
3330
1057
-469
-1606
961
5447
5954
3423
1746
719
-636
-2349
-3688
-4289
-5022
-4786
-3170
-2515
-2715
-2240
-2253
-3065
-3026
-2125
-627
1187
2771
4117
3984
2514
1903
1673
758
277
67
-516
-769
-975
-977
-520
-1015
-2048
-2664
-3331
-3042
-1561
-220
1236
2016
1078
292
58
-229
364
1278
2138
2988
2260
544
-542
-1368
-1240
109
930
903
482
-55
5
166
-171
-168
283
823
1610
1992
1595
1044
717
607
806
1196
1549
1971
2124
1985
1918
1371
841
1370
2164
2817
3688
4272
3409
-960
-7246
-9601
-7313
-3378
794
3349
3026
-729
-5820
-7277
-5768
-4494
-1038
4695
8281
8275
5652
2783
886
-244
1366
4222
3691
1585
1437
1359
-44
-2322
-4861
-6295
-6805
-6100
-3922
-2405
-1672
-747
-1074
-2292
-2178
-1028
655
2727
4211
4798
4041
2452
1747
1575
957
560
-4
-1579
-3070
-3787
-3534
-2427
-1769
-2093
-2910
-3481
-2975
-1378
277
1399
1984
1925
1727
1666
1510
1455
1728
1986
1763
956
-208
-1162
-1678
-1722
-1323
-929
-881
-984
-782
-459
-383
-335
-123
291
1001
1706
2023
1945
1485
1009
684
382
785
1740
2182
1996
1541
1262
1047
718
1053
1909
2279
2491
2990
2585
-826
-6575
-9364
-7071
-3089
140
1814
1688
-893
-4909
-6362
-4874
-3194
-460
3769
6547
6880
5403
3225
1342
-15
1013
3266
2458
243
105
86
-1306
-3121
-4872
-5947
-6418
-5666
-3417
-1709
-755
154
-309
-1557
-1030
910
2625
3888
4627
4771
3806
1954
797
260
-440
-707
-938
-2208
-3912
-4955
-4707
-3397
-2234
-1916
-2031
-1810
-1110
16
1252
2067
2554
2816
2837
2601
2300
2076
1806
1249
418
1
-148
-703
-1400
-1811
-1925
-1778
-1446
-1083
-461
442
1164
1234
702
530
1225
2030
2484
2787
2651
2001
1238
648
575
834
1142
1521
1623
1504
1320
903
772
1185
1907
2739
2998
2051
-986
-5768
-8027
-5644
-1840
737
1326
857
-491
-3660
-5644
-4200
-1462
1453
4126
5580
6147
5232
2626
542
-36
1158
2668
1325
-985
-802
-210
-1691
-4254
-6087
-5961
-5013
-4400
-2938
-1047
83
638
182
-657
67
1784
3205
4203
4445
4251
3357
1345
-335
-955
-1240
-1407
-1831
-2891
-3893
-4716
-5265
-4571
-3067
-1807
-623
551
1322
1666
1639
1753
2255
2465
2635
2941
2596
2087
1858
805
-1067
-2219
-2092
-1584
-1670
-1774
-1072
-490
-547
-670
-669
-242
828
1950
2311
2160
2429
2816
2506
2004
1884
1379
546
422
845
1171
1100
819
744
651
486
830
1433
2102
3288
4411
4644
1685
-6530
-13205
-10013
-1027
4321
3390
1657
1397
-3262
-9913
-8853
-1830
3431
4930
4783
6562
8131
4119
-2179
-3998
482
5560
2740
-3253
-1487
3127
273
-7129
-10379
-7426
-4259
-4518
-3558
170
2445
1402
-2047
-4045
-1042
3179
4335
4326
4896
5330
3953
172
-2795
-2848
-1984
-2020
-3215
-3992
-3462
-4232
-6020
-5215
-2531
-596
230
664
1494
2266
3069
3940
2998
1911
2959
2996
1303
866
1187
362
-1297
-1883
-1336
-2127
-3314
-2309
-792
-286
355
557
22
682
2316
2929
2290
2077
3044
3265
2446
2415
2362
1187
166
-90
210
1201
1399
-499
-2078
-664
2077
3163
3033
3857
5415
4978
610
-6818
-11795
-8343
-153
3722
2378
2119
1973
-4634
-12244
-9773
-193
4997
3567
3230
7531
9011
2698
-4293
-4024
2483
5992
1512
-1697
2545
4408
-2601
-10157
-9903
-5318
-4661
-6022
-2330
2816
2354
-2250
-5441
-3496
1406
3448
3153
4634
7012
7031
3625
-590
-2059
-1654
-1956
-2947
-3759
-3197
-2376
-4839
-8451
-7741
-3766
-669
984
2238
3236
2982
1870
1743
2113
2521
3642
3967
3158
3054
2140
-860
-2708
-2055
-1863
-3414
-3529
-658
1174
-424
-2077
-1454
161
1758
2635
2694
3258
4342
3954
1760
920
2859
4033
2418
737
679
833
-190
-1374
-644
1444
3270
3823
2981
2709
3229
2437
-1658
-9131
-12600
-6000
3125
5524
2394
27
-1182
-6768
-12477
-7927
2271
6484
4410
3829
8165
9457
1510
-6039
-2971
5043
5803
-1020
-2830
3521
4284
-5300
-12367
-9490
-4245
-4324
-5518
-1378
3860
2878
-3044
-6453
-3241
2362
4430
4202
5502
7129
5801
1666
-1552
-1751
-840
-1203
-2729
-3503
-2983
-3343
-5878
-8071
-7003
-3597
-1051
431
2812
4962
4361
1559
-299
920
3336
3895
3595
4499
5048
2668
-1878
-4305
-2938
-1615
-2693
-3446
-1409
1372
988
-2356
-3929
-1465
2005
3261
3311
4586
5735
4596
2063
672
1518
2458
2127
1863
2483
3166
2268
-157
-1873
-1843
-68
3055
5395
5913
4416
-1575
-11094
-15484
-9091
1742
6774
5048
2967
405
-6285
-11520
-7694
1368
5732
4324
4917
9200
8903
1055
-5277
-2876
2748
2395
-1305
397
4877
1897
-8058
-13493
-9816
-4801
-3929
-2726
1904
4895
1573
-4575
-6462
-2681
1823
3506
4400
6488
7663
5281
405
-3478
-4436
-3051
-1513
-855
-221
-45
-2192
-6540
-10137
-9471
-4929
-962
1148
3434
5529
4558
201
-2505
-298
2994
3688
3544
4795
5996
4017
-822
-4341
-4351
-2855
-2422
-2107
161
2498
1153
-3213
-5597
-3486
385
2491
3375
5086
6395
5039
1714
-365
532
2494
3353
3677
4526
4661
2334
-1095
-2621
-1361
1199
3135
4116
3703
-67
-6798
-11607
-9693
-3135
1661
2921
2584
526
-3352
-6265
-5408
-1175
2775
4588
5980
7257
6817
3991
502
-1092
-839
-208
926
2633
3000
209
-4869
-8863
-9873
-8661
-5701
-1478
1795
2078
35
-1998
-2413
-1510
86
2409
4880
6337
5943
4054
1751
-183
-1346
-1655
-1473
-1123
-990
-1701
-2895
-4019
-5278
-6445
-6380
-4359
-1196
1619
3210
3217
1635
-81
-204
1440
3605
4806
4901
4294
2982
910
-1402
-2642
-2113
-1148
-939
-632
-4
-69
-1462
-3778
-4523
-1954
1756
3839
4198
4094
3472
1322
-1010
-717
2410
5638
6375
4871
3426
2568
876
-1292
-1738
646
4022
5255
3507
-315
-6168
-12229
-12687
-5794
1675
3815
2182
175
-2976
-7484
-8080
-2031
4883
6873
5610
6255
8470
6365
-8
-2708
1090
4460
2401
-564
504
1242
-3893
-10716
-11791
-7347
-3813
-3312
-1739
1373
1463
-2491
-5672
-3470
2477
6451
6641
5859
5772
4808
1356
-2372
-2935
-763
1218
1041
-996
-2567
-3133
-5180
-8537
-9158
-5424
-961
841
1581
2904
2545
-290
-2328
-1060
2232
4899
5860
5754
4998
2853
-704
-3581
-3316
-925
103
-348
32
577
-879
-3781
-5496
-4388
-1178
2147
4141
4507
4069
3106
965
-851
-52
2458
4116
4497
4810
4751
3373
1313
-515
-1398
-73
2714
3823
1710
-3152
-9191
-11925
-7834
-731
2699
1413
-1286
-4446
-8144
-8644
-3025
4530
7542
5788
4515
5599
5126
1814
245
3253
6662
5114
1056
52
85
-3750
-9305
-10664
-6761
-2697
-2193
-3047
-3024
-3110
-4348
-5157
-2472
2985
6887
7458
6199
4643
3230
1834
767
407
903
2271
2717
251
-3260
-4885
-5474
-6961
-7813
-5171
-1064
291
-548
-1099
-1007
-882
-788
436
3555
6351
6293
4427
3405
3292
1808
-679
-1309
235
1537
1119
-217
-1393
-2674
-4127
-4455
-2945
-329
1838
2477
2062
1473
1101
963
966
1712
3638
5181
5195
4312
3258
2567
2088
1498
1075
1728
3306
2987
-875
-5883
-9335
-9547
-5479
87
2710
1258
-2132
-5603
-8712
-8946
-3254
4873
8230
5835
3015
3153
3372
1185
338
3934
8255
7832
3243
-126
-970
-3853
-9143
-10620
-5794
-325
41
-2837
-4506
-5332
-7197
-7779
-4298
1909
6888
7717
5538
3314
2018
1167
1121
2506
4468
5430
4344
730
-3882
-5907
-5411
-5750
-6231
-3867
-789
-1203
-3679
-4174
-2777
-1685
-722
1054
3427
5298
5351
3603
1944
2126
2873
2175
1624
2920
3295
963
-1533
-2660
-3038
-2809
-1648
-567
-768
-980
-255
163
124
650
1374
1545
1790
2657
3529
4344
4931
3920
2087
1961
2980
3212
3462
3874
1721
-3021
-7420
-10063
-8854
-2703
2650
1159
-4104
-7003
-7815
-8628
-6301
1062
7347
6665
1727
-404
1951
3700
2606
3071
7445
10220
6267
-48
-1512
-272
-2863
-7419
-6937
-1746
396
-3218
-7191
-7824
-7280
-7197
-5466
-842
3954
5137
2815
356
-33
1043
2366
4058
6100
7136
6007
2735
-1559
-3981
-3034
-1539
-2006
-2755
-2282
-2927
-6027
-7909
-5407
-1284
609
493
559
1532
2103
1477
1108
2660
4867
5082
3374
2427
2791
1921
-408
-1361
-80
1067
800
332
-46
-1146
-2400
-2590
-1201
1201
2714
2393
1246
407
185
444
1805
4456
6281
5784
4019
2285
1690
2723
3509
2047
-751
-3765
-6236
-5596
-1737
545
-1960
-6018
-7641
-7590
-7044
-3682
2063
4377
1216
-2291
-1219
2492
4161
4354
6297
8618
7099
2226
-662
735
1817
-929
-3707
-2452
-345
-2233
-6228
-7853
-7359
-7203
-6480
-3393
513
2159
525
-2209
-2962
-974
1911
4405
6267
6939
6083
3721
-40
-3493
-3170
432
2405
1287
-60
-1104
-3961
-7589
-8128
-4502
10
1896
982
-85
83
-80
-970
-372
2502
4852
4606
3223
2474
1701
46
-889
249
2143
2587
1518
721
563
-115
-997
-233
2030
3277
2112
329
46
527
452
586
2150
3845
3703
2359
1286
733
428
362
645
272
-1655
-2714
-527
1784
-395
-5111
-6461
-4766
-4734
-4880
-926
3572
2072
-3457
-5172
-1481
1579
1689
3389
7556
8182
3046
-1819
-1230
1704
1837
223
421
1374
-609
-4514
-6143
-5363
-4988
-5122
-4156
-2432
-1387
-1419
-1996
-2616
-2320
-619
1569
2874
2854
2912
3305
1866
-1154
-2018
379
2498
1957
841
546
-1006
-4101
-5534
-3390
-187
777
-224
-763
-645
-1361
-2002
-687
2102
3674
2902
1745
1600
1518
714
235
937
1932
1690
875
714
698
591
547
1036
1893
2289
2506
2941
2624
1475
819
1155
2192
2882
3045
2845
1505
-843
-2645
-3441
-3994
-3568
-1221
2032
2098
-1741
-4602
-5033
-4798
-3893
-895
2978
3176
-929
-3695
-2314
345
1431
1803
3892
5246
2725
-849
-1343
616
1289
27
-346
851
764
-1535
-3780
-4077
-3397
-3415
-3187
-1910
-654
-982
-3035
-4799
-4016
-1077
1345
1806
1175
781
330
-678
-1156
583
3360
3586
1091
-850
-423
874
1203
631
352
325
-664
-1956
-1900
-529
213
-520
-1192
-525
701
897
131
-202
542
1474
2028
2558
2842
2480
1746
1018
588
1294
2896
3816
3290
1906
851
750
1343
2107
2683
2886
2601
1656
740
647
535
-338
-1352
-2304
-2949
-2002
181
563
-2246
-5068
-5057
-3834
-3266
-1862
1000
1830
-1159
-4034
-2694
1039
2686
2339
3044
4298
3102
5
-946
1323
2722
974
-743
-30
478
-1862
-4688
-4957
-3679
-2905
-2589
-2319
-2204
-2325
-3076
-4072
-3529
-888
1272
932
-628
-1487
-1113
-348
-387
-281
1537
2970
1619
-349
402
2439
1924
-287
-423
1646
2625
1334
189
571
595
-761
-1421
-92
1363
930
-514
-800
388
1180
703
363
705
796
868
2167
3699
3667
2868
2627
2857
3011
3042
3132
3347
3479
2984
2153
2216
2750
1982
182
-1203
-1754
-1901
-2439
-3056
-2359
-840
-1061
-3269
-4684
-3968
-3088
-3266
-2657
-573
388
-1241
-2920
-1813
693
1474
1239
2213
3218
2345
626
344
1710
2645
1904
459
-69
18
-1110
-3066
-3776
-3189
-2823
-3263
-3937
-4073
-3519
-3318
-4131
-4477
-3061
-1516
-1953
-3354
-2958
-682
811
553
478
1436
1395
-281
-698
1812
4467
4263
2226
1076
1137
826
-5
69
1277
1860
963
62
-39
-288
-999
-1066
100
1491
1746
1030
517
201
17
783
2325
3245
3043
2723
2929
3223
3138
2939
3002
3325
3653
3908
4250
4231
3162
1369
-139
-1120
-1658
-1750
-1510
-843
-620
-2394
-5534
-7091
-6097
-4634
-3539
-1712
-190
-1638
-4671
-5108
-2356
675
2242
3250
4189
3510
1001
-384
1136
3335
3545
2358
1734
1312
-110
-1817
-2433
-2041
-1663
-1762
-2039
-2399
-3331
-4530
-5253
-5367
-4748
-3160
-1554
-1703
-3504
-4657
-4160
-3273
-2371
-853
600
831
195
248
1532
2859
3079
2698
2731
3123
3135
2772
2752
2698
1855
865
625
744
378
-285
-388
-3
-75
-641
-741
-311
-73
281
1333
2351
2573
2410
2314
2331
2923
4198
5071
4907
4258
3592
3330
3794
4371
4267
3398
1770
-262
-1608
-1660
-882
53
411
-1061
-4048
-5881
-5315
-4048
-3373
-2659
-2286
-3767
-6107
-6184
-3192
93
1250
980
788
590
71
332
2265
4580
5289
4122
2631
1968
1463
527
-113
-42
-104
-868
-1795
-2611
-3563
-4375
-4588
-4287
-3742
-3282
-3743
-5203
-6150
-5569
-4201
-3099
-1945
-457
-200
-1686
-2398
-840
1239
2338
2941
3351
3139
2465
1999
2207
2915
3272
2660
1942
2259
2636
1702
366
-16
82
70
278
583
434
-33
-266
-205
49
702
1544
1860
1679
1996
3161
3968
3537
2885
3222
4122
4694
4996
5273
5010
3504
1147
-471
-449
457
1394
1651
104
-3061
-5642
-6043
-4886
-3189
-1505
-1064
-3121
-6377
-7459
-5409
-2426
-322
819
1036
-95
-1931
-2465
-567
2409
4127
4033
3147
2216
1382
925
1341
2185
2243
1436
526
-421
-1554
-2352
-2554
-2761
-3215
-3608
-4053
-4916
-5855
-6278
-6120
-5604
-4895
-4006
-3181
-3037
-3358
-2805
-896
1030
2001
2344
2348
2102
1896
2425
3704
4543
4229
3153
2390
2312
2175
1711
1268
960
649
408
319
231
17
-237
-212
88
307
472
684
664
564
1240
2599
3159
2591
2345
2794
3010
3043
3665
4741
5106
3926
1751
-59
-660
-59
1379
2683
2069
-1116
-4635
-5943
-4986
-3146
-1343
-547
-2088
-5475
-7487
-5862
-2392
-101
477
180
-842
-2328
-2688
-610
2458
3714
2600
1124
851
1269
1619
2205
2888
2498
999
-49
44
605
810
360
-410
-1164
-1982
-2921
-3746
-4251
-4538
-4617
-4438
-4327
-4342
-4202
-4365
-4889
-4378
-2307
-252
368
202
517
1139
1403
1831
3118
4416
4469
3540
2948
3302
3674
3002
1771
1319
1730
1834
1374
1095
935
243
-439
-123
660
886
679
479
413
805
1548
1869
1557
1289
1350
1576
2260
3362
4093
3863
2704
1110
11
-25
835
2309
3353
2073
-1562
-4532
-4766
-3441
-2103
-926
-572
-2548
-6141
-7761
-5328
-1293
660
227
-653
-1477
-2753
-3208
-970
2657
4165
2441
69
-361
474
699
889
2119
2959
1958
264
-276
397
928
662
-15
-559
-771
-1018
-1562
-2211
-3100
-3937
-3845
-3442
-3516
-3180
-2542
-3202
-4478
-3761
-1345
-235
-1060
-1562
-726
314
1065
1893
2627
2954
2833
2460
2505
3443
4370
3873
2467
1962
2380
2244
1553
1283
1248
893
464
301
356
579
869
844
707
1162
1665
1179
471
831
1639
1915
1962
2244
2439
1846
475
-607
-569
349
1562
2500
2144
-276
-3425
-4766
-3729
-1934
-588
-118
-1441
-4585
-6824
-5646
-2297
0
131
-710
-1772
-2871
-3033
-1272
1703
3405
2183
-333
-1133
207
1427
1646
2049
2480
1585
-158
-794
246
1553
1726
660
-558
-922
-867
-1319
-2209
-2827
-2743
-2433
-2531
-2810
-2611
-2335
-2928
-3559
-2586
-636
49
-885
-1662
-1273
-297
577
1176
1536
1701
1515
1127
1367
2604
3893
3827
2687
2124
2433
2644
2491
2406
2423
2175
1650
1136
982
1301
1455
762
-27
274
1085
1033
466
495
936
1074
951
1140
1658
1765
766
-774
-1331
-359
1173
2143
1613
-663
-3341
-4458
-3547
-1744
-181
179
-1533
-4747
-6865
-5707
-2171
616
755
-801
-2281
-3146
-3104
-1526
1153
3009
2256
-343
-1896
-860
1190
2168
2147
1874
1173
124
-207
695
1962
2353
1312
-324
-1105
-945
-902
-1309
-1703
-1892
-1983
-2119
-2462
-2727
-2588
-2415
-2327
-1661
-615
-358
-1006
-1504
-1189
-127
1041
1557
1346
1032
928
998
1446
2219
2759
2649
2097
1696
1893
2575
3072
2876
2344
1969
1801
1754
1748
1830
1895
1485
749
374
515
631
516
451
289
58
95
448
826
879
334
-855
-1865
-1611
-154
1611
2315
725
-2297
-4205
-3697
-1845
-128
697
-228
-3053
-5714
-5877
-3466
-511
733
-292
-2325
-3667
-3646
-2349
-105
1871
1914
15
-1765
-1648
-16
1738
2703
2619
1686
490
-125
366
1649
2633
2391
1137
-86
-674
-828
-825
-712
-520
-497
-981
-1814
-2358
-2331
-1996
-1422
-466
344
160
-933
-1698
-1227
47
1264
1791
1531
1001
735
919
1445
2191
2864
2787
1918
1298
1598
2299
2652
2432
1847
1327
1169
1332
1637
1887
1931
1527
729
89
33
402
754
795
539
198
-127
-440
-539
-109
602
996
675
-318
-1469
-1776
-604
1019
1289
-206
-2197
-3175
-2656
-1347
-226
-1
-932
-2705
-4228
-4127
-2405
-680
-198
-761
-1614
-2427
-3026
-2909
-1591
314
1171
406
-941
-1581
-1110
57
1315
2147
2178
1343
148
-348
373
1557
2242
2028
911
-733
-1840
-1467
-101
1001
998
-275
-2017
-2903
-2361
-931
360
749
92
-944
-1410
-955
197
1362
1771
1414
931
708
757
1114
1650
1934
1763
1324
992
939
1100
1294
1217
1029
1046
1044
823
626
686
1010
1298
1195
777
347
113
181
494
750
594
12
-562
-716
-462
-30
372
428
-213
-1361
-2117
-1679
-212
1113
963
-765
-2636
-3244
-2458
-973
326
633
-530
-2516
-3685
-3160
-1519
26
583
-87
-1455
-2583
-2857
-2000
-243
1287
1470
292
-1277
-2052
-1458
239
2023
2635
1661
-65
-1198
-1094
19
1351
1946
1472
243
-1099
-1742
-1196
165
1287
1318
286
-1077
-1715
-1044
204
907
838
376
-251
-820
-764
3
901
1517
1569
845
-48
-251
257
1053
1824
2146
1568
425
-234
102
955
1701
1875
1278
268
-546
-680
89
1206
1653
1018
-234
-1089
-947
-75
791
895
242
-579
-1004
-666
147
825
897
259
-691
-1375
-1354
-654
343
1119
1056
-61
-1626
-2513
-1980
-465
872
1021
-38
-1372
-2218
-2101
-930
379
750
71
-1030
-1852
-1884
-1108
-65
894
1417
977
-233
-1161
-964
73
1185
1680
1197
204
-500
-581
-158
477
911
746
38
-685
-994
-623
230
792
626
46
-478
-701
-462
266
1058
1200
562
-240
-667
-452
267
997
1358
1006
378
-163
-440
38
960
1590
1573
976
207
-110
112
660
1113
1263
1079
507
-1
-22
243
325
101
-266
-540
-625
-545
-346
-213
-178
-230
-432
-603
-593
-484
-406
-344
-242
-153
-99
-73
-289
-690
-769
-367
308
736
542
-206
-1023
-1219
-728
141
886
918
54
-1106
-1690
-1327
-342
626
1015
552
-354
-1025
-1033
-334
724
1522
1595
938
-9
-687
-744
-147
652
1053
794
124
-504
-899
-979
-679
-90
399
390
-165
-869
-1144
-844
-178
451
701
549
44
-512
-589
-24
752
1077
783
154
-443
-630
-341
223
841
988
441
-293
-616
-247
515
1037
1043
615
41
-338
-353
64
589
679
214
-503
-1016
-945
-451
-39
-15
-334
-692
-949
-922
-543
-107
79
-106
-500
-704
-546
-290
-116
-52
-72
-157
-193
-84
52
56
-43
-119
-89
153
499
761
708
357
78
47
263
559
749
775
563
262
112
236
491
609
653
632
397
10
-243
-144
200
399
263
-47
-325
-550
-671
-533
-293
-141
-185
-458
-760
-845
-700
-526
-429
-342
-204
-121
-196
-380
-444
-226
98
254
267
223
-10
-333
-416
-171
120
162
-26
-289
-470
-497
-359
-43
324
418
110
-357
-595
-383
61
337
274
-49
-482
-769
-756
-587
-352
-121
-162
-543
-891
-920
-682
-360
-147
-163
-293
-252
-64
23
27
65
140
133
58
41
98
180
175
100
153
318
383
336
368
578
813
966
1167
1413
1490
1359
1265
1403
1573
1564
1484
1456
1373
1041
571
301
328
456
524
439
131
-289
-596
-610
-370
-112
-28
-138
-402
-675
-701
-442
-107
21
-114
-339
-523
-571
-513
-398
-181
52
81
-172
-497
-612
-427
-51
301
413
196
-231
-554
-514
-214
35
-7
-243
-462
-617
-762
-814
-567
-216
-155
-432
-674
-650
-541
-410
-272
-223
-234
-300
-383
-359
-325
-470
-711
-716
-487
-341
-290
-247
-243
-239
-194
-120
1
110
187
249
288
364
373
207
61
119
349
569
618
572
503
551
786
997
1153
1392
1591
1531
1406
1463
1535
1497
1446
1430
1343
1188
1081
982
812
543
259
63
-12
-41
-137
-227
-273
-345
-430
-447
-400
-416
-492
-503
-439
-434
-542
-568
-409
-233
-156
-264
-526
-715
-721
-604
-416
-157
4
-110
-377
-578
-582
-371
-140
-99
-227
-440
-683
-932
-1019
-869
-805
-966
-1170
-1234
-1112
-1009
-948
-835
-733
-671
-663
-584
-423
-375
-384
-334
-274
-292
-377
-459
-519
-472
-352
-338
-411
-468
-489
-427
-242
-26
141
260
268
159
95
228
540
818
894
739
521
443
594
944
1280
1356
1226
1142
1063
943
953
1193
1420
1330
994
712
653
737
773
793
978
1034
675
242
165
328
408
349
244
160
31
-156
-310
-307
-222
-256
-379
-429
-405
-442
-594
-778
-765
-549
-371
-310
-333
-411
-548
-675
-630
-443
-286
-284
-443
-599
-617
-556
-471
-385
-342
-456
-756
-974
-1001
-971
-903
-822
-719
-631
-704
-817
-793
-680
-519
-309
-140
-95
-171
-282
-311
-240
-152
-130
-158
-185
-261
-324
-258
-138
-46
-37
-41
-28
1
168
432
607
604
536
541
670
919
1148
1232
1194
1076
970
973
1061
1159
1229
1252
1175
1021
885
863
901
865
744
639
570
464
371
451
660
705
535
345
259
214
164
197
267
255
137
-23
-58
88
170
20
-197
-292
-264
-204
-82
45
5
-225
-547
-751
-682
-415
-207
-279
-544
-787
-966
-1043
-857
-497
-281
-355
-629
-874
-919
-701
-359
-144
-169
-418
-685
-738
-609
-439
-338
-284
-288
-387
-421
-275
-93
-87
-174
-240
-227
-119
-42
-57
-149
-231
-281
-323
-272
-129
-17
-24
-86
-107
-100
-15
178
372
556
714
777
669
515
533
675
848
988
1065
1009
806
572
459
623
906
998
862
653
444
311
419
663
746
566
236
-53
-152
31
322
413
270
-36
-344
-500
-440
-181
23
31
-131
-414
-649
-616
-281
79
131
-113
-431
-658
-710
-605
-403
-286
-368
-575
-802
-856
-700
-532
-465
-464
-473
-487
-476
-404
-267
-141
-97
-144
-224
-234
-232
-206
-102
-22
-20
-112
-200
-227
-256
-212
-77
120
214
89
-66
-147
-145
-82
71
195
143
4
-127
-161
-78
64
186
195
165
174
182
286
480
584
495
369
376
478
640
763
747
573
323
166
218
479
710
704
457
171
98
248
507
674
575
274
-83
-272
-145
147
335
242
-59
-371
-572
-609
-465
-272
-198
-275
-459
-603
-628
-533
-350
-255
-291
-413
-549
-630
-622
-542
-493
-533
-656
-788
-876
-873
-763
-641
-564
-592
-695
-765
-718
-493
-205
-6
57
-65
-265
-321
-168
108
371
438
260
-31
-236
-209
16
316
474
373
137
-61
-32
226
538
718
641
419
242
215
346
534
665
672
535
358
281
369
552
680
660
513
405
444
553
665
762
801
755
617
495
485
560
645
641
570
493
373
289
308
360
369
306
194
108
96
126
144
86
-58
-214
-293
-271
-201
-153
-220
-383
-519
-544
-484
-461
-489
-488
-468
-487
-568
-648
-655
-579
-509
-561
-642
-682
-687
-670
-625
-583
-578
-575
-611
-613
-535
-425
-300
-240
-226
-228
-265
-254
-116
88
210
185
64
-83
-108
53
270
418
385
210
20
-57
93
344
450
358
210
69
4
125
378
585
594
449
267
150
236
443
574
541
435
365
292
265
306
371
446
494
517
474
407
427
478
517
542
569
562
483
388
308
288
276
266
256
204
147
35
-58
-51
-1
41
-18
-139
-207
-180
-123
-176
-256
-281
-320
-381
-439
-440
-429
-458
-506
-566
-638
-694
-715
-701
-608
-517
-528
-587
-630
-589
-491
-405
-353
-340
-311
-331
-408
-396
-373
-360
-270
-177
-81
-62
-118
-176
-225
-134
36
192
262
199
138
110
132
246
362
364
294
233
240
279
269
273
265
227
258
292
325
358
342
317
235
195
231
271
309
265
216
176
113
121
187
219
163
104
121
174
245
274
209
101
22
0
53
165
219
178
16
-181
-292
-319
-240
-147
-71
-114
-320
-456
-462
-377
-285
-218
-149
-201
-365
-506
-531
-438
-360
-360
-381
-417
-507
-598
-620
-599
-567
-517
-471
-418
-337
-277
-288
-330
-294
-222
-186
-135
-62
-50
-100
-88
-28
-35
-106
-130
-62
42
129
234
306
263
197
201
273
409
539
580
535
435
349
315
355
483
598
627
530
385
319
318
369
438
517
581
506
367
300
308
354
361
365
355
327
311
271
254
286
297
217
173
216
253
215
135
151
157
125
115
92
97
39
-67
-122
-121
-65
-80
-180
-276
-339
-322
-297
-295
-259
-287
-431
-581
-599
-456
-305
-259
-334
-510
-668
-704
-634
-495
-384
-377
-454
-579
-606
-555
-495
-383
-294
-269
-314
-374
-339
-277
-207
-114
-76
-79
-125
-147
-113
-65
22
86
90
106
153
209
305
372
374
345
326
354
350
410
508
510
462
384
359
395
422
439
428
387
324
241
234
301
327
318
301
304
330
366
383
363
344
343
324
309
348
385
385
312
205
131
106
173
278
319
276
193
87
-24
-60
58
179
165
67
-56
-147
-215
-235
-198
-153
-107
-161
-299
-387
-394
-343
-300
-253
-214
-254
-385
-471
-445
-383
-336
-330
-285
-275
-393
-463
-423
-341
-293
-291
-295
-325
-321
-266
-212
-156
-106
-110
-168
-179
-118
-40
31
66
35
-44
-84
-49
40
153
201
169
83
10
32
124
252
290
213
149
130
164
194
204
196
147
100
84
112
112
103
138
124
55
36
118
184
202
221
197
150
115
130
208
293
326
246
107
44
72
124
154
169
149
96
20
-36
-9
56
95
81
36
-31
-105
-153
-165
-135
-115
-157
-217
-254
-271
-275
-291
-290
-304
-351
-347
-315
-248
-194
-214
-264
-298
-274
-244
-212
-176
-208
-300
-358
-335
-300
-303
-344
-341
-309
-301
-265
-236
-237
-243
-218
-148
-102
-60
-5
1
-16
-41
-38
30
115
138
69
-5
-22
-27
-32
25
105
101
20
-27
21
93
135
120
87
83
77
73
90
153
197
172
135
107
93
135
203
245
258
246
258
275
290
325
340
338
329
293
255
240
240
218
174
174
186
146
93
75
74
79
53
19
16
1
-6
-32
-42
-1
-48
-131
-178
-174
-130
-132
-123
-95
-124
-178
-193
-146
-86
-68
-80
-93
-119
-148
-133
-77
-19
-24
-102
-154
-199
-213
-157
-79
-46
-126
-242
-309
-284
-182
-70
23
45
-12
-74
-47
74
165
170
135
85
29
-23
-9
73
142
85
-44
-87
-76
-38
-8
51
97
67
61
56
79
123
180
233
231
229
214
176
148
185
257
324
343
303
238
196
248
322
358
404
393
307
217
204
325
386
360
333
259
189
161
191
237
228
179
91
37
73
112
106
79
62
61
14
4
88
131
91
16
-34
-23
-10
-4
34
45
9
-50
-128
-151
-147
-133
-131
-183
-202
-218
-226
-222
-221
-214
-277
-301
-239
-214
-196
-185
-235
-292
-341
-325
-249
-200
-160
-151
-166
-191
-214
-204
-155
-88
-59
-93
-158
-169
-173
-223
-230
-175
-126
-134
-134
-104
-116
-78
-52
-86
-46
6
23
-4
-21
5
36
100
105
49
14
29
77
99
141
136
87
47
16
54
115
174
136
60
6
-68
-62
-19
83
163
108
4
-55
-4
58
92
132
142
111
32
-17
-20
43
106
66
80
130
101
81
105
135
113
43
17
14
25
47
-9
-71
-115
-202
-219
-149
-121
-150
-187
-198
-210
-228
-239
-243
-183
-158
-151
-150
-182
-183
-234
-248
-228
-232
-237
-230
-202
-222
-247
-257
-250
-211
-194
-155
-76
-68
-96
-139
-160
-112
-35
65
86
59
12
-8
-31
-65
42
115
132
125
77
69
18
19
65
54
116
176
197
169
97
134
137
90
102
162
249
222
128
128
137
153
135
134
174
269
196
176
374
-353
-1351
-1225
390
1449
604
-322
-351
185
135
-89
430
657
195
-255
-90
654
408
-387
-432
391
1305
927
22
-496
-460
-275
-366
-311
-186
-89
141
252
-127
-590
-659
-480
-200
-38
65
-60
-372
-371
-664
-851
-712
-466
231
350
-54
-480
-701
-541
-457
-192
121
250
372
169
-80
-204
-303
-263
-104
397
730
482
124
-155
-58
187
221
230
332
528
489
-4
-477
-417
20
384
302
284
521
521
249
-81
13
398
663
721
471
319
272
105
140
450
766
862
674
480
406
333
363
379
465
630
700
566
244
115
165
262
337
403
454
389
221
190
154
45
119
195
412
474
262
67
-75
-11
108
132
93
119
106
-55
-248
-314
-245
-186
-107
-100
-218
-355
-516
-569
-431
-262
-194
-302
-487
-491
-439
-416
-380
-354
-300
-311
-375
-428
-353
-197
-161
-196
-209
-213
-199
-193
-123
-82
-193
-261
-230
-81
-3
-112
-195
-172
-54
18
-40
-226
-242
-82
-29
-63
-81
-26
-17
-135
-227
-131
66
201
186
37
-117
-6
133
125
94
49
104
118
127
110
106
53
-6
97
133
188
221
133
69
80
68
40
64
161
217
191
161
118
14
-60
61
154
145
46
-19
-54
-116
-150
-168
-64
-18
-7
-146
-346
-362
-350
-246
-184
-165
-158
-278
-345
-401
-397
-303
-271
-184
-172
-230
-260
-337
-288
-245
-287
-237
-193
-233
-244
-242
-262
-259
-255
-198
-93
-52
-33
-11
-35
-98
-92
-17
69
219
190
52
-31
-96
-11
64
119
173
151
144
44
-70
14
116
136
150
192
152
98
133
79
30
83
160
218
197
135
89
8
-22
56
87
145
175
165
137
19
41
130
109
119
156
139
91
109
126
66
34
41
29
24
33
18
-69
-134
-92
-79
-89
-38
-44
-56
-15
-75
-179
-237
-200
-79
-64
-115
-164
-264
-327
-321
-241
-168
-147
-177
-271
-271
-179
-44
-32
-194
-234
-223
-222
-165
-106
-5
81
79
-13
-142
-205
-99
149
269
230
123
27
72
146
192
243
247
233
225
213
193
229
327
346
284
202
192
240
262
344
406
371
296
252
266
309
357
295
267
359
404
351
247
211
268
360
352
239
165
127
144
230
275
264
229
175
140
146
185
149
64
64
127
187
206
123
-97
-184
-90
-40
-27
-34
-83
-149
-194
-218
-196
-165
-137
-105
-97
-102
-124
-196
-273
-268
-246
-205
-157
-187
-264
-306
-374
-407
-318
-248
-243
-328
-348
-273
-244
-246
-306
-316
-244
-169
-128
-143
-196
-270
-224
-127
-143
-120
-92
-55
79
97
-26
-120
-85
31
119
190
254
207
63
18
80
185
269
252
162
115
140
137
126
134
158
220
220
183
235
297
304
256
188
107
90
168
170
128
118
90
36
28
108
161
118
33
-51
-118
-77
-16
-94
-141
-75
-2
3
-94
-125
-100
-86
-83
-128
-145
-142
-126
-135
-199
-235
-177
-49
-55
-105
-74
-93
-79
-57
-109
-155
-98
-69
-113
-113
-116
-107
-76
-105
-200
-232
-173
-137
-94
-70
-102
-158
-189
-107
-7
5
-71
-153
-134
-74
-38
-33
-50
-39
10
56
43
44
73
58
90
107
84
152
189
171
158
146
175
170
120
80
46
64
125
127
100
78
52
62
66
80
93
65
17
-25
-31
-14
20
1
-60
-58
-28
-26
-46
-120
-137
-88
-94
-104
-127
-154
-150
-110
-74
-76
-93
-128
-113
-92
-58
-43
-116
-154
-153
-165
-116
-38
-67
-102
-101
-134
-135
-99
-66
-12
24
4
-29
-25
33
57
47
19
-8
1
25
50
-33
-83
-40
-7
21
-13
-31
14
26
17
43
74
70
47
47
64
86
119
151
150
131
173
150
62
61
104
140
173
158
83
51
109
182
205
173
134
127
129
108
103
96
84
100
74
23
25
61
83
34
-25
8
53
49
64
102
66
19
-3
-32
-2
49
34
-31
-72
-87
-110
-96
-60
-44
-76
-123
-99
-71
-69
-63
-79
-69
-74
-121
-109
-31
12
-15
-66
-113
-84
-55
-35
21
45
61
32
12
65
106
122
99
73
68
88
60
-56
-57
15
27
56
83
61
32
-7
-27
12
60
73
75
80
89
101
79
72
83
96
131
152
149
127
109
57
33
49
39
52
62
91
113
65
28
28
37
21
16
42
49
68
52
7
3
3
36
34
-9
26
46
23
-21
-102
-100
-32
21
16
-43
-87
-116
-126
-125
-135
-119
-106
-121
-131
-174
-230
-242
-201
-109
-71
-90
-134
-189
-194
-163
-127
-133
-128
-93
-104
-129
-165
-160
-106
-89
-78
-37
14
12
-63
-98
-79
-63
-23
14
12
24
27
-53
-71
16
43
20
-10
-19
-31
-23
-9
19
71
71
72
73
67
72
84
96
63
32
48
83
97
90
53
-32
-46
35
89
72
15
-20
20
37
18
23
11
14
10
11
52
62
34
-2
-26
-13
-3
-11
4
6
-36
-74
-79
-68
-47
-24
-49
-106
-127
-139
-173
-184
-164
-119
-100
-133
-172
-215
-206
-176
-184
-211
-209
-163
-143
-148
-186
-226
-211
-184
-149
-132
-154
-158
-137
-117
-125
-146
-137
-99
-39
14
25
-12
-52
-30
17
39
60
90
84
64
69
60
76
105
144
199
203
183
138
144
225
263
268
253
236
224
254
294
287
271
240
246
283
292
295
280
303
303
256
236
229
241
250
257
243
214
222
241
240
221
213
194
186
175
104
74
109
158
187
152
113
91
93
84
21
9
-3
-11
9
12
14
-34
-95
-148
-161
-133
-134
-150
-166
-174
-177
-187
-207
-242
-237
-214
-237
-261
-270
-266
-259
-234
-219
-255
-296
-328
-316
-279
-260
-257
-265
-238
-230
-240
-238
-248
-193
-139
-112
-115
-157
-176
-163
-72
-28
-30
-32
-106
-128
-77
0
72
99
89
68
51
47
54
87
151
174
170
131
107
165
213
228
215
178
149
115
141
172
142
153
165
156
103
55
86
107
127
104
23
-5
9
33
67
104
129
138
133
129
116
86
68
55
73
63
29
-6
-58
-31
1
-1
-7
-74
-68
-29
-45
-64
-113
-108
-78
-66
-36
-48
-58
-76
-125
-129
-130
-132
-119
-100
-83
-94
-96
-112
-141
-118
-96
-78
-43
-74
-134
-175
-170
-103
-57
-5
25
0
-16
-43
-34
-8
-4
-1
-29
-34
-11
30
47
29
46
66
84
93
95
130
166
185
169
129
126
176
224
237
203
137
111
101
60
28
16
39
64
60
30
1
13
24
45
59
42
51
44
32
34
38
77
101
69
7
-11
-19
-53
-58
-53
-35
-26
-63
-90
-62
-19
-17
-67
-96
-91
-109
-128
-121
-86
-60
-66
-76
-93
-105
-90
-102
-140
-143
-116
-96
-117
-110
-60
-44
-70
-121
-125
-85
-90
-121
-134
-128
-114
-113
-106
-73
-58
-53
-78
-109
-92
-82
-66
-62
-44
-7
-4
15
-19
-55
-24
-9
34
71
72
70
69
75
44
62
114
115
158
179
156
153
150
160
158
134
111
81
92
97
68
54
34
58
98
95
101
72
50
77
88
91
88
99
122
116
87
27
-1
29
41
45
26
-15
-42
-67
-58
-41
-56
-61
-62
-72
-60
-48
-65
-76
-88
-79
-63
-59
-37
-53
-60
-68
-91
-87
-104
-88
-75
-101
-111
-106
-93
-128
-135
-108
-108
-102
-124
-108
-68
-70
-60
-45
-1
9
-28
-53
-82
-66
-47
-58
-61
-75
-67
-35
-19
-7
18
25
16
-10
-29
9
59
84
96
100
101
87
103
114
117
155
147
138
110
67
82
85
108
125
116
106
93
94
83
92
127
124
84
88
121
143
157
124
96
74
76
90
92
122
119
103
68
13
-14
-33
14
62
49
38
9
-3
3
15
31
8
1
-11
-24
-18
-30
-30
-28
-32
-23
-4
-31
-64
-56
-46
-31
-63
-99
-89
-82
-72
-78
-95
-110
-101
-69
-54
-45
-49
-56
-60
-68
-66
-62
-52
-34
-21
-18
-21
-39
-62
-75
-52
-11
-2
-8
-12
-1
23
23
20
23
28
24
8
-9
-12
-4
5
5
-11
-24
-11
25
42
28
38
21
-10
13
18
17
18
17
38
24
-5
-39
-23
26
31
26
3
-12
-11
1
26
18
4
8
21
39
16
-10
-7
-14
-15
-27
-58
-80
-62
-30
-35
-52
-61
-66
-71
-63
-72
-73
-48
-34
-27
-29
-32
-34
-27
-8
-20
-40
-52
-72
-64
-62
-63
-55
-64
-68
-75
-79
-73
-64
-42
-33
-25
-17
-19
-13
-8
-13
-28
-63
-63
-13
-4
-27
-46
-54
-44
-47
-42
-38
-34
-6
1
-4
-3
8
19
28
51
68
59
39
44
44
32
27
6
9
27
18
5
-2
-5
0
24
54
55
49
51
57
58
44
38
50
70
76
48
25
22
12
-6
-11
16
35
55
51
18
8
5
3
-6
2
27
27
25
2
-21
-23
-15
-5
5
12
-15
-18
-6
-16
-19
-20
-21
-8
8
-2
-12
-30
-28
-4
2
14
32
50
43
27
14
-11
-19
-34
-17
32
40
47
36
0
9
16
15
13
2
20
35
35
16
15
23
23
46
61
61
36
16
14
19
40
53
89
111
70
46
35
24
16
10
27
29
51
69
80
78
74
93
81
85
77
66
68
44
42
29
23
29
29
36
49
38
6
13
27
47
60
41
30
25
39
30
0
-10
-12
-5
-16
-42
-43
-41
-31
-45
-73
-68
-78
-79
-90
-103
-95
-100
-93
-91
-57
-15
-28
-61
-66
-51
-49
-53
-43
-29
-44
-49
-46
-73
-82
-72
-49
-52
-67
-50
-48
-29
0
-4
-8
5
16
16
25
21
13
4
-5
-10
-10
15
17
16
37
52
75
73
66
75
77
96
93
79
78
66
80
78
82
83
55
46
41
49
59
72
67
50
49
46
33
16
19
26
33
19
-6
6
15
18
9
7
24
19
-1
-41
-36
-14
-11
-17
-42
-21
-20
-31
-37
-65
-63
-44
-23
-37
-40
-58
-95
-90
-80
-82
-88
-84
-74
-69
-75
-65
-64
-63
-44
-36
-15
-14
-28
-58
-81
-63
-62
-85
-90
-63
-67
-98
-108
-88
-46
-43
-56
-48
-25
-19
-39
-46
-49
-36
-10
-14
-34
-52
-51
-48
-50
-43
-35
-11
1
12
22
21
31
30
37
50
46
26
21
35
47
59
53
47
57
69
82
69
37
27
56
84
81
62
30
32
54
36
18
27
29
24
17
9
16
7
-2
17
24
7
13
22
7
-14
-22
-24
-41
-40
-29
-22
-20
-34
-36
-56
-67
-77
-80
-42
-37
-24
-33
-53
-45
-39
-12
-7
-11
-25
-23
-4
-38
-57
-52
-50
-35
-17
-22
-35
-48
-75
-51
-8
-2
8
21
33
34
20
10
29
27
14
26
33
52
34
24
46
49
59
52
40
45
65
69
59
69
72
75
84
91
88
84
92
85
83
88
73
77
83
64
54
50
51
38
37
68
58
64
79
59
65
70
39
12
4
3
14
10
-1
-14
-4
-5
-42
-54
-59
-42
-33
-51
-60
-62
-51
-54
-41
-49
-85
-80
-84
-86
-96
-107
-107
-107
-96
-96
-77
-63
-63
-73
-92
-84
-82
-66
-42
-24
-17
-41
-53
-50
-50
-42
-35
-33
-37
-47
-49
-50
-36
-30
-44
-31
9
18
-7
12
26
19
41
66
89
91
84
71
66
78
75
75
54
39
57
45
32
55
75
79
89
112
113
113
112
103
117
104
86
93
95
88
72
45
8
1
7
-8
-20
11
34
10
-16
-35
-17
27
25
2
4
1
-20
-35
-25
-41
-66
-62
-64
-62
-87
-104
-98
-106
-99
-99
-97
-86
-103
-90
-68
-60
-46
-55
-58
-47
-21
-23
-56
-64
-59
-61
-78
-92
-88
-87
-79
-60
-79
-80
-47
-38
-40
-43
-2
15
-18
-18
-14
-17
-22
-29
-25
-20
-25
6
24
-14
-30
-11
15
19
30
53
67
64
42
42
57
64
36
25
63
49
17
14
26
50
59
76
91
92
98
90
81
84
67
67
65
57
45
12
-4
4
5
-11
-6
18
30
19
26
46
8
-9
-4
-17
-23
2
16
-54
-83
-36
-35
-88
-89
-38
-63
-97
-82
-68
-67
-58
-52
-83
-84
-50
-67
-94
-65
-48
-75
-95
-78
-71
-85
-72
-55
-56
-96
-88
-39
-44
-62
-57
-11
-34
-69
-32
-8
-15
-33
-2
21
27
48
52
22
1
30
52
74
75
57
62
48
38
54
81
88
74
87
99
86
99
102
96
124
135
130
101
85
103
87
78
117
134
96
125
167
119
78
106
148
96
62
115
133
62
22
86
78
21
39
69
35
-5
42
58
6
15
68
28
-33
0
11
-56
-76
-43
-71
-107
-88
-78
-91
-131
-130
-104
-138
-152
-117
-111
-115
-111
-97
-115
-145
-111
-110
-151
-153
-104
-98
-142
-138
-105
-110
-150
-138
-115
-136
-123
-87
-73
-85
-82
-72
-70
-66
-54
-19
1
-30
-25
33
4
-20
47
27
-27
26
47
-8
-2
41
40
37
73
100
81
69
94
109
92
109
133
133
123
94
128
138
70
71
119
116
91
123
138
80
76
124
122
75
80
121
80
51
100
124
85
49
83
91
48
43
34
26
-3
0
53
7
-5
36
12
-35
-35
29
-20
-70
27
26
-41
-45
-28
-54
-106
-74
-38
-47
-80
-83
-59
-107
-102
-64
-79
-106
-97
-29
-87
-136
-64
-102
-101
-87
-88
-59
-109
-67
-56
-92
-57
-52
-36
-44
-30
-18
-34
-35
-37
-12
-21
-25
7
12
10
-24
-5
57
0
-9
65
68
-3
8
117
30
-10
80
41
27
49
104
82
14
86
102
61
65
109
120
70
80
97
69
36
30
60
37
28
83
68
20
15
74
79
30
63
83
32
-9
41
25
-72
-3
41
-70
-74
0
-72
-108
-30
-32
-47
-14
0
-11
-12
-20
-67
-54
-43
-81
-69
-58
-80
-103
-86
-72
-117
-83
-47
-81
-56
-24
-35
-63
-37
-16
-51
-24
-20
-35
-34
-38
4
-44
-33
28
-39
-7
15
-15
21
25
21
35
74
33
10
85
32
27
64
28
45
24
72
97
26
92
85
37
69
45
47
80
61
40
97
61
3
60
16
5
17
-1
27
-15
28
20
-23
20
-60
7
-1
-77
41
-35
-33
-32
-59
18
-87
-26
-18
-105
-56
-99
-60
-106
-85
-3
-103
-56
-67
-68
-77
-115
-10
-122
-78
-17
-121
-36
-86
-38
-40
-111
-12
-83
-16
-40
-91
39
-58
-55
-28
-40
-43
-86
-6
-57
-46
5
-1
30
-31
50
62
28
77
45
96
52
45
80
8
78
42
61
86
2
107
39
34
117
71
148
58
84
170
25
68
115
91
82
58
109
62
6
59
66
25
48
90
58
31
37
80
58
-26
68
64
-4
41
0
21
-7
-28
64
-18
-31
30
-41
-25
2
-16
16
-15
-33
-15
-76
-57
-23
-74
-63
-59
-24
-24
-83
-13
-18
-68
-24
-28
-39
-44
-44
-6
-9
-35
-10
-15
-49
-25
-33
-27
-33
-74
1
4
-24
1
-22
-2
-30
-3
17
-44
0
-8
-13
-12
-43
15
-11
-25
14
-2
-5
-25
-8
18
-16
-12
16
-13
-25
-7
-14
-2
-4
-21
-7
-23
-36
0
-11
3
23
30
35
-16
57
49
-32
43
23
-4
4
1
22
-15
5
23
-2
-5
-2
-2
-9
-12
14
30
-8
28
45
-12
25
8
-16
4
-30
-19
-20
0
2
-24
11
-23
-20
-4
-38
-32
-24
-4
-45
-4
3
-62
0
-24
-42
-43
-46
-18
-68
-39
-57
-50
2
-85
-44
-28
-49
-22
-70
-6
-42
-81
6
-37
-38
-35
-19
-8
-68
-4
31
-4
-17
14
9
-36
-8
-10
0
-15
-4
54
-21
14
27
-6
73
-8
17
73
-13
51
49
9
12
18
65
10
25
61
16
48
34
32
62
32
33
71
74
37
68
52
30
76
39
56
67
38
50
38
43
25
63
60
7
84
70
11
32
41
13
4
37
33
36
-6
12
48
-49
-19
2
-40
-1
-2
24
-11
-38
-3
-25
-6
-34
-15
22
-66
-20
2
-87
-25
5
-33
-22
-31
-10
-9
-53
-47
-14
-22
-36
-3
8
-23
-28
13
-6
-22
19
-18
7
9
-39
40
13
-32
27
-3
-20
6
10
7
-10
15
28
2
7
33
50
17
-7
25
35
9
39
78
28
41
70
47
64
36
39
73
11
41
61
15
35
36
59
18
19
84
25
32
24
22
75
7
39
75
-1
35
26
1
32
14
22
10
3
17
-1
5
12
13
14
-4
1
5
-24
-18
6
-35
-52
-5
-18
-33
-30
-63
-41
-32
-58
-28
-39
-84
-83
-60
-60
-76
-56
-62
-80
-73
-96
-67
-58
-98
-59
-65
-69
-50
-81
-33
-49
-96
-16
-44
-113
-59
-62
-78
-42
-40
-21
-44
-56
-7
-58
-42
28
-9
14
-13
-17
33
-48
1
26
-3
42
-10
24
19
-10
49
10
42
30
0
46
-2
23
30
18
61
18
30
52
18
17
24
19
33
51
14
43
29
-14
39
-10
23
55
-36
15
1
-33
15
-15
9
-3
-35
11
-32
-46
-14
-19
-18
-9
-13
-29
-3
-46
-61
-17
-44
-13
-3
-24
-37
-50
-21
-38
-4
-10
-37
-15
-48
-19
-33
-49
1
-38
-34
-16
-18
2
-24
23
40
-22
21
-2
-25
23
-40
14
45
-51
20
24
-12
36
12
46
37
20
63
25
27
33
55
46
30
97
47
48
64
23
66
51
70
64
50
75
24
53
32
46
86
38
75
58
64
68
44
83
38
69
90
65
55
-4
68
39
38
91
31
83
30
26
68
-13
37
31
15
29
-6
22
22
29
24
11
23
-5
8
6
4
17
-5
14
-7
-12
7
-8
14
-26
-22
6
-47
-22
-9
-22
-5
-23
-9
5
-21
-3
4
-25
-6
12
-10
1
33
-7
-20
20
-9
-5
21
-2
13
22
22
23
39
37
13
62
48
47
78
24
51
53
35
63
47
96
85
50
84
86
82
35
68
60
8
58
32
65
72
21
69
33
31
48
34
62
24
37
32
14
46
-8
11
19
-25
-18
-20
-14
-37
-18
-23
-50
-18
-46
-44
-31
-45
-27
-68
-83
-45
-53
-76
-67
-59
-84
-79
-80
-88
-66
-99
-89
-73
-103
-75
-82
-83
-85
-115
-76
-68
-85
-95
-106
-97
-120
-121
-87
-100
-95
-84
-85
-71
-76
-69
-76
-74
-62
-73
-59
-68
-72
-69
-79
-58
-77
-50
-54
-121
-28
-37
-79
10
-39
-52
-31
-65
-22
-43
-46
-13
-44
-18
-18
-48
-20
-9
-29
-36
3
-3
-51
-10
7
-40
-17
26
-2
-14
9
-25
-29
12
-26
-8
17
-26
16
-9
-40
16
-13
6
34
-26
3
10
-42
-3
-13
-37
-15
-36
-14
-14
-27
14
1
-6
16
2
10
-1
-33
-9
-1
-14
2
-5
-21
-13
-15
-14
16
26
8
44
45
-5
41
44
20
44
26
21
9
26
56
38
40
53
41
29
53
41
39
74
45
51
82
58
79
57
37
82
38
53
75
30
73
57
48
84
52
76
72
58
65
46
66
38
50
59
31
71
36
26
54
44
64
36
54
74
34
62
52
38
63
23
53
84
20
34
48
16
28
22
47
68
18
47
55
-4
29
25
9
46
18
30
56
29
37
21
22
40
35
34
30
43
11
5
24
-5
45
36
-1
69
38
0
32
32
49
9
18
61
2
7
40
22
13
27
35
46
45
14
42
23
2
54
-1
31
60
-27
41
26
-10
45
4
21
23
23
35
-6
39
32
-7
15
5
-1
-24
-2
9
-16
5
-23
-36
-24
-24
-20
-47
-26
-25
-42
-29
-42
-46
-51
-48
-61
-56
-47
-93
-74
-60
-85
-63
-62
-86
-77
-60
-100
-101
-61
-109
-104
-80
-111
-107
-106
-116
-97
-103
-118
-84
-76
-101
-110
-75
-80
-120
-67
-82
-108
-91
-125
-100
-98
-88
-71
-100
-63
-81
-88
-42
-71
-56
-46
-44
-32
-44
-22
-59
-45
-12
-64
-19
-13
-31
9
-38
-16
-3
-24
12
-23
-11
-6
-12
11
-23
3
16
10
19
28
51
18
24
42
13
14
14
22
11
11
27
7
13
-22
-40
12
8
13
15
46
38
-22
27
11
-20
28
32
28
27
19
-5
-9
17
-18
5
14
-19
19
-15
-4
12
-27
23
10
-1
30
4
22
1
5
42
-9
30
23
-19
53
21
-9
41
15
-2
29
24
23
59
34
21
51
14
9
28
20
43
45
37
57
44
1
39
45
14
70
47
51
85
29
64
52
23
81
50
68
82
41
58
36
49
81
76
95
80
85
73
59
95
83
80
86
73
63
61
76
58
65
89
63
64
73
64
65
65
68
70
60
53
72
47
50
87
45
60
80
30
56
66
5
51
79
8
43
46
8
31
7
27
63
3
20
38
-4
29
23
21
45
13
31
49
8
1
35
23
10
34
8
3
17
-5
8
16
-15
14
31
-13
16
17
-6
40
24
37
42
-15
22
12
-13
6
-8
33
9
-22
34
0
-9
13
-30
42
38
-41
44
-4
-63
10
-49
-37
20
-26
-16
-4
-22
-26
-23
-37
-31
7
-4
-23
-26
-54
-65
-65
-59
-42
-50
-45
-31
-61
-75
-52
-64
-69
-52
-51
-29
-38
-74
-67
-89
-77
-59
-76
-51
-59
-72
-82
-87
-77
-97
-92
-78
-99
-74
-63
-103
-70
-48
-87
-84
-45
-76
-89
-49
-90
-81
-68
-108
-67
-74
-73
-55
-84
-53
-68
-93
-75
-85
-74
-66
-45
-52
-48
-25
-82
-53
-25
-59
-20
-12
-19
-9
-28
-32
-34
-47
-31
-7
-14
-2
13
-17
-3
9
-20
11
33
16
15
28
19
-7
29
30
12
39
39
32
29
51
30
27
69
22
44
65
13
53
29
8
49
7
19
39
19
45
1
-9
59
9
16
55
-13
3
27
-4
4
22
6
-17
-1
-24
-37
-20
-59
-33
-21
-50
-8
-16
-29
-24
-46
-30
-14
-30
-49
-21
2
-35
-35
-6
-21
-36
-11
-24
-30
-3
-22
-2
8
-6
0
-21
12
19
17
42
25
34
20
42
60
33
80
25
31
83
5
52
63
38
96
53
66
102
66
66
66
81
94
108
125
114
105
89
78
72
84
102
113
107
84
85
70
60
88
75
82
88
73
89
69
89
67
54
96
59
82
77
71
66
20
51
45
55
40
13
53
12
11
42
14
23
23
32
45
27
37
11
-18
4
-26
-4
14
-28
17
15
-30
-12
-40
-37
-16
-37
-1
-23
-50
-15
-34
-56
-55
-59
-52
-41
-53
-40
-29
-76
-84
-46
-66
-56
-4
-21
-41
-62
-57
-52
-84
-46
-22
-41
-15
-18
-55
-51
-47
-50
-21
-25
-18
5
-14
-25
-31
-12
0
-14
18
33
-6
-23
-1
-17
-35
13
19
-1
8
-19
-15
3
-12
-4
12
19
-4
8
29
-21
4
6
-13
37
24
10
10
-7
-9
-21
-15
0
2
-1
-8
-11
-33
-40
-7
-23
-41
-8
-25
-17
-1
-42
-11
6
-35
-29
-22
-25
-32
-47
-50
-60
-64
-46
-43
-66
-56
-36
-50
-40
-24
-46
-53
-31
-35
-33
-22
-47
-26
-34
-83
-28
-19
-50
-20
-35
-46
-36
-43
-46
-35
-13
-8
6
0
-2
22
4
5
4
11
32
-1
34
23
-22
20
-1
33
30
17
67
14
20
12
4
55
13
18
58
29
8
15
19
9
10
18
14
9
18
32
-1
-1
17
6
41
22
25
-5
-33
23
-38
-8
19
-47
-3
-23
-28
-11
-29
-25
-38
-19
-34
-20
2
-28
-13
-48
-40
-36
-64
-2
-47
-52
-21
-73
-58
-63
-53
-75
-64
5
-35
-16
-19
-42
-16
-39
-39
-20
6
-32
-38
13
-9
-1
-2
5
20
0
20
-6
-19
33
43
52
28
28
46
17
73
34
10
47
-17
42
61
27
81
83
48
34
59
80
78
66
86
60
32
78
59
28
50
54
27
46
51
20
37
38
33
78
68
40
90
50
-17
26
67
58
24
44
43
4
23
-6
12
66
-8
-8
35
6
28
19
-16
-6
-25
-2
12
-11
31
17
-15
-3
3
-22
-48
13
1
-36
4
-14
-8
-7
-53
-14
-2
-62
-42
4
-23
-55
-54
-16
6
1
44
18
-36
-22
9
-31
-53
24
10
1
21
-8
6
-35
-50
-9
-22
6
14
4
32
36
60
59
54
83
48
45
68
20
24
13
26
79
-16
11
65
-64
-25
34
-11
65
63
26
49
30
12
14
32
-4
-40
11
-93
-85
-152
-157
-1
-642
-383
357
147
20
114
183
64
351
261
-222
-382
-400
-156
-38
-83
-78
9
-97
-37
94
-192
-212
93
135
84
282
578
388
-194
9
500
270
156
437
129
-841
-972
-760
-883
-583
-430
96
698
564
278
-185
-261
172
88
-148
134
336
-260
-616
99
260
108
177
182
351
235
-35
173
495
190
262
561
344
6
-85
199
23
-162
39
-3
-188
-275
-75
4
35
318
257
-42
-131
-72
-182
-397
-227
89
68
-121
-78
94
160
115
75
33
-34
13
-55
-116
52
72
17
86
44
13
-14
-267
-296
-40
72
-66
-240
-227
-255
-302
-276
-308
-299
-152
17
-31
-179
-241
-197
-216
-312
-191
-33
-10
-81
-133
-104
-201
-238
-149
-132
-133
-89
-37
-140
-151
-32
-40
18
119
141
139
162
172
160
162
231
260
221
194
159
225
232
236
331
326
331
336
300
295
267
229
222
234
237
220
214
151
104
126
100
86
75
45
33
29
44
117
112
105
162
92
83
102
81
79
59
54
45
82
18
-51
9
13
59
74
-2
-56
-85
-157
-276
-248
-194
-202
-230
-257
-297
-361
-328
-377
-406
-323
-377
-366
-248
-222
-261
-237
-222
-280
-215
-150
-149
-156
-150
-67
-70
-116
-77
-40
-12
93
19
-72
-8
-40
-28
-18
-7
24
11
21
4
-70
-110
-32
-27
-26
-9
15
94
112
127
59
50
95
88
105
78
111
151
138
122
122
133
101
75
101
79
49
78
50
34
57
25
42
106
89
39
31
46
12
-12
0
36
93
62
56
100
55
5
45
73
84
73
27
65
14
-68
-18
-40
-91
-24
8
-52
-27
-8
-12
3
1
11
18
5
-14
32
35
-23
11
50
52
86
120
122
105
100
98
106
132
156
149
86
114
133
63
73
94
99
98
101
104
81
81
117
119
66
65
101
75
39
61
82
69
43
25
51
40
9
36
60
52
-2
-20
39
62
41
38
7
-42
-45
-74
-66
-29
-96
-135
-79
-74
-176
-238
-178
-177
-224
-183
-116
-87
-128
-153
-126
-149
-136
-61
-106
-140
-129
-195
-166
-80
-55
-66
-49
-56
-57
-14
-5
21
-10
-24
-11
-52
-74
-41
-20
-82
-40
17
-24
-13
-26
-35
39
41
42
63
29
19
38
68
43
37
46
32
1
-21
63
27
-53
25
92
90
63
45
10
16
43
19
9
-27
-41
-83
-103
-51
-75
-82
-48
-24
-35
-86
-89
-89
-127
-155
-121
-56
-60
-75
-74
-67
-67
-105
-111
-76
-65
-87
-86
-62
-62
-47
-70
-115
-86
-92
-122
-98
-91
-111
-119
-63
-36
-62
8
50
24
37
32
51
53
-10
16
67
59
89
63
50
91
57
60
81
70
114
150
103
55
78
94
51
37
42
77
133
102
71
48
26
54
66
92
58
54
116
72
28
28
40
11
36
86
37
66
85
40
46
40
35
-6
-36
3
-10
23
53
31
37
8
-40
-36
-24
-53
-38
-48
-73
-31
7
61
90
79
87
89
53
-10
-20
-3
33
92
31
-9
70
91
80
76
89
99
85
69
31
58
64
53
80
40
66
90
85
113
84
117
130
132
160
87
107
133
96
102
79
64
89
88
44
60
88
73
70
74
97
57
-1
1
9
31
12
16
21
-11
7
-10
-42
-56
-35
-32
-51
-61
-91
-47
-40
-74
-78
-71
-38
-75
-121
-134
-146
-121
-126
-121
-136
-149
-103
-131
-143
-112
-105
-65
-68
-85
-65
-61
-101
-115
-115
-145
-104
-110
-124
-93
-118
-102
-95
-90
-27
10
-21
-39
-6
-43
-93
-83
-66
-55
-60
-65
-57
-49
-56
-65
-32
10
8
57
89
54
30
20
16
-14
6
30
25
30
30
18
-71
-97
-48
-40
-10
6
21
55
39
33
23
-8
-21
-16
0
17
10
-32
-53
-44
-21
-30
-28
-25
-59
-37
-41
-42
-1
-26
-10
7
-10
-21
-40
8
-20
-78
-31
-28
-73
-88
-61
-50
-59
-74
-38
-4
-28
-2
19
29
28
-13
-24
-3
32
17
5
0
-24
-8
-24
-35
5
23
18
35
73
61
49
62
46
37
20
26
13
-20
4
7
-17
-14
8
1
10
41
64
73
33
47
55
33
31
28
59
42
33
39
-8
-20
-28
-21
23
13
-2
22
23
13
20
24
-7
-7
7
6
33
12
-34
-27
7
8
-17
-35
-40
-41
-32
-32
3
48
29
21
31
47
38
15
15
29
46
79
90
26
7
13
-8
1
1
-8
5
50
65
46
54
35
24
27
32
61
39
13
39
73
75
49
72
76
41
46
22
35
63
51
104
121
92
93
65
46
42
35
21
-8
0
-15
-5
45
39
41
34
50
78
51
43
25
-10
0
26
30
17
16
13
24
19
-14
-6
2
3
32
47
37
28
29
37
50
57
45
15
9
1
-33
-59
-45
-17
-31
-41
-13
27
27
23
34
17
28
35
30
9
10
26
10
-1
-40
-59
-44
-51
-69
-68
-50
-60
-50
-25
-22
-13
8
27
23
-4
-25
-21
-31
-40
-23
-33
-35
-31
-60
-68
-63
-93
-112
-70
-35
-50
-44
-14
2
-2
-20
-10
-14
-11
11
-18
-21
-26
-55
-44
-51
-44
-53
-62
-18
-7
9
-11
-17
24
-7
-6
4
-11
2
-9
-10
2
7
-9
-27
-23
-35
-3
12
-17
-3
27
21
6
44
31
2
-18
-43
-11
-40
-40
-31
-61
-1
16
-18
-15
-12
-13
9
49
44
38
13
-44
-21
3
-8
-23
-34
-13
-38
-58
-22
-42
-54
-26
14
36
22
55
39
-12
-21
-23
-22
-25
-28
-33
-35
-33
-54
-67
-70
-69
-35
-6
-18
-16
8
9
-6
13
17
-6
-10
-10
-40
-80
-66
-57
-69
-58
-54
-60
-46
-40
-25
-3
-29
-17
20
7
-6
-13
-16
-8
-14
-36
-40
-31
-34
-25
-40
-62
-40
-4
8
17
57
59
47
65
53
11
-15
0
40
29
6
28
37
34
35
12
12
38
61
67
67
98
104
75
63
70
64
43
32
45
54
34
11
11
42
40
15
40
66
77
76
54
83
105
88
60
30
28
15
-14
-18
-18
-41
-27
5
10
20
17
11
41
55
34
18
13
22
42
43
21
-6
-24
-21
-39
-78
-51
-32
-62
-64
-19
10
-6
17
50
44
37
18
16
20
-16
-34
-7
6
5
0
-12
-25
-3
4
-14
-12
-4
12
2
-1
34
53
46
30
39
35
22
-1
-27
-33
-47
-40
-19
13
32
15
-2
-17
15
36
18
27
23
3
10
23
5
-30
-37
-40
-49
-45
-34
-42
-52
-7
14
17
54
17
7
17
-26
-25
-5
-16
-56
-54
-45
-59
-46
-56
-48
-18
-32
-20
29
47
40
27
40
78
65
15
10
-6
-49
-35
-42
-57
-43
-34
-15
-21
-1
2
-5
29
28
35
19
7
37
23
5
-5
20
20
-24
-34
-55
-54
-45
-23
1
-39
-7
11
-1
25
32
35
7
21
15
-35
-36
-46
-12
-21
-63
-19
-20
-19
-28
-71
-65
-52
-30
-18
-20
-27
-10
8
-9
12
3
-60
-61
-68
-73
-73
-108
-78
-34
-42
-38
0
-7
-55
-45
-43
-37
-8
-8
-19
-34
-17
-22
-73
-72
-68
-70
-69
-58
-12
-1
-19
-13
18
36
19
16
16
26
20
-28
-27
-14
-26
-5
-6
-6
25
14
-11
-10
14
28
42
95
106
74
60
72
53
20
16
-10
-2
1
-17
17
13
26
61
56
66
97
90
46
66
81
62
60
29
40
63
31
31
36
9
-17
-24
-15
10
28
27
54
67
61
86
48
17
41
8
3
4
-22
13
16
7
22
34
17
-21
2
4
-14
-4
2
13
29
32
25
38
16
-32
-37
-49
-47
-14
-13
-2
23
8
-7
-12
3
8
13
11
-12
26
25
-6
17
3
3
23
21
0
-9
-12
-41
-17
18
18
26
38
42
41
30
12
14
33
2
11
44
9
9
2
-14
2
1
7
-7
-13
6
-1
2
33
58
38
34
34
26
10
-13
-19
-42
-25
0
-29
-18
-7
-17
-2
5
