0
0
-1
0
0
0
0
-1
0
0
0
0
0
0
0
0
0
0
0
0
0
0
-1
0
0
0
0
0
0
0
0
0
1
0
-1
0
0
0
0
0
0
0
0
0
0
0
0
0
0
0
0
0
0
0
-1
0
0
0
0
0
0
0
0
0
0
0
0
0
1
0
0
0
0
0
0
0
1
0
0
0
1
1
0
0
0
-1
1
1
0
0
0
0
0
0
0
1
0
0
0
1
0
0
0
0
0
-1
0
0
0
0
0
0
0
0
0
0
-1
-1
-1
0
0
0
0
-1
0
0
0
0
0
0
0
0
0
1
0
1
0
0
0
0
0
0
1
-1
0
1
-1
0
0
0
0
0
0
0
-1
0
0
0
-1
0
-1
0
0
0
0
0
-1
0
0
0
0
0
0
-1
0
0
0
0
0
0
0
0
-1
-1
0
0
0
0
0
1
0
0
0
0
0
-1
0
0
0
0
0
0
0
0
0
1
0
1
0
0
1
-1
1
0
0
0
-1
-1
0
0
0
-1
0
-1
0
0
0
-1
0
0
0
0
1
0
0
0
0
0
0
1
0
1
0
0
0
0
0
0
1
0
0
0
1
1
0
0
0
0
0
0
0
0
-1
1
0
0
0
0
0
0
0
1
0
0
-1
0
0
0
-1
-1
0
0
1
0
-1
0
-1
0
0
0
0
-1
-1
0
0
-1
0
0
0
0
0
0
0
-1
0
0
-1
-1
0
-1
0
0
-1
0
-1
0
-1
-1
0
0
-1
0
0
-1
0
-1
0
0
0
0
-1
-1
0
-1
0
-1
-1
0
0
-1
-1
-1
0
0
1
0
-1
0
1
1
0
-1
1
0
0
0
0
0
0
0
1
0
1
1
1
0
2
1
0
2
2
0
2
2
1
1
2
2
2
1
1
2
1
1
1
1
2
1
1
0
1
1
1
1
2
0
0
1
0
2
1
0
0
1
0
0
0
1
0
-1
-1
1
1
0
1
0
1
2
1
2
1
1
0
1
1
2
1
1
2
1
1
1
0
1
1
1
2
2
1
1
0
1
2
1
1
1
1
2
2
3
1
0
0
0
0
2
2
0
0
-1
-1
-1
1
0
0
0
-1
0
2
1
1
-2
-1
-3
-1
1
1
-1
-1
-1
0
0
0
-2
-3
-3
-1
-3
-3
-1
-2
-2
-2
-4
-3
-3
-1
-2
-3
-4
-4
-4
-5
-5
-4
-3
-2
-5
-5
-6
-4
-3
-5
-6
-6
-7
-6
-4
-4
-5
-7
-10
-9
-7
-6
-5
-7
-10
-11
-11
-6
-3
-5
-7
-9
-12
-7
-4
0
-3
-6
-12
-9
-3
-31
-42
-24
-4
-2
7
19
11
42
47
43
54
34
46
61
64
76
72
69
55
39
30
38
53
58
65
58
30
48
74
33
27
27
23
52
57
51
64
73
57
37
21
48
34
-8
-9
30
65
-5
16
57
-7
-13
-17
-56
-68
-63
-72
-42
-17
-31
-17
-53
-97
-71
-48
-65
-99
-100
-79
-85
-111
-109
-83
-54
-17
-31
-44
9
-29
-88
-61
-24
-26
-62
-42
-2
-42
-62
13
7
-50
-3
18
-8
8
4
-23
-19
-20
-22
-11
8
6
5
50
47
29
34
20
19
17
33
46
32
49
43
36
53
63
53
33
34
33
41
40
30
10
2
30
23
9
34
67
55
46
36
2
22
22
-6
-13
-21
-4
-1
3
12
-6
-6
3
-1
-5
-28
-17
5
-21
3
24
-10
-28
-8
11
12
-4
-27
-20
-16
-13
-2
4
-4
-27
-35
-33
-28
-17
-10
-11
-7
-3
-20
-52
-55
-38
-29
-31
-24
-8
0
-6
-21
-26
-17
0
8
-12
-18
-2
-13
-12
-2
-17
-22
6
21
10
30
30
-12
-13
16
13
-6
-7
5
1
-22
-20
-11
-13
-11
-10
-15
-9
8
3
-13
-13
4
-7
-23
-23
-46
-44
-22
-6
-2
-10
-3
-11
-23
-24
-15
0
-19
-43
-29
-27
-41
-38
-62
-56
-36
-50
-17
-26
-36
-20
-39
-38
-32
-32
-37
-37
-25
-14
-33
-22
7
-12
-3
19
16
21
32
19
3
8
28
63
64
60
70
56
20
13
11
-7
41
66
73
81
73
84
77
69
94
110
77
73
58
29
43
41
52
68
63
45
42
34
-8
-2
12
14
52
72
40
-1
-2
21
27
23
48
65
57
40
41
46
19
17
19
-13
-13
22
15
-12
-28
-65
-64
-27
-33
-62
-71
-56
-62
-82
-74
-64
-52
-38
-33
-38
-52
-32
-21
-59
-32
-3
-21
-27
-42
-37
-32
-39
-20
-21
-37
-33
-50
-54
-34
-54
-66
-71
-77
-64
-56
-51
-65
-70
-73
-83
-70
-41
-32
-51
-35
-17
-28
-24
-4
-7
-19
-2
1
-10
-19
-19
-11
-10
2
24
12
2
14
-14
-26
2
-3
0
5
3
26
14
-3
17
16
20
44
40
43
41
34
42
44
67
75
82
69
34
49
39
46
86
57
54
76
48
33
39
48
50
59
66
49
50
76
84
58
43
44
45
52
50
54
34
27
58
37
33
59
40
34
52
21
5
23
23
39
52
42
22
6
7
10
19
29
35
28
10
-6
-35
-50
-23
5
-5
-7
11
20
5
-8
-9
-15
-14
-13
-7
-25
-29
-16
-36
-18
-16
-45
-15
-9
-31
-32
-32
-32
-34
-38
-29
-33
-51
-46
-42
-69
-89
-68
-49
-68
-75
-62
-49
-44
-67
-81
-75
-67
-53
-43
-42
-58
-66
-53
-48
-63
-73
-55
-54
-49
-45
-74
-60
-36
-48
-72
-74
-45
-53
-78
-81
-62
-37
-29
-26
-45
-58
-45
-50
-44
-18
-22
-23
-12
-20
-16
-8
-18
-33
-33
-8
16
13
8
5
-3
-3
10
20
9
20
23
30
66
53
38
41
64
81
61
58
51
54
69
69
74
85
86
88
69
48
62
60
74
96
97
77
72
85
70
51
36
40
42
46
68
67
47
56
66
44
40
46
42
61
50
24
34
10
-9
16
24
20
19
2
6
4
-26
-8
5
16
14
-6
18
5
-31
-37
-29
-15
-23
-37
-19
-17
-20
-11
-14
-22
-26
-20
-7
-8
-38
-47
-9
4
-16
-43
-43
-33
-13
1
-20
-11
15
23
7
-8
-1
-1
4
22
17
11
43
25
-11
16
23
-3
-12
-8
1
-6
-8
-6
-9
23
39
22
8
14
24
-5
-18
0
-10
-1
34
26
12
7
20
41
42
57
54
44
53
47
28
29
21
13
20
31
59
48
17
38
50
34
39
46
43
42
43
33
27
39
55
56
43
55
81
73
49
28
20
36
49
29
45
63
26
-1
23
56
58
41
13
17
48
52
35
2
-5
9
15
28
33
18
17
24
5
14
21
4
9
0
4
-1
-27
-9
12
19
20
8
-7
-4
-6
-18
-2
-6
-11
3
17
-5
-37
-15
2
6
5
-22
-5
25
0
-30
-29
-20
-12
-18
-19
-25
-38
-44
-59
-30
-19
-37
-32
-44
-49
-44
-53
-57
-51
-44
-27
-41
-74
-54
-31
-45
-54
-63
-84
-77
-47
-48
-57
-64
-68
-40
-26
-42
-74
-96
-61
-29
-49
-52
-52
-67
-52
-43
-41
-17
-34
-64
-37
-14
-21
-31
-36
-23
-15
-37
-43
-48
-56
-33
-20
-25
-24
-16
-38
-48
-18
-11
-23
-35
-48
-37
-7
-1
-25
-43
-24
20
-6
-52
-18
-6
-32
-18
-7
-12
-7
-8
-16
-32
-36
-18
-12
-13
-23
-40
-35
-19
-22
-41
-40
-35
-30
6
21
13
3
-14
-13
-4
-6
2
9
-1
2
9
-21
-44
7
44
23
4
0
-12
-4
13
4
-4
-21
-12
0
-7
5
27
19
-6
20
23
22
37
8
11
10
-5
17
34
27
18
24
26
12
14
32
37
23
26
42
21
26
53
39
41
54
24
24
60
58
48
49
49
37
27
34
55
59
37
43
39
41
53
28
24
56
45
10
32
47
28
18
8
19
37
55
58
39
30
13
0
15
21
9
15
20
4
-5
-14
3
4
-11
-8
-26
-7
-2
-13
-8
-34
-36
-4
1
-20
-21
-14
-29
-31
-20
-21
-15
-2
1
-9
-19
3
21
10
11
1
-8
12
18
24
36
17
-1
40
70
63
54
23
39
61
41
53
56
63
74
54
35
47
55
50
55
63
57
62
77
68
68
44
44
59
38
49
69
58
51
51
27
22
35
59
68
16
2
44
43
15
39
49
25
9
-3
-14
2
10
-12
-19
-14
-6
-20
-31
-14
-16
-55
-70
-28
-17
-41
-41
-56
-62
-33
-27
-26
-21
-46
-68
-62
-54
-52
-57
-57
-47
-59
-68
-67
-79
-64
-37
-31
-71
-93
-54
-65
-77
-57
-68
-71
-66
-49
-36
-56
-69
-69
-61
-32
-15
-37
-45
-34
-57
-78
-56
-32
-35
-54
-59
-47
-65
-62
-49
-74
-65
-37
-19
-44
-61
-47
-64
-52
-40
-48
-32
-53
-59
-36
-52
-54
-46
-48
-21
-11
-51
-52
-19
-35
-44
-19
-18
-41
-45
-41
-40
-25
-8
-5
-18
-12
2
-1
-10
2
16
-2
18
44
30
40
40
11
24
58
43
22
62
70
23
27
57
78
79
51
46
49
51
60
51
62
73
42
48
68
59
68
67
49
52
67
55
53
72
73
71
62
56
60
43
29
36
22
17
43
33
18
29
9
5
12
-5
11
17
0
11
16
6
-4
17
21
-12
-9
3
-2
7
10
11
11
7
7
-9
2
21
-11
-16
10
0
0
18
16
-5
6
16
-15
-27
-4
8
10
18
15
19
8
-5
8
11
18
21
24
43
42
29
18
8
20
47
38
35
48
34
37
38
27
33
46
18
22
58
30
38
59
24
42
67
33
44
52
34
47
45
56
67
50
41
59
67
54
64
36
22
68
47
32
71
57
44
50
38
54
45
23
48
57
47
48
26
22
25
-1
-2
8
8
22
22
3
22
29
2
-22
-26
-15
-24
-29
-33
-44
-56
-42
-34
-67
-58
-36
-51
-52
-62
-70
-65
-76
-70
-69
-69
-84
-111
-91
-70
-86
-81
-66
-93
-81
-73
-85
-68
-67
-82
-104
-89
-81
-88
-83
-90
-87
-110
-106
-56
-79
-107
-81
-82
-71
-57
-71
-76
-76
-65
-56
-71
-88
-84
-50
-47
-76
-66
-57
-72
-54
-29
-34
-65
-63
-31
-41
-34
-12
-40
-29
-19
-30
-21
-52
-32
-14
-49
-24
11
15
6
-12
-3
13
4
9
40
23
3
18
-1
14
38
15
19
19
11
16
1
16
47
33
20
20
29
39
22
11
23
28
33
50
23
25
56
20
25
64
42
17
31
46
44
44
38
48
54
27
33
33
27
37
44
50
36
39
50
41
50
75
49
14
30
46
58
46
42
66
52
33
53
53
43
54
49
30
35
72
61
29
38
40
29
27
44
43
33
30
13
12
38
36
22
24
20
28
16
13
49
63
33
10
13
8
32
21
-3
18
17
11
9
-6
-17
-4
4
7
29
-1
-36
-15
-12
2
1
-17
8
15
2
-10
-25
5
32
14
39
37
12
21
14
39
63
34
18
30
66
52
-12
1
35
26
19
28
50
32
20
42
30
48
70
51
56
42
52
60
26
50
71
62
39
34
62
67
61
45
53
70
72
63
50
30
14
18
44
62
44
25
20
26
13
-4
27
49
10
15
47
6
-20
-9
-4
-2
-4
7
-9
-33
-18
-21
-26
-40
-60
-21
-10
-48
-71
-53
-60
-87
-59
-55
-62
-74
-99
-89
-89
-98
-88
-83
-82
-74
-71
-82
-95
-92
-85
-94
-89
-78
-75
-70
-100
-116
-108
-111
-84
-70
-83
-84
-83
-82
-80
-74
-82
-80
-68
-59
-67
-69
-67
-71
-68
-55
-40
-46
-34
-39
-63
-44
-31
-37
-37
-14
-5
-40
-48
-38
-32
-23
-30
-31
-42
-28
-11
-29
-23
-11
-12
-5
-9
-15
8
-3
-26
-11
13
15
-1
9
13
11
-8
-13
29
34
24
32
22
33
32
11
32
39
13
8
38
51
37
23
20
31
38
45
46
53
61
59
36
30
49
55
76
66
41
49
27
29
60
56
57
30
10
45
51
37
24
6
16
48
47
18
18
35
1
-1
30
12
4
5
14
6
-4
9
1
14
22
4
-21
-19
3
2
-7
-6
-13
7
6
-26
2
-24
-44
-30
-18
11
-23
-47
-30
-26
-4
6
-8
7
-3
-34
-25
-21
-22
-17
-15
-20
-27
-22
-16
-17
-16
-2
2
-19
-34
-9
18
-8
-19
4
-14
-10
14
16
11
-6
0
2
8
8
-12
15
42
11
26
38
6
12
29
38
27
29
40
32
46
32
4
46
67
47
58
39
35
32
31
57
42
58
89
86
65
38
64
78
59
72
88
68
53
60
52
58
72
50
69
88
61
39
43
55
48
61
72
61
51
51
47
40
43
28
6
30
47
13
22
23
5
34
44
12
21
53
19
-5
-5
-6
10
5
-17
-19
-9
-21
-35
-28
-16
-15
-16
-2
2
-15
-25
-23
-18
-4
-17
-11
-4
-38
-36
-35
-47
-26
-23
-36
-30
-43
-38
-4
-22
-47
-19
12
-8
-46
-41
-16
-41
-57
-28
-17
-20
-18
-27
-37
-9
-18
-40
-13
-2
0
2
-16
-31
-22
-11
-17
-18
-10
-14
-21
-23
-7
-15
-46
-17
-13
-22
-8
-23
-2
9
-33
-23
20
6
-2
-6
-20
-15
-20
-12
1
-16
-9
4
-15
-18
-14
0
18
6
-12
-4
-2
-29
-8
12
-17
1
-4
-22
-14
-41
-20
-6
-30
-21
-22
-28
-29
-35
-35
-31
-32
-36
-10
-31
-57
-33
-55
-53
-40
-70
-65
-51
-56
-68
-86
-82
-77
-79
-76
-79
-82
-65
-82
-110
-78
-66
-96
-96
-78
-91
-98
-92
-108
-98
-93
-107
-82
-91
-107
-70
-83
-110
-91
-84
-63
-71
-103
-77
-70
-91
-71
-71
-86
-56
-72
-76
-50
-90
-61
-38
-61
-35
-59
-66
-38
-31
-38
-29
-18
-37
-31
-15
-19
-16
-13
-8
-14
-6
-1
-12
0
6
16
37
28
18
15
41
49
19
43
52
38
51
49
57
78
52
33
67
87
73
67
70
88
101
82
96
106
105
102
99
113
107
119
127
107
107
123
122
116
127
108
116
124
107
133
144
128
115
123
128
111
133
132
104
111
120
108
87
105
116
118
127
89
98
116
86
97
102
87
80
80
87
66
61
58
38
55
40
37
66
46
21
27
57
35
23
51
45
45
36
20
21
23
15
30
62
34
-12
3
13
3
-11
11
26
4
-4
-7
23
32
7
-1
-7
-4
-14
-18
-13
-23
-34
-33
-24
-25
-23
-27
-39
-41
-43
-29
-29
-45
-33
-42
-51
-56
-71
-46
-31
-57
-69
-57
-60
-76
-63
-50
-61
-48
-46
-51
-45
-53
-36
-38
-49
-53
-45
-30
-48
-46
-28
-34
-58
-36
-12
-34
-38
-30
-29
-41
-36
-27
-26
-23
-45
-31
-2
-39
-60
-42
-35
-23
-42
-41
-44
-60
-33
-48
-48
-28
-35
-31
-45
-43
-19
-17
-40
-62
-67
-40
-29
-51
-65
-56
-60
-58
-44
-58
-58
-51
-48
-40
-38
-32
-24
-37
-39
-25
-27
-19
-17
-30
-42
-53
-35
-16
-43
-64
-18
8
-15
-17
-13
-15
-11
-2
14
2
-26
8
29
11
22
-9
-1
21
-20
2
44
39
27
17
-11
-5
21
24
28
11
8
28
4
-22
-10
3
34
31
3
19
4
-2
35
14
-33
-2
35
19
-2
-12
7
25
18
-6
-13
13
26
30
23
5
7
14
37
9
-25
20
25
22
10
-14
39
28
-13
20
31
44
63
42
19
10
25
52
53
4
0
41
36
31
10
-1
36
38
17
11
22
39
32
31
29
9
-10
-6
4
-24
-13
40
38
-7
-39
-33
21
32
-24
-2
44
5
-19
-1
-11
-41
-42
-11
0
-1
-19
-34
-18
-30
-52
-25
16
-1
-24
-5
-12
-7
-7
-38
-30
-24
-9
8
-11
-13
-10
-18
-8
-14
-17
11
15
6
-1
-12
-16
-12
-6
-1
2
10
26
5
-21
-8
10
7
4
-8
-29
22
35
2
12
8
9
14
6
5
11
23
16
-8
9
17
-9
7
0
-23
1
23
2
-5
-2
-9
-2
-6
-5
0
-5
8
8
-10
2
-4
-16
-7
-13
-8
12
-3
-25
-10
5
-5
-31
-17
11
5
10
1
-3
2
-9
-17
-11
14
9
4
6
-11
-16
-3
-4
-13
12
3
-4
20
1
-14
-11
-1
17
-4
16
13
-26
28
22
-18
16
-1
2
34
19
20
17
26
31
22
41
34
36
50
35
30
36
33
18
20
38
23
20
42
41
25
20
22
21
35
29
5
9
21
16
-1
14
32
-5
-11
10
-5
-4
-6
-4
23
15
-7
-12
0
-8
-5
44
16
-20
7
6
-5
-29
-10
18
1
2
1
-5
3
1
2
27
0
-12
31
30
-8
-15
8
7
-13
-12
-6
-4
-12
-15
-14
-33
-47
-38
-6
-12
-41
-37
-30
-36
-58
-69
-55
-54
-71
-64
-43
-66
-80
-63
-68
-66
-66
-64
-49
-61
-69
-59
-58
-57
-57
-59
-57
-53
-47
-60
-48
-48
-57
-40
-44
-35
-37
-55
-16
-8
-36
-23
-28
-23
-5
-23
-13
-11
-29
-7
12
3
-9
-21
-18
9
3
-7
-1
-1
12
3
-17
-5
8
26
39
22
18
26
35
26
11
18
23
58
53
21
40
36
39
54
44
49
56
73
92
65
51
53
78
98
69
50
51
67
83
60
37
41
74
79
43
50
65
63
59
38
32
36
33
45
46
19
19
36
44
25
-6
6
41
47
11
1
22
16
21
18
17
21
6
13
26
7
-9
10
33
20
-9
-5
6
3
3
6
1
-13
-3
-2
1
-16
-47
-15
13
-10
-30
-30
-24
-35
-20
4
-16
-33
-19
-6
-20
-40
-48
-25
-2
-19
-41
-24
-18
-25
-9
-12
-29
-23
-4
-5
3
-8
-28
0
10
-8
-11
-3
13
10
-5
-6
1
-1
6
15
17
15
2
14
12
4
20
25
11
-6
6
12
2
8
2
5
37
32
14
8
-4
15
19
15
24
7
18
27
-10
-26
-2
11
4
-2
-10
2
6
-6
-8
-2
12
16
16
3
-1
-5
0
9
-8
-7
3
-8
-24
-22
-12
-6
-18
-36
-26
-12
-11
-13
-14
-50
-50
-5
-12
-31
-44
-44
-23
-30
-33
-20
-35
-35
-25
-17
3
-30
-45
-18
-25
-23
-34
-40
-23
-41
-43
-20
-34
-50
-44
-20
-17
-51
-61
-55
-34
-34
-56
-49
-41
-48
-46
-53
-67
-58
-39
-29
-52
-82
-63
-43
-29
-26
-44
-59
-53
-32
-16
-23
-52
-46
-19
-21
-17
-25
-16
1
-1
3
-9
2
14
14
30
33
44
37
24
32
44
52
45
38
44
52
59
62
39
40
55
57
74
55
22
23
50
53
35
31
36
62
51
23
12
19
55
55
40
34
17
24
37
27
21
9
22
42
17
16
9
4
31
20
23
32
18
27
14
15
37
20
19
28
19
22
14
10
17
16
38
34
5
1
5
16
31
16
-6
-5
3
17
2
-18
-13
-15
-6
2
-5
-22
-22
9
13
-13
-27
-19
2
20
22
-10
-33
-7
10
25
21
-18
-4
44
44
-1
-31
-5
29
31
23
12
1
18
28
6
-4
16
41
43
25
8
7
31
35
13
9
7
12
18
17
7
-11
-10
3
-7
-10
-5
-8
-10
-26
-26
-11
-4
1
11
5
-12
-14
-20
-24
-17
20
6
-38
-16
-5
-14
-7
-5
-9
-6
-2
-15
-7
-10
-38
-18
7
1
-28
-45
-11
-5
-30
-22
-24
-32
-12
-7
-17
-42
-68
-57
-18
-14
-36
-39
-46
-30
-28
-40
-19
-29
-19
7
-23
-24
-30
-52
-13
-5
-39
-40
-39
-14
-1
-23
-21
-35
-18
15
8
-9
-25
-16
-14
-7
-18
-58
-18
17
-17
-15
-26
-58
-18
15
2
-8
-17
-4
20
6
-10
-33
-36
19
27
3
-4
-22
-35
-19
-2
1
17
1
-17
-6
-4
10
8
-4
7
11
2
-6
-28
-38
4
7
-7
1
-48
-42
6
-17
-24
-42
-52
-19
-23
-32
-59
-52
-12
-29
-48
-58
-55
-31
-15
-23
-75
-60
-17
-36
-16
-23
-54
-15
-5
-42
-41
-35
-31
-11
-17
-14
-7
-21
-14
-26
-25
23
30
5
-7
-21
-21
17
4
-32
0
10
2
16
-15
-25
-6
9
37
21
-8
0
13
19
12
-20
-14
20
11
15
17
-17
-15
11
21
23
21
7
17
37
21
13
12
28
41
29
40
16
-11
40
62
41
38
33
28
50
70
55
35
37
58
73
69
57
45
46
64
73
68
70
69
60
83
90
67
75
79
83
102
90
78
72
58
76
90
68
58
64
82
96
83
66
72
70
77
84
53
37
58
64
38
17
25
62
66
23
7
28
53
35
4
29
34
21
42
27
-1
9
5
-2
6
-10
-2
29
9
-27
-31
-9
21
26
6
-3
-2
15
12
-19
-25
-8
21
11
-15
-15
-18
0
10
-1
3
7
-1
-6
-6
-14
-15
-14
-17
-17
-10
2
-14
-29
-24
-9
11
1
-24
-32
-18
5
-5
-38
-46
-53
-37
-7
-42
-76
-63
-45
-29
-27
-58
-66
-48
-38
-30
-52
-78
-66
-37
-24
-56
-93
-88
-58
-53
-60
-61
-64
-68
-54
-40
-41
-57
-71
-48
-34
-31
-45
-60
-32
-21
-34
-28
-55
-72
-18
7
-5
-38
-63
-16
3
4
-2
-43
-23
3
-4
-15
-34
-38
-26
-1
-7
-27
-24
-34
-25
-11
-28
-38
-22
-22
-27
-15
-41
-58
-36
-29
-36
-39
-57
-66
-48
-36
-35
-43
-56
-50
-49
-55
-44
-46
-63
-56
-57
-54
-37
-48
-66
-52
-27
-32
-51
-43
-30
-33
-19
-16
-47
-30
-10
-20
-5
-21
-24
-4
-6
2
-3
0
17
12
6
13
27
24
10
16
32
42
23
32
46
29
40
42
36
36
29
34
36
48
47
28
38
51
39
42
44
28
30
29
35
31
22
38
35
25
31
18
4
31
41
16
20
14
11
36
20
2
-3
15
50
32
18
20
26
42
41
29
19
20
37
35
25
27
26
35
46
34
24
20
19
15
16
30
39
26
3
16
40
31
14
16
18
16
38
21
-8
9
17
20
16
-8
0
31
29
22
23
6
9
9
11
28
-5
-26
-2
5
7
5
-4
-13
-32
-10
26
4
-24
-16
-6
24
5
-34
-24
-24
2
21
-6
-32
-45
-11
21
-6
-41
-45
-24
10
15
-7
-28
-50
-21
40
22
-43
-51
-9
22
7
-29
-40
-15
16
22
5
-19
-26
-5
32
33
-14
-34
-9
27
28
10
7
-3
-1
32
47
10
-16
9
27
35
16
-12
20
27
10
42
24
-16
3
23
42
42
-10
-18
13
17
36
33
-15
-28
8
44
37
-33
-50
6
34
22
-25
-66
-41
11
18
-11
-63
-81
-14
22
-9
-54
-78
-38
-15
-25
-36
-60
-71
-52
-18
-18
-60
-79
-44
-25
-32
-34
-51
-63
-39
-24
-31
-48
-75
-67
-26
-4
-24
-60
-63
-43
-14
-10
-39
-46
-34
-25
-13
-29
-37
-20
-22
-6
-3
-35
-29
-5
10
16
-6
-29
-4
14
3
-7
-10
-16
-12
19
24
12
-4
-8
11
13
18
18
8
15
19
20
26
5
-11
17
31
20
30
8
-7
14
24
43
22
-16
-21
21
68
41
-2
-11
12
46
59
36
-15
-11
48
40
10
-1
-9
30
35
31
17
-19
12
35
48
35
-12
7
30
18
15
6
7
25
19
14
7
0
14
26
24
17
7
26
27
-4
14
27
5
3
7
21
23
-2
-5
6
1
20
27
-17
-24
-9
11
13
-21
-36
-8
23
24
17
-19
-49
-3
43
33
-16
-34
-19
7
29
14
-21
-38
-10
21
19
-14
-42
-14
32
34
1
-15
-28
-2
20
2
0
-18
-18
21
29
7
-19
-14
-3
2
17
-8
-31
-19
4
28
-3
-32
-19
1
8
-1
-2
-7
1
15
15
-5
-21
-8
12
21
-7
-28
-17
-9
0
8
-2
-12
-16
-19
3
11
-12
-20
-17
-13
-4
0
-26
-35
-10
5
-2
-31
-61
-44
2
9
-14
-18
-24
-29
-6
15
-11
-28
-19
-1
27
0
-21
2
-7
-4
4
1
-2
-20
1
39
17
2
0
-5
28
24
4
5
-3
-3
15
29
9
-22
-5
25
28
19
15
17
16
29
36
27
15
10
19
29
30
10
6
23
44
53
23
2
13
50
66
38
6
7
44
72
52
8
-10
14
61
54
9
-11
-6
53
73
34
15
13
40
61
41
15
0
4
40
45
13
0
-9
7
28
9
19
19
-9
-1
16
11
3
-14
-26
-10
11
11
-23
-42
-30
-4
6
-24
-71
-61
-19
-15
-15
-37
-41
-28
-19
-4
-33
-48
-31
-11
-2
-27
-41
-38
-25
-16
-17
-30
-46
-50
-21
0
-24
-47
-35
-7
-8
-12
-21
-36
-22
0
-3
-21
-45
-53
-20
5
-18
-28
-32
-30
-14
-5
8
-21
-39
-2
8
7
-16
-33
-21
7
20
6
-9
-31
-10
34
43
2
-23
-2
11
28
31
18
16
39
51
35
34
22
26
43
51
62
39
30
39
51
84
75
44
42
48
75
93
55
37
49
68
77
48
19
4
39
89
68
8
-11
12
47
73
39
-13
-23
8
37
21
-30
-55
-11
36
21
-43
-62
-45
-24
-7
-32
-53
-57
-36
-16
-24
-41
-78
-75
-27
-28
-58
-66
-77
-77
-40
-36
-63
-72
-66
-46
-21
-31
-67
-53
-27
-25
-27
-51
-69
-54
-28
-30
-45
-64
-62
-29
-13
-17
-32
-40
-31
-14
-15
-25
-20
-23
-14
7
3
-28
-36
-19
0
14
-2
-21
-8
5
10
10
2
-1
5
18
23
18
16
5
14
30
24
18
18
7
18
56
51
33
17
28
56
53
59
50
32
43
59
44
49
36
24
59
60
59
45
44
58
43
53
58
50
39
39
51
50
50
41
26
22
37
40
42
22
1
23
27
34
24
-1
10
18
21
-5
-21
-5
-5
0
-8
-51
-41
1
-3
-24
-72
-65
-24
-19
-27
-62
-64
-43
-24
-17
-57
-91
-78
-52
-33
-40
-88
-101
-66
-34
-33
-74
-100
-73
-48
-33
-39
-91
-102
-69
-23
-17
-64
-77
-64
-47
-22
-19
-52
-67
-51
-7
2
-40
-48
-42
-23
4
-2
-18
-17
-4
13
14
-6
-22
0
23
24
13
-3
8
26
31
34
23
22
37
47
63
41
14
47
72
64
49
53
57
60
73
82
75
44
53
81
93
100
69
61
74
77
100
91
63
70
87
99
88
78
68
60
75
89
79
57
53
59
77
84
70
46
42
59
63
53
32
31
41
50
50
28
21
18
27
44
35
21
20
14
15
12
5
9
2
2
-4
-17
-9
-15
-21
-10
1
-7
-24
-31
-24
-6
-19
-28
-21
-22
-15
-17
-31
-49
-38
-11
-21
-40
-40
-37
-29
-9
-23
-36
-24
-26
-18
-26
-30
-30
-35
-15
-17
-22
-25
-24
-25
-33
-34
-28
-26
-31
-36
-39
-26
-25
-36
-31
-31
-25
-15
-24
-24
-23
-29
-24
-38
-36
-26
-37
-33
-23
-26
-36
-45
-41
-25
-17
-23
-34
-37
-32
-43
-42
-40
-35
-30
-39
-36
-39
-57
-54
-46
-44
-39
-50
-51
-34
-33
-34
-58
-71
-54
-51
-30
-26
-60
-64
-66
-70
-52
-33
-45
-65
-57
-41
-34
-42
-55
-58
-42
-17
-7
-37
-71
-59
-29
-23
-33
-41
-53
-29
-7
-24
-37
-33
-18
7
8
-13
-23
-11
11
0
-25
-24
-7
17
13
-6
-6
-1
10
20
18
11
17
26
31
28
23
34
50
36
15
26
42
44
37
30
31
42
44
28
26
44
72
75
50
41
42
56
82
65
24
23
61
74
66
52
38
48
72
83
79
56
53
81
80
72
63
46
68
89
80
81
81
66
70
66
63
70
68
85
105
94
59
49
45
62
97
82
80
60
46
74
60
43
39
51
73
80
55
14
8
36
67
54
22
25
46
46
36
5
-26
-5
23
50
26
-22
-18
-9
-3
-3
-20
-32
-20
7
13
-23
-47
-47
-41
-13
-13
-22
-35
-36
-15
-30
-24
-19
-45
-25
3
-3
-18
-27
-24
3
2
-7
10
-2
-6
23
31
-5
-12
14
11
26
27
3
10
20
17
31
34
13
14
23
39
43
40
31
5
11
29
26
17
7
12
19
19
17
-8
-13
23
29
0
-13
-8
-4
17
22
-24
-42
-21
-17
-14
-12
-31
-44
-30
-33
-38
-35
-42
-25
-22
-50
-70
-69
-56
-42
-37
-43
-56
-66
-63
-68
-84
-98
-75
-57
-68
-67
-88
-108
-96
-76
-64
-73
-84
-76
-68
-71
-74
-83
-78
-79
-90
-84
-71
-70
-83
-82
-73
-85
-101
-81
-55
-63
-62
-56
-68
-73
-70
-65
-46
-30
-36
-53
-56
-60
-57
-35
-15
-10
-20
-12
-16
-39
-31
-10
-1
5
9
-6
-10
5
2
-8
7
28
22
22
16
14
32
34
35
26
30
45
33
32
27
31
53
58
58
35
23
50
62
46
47
49
54
72
70
43
32
57
81
78
55
53
56
42
55
70
51
48
71
75
56
46
55
68
67
57
63
73
73
64
44
44
57
48
41
45
53
53
38
43
38
23
40
48
28
19
28
37
29
7
-2
7
11
20
22
-4
-19
-18
-11
-16
-34
-30
-4
-4
-37
-40
-39
-56
-50
-33
-40
-50
-22
-38
-76
-70
-61
-52
-34
-36
-50
-53
-45
-54
-65
-48
-43
-35
-40
-47
-33
-59
-54
-23
-24
-28
-27
-20
-18
-22
-20
-12
-6
-10
-9
0
12
4
-10
-10
10
38
32
21
28
29
34
32
25
29
52
65
42
43
52
55
65
59
46
67
92
82
77
51
42
89
101
90
85
72
79
95
82
54
56
94
113
86
57
57
68
81
71
62
70
74
76
73
55
40
58
69
56
37
30
38
46
50
45
37
29
27
18
29
33
15
10
10
8
20
26
22
25
2
-2
15
6
-16
-19
-1
10
0
-13
-23
-25
-20
-20
-20
-13
-3
-11
-35
-35
-33
-43
-23
-16
-33
-30
-29
-47
-64
-55
-32
-9
-16
-42
-58
-55
-53
-47
-40
-64
-64
-33
-38
-58
-85
-86
-64
-68
-73
-64
-53
-67
-82
-70
-75
-69
-58
-58
-56
-70
-80
-69
-69
-74
-63
-52
-54
-72
-72
-67
-56
-46
-61
-59
-41
-36
-43
-46
-50
-44
-33
-28
-22
-27
-38
-33
-8
-19
-33
-11
4
9
-7
-11
-18
-9
5
-10
0
7
1
-10
-15
-6
-10
1
5
-9
-6
-3
2
-1
-25
-34
-22
-12
0
3
-17
-23
-38
-42
-26
-28
-26
-20
-34
-54
-45
-31
-48
-66
-52
-31
-36
-49
-65
-85
-73
-54
-61
-64
-79
-79
-51
-51
-78
-82
-75
-74
-63
-71
-71
-54
-71
-83
-71
-83
-70
-45
-38
-37
-62
-62
-39
-31
-43
-41
-18
-16
-20
-26
-35
-31
-7
13
18
2
-1
17
18
15
29
42
45
44
47
61
55
39
44
62
76
66
65
66
71
91
83
72
84
91
101
113
89
83
98
91
99
112
91
85
103
105
97
91
87
83
97
100
87
99
98
83
91
100
95
81
81
93
76
72
79
50
56
82
74
57
48
52
58
65
71
59
47
53
63
66
61
42
36
51
49
45
38
27
40
48
48
53
39
38
57
54
41
15
8
32
50
50
33
19
-4
-6
17
24
20
14
12
22
30
0
-4
12
0
4
8
12
0
-17
-6
-10
-13
-16
-18
2
6
-19
-24
-18
-23
-14
-4
-13
-31
-31
-28
-36
-30
-51
-64
-38
-28
-19
-12
-47
-71
-40
-17
-36
-55
-52
-35
-38
-43
-55
-75
-62
-38
-21
-42
-68
-56
-51
-45
-29
-41
-50
-27
-19
-35
-39
-58
-62
-24
2
-8
-44
-55
-42
-17
-3
-17
-21
-29
-35
-10
0
-23
-39
-34
0
13
-23
-48
-55
-18
19
5
-15
-34
-21
16
12
1
-13
-19
6
8
-9
-34
-50
-30
-3
-1
-11
-28
-28
-15
-17
-28
-36
-17
-5
-13
-24
-37
-39
-32
-12
-18
-53
-64
-46
-28
-14
-16
-38
-56
-47
-17
-9
-19
-25
-24
-19
-14
-25
-40
-30
-7
4
-5
-24
-26
-11
-9
-6
7
15
20
12
10
-6
-19
2
13
12
17
17
6
-4
-5
2
18
41
34
22
23
12
26
25
11
33
28
16
22
14
13
18
24
30
11
8
22
23
19
18
12
26
24
-5
-6
7
15
22
18
2
-10
12
23
-8
-13
7
15
17
-7
-27
-10
14
22
-4
-18
-10
-12
14
15
-18
-9
11
22
9
-7
3
20
36
10
-11
7
21
17
21
20
6
16
35
14
7
18
15
26
15
11
26
27
23
-3
-1
22
9
12
14
-7
-9
8
12
-8
-1
13
2
8
-5
-23
1
8
-9
-22
-40
-19
16
-2
-30
-31
-7
3
-6
-24
-38
-17
4
-3
-11
-30
-44
-21
9
6
-11
-25
-16
-8
-17
-7
-8
-15
-16
-9
9
-10
-37
-18
-5
-4
0
-3
-14
-28
-20
8
2
-24
-13
4
8
-6
-23
-21
-23
-14
-1
-2
-15
-18
-5
-11
-22
-16
-2
-2
-15
-15
-12
-20
-16
-3
-2
0
6
-7
-10
4
-3
-11
0
-8
-16
4
14
10
-8
-13
0
6
-6
-12
8
17
12
0
-9
1
16
30
16
-7
-2
14
28
36
28
24
30
33
34
35
16
12
38
35
22
36
48
38
30
37
43
47
48
55
55
39
38
58
58
44
61
78
59
53
56
51
50
50
50
66
73
50
44
59
57
49
56
50
41
56
60
63
60
42
33
24
37
43
38
39
31
35
25
2
7
19
25
8
-8
-3
0
-11
-18
-4
-3
-16
-5
-1
-25
-40
-34
-33
-31
-33
-46
-23
-26
-46
-35
-42
-57
-64
-42
-23
-53
-68
-55
-69
-58
-39
-54
-50
-53
-58
-44
-52
-61
-59
-54
-45
-60
-69
-53
-52
-44
-52
-71
-58
-33
-18
-38
-70
-62
-53
-36
-26
-43
-43
-39
-37
-34
-31
-40
-48
-41
-30
-39
-48
-36
-46
-38
-20
-33
-37
-39
-38
-20
-15
-24
-37
-52
-46
-24
-9
-6
-29
-45
-26
-16
-33
-32
-12
-10
-9
-1
-18
-46
-39
-7
15
15
-5
-13
-4
9
9
8
16
8
22
49
37
21
16
20
39
40
21
14
31
47
51
43
26
16
32
47
45
33
25
40
49
42
31
11
20
48
39
19
27
31
27
35
32
32
28
15
22
21
22
17
8
20
23
17
12
10
0
-13
2
11
-1
-4
-15
-9
1
-5
-16
-30
-12
-5
-19
-9
-14
-22
-13
-5
-16
-32
-25
5
12
-6
-5
-7
-13
-4
9
11
5
8
14
14
15
21
19
16
17
22
24
14
20
38
39
35
33
19
9
23
49
63
45
17
11
24
31
28
28
18
11
30
52
39
16
9
27
30
15
8
10
33
44
27
9
-5
-8
11
23
14
-1
-3
13
4
-19
-11
1
13
23
11
-6
-20
-22
0
7
-1
-4
-12
-5
-7
-21
-21
-22
-6
10
5
6
-7
-28
-37
-34
-16
-9
-7
-5
-22
-30
-17
-15
-23
-25
-16
-5
-10
-9
-26
-35
-15
-32
-42
-41
-47
-29
-24
-43
-65
-74
-54
-33
-23
-33
-49
-55
-44
-37
-37
-31
-21
-21
-23
-30
-46
-58
-48
-12
-12
-33
-35
-37
-29
-13
-10
-7
-14
-26
-10
0
-19
-33
-21
1
12
12
0
-6
-6
9
23
17
16
10
10
16
23
24
21
22
21
27
22
12
16
39
39
12
19
29
24
32
41
32
10
21
38
15
12
27
20
11
12
9
-8
-9
3
10
22
10
-7
17
19
-9
-11
5
11
5
2
-7
-15
-8
2
13
6
1
-2
3
3
-8
6
7
-3
11
20
7
-2
8
1
-11
3
19
12
22
20
-3
-1
1
1
10
12
11
14
12
-3
-9
-8
3
7
6
14
0
-5
18
23
7
4
9
10
5
7
4
-6
10
17
-2
-7
1
5
6
8
-3
-9
-6
4
16
-9
-19
-9
-11
1
13
-1
-12
-18
-13
-3
-13
-17
-11
0
4
-7
-11
-15
-20
-15
-2
4
1
-7
-7
-9
-26
-23
-3
-1
8
12
11
-6
-25
-22
-28
-9
18
10
-5
-11
-8
-8
-12
-13
-8
-2
4
9
1
-8
-1
-2
1
7
-14
-21
-3
-1
-7
-6
-12
-9
1
-1
1
-11
-16
0
0
-7
-29
-33
-7
-4
-9
-15
-25
-20
-12
-14
-8
-13
-18
-3
-3
-6
-14
-12
4
-9
-4
8
-16
-2
19
11
-3
-11
-3
-8
-2
39
36
5
18
27
22
13
15
36
36
38
45
30
34
30
21
47
46
40
49
58
63
41
25
38
37
34
57
62
53
67
70
55
38
54
78
68
69
79
70
57
45
48
30
21
54
67
50
38
41
61
46
8
3
26
44
41
36
25
1
3
21
11
-15
-2
22
20
4
-10
-15
-34
-29
-12
-12
-2
0
-14
-43
-57
-34
-26
-38
-30
-39
-46
-43
-41
-33
-51
-48
-25
-40
-58
-55
-44
-41
-55
-64
-53
-52
-54
-56
-59
-39
-32
-34
-41
-56
-64
-46
-32
-43
-45
-44
-52
-54
-53
-64
-73
-48
-20
-47
-61
-24
-11
-35
-49
-26
-36
-54
-23
-6
-16
-40
-36
-21
-35
-37
-21
-6
-7
-5
9
12
-3
-15
-15
12
28
13
6
1
-6
5
6
-7
-2
19
36
35
30
38
9
0
42
55
27
15
44
45
12
3
14
20
22
31
38
41
31
34
41
15
5
25
36
22
11
15
9
2
8
-1
-11
-5
25
36
10
4
10
6
-6
-3
0
-20
-22
-7
0
-14
-37
-45
-50
-39
-25
-22
-33
-32
3
-10
-53
-53
-21
-25
-50
-28
-17
-51
-55
-29
-32
-61
-69
-48
-36
-13
6
-19
-29
-21
-31
-27
-33
-23
-9
-18
-13
-19
-39
-40
-15
8
9
-9
-3
11
-5
-10
5
18
32
34
25
11
2
14
16
14
34
36
33
37
29
41
60
66
61
59
61
54
50
54
43
27
42
60
68
66
51
59
79
70
52
68
95
90
72
75
74
56
54
70
77
66
63
77
70
40
32
46
68
83
80
58
45
55
25
6
27
39
37
10
-9
2
0
-5
0
-2
13
13
-6
-5
-5
-6
-11
-21
-20
-25
-27
-4
-17
-65
-87
-62
-25
-18
-23
-51
-58
-44
-66
-82
-75
-53
-38
-25
-32
-80
-113
-92
-73
-74
-52
-24
-34
-54
-59
-88
-110
-101
-62
-41
-68
-80
-72
-78
-100
-103
-79
-66
-63
-57
-52
-44
-55
-74
-73
-78
-57
-37
-40
-32
-48
-62
-46
-51
-65
-66
-39
-6
-15
-26
-41
-43
-14
-3
-8
6
15
-6
-30
-18
-9
-5
22
52
37
6
14
24
36
30
34
75
77
51
55
52
25
23
51
84
62
40
57
72
48
33
52
52
57
67
88
86
68
34
-11
12
38
20
1
31
64
13
-42
1
26
-33
-39
31
40
-23
-27
18
-3
-47
-24
9
-19
-35
-16
-7
-16
-19
-30
-56
-37
17
29
-10
-21
18
5
-69
-62
11
1
-32
35
91
6
-69
-1
58
8
-25
39
67
15
-4
20
16
-8
28
69
50
27
45
27
-19
-9
8
-3
10
65
63
0
-13
44
37
-30
-13
57
67
3
-22
13
-4
-66
-44
51
50
-19
-15
42
4
-59
-30
11
5
-18
0
40
26
-26
-26
7
12
-9
-9
25
15
-2
39
50
9
-10
18
33
29
35
30
0
3
53
43
-18
-3
57
59
38
53
64
30
-2
50
77
22
7
34
35
17
35
34
-8
1
24
11
-1
19
32
-3
-36
-9
25
0
-35
-15
11
-22
-69
-60
-27
-52
-58
-19
-15
-52
-70
-66
-52
-55
-84
-73
-47
-34
-62
-93
-90
-80
-78
-73
-60
-42
-52
-78
-56
-28
-63
-98
-40
20
-21
-46
9
4
-66
-59
-20
-24
-31
6
48
24
3
22
19
-9
-34
-2
47
66
83
87
52
9
16
44
34
31
77
76
42
59
79
38
-5
37
84
63
45
92
114
43
-6
43
71
19
25
96
103
51
56
82
40
18
69
76
38
67
95
58
21
27
39
17
26
77
84
21
-13
44
67
26
22
63
48
-34
-20
56
43
6
34
47
-6
-33
-2
-11
-30
21
65
21
-36
-16
-28
-78
-65
-21
0
-18
-24
7
-13
-92
-87
-44
-53
-64
-52
-44
-61
-79
-76
-83
-101
-83
-66
-63
-44
-31
-73
-133
-135
-99
-91
-121
-85
-17
-54
-107
-69
-45
-130
-161
-76
-41
-84
-103
-62
-65
-108
-130
-106
-74
-77
-84
-57
-19
-52
-86
-69
-56
-84
-84
-31
4
-15
-39
-30
-35
-50
-49
-45
-45
0
37
9
-4
34
43
-3
-10
38
51
4
-2
61
73
52
83
97
59
33
43
44
37
71
109
104
112
121
91
44
50
97
102
73
81
144
144
51
29
66
31
12
76
116
70
50
66
21
-22
3
40
5
-16
88
121
3
-33
44
16
-82
-28
75
63
-17
-18
27
-51
-136
-104
-61
-64
-38
-1
-36
-76
-68
-85
-141
-133
-35
-5
-73
-64
14
-6
-107
-110
-33
-51
-130
-113
-33
-33
-87
-84
-58
-43
-76
-116
-50
29
-8
-65
-44
-7
-24
-97
-68
53
72
0
-8
27
-17
-75
-42
57
113
90
92
138
124
62
48
99
143
117
72
119
170
146
170
232
245
182
147
194
225
174
194
292
291
240
215
218
209
180
184
250
259
183
168
216
219
198
192
188
211
225
155
110
203
230
114
84
182
139
11
45
125
102
-7
-30
38
-4
-126
-89
8
-70
-157
-137
-150
-180
-155
-165
-192
-171
-171
-229
-251
-237
-230
-227
-228
-192
-167
-233
-314
-306
-279
-318
-337
-273
-236
-280
-336
-338
-312
-352
-377
-308
-279
-329
-288
-241
-299
-322
-280
-303
-312
-219
-186
-234
-205
-137
-149
-156
-153
-147
-84
-44
-35
-10
-21
-38
15
52
44
76
98
67
51
82
98
135
233
301
341
376
367
365
387
409
418
444
483
461
410
397
421
461
453
392
402
476
456
376
360
431
487
442
414
445
407
308
351
487
484
414
439
453
358
272
271
335
399
423
382
271
130
-31
-105
-145
-286
-440
-535
-606
-582
-472
-422
-448
-590
-817
-981
-1054
-1039
-859
-547
-274
-135
-132
-234
-358
-474
-533
-436
-319
-250
-216
-284
-440
-655
-832
-869
-818
-733
-620
-550
-559
-611
-701
-773
-725
-569
-372
-205
-100
-2
22
-57
-109
-90
-35
52
201
345
372
338
327
273
145
62
68
119
221
333
400
452
478
475
490
526
564
581
573
569
585
621
667
740
752
723
743
743
695
647
580
507
527
585
659
754
774
723
705
696
673
652
626
638
590
546
602
751
975
1053
643
-292
-1393
-2060
-1903
-1067
17
680
525
-294
-1316
-2063
-2218
-1756
-895
77
791
998
798
416
-60
-301
-87
308
683
891
747
413
89
-259
-588
-794
-912
-1002
-975
-870
-842
-900
-997
-1091
-1086
-1007
-860
-568
-177
144
246
204
95
-114
-316
-320
-112
184
471
682
623
188
-409
-918
-1161
-1046
-663
-250
44
109
-125
-492
-768
-865
-753
-422
-57
193
313
280
115
-118
-300
-302
-99
195
472
569
457
154
-259
-421
-275
-72
116
270
273
220
197
157
111
61
0
-16
154
411
569
687
762
679
536
494
557
663
798
1030
1204
1184
1067
930
822
810
969
1193
1255
1155
783
-6
-862
-1336
-1261
-606
423
1196
1165
420
-651
-1615
-1959
-1481
-465
599
1246
1392
1208
793
369
154
248
526
720
872
900
658
367
135
37
6
-195
-444
-648
-897
-1009
-829
-560
-418
-469
-686
-942
-984
-750
-456
-183
-21
-139
-404
-551
-517
-347
-60
296
462
360
106
-178
-409
-592
-620
-481
-342
-243
-126
-192
-432
-553
-612
-668
-548
-415
-485
-462
-351
-347
-360
-382
-464
-498
-346
-137
11
18
-106
-284
-457
-471
-296
-111
-19
60
32
-43
-63
-110
-162
-205
-183
-107
66
328
420
298
159
56
-25
34
180
249
253
286
326
366
447
399
317
365
384
384
458
561
600
531
475
451
489
664
776
880
975
882
715
494
265
161
213
449
749
904
868
607
207
-180
-480
-488
-253
58
405
547
443
194
-114
-250
-219
-96
99
217
223
93
-69
-161
-199
-156
-149
-211
-299
-398
-488
-492
-384
-318
-333
-330
-329
-361
-340
-314
-281
-225
-295
-411
-475
-522
-471
-316
-243
-231
-253
-428
-632
-679
-617
-494
-372
-352
-361
-448
-584
-604
-544
-477
-403
-310
-278
-284
-283
-329
-363
-380
-359
-302
-277
-169
-56
-92
-89
-30
-19
28
56
70
84
-2
-51
-28
2
140
240
224
195
84
6
24
101
288
394
389
403
354
347
412
442
498
465
360
347
354
434
588
662
668
630
519
397
387
507
663
808
877
808
716
659
619
610
600
525
342
144
12
38
257
486
570
486
166
-283
-533
-595
-507
-219
49
202
260
177
5
-127
-209
-262
-187
-25
-7
31
157
56
-14
121
111
39
-35
-229
-331
-333
-256
-126
-105
-78
-62
-166
-315
-464
-501
-555
-635
-485
-365
-367
-318
-329
-322
-302
-375
-306
-219
-240
-269
-373
-375
-289
-280
-172
-48
-178
-262
-278
-334
-253
-299
-401
-224
-131
-182
-65
-150
-350
-372
-395
-323
-205
-185
-101
35
64
21
-86
-185
-282
-298
-79
114
126
182
186
118
207
193
139
290
417
497
515
448
456
359
271
412
453
489
678
799
972
1093
991
971
1036
1083
1240
1245
696
-130
-843
-1254
-894
101
948
1257
861
-298
-1579
-2353
-2469
-1703
-541
347
894
956
602
240
-58
-201
-10
372
852
1271
1369
1205
925
626
405
182
-55
-392
-768
-858
-802
-705
-585
-737
-1058
-1302
-1393
-1195
-859
-610
-449
-428
-566
-872
-1172
-1209
-991
-480
312
969
1101
738
109
-484
-814
-746
-321
206
558
637
531
204
-295
-707
-981
-974
-646
-309
-9
116
-58
-285
-570
-749
-563
-278
15
381
656
649
338
93
47
116
407
638
663
616
387
223
233
243
291
230
176
258
364
507
544
485
532
676
876
1073
1154
1209
1188
1123
1246
1483
1734
2068
2467
2131
418
-1858
-3478
-3643
-2026
605
2606
2609
529
-2260
-4227
-4807
-3829
-1628
499
1736
2316
2185
1276
273
-297
30
1141
2027
2521
2542
1654
781
635
587
239
-383
-1281
-2099
-2326
-1960
-1377
-1150
-1510
-2009
-2296
-2377
-2012
-1222
-660
-362
26
250
168
52
-90
-282
-261
82
699
1292
1563
1506
885
-247
-1143
-1522
-1544
-1041
-217
370
467
108
-477
-1075
-1516
-1525
-1050
-388
189
631
696
154
-495
-758
-563
-16
603
1056
1062
642
357
315
273
249
178
131
298
660
1051
1054
537
-82
-454
-418
-73
439
869
874
860
1018
1050
1042
1081
1107
1199
1346
1521
1676
1617
1586
1928
2536
2967
2436
230
-2714
-4588
-4426
-2177
840
2725
2411
-71
-3169
-4961
-5155
-3884
-1469
814
2220
2795
2420
1355
231
-240
547
1907
2714
2781
2130
887
70
220
414
134
-570
-1665
-2466
-2729
-2508
-1871
-1541
-1735
-1927
-2004
-2101
-1831
-1228
-706
-101
557
881
715
91
-578
-789
-700
-265
758
1645
1824
1461
575
-713
-1776
-2193
-1944
-1130
-129
610
858
316
-703
-1433
-1901
-1897
-987
105
822
1183
753
-211
-1000
-1292
-776
250
1119
1559
1406
735
66
-238
-268
-126
112
307
530
865
1002
713
145
-497
-722
-446
105
898
1555
1710
1438
981
549
444
668
1148
1896
2436
2441
2144
1679
1299
1619
2331
2004
155
-2271
-4057
-3957
-1730
1262
3261
2821
-4
-3142
-5176
-5642
-3797
-726
1577
2926
3318
2346
772
-482
-714
495
1996
2949
3343
2327
470
-275
8
418
737
334
-961
-2309
-3075
-2782
-1863
-1359
-1140
-1173
-1753
-2093
-1651
-1195
-991
-552
-46
214
261
182
74
-156
-391
-83
487
674
938
1245
797
56
-437
-1007
-1498
-1518
-922
-48
410
580
576
-252
-1430
-1881
-1719
-1194
-146
893
1089
434
-493
-1055
-1012
-617
118
858
837
393
185
-22
-268
-211
-51
-57
-4
329
676
623
152
-304
-351
-279
-48
546
894
935
992
980
897
688
556
865
1315
1790
2356
2450
1951
1713
2106
2169
894
-1294
-3291
-4084
-2879
-259
2083
2693
1228
-1106
-3051
-4220
-3884
-2174
-582
728
2113
2791
2433
1461
594
771
1636
2425
3030
2489
788
-135
149
692
1217
1049
-308
-1920
-2892
-2802
-1896
-1320
-1242
-1295
-1786
-2000
-1279
-585
-468
-501
-465
-415
-265
66
483
688
611
648
599
5
-405
-221
2
290
650
480
-304
-1280
-1808
-1563
-1086
-391
530
784
284
-383
-1081
-1563
-1378
-553
344
653
292
-182
-445
-536
-293
66
60
-36
128
352
556
493
-15
-511
-723
-346
559
1090
807
133
-445
-561
-216
201
531
642
707
956
1211
1331
1303
1239
1355
1768
2354
2749
2662
2476
2475
1543
-889
-3421
-4810
-4268
-1689
1359
3148
2508
-529
-3787
-5686
-6035
-4175
-1065
1279
2985
3995
3503
2037
330
-534
353
1891
3238
4191
3404
1458
453
197
-2
-164
-964
-2415
-3482
-3538
-2500
-1325
-1144
-1430
-1817
-2484
-2367
-1216
-299
314
952
1164
1054
743
461
599
786
1045
1689
1911
1056
-124
-1193
-2202
-2568
-2083
-1251
-601
-425
-560
-902
-1506
-1797
-1263
-570
-214
191
439
296
428
872
950
559
39
-111
245
576
733
586
-272
-1054
-794
-116
261
340
112
-193
-200
135
624
749
255
-89
83
493
1187
1735
1631
1213
876
863
1164
1467
1892
2672
3422
3727
3881
3749
2028
-1602
-5178
-6682
-5310
-1545
2280
3840
2465
-1096
-4614
-6378
-6492
-4539
-1039
1690
3588
5159
5124
3550
1634
482
1101
2339
2958
3439
2926
1439
843
466
-953
-2747
-4323
-5246
-4916
-3770
-2687
-2357
-2828
-2866
-2171
-1739
-1175
133
1257
2122
3311
3961
3293
1741
486
442
932
1161
1426
1261
147
-1031
-2133
-3682
-4948
-5057
-4064
-2572
-1216
-249
4
-443
-515
251
832
914
1230
1740
2056
2209
2250
1853
860
29
34
316
141
-140
-400
-1046
-1618
-1617
-1391
-1093
-493
62
181
49
186
917
1565
1679
1681
1395
802
781
1421
1904
1864
1390
897
922
1462
2368
3278
3496
3442
3328
979
-4101
-8287
-8794
-5555
-256
3634
4176
1660
-2760
-6001
-6702
-6160
-3527
612
3548
5880
7426
6338
3759
1433
644
1975
2854
2358
2374
1841
543
102
-1220
-4060
-6227
-6993
-6270
-4659
-3622
-2920
-2389
-2309
-1333
-25
3
353
2011
3505
4543
5205
4890
3876
2428
1118
419
-626
-1802
-1824
-1497
-1832
-2356
-3591
-5503
-6334
-5506
-3674
-1652
-291
664
1600
1789
1701
1954
1723
1742
2761
3463
3335
2520
970
-405
-1152
-1546
-1198
-516
-411
-543
-1009
-2084
-2631
-2193
-1334
-114
1048
1688
2012
2011
1986
2072
1585
832
871
1581
2393
3005
2847
1882
690
-294
-698
-306
872
2693
4470
5212
3787
-1061
-7447
-10455
-8080
-2396
2672
4089
2640
139
-2832
-4959
-5745
-5090
-1849
2344
5389
7557
7739
5484
2815
908
439
967
594
295
1374
1831
885
-1133
-4197
-6429
-6744
-6047
-4713
-3397
-2538
-1299
-77
523
887
707
566
1864
3887
5283
5851
5338
4039
2357
-15
-2171
-3171
-3338
-2473
-1253
-1201
-2135
-3683
-5322
-5638
-4715
-3201
-1073
862
2250
3227
3108
2419
2006
1397
948
1212
1671
2281
2539
1441
-405
-2396
-4115
-4153
-2613
-906
389
592
-382
-1344
-1753
-1659
-967
115
1371
2743
3761
3904
3231
1910
444
-489
-760
-198
861
1661
2012
1663
907
302
-73
481
2080
3634
4427
2542
-3143
-8401
-8925
-5245
-195
2711
2644
1649
-492
-3799
-5822
-5862
-3564
914
4082
5281
6515
6403
4502
2674
1300
737
579
-13
461
1539
674
-1695
-4321
-6457
-6783
-5881
-4880
-3475
-2108
-943
209
517
494
830
1081
1991
3798
5127
5495
5194
4206
2491
-23
-2533
-3661
-3709
-3416
-2452
-1462
-1680
-2760
-4114
-5230
-4860
-3074
-806
1762
3903
4762
4284
2635
1248
1202
1331
1322
1778
2084
1947
1435
-166
-2425
-4165
-5000
-4101
-1737
387
1574
1613
606
-532
-1224
-1461
-960
469
2520
4537
5578
4957
2730
-38
-1613
-1377
-261
768
1130
1060
1117
909
705
1315
2387
3582
4198
2286
-2422
-7287
-8820
-5466
-224
2894
3396
2222
-252
-3836
-7350
-7951
-4626
133
3916
6132
7281
7299
5106
1755
-110
-166
622
1508
1909
1988
1033
-1665
-4420
-5902
-6425
-6181
-5434
-4197
-2433
-1115
-436
494
1487
1726
1403
1629
3121
4927
5520
5045
4132
2466
74
-2201
-3468
-3546
-3337
-3348
-2780
-1819
-1769
-2854
-4121
-4362
-3216
-1637
126
2622
4864
5618
4721
2722
1128
628
628
1092
1667
1640
1023
-330
-2017
-3208
-3898
-3625
-2067
-415
585
876
545
405
546
425
455
1059
1858
2500
2967
3188
2821
1482
-206
-950
-601
105
741
1116
1212
1183
1037
1228
2494
3700
2367
-2228
-7360
-8272
-4260
155
2164
2385
1952
795
-2580
-6672
-7031
-3678
0
2415
3710
5219
6209
4397
1552
566
778
1032
1095
1115
1281
87
-2960
-5404
-5804
-4922
-3887
-3282
-2665
-2042
-2259
-2528
-1654
-52
1500
2586
3756
5297
5807
4623
3044
1851
488
-1420
-3193
-3502
-2381
-1549
-1838
-2592
-3360
-3889
-3822
-3108
-2064
-1284
-579
807
2444
3560
4087
3878
3060
2009
1080
1037
1669
1819
1256
-2
-1624
-2696
-3363
-3607
-2695
-1055
428
1211
924
117
-455
-497
390
1839
2968
3540
3593
3424
2985
1871
553
-536
-998
-367
645
1542
2090
1612
904
807
1135
2179
2510
115
-4209
-7980
-7617
-2788
1719
3574
3667
2251
-557
-4918
-8286
-6194
-727
3201
5140
5804
5809
4855
1633
-1310
-856
1104
2494
3078
2838
2109
-496
-5169
-8766
-9595
-8000
-4606
-974
1476
1752
-332
-2528
-2946
-1809
87
2172
4744
7295
7932
6369
3849
879
-2152
-4473
-5153
-3744
-1662
-669
-966
-2059
-3469
-4652
-5236
-4806
-3228
-1107
910
2562
3625
3660
3068
2687
2334
1820
1604
1992
2598
2176
253
-1703
-2727
-3241
-3148
-2317
-1085
334
1003
298
-636
-902
-716
-238
628
2149
3913
4592
3845
2725
1712
689
4
-100
371
1301
1998
1864
1232
906
1134
1497
2131
3045
2491
-1082
-6483
-9838
-7640
-2044
1647
2434
2133
1177
-1472
-5648
-7306
-3950
810
3605
4854
5826
6498
5091
1606
-724
-405
990
2001
2350
2382
1248
-2189
-6097
-8161
-8221
-6822
-4566
-2042
-321
-565
-1718
-1869
-1089
-134
981
3008
5979
7580
6604
4647
2636
323
-2377
-4555
-4429
-2402
-682
-186
-1045
-2938
-4984
-6279
-5832
-3672
-1198
612
1672
2346
2738
2396
1872
2153
2753
2853
2603
2489
2393
959
-1825
-3687
-3928
-3162
-1687
-281
983
2047
1611
-218
-1827
-1892
-274
1444
2471
3217
3397
2967
2512
2345
2251
1637
629
113
291
1155
2278
2508
2078
1983
2295
2959
3080
1061
-2603
-6486
-8373
-5699
-632
2893
3814
2245
-761
-4486
-7895
-7210
-2062
2864
5581
6244
5595
4969
3327
774
-149
1036
2997
3910
2908
1670
29
-3519
-7068
-8569
-7718
-5029
-2156
-263
5
-1698
-3666
-4121
-2845
-129
2828
5328
7091
7032
5359
3247
1070
-880
-2468
-3366
-2814
-1537
-738
-744
-1849
-3802
-5792
-7030
-6282
-3436
-441
1369
2008
1852
1159
230
330
2196
4438
5181
4064
2370
1007
-793
-2999
-4314
-4274
-2850
-927
186
590
374
-621
-1935
-2769
-1799
751
2697
3442
3592
3116
2382
1704
1172
1220
1702
2304
2570
1923
1116
954
794
456
648
1843
3685
3867
759
-4038
-7780
-8122
-4736
-305
2625
3393
2097
-714
-4571
-7466
-5988
-852
3941
6122
5829
4585
3148
1310
69
693
3008
5176
4824
2374
-118
-2746
-5538
-7280
-7411
-5677
-2833
-608
118
-924
-3013
-4526
-4561
-2615
964
4756
7678
8535
6786
3864
1146
-745
-1506
-1490
-879
-74
-11
-918
-2473
-4323
-5852
-6769
-6610
-4657
-1771
122
531
668
904
613
531
1827
3761
4828
4752
3899
2558
902
-935
-2596
-3459
-3042
-1868
-940
-382
65
-159
-1334
-2485
-2681
-1716
159
2122
3198
3239
2716
2148
2178
2644
2729
2637
2684
2406
1760
1251
1272
1568
1676
2125
2815
1696
-1915
-6097
-8567
-7389
-2884
1947
4245
3242
381
-2948
-6375
-7767
-4521
1551
6681
8669
7197
4135
1115
-989
-1136
1016
4632
7290
6462
3058
-859
-4884
-7787
-8576
-7229
-4158
-1314
-68
-281
-1989
-4275
-5442
-4715
-1694
2534
6210
8551
8360
5707
2505
147
-454
542
1692
2086
1292
-672
-2876
-4698
-5690
-5610
-5161
-4303
-2932
-2080
-2042
-2324
-2130
-916
679
2434
4503
6047
6111
4426
2010
218
-533
-344
-121
-603
-1160
-1599
-2351
-2858
-2712
-2056
-1163
-745
-582
-219
95
567
1083
1437
1868
2370
3126
3901
3841
3160
2360
1486
1070
1141
1545
2305
2997
3165
1234
-3165
-7052
-8394
-6757
-2675
1176
2871
1484
-2424
-5628
-6867
-6105
-2385
2299
5354
6133
4633
2705
1430
753
1606
3704
6004
7218
5507
1704
-2031
-5043
-6504
-6455
-5187
-2813
-1346
-1893
-3715
-5988
-7248
-6491
-4139
-572
3104
5681
6804
5831
3679
1972
1370
2249
3606
4394
4511
3073
96
-3054
-5396
-5705
-4366
-3333
-2872
-3017
-3916
-4578
-4706
-4100
-1916
1343
3947
4927
4696
4040
3294
2587
2240
2493
2974
2979
1810
-450
-2638
-3594
-3039
-2181
-1577
-1165
-1456
-1593
-1102
-519
200
872
1255
1627
2144
2812
3534
3711
3665
3836
3600
3176
2600
1992
2135
2075
746
-2049
-5155
-6469
-5437
-2340
755
1208
-1159
-4536
-6554
-6355
-4482
-1105
2649
4270
3323
1097
-447
137
1934
4131
6439
8170
8025
5373
1633
-1722
-4018
-4732
-3395
-1015
428
-233
-3333
-7294
-10048
-10431
-7880
-3147
1886
4353
3698
1869
127
-448
617
3140
5997
7666
7404
5397
2559
-507
-2403
-2695
-2212
-1455
-1526
-2252
-3709
-6083
-7708
-7534
-5112
-1350
1700
2939
2584
1760
1026
1229
2696
4501
5781
5694
4445
2336
-188
-1896
-1947
-568
726
739
-839
-3169
-4832
-4963
-3468
-787
2324
3884
3204
1630
370
279
1066
2775
4933
6136
6284
5222
3331
1418
-436
-2899
-5441
-6071
-4531
-1454
1205
1490
-1115
-5342
-8064
-8367
-6282
-1888
3070
5697
4473
729
-2797
-3421
-1101
2534
6141
8665
8917
6181
2085
-1365
-3266
-3000
-1079
641
1008
-170
-2686
-5739
-8212
-8894
-7477
-4257
-813
661
136
-1124
-1921
-1733
-181
2535
5156
6564
6164
4439
2188
483
207
1166
2294
2361
1268
-979
-4309
-7146
-7353
-5550
-3353
-1348
-647
-935
-1449
-1779
-1475
-229
2234
4673
5367
4324
3324
2588
1868
1491
1672
2714
3176
2372
414
-1852
-3373
-3937
-3216
-1692
284
1567
1612
699
-99
351
1267
2627
4106
5090
4899
3984
3374
2182
-92
-2675
-3851
-3269
-1350
674
901
-1142
-4765
-7255
-7283
-5310
-1739
1810
3376
2227
-342
-2174
-1863
366
3315
5568
6100
5039
2792
303
-988
-684
486
1404
1728
1426
-319
-3172
-5606
-6780
-6451
-4425
-1656
70
29
-1583
-3375
-3991
-2946
-445
2021
3496
3388
1738
304
-215
197
2014
4169
4623
2667
165
-1637
-3022
-3459
-2896
-1716
-554
-93
-956
-2334
-2703
-2648
-2403
-1153
1344
3384
3326
1712
-61
-572
178
1583
3240
4637
4736
3068
1021
-601
-1482
-1014
388
1680
2187
2063
1123
-580
-1347
-644
699
2279
3542
3814
3308
2149
-120
-2523
-3908
-3523
-1128
1695
2472
168
-3274
-5688
-6635
-6179
-3533
356
2769
2505
117
-1547
-1092
266
1915
3903
5633
5615
3610
1333
-3
-921
-1187
-607
160
228
-1009
-2750
-4252
-5081
-5401
-4438
-2196
-637
-307
-1033
-1988
-2662
-2320
-631
1507
3226
3294
2029
436
-438
-216
1026
2711
2935
1593
-16
-898
-1432
-1594
-1000
-852
-1417
-2050
-1945
-1067
-307
-376
-710
-299
392
642
811
1785
2567
2110
1137
648
966
1411
1498
1266
1523
2021
1845
1325
1128
1135
661
188
329
1254
2305
2835
2755
2196
1522
378
-574
-1178
-1818
-2480
-2329
-465
1148
868
-1232
-3522
-4720
-4707
-3378
-1101
1234
1195
-913
-2785
-2924
-1338
650
3141
4937
5018
3513
1474
577
787
1637
2328
2740
2092
22
-2192
-3769
-4229
-4048
-3358
-2466
-2253
-2995
-4170
-4646
-4038
-2609
-842
880
1808
1511
410
-707
-952
26
2093
4238
5206
4317
2329
427
-826
-1155
-666
454
972
493
-512
-1596
-2203
-2467
-2078
-1365
-637
-108
-23
36
313
972
1377
1530
1843
2207
2499
2832
3443
3624
2895
1505
637
818
1203
1459
1632
1873
1582
1129
1570
2161
1999
871
-760
-2486
-3730
-3606
-1881
798
1988
47
-3444
-5790
-5983
-4693
-2396
288
1636
263
-2282
-3554
-2813
-834
1363
3646
4926
4016
1608
-344
-889
-470
829
2568
3698
2982
457
-2365
-4184
-4528
-3657
-2172
-1027
-1254
-3252
-5563
-6219
-4770
-2218
30
787
-532
-2523
-3442
-2734
-630
2113
4149
4490
3462
1903
1061
1121
1677
2419
2652
2332
1685
919
85
-686
-1098
-912
-442
-189
-133
-423
-929
-1241
-1214
-815
73
1220
1833
1608
1204
1376
2095
2829
3281
3821
4457
4525
3543
2320
1925
1871
1867
2400
3500
3690
2020
-707
-3427
-4875
-4612
-2661
196
2155
1055
-3180
-6919
-7933
-6579
-3811
-205
2449
1547
-1846
-4570
-4669
-2624
514
3695
5489
5078
2614
346
-259
459
1559
2770
3831
3184
1055
-1184
-2599
-3111
-3034
-2369
-1702
-1981
-3587
-5455
-6140
-5257
-3588
-1950
-915
-1179
-2439
-3339
-3203
-2205
-349
1592
2677
2816
2451
1990
1650
1602
1869
2481
2907
2967
2623
1771
1135
757
303
24
92
146
-113
-347
-131
310
395
136
-340
-700
-414
455
1591
2628
3072
2499
1317
989
2146
3734
4723
5020
4731
3923
3113
2983
3860
4588
3515
554
-2675
-4020
-3022
-777
715
-121
-3110
-6569
-8402
-7922
-5515
-2285
-204
-896
-3445
-5362
-5051
-2611
596
3269
4542
4337
2819
1082
589
1451
2704
3446
3714
3005
1354
-404
-1659
-2146
-1921
-1227
-925
-1498
-2998
-4498
-5121
-4715
-3488
-2320
-1819
-2692
-4288
-5141
-4440
-2648
-1103
32
591
405
-365
-424
985
2125
2136
2208
2937
3037
2266
1929
2292
2361
1949
1613
1227
828
240
-438
-668
-362
-40
-67
-187
-605
-1194
-1036
406
1927
2435
2075
1340
954
1090
2084
3730
4987
4814
3611
2991
3129
3582
4087
4308
3137
578
-1637
-2393
-1167
1197
2698
1336
-2497
-6146
-7739
-6814
-4337
-1440
231
-1075
-4832
-7804
-7492
-4812
-1345
1853
3567
2886
600
-1131
-894
1220
3820
5346
5149
3699
1650
95
-47
752
1438
1293
449
-1207
-3249
-4423
-4361
-3520
-2692
-2396
-2933
-4135
-5365
-5696
-4499
-2625
-1469
-1155
-824
-717
-1279
-1202
574
2490
2703
2190
2407
2582
1717
1052
1859
2963
3043
2508
2233
1845
867
166
273
852
1100
728
119
-682
-1499
-1816
-741
1081
1763
926
29
258
765
1206
2393
4020
4297
3112
2530
3090
3762
4044
4342
4074
2337
-73
-1325
-706
843
1867
1166
-1204
-4114
-5666
-5180
-3561
-1843
-972
-1811
-4531
-6819
-6443
-3751
-649
1526
2241
1131
-899
-2240
-1673
501
2940
4263
3897
2471
762
-379
-294
1033
2415
2763
2096
797
-727
-2175
-2647
-1757
-584
-322
-1140
-2576
-4200
-5300
-5058
-3659
-2367
-1985
-2337
-2893
-3453
-3438
-1829
597
1888
1608
1204
1233
943
756
1906
3769
4408
3659
2611
2079
2004
1927
1850
1673
1247
465
-237
-203
344
570
259
17
-322
-1188
-1868
-919
1027
1942
1821
1663
1552
937
807
2269
4234
4963
4208
3130
2328
1423
120
-506
433
2098
2515
761
-1929
-3949
-4515
-4353
-3580
-2094
-1202
-2487
-5226
-6548
-5546
-3191
-778
1076
1681
782
-615
-1437
-825
790
2546
3569
3474
2355
1018
455
625
1197
1405
1267
803
20
-823
-1403
-1121
-605
-585
-1057
-1517
-2082
-2844
-2861
-1892
-916
-912
-1626
-2554
-3275
-3294
-2232
-466
661
176
-1165
-1752
-1510
-910
100
1705
2816
2391
1522
1510
2477
3177
3045
2666
2357
1849
966
550
956
1489
1327
696
145
-403
-1017
-1450
-1031
56
793
767
556
514
432
658
1635
2765
2886
2289
2176
2399
1813
411
-263
546
1957
2330
990
-937
-2221
-3016
-3736
-3513
-2111
-1357
-2712
-5051
-6151
-5161
-2999
-999
204
398
-406
-1655
-2208
-1369
563
2482
3394
3085
2016
1230
1049
1321
1716
2036
2086
1638
951
183
-182
-286
-488
-875
-1244
-1434
-1906
-2467
-2657
-2331
-2136
-2386
-2394
-1701
-993
-1052
-995
-298
225
-257
-694
-73
587
556
294
567
947
935
764
1131
1925
2079
1629
1328
1541
1763
1790
1953
2270
2416
1956
1191
677
253
-384
-667
121
1319
1388
406
-361
-587
-705
-342
1118
2508
2458
1235
617
1019
1025
289
-186
462
1534
1976
1348
21
-1280
-2379
-3163
-3054
-1865
-1055
-1902
-3745
-4901
-4655
-3446
-1896
-726
-269
-520
-1104
-1557
-1211
191
1716
2327
1988
1503
1223
1152
1337
1785
2204
2221
1806
1168
542
169
182
256
175
-30
-292
-778
-1617
-2252
-2293
-2167
-2292
-2204
-1850
-1976
-2350
-1873
-690
-286
-711
-689
127
701
675
839
1343
1827
1964
1909
1953
2180
2242
1734
1224
1237
1626
1858
1896
1857
1381
554
22
223
722
1004
1159
1471
1394
613
-122
-201
178
487
1147
2093
2309
1441
285
-94
-46
-534
-1263
-1015
536
1951
1429
-689
-2306
-2635
-2669
-2659
-1770
-397
-547
-2851
-5117
-5289
-3681
-1957
-930
-520
-826
-1764
-2768
-2610
-890
1061
2045
1988
1520
1003
630
805
1604
2388
2611
2376
1806
957
91
-262
27
391
525
552
132
-1206
-2774
-3245
-2480
-1708
-1434
-1228
-1206
-1641
-2157
-1811
-940
-722
-998
-789
-37
427
332
265
811
1459
1480
1244
1617
2509
2687
2032
1855
2399
2534
1904
1380
1363
1465
1378
1204
1023
605
34
62
686
992
598
-66
-379
-258
174
875
1701
1966
1448
762
155
-601
-1452
-1206
626
2293
1653
-841
-2767
-3169
-3034
-2954
-2211
-1028
-1138
-3259
-5171
-4788
-3042
-1762
-1528
-1551
-1540
-1908
-2448
-1986
-390
929
1071
457
74
192
718
1468
2183
2375
2022
1507
1122
1043
1041
1211
1482
1447
795
163
-108
-876
-1831
-2119
-1739
-1664
-1876
-1423
-866
-1344
-2356
-2237
-1354
-798
-406
232
666
317
-148
-150
489
1642
2575
2610
2032
1791
1845
1743
2067
3032
3367
2447
1295
958
1374
1897
2316
2220
1250
-48
-438
507
1757
2141
1417
341
-573
-737
261
1596
2232
1943
892
-1006
-2500
-2066
-13
2348
3142
1418
-1699
-3639
-3311
-1957
-861
-157
-238
-2300
-5082
-5967
-4298
-1914
-810
-1107
-2051
-2906
-3350
-3020
-1659
36
825
347
-696
-1023
-27
1090
1716
1976
1837
1404
867
933
1655
1998
1711
1433
1017
550
302
137
-215
-872
-1175
-1134
-1293
-1549
-1363
-982
-1225
-1761
-1836
-1392
-811
-322
-118
-169
-158
-37
162
567
1542
2642
2742
2093
1755
1858
2222
2686
3070
3171
2669
1858
1262
1307
1809
2108
1815
784
-185
-123
786
1672
1851
999
-206
-788
-726
271
1657
2102
1424
-277
-2277
-3077
-1642
1345
3495
2472
-1075
-3659
-3722
-2312
-919
-31
423
-722
-3821
-6436
-5742
-2546
-93
91
-1291
-2731
-3669
-4251
-3530
-1198
819
973
-480
-1785
-1738
-872
283
1382
1957
1494
365
-184
220
973
1639
2067
2082
1561
240
-909
-773
114
828
627
-312
-1446
-2201
-2025
-1104
2
344
-452
-1544
-1812
-1139
-413
157
680
702
364
496
1283
2250
2792
2437
1771
1607
2099
2874
3262
3202
2605
1633
1053
1306
2079
2422
1903
755
-201
-283
361
1181
1300
528
-514
-1086
-582
610
1328
1044
152
-819
-1779
-2078
-919
1380
2960
1538
-1715
-3566
-2792
-1012
-140
-32
-365
-1333
-3140
-4606
-4125
-1976
14
-12
-1480
-2928
-3680
-3632
-2655
-903
182
-114
-1211
-2001
-2096
-1661
-581
821
1734
1436
384
-341
-116
605
1172
1716
2147
2034
949
-389
-708
-7
751
740
190
-423
-927
-1007
-491
107
201
-204
-674
-789
-530
45
770
1152
945
477
361
867
1634
2099
2014
1857
1693
1379
1266
1324
1672
1918
1498
1120
1313
1498
1218
725
526
835
1199
1392
1352
913
251
-325
-345
250
944
1047
475
-241
-682
-906
-1242
-1315
-598
606
1083
58
-1708
-2716
-2194
-1062
-275
-211
-801
-1471
-2162
-2606
-2395
-1573
-718
-409
-790
-1585
-2113
-1921
-1070
-376
-419
-942
-1290
-1103
-660
-363
-248
-143
-70
57
-109
-340
-122
402
1027
1175
1074
804
375
198
354
765
963
944
704
268
-152
-359
-96
386
501
-27
-825
-1261
-1093
-539
55
487
607
334
29
-158
37
707
1334
1652
1520
1047
689
835
1159
1239
1162
1185
1330
1249
747
284
369
787
1168
1091
663
100
-197
-47
348
777
535
11
-531
-868
-576
46
315
-184
-867
-1089
-553
-175
-468
-1202
-1568
-1069
-609
-571
-849
-954
-1046
-1161
-1058
-879
-810
-928
-952
-723
-383
-664
-1272
-1361
-819
-246
-124
-344
-577
-509
-315
-163
-30
352
598
666
768
906
1009
925
1044
1125
910
394
194
524
986
1060
521
24
-363
-309
147
597
616
108
-455
-718
-470
-68
201
197
-40
-454
-587
-343
102
574
710
585
216
-93
-73
443
1071
1385
1194
786
609
517
441
395
671
1125
1396
1027
131
-620
-654
-35
509
612
144
-505
-1063
-1155
-722
13
544
399
-275
-1238
-1631
-1192
-164
654
625
-356
-1666
-2231
-1716
-421
290
49
-657
-1228
-1348
-1227
-882
-416
-132
-264
-541
-812
-878
-863
-598
-128
274
440
144
-179
-428
-335
195
896
1444
1556
1012
237
-27
209
865
1502
1880
1607
576
-394
-586
46
877
1128
694
-122
-968
-1044
-458
292
462
-181
-834
-1092
-790
-165
507
648
160
-436
-581
-156
158
200
121
220
445
386
269
395
575
377
-101
-178
405
1107
1115
494
-107
-236
105
421
531
206
-206
-545
-757
-449
-124
-32
-371
-968
-1207
-780
-153
79
-26
-363
-734
-1113
-1110
-659
136
770
445
-470
-1149
-988
-363
135
281
-36
-599
-886
-806
-452
64
152
-50
-211
-243
-290
-387
-291
146
891
1332
1235
739
302
281
648
1332
1818
1890
1316
336
-198
-80
628
1457
1702
1093
154
-576
-818
-275
441
815
499
-397
-1024
-1060
-482
204
474
162
-518
-1002
-1048
-449
232
245
-123
-486
-445
-139
34
252
326
159
-119
-253
25
523
717
430
129
-120
-184
-98
-41
18
20
14
-94
-235
-301
-372
-492
-477
-365
-87
129
-182
-762
-1196
-991
-468
-95
-116
-419
-532
-583
-494
-319
-268
-282
-177
64
272
193
-144
-276
-112
246
550
491
304
200
41
-49
-29
295
777
976
872
464
241
247
487
937
1237
1335
1059
638
343
336
732
1218
1362
1001
457
82
-12
226
415
275
-116
-615
-735
-512
-180
-104
-392
-694
-901
-939
-908
-602
-174
49
-181
-660
-863
-773
-451
-178
36
-5
-361
-781
-907
-467
-5
226
219
38
-178
-435
-663
-648
-311
78
191
-81
-493
-829
-998
-862
-448
-35
70
-315
-813
-1030
-872
-538
-340
-220
-339
-518
-653
-649
-348
-198
-156
-222
-270
-100
11
60
62
163
308
265
128
33
153
368
633
933
985
925
773
660
832
1002
1169
1255
1261
1269
1082
751
495
584
805
1008
1020
808
576
271
234
341
542
737
635
398
-8
-196
-27
294
474
178
-290
-624
-801
-753
-535
-333
-111
-125
-470
-848
-906
-529
-139
45
2
-189
-501
-643
-467
-149
147
99
-203
-656
-988
-963
-643
-154
34
-207
-609
-885
-984
-937
-761
-468
-147
-145
-475
-835
-908
-625
-297
-164
-267
-501
-679
-707
-483
-116
3
-111
-340
-474
-365
-132
172
425
523
370
64
-114
103
523
821
889
751
618
503
470
521
706
946
1037
1028
940
873
900
1028
1150
1298
1341
1221
1052
887
981
1115
1050
873
749
679
641
488
242
132
2
34
88
78
63
-145
-313
-388
-385
-251
-53
32
-86
-442
-715
-670
-444
-122
43
-33
-392
-747
-753
-474
-133
3
-121
-437
-757
-873
-728
-484
-308
-349
-729
-1154
-1301
-1186
-794
-380
-324
-668
-1262
-1477
-1151
-659
-326
-336
-532
-882
-1155
-1097
-697
-182
47
-99
-448
-696
-624
-290
53
216
73
-147
-259
-164
152
406
519
439
357
385
525
665
672
676
723
820
817
712
650
718
770
747
772
738
670
552
477
650
900
975
837
639
531
432
417
590
773
791
574
365
342
426
463
388
301
221
141
51
-2
28
62
36
-38
-111
-66
-55
-132
-248
-340
-298
-246
-150
-134
-234
-381
-541
-591
-467
-177
22
-14
-337
-605
-685
-595
-423
-375
-343
-487
-789
-1027
-930
-626
-358
-318
-635
-979
-1118
-913
-521
-113
22
-255
-742
-1039
-790
-219
311
303
-113
-498
-617
-419
-59
293
386
255
-14
-129
59
320
479
555
637
684
595
376
331
449
662
756
568
382
313
374
445
561
724
770
648
404
197
162
300
518
714
640
371
90
-53
131
383
485
330
-25
-300
-371
-228
41
262
153
-190
-439
-489
-324
-79
37
-70
-274
-416
-379
-228
-126
-91
-199
-367
-451
-393
-209
-66
-34
-168
-320
-342
-240
-151
-152
-104
-133
-271
-407
-332
-150
-69
-93
-180
-189
-265
-266
-207
-98
-2
-128
-260
-357
-213
-8
9
-30
-31
-8
-57
-103
-45
178
327
348
240
115
85
84
235
453
666
625
310
-10
12
344
656
716
447
232
113
195
355
512
673
600
313
-66
-114
120
463
665
556
278
-21
-107
53
266
315
244
-15
-230
-330
-298
-81
38
-26
-346
-630
-735
-607
-360
-204
-190
-401
-640
-743
-631
-458
-316
-371
-522
-610
-672
-554
-427
-343
-342
-383
-385
-387
-427
-412
-284
-207
-184
-275
-315
-218
-106
-53
3
45
-30
-101
-149
-74
-34
-22
-11
49
210
157
35
-45
67
258
224
171
199
347
481
508
437
391
432
473
556
604
643
649
551
458
499
690
873
852
583
323
253
369
607
810
864
735
390
38
6
284
663
802
630
338
40
-19
150
382
531
473
185
-212
-338
-177
51
167
7
-315
-576
-634
-542
-412
-337
-357
-504
-723
-856
-792
-609
-492
-515
-717
-879
-878
-753
-546
-437
-461
-529
-614
-678
-677
-598
-458
-414
-396
-399
-449
-473
-554
-477
-252
-55
-48
-258
-413
-346
-163
-106
-68
36
104
-14
-219
-229
-36
198
235
117
16
35
116
192
265
364
411
356
363
346
392
465
498
570
576
538
458
361
303
387
453
445
448
440
511
477
384
310
250
393
528
505
404
268
270
351
384
429
407
296
164
103
130
228
282
157
2
-118
-167
-129
-70
-8
-3
-156
-409
-526
-475
-329
-255
-308
-433
-577
-626
-656
-620
-502
-390
-280
-306
-426
-486
-495
-441
-325
-208
-161
-183
-219
-234
-255
-253
-147
-87
-86
-96
-152
-168
-148
-93
10
152
224
146
-45
-131
-2
157
288
337
357
297
136
12
99
357
574
612
395
214
147
226
411
584
710
626
385
75
-17
142
334
463
443
282
86
-24
-49
46
158
232
178
2
-104
-50
138
281
300
175
17
-136
-192
-129
1
195
186
-20
-347
-571
-540
-349
-94
22
-78
-397
-701
-767
-585
-321
-180
-204
-417
-665
-752
-662
-464
-288
-240
-324
-499
-619
-571
-379
-188
-133
-206
-290
-319
-345
-321
-221
-41
89
51
-76
-162
-107
24
117
109
71
30
35
82
104
145
192
264
332
357
364
363
313
284
297
384
553
594
511
432
392
380
444
562
670
721
596
340
148
189
392
536
544
444
253
77
-12
78
273
372
309
51
-115
-94
76
271
303
218
14
-132
-172
-91
126
277
204
24
-179
-328
-283
-130
69
93
-45
-289
-559
-601
-437
-178
-46
-147
-457
-776
-897
-759
-485
-258
-131
-271
-545
-743
-764
-512
-185
-63
-188
-447
-639
-633
-449
-168
-7
-34
-225
-390
-396
-247
9
102
52
-53
-169
-217
-98
111
241
266
88
-70
-97
36
297
425
423
301
170
189
309
469
584
553
432
351
315
387
480
497
392
207
176
205
280
363
344
282
172
33
-13
96
236
367
309
169
99
59
119
173
247
255
164
54
13
102
245
344
304
174
-23
-75
20
190
347
301
104
-157
-269
-203
-40
104
99
-95
-339
-522
-547
-361
-135
22
-98
-401
-637
-634
-403
-129
27
-52
-279
-522
-535
-394
-169
34
5
-158
-371
-445
-348
-131
74
96
-68
-286
-375
-234
77
274
240
21
-245
-310
-114
124
285
297
159
-6
-124
-55
122
268
290
185
43
-33
33
169
295
327
223
51
-11
47
130
142
101
75
1
-72
-166
-152
-21
66
107
44
-76
-117
-124
-88
-8
61
141
92
17
27
58
112
119
31
-38
-3
32
80
60
2
-25
-77
-99
-115
-46
26
0
-106
-255
-318
-224
-57
19
-49
-212
-349
-421
-399
-274
-116
-41
-163
-370
-487
-399
-127
94
100
-9
-143
-228
-182
-40
113
172
73
-68
-142
-86
106
258
296
145
-88
-142
6
286
480
473
312
93
-42
49
266
462
535
393
197
20
3
167
345
440
359
169
25
32
119
193
226
271
268
167
54
-3
74
197
281
250
120
11
-55
-58
10
141
213
187
103
-12
-102
-42
127
195
174
113
41
-7
-3
66
121
72
-19
-85
-135
-92
-82
-140
-166
-200
-244
-238
-191
-176
-228
-285
-243
-166
-108
-138
-240
-310
-336
-305
-257
-184
-168
-227
-318
-364
-337
-276
-155
-99
-123
-207
-276
-252
-142
0
65
55
-125
-229
-140
-17
77
86
58
-16
-71
-155
-139
-10
21
20
7
-38
-71
19
87
46
0
33
55
1
-5
-41
-4
85
84
19
-86
-132
-122
-29
101
127
66
10
25
15
11
128
234
256
266
180
50
38
84
169
274
259
149
125
198
251
234
201
165
223
334
321
248
163
107
89
103
155
131
74
34
-54
-83
-16
8
24
39
-5
-95
-155
-127
-93
2
62
-31
-116
-105
-37
-30
-81
-109
-190
-235
-200
-118
-35
-42
-102
-200
-263
-283
-186
-74
3
-7
-117
-139
-183
-187
-168
-16
-19
10
-64
-15
67
-1098
-2035
-1316
1161
2023
40
-1393
-974
323
274
-341
-647
-238
430
556
317
-601
-619
-132
634
1053
303
-181
-422
-283
-365
-614
-237
457
752
245
-150
105
273
22
-197
-319
-164
-140
175
401
-106
-6
402
310
70
47
89
274
281
146
121
96
447
668
403
103
117
411
232
-471
-556
-274
-183
-35
167
231
-241
-548
-47
315
-249
-883
-457
604
537
-406
-764
-59
1043
742
-182
-143
398
191
-347
-206
210
116
-642
-249
740
784
266
-441
-493
-231
-225
-175
42
234
-32
-665
-707
-118
320
116
-403
-177
287
117
-369
-548
-52
367
282
393
606
381
25
-132
-54
341
390
394
514
242
107
-87
-77
250
358
286
69
1
7
-158
-149
116
479
599
319
217
107
-16
169
293
388
377
221
213
233
214
219
147
177
331
402
354
36
-143
77
150
180
360
366
287
111
-118
3
267
413
147
-250
-120
101
109
79
58
19
8
92
-39
-132
16
263
434
55
-383
-406
-69
171
13
-190
-372
-352
-265
-252
-366
-431
-293
-309
-284
-304
-466
-396
-220
-272
-263
-180
-367
-348
-240
-298
-272
-260
-206
-179
-360
-367
-141
-158
-75
22
-239
-324
-261
-52
332
188
-209
-207
-149
-7
61
-121
56
209
43
-73
-212
-162
35
95
200
327
159
-108
-146
-18
138
129
162
313
290
217
103
1
120
266
243
189
231
237
130
23
-4
162
284
299
432
369
168
-7
34
420
461
182
28
48
110
-18
-142
-57
165
228
72
-188
-298
-164
-85
-75
-103
-28
-61
-296
-286
-233
-299
-283
-331
-390
-330
-421
-509
-437
-315
-250
-388
-460
-423
-386
-361
-398
-290
-172
-251
-377
-491
-456
-233
-96
-169
-318
-508
-599
-460
-306
-141
-62
-105
-152
-302
-399
-389
-267
-76
42
20
-230
-250
-112
-159
-88
-38
-47
-31
-31
36
53
-20
-78
46
170
217
290
256
205
67
-2
155
208
217
309
367
364
311
188
206
341
355
433
532
413
338
366
260
289
408
452
565
603
562
329
89
148
375
565
440
233
165
220
208
17
48
197
192
104
59
70
-52
-170
-117
-1
86
-5
-109
-45
-23
-182
-381
-427
-237
23
99
-37
-207
-214
-111
-146
-307
-125
86
-10
-35
-140
-215
-132
-56
-26
3
16
-129
-172
-113
-49
-81
-205
-63
-19
-115
6
94
103
91
27
18
6
-82
-99
-50
88
241
275
159
76
83
31
52
28
216
455
282
68
-1
149
193
-23
-29
165
365
456
276
32
-24
70
185
224
320
365
282
160
85
209
280
311
278
180
292
302
52
-172
-148
48
228
261
7
-221
-235
-108
-18
-87
-162
-247
-144
-48
-218
-313
-312
-261
-178
-155
-130
-130
-156
-191
-355
-427
-244
-28
34
-68
-243
-351
-177
-69
-125
-76
-90
-56
-35
-197
-344
-291
-80
159
147
-110
-201
-201
-92
66
61
74
74
16
-5
-1
64
194
226
113
-37
-31
153
208
72
37
127
204
191
39
-12
93
196
239
189
120
85
114
249
301
167
110
130
130
112
123
154
99
43
-36
-76
-9
162
196
13
-44
19
112
174
147
45
-38
-118
-189
-148
2
-58
-289
-162
-86
-260
-382
-472
-427
-250
-264
-391
-414
-559
-521
-354
-324
-241
-366
-501
-352
-271
-286
-320
-331
-180
-175
-295
-262
-255
-238
-220
-259
-233
-199
-235
-204
-126
-114
-54
-169
-326
-216
-99
-41
-52
-140
-123
-45
-20
-9
-4
38
99
182
263
254
210
240
229
127
192
238
316
469
308
122
35
4
230
342
236
228
188
181
179
73
85
165
261
313
239
163
199
176
91
212
275
188
184
151
109
131
148
111
70
68
46
93
147
69
-24
-46
-4
2
-54
-95
-154
-123
-62
-138
-166
-148
-127
-92
-122
-89
-127
-161
-39
-5
-43
-77
-92
-80
-5
63
4
-73
-136
-106
-37
-23
22
-9
-48
-26
-37
-58
-41
33
27
-21
-1
42
111
61
-9
47
82
123
136
111
164
198
150
153
138
93
63
115
221
200
213
207
183
185
175
223
291
342
213
65
38
97
191
173
60
-13
13
12
26
98
120
159
136
35
90
93
30
88
111
145
157
24
-75
18
68
56
59
-45
-81
-35
-43
-65
-50
-73
-88
-44
-78
-132
-165
-103
6
52
79
-23
-142
-117
-22
-1
-32
-4
22
57
34
-72
-113
-68
-5
-2
4
24
-1
-30
-88
-111
-52
-4
21
-34
-92
-45
-27
-44
-23
-62
-80
-67
-104
-51
10
13
34
-5
-42
-7
25
61
108
84
18
31
53
55
33
-20
7
97
151
59
-31
-51
-79
-96
-41
33
26
-29
-122
-103
-52
-49
-60
-112
-80
-61
-121
-145
-89
-67
-118
-152
-137
-84
-46
-94
-96
-38
-92
-122
-161
-178
-59
-72
-155
-158
-191
-222
-156
-119
-72
-2
-89
-136
-78
-41
-17
-11
10
-5
-76
-88
-65
-75
-57
-17
-12
4
5
-85
-125
-83
-92
-58
14
2
-3
-60
-132
-105
-61
-2
8
21
39
-33
-77
-70
-33
11
0
14
80
41
-10
30
38
86
90
16
58
91
73
101
89
74
134
180
141
62
-8
2
73
94
45
-12
28
61
-11
-76
-101
-34
77
67
-9
-62
-46
49
83
30
-68
-152
-114
-25
33
36
8
-37
-69
-50
-69
-61
-8
25
61
44
8
-33
-75
-34
47
137
149
55
-20
-15
23
43
64
98
131
136
89
47
71
123
140
117
78
35
-2
12
50
85
116
72
5
-4
-5
-38
8
109
126
85
-39
-109
13
123
117
73
25
10
51
41
52
129
145
164
133
55
13
-1
86
182
160
99
76
62
62
72
79
123
127
75
32
3
9
26
22
-8
-22
-61
-63
-10
-16
-39
-72
-63
-28
-11
-26
-88
-103
-55
-47
-67
-74
-135
-168
-135
-58
-25
-27
-102
-211
-129
-102
-109
-71
-95
-76
-35
-30
-94
-106
-99
-63
3
-6
3
14
35
20
-52
-33
59
71
61
33
-42
-36
5
32
63
77
58
20
-23
-58
-23
46
97
99
29
17
68
31
13
42
65
115
116
31
-15
41
115
170
129
99
151
169
149
91
62
108
154
136
117
71
78
132
100
68
19
17
92
118
73
-4
-34
16
71
38
-26
-54
-60
-44
-61
-82
-29
4
-1
-26
-97
-109
-79
-87
-89
-75
-60
-58
-102
-154
-146
-170
-181
-136
-121
-124
-141
-167
-210
-234
-202
-151
-112
-91
-118
-174
-171
-144
-79
-54
-97
-105
-102
-80
-103
-127
-109
-99
-67
-62
-107
-132
-123
-143
-92
-27
-95
-115
-81
-45
39
35
-67
-101
-39
30
63
59
15
-15
7
31
52
66
39
23
97
185
173
77
24
93
157
145
103
60
63
63
70
96
138
123
51
27
21
81
132
111
89
60
9
7
47
21
61
94
61
47
23
37
79
92
44
6
16
73
91
53
18
-30
-40
-16
6
-1
-2
-7
-27
-62
-106
-95
-30
32
17
-57
-100
-73
-15
42
32
-19
-58
-93
-39
-8
-1
-13
-46
-13
-22
-60
-81
-59
-29
-24
-28
-79
-127
-125
-100
-50
48
71
0
-82
-92
-14
55
99
69
6
16
50
18
-30
27
133
153
120
64
-9
33
98
111
145
153
104
73
57
53
94
81
77
77
29
6
-28
-30
58
92
27
12
25
31
20
20
90
105
65
9
-34
-31
26
53
14
-7
1
44
42
-3
-48
-32
30
44
-33
-98
-44
-2
-17
-55
-85
-48
5
39
13
-45
-60
-33
-28
-54
-14
26
-6
-14
-35
-51
8
11
-48
-43
10
15
-31
-50
-51
-41
-24
-56
-88
-59
-41
-57
-67
-43
-8
-11
-34
-63
-15
65
43
-4
-33
-40
33
80
35
5
47
74
58
43
17
34
88
95
47
7
14
25
44
68
28
-36
-73
-52
0
26
15
-12
-51
-101
-83
-15
25
58
58
-45
-128
-99
-64
3
55
26
-15
-23
-10
-46
-49
-12
-11
16
25
-48
-95
-43
-5
-39
-47
-7
10
23
-2
-58
-65
-18
0
4
19
-16
-15
1
14
11
2
44
16
-40
-5
40
30
26
2
-45
-57
-2
41
-17
-13
-12
-50
-23
-36
-29
13
-10
-16
21
40
65
78
69
59
53
79
101
102
68
43
56
82
116
118
104
87
76
79
68
48
39
67
79
48
12
-20
11
67
66
40
12
5
10
11
23
12
29
59
8
-50
-39
28
42
28
26
-26
-45
-23
-31
-24
17
29
36
10
-32
-46
-66
-36
-1
7
4
-41
-95
-95
-52
-30
-31
-23
-25
-23
-29
-47
-18
5
4
-25
-85
-76
-25
-12
-33
-41
-56
-59
-40
-79
-122
-69
1
-13
-62
-111
-133
-81
-8
-30
-97
-113
-121
-101
-81
-85
-77
-34
21
-30
-112
-105
-60
-31
-39
-61
-60
-57
-74
-97
-128
-149
-77
-44
-79
-59
-79
-118
-95
-100
-122
-58
-24
-46
-55
-100
-107
-64
-17
4
-54
-82
2
19
-2
21
-34
-51
6
25
24
-4
-7
38
46
25
12
6
54
122
97
37
48
54
67
102
85
80
123
139
88
45
62
87
121
163
142
77
100
125
83
95
132
120
120
162
107
41
109
120
64
98
132
84
84
87
59
67
62
80
90
73
92
69
62
129
101
56
76
49
58
112
100
66
77
102
74
58
86
63
41
65
68
43
24
33
5
29
89
44
20
52
13
-43
-5
24
0
14
28
-6
-24
-11
-20
-34
-44
-36
-21
-42
-84
-102
-63
-39
-66
-106
-94
-62
-57
-37
-59
-103
-70
-23
-48
-77
-51
-31
-48
-35
-20
-34
-37
-32
11
42
18
-9
-27
-30
-18
16
90
79
3
18
38
38
57
72
71
65
54
44
78
83
70
98
122
105
48
35
53
58
96
115
82
41
51
75
62
68
80
80
51
56
71
40
16
22
46
26
14
0
-51
-66
-35
-23
-48
-58
-73
-73
-57
-74
-86
-103
-89
-40
-67
-119
-113
-103
-86
-75
-104
-115
-101
-110
-98
-88
-91
-78
-88
-100
-108
-104
-93
-81
-84
-115
-116
-103
-83
-72
-94
-129
-128
-84
-94
-130
-118
-110
-115
-81
-84
-125
-117
-103
-126
-142
-109
-75
-77
-91
-122
-158
-147
-99
-95
-94
-85
-83
-66
-112
-163
-115
-64
-48
-37
-56
-98
-107
-75
-53
-59
-32
-17
-58
-51
-29
-53
-51
-39
-49
-8
8
-29
-25
-43
-56
-21
15
25
2
-14
15
40
13
-4
7
-4
-4
36
66
63
29
16
34
53
79
71
101
125
95
68
48
74
116
153
153
129
126
117
113
106
122
144
138
152
166
130
136
153
138
161
168
176
181
164
147
140
169
182
168
151
161
184
161
149
177
172
145
118
134
163
146
121
78
91
115
121
153
101
45
79
118
86
56
47
19
34
60
52
24
-5
-13
-14
-18
18
16
-53
-53
-29
-20
-40
-87
-72
-32
-46
-50
-17
-39
-75
-97
-88
-70
-60
-22
-21
-49
-52
-71
-76
-38
-23
-45
-62
-79
-69
-41
-48
-57
-47
-58
-38
9
4
-34
-49
-20
4
-25
-45
-12
21
35
12
-4
11
8
-2
-2
30
33
32
37
8
10
30
44
56
57
72
74
51
31
12
22
52
84
75
15
16
30
22
32
16
6
35
53
32
21
1
-17
27
57
36
1
-30
-31
10
38
-4
-73
-50
7
-15
-17
-10
-54
-65
-7
0
-43
-33
-12
-2
8
-7
-28
-56
-40
-14
-27
-13
-32
-51
-35
-55
-49
-38
-58
-48
-14
-15
-42
-47
-36
-16
-12
-26
-33
-49
-62
-45
-13
-11
-59
-75
-56
-66
-23
34
-16
-64
-47
-40
-17
2
-7
-15
-24
-14
-18
-26
-20
-32
-32
-20
-43
-55
-46
-49
-19
12
-35
-79
-71
-69
-70
-37
-19
-34
-45
-54
-48
-47
-55
-50
-40
-37
-78
-95
-51
-50
-50
-44
-69
-65
-55
-47
-35
-44
-55
-57
-57
-40
-32
-60
-72
-57
-52
-48
-36
-30
-52
-76
-53
-28
-25
-34
-49
-56
-50
-29
-16
-38
-70
-28
12
-33
-41
-60
-66
-12
12
7
-17
-19
-12
-24
-27
-10
6
34
51
24
-5
2
12
9
37
51
43
41
33
23
1
27
35
40
94
79
26
12
17
38
72
67
46
37
28
32
45
30
41
39
31
77
37
17
34
12
28
38
27
43
66
46
50
53
34
39
27
25
31
39
41
29
31
45
6
2
48
54
74
57
8
10
15
18
42
43
33
26
21
47
60
26
2
15
24
39
29
34
61
45
53
44
20
52
63
64
51
8
19
42
25
38
33
24
63
43
45
58
26
46
54
25
42
72
28
26
52
29
46
42
24
35
34
34
11
-23
-5
22
19
11
-9
-19
4
0
-6
-1
-49
-59
-18
-4
-13
-35
-48
-49
-34
-22
-41
-54
-27
-28
-33
-22
-66
-88
-56
-27
2
20
-27
-58
-24
-39
-45
-27
-15
10
6
2
-17
-53
-31
12
48
44
-12
-26
7
28
42
51
35
32
39
39
40
44
55
57
35
29
32
22
32
48
50
51
39
38
68
61
42
45
26
28
61
83
66
30
6
20
57
66
48
20
2
3
41
61
21
3
11
1
12
36
-5
-26
-1
-7
-21
-30
-41
-33
-4
10
-30
-81
-78
-89
-77
-29
-43
-91
-114
-99
-101
-108
-104
-116
-85
-43
-64
-131
-166
-144
-131
-109
-82
-104
-121
-119
-129
-145
-147
-133
-130
-110
-112
-150
-151
-116
-105
-123
-116
-102
-108
-91
-66
-80
-118
-114
-100
-108
-78
-63
-111
-129
-93
-67
-68
-79
-86
-79
-58
-8
-5
-67
-87
-49
-35
-39
-20
-18
-13
-17
-10
-3
-38
-24
16
39
76
46
-7
11
55
66
77
80
28
27
69
68
44
63
85
52
70
91
55
55
106
105
50
55
57
47
80
84
52
56
92
96
56
28
12
28
107
126
91
85
44
18
54
81
79
74
56
39
62
67
46
40
23
29
83
91
53
15
21
60
59
30
22
45
53
62
71
29
-3
13
46
53
53
37
27
47
56
32
3
13
39
50
61
65
25
-7
23
48
46
71
64
18
62
93
38
7
51
63
54
110
103
38
17
52
72
89
86
66
101
104
75
86
82
63
97
105
64
57
61
90
108
81
54
62
68
55
70
82
81
85
67
34
15
34
41
27
53
67
37
-7
-18
-14
-14
35
30
-19
-10
-21
-17
-7
-49
-93
-67
-29
-42
-31
-55
-100
-67
-48
-77
-75
-56
-79
-85
-56
-80
-116
-91
-85
-97
-64
-52
-72
-67
-66
-107
-109
-71
-92
-84
-51
-58
-87
-100
-70
-68
-60
-39
-53
-58
-53
-60
-62
-64
-57
-33
-19
-14
-5
-35
-65
-48
-41
-40
-25
6
16
-17
-33
-20
-16
-21
-20
-24
-19
4
-4
-4
-5
-46
-58
-49
-28
4
1
-11
-35
-36
-25
-40
-38
-51
-58
-34
-8
-16
-66
-63
-64
-51
-3
-17
-34
-55
-59
-33
-29
-46
-60
-47
-42
-43
-34
-40
-52
-27
-12
-26
-35
-27
-12
-31
-29
-1
-8
-39
-29
-12
-48
-36
13
-6
-39
-19
-14
-20
-2
19
24
-1
0
-5
-35
-25
21
41
25
17
4
8
26
7
-31
3
42
20
28
32
-7
-12
26
28
27
39
45
47
34
41
62
50
30
36
37
46
47
44
64
49
21
37
45
12
22
53
53
27
26
61
21
7
39
10
-13
27
54
-3
-35
-9
1
0
7
8
-19
-56
-28
-1
-37
-20
-12
-41
-64
-70
-46
-51
-64
-55
-45
-26
-37
-60
-48
-77
-79
-30
-37
-66
-65
-38
-61
-76
-46
-68
-80
-37
-44
-80
-50
-20
-20
-30
-27
-48
-69
-25
5
-2
-7
23
2
-37
17
18
-23
-24
-10
8
22
6
-27
-14
5
21
32
9
-3
17
59
54
34
56
22
7
42
61
66
48
61
53
28
54
58
32
42
66
48
31
51
42
34
81
82
57
70
63
61
72
64
61
63
85
92
76
69
29
25
71
75
53
52
82
80
69
69
21
7
58
69
60
56
46
36
22
41
39
15
35
34
24
11
6
19
0
0
-3
-7
13
11
17
-21
-43
-9
-38
-51
-13
-16
-55
-45
-35
-64
-47
3
-15
-63
-40
-28
-53
-53
-51
-55
-45
-31
-29
-29
-67
-83
-56
-26
-20
-32
4
-8
-53
-38
-26
-31
-30
10
8
-33
-4
18
-4
-15
-19
-14
-24
-30
-9
-17
-8
1
-10
-6
-18
-7
10
-2
8
31
-3
-23
10
27
9
14
21
-19
4
32
10
17
20
28
19
16
15
3
17
22
33
30
19
33
15
-3
32
29
0
31
35
-2
10
23
-18
-32
-5
-16
-14
32
7
-28
5
13
-17
-16
-5
-39
-43
-18
-49
-69
-38
-27
-36
-28
-60
-98
-75
-19
-9
-37
-38
-59
-87
-64
-36
-41
-54
-47
-39
-57
-70
-68
-63
-40
-46
-58
-49
-67
-47
-23
-21
-17
-47
-57
-48
-42
-35
-52
-63
-46
-34
-28
-30
-34
-38
-37
-8
-14
-32
-14
-8
3
19
-6
-26
-37
-38
-9
16
28
0
2
15
-29
-13
-16
-46
-16
34
33
-28
-36
-21
-19
7
14
-16
-20
13
30
17
-24
-21
11
13
22
38
3
1
63
63
38
68
74
38
56
73
51
46
64
88
100
87
57
39
40
59
81
93
87
60
63
67
53
67
99
92
80
111
109
73
82
98
97
91
92
106
84
90
139
118
90
110
122
112
88
102
123
101
99
105
96
79
91
125
91
58
60
28
47
84
67
78
103
65
9
38
76
45
60
92
53
22
50
51
33
40
58
60
63
56
13
29
25
-19
8
37
2
6
39
-5
-24
-1
-21
-42
-12
-16
-57
-60
-58
-44
-35
-53
-71
-70
-98
-90
-59
-86
-91
-85
-69
-78
-85
-72
-96
-95
-60
-64
-78
-74
-86
-74
-57
-66
-70
-66
-87
-89
-57
-61
-60
-64
-102
-129
-107
-95
-109
-88
-71
-83
-122
-126
-100
-104
-95
-84
-95
-98
-110
-98
-60
-68
-67
-58
-62
-75
-71
-24
-19
-28
-14
-40
-29
15
-24
-27
26
4
-28
10
30
-11
-16
12
9
9
27
31
2
-16
7
31
16
16
13
-10
-4
-37
-28
13
-5
-6
-4
-16
-41
-35
1
-11
-5
21
9
5
-7
-27
-34
-35
-39
-34
-3
-9
-38
-32
-30
-43
-23
-3
-42
-18
11
-25
-28
-43
-63
-23
9
-17
-33
-18
-32
-23
12
3
-5
-3
-1
22
36
33
27
18
15
26
22
5
19
41
36
18
14
13
17
48
76
59
30
31
34
14
42
57
26
40
30
14
41
33
20
33
56
57
37
39
43
49
64
73
64
39
64
83
55
76
63
18
48
85
78
55
63
83
52
36
71
74
50
50
82
65
30
46
31
34
59
24
12
37
33
53
85
76
27
20
80
77
59
75
39
1
26
54
52
42
37
38
21
36
65
44
37
65
61
52
34
22
28
27
52
31
-3
-3
-6
11
0
-44
-52
-15
-15
-13
19
-18
-32
-1
-17
-34
-42
-46
0
3
-46
-48
-53
-70
-47
-23
-26
-21
-11
-12
0
3
2
-4
-13
-13
-8
-14
-47
-45
-8
-10
-23
4
15
-30
-40
-12
-5
-16
-1
33
17
4
-16
-54
-19
-6
-29
-8
-9
-30
-41
-31
-28
-76
-67
-13
-39
-45
11
-14
-50
-20
-35
-57
-50
-52
-44
-63
-80
-70
-63
-62
-93
-89
-73
-93
-77
-63
-48
-50
-69
-56
-58
-67
-60
-59
-55
-47
-37
-45
-63
-44
-31
-26
-35
-50
-41
-50
-47
-1
8
-13
8
7
-10
6
6
8
27
36
20
-6
10
41
16
24
46
19
29
51
51
78
86
46
49
50
33
47
65
64
56
56
32
18
26
35
48
42
13
28
49
46
65
47
23
17
33
58
41
28
17
7
25
44
28
9
-9
-25
-14
19
22
0
16
17
1
16
19
6
18
20
7
26
28
3
-11
9
13
-8
-4
0
-10
-8
3
8
9
-12
-29
-7
-7
-21
-11
-1
5
-2
-34
-50
-35
-21
-28
-16
-11
-34
-24
-9
-16
-10
0
-3
-17
-20
-16
-6
27
25
10
15
8
2
-5
-4
19
4
1
18
-1
-17
-11
-4
-6
19
45
28
4
-8
-6
5
13
11
-25
-45
-12
-18
-29
-5
-9
-28
-46
-32
-10
-12
6
29
28
16
13
13
23
36
31
39
38
-8
-13
20
26
61
60
20
32
39
46
78
80
71
48
28
45
38
36
41
4
0
19
28
36
37
26
-2
-4
21
39
41
52
48
47
53
16
-4
27
18
-3
21
1
-21
-7
-22
-22
-2
-12
-26
3
28
14
0
9
4
-16
-11
-18
-23
-12
-42
-52
-34
-75
-82
-43
-33
-24
-12
-22
-32
-29
-49
-40
-11
-21
-37
-53
-66
-71
-50
-41
-52
-34
-52
-81
-48
-31
-47
-50
-38
-30
-51
-37
-2
-31
-42
-21
-52
-60
-33
-40
-46
-54
-47
-32
-60
-62
-42
-22
-1
9
17
7
-5
1
16
-1
-18
15
25
13
14
-7
-15
-9
-2
11
16
17
9
-7
-5
23
40
28
2
7
50
32
27
45
21
9
23
49
31
17
39
45
46
69
84
78
69
42
52
101
102
74
70
74
59
51
63
67
61
66
67
68
71
61
69
75
74
73
66
68
54
37
44
37
38
40
22
18
25
16
11
29
36
20
18
26
33
29
17
27
23
4
10
22
13
-5
-18
-25
-35
-56
-59
-33
-24
-28
-26
-29
-34
-47
-68
-67
-59
-57
-57
-73
-73
-75
-78
-71
-69
-51
-48
-65
-53
-51
-55
-34
-55
-62
-48
-65
-64
-46
-36
-33
-45
-50
-38
-44
-41
-38
-41
-35
-38
-42
-32
-38
-52
-25
-17
-30
-29
-50
-54
-33
-14
0
-10
-11
5
-15
-6
23
12
-10
6
20
10
20
5
-3
-2
5
39
42
28
39
54
44
32
32
29
32
36
29
22
6
13
25
11
13
23
19
12
32
56
47
26
14
43
22
-26
15
42
3
-4
0
-27
-35
-18
4
6
1
-7
-31
-31
-19
-39
-46
-15
-25
-62
-69
-70
-59
-46
-43
-58
-72
-58
-63
-62
-16
-31
-68
-31
7
-22
-41
-11
-31
-50
-33
-31
-31
-40
-38
-27
-17
7
19
23
28
14
-3
16
36
37
31
20
22
3
2
18
20
36
47
37
19
14
32
21
25
72
48
14
47
59
24
12
32
3
-21
12
25
13
12
8
11
22
32
26
14
24
20
16
45
56
22
7
19
22
40
53
31
17
30
29
36
42
25
40
58
47
61
56
27
59
67
24
25
35
26
11
25
30
5
13
32
13
11
28
-7
-17
12
-16
-11
36
16
1
6
2
0
-2
5
-29
-35
5
-11
-27
0
4
-23
-16
0
2
13
-4
3
31
11
-24
-5
20
-5
-16
3
-6
5
11
0
19
1
-45
-40
-13
-24
-9
43
8
-25
1
-1
-3
-2
7
5
-21
-13
-5
-15
6
-1
-28
7
18
-50
-37
11
-19
-15
20
14
-18
-31
-37
-37
-15
-6
-13
-27
-20
-42
-69
-29
-20
-44
-29
-22
-25
9
7
-37
-20
10
-14
-30
-17
-12
-19
-22
14
-6
-41
-11
-35
-47
-8
-24
-36
5
21
6
-8
-37
-14
18
-20
1
39
-7
-26
-20
-18
-14
-37
-36
1
-1
-11
3
6
19
19
10
28
-7
-19
50
43
18
77
68
-5
24
73
35
29
69
63
57
88
103
79
59
65
69
81
77
44
52
91
64
24
45
48
19
7
26
56
47
25
52
49
-5
-44
-16
42
-7
-44
10
7
-39
-11
3
-30
-20
-45
-53
-10
-39
-40
-6
-17
-31
-66
-72
-61
-70
-25
-5
-45
-33
-17
-59
-58
-38
-59
-38
-38
-55
-36
-54
-85
-78
-60
-65
-94
-92
-53
-58
-77
-53
-40
-50
-65
-73
-36
-35
-67
-42
-20
-49
-69
-44
-36
-76
-78
-43
-37
-58
-36
3
-2
2
-15
-45
-10
8
-53
-40
24
-5
-8
24
14
1
-35
-32
33
57
38
28
36
59
39
6
43
64
42
50
51
37
60
65
49
61
69
44
34
68
89
67
59
87
89
53
6
5
40
19
13
65
56
22
5
7
22
8
-2
23
44
15
-34
-32
16
9
-36
4
26
-34
-19
15
-10
-2
18
18
22
18
15
30
33
3
3
28
16
8
27
33
-6
-7
61
70
33
48
85
60
20
56
86
69
46
32
47
48
36
32
43
44
-7
-23
21
14
-16
18
63
68
22
-11
30
36
5
15
-4
-10
5
-31
-5
24
-58
-63
18
29
20
-6
-8
33
-6
-27
8
-14
-22
-8
-12
-9
-57
-76
-17
-40
-91
-51
-29
-61
-51
-29
-15
-37
-66
-30
-33
-39
-31
-94
-86
-33
-78
-94
-70
-60
-44
-83
-82
-1
-32
-102
-29
25
-22
-67
-47
32
-2
-95
-47
-7
-50
-80
-64
-12
-7
-72
-91
-9
34
-19
-58
-52
9
24
-61
-70
7
7
-58
-41
26
-6
-63
-12
61
42
-18
-17
17
44
10
-32
11
31
30
63
60
35
24
24
44
62
59
72
69
51
58
4
-12
52
13
-10
41
34
0
-29
-14
39
13
-7
47
70
32
0
-18
7
15
-34
13
46
-30
-53
-47
-43
14
6
-33
-2
26
33
18
-18
15
60
8
-25
-5
-15
-22
-36
-44
-9
-22
-53
-25
6
17
3
-16
18
62
30
-18
9
33
17
-3
7
19
-4
-17
-9
-2
-4
3
4
10
39
50
12
11
66
80
44
15
53
100
69
0
21
87
30
-29
45
95
43
9
41
57
-9
-33
40
42
-3
4
48
54
-16
-22
45
36
-16
-36
17
73
21
-40
-6
47
15
-23
-7
29
34
-8
14
62
17
-2
23
36
58
28
16
57
35
7
54
45
-16
20
64
45
31
15
48
62
11
38
39
-7
7
39
42
5
-45
-47
17
-17
-88
-7
3
-56
-35
-43
-36
-19
-45
-9
-5
-56
-60
-54
-42
-39
-63
-45
-20
-75
-98
-67
-62
-44
-74
-82
-4
-23
-83
-86
-86
-40
-28
-79
-52
-12
-37
-63
-74
-50
-24
-76
-57
22
-28
-72
-80
-58
17
-12
-73
-51
-30
-32
-49
-66
-37
-1
-12
-34
-7
7
-20
-52
-28
46
26
-38
-23
24
-2
-44
-25
11
12
-17
-9
23
7
-37
-25
39
26
-9
4
-20
-6
39
30
-3
-6
27
18
27
29
5
46
52
15
16
35
35
0
-2
28
12
16
29
29
43
38
2
-1
59
32
0
50
37
-5
9
36
26
-9
-48
-11
61
30
-10
-2
21
38
-16
9
50
-9
35
45
-17
31
46
14
40
34
8
36
43
32
71
88
59
49
49
62
42
48
86
44
37
89
70
28
38
64
65
47
58
76
65
61
23
35
86
-5
-34
66
37
-16
-8
-25
4
14
-28
-28
17
21
-36
-15
42
-1
-42
-35
-29
-36
-69
-63
-33
-18
-52
-98
-36
17
-23
-60
-21
-5
-48
-24
-7
-12
-4
-31
-47
-42
-21
-23
-33
17
-7
-52
8
23
1
1
6
14
5
-26
-4
48
1
-43
-3
0
-24
-45
-45
16
-1
-17
24
-6
-10
-11
-48
2
31
-49
-42
8
-11
-33
-45
-4
35
-32
-78
-14
8
-41
-39
-3
30
20
-63
-64
-20
-34
-6
-25
-17
55
2
-48
-24
-1
19
3
7
48
32
-15
-27
9
23
-15
-33
30
52
-26
-32
17
43
37
-3
28
63
18
5
13
23
29
-30
-11
58
2
-37
-4
4
11
-5
3
25
0
-4
0
25
36
-23
-6
47
13
-28
-22
-6
-18
-17
0
-12
-9
-18
-18
6
-2
-11
-11
9
27
-6
-36
-15
0
-18
-32
-22
-14
-10
-12
-31
-16
-14
-34
-7
16
4
2
-7
9
0
-39
11
45
10
5
8
18
5
-23
1
23
6
-19
-7
23
7
-4
6
10
14
-9
12
20
-10
-4
-12
20
47
-15
-50
-15
9
-12
-8
3
-9
1
-11
-18
8
-16
-20
-7
1
2
-30
10
22
9
11
-50
-15
37
-26
-22
-2
-7
-1
-33
-8
-1
-60
-53
-11
-8
-43
-55
-9
13
-48
-56
11
-13
-73
-51
12
22
-53
-69
1
15
-32
-48
-29
-3
-8
-63
-10
31
-44
-23
-6
2
-6
-64
-10
27
8
-8
-26
16
1
-38
4
1
-27
-17
14
24
-16
-30
-13
-5
-20
-15
3
-6
-10
-8
-11
5
0
-37
-19
16
-1
-15
3
4
4
30
-17
-33
32
24
1
30
22
10
12
5
45
24
-15
18
5
30
53
-22
-13
53
39
20
2
9
50
66
30
-2
35
65
35
8
71
59
-9
6
22
50
55
42
50
61
42
9
29
62
61
35
57
99
68
19
31
26
35
65
33
39
82
76
42
31
52
87
68
50
69
66
85
73
18
38
81
41
34
66
48
39
27
26
68
74
39
40
58
57
32
37
53
38
45
54
40
0
-19
23
22
-22
1
18
14
20
-21
-37
-31
-22
-18
-46
-32
-14
-36
-64
-60
-42
-34
-63
-71
-33
-21
-39
-67
-68
-38
-29
-33
-41
-62
-53
-38
-53
-88
-75
-59
-54
-46
-96
-92
-51
-56
-64
-73
-50
-43
-82
-58
-35
-85
-75
-56
-70
-60
-63
-66
-63
-74
-68
-50
-42
-53
-102
-82
-12
-22
-56
-65
-60
-35
-26
-55
-40
-26
-35
-46
-43
-26
-51
-45
-19
-4
-10
-33
-2
-19
-32
14
11
11
-11
-2
32
-9
-29
-15
9
2
-8
-8
2
14
-20
-6
35
31
21
11
17
61
49
15
45
39
40
38
3
46
53
-4
22
38
14
30
18
8
34
36
10
12
38
45
27
6
3
28
17
-29
-25
7
33
-9
-31
28
50
6
-41
-2
50
26
-6
-11
21
32
-21
-4
15
-9
-17
-1
55
11
-21
25
45
42
6
19
65
59
23
49
63
51
66
10
31
92
45
23
47
81
85
38
19
39
71
48
7
38
61
51
30
36
83
71
19
21
21
23
41
44
74
52
-8
-2
29
17
-27
-18
21
17
-3
-24
-8
32
-18
-71
-27
2
4
-37
-74
-36
-21
-36
-61
-75
-10
6
-51
-71
-33
-1
-42
-30
4
-43
-57
-26
-46
-62
-20
-10
-36
-32
-31
-3
2
-70
-43
26
-1
-17
9
7
-10
-30
-25
17
-14
-31
44
24
-24
-32
-54
0
36
-24
-31
6
-6
-6
-37
-65
3
6
-64
-65
-4
-6
-80
-78
-35
-8
-13
-75
-70
-24
-25
-18
-58
-50
10
-58
-63
-35
-53
-18
-33
-61
-21
-22
-65
-43
-19
-23
-27
-38
-13
-16
-54
-22
14
-12
-36
-13
30
31
-11
-26
16
28
42
51
4
33
48
-5
20
53
15
49
67
-4
-8
37
58
15
-6
47
91
66
5
0
52
52
-20
-3
76
72
1
-3
17
-18
18
27
-21
40
48
-26
13
23
-22
-15
16
41
25
6
-7
30
36
-29
-4
36
14
-4
9
59
28
-24
36
46
10
29
46
21
2
12
21
32
38
48
18
11
44
19
-12
-5
33
30
13
9
26
49
20
-6
-5
21
25
9
11
16
18
1
-11
10
20
-5
-52
-43
38
15
-34
-10
4
-12
-48
-44
-4
-9
-38
-5
28
-22
-82
-56
1
-10
-34
-27
-17
-26
-57
-48
-10
-8
-27
-55
-29
31
-8
-65
-29
2
-20
-44
-42
0
6
-46
-59
-17
7
-56
-59
19
19
-35
-49
12
2
-58
-17
8
-4
-5
-23
-28
14
-12
-54
-10
-24
-19
-4
-32
-2
3
-24
-12
-8
-36
-4
28
-24
-19
-5
-11
12
-31
-10
50
1
9
30
-19
-2
5
-19
47
36
-24
35
18
-33
25
40
17
32
31
30
26
2
-2
18
34
38
33
25
44
40
13
19
31
24
38
37
36
49
1
33
85
12
0
39
45
41
16
14
55
57
12
19
50
58
29
6
57
61
39
39
34
47
48
18
7
55
54
17
45
37
3
13
11
21
49
40
26
20
3
8
33
29
22
14
0
19
5
-6
16
-5
13
38
2
-6
-8
-11
-12
18
11
-37
-2
10
4
-27
-77
-32
6
-25
-31
0
3
-25
-68
-61
7
-10
-53
-35
-28
12
8
-100
-58
29
-44
-60
-24
-25
-6
-33
-61
-13
-28
-55
1
2
-9
-29
-73
-16
1
-37
-23
-22
-34
-1
4
-8
26
-3
-28
5
-5
-42
-66
-55
-14
-12
-32
-16
13
-14
-53
-23
6
19
-18
-52
11
6
-42
-34
-25
0
-8
-31
-23
-48
-44
13
3
-30
-19
-15
-20
-4
-2
30
45
-23
-13
36
15
-34
-29
7
5
-15
-5
14
11
34
26
1
19
15
11
28
13
27
52
21
-1
19
41
-5
-9
14
42
70
6
-6
20
2
25
36
20
38
18
-11
13
13
-9
-23
-1
34
-12
-11
33
2
9
-5
-41
7
-4
-62
-55
-46
-18
-7
-49
-3
27
-53
-70
-26
-46
-57
-31
-30
13
9
-59
-13
14
-45
-33
-11
-10
25
19
-2
-47
-75
-12
17
-22
-15
39
17
-19
11
18
36
60
23
-11
38
52
-58
-10
109
28
-3
38
41
68
37
-18
21
53
41
43
22
38
-3
-27
74
55
-9
37
75
33
19
29
15
12
13
10
34
29
-16
6
35
28
8
-2
1
25
27
10
15
3
-1
2
5
4
-5
1
-11
-2
13
-15
-14
43
33
-33
-29
6
15
6
-10
-22
-29
-15
16
2
-22
-8
-18
-25
-34
-23
-14
-41
-13
-22
-33
-2
-9
-40
-52
4
-16
-58
-1
-5
-41
-39
-62
-39
-28
-73
-35
5
-10
7
3
-49
-51
-39
-38
-21
-36
-59
-23
-1
-27
-27
-10
4
4
-43
-59
-2
-43
-67
-5
3
31
-3
-51
0
9
-18
-26
-19
2
4
-11
6
38
-4
-16
-11
1
45
30
81
55
-51
3
16
-18
12
29
-10
-36
1
37
37
9
29
65
26
21
41
12
70
75
9
76
85
65
51
22
24
-4
5
4
12
6
16
-18
130
33
-400
61
401
117
188
385
222
137
347
113
-278
-442
-319
-31
123
114
145
190
-1
-62
-5
91
273
239
6
-17
148
-10
-117
-50
-49
18
-78
58
280
-26
-229
-6
-24
-328
-303
-173
-120
51
218
227
3
-158
-78
21
-11
-38
-7
-36
-49
-23
-38
-158
-218
-165
-89
6
88
87
35
55
74
122
90
7
38
32
-24
-73
-27
107
107
53
42
-28
-70
-37
-18
-79
-199
-180
-154
-242
-274
-280
-213
-140
-127
-92
-90
-89
-26
-1
-110
-129
-93
-110
-23
34
35
46
10
-2
-7
-21
-7
-43
-64
-45
-114
-189
-248
-233
-154
-211
-260
-125
-88
-202
-193
-174
-143
-155
-226
-148
-122
-162
-145
-129
-96
-63
-44
-42
-51
-15
8
-20
-18
47
87
93
154
194
171
198
237
192
169
218
240
235
223
234
257
188
143
242
256
153
177
277
220
176
243
268
225
174
231
204
129
191
263
236
182
211
224
198
165
152
188
223
186
172
179
99
86
104
106
67
26
57
33
26
24
-31
-62
-69
-30
18
-26
-108
-105
-144
-209
-189
-187
-169
-186
-236
-280
-268
-245
-311
-282
-171
-176
-254
-253
-216
-219
-208
-206
-192
-107
-111
-173
-156
-119
-115
-124
-129
-122
-64
-61
-79
-83
-54
-7
-54
-40
5
31
28
-53
-30
38
23
1
30
67
22
-12
49
79
71
89
124
153
94
44
110
148
123
151
122
93
150
103
78
146
170
136
86
108
120
70
68
53
78
116
89
54
41
71
45
23
31
33
55
53
39
11
47
53
0
62
77
14
-22
-43
21
59
-6
-41
-12
-2
-20
0
-5
-15
79
66
-35
-25
14
-17
-32
16
22
31
31
68
83
42
75
52
42
66
55
40
54
54
18
50
38
29
61
37
20
19
13
18
50
50
4
-27
-25
-10
17
19
-55
-26
21
-65
-120
-101
-13
3
-100
-134
-63
-64
-92
-75
-50
-38
-112
-114
-105
-152
-187
-197
-153
-146
-181
-238
-240
-209
-223
-218
-207
-175
-174
-231
-206
-153
-167
-213
-226
-178
-165
-181
-140
-81
-106
-126
-110
-106
-75
-54
-51
-17
4
-44
-64
-22
-2
-31
-42
-40
-7
101
61
-13
45
64
26
13
47
71
103
86
30
42
49
45
79
96
68
45
71
83
75
79
106
176
162
108
140
183
160
115
75
53
87
92
69
32
45
100
72
55
58
87
116
108
61
16
79
59
-45
-20
-13
-56
-17
-3
15
-3
-82
-35
12
-29
-71
-54
2
-18
-100
-130
-73
-47
-82
-91
-113
-102
2
-1
-98
-70
9
-17
-96
-98
-42
4
21
-39
-67
-62
-56
22
15
-84
-61
14
26
-13
-69
-51
-47
-29
10
-1
2
25
29
-27
-24
24
-1
-15
29
38
47
18
-22
39
61
23
-45
-1
88
50
-20
-36
17
37
21
10
51
64
12
25
54
39
-11
-36
-1
41
22
26
58
21
35
83
67
11
20
101
84
17
12
54
104
118
46
45
139
122
96
77
79
115
86
91
102
76
84
133
152
102
101
162
186
124
107
175
171
163
129
122
134
87
136
183
133
137
233
208
115
126
161
170
104
74
121
101
34
69
110
69
39
25
82
57
-16
38
66
30
-5
-15
-38
-55
-77
-85
-30
-47
-91
-107
-104
-108
-134
-91
-61
-75
-88
-81
-77
-115
-163
-150
-121
-144
-159
-160
-149
-164
-218
-208
-164
-133
-131
-96
-102
-167
-141
-138
-139
-155
-176
-139
-111
-117
-164
-174
-155
-108
-102
-140
-106
-84
-100
-73
-87
-123
-75
-79
-125
-96
-62
-40
-61
-66
-40
-87
-76
-79
-62
48
-6
-54
1
-18
-25
-22
-13
28
7
-12
28
46
24
-24
-43
1
34
18
-26
-13
38
27
1
24
19
-16
13
-1
-56
-51
-13
23
-16
-47
-13
-16
-7
8
-9
-5
19
33
22
1
-15
-15
-2
8
-8
-8
15
3
-10
-34
-8
11
4
6
5
53
37
17
34
19
-18
21
90
27
-25
11
29
0
-10
0
41
82
58
-2
20
88
51
4
9
32
32
7
0
9
10
-32
-23
6
10
10
18
58
13
-35
30
37
-46
-48
49
32
-68
-49
-25
-34
-13
8
30
26
6
-4
1
-14
-13
-10
-17
-7
-5
-5
-51
-51
-18
-39
-28
-16
-36
-43
-29
22
29
-63
-75
-18
9
-6
-70
-34
15
-6
-38
-66
-58
-10
13
-30
6
45
29
28
-2
12
22
35
46
32
57
45
14
32
62
46
56
72
42
60
60
50
78
74
50
55
98
103
45
2
79
163
113
60
60
102
116
53
61
130
119
67
50
80
105
33
73
118
63
78
94
68
33
37
45
56
36
23
42
7
9
31
32
29
15
54
80
1
-45
22
67
53
-22
-35
58
55
7
-15
5
40
-2
-45
-12
23
-32
-47
14
-8
-63
-56
-14
-21
-40
-59
-42
8
-23
-74
-56
-41
-83
-67
-44
-47
-21
-6
-16
-38
-34
-19
-21
-71
-67
-1
-18
-58
-39
-40
-86
-58
-28
-23
-22
-25
3
-22
-53
-69
-68
-26
2
-14
-52
-51
-37
-31
-67
-47
18
-37
-59
-31
-38
-33
-26
3
11
-36
-25
50
22
-31
-36
-40
10
-15
-58
-4
29
-10
-21
24
18
13
10
10
-25
-8
54
-35
-17
24
-36
14
37
-8
-8
20
39
27
-27
13
54
-15
0
37
21
9
8
10
-3
7
-15
-51
-30
-6
0
19
4
-41
10
37
-23
-1
-4
-43
-21
-29
-51
-23
1
-29
-32
-27
-44
-4
17
-33
-61
-8
5
-17
1
-20
-16
-12
-37
19
42
-4
-26
-48
-5
44
-3
9
23
-26
-15
0
19
6
-26
35
41
-21
-42
-19
-2
-11
-6
30
74
44
11
8
7
39
16
1
58
78
35
42
50
-9
-10
22
38
24
24
49
26
-13
-31
-7
35
19
-7
1
18
27
4
-23
-26
0
-2
-16
-11
3
43
17
-36
2
71
31
9
28
17
18
15
39
10
-27
20
62
31
8
27
30
35
21
19
34
51
55
22
25
30
45
62
30
7
45
87
42
16
63
80
100
89
48
80
112
94
64
51
78
96
55
60
76
38
67
94
73
59
88
109
59
16
17
10
26
12
-17
49
51
8
22
34
-1
-9
40
11
-22
-5
-6
-25
-52
-62
-35
-25
-34
-44
-63
-53
-66
-77
-46
-31
-50
-58
-46
-67
-75
-29
-41
-92
-84
-84
-98
-105
-109
-84
-59
-54
-80
-72
-46
-64
-49
-46
-45
9
-2
-49
-82
-60
-13
-39
-27
-11
2
14
-20
-13
-25
-12
22
-7
3
37
30
-2
18
10
-38
26
28
10
17
8
62
-2
-11
23
22
59
23
-20
-21
35
-5
-42
-14
-7
9
-40
-45
-26
-9
15
-23
-46
-33
-38
-30
-18
-34
-49
-47
-2
-8
-50
-46
-43
-46
-57
-60
-67
-27
-40
-75
-21
-30
-43
-39
-72
-66
-42
-27
-32
-55
-24
-5
-44
-68
-45
8
8
-10
-11
6
12
-14
-19
4
7
-31
-8
43
22
26
20
-2
21
-15
-5
22
32
28
9
44
17
20
4
13
32
-2
13
18
47
42
12
-6
-18
15
42
15
12
44
4
-13
9
10
-11
-11
29
1
11
45
-2
-16
-1
11
0
14
22
-11
0
8
-29
-53
-23
19
13
-21
0
0
-20
15
-3
-6
18
34
20
3
6
8
51
0
-36
0
7
13
-1
25
28
44
31
-17
-7
23
40
-14
9
33
6
65
31
-16
52
44
22
41
29
39
81
42
13
23
23
66
49
27
26
16
55
72
27
14
29
25
55
27
17
53
21
-3
8
16
0
17
2
5
40
-8
11
10
-1
30
20
-1
-22
18
48
33
-33
-51
7
17
23
28
7
2
27
27
-11
-18
12
9
-40
-10
19
3
28
-16
-31
1
-33
-11
50
16
-18
19
30
25
15
-9
11
22
-13
30
45
3
8
-12
-4
31
47
58
16
-14
30
46
35
42
44
25
49
71
18
-9
5
26
30
55
61
20
16
2
9
34
23
-18
4
14
-22
39
36
-25
2
19
14
12
-11
8
21
-22
-26
24
11
-11
10
0
5
-34
-61
-35
-45
-17
17
-17
-27
1
-20
-50
-39
-23
-23
-52
-54
-19
-10
-36
-64
-95
-64
-44
-54
-7
-26
-49
-58
-85
-54
-54
-56
-78
-78
-20
-40
-79
-67
-14
-52
-97
-68
-27
-5
-81
-92
-45
-16
-33
-55
-32
-45
-62
-99
-90
-35
-31
-73
-55
-36
-77
-30
5
-20
-27
-46
-64
-47
-47
-51
