0
0
-1
0
0
0
0
-1
0
0
0
0
0
0
0
0
0
0
0
0
0
0
-1
0
0
0
0
0
0
0
0
0
1
0
-1
0
0
0
0
0
0
0
0
0
0
0
0
0
0
0
0
0
0
0
-1
0
0
0
0
0
0
0
0
0
0
0
0
0
1
0
0
0
0
0
0
0
1
0
0
0
1
1
0
0
0
-1
1
1
0
0
0
0
0
0
0
1
0
0
0
1
0
0
0
0
0
-1
0
0
0
0
0
0
0
0
0
0
-1
-1
-1
0
0
0
0
-1
0
0
0
0
0
0
0
0
0
1
0
1
0
0
0
0
0
0
1
-1
0
1
-1
0
0
0
0
0
0
0
-1
0
0
0
-1
0
-1
0
0
0
0
0
-1
0
0
0
0
0
0
-1
0
0
0
0
0
0
0
0
-1
-1
0
0
0
0
0
1
0
0
0
0
0
-1
0
0
0
0
0
0
0
0
0
1
0
1
0
0
1
-1
1
0
0
0
-1
-1
0
0
0
-1
0
-1
0
0
0
-1
0
0
0
0
1
0
0
0
0
0
0
1
0
1
0
0
0
0
0
0
1
0
0
0
1
1
0
0
0
0
0
0
0
0
-1
1
0
0
0
0
0
0
0
1
0
0
-1
0
0
0
-1
0
0
0
1
0
-1
0
-1
0
0
0
0
-1
-1
0
-1
-1
0
0
0
-1
0
0
0
0
0
0
-1
0
0
-1
0
0
0
0
-1
0
-1
0
0
0
0
0
0
0
0
-1
0
0
0
-1
-1
-1
0
-1
-1
-2
-1
-1
0
-1
-1
-1
0
0
0
0
0
1
1
0
1
1
2
1
0
0
1
2
1
1
1
0
1
0
0
-1
0
0
-1
-1
0
0
0
0
-2
-1
1
0
0
0
0
1
1
0
0
2
2
1
1
1
2
2
1
2
2
1
2
1
-1
1
0
1
0
0
1
0
1
0
-1
-1
0
1
0
-1
-1
1
1
0
0
1
1
1
0
1
3
2
2
2
2
2
2
3
3
2
2
3
3
3
1
2
2
1
0
0
1
2
0
-2
-1
0
0
1
-2
-2
-2
0
0
-1
0
0
1
0
-1
-1
1
2
1
-1
0
1
0
-1
-1
-3
0
1
0
-1
-2
-1
-1
-2
-1
-3
-3
-2
-2
-4
-2
-1
-3
-4
-3
-4
-1
-1
-1
-2
-1
2
2
1
0
1
3
2
3
1
3
5
3
3
2
4
5
2
2
2
3
2
1
1
-2
1
1
-1
-3
-5
-3
-3
-3
-2
-4
0
-4
1
-5
2
9
-4
26
-25
53
-45
-280
-63
31
-11
14
-3
44
38
25
52
68
55
31
41
31
55
52
27
57
53
83
64
48
96
99
102
100
113
105
97
125
88
95
101
73
104
55
48
83
40
69
89
57
47
53
77
50
40
41
10
22
21
-3
-11
-16
-9
2
-6
-39
-22
-31
-49
0
-35
-46
-26
-49
-42
-30
-26
-26
-24
-7
0
-23
-23
-51
-58
-21
-43
-25
-5
-16
-16
-35
-40
-26
-10
-29
-47
-43
-55
-33
-43
-60
4
-13
-33
5
-27
-15
-26
-42
-20
-66
-58
-46
-79
-71
-54
-65
-76
-50
-52
-60
-37
-39
-59
-70
-53
-51
-57
-60
-66
-63
-79
-81
-97
-93
-52
-72
-92
-57
-38
-60
-61
-52
-55
-48
-51
-40
-42
-36
4
-23
-35
-7
-4
1
-34
-50
-10
-20
-37
-17
-6
2
13
16
16
16
1
7
27
37
23
10
35
55
38
27
18
48
84
47
45
44
35
42
29
55
52
46
51
44
47
39
30
39
46
19
15
6
19
10
-23
4
-20
-20
2
-16
7
-11
-22
15
13
-2
-28
-45
-29
-27
-54
-65
-33
-39
-71
-42
-20
-8
-13
-55
-32
-5
-15
-8
-18
-18
-12
-32
-29
-16
-19
-9
-7
-28
-3
13
5
3
6
20
-2
-16
-16
-2
-8
-17
13
3
37
52
16
29
29
41
31
34
59
35
40
27
33
50
6
4
19
22
27
30
21
32
48
34
59
45
26
23
13
38
30
18
10
9
26
14
13
40
14
-17
13
12
-3
6
16
1
-4
-13
-30
14
-3
-43
-26
-25
-23
-34
-32
-12
-21
-13
-19
-26
-9
-36
-43
-26
-31
-31
-21
2
5
-12
-10
-20
-24
-23
-10
17
9
19
24
27
37
22
37
54
43
37
55
75
86
66
56
61
71
94
94
96
91
83
84
60
68
93
81
75
73
79
61
57
77
56
54
51
44
39
21
30
25
8
7
10
14
2
-3
-8
-33
-26
-39
-54
-36
-48
-46
-61
-71
-53
-58
-58
-80
-80
-56
-53
-63
-73
-62
-65
-70
-76
-75
-72
-87
-93
-81
-70
-92
-81
-51
-70
-86
-73
-41
-64
-74
-45
-60
-73
-72
-54
-38
-55
-68
-42
-38
-37
-26
-20
0
-2
-14
6
6
-21
-3
7
6
9
19
31
29
47
27
16
33
30
41
45
37
54
56
32
35
57
41
32
39
40
35
18
40
51
-3
-20
2
14
31
24
30
26
-2
-10
-4
2
-16
-5
1
-28
-31
-21
-26
-15
-3
-4
4
0
4
3
-4
4
-24
-40
-18
-22
-34
-25
-28
-31
-22
-23
-17
-19
-18
-12
-7
-4
0
12
-1
-8
-6
-30
-16
12
11
15
-3
7
40
24
37
56
40
42
45
44
48
45
61
47
28
38
51
57
42
29
40
60
30
41
58
26
46
34
10
22
18
29
9
-9
-12
-34
-19
-24
-42
-36
-47
-33
-16
-42
-46
-37
-60
-50
-48
-65
-47
-50
-57
-65
-69
-58
-54
-41
-35
-29
-18
-15
-34
-38
-16
-13
-36
-28
-5
-17
-13
-17
-14
-2
-27
-12
4
-20
-3
8
-1
7
10
13
4
9
18
37
35
14
19
17
24
25
20
45
44
32
38
39
63
69
58
67
83
75
67
82
91
81
55
72
68
52
73
57
62
73
59
64
58
61
54
34
38
34
24
28
26
21
8
7
6
3
-7
-26
-12
-10
-23
-7
0
-8
-9
-18
-36
-37
-38
-44
-39
-37
-48
-48
-55
-53
-46
-62
-60
-49
-54
-67
-75
-68
-61
-61
-78
-108
-98
-71
-81
-96
-76
-57
-70
-70
-50
-37
-41
-40
-41
-31
-16
-26
-25
-23
-17
-10
18
18
16
42
30
43
66
56
75
84
72
100
98
77
83
74
74
67
70
97
88
68
65
76
74
49
58
57
48
45
57
60
25
23
26
10
0
-7
-4
4
-3
4
14
-3
12
28
-7
-2
12
-6
6
-16
-27
-1
-22
-27
-30
-15
9
-16
-24
-9
0
1
-17
-19
-12
-26
-29
-33
-28
-38
-42
-23
-28
-36
-40
-11
-10
-44
-29
-18
-21
-3
1
-9
-6
-1
-7
-9
18
22
12
29
13
13
39
34
41
63
50
44
52
51
50
33
30
38
18
9
11
21
7
-22
-14
4
8
-5
2
-2
-7
-16
-26
-14
-33
-43
-32
-47
-58
-55
-47
-44
-48
-43
-41
-45
-43
-34
-17
-28
-57
-45
-38
-43
-35
-52
-36
-29
-56
-45
-34
-41
-38
-24
-32
-42
-27
-45
-59
-47
-35
-35
-57
-47
-36
-46
-37
-35
-58
-52
-51
-72
-37
-41
-65
-34
-40
-44
-26
-31
-21
-26
-16
-12
-8
3
-15
-7
-1
2
3
6
22
24
28
26
21
29
36
28
40
33
8
24
40
36
31
37
47
49
40
36
42
49
54
57
55
44
61
51
38
50
41
58
59
37
44
56
53
50
54
48
44
50
47
48
44
38
51
34
24
31
18
25
17
2
3
-1
12
3
-17
-8
-11
-26
-21
-26
-37
-25
-9
-25
-27
-16
-33
-19
-15
-37
-11
7
-5
6
15
3
14
12
2
32
29
16
27
40
38
39
58
46
41
60
75
84
63
58
72
61
50
42
57
60
50
63
45
41
49
37
43
41
32
38
31
15
12
9
-3
-4
-4
-12
-5
-10
-12
-17
-41
-35
-22
-28
-46
-45
-32
-45
-63
-57
-46
-60
-64
-77
-76
-50
-66
-77
-57
-67
-58
-50
-70
-54
-62
-61
-47
-63
-50
-43
-43
-44
-45
-22
-20
-22
-20
-21
-8
0
5
-1
13
20
17
22
23
31
30
30
35
37
53
56
38
34
36
35
35
26
26
20
7
13
9
-2
-10
-17
-11
-23
-36
-29
-34
-35
-43
-52
-48
-59
-75
-77
-80
-80
-78
-78
-85
-86
-73
-66
-64
-75
-80
-48
-47
-58
-57
-56
-34
-51
-64
-37
-32
-31
-32
-36
-5
-9
-25
-1
-1
-8
2
8
3
1
-2
8
16
17
15
24
29
16
25
14
19
28
19
29
33
35
35
40
39
26
38
50
42
52
46
45
56
43
56
58
50
75
70
52
55
55
56
52
50
55
56
45
41
39
44
43
31
39
36
31
28
21
20
-4
-21
-11
-7
-19
-23
-17
-5
-12
-26
-24
-20
-16
-10
-25
-42
-26
-24
-23
-21
-44
-33
-19
-39
-22
-17
-24
-9
-28
-23
-8
-6
6
-4
-18
-6
1
-16
-13
-13
-2
18
1
1
9
-1
-5
0
5
20
24
18
26
16
6
17
9
10
19
21
24
33
24
17
34
39
35
32
28
34
51
36
16
30
25
31
32
22
28
24
25
29
20
14
20
21
5
7
7
11
22
6
-5
6
10
-1
-1
-1
-6
-2
-2
3
-7
-1
6
-3
-1
-9
-5
-10
-10
-13
-17
-11
-11
-5
-10
-25
-14
-5
-32
-27
-12
-22
-17
-19
-27
-19
-27
-34
-10
-20
-27
-11
-27
-21
-8
-19
2
2
-17
-16
-16
-17
-18
-12
-12
-11
-11
-24
-18
-13
-15
-13
-7
-2
-1
-6
-10
-7
-10
3
-10
-27
-13
-23
-26
-23
-21
-13
-23
-23
-7
-15
-22
-10
-18
-26
-7
-10
-25
-13
-12
-13
-4
-9
-9
-8
-7
-4
-5
3
8
10
16
6
8
12
5
16
19
25
31
20
19
18
18
18
34
23
7
40
26
3
10
7
25
30
27
29
23
22
25
23
28
38
39
44
39
26
37
37
26
27
17
32
39
22
22
26
24
23
29
28
28
22
16
19
23
26
24
23
12
3
-3
-15
-18
-15
-20
-11
-8
-27
-19
-16
-10
-13
-31
-22
-26
-27
-19
-16
-13
-22
-29
-35
-31
-37
-32
-22
-24
-7
-18
-27
-6
-14
-20
-9
-19
-10
-1
-17
-15
-11
-29
-25
-11
-17
-13
-17
-19
-8
-19
-15
-3
-9
-2
-9
-24
-23
-30
-32
-32
-23
-11
-10
-6
-13
-14
-18
-1
-9
-20
-1
-8
1
3
-4
-1
3
-2
4
9
-2
1
0
4
16
20
15
9
5
8
17
3
-1
-4
-3
-7
-4
0
-6
-2
-6
-4
-9
-8
-3
-14
0
0
-9
0
-6
-16
-12
-10
-11
-6
-1
7
15
11
7
11
11
22
26
21
38
22
11
24
19
27
28
23
28
21
22
26
13
29
36
28
44
36
18
16
13
4
10
6
-5
3
5
0
-5
1
0
3
10
3
13
11
0
2
1
8
0
-13
0
-6
-6
-11
-5
10
4
14
-6
-5
4
-8
10
-7
-13
-10
-28
-19
-15
-27
-16
-13
-27
-20
-28
-33
-26
-35
-28
-20
-32
-33
-28
-35
-26
-19
-31
-26
-24
-39
-26
-19
-21
-4
-1
-1
11
5
1
1
1
2
-3
2
4
0
-8
-11
-4
-6
-8
-9
-13
0
4
-13
-12
-12
-10
-1
-6
4
-1
-22
-18
-8
-12
1
14
13
25
20
6
19
18
6
15
26
28
23
25
24
20
26
18
6
12
20
19
16
17
18
16
19
25
19
10
8
3
9
8
-9
1
8
3
5
0
5
-4
-10
-1
3
5
13
11
6
23
8
-4
7
4
15
14
14
20
13
10
5
8
12
2
6
11
7
2
6
16
4
6
20
11
-2
-5
-4
1
-12
-15
-11
-11
8
-3
-10
-12
-24
-11
-6
-6
3
-2
-5
-7
-12
-12
-6
-5
-3
4
2
6
-4
-12
1
1
4
6
5
3
-5
-2
-9
-12
-3
11
6
-4
11
1
1
1
-6
3
0
4
-3
-4
1
-3
-1
-20
-17
0
4
11
4
2
2
-6
2
-5
-9
4
2
-7
-11
-1
-9
-17
-9
-11
-3
0
-9
-17
-9
-10
-12
-11
-16
3
2
-7
-5
-15
-8
-12
-25
-4
-2
-3
8
4
-9
-20
-10
2
2
9
14
4
-3
-2
-10
-10
-7
0
12
12
8
4
-9
-8
12
14
-2
0
3
3
-2
2
3
-18
-11
-5
-6
2
-1
2
0
9
15
0
1
7
17
23
9
8
-1
-18
1
9
-2
5
1
1
11
11
10
6
3
3
5
3
-2
0
-2
-6
-5
-7
-14
-13
-10
-3
4
0
-5
-15
-12
-3
-8
-8
-8
-5
3
1
-12
-16
-11
-12
-11
-10
-8
-9
-16
-18
-23
-24
-19
-19
-22
-8
-7
-24
-16
-16
-15
-6
-2
6
4
-6
-3
4
-3
-5
-3
1
-1
3
1
-3
5
-12
0
5
-11
4
-13
-13
3
-5
2
5
-1
-2
5
3
-8
-3
-3
1
16
9
-9
0
3
-7
10
10
14
11
5
23
9
1
12
13
10
13
23
17
11
14
12
14
16
24
36
24
34
38
13
18
18
25
30
23
31
33
23
16
19
14
12
26
26
15
20
14
3
4
12
14
10
16
18
12
11
18
8
14
16
16
28
7
11
13
-2
9
2
15
17
6
14
7
7
3
-1
-1
-7
1
-4
-16
-3
6
-2
-11
-7
-8
-7
-6
-7
-1
-1
-2
-1
-11
-17
-11
-21
-16
-4
-17
-18
-17
-23
-9
-13
-22
-16
-18
-23
-28
-20
-24
-31
-24
-27
-28
-29
-32
-34
-44
-33
-32
-36
-27
-32
-24
-23
-26
-19
-22
-17
-18
-29
-24
-22
-25
-13
-9
-11
-8
-6
-1
-7
-7
-6
-11
5
13
3
9
7
10
12
14
19
12
5
4
8
20
13
6
4
-7
-1
14
12
1
3
11
1
4
11
8
6
-3
1
8
0
-8
1
-2
-7
7
10
14
14
-3
-4
-5
-5
-3
-11
-5
-5
-7
-20
-18
-1
-12
-12
-5
-14
-24
-22
-11
-13
-24
-23
-13
-27
-25
-9
-26
-25
-16
-28
-19
-16
-10
-4
-16
-15
-15
-18
-18
-17
-8
-8
-7
-1
1
-1
9
9
0
7
-2
5
9
15
34
13
15
17
16
29
20
30
30
27
35
31
33
36
32
31
37
36
31
32
32
24
27
32
10
13
19
15
18
8
7
5
1
11
1
3
15
5
11
14
2
-1
-4
-4
-8
-8
-14
-10
-1
-15
-15
-7
-12
-10
-2
-6
1
-5
-13
1
-9
-13
3
-7
-15
-4
-11
-6
-4
-10
-5
-4
-7
0
0
2
8
2
2
-2
-5
5
-3
0
3
-8
-5
-4
1
-5
-11
7
-6
-8
5
-8
-15
-14
-18
-15
-14
-15
-5
-1
-8
-16
-10
-12
-10
2
-8
-15
-14
-9
-14
-24
-12
0
-11
-9
0
-17
-19
-9
-9
1
6
-4
-1
-1
-1
3
-4
4
13
12
15
1
-6
-1
1
6
8
8
-3
-5
4
-16
-13
3
-13
-8
10
-7
-12
1
-3
-7
-1
8
2
2
6
-5
3
2
-2
7
17
19
11
7
4
7
14
9
15
41
36
23
29
30
20
22
34
41
44
41
50
44
31
32
37
36
44
55
36
33
38
35
35
36
47
52
39
35
32
24
25
27
30
33
33
24
15
11
7
14
10
-2
8
-4
-10
1
-10
-12
-10
-8
-6
-23
-25
-19
-28
-23
-13
-18
-22
-22
-23
-26
-30
-32
-37
-36
-30
-23
-10
-21
-25
-21
-29
-20
-16
-20
-15
-3
-2
3
7
-10
-1
-4
-1
27
22
13
16
14
3
12
20
18
26
32
27
26
20
21
28
25
31
31
25
32
27
21
26
15
20
24
11
15
13
-5
-11
-8
-5
-2
-7
-15
-23
-30
-35
-40
-32
-31
-38
-42
-49
-57
-65
-64
-57
-52
-56
-62
-79
-87
-78
-81
-80
-78
-78
-69
-75
-76
-78
-68
-57
-57
-48
-53
-58
-43
-39
-37
-26
-20
-19
-17
-17
-12
-9
-1
11
19
21
25
34
29
32
37
48
52
47
65
61
54
67
72
76
75
79
75
71
63
72
82
66
72
76
67
66
56
54
52
47
48
22
18
33
23
16
19
21
5
-11
-15
-13
-17
-13
-19
-20
-16
-29
-24
-36
-35
-31
-44
-46
-60
-51
-53
-49
-43
-58
-45
-49
-67
-66
-69
-67
-70
-74
-56
-49
-61
-61
-56
-52
-47
-37
-31
-37
-45
-39
-34
-28
-14
-16
-10
-2
-8
-4
-4
-3
8
11
15
25
25
20
25
30
36
30
36
46
43
52
54
50
55
56
72
73
71
77
59
61
71
61
67
71
58
66
57
37
51
53
49
55
53
44
47
45
27
32
49
44
27
28
23
16
10
6
19
6
4
17
9
10
0
-6
6
-10
-14
-1
-17
-24
-13
-15
-29
-22
-25
-41
-30
-22
-29
-26
-18
-22
-24
-22
-28
-19
-16
-20
-12
-11
-12
-21
-17
-10
-12
-7
-4
-18
-19
-9
-14
-17
-11
-8
-12
-12
-4
-11
-6
-5
-12
-1
-5
-6
-9
-23
-17
-8
-2
-8
-18
-14
-17
-22
-19
-15
-13
-20
-27
-16
-28
-38
-27
-31
-29
-26
-31
-35
-30
-34
-39
-30
-32
-44
-42
-34
-45
-48
-33
-52
-49
-40
-47
-29
-40
-47
-31
-29
-19
-20
-30
-21
-14
-26
-24
-23
-18
-8
-8
2
6
2
2
13
18
11
26
32
20
31
37
31
36
38
48
48
39
41
38
29
36
45
41
56
59
60
70
58
62
66
56
58
62
56
50
51
49
50
54
46
43
43
39
30
27
36
36
37
25
26
37
14
17
20
-8
-1
14
5
5
4
-2
5
-1
-10
-7
-14
-27
-29
-15
-18
-22
-18
-18
-16
-21
-22
-22
-26
-16
-21
-33
-25
-21
-28
-33
-14
-24
-49
-24
-19
-28
-18
-21
-24
-28
-32
-26
-21
-22
-22
-13
-19
-43
-30
-10
-21
-25
-21
-23
-16
-27
-21
-6
-27
-22
-8
-8
-5
-7
-2
1
-3
-5
-14
-8
-6
-14
4
3
-13
-6
-1
-2
-10
-15
-14
-15
-10
-14
-17
-12
-17
-14
-14
-8
-14
-22
-17
-19
-18
-16
-20
-16
-18
-21
-9
-18
-28
-19
-15
-19
-32
-26
-13
-20
-20
-20
-12
-13
-27
-19
-18
-28
-17
-10
-14
-18
-14
-13
-12
-6
-4
4
-3
-2
2
-4
13
14
8
22
12
9
14
15
17
22
27
29
34
38
40
43
46
38
40
49
34
42
57
50
48
41
53
68
52
46
59
50
40
51
49
49
51
47
50
47
38
38
43
35
29
31
36
46
32
31
45
26
17
26
30
39
23
13
19
4
0
10
8
2
-6
-8
-4
-10
-13
-17
-16
-11
-22
-22
-21
-21
-25
-26
-27
-45
-36
-25
-35
-27
-24
-37
-42
-40
-37
-33
-31
-36
-35
-34
-32
-28
-32
-26
-23
-25
-25
-35
-35
-18
-18
-28
-18
-16
-21
-20
-19
-20
-17
-7
-5
-9
-3
-2
-20
-16
-13
-1
16
1
5
8
-6
-7
4
14
7
9
17
4
-8
0
9
10
-6
-6
0
-8
1
-5
-10
-10
-19
-8
-8
-16
-5
-21
-26
-14
-23
-25
-24
-26
-25
-28
-33
-23
-11
-14
-17
-19
-27
-30
-29
-23
-10
-10
-26
-24
-17
-14
-8
-16
-14
-4
2
0
2
9
-7
-1
10
1
-7
8
29
16
8
10
9
16
14
19
21
7
6
11
16
20
16
20
17
9
15
14
7
8
15
22
11
5
15
16
18
28
17
13
25
20
19
20
12
13
17
15
9
11
9
-3
8
22
17
16
22
19
16
19
18
15
21
27
18
11
24
19
12
23
26
18
13
22
12
5
11
3
4
20
19
8
10
13
5
5
5
-2
-7
-5
-8
-8
-8
-8
-7
-17
-13
-14
-16
-10
-13
-5
-3
-7
-2
-11
-16
-7
-8
-11
-16
-22
-17
-9
-8
-12
1
7
-4
-6
5
13
-1
-6
13
7
2
2
-3
-7
-14
-1
2
-17
-6
10
3
0
-2
-9
-6
7
-1
-6
1
-11
-25
-19
-10
-9
-18
-18
-10
-14
-17
-17
-17
-20
-19
-12
-12
-19
-16
-17
-25
-17
-11
-21
-18
-13
-29
-33
-19
-21
-27
-17
-11
-17
-20
-12
-16
-23
-17
-25
-28
-15
-15
-18
-4
0
-9
-5
-1
-2
-6
-5
-4
-26
-21
-9
-21
-10
-1
-11
-21
-23
-12
-18
-27
-15
-18
-31
-24
-20
-28
-28
-25
-24
-28
-35
-33
-29
-18
-21
-26
-17
-11
-10
-12
-9
-9
-9
-6
-2
11
11
11
10
7
13
16
30
32
39
47
37
46
55
58
55
57
65
58
56
63
68
64
72
77
72
78
82
80
67
72
75
69
82
75
65
74
82
75
66
84
85
65
66
63
55
53
53
67
55
52
61
50
52
38
26
40
31
26
37
36
31
14
9
21
14
7
15
12
6
4
-2
-1
3
6
0
-4
-2
-2
-7
-9
-2
-9
-3
9
-5
-3
-4
-18
-15
-8
-10
-16
-20
-18
-18
-22
-23
-24
-28
-35
-33
-25
-29
-34
-35
-37
-29
-28
-34
-28
-29
-38
-41
-37
-47
-55
-50
-45
-45
-49
-54
-52
-35
-46
-56
-38
-41
-54
-55
-44
-37
-44
-46
-53
-55
-57
-61
-48
-51
-65
-63
-51
-52
-60
-51
-41
-44
-54
-56
-42
-51
-62
-46
-51
-63
-53
-54
-57
-43
-40
-41
-37
-42
-45
-40
-33
-40
-50
-37
-34
-39
-32
-39
-44
-45
-49
-47
-43
-38
-32
-30
-38
-44
-36
-36
-46
-33
-32
-37
-34
-43
-44
-30
-39
-41
-18
-21
-30
-24
-24
-23
-20
-21
-21
-19
-16
-21
-20
-15
-22
-33
-19
-9
-16
-18
-5
7
-3
8
13
2
9
8
5
13
8
4
17
25
13
23
47
40
39
46
43
43
48
60
60
62
74
68
60
67
76
73
71
70
77
79
79
89
83
92
105
95
105
109
98
91
93
97
89
83
91
83
88
97
89
92
93
93
108
109
98
86
99
98
83
86
86
92
81
78
88
81
84
84
76
87
80
72
77
63
61
68
62
52
50
52
53
53
51
42
41
42
38
42
37
33
29
29
49
41
34
42
33
20
14
17
17
15
15
10
15
20
-2
-1
17
5
-12
-3
3
-11
-17
-9
-10
-7
-8
-19
-22
-24
-36
-36
-32
-37
-36
-38
-36
-34
-41
-29
-22
-31
-27
-26
-48
-60
-56
-55
-55
-53
-56
-62
-70
-68
-56
-52
-58
-58
-53
-53
-64
-75
-76
-77
-81
-88
-79
-71
-80
-77
-80
-89
-77
-75
-72
-61
-69
-67
-63
-79
-76
-70
-70
-69
-67
-73
-80
-73
-76
-71
-54
-56
-61
-56
-46
-51
-58
-44
-51
-61
-54
-48
-49
-58
-61
-53
-45
-42
-36
-33
-26
-25
-24
-22
-22
-22
-30
-27
-20
-30
-26
-18
-30
-27
-18
-16
-1
5
-12
-6
5
-3
7
11
3
16
10
4
8
4
8
7
10
14
6
13
20
21
33
31
26
39
36
39
52
47
38
27
23
32
32
34
42
30
26
36
37
44
42
51
55
46
53
52
46
46
41
31
26
32
35
36
35
21
25
49
45
34
41
49
49
37
35
33
30
34
30
27
22
20
24
22
24
18
22
27
18
25
30
21
9
9
12
13
5
-8
1
-2
-12
-4
-3
-5
-12
-13
1
-3
-15
-10
-11
-13
-14
-22
-17
-19
-33
-36
-30
-31
-38
-36
-25
-26
-25
-21
-19
-28
-32
-27
-20
-20
-27
-29
-33
-32
-37
-41
-28
-28
-27
-24
-22
-10
-11
-18
-24
-16
-6
-7
-9
-9
-12
-11
-14
-17
-5
-3
-11
-8
-12
-8
-5
-5
6
10
8
10
14
5
-1
8
9
-5
-8
-1
-4
2
5
1
15
24
20
23
32
21
8
16
22
15
16
21
10
10
18
18
20
18
12
12
18
21
23
26
28
24
16
22
21
15
17
9
9
10
14
16
12
24
22
20
28
24
21
13
9
9
7
14
11
18
20
6
10
15
16
27
28
16
13
11
13
17
14
11
9
11
3
0
8
3
6
1
1
20
11
3
9
10
-1
1
5
6
12
10
7
4
4
2
3
9
6
4
9
0
-10
-10
-5
-8
-4
-5
-12
-2
-7
-12
-7
-10
-1
2
-10
-8
-25
-30
-15
-31
-22
-14
-22
-6
-13
-13
-11
-17
-6
-11
-17
-25
-39
-39
-29
-27
-30
-24
-26
-24
-21
-21
-19
-14
-13
-17
-17
-21
-24
-24
-29
-39
-38
-35
-35
-32
-24
-20
-16
-16
-13
-9
-21
-16
-15
-21
-11
-20
-15
-16
-32
-17
-12
-11
-4
-10
-3
-7
-10
7
9
3
4
2
4
1
-4
-9
-12
-5
-6
-3
2
-1
5
8
6
-5
-4
5
-2
-10
-8
-9
-9
-7
-10
-8
-12
-5
3
-10
-7
0
-6
-10
-19
-18
-14
-9
-10
-26
-27
-25
-24
-16
-13
-10
-9
-11
-7
-9
-9
0
-9
-12
-9
-20
-22
-17
-12
-8
-1
-1
-10
-3
-2
-1
6
6
10
2
-4
2
-1
1
11
19
22
15
18
24
15
20
32
33
36
24
19
20
13
20
24
25
26
23
21
18
27
32
27
43
39
29
47
35
24
30
27
32
33
29
29
37
42
36
43
54
46
44
43
41
37
31
34
30
22
24
26
26
33
35
39
37
36
31
30
44
38
36
30
21
19
12
13
14
23
28
17
17
21
30
40
32
31
35
31
21
18
21
11
11
19
20
14
19
26
30
35
33
37
35
30
29
26
24
17
7
10
8
3
5
2
11
17
16
24
13
10
18
14
11
6
-1
-5
-6
-12
-12
-11
-16
-23
-25
-23
-35
-25
-14
-20
-21
-22
-21
-29
-40
-43
-54
-55
-49
-55
-63
-64
-61
-67
-70
-63
-69
-66
-58
-67
-73
-74
-76
-86
-76
-75
-78
-67
-80
-80
-74
-80
-71
-73
-67
-59
-64
-57
-64
-72
-57
-52
-55
-53
-52
-47
-49
-53
-39
-29
-33
-27
-26
-25
-10
-12
-17
-14
-6
-2
-4
3
8
8
3
9
21
25
26
19
22
36
40
39
34
38
42
35
40
38
41
43
32
49
51
39
39
42
45
39
35
30
24
31
33
31
37
26
13
16
16
15
18
2
10
21
7
9
5
4
6
4
6
2
5
3
-6
-7
-5
-8
-10
-10
-16
-16
-10
-13
-8
-1
-2
3
-4
-11
-4
-6
4
8
5
12
7
11
17
13
13
21
13
-1
8
18
26
28
22
29
27
29
34
24
29
30
28
39
37
41
36
29
36
35
40
41
30
27
25
24
27
34
36
32
28
33
36
28
25
28
28
32
23
14
23
22
18
20
17
23
23
11
17
17
3
10
14
4
4
3
2
4
1
-5
2
4
-5
-8
-13
-14
-8
-6
-11
-17
-18
-23
-21
-19
-25
-19
-16
-17
-12
-17
-20
-23
-23
-19
-28
-25
-23
-27
-18
-26
-23
-14
-29
-27
-20
-28
-27
-18
-21
-24
-17
-26
-28
-21
-24
-18
-17
-23
-17
-18
-21
-19
-16
-12
-11
-14
-16
-17
-15
-14
-12
-11
-16
-21
-18
-16
-21
-8
-11
-16
-2
0
-1
-9
-15
-13
-15
-18
-12
-15
-18
-24
-28
-19
-14
-16
-16
-11
-9
-11
-15
-5
-9
-17
-15
-29
-25
-27
-27
-15
-17
-15
-21
-25
-11
-8
-9
-2
6
-1
1
-5
-3
9
2
5
6
0
-4
0
16
12
17
24
21
29
27
23
24
25
32
30
20
28
35
29
37
43
45
46
49
47
44
46
45
54
51
55
49
40
56
54
50
50
51
50
46
49
48
52
44
46
55
44
46
48
41
40
34
24
19
30
26
27
33
26
23
18
14
10
5
0
-5
6
9
-14
-16
-7
-11
-15
-20
-22
-28
-36
-38
-46
-35
-32
-49
-42
-39
-43
-41
-50
-41
-36
-50
-43
-41
-45
-41
-49
-49
-51
-54
-50
-53
-47
-46
-50
-37
-37
-52
-45
-39
-40
-38
-35
-36
-27
-29
-39
-26
-32
-36
-32
-36
-28
-30
-35
-37
-36
-29
-21
-19
-36
-28
-20
-35
-32
-21
-18
-28
-30
-23
-34
-37
-33
-36
-30
-26
-36
-35
-35
-39
-32
-35
-35
-42
-41
-32
-37
-35
-32
-34
-31
-33
-30
-22
-33
-35
-28
-39
-33
-25
-33
-21
-16
-22
-17
-8
-4
-9
-5
-1
-7
0
13
0
3
19
16
26
31
29
34
28
27
27
29
32
32
37
40
47
53
50
46
51
52
55
57
52
55
56
51
58
61
54
53
56
57
55
59
58
58
60
56
53
48
52
55
36
38
51
44
37
34
39
37
32
28
25
27
27
27
25
29
31
28
25
22
22
21
12
17
25
28
32
24
22
23
18
16
12
17
18
13
25
26
25
30
27
26
26
26
32
32
35
33
29
31
29
35
35
29
33
30
30
36
33
35
31
35
35
27
36
27
24
40
24
21
26
24
19
12
24
23
13
14
13
11
11
13
5
4
10
1
0
-6
-4
5
-11
-7
-8
-22
-18
-24
-29
-24
-23
-27
-33
-35
-42
-50
-46
-47
-41
-37
-43
-44
-50
-44
-43
-53
-47
-46
-51
-51
-55
-54
-48
-47
-49
-51
-52
-53
-52
-58
-54
-47
-51
-46
-47
-43
-33
-39
-40
-40
-39
-34
-40
-32
-37
-40
-23
-33
-38
-28
-29
-27
-30
-20
-17
-28
-23
-21
-26
-23
-17
-16
-23
-30
-35
-33
-28
-27
-22
-25
-23
-13
-24
-24
-25
-35
-22
-26
-35
-22
-25
-30
-27
-26
-30
-31
-28
-36
-30
-32
-41
-30
-32
-29
-23
-29
-31
-35
-32
-30
-28
-28
-30
-21
-24
-34
-31
-27
-24
-24
-21
-17
-15
-16
-13
-10
-11
-5
-1
1
4
0
9
13
1
9
14
3
15
22
19
25
24
34
28
29
42
34
33
38
50
45
45
56
54
47
47
58
55
45
49
59
60
61
60
59
64
57
55
50
46
44
37
48
45
43
45
40
40
36
34
32
30
36
39
24
20
26
22
17
15
17
12
7
10
10
13
11
9
15
9
13
16
13
10
17
7
1
25
11
6
27
21
20
17
21
26
24
25
23
30
39
31
29
32
32
27
20
30
36
26
27
36
26
21
27
21
14
12
16
23
15
7
12
11
16
12
0
7
5
-8
-6
-7
-15
-13
-12
-22
-23
-27
-20
-13
-31
-25
-15
-24
-25
-27
-23
-22
-27
-22
-20
-22
-34
-41
-32
-31
-30
-26
-26
-19
-17
-21
-18
-21
-10
-11
-17
-16
-21
-9
-13
-12
-2
-15
-9
-6
-4
-2
-12
-5
-6
-9
9
2
-14
3
2
-8
1
1
5
1
-10
7
12
-3
6
10
-5
0
7
0
-4
0
-1
-2
2
5
11
21
12
10
23
19
18
19
15
12
14
12
7
16
19
12
11
19
19
21
24
16
12
20
25
27
35
29
18
20
12
9
15
16
13
5
2
4
-3
-4
3
5
9
10
2
0
4
-3
-15
-17
-14
-19
-19
-18
-14
-14
-16
-17
-20
-14
-10
-20
-27
-25
-24
-24
-22
-19
-21
-20
-29
-33
-23
-27
-26
-21
-26
-16
-10
-13
-12
-14
-12
-19
-21
-17
-28
-22
-26
-28
-19
-20
-12
-9
-9
-5
-4
-2
-2
0
2
5
-5
-8
-1
-13
-17
-14
-11
-9
-18
-18
-11
-7
-8
-10
-18
-12
-4
-9
-7
-13
-14
-17
-25
-23
-27
-26
-26
-30
-29
-30
-27
-23
-36
-34
-18
-23
-33
-30
-31
-34
-37
-39
-29
-27
-36
-28
-32
-38
-33
-32
-36
-42
-41
-39
-25
-19
-26
-21
-29
-28
-16
-17
-15
-21
-15
-15
-25
-18
-16
-16
-14
-14
-10
-8
-3
0
-3
1
13
14
14
21
23
19
28
36
27
27
32
34
32
30
42
46
47
50
41
53
55
52
54
51
63
56
40
48
48
41
54
52
39
40
45
37
43
53
45
41
38
42
46
33
38
42
38
38
30
27
29
31
32
21
29
34
27
28
35
32
21
37
39
28
35
35
31
27
27
33
31
35
35
31
48
42
31
37
41
52
52
49
53
45
49
47
33
37
41
50
45
42
56
41
34
43
26
16
27
21
17
17
14
19
10
4
6
4
-9
-16
-6
-14
-19
-22
-24
-28
-34
-33
-39
-40
-45
-58
-50
-57
-61
-53
-65
-69
-61
-60
-56
-60
-60
-58
-55
-50
-61
-60
-59
-61
-47
-51
-58
-45
-46
-45
-38
-35
-34
-33
-23
-28
-24
-25
-29
-23
-32
-33
-31
-29
-21
-22
-27
-28
-23
-23
-19
-15
-18
-14
-9
-12
-12
-13
-22
-22
-14
-20
-24
-21
-32
-39
-27
-30
-38
-23
-29
-31
-24
-29
-17
-23
-31
-29
-44
-35
-30
-37
-41
-51
-44
-43
-48
-42
-46
-42
-36
-32
-32
-40
-37
-40
-47
-39
-34
-43
-49
-47
-45
-48
-41
-39
-39
-32
-32
-31
-27
-19
-16
-11
-11
-14
-11
-8
-7
-5
-5
-6
5
11
7
17
28
28
27
32
33
39
48
50
53
56
54
54
60
64
56
71
84
72
81
93
91
90
97
109
107
100
100
96
95
91
89
93
86
78
71
73
79
73
80
84
77
81
75
72
64
60
67
53
45
52
42
34
39
37
38
43
40
33
38
45
35
32
35
31
28
26
19
19
23
14
19
21
9
19
22
22
30
28
35
36
29
28
33
39
34
31
34
25
21
33
24
25
25
22
37
30
27
30
22
26
20
22
20
8
12
8
5
10
9
3
4
2
1
9
-2
-11
-4
-7
-12
-9
-19
-31
-23
-20
-22
-30
-37
-39
-35
-36
-46
-31
-20
-30
-29
-33
-38
-37
-44
-47
-45
-48
-47
-43
-47
-48
-52
-58
-48
-40
-44
-51
-53
-48
-52
-63
-49
-48
-61
-50
-55
-67
-60
-60
-69
-67
-61
-58
-66
-66
-55
-60
-59
-56
-58
-58
-63
-63
-61
-68
-66
-62
-62
-53
-55
-62
-58
-52
-49
-47
-52
-45
-36
-43
-41
-37
-35
-28
-32
-47
-36
-28
-36
-29
-27
-31
-21
-15
-4
-6
-8
3
-8
-2
2
-9
6
4
-2
-1
1
9
9
9
16
22
20
21
23
16
18
21
29
27
17
23
14
10
27
16
14
29
16
22
28
22
26
22
25
18
22
32
17
7
7
11
14
11
12
18
23
22
19
18
15
14
18
20
17
15
19
16
8
18
16
6
15
16
15
21
20
21
19
15
16
10
16
17
14
15
18
20
17
15
17
24
16
10
27
31
24
25
30
30
29
33
33
33
35
33
31
35
26
26
28
22
29
29
38
36
32
36
24
24
26
20
27
29
22
17
13
21
21
18
18
16
20
15
17
17
9
8
2
-1
4
2
0
-7
-8
-5
-12
-9
-22
-23
-12
-15
-18
-15
-15
-20
-21
-23
-23
-28
-29
-20
-30
-34
-22
-27
-21
-13
-20
-12
-4
-12
-7
-5
0
1
-4
8
7
2
10
19
20
21
21
22
23
23
33
34
38
44
37
36
41
39
43
47
41
51
45
35
43
38
44
52
44
47
47
35
29
22
25
26
18
21
20
12
9
8
17
6
-1
7
-2
-5
-5
-10
-12
-13
-2
-10
-15
-15
-24
-17
-18
-20
-14
-5
-7
-13
-3
-2
-8
1
1
-3
0
-1
1
-1
-8
1
8
8
18
18
12
22
29
28
31
25
28
37
27
20
19
21
26
22
21
25
24
24
16
12
17
7
10
16
16
12
0
-10
-14
-10
-14
-20
-24
-27
-30
-35
-33
-38
-37
-32
-41
-40
-44
-51
-53
-61
-61
-51
-57
-61
-58
-64
-72
-68
-66
-70
-57
-58
-60
-56
-64
-57
-60
-61
-66
-64
-51
-64
-60
-45
-49
-47
-51
-51
-41
-44
-43
-36
-38
-35
-30
-30
-34
-30
-32
-31
-24
-30
-28
-15
-17
-18
-12
-6
-5
-11
-7
-5
2
0
-2
7
0
-4
-2
-2
-4
-10
2
15
8
8
14
12
19
18
18
15
9
20
17
14
17
10
3
-1
4
9
14
19
19
23
26
24
24
25
22
17
12
9
9
8
4
1
7
9
0
2
13
16
11
14
11
12
17
12
10
11
13
10
9
9
-4
-6
13
12
13
26
23
22
18
27
32
22
22
28
29
25
18
23
25
23
25
32
44
39
34
33
32
45
44
36
35
29
28
23
13
19
22
18
17
20
27
20
19
19
25
32
20
16
17
10
4
1
1
-6
-12
-14
-12
-13
-15
-15
-12
-1
-7
-13
-6
-6
-11
-16
-20
-12
-20
-27
-15
-22
-28
-25
-28
-19
-15
-17
-8
-2
-3
-5
3
0
-3
2
-14
-16
-12
-15
-8
-12
-5
-1
-8
-1
5
4
3
0
10
12
10
4
-7
-9
-3
-2
-5
-8
-5
-5
-7
0
0
-2
-8
-7
-6
-12
-11
-16
-20
-20
-22
-20
-20
-18
-19
-17
-12
-16
-11
-10
-18
-9
-4
-18
-17
-21
-24
-17
-17
-22
-26
-25
-22
-18
-13
-16
-22
-19
-18
-18
-14
-12
-16
-16
-15
-17
-20
-19
-20
-22
-20
-22
-19
-19
-16
-12
-9
-6
-9
-9
-10
-15
-9
-13
-20
-19
-19
-19
-19
-17
-17
-16
-11
-12
-17
-11
-11
-22
-17
-14
-14
-14
-20
-21
-19
-17
-15
-13
-14
-13
-2
-1
-10
-9
-8
-5
-4
6
9
-3
-2
2
8
4
-4
4
10
12
11
12
19
15
8
19
22
20
20
24
26
26
26
24
27
28
25
27
29
23
22
26
26
28
30
26
27
28
25
23
26
32
34
30
27
23
21
22
15
16
15
11
17
27
28
27
26
27
33
34
31
31
37
33
31
33
28
24
27
23
22
24
26
31
27
32
34
30
38
43
37
34
41
37
24
22
26
24
22
22
22
26
32
23
19
30
23
19
27
25
21
16
18
15
8
8
10
12
9
10
12
9
10
13
6
10
17
8
8
13
10
4
2
1
-6
-6
-5
-7
-5
-7
-7
-6
-10
-12
-12
-11
-11
-9
-15
-12
-6
-15
-12
-7
-15
-16
-14
-16
-21
-18
-16
-24
-19
-22
-23
-26
-33
-25
-27
-28
-22
-22
-24
-27
-27
-30
-27
-23
-29
-26
-30
-32
-31
-41
-35
-37
-34
-19
-27
-27
-17
-23
-19
-15
-19
-18
-19
-16
-24
-22
-17
-23
-21
-14
-7
-9
-11
-10
-10
-2
-2
-7
-7
-2
-1
-8
-11
-1
-12
-17
1
-5
2
10
1
7
9
4
3
5
8
5
-1
-2
-1
-6
-7
-4
-1
-1
7
13
13
12
12
14
9
11
7
10
13
5
8
9
19
20
11
15
12
14
19
23
26
26
23
24
22
17
21
20
17
17
15
13
15
22
15
18
23
21
26
22
25
23
17
15
10
21
11
5
8
0
7
7
7
17
14
16
18
15
13
7
6
7
1
-1
-4
-11
-9
-3
-4
0
0
-2
10
8
1
3
-3
3
4
-3
-11
-21
-24
-24
-24
-11
-14
-21
-16
-13
-4
-8
-10
-10
-11
-5
-6
-11
-14
-22
-30
-28
-21
-16
-22
-21
-16
-15
-13
-13
-11
-9
-17
-12
-9
-15
-27
-29
-22
-32
-32
-27
-30
-27
-15
-9
-15
-10
-10
-12
-7
-9
-14
-20
-18
-18
-20
-16
-16
-15
-9
-14
-12
-2
-1
-1
-2
3
8
-1
3
1
-7
-6
-8
-8
-13
-11
1
-2
4
11
4
13
20
21
22
23
20
11
6
13
12
6
9
9
9
18
24
21
36
42
27
26
33
24
16
28
33
25
25
33
26
21
22
24
23
27
30
23
21
23
26
14
11
19
14
7
7
10
12
14
10
5
10
5
-2
2
2
-14
-13
-6
-13
-11
-11
-10
-10
-10
0
2
-3
4
-4
-7
-6
-5
-2
-7
-8
-17
-21
-9
-10
-10
-5
-1
0
4
6
-4
-2
3
-6
-8
-5
-2
-2
0
-5
-5
4
1
-1
1
6
5
-1
2
1
-2
-2
-1
-3
-3
-9
-13
-8
-10
-8
0
-4
-9
-6
-4
1
-8
-13
-1
-2
-8
-6
-10
-12
-13
-17
-11
-11
-6
-9
-14
-3
-6
-10
-3
-6
-9
-8
-8
-12
-11
-9
-7
-5
-3
2
6
10
5
2
11
9
3
-2
-6
0
1
2
1
-2
6
6
5
17
19
7
8
14
1
4
7
-4
-4
-3
-3
-3
0
4
-1
0
7
13
12
11
9
9
12
-2
-13
1
0
-15
-6
-4
-11
-13
-3
2
-6
3
4
-5
-2
-5
-8
-15
-18
-17
-22
-20
-18
-15
-21
-20
-11
-12
-12
-10
-6
-15
-16
-12
-17
-24
-27
-27
-27
-27
-25
-20
-19
-14
-5
-5
-2
1
-5
-6
-8
-15
-16
-24
-27
-28
-33
-21
-17
-15
-5
-8
1
14
22
8
5
19
4
-7
-9
-17
-17
-14
-10
-16
-17
-7
1
2
7
15
8
8
7
4
5
-5
-8
-12
-14
-13
-16
-18
-12
-14
-12
-1
2
8
14
15
11
5
8
2
-4
-5
-9
-11
-14
-9
-10
-8
6
13
17
20
21
19
20
21
18
20
19
15
16
19
16
14
20
24
26
23
36
46
40
45
46
41
39
31
29
30
24
15
18
23
20
21
24
25
24
26
32
34
24
20
21
21
19
7
8
15
7
1
2
2
0
0
0
0
-3
-1
0
1
4
11
2
-4
2
-5
-7
-5
-7
-5
-5
-1
-1
-7
4
12
7
6
10
7
11
13
0
0
10
6
-3
-1
4
7
11
11
12
14
23
21
15
23
21
16
19
22
13
8
16
18
6
5
19
8
1
13
13
5
8
14
3
9
16
-2
1
15
8
0
2
3
-1
-7
-3
-1
-3
3
-2
-8
-3
5
7
1
1
-1
3
4
-2
-2
-4
-2
-9
-14
-8
-10
-8
0
-9
-14
-3
-1
-4
-2
6
4
-4
1
0
-4
-4
-14
-14
-12
-15
-10
-11
-9
-4
-6
-6
-9
-2
1
-4
0
-3
-10
-15
-14
-13
-18
-15
-16
-13
-9
-6
-7
-11
-5
-6
-4
-7
-21
-15
-16
-25
-24
-21
-26
-30
-27
-27
-24
-22
-21
-19
-20
-16
-15
-17
-17
-23
-30
-36
-35
-33
-36
-40
-40
-29
-25
-29
-25
-28
-23
-22
-25
-12
-20
-31
-30
-30
-35
-34
-29
-42
-33
-24
-30
-18
-13
-13
-13
-9
-5
-13
-20
-12
-5
-15
-13
-16
-21
-19
-22
-10
-5
-11
-9
-4
3
4
7
5
8
0
-8
-5
-9
-3
-3
-14
-9
-9
-4
2
6
9
12
15
14
12
10
14
15
15
18
13
17
14
9
20
14
12
14
13
16
17
16
9
13
21
18
15
21
21
17
20
17
19
21
15
21
25
20
19
20
18
17
14
14
21
21
18
21
22
21
20
14
15
22
12
10
20
18
14
15
18
17
20
15
17
20
8
7
16
20
17
10
8
13
12
4
7
3
6
12
9
13
16
17
15
15
22
20
23
26
22
16
15
18
11
9
10
17
18
21
23
23
32
28
24
30
24
19
15
14
12
11
21
13
7
11
14
14
15
21
18
14
21
23
18
17
20
15
8
10
6
2
6
7
9
12
16
15
15
14
9
10
13
5
-5
-3
2
-1
-4
-3
-11
-13
-7
-5
-6
-9
-5
0
0
-2
-7
-9
-11
-17
-25
-20
-17
-13
-8
-2
-1
-3
-2
0
3
1
-5
-9
-4
-7
-10
-8
-15
-23
-25
-20
-20
-18
-16
-21
-26
-17
-18
-27
-28
-33
-30
-33
-42
-38
-41
-39
-35
-44
-45
-40
-44
-43
-43
-43
-31
-26
-29
-24
-31
-34
-22
-34
-41
-40
-42
-35
-37
-43
-40
-38
-33
-34
-41
-42
-36
-31
-35
-37
-32
-33
-29
-23
-23
-20
-24
-34
-29
-23
-26
-23
-26
-27
-23
-26
-23
-18
-21
-19
-14
-13
-9
-9
-9
-9
-7
-10
-6
2
-7
-5
-5
-1
2
-2
3
8
6
4
11
13
8
5
1
1
3
4
3
6
10
15
14
17
14
20
23
20
34
33
33
30
27
26
22
23
23
26
25
25
30
27
28
32
34
31
28
28
27
24
24
22
11
9
9
11
16
13
8
13
16
11
18
24
22
26
17
10
15
14
14
12
13
12
10
12
17
20
17
17
20
21
14
12
14
10
8
4
8
15
10
12
9
0
5
8
3
4
10
3
4
3
-4
1
4
2
1
-1
0
0
7
5
0
5
-1
1
3
-4
-1
-1
-1
-2
0
5
1
-1
-1
-5
-3
-6
-11
-14
-9
-12
-19
-10
-14
-21
-23
-20
-8
-11
-10
-3
-9
-4
-3
-14
-8
1
0
-4
-3
-9
-5
7
0
-5
-8
-8
-1
-6
-5
1
-2
-1
5
-3
-4
6
6
5
12
13
-1
-3
-1
2
8
4
-2
1
12
20
13
13
16
20
22
19
22
19
17
18
7
13
15
1
6
13
8
2
8
11
12
8
8
13
8
3
3
1
0
-4
-11
-9
-4
-14
-11
-8
-17
-12
-10
-13
-6
-8
-15
-16
-14
-18
-20
-15
-14
-19
-21
-27
-23
-17
-20
-22
-23
-21
-17
-16
-16
-13
-12
-18
-21
-26
-29
-29
-24
-24
-26
-19
-23
-21
-11
-14
-14
-12
-10
-7
-12
-10
-7
-8
-9
-10
-15
-10
-3
-6
0
-4
-2
5
5
5
3
3
2
0
-1
-4
-2
-4
2
0
-17
-2
4
-2
6
3
7
12
7
10
16
10
7
8
4
3
5
1
0
5
11
11
11
13
17
18
23
28
14
13
19
15
18
12
3
4
5
12
11
10
15
16
18
18
14
17
15
16
18
9
12
12
8
11
9
10
14
8
13
19
14
23
22
13
28
27
12
18
18
8
16
12
7
17
15
13
11
4
5
7
13
15
9
15
18
7
2
6
4
-3
4
4
3
9
5
2
4
10
11
8
7
9
10
7
-3
-1
3
-5
-5
-9
-10
2
3
-5
-12
-6
4
1
-7
-6
-8
-12
-14
-18
-19
-18
-16
-18
-20
-14
-6
-10
-19
-18
-12
-12
-10
-6
-11
-6
1
-6
-8
3
4
-4
-5
-5
-3
-4
-2
-7
2
11
4
1
-1
0
2
3
0
-7
-5
-2
-3
-7
-7
-9
-6
-3
-7
-5
-4
-6
-2
1
6
5
4
2
1
2
-3
-1
-7
-1
5
-9
-4
0
-2
7
5
8
14
14
17
16
15
13
7
4
7
5
-3
2
3
4
1
2
5
-7
4
15
1
3
13
13
6
3
6
4
2
3
4
4
4
3
1
9
9
4
4
10
8
-3
4
4
8
13
6
6
3
1
-3
-8
2
0
-9
2
1
-9
-1
-2
-4
3
-4
-4
-4
0
5
1
4
2
-1
-1
0
9
14
10
9
5
11
15
2
5
8
6
9
2
2
8
5
7
1
-2
7
1
3
7
4
8
9
4
5
2
-8
-5
-5
-8
-2
-5
-9
-9
-9
-7
-12
-6
0
-3
0
2
5
6
3
2
1
1
3
1
-2
5
-1
-8
-2
-5
-8
-7
-10
-2
1
-9
-10
-11
-17
-15
-12
-11
-21
-15
-10
-24
-23
-12
-9
-9
-4
-7
-1
3
-5
-5
-10
-14
-16
-22
-20
-20
-15
-16
-18
-18
-16
-8
-12
-15
-13
-8
-8
-17
-20
-20
-26
-26
-25
-36
-30
-25
-32
-30
-20
-13
-19
-14
-12
-11
-10
-15
-16
-11
-8
-11
-10
-12
-16
-16
-21
-19
-19
-21
-8
1
-11
-6
2
-7
-16
-14
-11
-17
-16
-17
-21
-19
-15
-9
-7
0
0
-7
-12
-3
5
-2
1
2
0
-1
-1
3
5
-1
-2
9
12
9
12
16
19
17
16
24
28
29
28
21
14
21
17
11
25
21
15
23
25
29
29
30
28
30
32
28
32
35
32
26
31
29
23
28
31
34
35
32
34
37
40
34
36
43
42
40
37
38
30
21
31
32
18
24
24
21
24
19
13
12
17
15
14
17
24
28
24
25
22
18
14
22
24
18
17
23
35
35
29
24
32
33
21
32
31
24
31
19
12
20
23
19
16
17
18
9
4
12
13
9
7
5
9
0
1
12
2
6
12
-1
1
6
-2
-5
-3
-2
-7
-3
6
1
-2
-3
-9
-15
-15
-8
-1
-7
-9
-2
-2
4
0
-15
-7
-1
-14
-11
-10
-23
-11
-1
-9
-11
-19
-23
-20
-18
-12
-15
-18
-13
-16
-22
-18
-18
-21
-16
-10
-16
-17
-22
-24
-18
-25
-22
-21
-24
-15
-14
-22
-20
-17
-20
-19
-26
-26
-37
-46
-37
-37
-38
-39
-42
-46
-49
-48
-43
-39
-43
-47
-44
-41
-43
-47
-46
-35
-32
-41
-37
-30
-40
-46
-46
-48
-47
-40
-38
-36
-30
-33
-41
-33
-32
-41
-38
-36
-44
-44
-44
-46
-40
-36
-43
-45
-40
-42
-39
-41
-36
-33
-39
-33
-27
-25
-32
-30
-25
-31
-37
-39
-29
-21
-23
-25
-29
-23
-18
-23
-21
-14
-12
-14
-12
-12
-14
-21
-10
-6
-10
-3
-7
-2
4
1
5
7
6
14
18
9
20
20
22
24
18
26
25
26
26
33
37
34
46
46
47
55
55
46
45
54
53
58
60
57
51
50
59
60
56
58
61
61
65
76
67
64
74
65
69
78
70
72
69
61
63
63
64
66
72
70
66
70
69
72
74
66
64
63
70
69
64
67
64
61
62
62
57
59
63
64
62
67
74
70
70
70
59
62
59
54
63
57
47
47
52
55
41
45
46
35
38
40
31
29
32
28
23
20
10
1
6
8
4
-4
-4
-4
-9
-5
-4
-10
-7
-5
-9
-16
-27
-33
-35
-31
-35
-40
-34
-37
-32
-32
-45
-43
-38
-43
-35
-29
-38
-40
-36
-37
-44
-47
-46
-46
-46
-48
-52
-50
-43
-40
-49
-48
-46
-47
-35
-43
-56
-41
-36
-50
-54
-45
-48
-52
-44
-48
-54
-47
-42
-43
-50
-51
-43
-51
-54
-52
-54
-47
-41
-39
-37
-35
-33
-33
-31
-26
-30
-32
-23
-24
-30
-38
-37
-34
-36
-30
-24
-22
-19
-23
-21
-20
-23
-13
-12
-23
-19
-14
-18
-16
-19
-23
-20
-20
-18
-13
-15
-12
-3
-2
-7
-5
-4
-7
-8
-2
-1
-8
-9
-3
-3
-11
-11
-3
-5
-12
-6
-8
-12
-5
0
-3
-6
-2
2
-8
-10
-5
-3
-6
-5
6
-2
4
13
3
0
4
8
9
11
14
15
15
16
14
16
17
8
9
14
9
11
17
14
10
14
18
17
18
18
18
14
20
24
16
9
19
21
14
15
13
19
22
15
20
8
10
24
15
18
21
24
26
28
28
21
21
15
18
21
22
22
20
24
18
18
19
21
27
24
23
22
18
19
22
22
16
19
20
20
18
14
11
14
20
20
21
21
25
28
21
16
22
19
15
22
17
22
16
9
24
23
21
22
20
18
15
16
14
17
13
6
9
19
16
1
-1
5
2
5
9
7
15
11
3
6
3
5
5
0
3
2
1
2
-4
-4
1
0
3
2
-1
-5
-8
0
0
-14
-12
-16
-21
-15
-15
-14
-16
-16
-15
-12
-4
-4
-9
-6
-6
-12
-13
-16
-14
-11
-16
-18
-17
-21
-23
-21
-18
-10
-13
-17
-9
-11
-14
-5
-6
-9
-13
-5
1
-5
-4
-8
-13
-10
-7
-6
7
12
4
1
0
2
3
3
11
13
10
12
16
9
3
8
8
11
4
6
12
4
3
8
2
9
14
12
11
9
19
11
6
22
17
6
-2
0
2
3
5
3
5
5
-2
-2
1
-2
-1
2
6
-4
-10
-4
-3
-14
-18
-10
-19
-16
-3
-14
-18
-4
-12
-16
-1
3
-8
-13
-8
-12
-18
-13
-13
-13
-8
-3
-8
-19
-16
-10
-12
-8
-4
-6
-7
-7
-11
-5
-3
-12
-14
-6
-10
-19
-13
-15
-20
-9
-11
-9
-10
-15
-9
-19
-27
-15
-18
-24
-9
-10
-26
-19
-13
-14
-12
-13
-11
-14
-25
-12
-4
-21
-20
-14
-28
-29
-21
-7
-11
-22
-8
-6
-14
-16
-14
-14
-16
-17
-16
-22
-26
-18
-19
-25
-22
-21
-18
-16
-12
-8
-12
-17
-17
-5
-5
-18
-7
-6
-15
-13
-12
-9
-13
-13
-6
-21
-16
0
-14
-12
-1
-13
-12
-1
-11
-8
9
-7
-10
0
6
1
-9
-1
-2
-2
3
-1
-3
2
3
-6
-1
8
2
0
12
10
8
11
6
10
12
5
9
5
9
18
0
5
14
4
6
9
12
10
6
13
20
14
13
17
11
13
20
16
15
19
14
6
15
20
16
17
21
25
22
18
25
24
18
23
32
26
23
30
26
21
25
30
25
27
34
26
23
30
32
22
23
37
28
30
38
30
40
30
19
41
43
37
36
33
34
25
14
27
32
22
32
40
35
36
32
20
19
25
26
23
28
35
29
7
13
26
9
9
25
17
11
8
12
19
6
3
12
15
16
10
15
20
6
-3
6
11
3
14
17
5
8
2
-6
0
3
2
1
9
9
13
-16
-32
15
2
-22
3
10
-1
-23
-20
-5
-30
-26
2
-6
-2
-10
-13
-2
-16
-22
-13
-1
-4
-8
-23
-25
-13
-24
-33
-25
-3
-2
-20
-22
-11
-34
-53
-23
-11
-31
-28
-14
-15
-35
-45
-30
-27
-28
-31
-28
-16
-28
-27
-31
-39
-31
-30
-34
-28
-18
-32
-36
-24
-30
-31
-30
-26
-12
-23
-38
-36
-26
-26
-31
-30
-30
-24
-39
-39
-21
-37
-38
-31
-32
-34
-26
-22
-32
-24
-31
-42
-30
-16
-14
-31
-27
-14
-25
-28
-31
-26
-7
-5
-11
-6
7
1
-10
1
1
-7
-1
9
16
3
-8
0
-1
-2
-6
-4
3
3
4
8
14
13
17
26
24
19
13
22
22
9
22
23
12
13
14
13
14
24
32
30
26
38
35
26
32
40
37
29
36
28
21
19
12
17
9
12
26
20
6
7
11
16
13
17
33
26
19
20
8
0
12
12
-1
8
8
-5
-9
-11
-6
-6
-5
6
10
3
-5
-11
-10
-9
-6
-2
-4
-8
-4
-11
-20
-16
-22
-17
-18
-19
-8
-14
-10
-21
-20
-4
-11
-14
-14
-7
-7
-8
-18
-20
-12
-12
-9
-5
-3
-13
-14
-11
-7
3
2
-7
2
5
-15
-7
10
-2
4
16
19
12
-5
5
15
8
15
17
9
11
15
5
6
7
7
16
16
21
29
25
15
22
25
12
11
22
28
10
20
37
19
15
25
35
41
40
39
40
31
13
23
41
34
33
45
40
31
20
17
21
21
31
40
28
33
41
19
23
40
27
19
28
38
31
22
19
13
20
22
22
36
30
12
6
24
27
5
16
27
14
18
21
13
5
7
16
14
8
6
9
2
-10
6
6
0
-3
-7
3
-14
-20
1
-7
-14
-10
-9
-14
-22
-19
-17
-29
-28
-19
-24
-30
-23
-17
-22
-24
-29
-33
-29
-27
-32
-37
-38
-34
-35
-32
-34
-46
-33
-21
-36
-39
-26
-30
-45
-35
-16
-37
-44
-21
-27
-33
-28
-25
-30
-29
-22
-26
-27
-15
-8
-28
-28
-13
-24
-16
-10
-15
-7
0
-6
-28
-18
-11
-22
-9
-1
-5
-5
-4
-9
-6
-9
-21
2
20
7
10
3
-20
-27
-12
-11
-12
12
9
-5
7
5
-8
-2
10
4
7
22
10
-11
-4
5
-3
2
9
-1
-2
11
4
-12
-7
-4
-6
-7
10
5
-10
-1
-3
-5
-15
-19
-3
-11
-30
-18
0
-10
-18
-19
-26
-25
-24
-23
-16
-4
-1
-19
-20
-14
-32
-38
-16
-12
-27
-24
-28
-42
-40
-29
-41
-47
-15
-19
-43
-30
-24
-44
-48
-35
-32
-36
-28
-14
-31
-38
-31
-35
-39
-31
-19
-23
-14
-12
-23
-34
-26
-4
-17
1
14
-9
5
16
-1
-8
7
12
-5
15
30
1
-2
30
24
-4
33
53
24
29
48
41
31
46
54
45
45
57
58
46
49
51
48
55
57
55
65
77
68
71
90
68
71
103
80
74
85
88
86
66
79
87
65
79
90
74
75
79
81
75
77
85
79
82
89
77
63
65
71
68
76
86
67
69
64
37
46
51
47
63
64
58
62
59
50
43
44
47
45
43
26
22
26
17
12
8
16
7
-2
15
12
-5
2
3
-9
-12
-8
-18
-25
-7
-20
-34
-25
-27
-47
-52
-40
-35
-28
-29
-37
-42
-42
-48
-54
-49
-43
-32
-32
-32
-42
-59
-70
-61
-54
-56
-43
-41
-43
-50
-61
-69
-67
-51
-41
-33
-25
-23
-41
-57
-42
-43
-44
-20
-16
-30
-34
-33
-40
-50
-35
-39
-42
-24
-15
-28
-35
-25
-46
-54
-36
-19
-10
-5
0
-4
-17
-36
-39
-25
-14
-7
6
20
1
-24
-29
-30
-31
-20
7
15
20
11
-3
-13
-29
-20
-14
-8
9
8
3
-5
-13
-15
-24
-30
-8
9
9
16
14
-3
-24
-30
-17
-13
-8
6
16
-2
-13
-17
-34
-31
-16
1
13
10
4
1
-14
-24
-13
-6
7
14
7
5
-6
-10
-16
-27
-15
2
1
5
5
0
-3
-14
-15
1
-4
-10
-1
5
-2
-17
-24
-20
-11
0
3
-2
0
0
-6
-2
-13
-12
-2
-13
-9
-10
-14
-10
-10
-5
-9
-25
-12
0
-15
-4
14
5
-13
-23
-12
-15
-18
2
9
-5
-8
-8
-20
-19
-5
14
27
30
14
-3
-4
-7
-5
19
24
18
14
7
6
11
20
15
14
21
17
17
23
40
43
21
10
13
6
2
22
51
50
30
12
-6
-15
-4
31
55
51
41
18
1
-15
-6
29
40
39
36
19
-9
-17
-1
18
35
37
28
12
1
3
2
10
33
26
-5
-11
-1
-4
2
20
22
16
1
-16
-2
19
15
25
30
-2
-22
-20
-8
5
26
36
9
-6
-11
-9
0
18
38
29
7
-14
-15
-4
9
33
37
19
5
-8
-19
-8
16
40
38
25
5
-9
-5
-1
34
45
31
23
-2
-10
2
12
24
37
24
22
12
3
17
20
33
34
22
16
3
1
15
19
7
6
13
-4
-17
5
18
29
22
9
6
-9
-7
3
8
16
10
-3
-13
-13
-11
-5
3
6
-9
-22
-17
-12
-11
-3
-5
-6
-12
-33
-37
-31
-20
-14
-10
-16
-27
-39
-45
-21
-16
-20
-10
-9
-25
-41
-39
-32
-34
-32
-20
-16
-17
-24
-29
-34
-36
-37
-35
-11
2
-13
-27
-28
-35
-51
-46
-31
-12
-6
-21
-42
-50
-53
-52
-34
-12
-4
-21
-36
-43
-57
-61
-38
-17
-17
-28
-37
-55
-66
-53
-33
-15
-10
-28
-51
-54
-60
-63
-41
-19
-24
-38
-41
-51
-50
-48
-43
-28
-33
-49
-51
-44
-46
-34
-32
-32
-36
-60
-58
-46
-27
-12
-7
-13
-51
-53
-47
-44
-3
27
16
-5
-33
-65
-70
-39
-3
21
24
-2
-24
-38
-48
-36
10
43
22
2
-5
-35
-38
-1
31
39
37
22
-12
-26
-18
-4
25
44
42
17
-3
-9
-11
11
43
56
38
18
-7
-10
21
27
42
62
51
29
1
-9
11
40
66
56
26
2
-10
-4
25
61
71
70
50
10
-5
-3
26
70
82
80
57
7
-20
9
42
64
83
84
62
22
19
40
61
94
103
82
50
24
38
54
74
114
103
63
22
7
31
66
123
142
94
55
35
13
2
56
131
135
121
90
28
-10
7
80
96
79
99
110
82
51
42
54
63
73
89
81
72
75
90
51
9
11
25
57
81
104
78
38
30
7
-34
-24
52
108
108
68
19
-23
-34
-31
1
30
11
46
61
9
-42
-55
-9
-7
-40
-9
31
47
31
-25
-70
-106
-91
-51
-18
22
33
28
-33
-118
-158
-131
-36
31
14
-29
-66
-59
-60
-87
-87
-47
8
-23
-76
-117
-132
-55
0
3
-60
-119
-90
-59
-51
-109
-110
3
18
-54
-134
-162
-85
-39
-13
-24
-87
-58
-40
-88
-155
-170
-53
38
16
-64
-118
-97
-58
-97
-155
-121
-7
52
-47
-140
-131
-75
-31
-45
-75
-76
-42
-9
-85
-161
-84
31
58
-54
-174
-140
-61
-15
-32
-79
-45
0
-31
-102
-126
-44
25
-3
-83
-152
-119
-28
16
9
-70
-119
-69
-56
-83
-89
-32
39
-12
-81
-116
-111
-28
8
-11
-65
-110
-101
-107
-62
1
16
31
-18
-136
-187
-118
20
75
35
37
-6
-105
-142
-127
-17
109
174
118
-54
-164
-123
-14
29
57
108
139
119
39
-38
-67
-31
33
48
46
114
216
207
85
23
1
1
26
100
252
287
238
190
77
-4
3
138
215
176
211
248
201
89
59
164
237
232
210
177
152
147
192
211
193
217
186
117
75
126
219
244
241
191
111
21
20
73
118
174
185
141
5
-98
-70
-40
-61
-56
-4
12
-66
-124
-126
-140
-143
-143
-133
-150
-163
-131
-149
-193
-236
-243
-206
-236
-300
-276
-237
-247
-279
-298
-287
-302
-289
-275
-289
-264
-205
-164
-180
-188
-213
-241
-282
-274
-194
-134
-78
-58
-98
-216
-241
-133
-21
64
139
170
7
-154
-121
37
187
253
294
207
83
60
131
238
274
292
334
318
338
379
322
315
282
309
369
343
402
495
538
468
336
220
249
424
547
623
593
568
577
508
423
384
501
641
658
629
616
665
737
722
532
140
-220
-449
-540
-424
-243
-15
22
-221
-589
-1031
-1302
-1316
-1036
-575
-191
8
-3
-100
-191
-213
-161
-25
161
271
334
335
264
166
-29
-272
-482
-598
-589
-582
-610
-705
-800
-873
-999
-1086
-1092
-936
-710
-535
-403
-390
-400
-379
-388
-348
-183
65
259
313
275
204
136
79
54
76
104
59
-151
-442
-635
-641
-452
-198
-31
-32
-171
-403
-630
-664
-455
-45
411
682
703
523
262
81
70
216
446
651
763
719
523
304
135
28
12
108
258
382
455
447
366
266
234
334
437
551
822
1098
1198
1098
864
714
767
1000
1356
1655
1771
1548
679
-688
-1826
-2092
-1274
40
854
727
-281
-1679
-2901
-3584
-3305
-2029
-287
1111
1567
1158
433
-16
-17
269
775
1461
2131
2370
2006
1363
691
79
-464
-954
-1202
-1052
-797
-771
-1097
-1660
-2128
-2383
-2355
-1995
-1407
-710
-166
51
-4
-196
-305
-226
45
499
1062
1645
1931
1734
1228
694
367
183
22
-82
-184
-455
-905
-1325
-1541
-1637
-1684
-1639
-1659
-1740
-1644
-1300
-839
-460
-112
297
533
491
391
492
800
1127
1336
1275
915
431
58
-175
-348
-403
-361
-335
-399
-529
-642
-730
-755
-649
-368
23
387
687
914
1052
1081
1077
1118
1117
1144
1354
1713
2010
2059
2008
1961
1899
1931
2139
2439
2498
1964
499
-1838
-3627
-3245
-1009
1134
1616
478
-1460
-3610
-5083
-4906
-3147
-514
2222
3943
3705
2053
798
906
1594
2090
2768
3697
4129
3558
2217
748
-474
-1481
-2338
-2845
-2606
-1714
-1214
-1912
-3208
-4072
-4199
-3655
-2466
-903
388
1109
1494
1449
838
249
377
1028
1662
2350
3134
3415
2621
1077
-449
-1649
-2337
-2439
-2230
-1979
-1766
-1680
-1957
-2584
-3136
-3242
-2905
-2103
-809
436
1154
1431
1386
1034
556
487
1034
1669
1944
1798
1275
354
-748
-1609
-1983
-1826
-1305
-628
-322
-600
-997
-1306
-1464
-1351
-790
233
1216
1821
2061
1854
1259
699
558
845
1353
1843
2125
1957
1442
1237
1438
1669
1953
2285
2550
2639
2369
1176
-1961
-5800
-6573
-3246
948
2690
1789
-297
-3250
-6117
-6776
-5039
-1908
2289
6248
7159
4322
1077
586
1731
2259
2565
3452
4288
4113
2479
-39
-2223
-3500
-4393
-5304
-5088
-2951
-1128
-1819
-3783
-4837
-4680
-3673
-1656
885
2609
3214
3726
3869
2776
1471
1144
1366
1243
1157
1929
2740
2106
48
-2304
-4003
-4527
-3904
-2711
-1903
-2101
-2770
-3117
-2953
-2276
-1193
-46
879
1630
2298
2590
2170
1511
1338
1388
1434
1728
1953
1654
658
-666
-1805
-2705
-3102
-2825
-2183
-1411
-704
-534
-1011
-1358
-982
-255
162
443
1306
2436
2901
2728
2264
1605
1003
663
888
1455
1524
1054
313
-384
-219
640
1462
2037
2257
2434
2394
1932
923
-2186
-6371
-6870
-2307
2869
4075
2102
-291
-3552
-6944
-7436
-4880
-972
3640
7795
8008
3301
-976
-554
1959
2886
2851
3591
4522
4066
1535
-1992
-4271
-4614
-4698
-5324
-4344
-997
684
-1706
-4794
-5543
-4580
-2751
353
3831
5384
5125
4722
3592
1432
257
816
1511
1180
862
1608
2147
815
-2279
-5261
-6093
-4738
-2859
-1520
-704
-721
-1670
-2319
-1839
-836
87
1177
2652
3654
3632
3145
2226
878
-102
-317
57
677
1282
1395
133
-1966
-3387
-3838
-3575
-2657
-1246
153
915
905
337
-197
50
861
1112
878
1512
2857
3322
2499
1341
574
51
-237
109
657
827
683
116
-485
-242
1046
2631
3285
3168
3334
3465
2218
-1901
-7360
-8493
-3209
3226
4916
2511
-136
-3467
-7823
-9423
-6670
-1794
3625
8462
9100
3829
-1438
-1010
2017
2765
2407
3943
6054
5371
1427
-3223
-5660
-5634
-5662
-6315
-4575
-182
1497
-2030
-5842
-6135
-4794
-3122
330
4781
6955
6554
5703
4136
1392
-385
-9
903
803
441
1171
1949
284
-4129
-8049
-8054
-5397
-3501
-2275
-438
493
-727
-1921
-1222
-54
800
2398
4097
4404
4081
4043
2772
39
-1606
-1499
-1006
-314
602
452
-1282
-2939
-3640
-4236
-4212
-2497
-389
656
1358
2026
1700
925
1221
2024
1751
1444
2557
3309
2458
1347
660
-141
-864
-496
326
256
-9
112
55
286
1607
3354
4324
4464
4305
2436
-3148
-9347
-9364
-2155
5002
5996
2955
-424
-4998
-9863
-10666
-6634
-517
5791
10434
9712
3306
-1997
-1485
1228
2207
2999
5761
8428
6862
614
-5749
-8187
-7735
-7555
-6737
-2253
2806
1964
-3826
-7928
-7884
-5881
-2732
2349
7374
9221
8121
5991
3368
503
-1383
-1123
756
2181
2440
2371
1023
-3400
-8818
-10516
-7612
-3993
-2208
-890
8
-1070
-2476
-2035
-409
1250
3149
5133
5657
4704
3860
2575
189
-1375
-1207
-473
424
1300
713
-1882
-4644
-5673
-4875
-2951
-696
595
834
1346
1622
534
-357
844
3062
3817
3139
3189
4001
3565
1405
-822
-1367
-515
229
611
1331
2090
1274
-1233
-2471
-254
3723
6429
6699
4004
-2885
-10805
-11626
-3610
4835
6749
4262
860
-4579
-10216
-10912
-6748
-839
5879
11391
10686
3508
-2177
-1462
1728
3122
3621
6015
9024
7497
204
-7134
-9052
-7816
-7966
-7007
-1570
3405
1413
-5350
-9540
-8748
-5521
-1169
4197
8746
10118
8318
5424
2806
754
-162
619
2151
2521
2240
2585
1013
-4899
-11285
-11997
-7567
-3374
-759
1211
755
-2310
-4722
-4090
-827
3101
5747
6304
6063
5743
3814
768
-761
-898
-1093
-489
1289
1900
166
-2291
-4639
-6601
-6438
-3574
-173
1581
1957
1880
1195
389
260
859
2326
3875
4078
3236
2831
3241
2770
720
-900
-1019
-8
1470
1864
690
-242
336
1452
2455
3737
3169
-2181
-9522
-11187
-4015
5330
8204
3878
-2046
-6405
-10038
-11074
-6436
1621
8144
10387
7837
2055
-2789
-2894
748
4144
6141
7889
8592
5815
-892
-7901
-10505
-8317
-5172
-3071
-378
1919
-539
-7269
-11871
-10297
-4927
642
5604
8771
8636
5812
2381
446
294
1669
3876
4733
3753
1837
-432
-2335
-4651
-7544
-8297
-5680
-2388
-1296
-1884
-2822
-3962
-4071
-1930
1304
3999
5506
5131
3638
2798
2316
1647
1573
1983
1628
521
-47
-293
-1481
-2925
-3503
-3486
-2697
-1369
-1092
-1642
-1107
176
856
1304
2198
3107
3067
2405
2094
2334
3086
3547
2950
1972
1465
1303
799
-33
-154
876
2338
3680
4289
2310
-3397
-10491
-13120
-6942
3293
8320
5623
-582
-6459
-11179
-12858
-8506
367
8512
12021
9703
3354
-2310
-3520
-740
3185
6666
9509
10270
6593
-944
-8118
-10720
-8711
-5714
-3219
-579
468
-2741
-8844
-12474
-10410
-4521
1628
6264
8703
8112
5067
1816
571
1666
3726
5591
6292
4869
1710
-1815
-4518
-6039
-6561
-5601
-3575
-2242
-2440
-3702
-5037
-5597
-4578
-1363
3064
6083
6275
4601
2743
1741
1703
2871
4623
4998
3575
1564
-325
-1758
-2694
-3242
-3113
-2435
-1419
-622
-884
-1731
-2098
-1314
577
2424
3391
3942
4108
3453
2139
1083
1601
3263
4320
4329
3925
3277
1917
96
-339
1308
2235
-183
-4933
-8644
-7578
-1359
4219
3419
-2049
-6250
-7971
-9439
-8347
-2205
5055
8139
6095
1392
-2429
-2714
575
5486
9723
11372
9349
4605
-710
-5210
-7611
-6341
-2437
263
21
-2309
-6043
-10588
-13996
-13159
-7106
659
5379
5908
3855
919
-1437
-1210
2601
7370
9771
8807
5630
2432
27
-2027
-3197
-3097
-2801
-2890
-3280
-4043
-5336
-6764
-7304
-6224
-3380
394
3316
3936
2692
1239
1136
2795
5011
6595
6706
4653
1260
-885
-350
1324
1883
880
-823
-2580
-3624
-3467
-2325
-834
-6
-184
-285
752
2215
2841
2718
2858
3260
3438
3792
4285
3950
2706
1876
2015
3004
4178
2860
-1908
-6545
-8271
-6705
-1325
4329
3688
-2876
-8098
-9374
-9312
-6809
-568
4921
5902
3633
-13
-2744
-1902
2168
6907
10124
10476
7347
2214
-2329
-4998
-4996
-1497
2570
2596
-766
-4813
-8580
-11309
-11980
-9349
-3642
1662
2835
365
-2493
-3658
-2924
339
5336
8645
8914
6666
2680
-804
-1548
73
2122
2849
1400
-1698
-4842
-6189
-5933
-4943
-3578
-2861
-2903
-2667
-2011
-1369
-186
1778
3770
4726
4485
3764
2877
2240
2315
3395
4760
4602
2301
-527
-2361
-2730
-1830
-709
451
1189
640
-473
-1000
-556
660
2113
3233
3743
3635
3590
3668
3468
3221
3123
3499
3005
-96
-3654
-4937
-4414
-1911
1578
1376
-3608
-8401
-9341
-8280
-6116
-1215
3721
4262
1116
-2685
-4593
-2515
2065
6581
9782
9930
6276
1276
-1808
-2608
-1887
647
3555
3057
-964
-5763
-9499
-10392
-8596
-5617
-2402
-391
-1210
-3521
-4463
-3534
-1937
288
3514
5424
5285
3989
1383
-323
1120
3774
4914
4663
2660
-1638
-5318
-4966
-2444
-1076
-292
-599
-2840
-4851
-5060
-4245
-2285
1197
3680
3349
1691
933
1066
1710
2851
3845
4959
5474
3932
1559
697
911
1077
1295
1537
1501
919
-9
-1078
-693
1446
2607
2333
2053
1641
1032
1396
2876
4240
3492
65
-3716
-5473
-3885
624
4781
4339
-1206
-6911
-8933
-8437
-5442
679
4929
3287
-1386
-4809
-5317
-3042
1510
6411
8321
6299
2311
-872
-1396
-824
-571
1215
3330
2136
-1629
-4852
-6119
-6382
-6174
-4241
-1510
-1062
-3384
-5588
-5268
-3058
-982
884
2511
2265
535
-935
-781
1305
3560
4508
4048
2351
23
-1644
-1440
380
1447
693
-524
-1656
-2695
-2965
-2042
-819
-467
-732
-662
-461
-347
543
1700
2060
2098
2717
3432
3241
2613
2212
2064
2357
2926
3065
2932
2509
1462
816
1050
1495
1745
1863
1879
1619
1240
1284
1701
1094
-1289
-3247
-2747
-2038
-1829
590
2504
-818
-5997
-6757
-4396
-2725
-681
1942
1750
-1475
-3885
-3357
-189
3458
5217
5466
4676
1933
-1121
-905
1710
3058
2828
2285
261
-3314
-5645
-5933
-4800
-3259
-2797
-3134
-3671
-5086
-6525
-5448
-2473
-451
-50
205
279
-632
-875
537
2544
3643
3231
2370
1801
813
-163
655
2290
2274
532
-944
-1562
-2027
-1690
-637
74
222
-557
-2138
-2425
-1026
92
729
1356
1571
1105
1477
2702
2910
3115
3914
4249
3620
2825
2770
2911
3515
4241
3859
3259
2672
1335
267
574
2168
2576
-192
-3863
-5247
-4152
-3212
-2123
12
-555
-4785
-7369
-5547
-3084
-1596
-8
284
-1141
-2371
-1845
379
2864
4052
4025
3441
1978
-17
64
2750
4332
3347
1704
12
-2475
-4468
-4332
-2562
-1066
-2007
-4311
-5481
-5839
-6409
-5494
-2350
-189
-833
-2374
-2610
-2046
-1312
57
1303
1817
1936
1970
1963
1824
1558
1738
2109
1811
1469
1490
1386
854
51
-403
-48
648
363
-1010
-1482
-610
-287
-345
454
973
351
44
1046
2399
2760
2509
3035
3893
3754
3213
3809
4999
4883
4008
4274
5028
4534
3459
3393
3461
1132
-3124
-4823
-2949
-1135
-440
-457
-2503
-6605
-9257
-8189
-5733
-3459
-1791
-2254
-3983
-4538
-3402
-1377
821
2716
3889
3851
2448
1100
1875
3920
4760
4030
3033
2015
132
-1858
-2612
-1915
-1309
-2710
-4911
-5865
-5939
-6020
-5532
-3895
-2435
-2721
-4250
-5235
-4390
-2281
-1309
-1350
-115
1075
628
695
1727
1658
1445
2931
4349
4144
3687
3508
2613
1784
2224
2842
2473
1263
-233
-765
23
283
-848
-2030
-2292
-1687
-375
1186
2061
1588
350
-115
1262
3930
5514
5378
5101
4778
4718
5576
6261
5956
5568
5681
4583
1818
-100
-329
-332
-18
743
-663
-4934
-8426
-8575
-6820
-5161
-4039
-3790
-5034
-6896
-7201
-5085
-1547
1420
2712
2411
465
-1442
-460
2668
4775
5193
4630
3120
723
-1119
-640
1144
1979
763
-1640
-3261
-4084
-4933
-4914
-3441
-2537
-3753
-5781
-6566
-5828
-4952
-4290
-3345
-2275
-2047
-2609
-2070
-284
857
1023
1622
2752
3328
3312
3024
2917
3364
3871
4013
3624
2653
1571
1113
1597
2124
1907
1162
-68
-951
-354
1010
1541
1070
322
-154
506
2064
3115
3230
2914
2654
2979
3902
4691
5336
5869
5591
4316
2785
1768
1131
928
2021
3529
2763
-828
-4340
-5013
-3726
-2765
-2282
-2072
-3581
-6582
-7917
-6356
-4056
-2630
-1734
-1434
-2495
-3784
-3024
-35
2535
2705
1627
1083
854
496
1245
3077
3656
2090
-119
-1406
-1570
-1427
-1323
-1204
-1562
-3051
-4815
-5224
-4417
-3836
-3983
-4325
-4687
-4917
-4515
-3526
-2101
-882
-764
-1342
-1178
214
1409
1782
1967
2124
2467
3197
3782
3496
2870
2954
3257
3220
3078
2668
1659
560
316
999
1850
2111
1430
213
-132
974
2116
2283
2021
2007
2246
2691
3473
4172
4244
3981
3747
3238
2317
1452
1311
2083
3230
3326
1121
-2349
-4006
-2907
-1498
-1149
-1215
-2191
-4557
-6353
-5912
-4189
-2615
-1604
-1370
-2237
-3696
-4048
-2296
209
1125
268
-593
-751
-855
-492
1070
2357
1517
-758
-2351
-2083
-618
508
583
-147
-1542
-3126
-3633
-2745
-1600
-1297
-2028
-3553
-4692
-4265
-3020
-2054
-1305
-1278
-2376
-2760
-1135
690
1313
1321
964
373
824
2728
4211
4030
3095
2428
2289
2772
3184
2813
2289
2177
2069
2050
2375
2326
1405
703
1387
2522
2780
2360
1934
2072
2708
3418
4078
4031
3116
2496
2485
2060
1229
966
1485
2356
2642
875
-2342
-3679
-2128
-675
-624
-631
-1522
-4261
-6107
-4856
-2340
-865
-590
-1218
-2845
-4720
-4986
-2754
219
1208
-213
-1664
-1993
-2333
-2181
-253
1772
1359
-828
-2311
-2027
-774
100
292
119
-651
-2077
-2958
-2400
-1664
-1942
-2636
-3202
-3638
-3451
-2595
-1943
-1861
-2058
-2420
-2177
-638
864
1062
726
763
864
1083
2043
3174
3326
2633
2310
2835
3623
3586
2615
1904
2056
2882
3669
3731
2925
1750
1173
1427
2524
3625
3455
2581
2057
2456
2979
3175
3622
3576
3203
2915
1943
454
-227
933
2773
3367
1413
-2191
-3806
-2881
-1602
-553
-69
-1225
-3951
-5459
-3953
-2089
-1513
-1248
-1530
-2496
-4128
-4575
-2026
248
133
-1421
-2729
-2293
-1855
-2051
-704
980
390
-1851
-3336
-2569
-1157
-477
-204
-511
-1370
-2587
-3112
-2235
-802
-414
-1377
-2362
-3105
-3075
-2268
-1556
-1024
-1422
-2429
-2783
-1962
-454
92
-322
-507
-291
189
1194
2421
2595
1996
1847
2403
3438
4383
4386
3202
2424
2903
3747
4328
4215
3513
2329
1450
1813
3075
3812
2865
1750
1813
2274
2390
2489
2940
3168
2767
1410
33
112
1600
3349
3428
1172
-1851
-2995
-1601
202
730
88
-1642
-4070
-5392
-4414
-2182
-644
-485
-1726
-3922
-5592
-5195
-2637
-272
11
-1381
-2762
-2812
-2349
-1960
-803
531
183
-1602
-2531
-1493
59
440
-166
-963
-1538
-2021
-2419
-1879
-695
-555
-1759
-2956
-3311
-3163
-2473
-1314
-817
-1391
-2151
-2196
-1362
-266
213
10
-80
161
718
1735
2854
3252
2574
1734
1769
2861
3974
3978
3286
2902
2782
2473
2352
2621
2580
2064
1773
2237
2999
2994
2201
1648
1998
2607
2772
2876
3041
2852
2237
1444
889
870
1094
1239
1611
1986
891
-1563
-2775
-1606
371
1135
49
-1959
-3326
-3308
-2476
-1615
-1114
-1123
-1837
-2998
-3985
-4287
-3475
-1813
-636
-1304
-3207
-3973
-2820
-1647
-1616
-1902
-1894
-1823
-1940
-2010
-1606
-684
71
-246
-1437
-2257
-1830
-604
280
232
-600
-1630
-2285
-2239
-1391
-297
261
-38
-812
-1130
-711
220
1236
1493
852
161
397
1538
2421
2242
1511
1133
1270
1664
2088
2312
2365
2186
1739
1534
1901
2282
2161
2014
2186
2301
2241
2174
2033
1844
1727
1808
2078
2194
2089
2029
2055
1863
1491
1433
1559
1384
869
519
708
1081
1070
486
-273
-671
-627
-529
-767
-1311
-1757
-1735
-1612
-1895
-2211
-2145
-1990
-2212
-2566
-2448
-1966
-1733
-2015
-2520
-2749
-2694
-2588
-2116
-1191
-642
-1207
-2373
-2786
-2174
-1445
-1028
-813
-748
-1045
-1601
-1908
-1645
-1169
-1225
-1496
-1239
-687
-442
-583
-748
-794
-750
-591
-199
416
766
570
236
295
666
933
925
994
1360
1627
1860
2150
2090
1633
1495
2133
2833
2907
2516
2286
2355
2270
2067
2091
2258
2108
1544
1279
1733
2204
1954
1389
1250
1352
1321
1353
1521
1578
1275
752
610
1150
1934
2185
1588
628
116
368
877
984
496
-255
-1025
-1734
-2005
-1850
-1719
-1910
-2370
-2752
-2995
-3121
-2928
-2515
-2280
-2338
-2314
-2095
-1994
-1885
-1614
-1535
-1741
-1930
-1945
-1826
-1672
-1702
-1910
-1936
-1781
-1749
-1890
-2148
-2264
-1997
-1374
-852
-852
-999
-985
-881
-603
-119
247
174
-64
-25
192
400
617
769
921
937
630
594
1170
1694
1696
1536
1782
2357
2601
2369
2188
2397
2715
2770
2716
2756
2518
1947
1685
1785
1936
1952
1727
1407
1079
930
1195
1661
1838
1566
1125
890
1038
1452
1811
1836
1452
963
662
552
655
919
1034
581
-253
-762
-703
-481
-565
-892
-1132
-1363
-1800
-2164
-2095
-1889
-1965
-2188
-2336
-2482
-2608
-2554
-2400
-2385
-2531
-2513
-2217
-2093
-2231
-2184
-1815
-1560
-1666
-1819
-1706
-1356
-1053
-824
-739
-951
-1233
-1287
-1104
-855
-598
-461
-613
-978
-1203
-938
-402
-55
-58
-198
-239
-247
4
600
1085
1083
780
808
1159
1422
1633
1949
2189
2160
1916
1686
1756
1968
2032
2039
2102
2093
1883
1584
1379
1336
1434
1709
1963
1843
1476
1239
1175
1254
1538
1805
1773
1491
1230
1183
1266
1213
1003
979
1102
964
649
404
219
-43
-417
-538
-295
-90
-234
-636
-1030
-1369
-1648
-1747
-1634
-1436
-1412
-1700
-2090
-2271
-2264
-2236
-2209
-2187
-2064
-1945
-1982
-2011
-1979
-1911
-1882
-1890
-1799
-1533
-1260
-1171
-1187
-1114
-979
-977
-944
-651
-252
-88
-215
-337
-308
-145
28
29
-119
-133
124
429
571
490
294
126
71
211
603
1115
1304
984
618
553
704
982
1277
1491
1571
1450
1232
1160
1286
1465
1528
1465
1352
1228
1160
1134
1099
1058
1003
808
516
471
810
1184
1211
946
679
607
834
1079
1110
1144
1101
782
468
405
385
222
-13
-178
-229
-328
-630
-1028
-1177
-1057
-1027
-1131
-1122
-1025
-1136
-1400
-1498
-1300
-1003
-923
-983
-1023
-1063
-1223
-1453
-1364
-1034
-1004
-1348
-1606
-1438
-982
-679
-784
-1052
-1146
-974
-605
-261
-130
-124
-118
-146
-214
-153
133
455
495
224
31
107
297
369
266
208
237
246
348
583
662
527
420
552
849
963
887
806
697
604
672
850
957
871
626
384
236
317
677
970
896
596
428
501
562
593
835
1183
1362
1262
986
710
529
540
765
1011
987
584
60
-262
-334
-288
-233
-245
-438
-757
-961
-1036
-1104
-1060
-979
-1157
-1441
-1436
-1115
-851
-982
-1307
-1415
-1349
-1289
-1167
-894
-681
-767
-994
-1063
-878
-560
-298
-231
-322
-391
-286
-44
135
146
90
113
185
180
235
454
539
381
184
120
225
383
469
497
531
389
74
-4
268
577
621
437
315
400
498
448
400
495
664
747
673
571
580
606
568
552
686
835
665
317
216
420
549
399
255
302
387
279
90
99
237
272
201
291
461
396
227
194
286
355
286
139
-16
-176
-275
-313
-334
-418
-678
-1050
-1338
-1416
-1303
-1205
-1338
-1615
-1809
-1782
-1528
-1220
-1126
-1283
-1457
-1432
-1133
-699
-381
-392
-618
-749
-595
-198
134
170
-62
-184
-32
81
25
50
270
380
278
196
324
587
725
764
865
971
971
948
1049
1212
1287
1257
1184
1068
862
726
749
808
863
847
763
565
328
220
233
339
496
652
748
720
537
351
336
403
492
612
669
576
351
149
35
-14
35
163
209
60
-152
-324
-346
-198
-79
-72
-203
-398
-475
-420
-379
-443
-565
-717
-925
-1081
-1102
-1002
-799
-697
-870
-1194
-1352
-1250
-1035
-833
-789
-936
-1057
-1066
-1022
-864
-776
-943
-1108
-963
-598
-355
-350
-485
-570
-482
-348
-241
4
353
452
266
179
302
387
354
389
593
774
696
459
321
324
335
362
550
780
795
668
590
596
718
908
1058
1126
1083
962
924
1006
1102
1138
1068
936
871
879
820
704
613
569
608
612
569
553
499
327
129
178
454
584
369
36
-142
-124
-33
32
44
-108
-393
-612
-655
-560
-438
-429
-555
-784
-1098
-1228
-1020
-711
-632
-830
-1032
-1115
-1217
-1283
-1171
-994
-924
-996
-1044
-872
-657
-732
-954
-940
-648
-335
-230
-276
-292
-326
-426
-465
-360
-187
-86
-103
-165
-142
-135
-221
-240
-81
216
383
337
285
270
299
432
600
726
832
902
902
883
827
756
720
734
858
977
940
731
475
495
754
871
738
560
517
570
603
610
709
800
685
484
418
517
625
570
395
245
141
33
-37
4
37
-58
-278
-497
-628
-676
-599
-466
-379
-403
-552
-709
-790
-761
-598
-417
-435
-615
-726
-735
-737
-719
-662
-613
-687
-839
-877
-774
-649
-658
-700
-616
-475
-401
-379
-334
-282
-224
-216
-211
-71
53
5
-59
-34
11
27
1
-8
45
94
78
52
94
134
158
252
387
470
490
513
541
581
641
725
850
944
943
860
760
708
688
716
812
940
1007
920
718
525
478
596
768
868
827
659
447
297
225
265
296
226
151
58
-33
-94
-141
-137
-177
-274
-335
-309
-234
-197
-208
-294
-450
-624
-706
-616
-469
-416
-573
-876
-1096
-1147
-1060
-864
-712
-758
-1003
-1263
-1238
-913
-622
-573
-687
-762
-724
-645
-499
-329
-320
-445
-565
-585
-473
-315
-250
-302
-347
-347
-357
-403
-390
-288
-173
-80
-42
-33
4
42
77
172
278
314
366
515
668
729
673
581
612
794
996
1091
1039
924
857
865
929
1076
1220
1158
926
752
765
867
947
978
860
611
416
408
582
751
697
435
192
124
151
172
231
272
149
-138
-375
-376
-214
-140
-257
-395
-505
-672
-779
-678
-461
-392
-557
-786
-900
-865
-743
-625
-609
-746
-959
-1077
-986
-809
-712
-718
-834
-957
-930
-759
-603
-547
-566
-605
-533
-351
-237
-248
-287
-266
-217
-202
-181
-151
-120
-81
-99
-166
-190
-164
-149
-81
17
41
81
205
362
459
489
518
553
627
731
838
928
924
812
716
746
829
856
879
925
936
898
868
858
824
795
847
961
1012
907
708
523
419
372
323
333
357
269
102
-64
-150
-191
-251
-280
-248
-234
-278
-308
-290
-310
-439
-575
-561
-433
-380
-493
-653
-708
-696
-653
-609
-595
-598
-674
-754
-716
-585
-443
-395
-473
-547
-495
-419
-403
-395
-356
-336
-397
-472
-471
-403
-308
-275
-285
-298
-337
-351
-306
-220
-102
7
14
-49
-86
-20
102
113
82
163
316
361
264
162
166
261
369
460
533
579
573
565
618
707
786
836
881
943
998
974
886
773
698
712
753
790
786
681
495
329
284
346
426
477
448
319
173
74
20
24
60
12
-154
-358
-457
-435
-427
-490
-591
-678
-710
-685
-665
-676
-676
-657
-586
-543
-599
-631
-572
-487
-479
-499
-472
-463
-519
-554
-507
-449
-468
-545
-556
-504
-501
-544
-544
-478
-421
-405
-411
-403
-338
-252
-185
-118
-70
-80
-154
-225
-184
-62
27
40
40
59
19
-63
-49
85
267
377
391
380
371
397
462
532
634
723
701
639
624
651
684
668
598
547
571
606
639
658
644
608
545
477
445
514
620
611
500
379
297
260
223
198
197
158
35
-113
-197
-241
-231
-194
-224
-317
-379
-360
-388
-488
-530
-442
-350
-410
-500
-468
-361
-355
-469
-519
-471
-452
-447
-405
-346
-371
-486
-529
-452
-347
-352
-448
-475
-416
-396
-436
-434
-386
-343
-292
-245
-255
-293
-326
-330
-277
-184
-106
-60
-26
2
23
66
165
243
259
315
404
433
402
378
352
360
441
506
537
525
439
321
260
328
454
533
543
480
405
370
402
492
564
598
577
485
407
408
466
518
487
370
269
235
229
219
204
173
79
-28
-55
-6
32
-47
-145
-150
-119
-135
-199
-189
-172
-251
-354
-360
-266
-218
-288
-397
-451
-472
-461
-369
-297
-348
-473
-558
-523
-428
-412
-461
-471
-460
-469
-520
-572
-561
-540
-519
-472
-418
-397
-435
-487
-494
-425
-300
-191
-115
-66
-52
-25
33
135
261
322
303
263
254
318
408
454
460
447
437
458
512
559
572
562
557
611
676
707
676
593
537
534
562
575
571
526
445
361
329
369
395
359
325
327
335
298
244
239
230
178
113
97
97
-1
-119
-167
-180
-203
-223
-233
-264
-324
-406
-423
-341
-282
-276
-301
-351
-413
-440
-360
-248
-201
-266
-409
-501
-515
-475
-416
-386
-400
-440
-527
-641
-686
-697
-658
-555
-483
-481
-544
-607
-633
-627
-540
-436
-359
-267
-222
-264
-316
-290
-157
35
149
149
114
107
155
215
303
429
486
428
364
362
423
482
501
525
533
502
459
445
482
541
569
593
638
630
563
506
518
564
572
573
549
477
424
385
336
297
263
211
151
132
135
105
95
111
109
91
44
-11
-40
-48
-70
-93
-74
-62
-121
-218
-310
-347
-322
-273
-236
-247
-301
-377
-427
-413
-344
-270
-280
-357
-409
-409
-381
-388
-443
-515
-569
-564
-512
-497
-537
-622
-709
-744
-710
-620
-541
-482
-488
-538
-540
-462
-332
-208
-140
-152
-178
-149
-59
23
69
105
127
150
160
156
179
226
263
295
344
397
403
380
375
400
455
517
561
557
500
427
410
486
573
576
520
449
383
347
370
454
510
470
362
273
239
223
243
283
295
239
131
26
-33
-5
69
127
92
-13
-123
-208
-222
-173
-60
28
-23
-149
-230
-244
-189
-125
-79
-49
-114
-200
-231
-213
-164
-160
-202
-262
-307
-321
-319
-302
-316
-356
-409
-449
-417
-355
-317
-339
-399
-410
-353
-264
-221
-237
-255
-254
-244
-193
-95
-42
-72
-124
-115
-37
60
119
139
127
83
77
149
245
291
302
321
353
357
345
374
420
431
412
424
467
487
448
389
372
367
363
377
395
386
318
249
217
218
239
264
284
267
204
156
158
167
143
108
110
98
36
-35
-59
-30
-5
-14
-51
-125
-193
-186
-137
-112
-115
-151
-215
-266
-278
-240
-185
-172
-222
-307
-343
-326
-271
-194
-178
-226
-312
-384
-369
-285
-215
-219
-251
-287
-290
-253
-217
-172
-159
-171
-176
-156
-109
-74
-73
-89
-94
-74
-2
51
58
48
-4
-40
-1
82
142
150
120
103
130
170
207
223
176
112
115
208
288
263
205
186
176
159
168
221
255
213
131
57
57
99
127
142
112
50
12
22
30
37
55
54
51
14
-50
-63
-32
-12
-44
-98
-123
-137
-148
-170
-153
-117
-148
-222
-258
-242
-213
-173
-175
-226
-277
-311
-317
-294
-242
-214
-215
-258
-336
-353
-289
-214
-211
-232
-218
-190
-156
-124
-127
-145
-149
-133
-80
-16
16
1
-54
-77
-15
89
178
204
143
60
17
63
178
241
255
237
176
138
148
212
293
338
322
262
212
214
246
258
252
250
247
202
132
92
99
119
116
108
79
51
48
75
110
79
27
10
-5
-27
-54
-48
-48
-97
-144
-179
-177
-176
-196
-199
-210
-202
-193
-170
-133
-156
-214
-239
-217
-188
-161
-143
-160
-172
-201
-240
-178
-79
-36
-67
-125
-128
-88
-24
43
75
61
25
13
31
80
142
172
151
117
133
187
220
235
248
238
241
269
302
348
365
342
311
307
362
397
403
399
390
375
344
356
380
393
368
310
282
273
256
225
225
243
254
261
234
174
142
137
134
162
188
177
92
8
-24
-19
16
18
2
-47
-114
-149
-168
-153
-155
-188
-187
-180
-201
-260
-307
-299
-300
-300
-298
-311
-310
-349
-386
-383
-345
-295
-313
-336
-349
-343
-286
-237
-199
-182
-219
-271
-253
-160
-79
-44
-52
-98
-157
-160
-86
4
52
50
8
-46
-22
61
127
154
144
127
127
144
163
155
153
173
177
199
227
223
193
173
196
226
270
328
344
297
243
244
288
328
326
289
265
250
238
215
199
183
131
88
65
64
58
3
-26
-66
-105
-119
-142
-126
-149
-195
-213
-256
-244
-236
-281
-314
-371
-408
-410
-396
-387
-432
-471
-483
-528
-537
-524
-491
-441
-426
-375
-385
-431
-429
-406
-355
-287
-195
-180
-275
-308
-291
-267
-188
-127
-86
-109
-136
-125
-94
-4
32
6
16
19
3
53
32
62
49
120
199
239
322
-558
-1264
-785
500
1198
717
291
-470
-733
-66
627
574
95
467
1069
918
211
-430
-357
722
1437
1329
493
-152
-27
-71
46
-304
-188
347
555
534
-81
-310
-491
-277
96
140
209
215
212
39
-192
-519
-544
-164
206
116
-106
-309
-444
-404
-467
-391
-465
-309
-245
-226
-117
-420
-659
-860
-610
-354
-243
-95
-124
-278
-410
-287
-233
-127
-192
-64
180
295
295
-276
-496
-509
-206
442
546
435
20
-269
-196
-218
55
269
338
705
619
274
-187
-355
273
626
936
849
459
357
0
-42
35
376
744
618
556
247
-14
-90
33
339
584
857
794
533
270
123
275
533
799
904
830
660
297
32
4
167
445
580
640
456
106
-130
-252
-155
19
236
339
217
-45
-297
-465
-518
-338
-94
149
157
26
-195
-545
-597
-463
-238
-76
-26
14
-210
-463
-592
-642
-480
-171
177
191
-144
-420
-541
-418
-177
-19
74
125
165
32
-213
-252
-143
25
213
295
249
104
-15
-61
-22
127
238
296
303
245
178
62
-87
-96
94
363
483
382
178
-53
-22
154
231
297
354
484
405
217
124
17
146
323
409
444
345
238
112
59
147
196
238
216
138
165
92
-79
-175
-56
122
102
80
39
-98
-178
-190
-201
-238
-243
-190
-214
-272
-376
-487
-488
-469
-397
-342
-348
-403
-458
-404
-422
-444
-408
-402
-407
-427
-381
-419
-540
-477
-398
-364
-367
-394
-374
-391
-298
-260
-311
-275
-275
-211
-143
-125
-135
-181
-155
-127
-106
-77
-121
-129
-77
-75
-86
-68
-60
-129
-181
-92
-9
5
0
-23
-8
19
46
47
12
75
109
64
83
152
208
181
129
91
109
157
177
185
212
238
148
89
87
91
117
129
152
147
142
107
37
2
7
43
86
69
39
26
-63
-112
-124
-132
-116
-99
-62
-93
-131
-126
-153
-259
-316
-198
-58
4
-31
-75
-152
-200
-125
-82
-65
-84
-103
-121
-150
-104
-100
-157
-178
-153
-77
-88
-127
-89
-94
-95
-80
-45
23
48
69
77
110
133
94
99
100
118
123
42
18
84
151
136
55
7
-38
-29
25
95
153
112
65
62
68
63
86
162
260
351
367
304
210
173
233
286
335
375
353
296
222
201
169
159
238
244
202
157
128
96
53
88
86
52
97
134
137
113
61
59
82
99
109
78
34
19
40
84
143
113
36
6
-9
-10
-8
9
8
6
7
-35
-45
-65
-73
-11
32
73
110
90
37
4
47
27
-62
-28
49
86
64
-2
-63
-81
4
106
93
32
-32
-58
-14
10
7
-72
-72
24
42
36
22
28
-3
-22
-43
-82
-64
-18
83
143
122
78
54
-9
-26
19
47
110
122
118
71
3
-59
-104
-18
62
56
9
2
11
-50
-113
-116
-101
-70
-19
9
-17
-149
-244
-208
-139
-80
-72
-100
-126
-147
-182
-191
-195
-204
-108
-12
-15
-63
-101
-94
-94
-96
-89
-52
32
39
-24
-118
-212
-176
-107
-83
-100
-127
-79
-46
-53
-77
-92
-47
-28
-35
-28
-34
-63
-47
-13
-59
-99
-78
-17
30
35
-17
-92
-103
-99
-49
-29
-40
13
12
-19
-48
-67
-42
-21
2
-28
-70
-27
-1
21
26
-7
3
22
77
116
119
114
88
103
75
21
7
23
64
48
4
-35
-70
-80
-94
-71
-33
-46
-78
-147
-173
-131
-109
-67
-47
-79
-85
-35
-7
-61
-94
-102
-93
-33
-18
-59
-104
-126
-139
-139
-152
-167
-133
-92
-84
-116
-127
-132
-90
-24
-39
-70
-75
-20
45
28
-35
-102
-95
-26
23
50
26
-14
-42
-73
-52
-34
-30
19
34
-11
-46
-42
-62
-76
-44
-16
26
44
8
-12
8
35
42
45
68
81
83
84
95
94
48
30
66
115
127
96
80
92
121
118
84
74
85
111
123
95
88
89
85
96
82
51
50
111
146
106
69
29
-9
20
70
81
59
-6
-44
-70
-68
-24
9
73
82
35
-3
-28
-17
14
61
76
53
25
-1
-1
17
12
-13
-5
41
51
15
0
-2
19
61
77
70
82
96
84
63
45
45
47
62
95
98
70
47
24
16
46
70
92
91
63
49
44
70
86
86
98
89
103
102
86
86
64
91
118
118
117
87
79
75
66
70
85
102
102
96
75
36
17
21
45
86
75
46
16
23
48
25
18
-10
-41
-50
-17
22
-13
-53
-76
-54
-36
-31
-33
-46
-42
-57
-92
-106
-78
-59
-56
-81
-95
-109
-124
-67
-25
-39
-79
-99
-73
-58
-72
-89
-107
-96
-68
-74
-94
-90
-44
-28
-39
-59
-98
-103
-90
-72
-54
-46
-49
-52
-47
-38
-36
-6
33
-5
-19
-26
-63
-58
-34
0
1
-8
12
-8
-54
-75
-52
18
58
39
1
-26
15
40
40
64
53
44
31
15
-36
-76
-47
-28
-4
-16
-50
-49
-29
-36
-53
-50
-54
-47
-40
-48
-63
-68
-93
-99
-71
-84
-108
-121
-129
-121
-93
-101
-114
-94
-97
-107
-127
-120
-103
-111
-121
-142
-136
-119
-123
-120
-110
-121
-94
-84
-103
-76
-58
-43
-63
-93
-105
-99
-43
-22
-41
-88
-91
-52
-12
0
-15
-37
-53
-15
0
-22
-39
-14
37
50
34
12
30
40
57
82
80
59
58
75
82
111
108
97
95
79
81
96
108
119
120
89
82
73
86
90
77
93
85
109
124
122
116
92
77
88
98
69
79
100
87
63
38
18
26
50
23
5
-4
-23
-22
-11
3
19
19
30
42
11
-11
-21
-21
-5
12
20
-3
-11
-13
-21
3
24
24
34
44
35
39
76
75
57
79
68
61
71
70
82
103
116
104
101
120
130
128
119
122
127
136
156
167
166
170
154
124
135
149
140
145
170
187
168
140
105
86
137
170
165
160
126
100
91
91
87
78
108
132
99
53
38
32
21
36
33
11
16
13
-3
-30
-65
-61
-44
-22
-27
-60
-55
-58
-80
-102
-129
-122
-98
-86
-100
-145
-163
-169
-172
-166
-180
-180
-150
-123
-137
-176
-185
-164
-128
-93
-87
-106
-129
-129
-110
-98
-104
-104
-95
-95
-93
-100
-93
-86
-86
-82
-67
-50
-39
-28
-36
-36
-34
-22
8
21
12
-1
-3
-13
-16
-6
30
57
52
44
18
14
17
26
53
50
30
24
32
23
2
10
19
21
40
42
14
-12
-2
-11
-30
-10
2
19
28
8
-29
-52
-32
-22
-26
-27
-23
-24
-49
-65
-95
-124
-105
-82
-60
-52
-72
-101
-130
-125
-130
-167
-128
-70
-62
-79
-116
-140
-132
-104
-80
-56
-38
-35
-64
-106
-111
-101
-81
-44
-5
-23
-57
-53
-57
-25
2
5
11
21
47
39
28
44
47
55
72
64
50
62
73
59
52
48
44
59
85
108
112
103
97
86
92
105
104
94
78
63
66
72
68
71
66
60
51
39
38
25
34
58
63
61
45
25
11
13
15
18
22
10
9
9
-15
-40
-40
-3
24
9
-8
-15
-32
-42
-25
-6
-14
-20
-33
-55
-68
-75
-57
-42
-32
-44
-64
-31
-7
-32
-56
-70
-72
-16
3
-14
-20
-47
-39
-22
-7
12
6
-17
-8
12
25
50
46
46
40
23
13
12
46
63
77
85
80
85
96
106
91
107
129
113
119
126
107
111
105
97
116
108
105
87
70
90
104
102
102
97
89
93
80
67
69
69
73
69
49
41
38
37
53
36
5
-12
-13
17
30
21
4
0
5
5
-3
-29
-36
-39
-26
-8
-35
-56
-38
-14
-9
-24
-42
-54
-62
-59
-47
-43
-50
-45
-46
-45
-26
-27
-37
-52
-44
-38
-55
-34
-6
-6
-24
-28
-21
-10
3
-8
-1
16
4
-3
7
14
12
7
11
19
40
60
50
23
31
55
54
51
50
43
47
41
7
-6
26
62
53
27
22
24
28
42
52
49
47
45
34
12
0
-1
-8
4
13
-12
-23
-20
-23
-12
-6
-11
-12
-3
2
-25
-40
-31
-30
-39
-33
-38
-55
-65
-65
-67
-83
-73
-51
-45
-44
-49
-60
-81
-92
-84
-63
-46
-58
-78
-99
-100
-84
-72
-77
-74
-67
-82
-78
-60
-50
-41
-51
-53
-47
-52
-53
-54
-33
-24
-40
-44
-34
-18
-7
-6
-15
-26
-19
-20
-20
-7
-19
-13
3
-8
-18
-17
-8
-20
-23
-5
3
4
-3
-8
-13
-21
-2
11
-7
0
11
8
1
-17
-18
-25
-23
-19
-16
1
1
9
19
9
4
-4
-3
24
22
2
-6
-13
-13
-16
-3
2
5
17
5
-13
-11
6
19
36
32
25
25
20
17
16
23
25
15
-4
-2
7
-1
18
37
33
31
39
42
52
59
58
78
82
64
44
43
46
36
27
31
54
72
89
84
73
61
53
73
76
76
61
32
38
53
34
9
19
30
27
18
-4
-19
0
34
43
21
3
-1
-6
-5
-10
-5
2
0
9
-12
-27
-8
3
11
19
17
-1
15
39
36
35
40
56
41
27
15
0
16
29
52
56
43
55
62
62
68
66
60
76
81
57
45
44
48
50
38
38
36
33
27
27
38
31
37
25
25
28
-13
-14
-4
-13
-22
-16
-10
-25
-32
-40
-38
-25
-23
-40
-51
-44
-38
-35
-47
-61
-62
-56
-59
-93
-115
-111
-102
-85
-90
-99
-108
-108
-82
-78
-92
-88
-83
-84
-79
-88
-113
-97
-68
-68
-77
-85
-74
-64
-53
-61
-81
-59
-47
-30
-18
-28
-31
-31
-18
-14
-13
-9
-9
-4
1
-8
0
12
15
39
34
19
41
51
44
29
35
42
30
38
36
32
31
21
24
22
33
42
39
47
33
19
16
29
38
18
10
10
4
14
8
-4
-10
-20
-14
-9
-12
-21
-40
-37
-16
-24
-30
-21
-11
-24
-55
-57
-48
-48
-50
-50
-51
-66
-66
-43
-27
-30
-33
-31
-29
-40
-48
-46
-42
-27
-6
-12
-40
-39
-30
-17
-10
1
11
4
14
25
33
36
36
42
44
34
25
44
74
79
64
61
54
63
88
87
92
93
86
82
72
78
85
90
101
82
65
82
92
94
86
74
77
76
80
83
89
84
58
42
38
48
56
56
55
48
22
13
31
25
32
53
41
15
22
18
19
18
1
5
1
-10
-20
-16
-6
-4
-9
-20
-12
5
13
-7
-25
-24
-31
-39
-45
-38
-29
-40
-55
-70
-69
-69
-71
-62
-60
-72
-84
-86
-74
-66
-72
-77
-81
-84
-78
-76
-71
-60
-53
-38
-41
-63
-68
-59
-43
-47
-60
-52
-44
-29
-29
-25
-15
-27
-13
4
6
10
-3
-19
-7
3
-1
2
7
5
-7
-14
-11
5
23
5
-5
2
-8
-6
-10
-19
-19
-19
-16
-31
-38
-26
-11
-8
-14
-5
-16
-23
-26
-36
-21
-20
-9
-8
-25
-14
-29
-26
-20
-24
-7
-6
-18
-23
-19
-19
-28
-24
-7
-11
-26
-21
-31
-24
-19
-27
-13
-13
-5
1
-10
-12
-13
-8
6
24
8
-25
-5
14
15
10
9
32
26
26
35
51
71
63
75
70
64
84
94
110
92
89
104
103
99
86
96
110
113
113
96
87
100
117
105
89
90
86
89
86
82
81
59
42
32
36
37
46
47
33
31
28
30
17
11
14
0
-1
0
12
2
-7
1
-20
-22
-21
-33
-31
-25
-28
-40
-37
-25
-24
-30
-22
-30
-45
-54
-65
-65
-66
-55
-46
-58
-51
-55
-67
-52
-55
-61
-65
-66
-56
-76
-82
-63
-61
-61
-65
-75
-84
-71
-58
-43
-41
-50
-45
-36
-37
-53
-46
-50
-49
-30
-38
-37
-36
-32
-15
-16
-29
-21
-7
-17
-16
-13
-25
-24
-21
-18
-31
-41
-22
-25
-40
-42
-47
-50
-50
-31
-27
-42
-46
-50
-47
-50
-52
-57
-53
-34
-49
-56
-41
-42
-59
-61
-49
-65
-57
-31
-50
-38
-23
-32
-29
-18
3
-7
-6
4
-18
-18
-9
-13
-11
0
1
8
14
10
15
27
45
50
55
61
53
58
42
40
60
53
55
56
52
63
70
76
86
91
92
95
99
114
117
100
90
86
88
93
100
110
94
77
74
79
71
49
50
64
68
58
58
39
29
37
31
39
23
5
7
-6
-17
-33
-37
-30
-32
-43
-55
-49
-45
-50
-49
-47
-31
-28
-48
-54
-39
-43
-57
-43
-46
-45
-41
-33
-6
-17
-17
-6
-1
19
28
27
20
24
39
45
43
52
59
63
66
70
77
81
85
97
99
95
110
110
116
105
80
98
98
104
110
93
103
97
86
99
107
109
103
82
65
63
63
56
64
55
30
29
21
10
-10
-19
-13
-19
-34
-37
-32
-42
-40
-50
-68
-68
-76
-88
-98
-110
-127
-131
-132
-133
-128
-138
-132
-129
-123
-126
-133
-119
-111
-108
-122
-137
-139
-128
-120
-125
-130
-129
-130
-118
-101
-104
-94
-89
-88
-69
-79
-92
-63
-47
-57
-53
-53
-55
-51
-56
-45
-31
-38
-43
-22
-13
-18
-22
-8
24
26
8
10
28
30
30
41
37
40
55
41
37
39
30
60
63
60
65
45
50
53
50
46
46
47
40
30
29
33
31
26
19
20
16
12
16
-1
1
11
-1
-4
-9
-28
-32
-33
-40
-45
-52
-48
-47
-46
-46
-44
-35
-32
-39
-46
-39
-33
-31
-32
-34
-39
-46
-43
-42
-30
-23
-28
-20
-18
-2
-7
-8
19
17
15
20
16
12
8
25
38
39
39
42
61
59
50
53
61
89
108
107
114
114
99
106
115
110
118
113
115
118
100
101
119
129
132
140
134
120
131
127
126
141
131
122
118
93
76
76
76
80
74
49
46
43
44
69
70
40
33
25
3
1
-4
-17
-17
-28
-43
-54
-72
-68
-51
-62
-67
-70
-82
-79
-83
-96
-91
-84
-91
-89
-93
-114
-118
-110
-99
-103
-110
-112
-111
-104
-93
-84
-80
-77
-73
-72
-79
-71
-68
-71
-72
-79
-64
-55
-56
-32
-31
-39
-17
-18
5
21
5
15
7
17
29
22
31
27
27
19
24
34
39
74
68
48
67
69
69
86
89
82
72
63
57
48
43
53
47
32
42
25
25
49
46
47
50
41
27
13
-1
-5
-12
-24
-20
-45
-65
-57
-67
-70
-50
-50
-79
-76
-75
-100
-80
-70
-86
-94
-113
-116
-125
-135
-120
-125
-135
-132
-133
-133
-114
-96
-97
-85
-72
-82
-86
-87
-89
-75
-68
-71
-71
-77
-68
-49
-56
-43
-12
-4
12
23
21
28
38
59
50
51
68
51
56
62
63
74
85
93
102
108
105
109
113
128
136
134
140
136
119
112
107
106
114
110
106
94
95
93
84
102
100
88
82
76
74
68
63
61
42
25
18
9
5
-5
-6
-8
-18
-21
-32
-26
-18
-16
-24
-28
-32
-43
-43
-62
-68
-63
-71
-61
-72
-85
-76
-80
-63
-55
-70
-65
-47
-40
-54
-51
-50
-47
-37
-33
-35
-56
-53
-37
-36
-25
-29
-37
-25
-4
4
5
13
20
19
17
24
16
8
19
11
11
23
16
16
27
36
31
39
66
61
51
46
51
58
26
23
40
31
21
12
22
23
17
23
25
33
32
23
20
13
8
8
13
7
-8
-16
-29
-33
-36
-42
-42
-44
-40
-43
-40
-31
-29
-34
-48
-44
-47
-62
-62
-60
-72
-80
-74
-70
-69
-60
-67
-64
-39
-37
-37
-26
-27
-26
-27
-31
-31
-39
-49
-38
-37
-46
-35
-30
-21
-3
0
2
9
11
20
32
32
37
28
18
27
26
23
15
7
17
27
27
27
38
47
47
59
68
59
61
59
52
57
55
50
57
57
49
50
53
46
33
38
50
66
73
62
61
60
56
47
38
48
42
32
25
19
17
16
27
28
32
28
22
30
31
36
25
17
23
17
10
10
7
-5
-12
-6
-15
-6
7
4
13
10
11
17
11
6
0
5
0
-20
-27
-21
-13
-17
-8
-9
-16
-8
-4
-2
-5
-9
-12
-8
-3
-21
-24
-25
-17
-13
-28
-25
-21
-19
-10
-13
-15
-8
-3
3
10
5
-9
-13
-18
-20
-24
-26
-20
-34
-45
-44
-42
-40
-39
-20
-8
-11
-9
-13
-21
-31
-36
-35
-40
-32
-33
-59
-58
-49
-45
-43
-43
-37
-36
-23
-16
-21
-21
-24
-16
-13
-23
-29
-27
-20
-26
-43
-46
-42
-35
-26
-11
-8
-16
-11
-17
-16
-5
-8
-11
-13
-9
-21
-32
-28
-24
-27
-26
-8
2
-1
6
5
0
2
9
17
15
16
3
-15
-17
-8
0
0
5
0
4
14
7
21
35
33
34
29
25
13
3
22
22
7
22
23
9
13
18
22
35
33
36
36
28
33
28
22
25
22
13
9
17
11
2
13
18
20
23
20
24
25
27
31
34
26
10
14
19
13
12
1
8
10
3
12
4
16
31
24
27
25
32
24
13
24
23
23
24
20
12
7
21
31
35
24
27
42
40
41
42
35
38
47
42
26
27
31
31
24
17
36
37
33
39
32
31
35
51
53
29
32
40
31
21
25
21
7
14
17
13
2
2
7
6
15
14
2
0
9
9
-9
-13
-16
-26
-23
-27
-33
-33
-36
-33
-33
-33
-33
-27
-15
-26
-26
-21
-28
-34
-39
-36
-44
-49
-41
-45
-53
-45
-29
-33
-35
-30
-22
-22
-29
-24
-20
-24
-26
-32
-39
-40
-33
-35
-47
-30
-24
-27
-16
-12
-14
-7
-7
-16
-11
-10
-12
-1
0
-14
-28
-33
-18
-13
-19
-7
-6
-6
-4
-6
-4
-3
8
8
-7
-4
-10
-19
-10
-5
-14
-16
-17
-29
-18
0
-8
-12
-5
-8
-9
-7
2
-9
-21
-12
-26
-35
-30
-33
-29
-19
-14
-21
-30
-30
-17
-12
-17
-4
-6
-12
-16
-17
-11
-11
-13
-11
-10
-6
-8
-3
4
0
9
20
20
17
12
15
14
9
10
8
10
17
9
1
12
23
24
19
30
38
25
26
36
43
35
30
27
20
27
34
27
29
28
28
50
51
33
39
50
44
51
50
43
37
32
41
34
26
22
10
12
22
30
17
8
26
35
27
22
25
21
8
17
11
-11
-11
-9
-8
-13
-11
-7
-14
-17
-23
-20
-15
-12
-12
-16
-11
-9
-18
-24
-27
-24
-19
-30
-34
-28
-25
-28
-37
-28
-27
-34
-13
-12
-23
-15
-11
-19
-29
-26
-20
-22
-23
-8
-13
-30
-24
-12
-12
-6
5
-5
-11
-8
0
-2
-8
-4
-7
-3
-5
-12
-9
-12
-7
4
2
7
20
15
6
1
18
24
5
10
16
21
9
2
9
5
11
14
14
14
16
19
24
26
28
29
22
21
21
16
11
12
11
-4
-2
-2
-6
-4
-6
-2
4
1
-4
5
6
-8
-4
-3
-16
-15
-16
-19
-17
-27
-21
-23
-27
-20
-19
-16
-11
-6
-13
-18
-20
-19
-20
-23
-20
-26
-29
-29
-29
-24
-15
-14
-9
-11
-11
2
4
3
0
-1
-2
-10
-6
0
0
-2
1
-8
-10
-3
-4
1
6
13
16
9
12
15
19
13
5
15
12
9
5
-3
-3
-3
9
10
4
8
10
6
0
-2
-2
8
10
-11
-1
3
-12
-11
-19
-10
-1
-6
-8
-13
-5
0
-5
-5
-4
-3
-10
-13
-10
-8
-14
-20
-19
-27
-25
-12
-16
-20
-11
-5
-10
-11
-7
2
10
5
0
3
6
1
-13
-1
6
3
4
0
4
3
2
11
22
29
25
24
24
25
28
24
25
30
28
33
46
39
25
27
42
51
46
51
56
44
41
44
36
42
45
36
25
26
34
25
36
45
32
22
21
26
17
11
10
11
8
2
0
-5
-8
-15
-23
-24
-26
-28
-20
-14
-18
-21
-21
-30
-32
-24
-27
-27
-30
-33
-49
-62
-47
-43
-44
-31
-35
-50
-45
-46
-43
-36
-45
-36
-35
-44
-41
-40
-47
-45
-41
-42
-43
-43
-38
-40
-40
-32
-25
-26
-22
-21
-18
-10
-28
-34
-22
-15
-14
-13
-7
-14
-11
-1
-3
4
8
11
19
24
32
17
11
22
22
30
26
14
16
13
19
17
7
19
26
16
13
8
13
27
21
9
11
22
20
14
13
7
14
24
19
12
19
18
6
6
4
2
8
13
5
1
10
13
6
1
8
11
6
-4
-7
6
15
4
-7
-2
1
0
-4
6
12
14
8
-5
-10
-13
-11
-11
-6
-3
-6
-13
-17
0
-3
-10
3
-8
-10
4
4
10
7
1
3
-5
-8
1
4
3
6
-8
-10
5
2
5
14
16
10
5
9
7
11
16
1
4
9
1
-3
5
9
-4
7
14
13
8
-4
0
1
-1
-6
-2
3
-6
-6
-1
1
-3
-10
2
9
0
-8
-4
4
-9
-5
10
-10
-16
-7
-14
-16
-1
-1
-7
-3
-15
-24
-15
-6
-1
-10
-2
6
-3
-3
-11
-12
-4
0
-1
-8
-5
-8
-12
-6
-7
-7
-3
2
-1
1
-5
-6
7
6
4
6
9
9
-2
-5
-3
6
2
-2
16
13
3
7
6
9
12
7
11
8
10
13
8
4
3
12
16
9
2
8
15
20
15
9
10
16
16
5
3
8
5
5
3
3
10
3
5
8
6
17
10
6
14
15
10
5
4
7
6
5
1
-4
8
9
4
-8
-8
6
0
-7
0
-5
-14
-4
-7
-17
-10
-1
4
-10
-5
-2
-7
-8
-13
-12
1
5
-2
0
2
-7
-7
-5
-4
0
-6
-13
-12
-4
0
-8
-7
-5
-1
3
-3
-4
1
3
-5
-10
-11
-6
4
-3
-6
-1
-3
-8
-10
-13
-15
-4
-5
-14
-16
-10
0
-9
-15
-8
2
5
-8
-12
-9
-13
-14
-11
-12
-12
-11
-4
-9
-19
-5
-10
-15
-3
-7
-6
-2
-17
-20
-5
-7
-7
0
0
-1
-3
-3
-11
-4
5
2
12
11
5
6
4
2
3
-2
-2
0
2
2
2
5
14
15
11
18
11
10
20
17
15
11
1
2
9
14
10
4
7
7
4
8
13
19
19
16
13
5
10
20
9
8
17
13
17
18
7
1
9
3
-9
4
5
-3
5
1
-9
-6
-7
-15
-15
-8
-7
-14
-17
-14
-18
-16
-12
-20
-20
-15
-15
-10
-16
-20
-15
-19
-19
-23
-24
-15
-21
-27
-26
-22
-13
-12
-16
-27
-23
-20
-23
-15
-17
-13
-6
-11
-16
-14
-8
-17
-7
4
-6
-10
-2
1
-4
8
5
-1
9
8
18
18
6
16
21
21
28
23
28
25
23
29
26
26
26
31
30
28
31
24
25
20
21
28
29
31
27
25
18
18
22
23
25
20
24
12
3
15
10
11
14
9
9
4
5
-1
-7
3
-7
-10
1
-3
-6
-8
-16
-17
-8
-9
-11
-10
-12
-15
-18
-9
-12
-15
-17
-19
-15
-14
-6
-10
-13
-7
-14
-8
-1
-7
0
5
-3
3
-1
3
16
15
6
4
13
12
7
13
13
15
20
13
9
11
16
20
20
13
11
15
14
13
10
14
16
11
12
6
8
5
10
19
4
-2
2
2
3
-3
-4
-12
-13
-13
-25
-18
-17
-23
-12
-16
-22
-19
-26
-29
-28
-24
-24
-35
-28
-23
-40
-47
-43
-44
-37
-40
-38
-35
-38
-43
-41
-27
-31
-42
-36
-29
-21
-13
-24
-17
-8
-15
-7
-14
-18
-10
-10
-13
-2
8
-4
3
18
12
14
22
22
24
32
32
27
34
38
37
45
32
29
42
44
45
38
33
39
44
46
38
33
48
46
30
37
43
40
37
33
29
25
28
33
26
20
22
20
15
13
7
10
9
7
8
1
-1
-2
-10
-14
-10
-17
-17
-9
-12
-17
-17
-25
-31
-26
-28
-30
-21
-35
-43
-33
-44
-40
-34
-37
-31
-38
-41
-40
-42
-38
-38
-38
-28
-22
-31
-28
-30
-34
-23
-22
-20
-17
-13
-10
-14
-6
-8
-6
-3
-12
-3
6
12
8
-2
6
5
2
11
12
19
25
23
15
14
21
16
22
27
18
27
28
20
15
18
28
24
21
23
23
29
31
23
20
16
16
21
20
21
25
21
17
13
10
14
9
11
17
13
10
3
0
11
17
26
19
3
8
5
-5
-8
-7
-8
-8
-10
-10
-3
0
3
6
2
1
5
4
1
9
8
14
16
10
13
4
9
14
5
4
5
15
23
23
24
21
19
15
16
22
20
14
12
17
22
18
19
22
20
23
26
23
22
22
23
25
24
31
29
18
24
31
30
30
20
19
26
22
27
28
20
17
19
21
23
24
18
16
18
20
18
13
22
13
2
8
8
2
-3
0
7
5
4
0
-10
-7
-6
-1
-1
-9
-4
-9
-14
-19
-17
-6
-14
-18
-20
-24
-22
-21
-25
-21
-16
-16
-14
-22
-23
-25
-27
-26
-30
-21
-30
-40
-29
-30
-37
-36
-35
-31
-30
-34
-26
-33
-46
-42
-37
-40
-40
-29
-28
-33
-26
-27
-31
-21
-27
-31
-25
-24
-25
-26
-25
-31
-25
-24
-24
-18
-24
-29
-34
-23
-4
-8
-7
-2
-14
-15
-10
-16
-12
-11
-19
-12
-11
-7
-4
-12
-12
-17
-14
-9
-8
-7
-9
-11
-17
-17
-15
-18
-13
-13
-16
-19
-22
-17
-8
-10
-12
-13
-15
-9
-2
-5
-16
-20
-21
-17
-20
-21
-14
-20
-20
-12
-13
-11
-14
-14
-12
-7
-2
0
1
-6
-14
-18
-13
-5
-13
-12
-4
-13
-13
-5
-4
1
-4
-8
1
0
-1
-3
-1
3
0
2
4
4
4
15
15
1
8
14
15
22
29
22
16
16
9
17
29
27
23
16
17
20
17
18
23
28
31
29
25
26
26
25
25
28
34
32
34
34
28
30
32
36
36
32
38
44
37
43
47
45
50
48
53
58
55
55
47
43
53
53
43
48
57
48
41
44
42
47
51
44
42
44
46
51
48
46
53
58
56
55
53
48
47
53
59
55
52
57
54
54
55
56
55
49
50
49
49
44
45
43
39
43
44
42
37
33
27
24
31
27
24
22
24
24
21
24
20
20
25
19
19
17
16
12
11
9
0
-1
0
2
0
-3
0
-4
-7
1
-2
-6
0
-3
-11
-16
-14
-10
-14
-22
-24
-22
-30
-35
-31
-35
-42
-41
-32
-30
-37
-34
-33
-43
-42
-36
-40
-39
-42
-38
-43
-50
-45
-49
-45
-38
-39
-44
-48
-50
-54
-53
-47
-43
-44
-40
-41
-48
-52
-52
-53
-53
-51
-45
-37
-47
-54
-55
-50
-47
-55
-45
-42
-43
-46
-41
-33
-44
-46
-45
-48
-45
-43
-35
-43
-47
-33
-37
-37
-32
-33
-39
-33
-27
-30
-26
-30
-38
-36
-34
-31
-31
-27
-26
-28
-26
-28
-24
-25
-23
-18
-21
-14
-17
-18
-16
-23
-15
-18
-19
-15
-22
-18
-14
-20
-17
-10
-13
-21
-14
-11
-16
-9
-12
-17
-13
-14
-13
-9
-7
-12
-10
-6
-9
-4
0
2
4
1
5
10
13
15
12
5
2
6
2
11
24
19
18
16
14
18
17
24
29
19
22
30
29
26
28
25
23
34
31
30
27
22
26
25
23
33
38
36
31
33
36
25
23
33
34
29
29
27
23
33
34
28
25
20
29
30
15
13
20
17
13
21
16
18
24
8
5
14
19
14
10
12
20
15
6
6
6
10
9
1
4
11
9
6
0
-4
2
0
5
6
4
11
7
10
11
3
6
8
-1
-2
4
7
-1
-1
9
13
11
7
15
16
6
3
14
10
0
7
1
-6
3
5
0
-2
0
9
11
4
9
10
16
11
7
14
9
11
9
4
6
6
9
7
3
7
9
3
8
12
1
4
12
14
18
13
6
2
5
8
5
2
7
11
5
3
8
5
5
3
1
11
13
3
0
12
4
3
15
11
16
19
18
18
18
24
18
18
26
29
29
23
13
18
32
27
21
30
32
31
32
28
37
42
36
34
33
34
30
25
32
29
20
22
20
13
15
19
14
18
15
11
13
5
6
2
-1
3
-4
-5
-12
-16
-16
-25
-21
-15
-18
-21
-26
-35
-37
-33
-38
-40
-44
-51
-49
-44
-46
-54
-56
-57
-60
-49
-39
-49
-54
-52
-57
-54
-45
-45
-49
-53
-54
-62
-54
-55
-61
-47
-52
-55
-43
-31
-38
-42
-38
-37
-36
-31
-29
-35
-30
-28
-32
-30
-38
-38
-38
-38
-40
-35
-21
-26
-31
-32
-35
-33
-31
-31
-37
-39
-43
-47
-35
-31
-28
-22
-26
-25
-22
-26
-36
-39
-37
-35
-32
-25
-24
-33
-28
-27
-33
-28
-29
-31
-26
-34
-29
-26
-27
-22
-26
-13
-16
-23
-13
-18
-18
-8
-5
-5
-5
-10
-12
-6
3
7
3
-2
3
7
9
13
11
12
22
24
22
27
29
21
20
30
32
37
40
35
31
36
38
35
41
36
37
43
39
46
52
45
48
50
42
46
48
47
46
45
46
45
44
50
52
50
58
58
46
45
44
44
51
55
48
55
64
57
60
69
64
61
64
60
63
70
72
63
66
76
67
60
62
55
61
73
63
60
62
61
66
65
63
56
54
62
62
54
53
58
58
47
52
55
54
58
48
42
46
46
45
50
50
47
46
40
40
38
34
36
40
41
34
35
39
31
22
12
19
29
16
10
17
14
7
10
3
0
-4
-7
3
0
-5
0
-7
-6
0
-3
-3
-9
-12
-10
-15
-12
-13
-17
-10
-4
-14
-20
-17
-18
-14
-19
-22
-15
-19
-24
-29
-27
-22
-35
-39
-37
-40
-42
-43
-45
-57
-56
-57
-58
-56
-58
-66
-77
-79
-85
-82
-77
-89
-96
-95
-95
-91
-91
-99
-102
-105
-111
-110
-108
-104
-109
-114
-110
-110
-105
-108
-117
-114
-109
-114
-115
-106
-103
-108
-110
-106
-105
-113
-110
-103
-99
-96
-96
-96
-93
-100
-106
-95
-92
-91
-79
-89
-99
-97
-97
-82
-80
-82
-74
-73
-74
-78
-67
-55
-60
-57
-49
-50
-42
-41
-47
-47
-49
-48
-43
-40
-33
-34
-34
-33
-29
-24
-26
-11
-8
-16
-9
-15
-7
-3
-11
-9
-7
-5
0
0
-3
7
16
9
12
17
17
30
33
23
20
26
30
28
25
36
40
40
43
47
57
59
56
61
66
64
61
56
56
54
51
61
66
67
69
67
67
72
84
85
79
76
73
78
78
79
83
82
87
84
82
85
87
88
88
97
90
90
106
103
101
102
100
96
93
95
98
101
95
93
96
99
105
104
114
107
93
100
99
102
100
96
92
81
83
79
82
76
73
83
74
72
71
72
67
65
72
65
59
57
50
54
50
49
58
45
47
46
40
41
34
39
39
31
26
38
37
24
25
24
17
11
16
16
17
12
1
7
4
3
11
11
10
9
5
6
2
-3
2
-4
-10
-4
-4
-10
-12
-13
-15
-13
-14
-16
-17
-15
-8
-17
-19
-17
-24
-17
-25
-32
-19
-26
-40
-45
-52
-51
-51
-51
-48
-45
-49
-54
-49
-45
-56
-64
-64
-66
-68
-67
-69
-78
-80
-77
-75
-78
-76
-75
-74
-70
-73
-68
-60
-65
-56
-59
-75
-74
-72
-69
-66
-65
-59
-62
-57
-55
-57
-52
-56
-52
-57
-71
-65
-59
-59
-68
-74
-66
-71
-74
-72
-78
-75
-64
-66
-60
-61
-64
-61
-62
-53
-59
-65
-62
-63
-66
-65
-57
-60
-55
-49
-58
-51
-49
-47
-37
-38
-38
-47
-51
-39
-38
-40
-39
-35
-28
-24
-25
-17
-9
-12
-21
-20
-16
-12
1
-12
-17
-17
-19
-14
-16
-6
-2
-1
-4
-2
6
6
8
6
7
4
7
5
-7
-5
-7
-5
5
7
5
3
8
7
6
8
7
12
7
3
2
-6
0
3
-8
-12
-5
-5
-6
2
1
-6
-4
-5
-9
-3
-2
0
-8
-15
1
2
-6
-1
2
11
11
7
11
9
10
15
21
31
23
18
31
35
36
35
29
32
51
53
43
44
41
39
41
53
49
42
45
42
43
54
52
40
40
43
45
49
49
51
45
39
40
38
39
49
48
46
54
54
55
58
66
73
63
67
82
80
68
58
66
63
54
59
58
56
60
61
53
56
63
62
65
62
62
59
51
45
44
49
42
30
24
28
32
31
31
36
38
39
35
44
51
46
46
44
43
33
25
26
32
42
40
39
39
42
47
45
55
54
51
51
49
39
36
44
42
40
31
21
26
24
20
23
23
26
26
21
22
17
10
8
-2
-7
-1
-4
-10
-18
-28
-22
-18
-24
-18
-8
-14
-20
-23
-24
-19
-27
-33
-28
-30
-32
-32
-30
-31
-34
-23
-22
-31
-32
-34
-42
-40
-35
-41
-58
-61
-57
-62
-58
-50
-49
-52
-58
-54
-63
-66
-60
-53
-49
-63
-68
-70
-70
-65
-61
-58
-57
-53
-61
-63
-64
-61
-61
-71
-71
-60
-51
-60
-71
-66
-66
-69
-67
-64
-63
-71
-73
-62
-63
-66
-72
-71
-73
-80
-80
-79
-77
-75
-81
-85
-84
-79
-74
-79
-76
-73
-81
-84
-75
-65
-75
-74
-74
-76
-66
-73
-75
-75
-72
-54
-43
-44
-45
-43
-45
-45
-42
-40
-33
-33
-42
-46
-34
-34
-35
-32
-33
-25
-22
-24
-18
-18
-13
-3
-14
-20
-21
-28
-19
-32
-36
-17
-14
-10
-10
-10
-3
-9
-3
10
-4
-4
8
-5
0
4
3
7
-4
2
6
-3
8
15
23
30
23
30
40
32
26
29
28
28
32
33
35
38
46
53
52
62
73
70
67
72
78
80
77
73
76
69
66
72
67
60
66
73
76
75
70
79
83
77
76
73
73
65
65
68
63
56
56
57
51
55
55
43
49
52
55
65
64
64
65
69
71
67
69
75
69
66
65
60
66
72
77
83
74
62
75
85
74
70
67
73
72
60
62
64
66
60
54
60
60
44
35
50
52
53
52
41
47
41
32
35
36
31
22
22
28
26
18
11
17
12
7
10
7
6
-1
-1
10
-1
-1
11
2
-1
-6
-8
-7
-24
-15
-5
-21
-24
-25
-29
-27
-31
-36
-34
-47
-49
-37
-47
-49
-45
-43
-45
-57
-57
-52
-53
-55
-62
-67
-57
-57
-51
-39
-46
-50
-55
-59
-54
-54
-60
-62
-61
-63
-60
-60
-71
-69
-56
-64
-76
-77
-75
-81
-80
-83
-92
-90
-101
-112
-111
-113
-123
-128
-126
-128
-127
-114
-109
-121
-119
-115
-124
-112
-114
-122
-120
-115
-101
-104
-102
-85
-76
-67
-63
-61
-47
-50
-47
-31
-29
-29
-31
-24
-15
-17
-4
6
9
11
2
13
26
15
19
18
9
13
17
11
5
8
6
7
11
16
12
13
23
19
15
16
13
23
28
23
25
29
17
17
23
23
28
24
25
37
32
28
36
39
40
42
40
40
37
30
38
35
29
31
21
24
24
17
23
26
23
23
27
29
26
26
20
20
22
27
29
22
25
39
41
39
43
43
56
68
65
66
60
69
78
71
72
76
71
75
82
70
71
87
80
66
72
84
74
66
66
58
57
59
45
38
41
35
29
31
29
13
15
24
16
21
19
8
16
24
29
21
12
25
21
17
29
24
29
39
46
45
33
46
59
53
58
55
49
44
49
61
59
59
61
49
43
51
46
46
48
42
45
39
29
30
34
34
20
25
31
18
17
24
22
12
8
-4
-9
6
14
15
6
3
6
7
16
12
4
6
4
-2
1
1
-4
-10
-15
-14
-14
-20
-22
-18
-24
-24
-13
-21
-27
-31
-40
-30
-31
-34
-42
-53
-36
-36
-38
-29
-39
-46
-43
-46
-42
-43
-37
-36
-46
-38
-39
-46
-41
-42
-46
-43
-37
-43
-38
-28
-30
-26
-30
-41
-35
-43
-51
-49
-47
-44
-49
-45
-41
-48
-45
-50
-57
-53
-48
-45
-44
-40
-43
-43
-52
-58
-42
-45
-53
-47
-44
-49
-45
-36
-32
-34
-36
-33
-34
-32
-29
-32
-24
-17
-27
-28
-25
-24
-20
-12
-17
-22
-10
-13
-10
0
-10
-6
-8
-10
-11
-14
6
5
0
-5
-16
-11
-5
3
2
7
11
11
9
3
9
14
11
8
11
6
-3
13
23
14
8
8
15
12
12
15
2
-6
2
10
3
-6
-11
-3
-6
-14
-13
-7
-8
-16
-18
-16
-18
-27
-40
-43
-37
-41
-50
-46
-42
-46
-46
-39
-28
-32
-39
-44
-43
-35
-49
-50
-34
-37
-47
-48
-45
-47
-38
-36
-40
-37
-32
-22
-31
-29
-17
-18
-20
-22
-19
-28
-29
-22
-24
-15
-9
-9
-8
-9
-16
-19
-10
-15
-14
-4
3
4
0
-5
-7
5
1
0
11
7
6
1
9
18
7
9
17
21
23
16
15
21
19
18
23
24
17
20
23
24
28
22
20
26
29
25
24
34
41
34
28
34
35
35
41
40
37
41
51
58
54
42
49
50
49
67
69
68
67
56
56
61
64
74
71
62
76
79
70
75
87
91
83
77
80
84
75
75
80
80
83
70
62
66
61
63
62
66
70
67
65
63
62
59
58
56
57
51
37
45
56
50
47
49
57
61
58
58
59
61
53
45
40
44
46
43
43
36
31
36
38
38
30
24
25
26
19
6
20
16
2
5
-5
0
-4
-20
-16
-9
-13
-17
-19
-21
-23
-24
-20
-26
-24
-12
-22
-30
-22
-22
-29
-30
-32
-39
-43
-44
-43
-45
-46
-40
-38
-37
-42
-53
-55
-53
-43
-40
-48
-54
-48
-43
-55
-60
-49
-44
-37
-39
-39
-35
-33
-33
-46
-45
-33
-37
-41
-39
-27
-16
-22
-21
-13
-12
-15
-15
-15
-24
-23
-18
-20
-29
-39
-35
-32
-41
-56
-50
-45
-48
-54
-74
-64
-65
-81
-83
-82
-74
-80
-89
-87
-85
-83
-85
-83
-73
-75
-76
-68
-65
-73
-75
-59
-54
-46
-39
-45
-45
-43
-43
-34
-20
-18
-23
-22
-24
-22
-16
-9
-3
-5
-10
-7
-4
-2
-6
-23
-16
-11
-21
-12
-9
-14
-21
-30
-22
-11
-11
-22
-19
-16
-19
-20
-31
-23
-13
-18
-24
-24
-7
-14
-25
-12
-7
-9
-17
-27
-27
-24
-22
-18
-16
-22
-30
-21
-17
-17
-14
-19
-20
-16
-12
-11
-13
-7
-5
-8
-7
-6
-7
-6
8
12
13
21
29
37
37
31
34
41
45
48
49
59
64
56
57
65
71
72
60
68
82
73
64
69
76
80
73
63
72
76
74
69
72
83
69
59
64
72
80
72
66
78
82
78
71
80
87
81
84
85
89
86
81
89
92
82
76
79
85
88
87
87
93
92
89
88
75
79
83
78
72
63
62
56
62
68
59
54
47
56
49
44
48
47
50
49
42
43
44
35
36
35
30
28
22
23
21
18
21
14
18
18
11
9
12
11
-6
-13
1
2
-19
-22
-20
-32
-33
-40
-39
-36
-44
-49
-52
-55
-66
-72
-67
-67
-73
-87
-84
-76
-84
-84
-81
-74
-78
-88
-91
-87
-80
-81
-70
-68
-67
-68
-79
-85
-86
-75
-70
-75
-71
-66
-67
-68
-80
-80
-64
-58
-57
-57
-55
-49
-60
-65
-53
-48
-47
-58
-63
-47
-39
-46
-50
-41
-34
-36
-40
-36
-21
-19
-31
-34
-27
-27
-40
-50
-34
-32
-39
-33
-34
-25
-24
-24
-23
-23
-27
-34
-41
-36
-32
-44
-48
-49
-60
-53
-47
-46
-36
-40
-41
-38
-30
-23
-35
-38
-35
-34
-40
-35
-30
-33
-24
-18
-11
1
3
-5
-1
12
15
15
24
25
19
23
24
19
30
37
28
38
41
30
40
50
51
46
48
57
44
27
27
27
33
29
23
26
24
15
1
10
22
18
10
7
15
16
-8
-11
5
3
-4
-14
-12
0
-9
-23
-12
-1
3
-5
-9
1
6
5
-3
2
13
1
-8
-2
-4
-3
-3
1
17
15
20
24
20
31
36
37
36
40
47
45
48
47
47
51
55
60
64
58
52
64
65
59
65
65
63
61
56
59
64
64
52
48
43
46
49
45
50
47
43
37
33
24
28
40
33
24
24
28
21
21
28
27
24
16
15
28
36
29
18
22
35
31
26
33
33
32
32
36
37
31
32
35
35
29
33
45
49
47
38
37
39
35
42
45
42
50
35
21
31
37
26
15
24
21
10
13
2
7
6
-7
4
4
-8
-20
-25
-18
-21
-36
-33
-23
-33
-34
-34
-40
-39
-48
-44
-30
-33
-40
-42
-38
-42
-52
-51
-45
-48
-51
-50
-41
-37
-46
-44
-35
-28
-37
-40
-38
-40
-35
-46
-40
-29
-38
-36
-31
-33
-39
-36
-23
-22
-28
-28
-23
-21
-24
-28
-33
-33
-32
-38
-37
-26
-26
-36
-35
-21
-18
-30
-38
-38
-25
-22
-37
-39
-40
-52
-58
-59
-54
-51
-63
-53
-48
-56
-54
-56
-51
-52
-62
-67
-59
-63
-74
-67
-63
-59
-56
-56
-53
-49
-50
-55
-53
-39
-33
-37
-41
-33
-28
-36
-32
-24
-25
-15
-12
-16
-2
-5
-14
-17
-16
-10
-6
2
-3
-6
-1
-4
-10
-11
-15
-16
-17
-24
-15
-7
-11
-15
-5
-2
-10
-5
-1
4
2
-6
-9
-16
-17
-12
-8
-13
-20
-17
-15
-7
-7
-11
-3
-5
-6
3
13
5
-12
-14
-14
-5
2
-8
-3
6
4
4
6
17
10
1
9
18
27
19
10
9
9
15
13
20
33
30
31
32
33
31
30
33
39
52
35
26
40
30
28
37
46
48
50
48
43
45
35
37
45
50
52
58
55
36
38
35
34
37
29
34
37
28
33
37
34
35
35
32
35
40
38
41
42
41
38
33
37
43
54
56
49
50
56
66
71
74
74
75
76
70
70
69
74
85
77
77
82
82
79
81
88
83
88
89
81
83
81
78
69
61
63
62
61
55
49
46
38
37
34
28
15
8
1
-5
4
0
-7
-10
-18
-18
-10
-13
-25
-21
-17
-28
-28
-23
-28
-42
-45
-37
-31
-27
-32
-34
-27
-9
-15
-25
-17
-12
-11
-17
-18
-19
-12
-11
-20
-11
-4
1
-6
-9
3
2
-5
-6
-1
-6
-8
-8
-17
-22
-22
-23
-22
-24
-32
-32
-31
-41
-47
-49
-49
-55
-70
-77
-78
-81
-90
-92
-82
-90
-98
-95
-102
-100
-95
-106
-102
-99
-107
-106
-106
-115
-120
-118
-113
-101
-103
-105
-99
-95
-86
-92
-91
-78
-75
-78
-85
-66
-61
-73
-64
-60
-57
-52
-44
-40
-39
-43
-44
-31
-26
-24
-23
-19
-14
-13
-15
-27
-23
-19
-20
-18
-23
-15
-18
-20
-15
-22
-19
-29
-40
-37
-41
-35
-38
-47
-52
-61
-59
-57
-59
-53
-46
-50
-54
-53
-67
-70
-55
-62
-60
-52
-54
-62
-60
-42
-37
-30
-28
-29
-15
-15
-15
-6
0
4
5
16
20
17
21
29
34
40
51
56
66
70
73
82
80
86
86
84
90
90
87
89
86
86
91
89
87
87
82
80
80
87
75
69
75
64
60
61
48
42
48
41
35
42
33
27
32
26
29
27
20
25
22
9
8
16
10
3
4
12
23
18
15
23
29
27
23
36
42
45
47
43
49
56
55
59
67
71
69
66
73
75
78
86
82
78
87
87
87
85
81
81
77
78
83
83
80
84
78
75
76
64
63
60
52
54
49
38
38
36
20
15
14
11
9
1
-6
-5
-11
-24
-27
-26
-24
-33
-37
-43
-48
-46
-56
-51
-45
-53
-60
-58
-49
-50
-52
-47
-45
-33
-31
-35
-30
-29
-26
-17
-16
-16
-18
-17
-14
-5
2
6
13
19
26
23
17
21
22
27
28
22
16
10
11
8
14
16
13
17
11
12
19
19
16
2
-5
-10
-17
-15
-26
-31
-31
-46
-46
-52
-65
-66
-71
-60
-52
-57
-68
-76
-78
-89
-84
-75
-80
-85
-84
-78
-78
-81
-78
-70
-61
-67
-67
-63
-65
-57
-54
-47
-34
-39
-41
-38
-33
-26
-23
-22
-15
-6
-4
7
8
7
14
3
10
24
19
20
25
28
23
18
32
33
28
32
34
35
31
27
36
37
24
15
15
17
21
6
-6
-6
-10
-10
-9
-5
-14
-26
-26
-38
-39
-34
-39
-42
-46
-49
-52
-51
-50
-54
-51
-51
-51
-45
-52
-48
-39
-41
-35
-35
-33
-25
-24
-18
-20
-26
-18
-10
-6
-4
-4
8
11
11
20
21
27
25
21
32
38
40
46
47
39
35
42
44
35
38
48
37
26
29
35
35
20
19
23
17
12
10
2
5
3
-7
6
-1
-12
-7
-12
-21
-11
-10
-20
-19
-19
-19
-22
-33
-28
-26
-30
-18
-12
-23
-29
-18
-9
-10
-2
-6
-2
7
5
12
10
4
12
16
18
26
27
24
27
33
43
55
63
55
56
58
59
53
57
75
70
56
55
55
54
52
51
58
56
45
46
48
45
38
32
30
27
24
17
21
20
9
5
8
14
6
6
4
7
18
2
0
4
0
0
-2
5
11
5
7
16
11
5
7
12
17
18
23
25
26
30
26
26
31
24
22
30
22
24
26
27
24
15
25
27
21
16
9
11
0
-8
-3
-6
-2
8
-2
-12
-4
-9
-7
3
-10
-15
-23
-38
-30
-22
-27
-24
-29
-42
-36
-37
-41
-31
-25
-19
-21
-27
-35
-26
-13
-18
-23
-18
-10
-19
-22
-12
-6
13
10
-8
-5
6
8
2
11
17
16
7
-3
6
-12
-6
12
-1
-3
2
22
18
-11
-2
8
6
16
16
6
-9
-15
-12
-22
-24
-12
-12
-15
-16
-12
-4
-13
-33
-41
-32
-22
-19
-32
-20
-6
-35
-42
-38
-45
-34
-26
-26
-19
-39
-46
-20
-35
-38
-23
-42
-34
-20
-36
-33
-43
-61
-36
-36
-23
-7
-31
-19
-12
-25
-28
-27
-40
-45
-42
-44
-42
-37
-37
-41
-38
-24
-5
-1
-5
-17
-47
-54
-51
-46
-28
-29
-24
-5
-35
-59
-34
-18
-22
-33
-48
-75
-56
-14
-23
-42
-48
-26
-17
-60
-66
-42
-59
-62
-40
-48
-56
-35
-33
-68
-67
-57
-68
-53
-39
-18
-19
-41
-27
-29
-44
-19
9
-30
-56
-47
-50
-36
-35
-15
1
-12
15
23
20
43
25
17
50
50
55
63
32
29
44
16
10
42
56
52
41
41
53
55
67
94
80
75
65
41
75
87
68
69
54
37
45
54
58
57
42
24
39
81
71
45
60
40
-6
7
41
34
27
30
47
67
44
27
42
50
26
19
47
20
25
70
23
26
82
48
28
58
50
30
36
60
85
99
86
76
81
76
70
49
33
36
36
41
66
63
45
61
60
28
18
37
50
80
85
49
56
64
48
50
60
55
57
29
2
1
-41
-24
-10
-39
-21
6
4
10
-2
-59
-31
-26
-26
4
-17
-7
4
10
-18
-11
41
27
15
37
26
10
22
28
18
8
-14
-56
-49
-27
-33
0
15
-16
-24
-15
-7
35
54
37
54
16
-102
-73
-196
-113
-174
-965
-362
533
68
251
770
340
154
582
51
-504
-451
-698
-189
336
52
408
470
-264
-304
-263
-220
183
249
-71
-255
148
241
-139
-260
-176
-24
-62
107
363
53
-375
-214
56
-327
-590
-482
-459
-131
285
483
452
91
-19
170
106
-212
-212
25
6
-3
-32
-322
-418
-192
-128
-146
-21
185
253
257
268
243
407
266
68
127
12
10
13
125
338
205
110
132
47
-6
28
-39
-146
-132
-124
-179
-277
-289
-198
-176
-135
-94
-94
-2
74
64
-5
-53
-3
54
86
80
90
148
117
128
173
117
105
47
-27
-98
-248
-318
-301
-266
-216
-235
-294
-257
-205
-163
-118
-119
-133
-89
-41
-103
-174
-223
-232
-178
-194
-190
-139
-148
-116
-53
-83
-125
-82
-38
-50
-21
31
78
158
218
252
223
212
193
139
123
80
100
150
149
137
120
129
133
111
148
155
133
145
147
186
145
127
194
201
219
250
188
122
105
72
102
113
105
120
193
185
120
158
76
137
155
36
91
8
-66
-10
-3
-61
-54
21
-7
11
66
59
2
13
43
-69
-108
-107
-138
-106
-47
-145
-316
-314
-271
-252
-220
-142
-190
-222
-140
-159
-190
-194
-147
-158
-132
-104
-114
-19
-19
-44
-94
-122
-75
-54
-16
-54
-86
-54
-42
-8
46
15
-43
-45
-28
31
4
-36
-27
-18
27
31
28
4
0
41
71
107
71
89
130
85
108
96
64
114
113
116
124
81
98
145
117
77
74
79
70
41
26
57
102
116
101
69
48
39
31
12
-16
9
7
19
43
-6
14
63
41
23
33
8
-7
16
-16
-47
-27
-32
-37
-58
-45
-19
-61
-47
-3
-42
-78
-72
-78
-33
-12
-22
6
23
25
36
59
24
14
11
24
68
58
77
74
74
59
62
123
53
65
164
96
99
134
68
88
137
130
127
160
161
95
128
163
141
167
137
101
106
114
115
83
103
104
107
146
114
104
52
1
10
-22
-14
-17
-35
-49
-90
-94
-84
-79
-83
-92
-109
-121
-114
-117
-109
-108
-127
-119
-123
-125
-104
-123
-105
-99
-144
-106
-93
-96
-85
-113
-74
-71
-87
-70
-54
-65
-113
-90
-73
-71
-83
-105
-94
-111
-113
-85
-43
-38
-70
-63
-29
-35
-36
-33
-38
13
47
50
6
-50
-69
-56
-2
36
40
23
18
20
18
22
19
40
55
27
26
51
21
-21
-18
-31
16
46
10
27
8
11
-5
-53
-50
-85
-109
-100
-85
-61
-31
-8
-24
-48
-61
-69
-59
-103
-113
-58
-101
-133
-161
-178
-135
-122
-85
-76
-78
-74
-105
-119
-143
-124
-75
-54
-49
-51
-61
-64
-58
-75
-67
4
31
20
26
-24
-30
-8
-32
-23
-16
22
30
35
75
26
31
83
28
-6
-7
-40
-17
40
38
58
81
72
75
53
59
56
47
77
71
33
4
-13
2
37
52
58
53
51
68
47
12
39
37
-12
30
34
-27
-31
-9
42
51
41
45
26
3
-11
-25
-41
-24
0
-17
24
43
6
40
46
28
41
60
53
46
60
23
18
32
47
83
45
42
68
65
98
120
125
97
100
133
82
79
97
98
128
103
121
143
120
137
148
156
122
109
164
163
135
126
115
109
108
126
130
106
113
156
154
101
90
70
44
64
85
93
66
72
64
51
88
83
80
77
53
22
-1
13
14
4
6
-14
-14
18
6
-12
-22
-36
-48
-92
-88
-70
-112
-99
-72
-80
-85
-98
-97
-125
-135
-106
-109
-93
-86
-126
-149
-167
-163
-156
-118
-61
-76
-71
-51
-82
-85
-92
-109
-90
-66
-45
-73
-100
-88
-86
-66
-52
-58
-71
-60
-40
-37
-22
-18
-28
-35
-29
3
4
1
7
-7
7
14
4
-6
-32
-31
-18
5
28
5
4
10
-20
-40
-19
-2
-12
-17
-28
-60
-66
-28
-17
-18
-8
2
9
-17
-15
-9
-14
21
26
0
-8
2
26
15
-9
-4
1
20
28
2
0
-2
-23
4
7
-30
-22
-20
-20
10
33
28
-4
11
24
16
28
14
13
31
28
27
7
-10
-3
5
31
24
16
41
53
41
21
26
16
13
23
-2
-5
6
-1
-16
-10
26
3
-22
-7
-23
-48
-50
-51
-55
-74
-67
-40
-43
-54
-57
-73
-89
-76
-76
-73
-75
-103
-100
-99
-97
-88
-80
-70
-70
-68
-66
-67
-67
-43
-35
-30
-24
-26
-8
-10
-4
8
-1
-4
29
65
50
38
59
72
55
56
63
47
58
59
65
84
71
63
72
74
73
71
75
59
41
53
65
63
42
49
78
74
64
60
64
45
36
43
37
48
30
29
42
36
59
55
32
43
66
67
43
39
45
26
36
51
41
17
16
34
25
28
23
9
27
29
6
-3
10
23
25
38
34
23
38
41
51
51
50
77
57
52
66
61
79
83
66
72
73
61
70
63
73
86
62
57
50
47
50
57
55
43
48
27
22
36
7
6
17
3
3
5
22
3
-47
-32
-15
-25
-35
-44
-41
-51
-39
-30
-57
-55
-39
-38
-42
-42
-36
-27
-26
-36
-9
-5
-24
-7
-14
-26
-7
17
17
-15
-25
-15
-3
-1
1
20
-4
-13
-7
-11
-1
-1
17
-1
-38
-42
-41
-34
-40
-33
-15
-23
-12
-5
-15
-13
-39
-38
-31
-47
-31
-24
-31
-35
-19
-2
-25
-30
-35
-39
-26
-35
-38
-57
-71
-64
-73
-49
-32
-69
-82
-60
-65
-84
-80
-81
-90
-96
-78
-52
-76
-77
-63
-86
-90
-76
-62
-59
-71
-64
-49
-50
-49
-51
-52
-69
-82
-56
-38
-30
-18
-2
-10
-18
-17
-42
-41
-22
-26
-13
-15
-30
-19
-5
1
-16
-28
-18
-28
-37
-14
-19
-31
-22
-29
-38
-43
-42
-23
-20
-25
-8
-19
-25
7
-3
-12
-15
-12
19
24
17
6
-2
3
-15
0
26
22
26
9
4
-9
-29
-12
-16
-28
-17
7
10
-11
-14
-13
-17
-26
-21
-1
-1
-3
4
0
-13
-29
-17
9
20
30
21
17
19
17
40
46
46
60
48
46
46
48
50
46
63
65
49
51
53
53
51
41
43
50
29
21
36
38
47
40
22
28
36
41
42
36
44
46
40
31
22
28
41
53
53
59
47
47
87
95
94
73
53
61
60
74
80
70
72
82
90
87
75
71
42
32
57
60
67
55
52
63
57
44
28
36
37
29
18
14
22
21
16
25
23
19
46
59
45
55
66
58
39
24
16
29
43
44
33
38
58
35
35
30
14
36
27
27
32
24
31
21
20
11
3
25
14
-11
-20
-14
-37
-39
-9
-22
-13
-7
-27
-22
-24
-21
-30
-33
-21
-14
10
17
10
-1
1
1
-10
14
15
1
3
-1
-9
-22
-3
-2
-21
-15
-11
-7
-4
-12
-29
-41
-38
-41
-40
-44
-52
-44
-35
-34
-43
-45
-29
-27
-19
-18
-34
-33
-32
-33
-44
-31
-8
-8
-4
-2
4
-2
-14
-14
-7
6
-1
-3
6
-3
0
19
18
-3
0
7
-3
-22
-24
-14
-27
-26
-12
-11
-19
-32
-41
-52
-65
-59
-36
-38
-39
-36
-50
-55
-59
-57
-42
-26
-30
-35
-30
-47
-23
-20
-67
-62
-38
-19
-30
-41
-21
-40
-54
-49
-33
-12
-16
-8
-11
-19
-28
-43
-22
-28
-49
-40
-23
-21
-31
-21
-24
-30
-27
-26
-8
-15
-21
-8
-18
-13
-4
4
18
7
6
11
6
4
-13
-19
2
22
18
17
26
28
29
7
-11
0
1
-20
-34
-18
0
-4
-13
-13
-12
-17
-14
-23
-36
-32
-24
-11
6
6
4
-9
-16
-20
-32
-28
-29
-33
-29
-16
-4
9
6
-19
-9
-2
-13
7
23
2
-6
21
37
46
55
49
39
26
29
40
37
36
21
28
46
54
65
38
28
34
17
37
49
38
43
46
54
51
50
57
50
47
42
34
36
44
31
22
27
27
39
36
33
