0
0
-1
0
0
0
0
-1
0
0
0
0
0
0
0
0
0
0
0
0
0
0
-1
0
0
0
0
0
0
0
0
0
1
0
-1
0
0
0
0
0
0
0
0
0
0
0
0
0
0
0
0
0
0
0
-1
0
0
0
0
0
0
0
0
0
0
0
0
0
1
0
0
0
0
0
0
0
1
0
0
0
1
1
0
0
0
-1
1
1
0
0
0
0
0
0
0
1
0
0
0
1
0
0
0
0
0
-1
0
0
0
0
0
0
0
0
0
0
-1
-1
-1
0
0
0
0
-1
0
0
0
0
0
0
0
0
0
1
0
1
0
0
0
0
0
0
1
-1
0
1
-1
0
0
0
0
0
0
0
-1
0
0
0
-1
0
-1
0
0
0
0
0
-1
0
0
0
0
0
0
-1
0
0
0
0
0
0
0
0
-1
-1
0
0
0
0
0
1
0
0
0
0
0
-1
0
0
0
0
0
0
0
0
0
1
0
1
0
0
1
-1
1
0
0
0
-1
-1
0
0
0
-1
0
-1
0
0
0
-1
0
0
0
0
1
0
0
0
0
0
0
1
0
1
0
0
0
0
0
0
1
0
0
0
1
1
0
0
0
0
0
0
0
0
-1
1
0
0
0
0
0
0
0
1
0
0
-1
0
0
0
-1
-1
0
0
1
0
-1
0
0
0
0
0
0
-1
-1
0
0
-1
1
0
1
0
0
0
0
0
0
0
-1
-1
0
-1
0
0
0
0
0
1
-1
0
0
0
1
0
-1
-1
0
0
1
0
1
-1
-1
0
-1
0
0
-1
0
-1
0
-1
-1
0
-1
-1
0
0
0
0
0
0
-1
-2
1
-1
-1
-1
-2
-1
-2
-1
-1
-4
-2
-2
-3
-2
-2
-2
-2
-3
-2
-3
-2
-1
-3
-2
-2
-3
0
-2
-2
-2
-3
-2
-2
-1
-1
-2
-2
-2
-1
-1
-1
-1
0
-2
-2
-1
-2
1
-1
-2
-1
-2
-2
-2
-1
-1
-2
-4
-3
-2
-1
-1
-4
-3
-4
-4
-2
-3
-2
-3
-4
-3
-4
-2
-3
-3
-2
-4
-4
-3
-2
-1
0
-3
-2
-2
-4
-1
-2
-1
-3
-2
-1
-3
0
-1
-1
0
-1
-1
-1
0
-1
0
-1
-2
0
-1
0
-2
0
-2
-2
1
-3
-2
-2
-2
-1
-3
-1
-4
-2
-1
0
-2
-1
-1
-2
0
-2
-2
-1
-2
1
-3
-1
1
-2
1
1
-1
-1
-1
-1
0
0
0
-1
-4
-1
-4
-1
1
-1
1
-3
-2
1
0
2
1
-2
-3
-3
-3
-2
-3
-3
-3
-6
-2
-3
-2
1
-4
-4
-7
-6
-4
-6
-3
-4
-7
-3
-5
2
7
9
20
8
47
-30
-172
-131
-141
-172
-163
-155
-118
-105
-82
-120
-121
-95
-126
-110
-131
-135
-102
-129
-155
-140
-166
-208
-153
-106
-117
-71
-44
-92
-94
-86
-140
-140
-103
-112
-86
-57
-73
-76
-48
-22
-26
-41
-20
-7
-54
-51
-54
-53
-29
-28
20
6
-26
-5
17
12
25
30
-35
-25
15
39
50
12
32
38
38
39
35
88
102
129
135
96
99
92
85
97
75
53
85
110
82
70
94
109
87
98
83
63
110
115
104
104
118
135
117
101
112
94
81
129
105
90
132
86
83
128
113
88
69
83
84
81
102
68
61
128
142
144
143
103
122
124
100
112
89
57
58
57
19
26
88
79
82
81
49
69
21
-7
1
0
53
55
61
81
37
20
20
-5
35
49
17
45
49
20
31
69
81
71
69
49
35
36
6
19
52
32
30
51
17
15
41
36
32
35
75
62
27
30
16
20
45
59
56
40
0
3
5
-6
22
-2
-15
11
35
25
-21
-10
17
5
5
8
-13
-29
0
5
-26
-14
-6
-43
-29
12
18
2
-43
-51
-53
-69
-91
-67
-7
-30
-45
-56
-82
-59
-57
-72
-59
-59
-72
-59
-78
-86
-67
-79
-33
-11
-23
-24
-41
-28
-54
-73
-65
-63
-8
1
-41
-42
-34
-22
3
-5
-22
-11
-21
-1
25
22
48
30
16
35
-11
-40
-2
7
54
84
31
43
27
-15
7
26
57
42
12
14
14
-17
-58
-22
8
-1
17
46
41
28
16
-9
-26
-20
-9
-45
-23
-1
-47
-49
-41
-26
-1
17
38
31
15
-8
-28
-42
-58
-27
-24
-27
13
11
-12
-35
-26
-11
-16
-11
-2
-26
-67
-75
-84
-54
-2
-14
-36
-39
-60
-65
-62
-39
-7
-17
-22
-41
-47
-45
-49
-28
-13
3
-1
-30
-73
-78
-44
-52
-49
-45
-22
8
-41
-55
-69
-89
-57
-70
-60
-14
-33
-38
-31
-84
-100
-103
-121
-89
-75
-91
-89
-77
-97
-103
-84
-84
-88
-72
-58
-69
-80
-71
-54
-70
-89
-68
-60
-108
-117
-85
-64
-49
-49
-48
-59
-63
-50
-64
-55
-28
-44
-61
-90
-85
-40
-57
-42
-13
9
19
-25
-28
-41
-43
-13
-34
-10
33
41
40
15
27
42
36
48
50
72
61
57
81
61
39
43
74
75
77
92
71
68
82
67
73
99
97
68
57
53
35
45
42
55
83
72
82
64
24
11
1
29
40
42
40
43
55
37
34
46
69
33
6
9
-8
13
26
24
10
14
13
-15
-10
15
13
-3
-5
-16
-13
-26
-12
37
35
14
10
19
10
22
28
20
35
28
7
22
41
27
36
48
48
79
66
38
49
64
63
49
62
45
48
65
19
27
14
18
39
40
69
31
42
48
43
69
23
16
44
42
33
32
22
23
40
39
42
31
37
25
22
51
35
23
51
59
46
38
29
38
32
39
40
24
54
59
66
62
33
41
50
18
8
20
-10
-12
24
33
24
9
12
0
-11
12
-18
11
58
14
16
-10
-24
-10
-16
5
-24
-23
-16
-46
-2
-13
-48
-8
1
4
-12
-68
-71
-49
-33
-38
-67
-62
-61
-69
-77
-83
-59
-59
-74
-65
-65
-88
-108
-100
-57
-71
-103
-96
-108
-84
-72
-80
-71
-78
-106
-123
-101
-105
-95
-78
-77
-94
-113
-96
-109
-104
-65
-76
-98
-74
-59
-74
-99
-108
-87
-94
-85
-75
-81
-92
-99
-74
-76
-94
-75
-59
-46
-39
-37
-45
-52
-29
-19
-19
-28
-21
-6
-4
12
6
-31
-47
7
42
24
6
-5
6
-11
-3
25
33
45
26
57
44
15
38
8
18
28
26
21
2
37
41
27
50
45
56
69
20
10
26
23
49
52
38
52
62
62
56
35
15
6
28
39
15
36
70
75
74
51
22
32
56
49
53
41
11
25
31
34
31
31
31
31
48
21
9
23
25
45
57
57
38
15
34
34
29
23
8
36
14
-2
21
3
40
82
72
57
23
25
23
7
20
16
36
59
58
67
61
57
69
44
27
38
29
48
86
78
39
48
83
91
70
70
91
94
89
83
81
61
69
75
76
88
56
42
49
66
64
81
90
69
73
72
71
66
75
86
83
54
41
53
51
61
81
69
35
24
13
20
36
20
19
26
16
14
14
-4
-5
-4
-16
-3
5
12
4
-27
-35
-30
-11
-9
4
-8
-58
-40
-24
-29
-16
0
20
-8
-26
-19
-46
-30
-18
-41
-37
-24
-32
-25
-11
-27
-22
-30
-55
-66
-51
-24
-45
-43
-20
-29
-45
-50
-45
-52
-76
-105
-84
-71
-64
-34
-50
-50
-41
-40
-51
-63
-39
-42
-7
3
-34
-66
-76
-33
-20
-19
-38
-45
-47
-61
-52
-60
-44
-53
-50
-24
-44
-41
-34
-41
-44
-56
-62
-85
-94
-75
-55
-26
-33
-50
-39
-59
-90
-67
-61
-73
-61
-49
-43
-43
-38
-41
-29
-57
-41
4
-14
9
-10
-42
-38
-32
-2
-26
-8
42
17
18
9
-25
-15
-20
-3
27
11
31
25
-6
-8
-22
-18
-33
-23
18
18
29
16
-2
8
1
-9
20
32
7
32
35
16
10
19
47
23
22
-10
-33
-4
13
51
58
52
39
12
-13
2
33
47
65
31
25
7
-32
-5
9
19
26
31
31
21
20
16
41
23
5
20
12
27
43
47
39
24
18
22
22
33
48
33
36
32
2
28
59
28
17
26
34
55
24
21
42
58
60
6
32
58
32
30
2
13
36
38
56
55
53
73
55
44
58
43
46
54
51
49
48
68
74
58
32
23
51
41
28
54
47
54
51
29
57
64
37
34
55
54
50
50
43
56
65
51
4
3
54
43
42
63
68
60
12
2
40
46
58
72
74
65
19
1
20
16
35
35
18
27
6
22
23
29
65
12
0
23
24
24
12
21
27
-18
-50
-5
21
14
-8
-12
-6
-29
-40
-56
-47
-19
-16
-2
20
-14
-33
-17
-47
-45
-34
-38
-19
-20
-36
-60
-60
-39
-50
-54
-31
-31
-34
-41
-41
-7
-15
-54
-69
-79
-79
-67
-43
-13
-29
-55
-50
-49
-59
-62
-54
-40
-44
-36
-33
-64
-77
-77
-64
-51
-49
-49
-54
-65
-67
-60
-55
-24
-27
-50
-56
-61
-60
-59
-51
-53
-45
-33
-35
-26
-15
-32
-48
-35
-55
-83
-76
-71
-57
-46
-50
-45
-44
-52
-52
-71
-99
-71
-80
-77
-53
-77
-56
-55
-60
-64
-70
-66
-91
-74
-63
-55
-33
-50
-58
-58
-99
-97
-65
-77
-47
-21
-49
-52
-58
-70
-63
-41
-62
-81
-43
-59
-72
-67
-73
-63
-54
-41
-83
-69
-48
-68
-47
-73
-73
-69
-59
-22
-51
-48
-42
-37
-16
-8
-6
-14
-13
-23
-16
-3
27
29
15
3
-9
2
-30
-18
16
34
34
16
45
25
3
-1
18
45
25
14
14
24
-3
6
50
43
59
62
41
29
32
17
-5
28
45
38
40
64
72
66
76
54
43
36
29
19
23
47
40
50
63
63
44
37
40
27
45
57
69
57
49
52
48
74
62
59
55
58
66
47
59
62
42
26
54
60
69
92
82
91
78
73
49
38
51
31
65
85
70
66
39
36
52
35
18
27
50
64
75
84
75
76
78
53
53
47
24
29
47
78
70
54
60
68
73
69
88
88
60
49
42
16
19
15
21
59
51
32
22
39
32
22
35
4
-3
-8
9
58
31
25
40
1
3
21
12
6
7
0
-11
27
51
10
18
26
24
43
31
29
1
-25
5
25
14
31
34
-19
-18
-1
-20
-21
-9
3
-20
-18
2
-30
-30
-3
-21
-53
-51
-42
-29
-12
-15
-23
-31
-15
-36
-54
-33
-49
-40
-30
-24
-3
-36
-44
-37
-62
-52
-35
-33
-44
-46
-32
-24
-30
-39
-37
-52
-79
-79
-65
-68
-63
-48
-28
-12
-21
-42
-50
-38
-48
-43
-30
-45
-38
-31
-28
-17
-29
-50
-38
-44
-56
-41
-26
-20
-27
-19
-14
-35
-26
-27
-34
-10
-9
-18
-19
-13
-17
-23
-3
8
-23
-48
-29
-15
-10
-2
15
20
-12
-39
-32
-20
-14
-10
-7
4
-16
-34
-16
-5
8
-11
-35
-35
-47
-40
-38
-22
13
-4
-32
-27
-15
-21
-49
-52
-9
5
-16
-19
7
7
-23
-8
8
8
-9
-38
-29
-11
-25
-17
25
12
-3
-15
-43
-37
-31
-18
-13
-25
-14
-6
5
-2
-18
-18
-27
-40
-44
-25
-20
-41
-26
8
5
-12
-8
-10
-40
-30
12
4
8
22
10
10
1
15
8
-19
8
-2
-1
24
30
28
22
45
26
-4
10
9
2
14
29
28
11
5
17
7
6
9
-16
-14
13
14
-8
24
27
5
23
16
9
4
5
4
10
24
10
18
20
24
17
-32
1
55
20
3
46
41
-2
-8
17
50
49
6
-4
33
46
34
42
39
28
14
-18
5
59
40
21
46
51
49
19
-6
34
49
32
33
29
44
49
30
23
51
51
4
1
25
17
16
24
24
43
39
13
1
5
15
9
12
27
30
26
14
13
31
36
20
8
19
33
19
-12
4
37
33
24
31
45
19
-2
0
-14
0
-4
-10
0
13
32
8
-24
-20
-4
-19
-33
-16
3
21
12
-14
-10
8
-11
-27
0
7
0
-16
-32
0
31
9
-2
23
23
12
-5
0
26
3
-29
-4
45
51
10
-17
-9
10
-12
-50
-4
44
4
-12
-2
-1
15
13
-10
-16
-9
-21
-32
-13
1
-4
-26
-15
1
-23
-25
-21
-20
-9
-7
-21
-32
-15
-9
-35
-48
-44
-34
-12
-22
-41
-30
-15
-11
-40
-28
5
-30
-51
-40
-34
-61
-64
-49
-62
-37
-28
-62
-89
-80
-47
-28
-27
-44
-49
-50
-63
-86
-83
-62
-41
-34
-62
-54
-32
-34
-69
-94
-52
-27
-46
-55
-38
-20
-46
-79
-74
-37
-32
-72
-69
-24
-12
-49
-69
-36
-5
-20
-54
-58
-38
-26
-38
-40
-31
-6
-5
-22
-17
-30
-33
-29
-21
-23
-30
-13
-18
-17
0
-4
-48
-57
-22
-8
-22
-55
-38
14
19
-5
-35
-15
15
-2
-23
-27
19
34
-13
-8
21
31
22
0
10
25
12
0
10
34
42
37
23
29
41
32
42
42
44
52
64
67
32
47
77
82
90
62
52
60
35
37
65
95
108
69
44
72
76
47
41
71
91
67
72
86
72
89
90
76
75
76
102
82
60
81
78
98
104
89
106
100
81
60
52
93
111
88
80
90
76
55
56
53
45
53
59
39
39
40
19
54
72
16
-6
0
43
78
18
-6
42
67
33
-14
-11
15
48
34
-12
-2
5
-7
12
-2
-23
-8
-11
-9
-14
-38
-14
-3
-23
-26
-46
-58
-41
-19
-34
-48
-31
-24
-31
-47
-37
-34
-47
-49
-31
-25
-39
5
1
-61
-64
-44
-17
-19
-42
-41
-31
-44
-63
-32
6
-26
-66
-60
-56
-63
-55
-32
-36
-41
-32
-43
-46
-46
-56
-81
-68
-18
-21
-68
-83
-18
-10
-72
-84
-87
-35
2
-50
-67
-49
-25
-20
-66
-82
-62
-34
-30
-64
-60
-38
-11
-4
-61
-60
-12
-27
-50
-39
-39
-33
-31
-46
-39
-69
-86
-20
-13
-79
-78
-28
14
17
-25
-73
-50
22
20
-29
-51
-9
57
18
-54
-35
12
41
34
-7
0
31
31
25
-4
-4
27
22
-11
-29
14
44
23
16
14
8
1
10
34
26
6
21
41
34
39
24
5
54
67
17
-1
36
92
58
-5
5
41
71
34
-17
-19
-4
32
10
-32
-14
36
42
-13
-21
-1
11
22
2
-47
-41
28
37
10
-5
9
37
38
31
9
-11
15
49
30
-19
-23
37
66
26
-29
-40
20
52
-2
-28
1
43
51
-17
-49
20
70
52
-13
-35
36
92
62
17
32
73
88
75
36
21
45
77
58
26
65
97
90
72
47
22
39
87
69
36
53
62
75
73
42
54
84
100
71
18
22
77
112
71
50
77
56
35
37
30
38
40
31
27
28
28
28
29
10
1
-14
-23
3
4
-7
-23
-13
0
-23
-29
-21
10
1
-61
-72
-42
5
14
-38
-46
-40
-45
-45
-66
-64
-50
-39
-30
-59
-80
-52
-37
-55
-93
-130
-102
-49
-45
-56
-59
-71
-65
-62
-102
-108
-60
-27
-54
-91
-92
-76
-59
-68
-74
-89
-113
-101
-73
-73
-59
-35
-70
-71
-82
-91
-63
-71
-61
-45
-60
-56
-29
-51
-71
-39
-6
-20
-67
-63
-33
-1
-24
-73
-41
-42
-27
12
-42
-28
22
-14
-39
-24
-1
22
17
8
11
7
8
25
31
4
1
37
66
57
34
38
46
81
109
71
24
28
87
86
39
35
31
93
129
50
17
83
137
106
66
81
89
79
77
98
89
61
90
107
91
106
98
82
118
121
60
43
75
121
120
66
45
83
118
74
16
12
53
88
59
39
29
50
86
51
-14
-46
3
76
76
-12
-33
36
52
31
-20
-45
-32
34
44
-42
-62
-24
18
-9
-61
-95
-86
-29
8
-40
-128
-102
-35
-37
-93
-135
-106
-37
-26
-114
-141
-116
-58
-43
-110
-111
-84
-58
-68
-113
-127
-118
-79
-60
-82
-102
-110
-86
-66
-67
-110
-139
-59
-13
-86
-125
-92
-79
-76
-60
-36
-68
-93
-46
19
21
-60
-18
44
-14
-56
-38
-11
-6
14
8
-2
35
36
-8
-1
42
54
25
29
54
41
56
78
43
56
76
45
80
110
99
109
114
99
43
86
126
96
40
4
193
169
25
-69
104
281
38
10
-14
337
140
-206
41
206
288
-339
-21
391
123
-220
-81
419
4
-100
18
205
6
-54
127
-114
61
13
-1
-59
9
146
-72
-40
-41
39
-39
-110
8
-26
-39
-102
50
66
-53
-14
-175
-166
13
24
-85
-84
133
131
-170
-239
-78
44
-79
-180
49
80
-64
-108
-24
18
-97
-56
41
-21
-92
-36
24
-57
-57
-31
-40
31
31
-21
-87
16
71
-115
-130
13
92
-22
-65
29
-2
-50
-54
-31
-21
2
-7
-30
-14
14
22
-27
-26
-1
19
25
-25
12
39
8
22
8
39
17
-10
8
-21
1
2
24
12
-4
20
-14
11
-3
-22
-7
17
68
-28
-53
-3
-11
-11
-35
-6
1
18
50
-8
-40
-9
2
-11
-16
11
-3
-1
39
-37
-55
2
-4
-29
-12
38
-37
-100
-8
36
-4
-45
-43
-29
-52
-69
-56
-16
23
-16
-2
-2
-70
-53
-50
-44
-32
-34
-35
-32
-25
-73
-100
-74
-33
-28
-38
-71
-43
-11
-104
-101
-24
8
-79
-67
45
-8
-65
-127
-64
35
28
-10
-65
-1
28
-19
-74
-61
29
66
15
-30
17
7
-5
46
41
-24
-14
90
103
-28
-20
40
16
89
98
21
-16
101
169
-20
-65
57
139
105
33
82
76
66
68
58
94
35
52
130
104
72
33
61
104
104
79
28
50
106
129
75
39
69
115
85
13
67
75
52
62
81
94
35
73
104
58
70
54
32
85
120
83
35
38
82
96
70
46
33
84
99
15
-7
26
91
86
25
29
49
71
52
-12
-39
51
95
25
19
27
20
11
13
52
0
-23
14
-6
7
7
-34
-19
67
71
-8
-43
-14
32
23
-39
-65
39
56
-7
-42
-38
49
1
-84
-72
-47
-35
-44
-22
-12
-50
-71
-64
-47
-60
-59
-51
-74
-65
-25
-36
-87
-91
-13
2
-88
-92
-33
-21
-56
-69
-50
-76
-79
-17
-12
-33
-58
-70
-64
-76
-49
-78
-90
-40
-39
-59
-118
-91
-73
-77
-11
-68
-112
-115
-65
-23
-110
-99
-65
-54
-89
-91
-36
-100
-74
-48
-93
-81
-90
-74
-61
-64
-73
-125
-85
-44
-70
-49
-75
-101
-100
-54
-42
-91
-59
-26
-26
-57
-67
-93
-95
-8
17
-15
-35
-29
-9
-12
0
-14
-26
17
21
14
-20
-22
6
-4
-9
-17
-14
5
35
25
-29
-22
12
15
18
50
60
32
46
34
30
60
63
70
49
63
48
43
61
60
83
10
11
55
54
82
28
21
71
96
70
-42
-19
82
126
56
-18
64
90
75
43
13
44
62
73
43
33
70
104
84
28
15
45
81
68
39
0
15
67
74
65
-10
-33
40
37
18
10
-19
2
45
38
-41
-46
7
27
54
28
-23
-4
27
30
2
7
29
33
44
23
13
21
54
47
2
42
72
28
28
57
25
30
52
29
37
26
36
47
41
41
8
54
90
67
55
-2
18
73
71
56
40
84
62
16
25
40
76
91
88
44
44
71
76
80
43
51
68
89
76
20
34
34
51
87
49
5
30
78
83
46
-25
-28
35
51
39
4
3
69
65
-3
-37
11
60
25
12
-20
-20
21
15
3
-37
-45
-23
-4
-20
-56
-37
-36
-28
-73
-127
-94
-32
4
-130
-101
-66
-99
-66
-144
-95
-61
-82
-146
-159
-169
-102
-53
-131
-100
-132
-139
-171
-167
-120
-128
-135
-104
-102
-195
-208
-175
-122
-114
-148
-164
-165
-117
-112
-200
-216
-134
-97
-100
-128
-138
-104
-89
-114
-136
-115
-81
-68
-44
-36
-41
-53
-86
-82
-21
-1
-23
-3
-11
-27
-38
-13
24
1
-5
-6
13
51
31
6
38
70
73
60
21
40
103
152
141
78
50
103
160
125
111
126
155
142
103
108
120
172
154
131
125
97
140
161
131
126
125
119
124
109
158
133
121
142
104
119
58
83
146
154
150
91
36
80
143
84
72
96
94
70
31
28
59
80
58
18
-3
28
3
-19
5
-17
-7
-49
-93
-32
-37
-60
-51
-55
-44
-60
-75
-73
-45
-16
-70
-105
-63
-76
-99
-79
-54
-26
-95
-153
-95
-51
-66
-107
-119
-96
-83
-90
-94
-70
-61
-120
-143
-83
-58
-77
-82
-74
-75
-85
-79
-69
-71
-64
-16
-5
-66
-90
-71
-14
4
-36
-67
-56
10
20
-10
-51
-50
-17
-1
-14
-70
-38
-1
30
32
-19
-6
-6
13
46
27
18
16
36
57
46
47
33
46
83
58
44
59
84
96
72
65
57
72
98
95
116
108
62
57
86
71
68
66
65
78
73
73
35
63
83
43
35
38
56
65
61
30
16
38
71
40
8
52
55
41
2
-54
-44
9
43
36
4
-23
-30
-28
-34
-39
-27
-25
-55
-52
-51
-72
-44
-24
-63
-79
-39
-52
-45
-32
-61
-74
-87
-23
-13
-48
-40
-49
-24
-39
-84
-89
-61
-39
-54
-63
-45
-30
-61
-86
-67
-45
-61
-82
-64
-54
-35
-14
-35
-32
-22
-41
-78
-63
-40
-51
-34
-35
-46
-66
-52
2
-10
-40
-49
-28
3
17
14
-20
-15
21
16
-9
6
42
34
48
24
-25
-13
-7
47
58
37
59
68
79
62
22
6
41
88
113
89
73
74
89
113
49
41
72
108
129
64
51
42
51
78
84
88
74
39
43
31
18
58
58
76
59
49
59
51
87
-7
-66
22
88
101
36
-8
-29
-20
-34
-30
6
13
58
3
-24
-57
-96
-37
8
5
-3
-6
1
113
-2
-118
-166
-139
95
83
39
41
17
-14
-65
-144
-101
-41
-31
124
84
19
-23
-131
-106
-71
-44
7
55
69
28
-37
-29
-71
-138
-63
23
110
127
38
-45
-135
-149
-79
11
51
41
62
39
-18
-72
-115
-119
-60
44
62
30
14
-2
-39
-87
-67
-38
-32
25
42
12
-18
-51
-36
-4
-33
-53
-22
11
40
24
-10
-29
-22
-10
-24
14
2
-43
7
35
-7
-17
-63
-85
-32
-23
17
14
-15
-8
-10
-1
-17
-32
2
32
16
36
23
15
39
1
8
-4
-34
16
28
7
48
46
22
10
-41
-9
39
21
24
19
24
53
37
19
3
-4
44
60
39
33
43
53
62
44
13
33
76
93
73
30
4
6
22
38
37
10
12
29
35
65
22
3
19
5
19
6
31
60
42
40
57
25
-1
39
10
-40
7
39
30
40
17
12
-4
-23
2
7
20
25
34
16
-8
-1
-26
-32
12
35
-26
-30
-1
-62
-67
-41
-40
-22
-18
-2
-14
-69
-55
-17
-35
-22
-9
-21
-16
-38
-39
-26
-72
-80
-37
-51
-47
-18
-41
-49
-20
-34
-87
-79
-49
-18
11
0
-33
-63
-52
-50
-23
-1
-3
8
-13
-19
4
0
-29
-17
-21
10
62
43
33
-47
-78
-15
-12
4
0
-34
-8
46
39
-9
-41
-72
-12
50
28
4
7
66
35
-28
-19
-32
-3
7
-4
-12
-42
-13
10
-39
-77
-31
-7
-37
-5
-20
-31
-21
-18
15
-51
-51
5
17
39
-7
-23
6
33
10
-62
-34
25
31
28
11
20
31
18
9
-3
-8
-3
40
63
36
12
25
34
15
13
18
41
62
32
7
22
46
76
59
0
-15
-2
18
32
35
46
64
43
-27
-44
-28
-20
-1
15
15
-22
-17
3
-3
13
9
-28
-60
-51
-8
-11
-19
5
-25
-82
-81
-39
-25
-4
17
-26
-47
-38
-14
-26
-68
-48
-29
-6
23
1
-24
-47
-47
-33
-30
-24
-21
20
52
52
24
-12
0
21
22
33
34
22
40
77
59
30
26
42
48
11
9
39
79
84
39
6
-5
51
83
62
84
77
35
36
18
33
52
38
48
25
29
62
85
53
35
21
-52
-32
44
98
96
41
-15
5
21
-6
36
19
19
65
26
-8
-31
-11
33
17
17
-4
-2
43
13
7
-17
-50
-12
3
-19
-18
23
28
-8
-56
-57
-11
27
38
-22
-73
-71
-15
27
-2
-54
-101
-58
-7
-16
-56
-76
-22
-27
-83
-111
-92
-38
1
6
-51
-93
-79
-38
-15
-26
-44
-31
-7
-41
-69
-71
-32
4
-10
-20
-65
-81
-38
18
10
-35
-28
-14
-26
-20
13
14
11
19
29
-9
-15
41
73
69
26
30
30
26
28
23
61
35
28
44
41
44
21
-9
16
75
49
50
29
23
91
49
26
16
5
48
77
70
11
1
31
37
33
-17
-18
30
29
-2
-35
-27
-7
5
-9
-16
-2
14
21
-14
-11
-28
-41
13
22
6
-2
17
44
-8
-75
-85
-58
9
25
-22
-63
-78
-51
-33
-34
-60
-52
-3
-3
-43
-85
-71
-38
-9
-9
-37
-50
-30
-10
-46
-62
-67
-55
-37
-39
-20
-54
-87
-65
-62
-69
-56
-47
-51
-56
-81
-93
-57
-20
-30
-50
-57
-55
-35
-26
-20
-48
-70
-41
-56
-17
47
2
-33
-36
-6
-2
-19
10
-2
-1
20
16
1
33
45
-3
20
51
47
41
64
69
37
51
76
86
90
86
66
71
61
24
41
93
139
127
58
18
59
81
104
122
78
87
76
56
45
54
95
114
107
51
42
59
96
109
59
40
68
116
118
77
87
116
34
-20
30
75
97
139
134
22
-13
16
72
75
63
50
-25
8
55
74
39
35
51
25
14
5
65
79
81
42
-49
-27
45
67
67
39
-7
-29
-50
-17
4
-3
32
29
-27
-42
-19
-20
11
17
2
-2
-33
-29
-20
8
23
-3
-9
-16
-11
-12
10
24
-3
-35
-46
-12
13
3
-5
-4
-20
-1
14
0
7
19
30
-4
-4
25
18
24
60
37
-42
-12
54
46
8
3
44
58
60
32
-22
3
39
15
3
0
4
28
46
14
-24
-42
-33
28
48
22
-26
-46
-16
-25
-52
-50
-40
-20
-36
-80
-87
-74
-53
-31
-64
-110
-84
-73
-81
-68
-106
-102
-60
-76
-97
-124
-116
-65
-72
-125
-148
-136
-98
-70
-90
-94
-101
-141
-155
-127
-94
-76
-50
-41
-83
-140
-145
-112
-72
-35
-51
-99
-81
-58
-80
-90
-90
-66
-90
-124
-85
-54
-42
-64
-112
-114
-88
-92
-74
-61
-61
-27
-49
-106
-92
-35
-13
-23
-39
-45
-39
-5
7
-14
-37
-37
2
17
33
30
5
29
27
-6
-18
4
66
79
37
17
2
17
75
100
80
55
27
34
58
62
91
115
114
84
21
43
97
73
93
118
95
63
43
50
38
51
72
62
33
26
9
0
49
65
16
-18
10
40
54
41
9
1
26
41
48
30
17
19
-12
15
11
-23
20
13
-29
-33
-26
5
22
-26
-70
-70
-15
21
-6
-14
-6
6
-11
-15
3
20
57
67
39
-16
-13
27
63
69
7
3
20
15
7
4
17
11
58
60
9
38
62
35
-3
21
46
21
66
103
58
33
36
46
50
74
76
56
68
68
31
2
31
95
112
59
41
47
50
92
104
46
32
66
70
85
101
106
77
80
107
81
79
94
123
129
117
107
44
68
118
82
65
62
74
75
63
54
50
68
50
31
7
1
51
43
18
8
-33
-24
10
32
22
-35
-55
-42
-15
-18
-28
-46
-57
-19
-23
-48
-51
-12
-28
-69
-57
-74
-100
-89
-26
-16
-60
-65
-96
-113
-74
-80
-84
-58
-50
-53
-66
-40
-40
-53
-69
-79
-65
-65
-72
-79
-65
-68
-91
-90
-84
-45
-29
-55
-32
-64
-103
-74
-68
-46
-39
-68
-52
-3
-8
-34
-43
-67
-66
-60
-67
-33
-35
-56
-66
-75
-42
-62
-76
-31
-3
-31
-70
-53
-49
-14
28
19
15
-14
-49
-58
-16
59
48
-21
14
67
51
22
27
40
80
91
5
-26
35
111
84
26
22
37
81
77
69
63
44
63
44
7
29
70
86
56
12
-25
-31
-2
5
16
15
-16
-35
-23
5
-8
-51
-63
-68
-75
-59
-28
-24
-14
10
-49
-98
-70
-28
-16
-51
-55
-50
-64
-74
-64
-50
-66
-40
-55
-111
-84
-44
-18
-4
-20
-63
-96
-69
-23
3
-14
-19
-5
-38
-45
-34
-18
12
18
0
-35
-30
1
7
6
-24
-51
-35
5
16
15
13
-15
-24
-16
2
23
15
-10
-37
-37
-16
-4
33
50
14
-7
5
-1
2
35
28
4
5
-7
5
51
50
18
-20
-30
-9
29
40
15
43
66
55
15
10
63
100
110
53
42
88
86
90
126
102
53
51
65
109
143
106
56
57
65
69
79
89
90
60
67
78
60
55
81
78
37
58
58
34
42
23
-10
-18
-11
11
24
42
38
-12
-34
-31
-34
-24
-11
-13
-8
-16
-39
-47
-25
14
5
-10
-12
-14
8
19
6
-4
-21
-44
-15
-13
-32
13
14
-3
-25
-57
-48
-20
12
4
-30
-70
-48
3
17
4
-21
-17
-15
-19
-31
-10
26
10
-25
-27
-12
-12
-1
-11
-34
-37
-27
-30
-36
-6
-6
5
16
-12
-34
-6
9
-19
25
32
-25
-21
17
49
30
-5
-23
-32
-9
-25
-14
33
32
-3
-35
-22
-44
-25
23
7
14
-5
-26
-33
-36
-22
-41
-32
-9
-3
-8
-32
-29
-20
-9
-28
-49
-24
-16
-9
-37
-57
-40
-41
-37
-40
-35
-41
-61
-73
-94
-105
-100
-79
-73
-91
-81
-92
-100
-67
-70
-92
-120
-115
-91
-78
-59
-74
-68
-95
-141
-120
-87
-29
-38
-69
-88
-116
-74
-68
-67
-38
-35
-21
-58
-93
-67
-11
9
-36
-52
-26
-12
-2
8
-22
-67
-27
8
-8
11
33
32
-11
-35
-9
24
66
34
3
18
30
53
33
41
55
36
39
34
47
67
75
74
74
85
61
33
60
122
131
73
50
81
119
112
88
103
118
130
112
92
124
146
128
112
96
89
126
155
141
132
123
128
136
130
119
81
66
102
131
123
77
54
91
115
88
36
47
102
80
61
53
40
59
83
91
68
47
36
39
68
49
11
22
46
69
60
21
-2
20
27
12
2
-2
44
42
-8
-17
14
43
4
-25
-19
-7
24
23
2
-11
-20
-9
2
14
-6
-11
22
-5
-28
-36
-35
10
0
-22
-14
-8
-17
-41
-31
-11
-2
-13
-31
-23
-16
-1
-21
-44
-20
-14
-32
-23
-18
-42
-39
-27
-52
-45
-24
-43
-27
-10
-30
-60
-50
-13
-24
-44
-41
-10
4
-17
-27
-44
-34
-15
-44
-38
-10
-4
-24
-40
-47
-48
-18
-21
-22
-11
-13
-26
-36
-12
18
34
-3
0
23
0
-34
-58
-27
15
29
2
-14
-9
-5
9
-21
-73
-68
-52
-51
-24
-51
-95
-77
-39
-51
-91
-87
-73
-55
-63
-103
-93
-48
-40
-58
-71
-76
-50
-40
-51
-44
-52
-57
-52
-60
-38
-35
-69
-68
-60
-64
-72
-77
-61
-33
-14
-36
-87
-73
-25
-24
-29
-33
-63
-50
-20
-47
-35
-28
-65
-27
-4
-31
-43
-41
-13
3
-32
-45
-25
-13
0
-23
-52
-38
-1
-5
-63
-73
-54
-19
-3
-53
-65
-42
-19
-7
-28
-49
-55
-27
-1
7
-8
-28
-14
24
21
-26
-10
2
7
17
-14
-15
-23
-4
31
8
-12
-25
-4
27
18
-26
-52
13
39
11
5
-37
-25
28
29
-3
-23
-8
-3
0
-5
-7
-4
-5
4
6
4
-31
-44
-31
-8
-11
-44
-22
-18
-29
-29
-44
-39
-18
-26
-42
-40
-14
-10
-28
-6
-6
-21
-7
-9
-17
-8
32
33
3
29
30
12
38
63
42
4
39
66
78
97
66
50
77
120
95
60
86
98
109
129
114
64
51
83
118
126
104
82
68
78
121
119
69
52
57
88
91
76
78
47
55
42
17
53
44
42
55
41
32
0
-3
18
4
-7
9
23
8
-4
-25
-15
26
-2
-49
-14
2
-6
-17
-51
-34
-24
-9
26
28
26
22
0
-1
26
42
49
36
28
58
54
27
9
18
38
34
27
17
13
6
10
20
-2
0
10
12
2
3
6
-22
-28
-40
-28
-7
7
-20
-44
-22
-40
-32
-24
-23
2
0
-15
-36
-27
-13
-7
-23
-42
-3
-2
-21
-20
-50
-20
11
-13
-19
-18
-6
-2
5
-15
-40
-3
33
38
22
-6
-7
39
46
35
41
29
56
65
40
24
27
45
40
29
40
48
34
40
46
21
14
9
19
43
36
-5
-31
-35
-30
16
-2
-47
-33
-30
-7
9
-38
-55
-14
-10
-48
-79
-78
-28
-14
-31
-52
-89
-87
-48
-37
-70
-76
-68
-70
-65
-78
-58
-40
-55
-74
-77
-61
-39
-20
-39
-60
-73
-68
-47
-40
-45
-57
-33
-25
-49
-51
-31
-31
-33
-52
-74
-70
-63
-37
-67
-98
-82
-72
-42
-33
-85
-158
-132
-82
-61
-39
-92
-130
-93
-54
-66
-103
-111
-85
-49
-63
-88
-94
-85
-27
3
-21
-60
-58
-26
-14
7
9
-9
-7
1
22
49
57
57
39
37
66
78
61
57
79
86
92
92
84
127
114
59
88
118
123
101
79
98
117
117
91
75
77
101
119
95
57
35
72
96
65
50
28
17
67
87
74
58
19
8
53
67
36
22
-7
-1
36
37
25
0
9
31
30
12
-6
5
6
7
16
12
6
8
3
8
35
34
28
21
-4
-11
-1
12
21
25
19
22
26
-1
-14
-6
8
16
9
-22
-23
11
14
11
1
-33
-19
-23
-26
-1
-6
7
-9
-21
3
10
2
-1
21
38
23
5
17
28
27
33
55
52
49
46
35
65
101
101
62
60
83
82
77
77
109
119
95
78
75
76
72
66
79
104
86
42
31
47
76
110
103
38
28
45
41
71
68
33
33
54
62
47
5
-10
14
27
34
5
-13
-3
-14
-23
-38
-22
-3
-30
-23
1
-30
-36
-13
-24
-39
-26
-4
-24
-39
-34
-55
-30
9
-18
-52
-44
-11
-12
-9
-47
-103
-63
-25
4
1
-31
-55
-86
-98
-79
-60
-83
-49
-37
-87
-102
-113
-96
-71
-38
-34
-69
-98
-105
-104
-93
-67
-90
-114
-77
-55
-81
-105
-137
-132
-82
-65
-65
-75
-86
-111
-125
-104
-72
-59
-76
-82
-81
-59
-64
-84
-65
-34
-1
-12
-45
-50
-17
-18
-22
8
13
18
-1
3
48
51
25
-4
-16
13
66
72
54
37
-4
-22
1
54
70
30
15
9
19
25
13
32
49
53
39
24
4
0
26
9
16
36
16
-2
-11
-11
-2
-17
-39
0
33
47
-23
-55
-31
-51
2
2
28
28
-19
-41
-39
9
9
7
-16
-22
-31
-12
12
11
17
-17
-20
-16
4
-16
-39
-10
-20
-34
-41
-36
-16
19
23
2
-18
-53
-43
-20
4
-5
-39
-35
-21
7
-3
-32
-34
-29
-14
-34
-44
-29
-26
-28
-30
-3
-2
-23
-34
-24
-7
-29
-45
-30
11
34
11
4
32
31
25
35
42
47
37
39
50
83
98
58
71
84
78
78
54
84
120
121
96
86
107
109
100
86
108
118
76
76
77
87
99
78
74
80
87
55
49
76
82
81
62
56
44
28
37
43
53
54
44
46
28
1
-9
13
53
52
11
-26
-3
33
19
-10
-13
23
59
58
30
-11
-31
-7
18
45
35
12
12
16
47
23
-13
1
-7
4
37
44
31
-2
-2
4
-8
-3
-11
-6
-5
-9
-5
-37
-38
-19
-11
-20
-36
-32
-41
-42
-53
-69
-35
-25
-62
-76
-48
-49
-79
-73
-79
-60
-27
-48
-60
-75
-81
-66
-57
-43
-59
-53
-49
-58
-51
-36
-37
-53
-45
-65
-53
-15
-8
-31
-58
-58
-36
-36
-53
-25
-18
-2
2
-34
-41
-27
5
6
12
-4
-26
-10
-29
-9
11
-4
-5
-8
1
-1
-5
-6
0
9
-11
-18
11
4
-31
-24
-22
-34
-49
-52
-20
-14
-46
-63
-60
-40
-37
-65
-53
-27
-39
-34
-33
-37
-31
-47
-38
-26
-19
17
9
-11
-27
-24
-10
-1
12
13
24
6
-28
-29
-21
2
22
15
6
-9
-9
-11
-15
-16
-13
19
8
-5
-13
-18
-1
-11
-21
-19
-14
-7
-6
-19
-20
-17
-7
11
10
9
-6
-4
9
-9
-7
9
18
31
28
38
52
23
35
58
64
65
31
34
47
56
67
65
68
71
62
57
68
68
60
41
31
30
55
97
90
76
49
21
29
20
16
54
67
65
62
35
24
26
33
45
44
27
1
21
62
48
45
49
11
17
37
31
15
12
3
2
25
14
-3
-14
-24
-37
-23
-16
-33
-19
-19
-10
8
-23
-36
-21
-14
17
21
14
6
-5
10
12
30
38
19
22
30
35
31
33
29
12
31
42
39
43
18
4
27
39
55
47
11
16
49
81
71
47
26
29
58
58
47
37
49
53
41
41
21
17
34
26
34
48
49
45
19
25
54
65
44
13
18
21
41
56
39
46
50
28
18
32
29
27
31
9
9
8
-1
-3
-15
-16
-8
1
-10
-53
-59
-49
-36
-14
-16
-31
-57
-64
-60
-75
-55
-50
-63
-68
-83
-83
-82
-65
-63
-83
-101
-109
-102
-101
-90
-79
-75
-98
-120
-122
-107
-102
-114
-106
-94
-83
-98
-121
-119
-109
-91
-82
-94
-87
-53
-60
-102
-115
-101
-75
-61
-64
-62
-70
-76
-71
-72
-67
-70
-67
-61
-82
-86
-65
-50
-47
-64
-82
-68
-24
-10
-30
-45
-63
-62
-37
-7
4
6
-2
-12
0
-1
1
25
29
7
3
21
24
16
16
12
24
37
24
28
31
5
14
40
38
46
69
79
71
53
63
75
77
79
82
98
105
110
117
104
98
112
110
77
84
91
75
75
65
59
56
55
44
41
63
69
64
55
53
46
24
35
35
28
35
26
26
18
6
3
-3
0
2
2
-9
-37
-43
-29
-7
3
-6
-31
-56
-51
-27
-38
-67
-49
-15
-7
-15
-19
-18
-36
-50
-37
-26
-21
-38
-61
-42
-12
-32
-57
-53
-53
-41
-40
-55
-42
-32
-46
-50
-51
-55
-36
-17
-24
-45
-66
-90
-84
-46
-33
-21
-7
-22
-37
-51
-46
-13
13
15
-1
-7
10
-2
-8
24
34
24
4
16
35
26
14
13
28
22
34
34
19
56
67
47
57
76
83
88
80
100
125
119
116
131
159
156
124
89
84
108
131
139
118
104
102
80
80
105
104
104
95
62
47
66
85
76
62
45
53
76
61
47
23
6
26
27
21
21
14
-7
-29
-28
-27
-29
-24
-15
-15
-30
-42
-61
-48
-3
-7
-20
-28
-34
-27
-31
-37
-31
-26
-49
-69
-62
-39
-6
-36
-74
-82
-73
-46
-39
-43
-58
-61
-65
-69
-58
-57
-41
-45
-63
-74
-62
-45
-54
-61
-77
-53
-46
-73
-87
-88
-60
-65
-68
-49
-58
-61
-54
-55
-77
-74
-38
-32
-39
-44
-37
-53
-65
-36
-27
-53
-66
-52
-28
-18
-16
-24
-33
-42
-25
8
-17
-13
15
2
18
30
21
11
14
23
22
19
4
13
43
38
28
13
7
22
25
20
10
11
22
19
19
6
4
34
48
39
26
3
5
39
41
20
-3
-4
27
34
12
-22
-25
-14
8
18
0
0
1
2
-8
-14
-4
-4
1
-8
18
34
-2
-25
-25
8
34
32
-1
-26
-12
-4
2
-1
-3
9
4
-18
-16
-1
-3
-2
-6
-11
3
1
-28
-34
-24
-27
-41
-50
-34
-23
-35
-66
-65
-45
-33
-29
-22
-9
-17
-8
-3
-28
-27
1
27
18
-8
-16
-4
-1
-19
-3
2
-13
-7
-3
0
-4
-4
-9
-11
9
10
-7
-11
2
6
11
21
38
41
17
21
31
43
52
27
28
35
22
40
39
29
30
28
30
26
29
40
62
66
45
35
16
22
43
52
71
56
31
23
14
8
11
32
30
23
14
15
13
5
34
46
17
-1
11
23
28
4
-1
27
35
21
-3
-23
0
18
13
-2
-17
-8
-5
-8
-15
-5
9
-2
-23
-24
0
2
-12
-22
-25
6
10
-26
-31
-10
-3
-18
-30
-33
-29
-20
-37
-44
-33
-24
-19
-29
-40
-24
-4
-14
-39
-32
-3
8
-20
-41
-5
17
10
-5
-10
7
5
-3
1
4
9
23
13
-12
6
26
9
10
21
21
15
-2
-9
6
29
51
50
26
21
34
35
10
5
24
37
38
20
13
11
16
28
31
4
-8
11
-9
-53
-42
-16
-11
-3
-13
-25
-30
-33
-40
-36
-29
-30
-26
-25
-20
-20
-41
-59
-54
-26
-23
-52
-71
-58
-30
-24
-38
-36
-18
-14
-14
-3
-12
-10
16
16
5
8
19
34
40
28
18
16
18
33
11
-2
17
5
-5
-3
7
5
3
-1
-21
-5
13
11
9
-9
-14
1
-2
9
23
12
9
10
-7
-43
-33
5
12
9
-7
-19
-5
18
24
21
14
16
4
-27
-13
9
-4
-23
-5
21
18
-10
-43
-39
-15
-15
-20
-20
-11
12
-2
-52
-41
15
9
-19
-11
5
6
-19
-29
-2
7
13
24
2
-8
-4
-5
-10
-17
-32
-31
-16
-23
-40
-43
-51
-52
-30
-34
-53
-57
-58
-51
-67
-77
-44
-31
-30
-37
-42
-18
-18
-21
-13
-5
0
13
9
11
25
14
26
49
64
55
32
34
56
74
66
75
82
60
71
91
89
87
70
57
67
67
38
45
63
45
26
26
44
42
33
16
11
26
19
25
19
27
42
20
-6
-4
22
31
15
-19
-27
-11
-10
-7
1
-1
-18
-28
-18
-4
0
-8
-13
-1
-5
-28
-7
32
47
32
-1
-1
18
10
15
40
47
46
46
23
22
56
56
34
42
67
65
38
24
59
88
68
40
35
76
86
45
36
61
73
49
33
34
53
35
5
24
15
-8
-1
-2
-9
-16
-34
-35
-33
-43
-32
-22
-37
-47
-55
-60
-41
-47
-65
-55
-67
-79
-76
-77
-68
-52
-56
-77
-89
-79
-57
-58
-57
-59
-71
-52
-37
-43
-40
-20
-4
-22
-39
-32
-7
1
-6
-2
-25
-37
-27
-12
-12
-29
-33
-37
-35
-52
-66
-63
-62
-50
-53
-48
-31
-35
-62
-62
-52
-59
-45
-47
-28
-10
-44
-77
-61
-25
-32
-42
-47
-48
-45
-59
-68
-66
-53
-42
-62
-76
-48
-36
-43
-54
-63
-43
-30
-39
-45
-40
-25
-30
-60
-51
-11
-30
-50
-40
-25
-19
-46
-27
-9
-33
-35
-31
-10
23
20
-15
-15
11
4
-2
-3
9
31
18
4
-18
-29
-8
-20
-14
22
9
-23
-13
-3
-14
-19
-19
-4
25
14
-3
9
0
5
25
21
31
40
37
44
38
37
43
36
70
97
52
27
68
94
69
72
102
119
114
89
100
109
107
117
115
109
130
150
115
100
123
135
124
106
110
101
121
134
109
111
127
132
120
96
106
130
98
88
122
109
106
109
96
95
83
85
107
102
70
80
76
58
68
67
83
92
81
71
77
65
44
61
79
81
67
63
55
52
75
76
51
24
45
62
52
47
25
38
68
52
23
40
61
44
10
-5
48
47
2
39
71
32
2
12
29
34
7
9
31
7
-6
-22
-36
17
10
-44
-29
-12
-27
-33
-23
-21
-40
-42
-32
-27
-20
-25
-28
-31
-39
-43
-61
-73
-55
-23
-46
-96
-77
-43
-55
-65
-51
-36
-55
-104
-68
-17
-31
-49
-65
-52
-45
-57
-52
-27
-19
-72
-120
-109
-70
-59
-80
-86
-72
-75
-112
-116
-90
-69
-67
-100
-98
-71
-84
-85
-73
-82
-101
-117
-101
-68
-70
-80
-76
-122
-134
-85
-75
-87
-86
-88
-85
-94
-125
-104
-68
-62
-71
-92
-83
-69
-67
-71
-51
-45
-68
-84
-86
-53
-49
-75
-55
-42
-58
-72
-77
-38
-14
-53
-76
-54
-25
-41
-80
-41
7
-22
-52
-28
-19
-53
-64
-49
-25
-18
-32
-31
-32
-31
-34
-66
-58
-11
-2
-12
-13
-21
-33
-21
6
19
12
2
10
4
3
22
2
1
27
6
-3
18
16
7
25
31
20
29
47
68
54
34
45
63
79
77
68
77
79
71
61
74
99
75
74
91
82
80
84
100
103
72
67
83
101
116
102
93
85
87
94
101
88
76
82
57
67
82
73
74
51
43
70
46
6
36
43
45
48
28
64
69
41
29
49
75
54
25
55
97
44
23
68
87
61
10
36
70
34
15
45
53
47
30
3
39
60
56
57
46
48
50
38
52
72
50
46
60
48
40
42
29
11
12
28
21
-5
11
26
6
-1
-7
-5
1
-13
-20
-33
-32
-22
-19
-12
-29
-58
-64
-33
-17
-49
-51
-35
-62
-86
-64
-46
-13
14
-20
-33
-25
-17
-1
17
19
-9
-12
3
2
-16
-5
6
-18
-27
-24
-15
-3
-11
2
5
-11
-16
-17
7
21
0
-17
-7
-1
-17
-14
-8
7
14
-8
-12
-14
-13
-16
-20
2
11
-20
-45
-26
-9
-36
-56
-28
5
-19
-43
-28
-16
-21
-60
-78
-36
-11
-37
-43
-12
-8
-42
-53
-9
4
-9
-14
-1
22
11
-2
-9
6
22
9
-5
-2
11
7
13
26
28
21
21
29
44
23
0
29
28
24
39
28
29
27
27
20
16
27
28
34
24
-2
20
56
29
-2
-5
9
19
11
18
21
7
-2
8
25
15
12
10
26
31
10
9
18
57
50
-3
6
26
41
37
17
37
42
9
1
13
26
30
-1
-17
-3
-18
-23
-11
-20
-33
-50
-75
-70
-76
-74
-72
-76
-39
-42
-87
-84
-77
-92
-78
-73
-74
-63
-88
-86
-56
-70
-93
-94
-85
-74
-99
-106
-74
-82
-74
-84
-111
-77
-91
-100
-74
-75
-78
-97
-112
-88
-80
-111
-97
-71
-82
-105
-128
-91
-72
-114
-100
-70
-99
-115
-115
-99
-61
-86
-97
-72
-66
-74
-98
-80
-50
-58
-98
-90
-43
-36
-36
-46
-35
-17
-40
-35
13
22
-6
-1
19
21
11
14
33
42
46
23
10
43
68
56
38
49
82
85
54
62
110
112
96
96
109
156
140
122
157
155
143
128
157
204
159
116
152
180
159
134
112
128
124
90
93
116
136
100
57
85
83
23
21
75
85
60
18
13
59
47
18
17
26
48
35
25
50
37
39
50
20
23
33
34
63
44
11
26
33
28
13
-5
10
23
4
3
5
9
16
-21
-14
1
-38
-29
6
14
10
-27
-40
3
9
-6
-3
9
5
-23
-11
-1
-15
-1
10
0
-13
-31
-38
-17
-21
-41
-38
-39
-31
-27
-56
-58
-48
-50
-61
-66
-35
-26
-37
-44
-42
-11
-11
-25
-17
6
15
-8
-26
7
45
6
-16
9
20
21
17
37
65
68
59
71
81
55
56
86
94
86
90
95
116
141
98
75
101
106
102
100
121
112
84
82
79
82
93
92
72
64
49
8
19
36
23
10
-15
-19
-16
-22
-38
-57
-50
-67
-100
-93
-72
-72
-86
-105
-109
-107
-128
-120
-80
-90
-130
-142
-161
-155
-121
-119
-106
-112
-144
-122
-117
-121
-105
-108
-94
-98
-132
-125
-63
-55
-98
-102
-72
-70
-110
-96
-55
-79
-108
-101
-85
-64
-90
-111
-73
-91
-111
-84
-88
-82
-58
-90
-111
-76
-59
-58
-50
-46
-41
-42
-67
-73
-40
-20
-41
-42
-13
-19
-21
-34
-43
-15
-17
-42
-28
9
24
4
-17
20
35
-3
27
75
80
72
47
55
84
63
55
88
130
141
89
82
118
118
116
116
114
107
95
97
131
127
97
109
102
73
76
76
87
103
70
54
67
70
65
61
83
84
45
42
73
72
40
21
46
71
45
42
49
41
32
6
4
44
50
12
7
10
0
-5
-8
9
28
-9
-42
-21
-11
-5
-16
-49
-33
-33
-50
-40
-19
-15
-43
-50
-41
-36
-52
-69
-59
-28
-18
-50
-49
-36
-43
-76
-97
-81
-61
-43
-59
-76
-76
-52
-38
-62
-51
-39
-52
-54
-37
-11
-17
-20
11
4
-21
5
25
23
25
-3
-2
22
18
16
20
26
10
-10
12
56
64
20
-9
31
43
-4
-9
23
30
20
8
-6
3
9
-8
-14
-5
-8
5
34
15
-23
-38
-13
31
25
17
18
-6
-42
-55
-38
-16
4
-7
-10
-18
-50
-55
-16
10
-20
-53
-43
-20
-2
12
0
16
41
1
-23
3
40
50
39
33
29
19
-2
19
54
40
24
44
47
32
29
37
44
33
34
38
34
41
25
20
44
36
0
-3
8
13
-3
-24
-10
-14
-25
-26
-21
-7
-18
-26
-17
-35
-44
-8
5
-24
-34
-20
-13
-27
-15
9
-23
-60
-55
-33
5
-1
-26
5
14
-45
-67
-16
23
27
-6
-46
-26
-2
-22
-31
-4
-4
-22
0
29
17
10
32
32
21
17
35
65
57
41
35
26
35
54
45
50
40
20
29
26
18
20
29
25
14
4
9
13
-15
-21
-13
11
18
-7
1
3
-25
-55
-57
-26
13
-10
-53
-33
-26
-49
-47
-33
-17
1
-20
-23
-7
-20
-27
-26
-13
-15
-28
-42
-38
-28
-40
-34
-34
-23
-19
-19
2
-8
-7
12
8
-21
-16
37
46
18
-2
19
31
-10
-35
9
50
27
-12
-16
0
-18
-35
-13
-6
-21
-44
-41
-14
-33
-53
-59
-49
-34
-69
-73
-37
-40
-80
-90
-58
-39
-54
-64
-58
-46
-62
-81
-55
-28
-30
-52
-44
-27
-27
-34
-54
-32
4
-10
-11
31
40
25
18
14
41
72
80
87
108
113
87
59
82
146
155
112
87
101
108
109
97
94
144
138
95
89
107
117
115
109
90
97
105
98
90
100
91
62
71
70
72
71
64
77
62
43
30
33
53
69
74
53
63
74
43
34
44
64
68
57
54
37
33
44
28
22
28
23
21
8
10
14
5
23
28
35
34
-6
1
31
6
-30
-20
6
-12
-40
-40
-28
-21
-38
-51
-37
-22
-36
-72
-38
-11
-32
-43
-42
-10
-9
-55
-73
-32
-14
-23
-39
-59
-32
-27
-33
-12
6
13
-18
-50
-32
15
0
-31
8
38
8
-48
-29
50
65
15
-21
-23
16
33
-19
-2
42
11
-29
-32
7
24
-23
-36
-14
-33
-55
-66
-44
-12
-63
-119
-104
-57
-55
-94
-98
-76
-88
-124
-101
-69
-59
-74
-104
-76
-68
-92
-101
-75
-61
-99
-107
-87
-83
-85
-78
-66
-58
-65
-74
-52
-42
-64
-72
-59
-44
-50
-75
-73
-33
-31
-66
-51
-24
-32
-50
-37
-10
-19
-32
-26
-23
-7
-8
-19
-8
-11
-25
-34
-16
-4
-20
-28
-10
3
-37
-54
-27
-24
-32
-55
-63
-37
-32
-47
-33
-20
-29
-42
-35
9
17
-21
-35
-18
-6
-27
-33
-14
-4
-4
-36
-45
-14
5
-7
-44
-25
0
-23
-1
20
30
24
-17
-9
32
40
8
-7
10
28
22
3
21
34
28
30
37
56
52
35
34
37
50
53
52
67
89
64
34
58
76
103
100
80
76
54
56
82
93
86
76
64
58
47
36
74
92
75
49
41
61
57
61
74
82
60
31
48
69
75
47
44
71
74
80
85
99
101
76
80
90
91
85
89
117
109
86
77
93
115
110
104
106
101
92
87
86
108
95
64
81
93
80
48
51
81
78
44
16
44
76
69
68
72
56
30
12
25
59
45
28
42
43
27
15
15
36
39
4
-7
0
17
39
25
-6
-4
-2
-7
-3
-1
26
21
-29
-32
-8
12
12
-15
-9
-10
-58
-69
-45
-18
-26
-67
-88
-56
-43
-85
-74
-72
-80
-72
-111
-103
-64
-76
-115
-125
-108
-113
-123
-123
-87
-78
-111
-111
-121
-125
-126
-124
-114
-120
-141
-139
-117
-116
-103
-108
-113
-115
-133
-121
-106
-98
-94
-99
-76
-76
-117
-105
-59
-57
-76
-70
-61
-52
-57
-57
-18
-20
-42
-28
-4
10
3
-6
3
-7
-20
0
29
28
1
-6
0
22
30
15
18
32
39
8
-3
31
44
27
24
38
58
63
39
51
78
51
23
34
71
83
64
76
84
60
52
50
55
66
60
79
91
94
94
73
71
85
83
72
91
107
87
60
60
71
65
57
52
46
53
53
32
28
40
30
11
7
20
15
-6
-13
-9
-12
-25
-30
-38
-42
-27
-27
-38
-47
-34
-22
-42
-46
-32
-27
-15
-16
-41
-36
-17
-39
-35
-6
4
-8
-20
-6
-19
-36
-28
-31
-33
-16
-10
-2
11
-22
-46
-51
-36
-6
-24
-26
-11
-16
-15
-33
-33
-14
1
-15
-48
-32
-16
-22
-21
0
18
4
-18
-14
4
16
2
-21
-10
5
-4
-25
-12
24
10
-43
-66
-27
9
-12
-45
-44
-12
-14
-45
-30
2
8
-45
-53
-2
17
-7
-49
-7
34
14
-21
-19
47
50
14
12
35
33
14
33
61
58
7
-8
32
71
55
32
52
40
13
-23
-23
28
39
3
-3
17
-2
-1
14
18
15
-12
-33
-18
18
3
-18
-1
-7
-20
-20
-1
22
25
12
-20
0
3
-23
13
21
7
-2
-3
4
-11
-10
1
11
-13
-35
-10
0
-17
-39
-47
-44
-43
-63
-43
-13
-35
-49
-46
-44
-15
-1
-6
8
-11
-31
-31
-7
20
15
-6
-36
-25
35
46
-12
-14
13
18
12
-8
-17
-6
27
47
9
-30
-17
0
21
17
-15
-17
11
5
-26
-28
-9
10
29
17
4
42
31
26
45
31
33
40
61
45
50
53
33
57
94
98
46
71
96
88
86
50
73
94
95
90
75
73
47
62
85
83
85
73
72
52
36
45
56
67
52
48
59
55
47
49
65
51
25
24
8
32
69
29
14
9
4
18
27
48
29
-3
-13
-15
3
24
29
8
2
12
8
-5
1
-17
-22
11
-19
-42
-21
8
12
-12
-51
-72
-14
7
-38
-54
-48
-65
-100
-85
-46
-33
-69
-106
-102
-100
-101
-82
-49
-59
-115
-135
-114
-96
-87
-115
-120
-95
-103
-107
-110
-105
-90
-105
-115
-105
-99
-87
-80
-90
-85
-91
-112
-111
-85
-54
-73
-87
-89
-91
-52
-39
-31
-55
-77
-66
-55
-33
-53
-38
-44
-47
-25
-47
-6
33
34
-3
-28
-22
-17
38
18
-9
21
16
-1
-26
-5
37
55
41
-1
19
29
25
40
41
33
23
30
46
68
57
19
34
66
33
21
29
39
86
72
25
9
36
76
62
41
52
83
88
48
46
80
93
86
69
37
56
101
82
57
49
46
36
34
53
69
61
35
17
25
34
13
28
44
17
-1
-2
-20
-18
-6
-27
-5
8
-32
-33
-15
-24
-4
1
-36
-39
6
24
10
-3
-25
-26
-18
-1
5
0
-16
-33
8
23
-22
-25
7
27
22
-22
-40
12
43
21
-19
-47
-3
33
-17
-40
-19
12
6
-42
-50
-25
42
28
-5
11
1
17
10
-8
-1
21
23
3
12
1
5
27
15
13
18
23
16
20
18
0
6
-7
16
20
-9
14
43
6
-20
-1
16
59
28
-26
-35
-5
29
26
35
1
3
36
34
26
12
10
29
47
-4
-18
15
24
48
-5
-50
-29
35
45
-49
-36
-1
-8
-32
-56
0
15
-9
-55
-76
-31
-10
-28
-73
-59
-11
-31
-62
-49
-29
-49
-56
-59
-70
-35
-15
-11
-24
-52
-51
-38
-28
-59
-81
-41
-12
-47
-64
-47
-45
-58
-63
-74
-46
-8
-39
-47
-36
-64
-64
-49
-58
-27
2
-11
-18
-24
-21
-16
-21
-3
6
3
9
-11
5
27
7
22
13
21
53
15
-1
16
45
53
6
-20
15
101
80
-1
-5
38
94
51
-4
49
111
90
29
33
59
91
72
56
91
87
74
69
99
95
68
82
91
105
117
92
88
123
106
92
131
145
120
118
113
77
94
123
99
88
87
93
90
110
94
52
96
111
93
66
87
100
49
44
44
69
70
66
74
51
39
41
53
39
27
21
31
51
21
-4
-1
40
31
-26
-17
1
4
-13
-23
-22
-69
-74
-35
-44
-71
-67
-69
-88
-97
-91
-81
-72
-85
-118
-107
-90
-125
-138
-90
-83
-129
-129
-113
-95
-94
-134
-121
-113
-134
-140
-116
-100
-135
-107
-117
-157
-137
-145
-127
-126
-126
-121
-145
-127
-161
-182
-136
-135
-140
-126
-135
-135
-100
-111
-108
-125
-141
-100
-86
-78
-114
-99
-92
-111
-64
-76
-76
-53
-60
-67
-56
-38
-69
-40
-13
-53
-48
-5
15
4
1
-34
-24
7
-21
0
14
-1
22
34
3
-8
31
51
47
20
-3
13
39
65
40
28
40
61
63
27
53
75
65
55
54
70
69
66
67
61
51
68
97
88
66
73
98
88
70
87
83
104
108
61
56
89
121
65
48
82
95
101
85
74
77
86
55
50
73
63
38
53
74
28
4
8
29
72
55
19
18
62
52
-17
-5
38
65
39
6
11
45
62
-7
-1
43
54
40
25
46
20
51
37
6
40
50
59
38
31
16
40
46
6
10
28
69
55
37
30
21
58
46
35
9
-8
59
60
41
52
49
48
34
44
43
22
27
52
52
53
20
35
66
26
28
22
52
53
-10
-12
15
34
7
0
46
53
10
-16
-37
-5
57
22
16
28
16
10
-2
-20
-24
32
36
-15
-38
-10
5
5
-4
-32
-23
-19
-23
-40
-58
-62
-54
-43
-41
-30
-36
-49
-57
-48
-68
-95
-70
-34
-58
-113
-78
-4
-41
-119
-102
-81
-92
-74
-45
-46
-88
-119
-117
-103
-99
-124
-85
-46
-107
-124
-118
-90
-73
-95
-100
-98
-72
-96
-108
-137
-125
-65
-93
-111
-93
-38
-37
-78
-109
-128
-60
-36
-68
-72
-76
-68
-36
-30
-65
-70
-33
-63
-72
-51
-50
-12
-9
-29
-44
-44
-28
14
39
-16
-44
5
50
27
-28
-23
41
68
38
38
54
29
32
47
26
37
76
85
80
61
32
71
100
38
26
87
97
94
108
92
64
69
91
81
107
94
61
113
110
77
114
164
134
57
60
104
136
109
82
114
122
122
94
49
65
107
97
73
89
103
104
112
106
79
54
33
71
98
26
-5
48
87
77
49
60
48
21
5
-2
38
40
17
2
-14
10
47
45
28
31
-4
-44
-51
-20
32
25
-28
-54
-7
-12
-60
-53
-46
-25
-12
-30
-52
-39
-44
-93
-66
-11
-26
-39
-19
-23
-75
-106
-48
-4
-10
-50
-69
-29
-33
-62
-67
-53
-18
-49
-97
-56
-27
-30
-52
-102
-130
-107
-77
-59
-53
-103
-104
-74
-96
-116
-93
-56
-76
-79
-78
-95
-75
-72
-85
-98
-79
-55
-42
-32
-66
-73
-41
-28
-34
-19
6
-13
-37
-38
-41
-39
-25
-9
-2
-8
-12
-12
9
-12
-53
-40
-3
7
-14
-6
1
-12
-42
-49
-7
-2
-21
16
20
7
19
28
42
-7
-5
20
33
32
13
59
30
-14
21
36
11
27
67
22
11
54
44
42
38
70
76
28
35
35
64
55
13
36
69
93
73
63
58
47
35
40
54
52
71
85
74
71
83
61
48
31
47
110
103
71
63
65
70
59
36
44
67
82
70
31
53
64
42
28
8
53
67
9
-10
6
21
19
-5
10
60
48
11
7
18
-14
-17
53
69
39
3
2
31
40
8
-18
11
33
23
20
1
-17
-14
-4
8
-9
13
20
-13
-65
-86
-11
34
14
-52
-66
-14
-18
-70
-75
-21
-8
-38
-56
-47
-44
-40
-39
-58
-76
-84
-62
-17
-4
-33
-68
-80
-73
-67
4
20
-33
-46
-55
-62
-74
-63
-20
14
-25
-75
-80
-49
-61
-95
-32
-6
-52
-65
-59
-55
-54
-70
-109
-108
-64
-56
-77
-62
-60
-123
-120
-74
-72
-76
-77
-101
-110
-102
-138
-124
-91
-77
-107
-115
-59
-95
-122
-99
-48
-43
-86
-62
-45
-52
-118
-121
-41
-16
-25
-87
-87
-37
-32
-22
-38
-27
16
12
-17
-29
11
0
-10
33
5
-40
1
76
100
51
12
21
34
58
37
57
104
55
33
58
56
49
86
78
39
32
43
85
93
67
54
80
112
69
45
83
97
80
76
50
39
84
110
98
54
35
79
131
135
87
41
68
112
85
93
115
85
86
89
59
60
120
177
117
77
115
159
150
113
105
104
131
127
145
141
108
116
113
120
80
90
161
191
144
76
71
102
138
122
117
134
109
54
59
110
116
105
126
110
46
70
116
123
88
54
99
95
67
57
84
77
1
47
104
65
32
35
82
74
25
8
58
115
35
-26
8
46
21
-10
10
14
30
-10
-39
3
-23
-48
-19
18
-7
-55
-43
-15
-14
-69
-71
-18
-20
-52
-88
-81
-50
-26
-57
-131
-106
-48
-70
-103
-93
-78
-113
-169
-190
-129
-61
-77
-126
-163
-177
-210
-223
-182
-134
-140
-188
-204
-189
-227
-276
-211
-142
-155
-220
-236
-187
-197
-219
-221
-222
-174
-175
-217
-226
-185
-186
-254
-216
-174
-206
-218
-206
-220
-199
-156
-189
-198
-186
-225
-221
-145
-160
-236
-200
-176
-194
-156
-141
-123
-100
-137
-153
-93
-112
-109
-7
-1
-58
-68
-24
-15
-11
14
-18
26
73
4
-7
54
133
110
36
61
123
134
92
108
152
146
132
144
164
182
186
173
199
214
180
213
282
263
192
147
192
245
168
136
244
310
231
144
169
170
152
137
173
259
208
149
176
167
65
47
114
130
114
90
92
83
52
0
42
131
82
58
76
49
53
27
9
31
10
3
-2
19
21
-19
0
-26
-47
-44
-23
-8
-25
-22
-14
1
-45
-12
-31
-61
4
-6
33
-9
7
21
-6
2
-58
18
42
17
10
-12
17
26
38
10
17
69
61
46
46
65
61
33
18
26
58
60
62
82
31
23
75
111
112
29
51
113
133
194
175
167
146
100
111
116
156
143
156
267
236
106
100
232
276
182
137
239
266
128
86
153
198
99
6
63
69
-23
-92
-85
-104
-182
-213
-211
-218
-245
-257
-250
-169
-131
-234
-282
-295
-246
-205
-188
-101
-80
-51
-85
-179
-153
-170
-199
-210
-244
-214
-241
-311
-362
-377
-363
-351
-368
-352
-315
-369
-372
-333
-276
-241
-244
-178
-143
-117
-86
-86
-62
-56
-6
29
28
76
71
101
125
149
157
97
109
122
127
103
109
166
202
223
187
167
148
205
261
250
323
326
299
291
262
281
277
312
345
321
338
318
291
253
212
294
397
448
450
409
322
194
150
194
242
298
387
414
306
185
-21
-298
-448
-457
-344
-206
-33
71
-31
-296
-613
-770
-753
-581
-315
-47
170
160
2
-158
-276
-304
-209
-56
72
202
166
-19
-182
-286
-346
-365
-297
-269
-223
-231
-385
-458
-487
-479
-369
-263
-190
-151
-132
-173
-178
-126
-148
-128
-82
-43
-18
-49
-17
54
60
19
8
5
-37
-78
-33
30
68
113
86
58
81
104
87
47
47
99
137
139
171
166
99
38
4
24
92
152
147
112
43
-25
-14
12
23
30
25
49
63
37
-15
-52
-45
-60
-37
43
55
71
72
-1
-22
-53
-31
31
71
102
62
63
53
56
68
36
76
146
178
178
213
254
231
155
95
138
211
250
267
301
322
274
205
131
69
40
61
117
132
139
161
133
80
8
-61
-43
6
80
80
71
135
102
36
-40
-79
-64
-53
-9
-3
2
-49
-141
-177
-201
-202
-208
-175
-179
-198
-159
-212
-227
-235
-265
-254
-253
-175
-178
-206
-205
-275
-243
-215
-222
-184
-177
-184
-220
-223
-207
-205
-149
-145
-121
-69
-122
-151
-154
-156
-153
-136
-58
-29
22
33
-44
-78
-99
-39
22
131
169
95
104
76
98
123
145
202
191
155
185
283
287
218
132
118
236
292
334
378
277
193
200
269
369
398
400
386
331
267
268
352
394
378
352
386
399
418
466
424
363
337
322
273
312
378
383
356
283
268
240
209
166
79
10
1
75
136
152
89
27
-37
-138
-101
-59
-82
-84
-108
-122
-108
-97
-148
-221
-288
-378
-329
-250
-235
-227
-283
-346
-442
-450
-419
-418
-409
-414
-376
-378
-357
-365
-456
-501
-508
-449
-312
-256
-202
-196
-362
-421
-390
-423
-406
-275
-258
-174
-199
-370
-283
-321
-324
-305
-318
-246
-196
-173
-251
-218
-213
-231
-237
-219
-154
-145
-112
-152
-144
-102
-127
-91
-42
-87
-101
-11
-34
-129
-154
-3
126
40
36
77
113
-2
-132
118
259
184
100
61
68
21
12
12
144
248
207
237
231
231
230
209
261
306
346
405
432
374
226
137
156
172
243
348
422
424
289
115
28
13
-3
90
222
256
253
196
51
-61
-49
-61
44
60
166
219
-293
-506
-647
-575
-385
-396
-89
152
167
-123
-207
-436
-335
171
251
576
560
511
404
28
-59
43
314
488
575
385
128
-208
-551
-594
-589
-329
-114
-157
-266
-474
-538
-523
-513
-290
-13
237
318
187
142
121
159
200
258
332
384
351
123
137
162
155
272
261
331
236
39
-36
-139
-119
-30
107
142
64
31
36
113
95
190
240
154
168
86
104
148
224
415
516
483
331
308
294
330
438
544
726
795
747
594
496
474
424
371
221
16
-47
-27
-110
-223
-322
-344
-328
-363
-447
-508
-403
-290
-269
-261
-189
-61
84
233
394
573
655
628
572
491
442
450
397
317
316
162
-77
-256
-471
-655
-833
-936
-949
-924
-879
-901
-923
-917
-851
-683
-556
-538
-426
-271
-184
-18
128
213
281
293
255
210
171
88
-23
-158
-293
-415
-480
-554
-650
-648
-688
-729
-705
-725
-637
-476
-412
-381
-335
-238
-133
4
144
236
344
338
303
300
262
215
119
58
34
64
114
149
143
58
-50
-188
-278
-279
-195
-74
52
163
214
251
265
260
251
317
419
510
653
718
787
866
862
929
1021
1186
1361
1411
1488
1205
332
-576
-1057
-972
-734
-539
-127
374
379
-478
-1524
-2043
-1987
-1749
-1432
-713
286
989
927
486
328
476
625
607
760
1235
1569
1413
1047
805
556
231
-246
-642
-753
-817
-935
-1141
-1313
-1343
-1420
-1602
-1587
-1346
-1020
-710
-389
-79
10
2
20
143
273
516
996
1408
1571
1448
1235
881
329
-180
-438
-373
-210
-161
-290
-489
-693
-1020
-1401
-1540
-1384
-1135
-881
-726
-619
-455
-405
-384
-193
69
322
522
566
555
451
289
222
195
248
324
397
392
234
37
-202
-425
-531
-524
-458
-322
-112
5
-10
-25
-55
-102
-78
66
331
648
788
764
757
658
518
486
565
749
878
874
746
627
559
462
468
594
765
875
837
729
685
695
639
718
1020
1344
1550
1529
1351
1048
562
-12
-415
-489
-249
246
678
823
633
41
-814
-1657
-2026
-1776
-975
13
707
1006
781
233
-434
-892
-764
-218
546
1074
1195
1043
551
-49
-508
-693
-588
-338
-268
-492
-772
-1021
-1235
-1423
-1525
-1465
-1324
-1186
-1057
-851
-602
-560
-686
-805
-825
-736
-643
-328
192
635
873
693
253
-185
-581
-821
-805
-441
-14
69
-345
-900
-1256
-1594
-1674
-1400
-862
-413
-346
-473
-736
-928
-867
-496
-11
489
842
797
564
371
264
254
383
581
716
787
674
476
366
225
149
157
120
90
69
114
223
358
443
459
465
416
465
683
975
1300
1476
1438
1264
1197
1301
1489
1883
2337
2553
2383
1777
842
-138
-895
-1190
-1029
-633
-93
245
13
-663
-1485
-2125
-2494
-2428
-1743
-776
228
948
1265
1310
1137
901
702
801
1216
1673
1955
1898
1606
1167
492
-241
-796
-1117
-1242
-1308
-1411
-1556
-1753
-2080
-2394
-2502
-2353
-1934
-1376
-818
-329
33
213
232
230
356
590
855
1276
1733
1968
1898
1479
947
411
-137
-571
-873
-1017
-1030
-1014
-1171
-1605
-2157
-2583
-2571
-2210
-1775
-1254
-760
-501
-530
-766
-952
-826
-363
327
937
1276
1300
874
199
-296
-475
-338
-37
211
262
-27
-466
-912
-1239
-1296
-1168
-932
-698
-511
-391
-301
-193
-64
53
180
394
635
826
974
1133
1233
1170
1095
1044
989
1074
1225
1335
1372
1308
1217
1213
1231
1200
1289
1591
1959
2261
2493
2213
890
-1015
-2419
-2513
-1389
148
1545
2326
1937
392
-1827
-3684
-4008
-2714
-586
1534
2965
3434
2825
1363
76
-185
554
1627
2492
2899
2638
1860
737
-393
-1088
-1355
-1498
-1766
-2034
-2103
-2033
-2012
-1957
-1878
-1863
-1825
-1701
-1229
-355
642
1431
1753
1499
931
444
224
492
1180
1828
2104
1908
1173
126
-905
-1727
-2341
-2774
-2778
-2305
-1625
-1113
-940
-954
-1233
-1845
-2342
-2327
-1673
-484
718
1445
1499
960
198
-382
-533
-221
453
1068
1228
855
17
-895
-1512
-1625
-1268
-682
-65
244
92
-372
-929
-1296
-1262
-831
-100
628
1167
1565
1670
1445
1039
655
452
463
817
1377
1836
2039
1902
1471
1008
765
824
1217
1747
2236
2579
2571
2073
1136
230
-369
-1028
-1911
-2114
-911
688
1284
704
-74
-575
-1474
-2720
-3017
-1462
1075
2717
2890
2624
2562
2039
813
62
734
2145
2706
1995
1120
645
-118
-1424
-2516
-2749
-2392
-2287
-2633
-2746
-2358
-1983
-1966
-2016
-1650
-930
-272
362
1268
2107
2322
2017
1549
1129
791
663
847
1126
1194
926
448
-244
-1150
-2123
-2780
-3001
-3191
-3403
-3267
-2444
-1344
-602
-273
-28
103
-330
-897
-792
112
1169
1778
1940
1625
862
-60
-748
-960
-818
-668
-792
-1043
-1220
-1407
-1709
-1898
-1659
-1292
-1046
-771
-374
-73
-94
-218
-152
138
466
726
979
1181
1308
1226
893
476
98
-170
-367
-224
359
838
915
858
955
1182
1405
1638
1857
1635
825
34
-620
-1650
-2766
-2552
-657
1222
1497
544
-124
-535
-1862
-3523
-3368
-763
2127
3110
2746
2906
3322
2386
563
1
1334
2591
2137
1004
874
1206
404
-1453
-2683
-2423
-1981
-2435
-2898
-2344
-1242
-900
-1479
-1784
-1138
-138
602
1447
2647
3493
3334
2526
1749
1108
578
332
537
898
965
776
381
-459
-1733
-2780
-3007
-2675
-2530
-2457
-1687
-376
455
304
66
553
933
462
-53
315
1143
1394
997
730
763
567
-133
-880
-1071
-933
-933
-1098
-1108
-812
-597
-709
-821
-691
-497
-395
-182
305
655
580
397
452
613
594
507
577
731
697
468
193
78
200
332
412
450
465
452
659
1272
1911
2289
2257
1813
1035
47
-770
-1328
-1930
-2440
-1814
-76
1102
917
159
-197
-640
-2014
-3159
-2148
654
2836
3261
3044
3299
3208
1694
84
268
1717
2290
1394
511
565
313
-1367
-3065
-3228
-2453
-2189
-2552
-2339
-1364
-705
-891
-1190
-785
1
596
1186
2164
3032
2901
2010
1254
817
313
-199
-308
50
232
-234
-757
-1064
-1641
-2610
-3228
-2973
-2400
-2079
-1632
-494
721
1069
691
473
878
1283
1018
567
734
1141
759
-360
-1028
-843
-618
-782
-929
-690
-425
-719
-1400
-1739
-1385
-748
-275
127
596
983
1069
854
615
482
323
186
380
889
1175
949
571
290
-143
-632
-687
-190
459
944
1391
1730
1842
1729
1469
1113
631
233
-18
-100
-320
-1483
-3194
-3547
-2015
-634
-581
-539
475
854
-1005
-2968
-2110
605
2218
2152
2286
3497
4047
2387
361
503
1699
1203
-724
-1387
-322
22
-1603
-3406
-3501
-2781
-2955
-3480
-2765
-980
166
69
-77
490
1262
1632
1755
2090
2494
2448
1926
1192
424
-199
-704
-999
-1122
-1363
-1430
-1064
-1065
-1956
-2753
-2526
-1877
-1795
-1752
-673
887
1584
1265
910
1108
1304
793
154
495
1283
1040
-138
-769
-616
-821
-1543
-1709
-894
-30
-69
-655
-801
-500
-498
-891
-815
71
874
1200
1423
1637
1587
995
220
9
384
646
733
1092
1491
1299
570
83
207
492
613
942
1664
2193
2104
1699
1381
1100
489
-278
-852
-1890
-3432
-3729
-1965
-65
157
-256
228
576
-1042
-3125
-2423
782
3204
3239
2798
3593
3976
2171
-171
-210
1435
1708
176
-709
-115
-142
-2020
-4026
-4287
-3437
-3056
-3107
-2337
-718
235
-3
-344
-30
671
1288
1926
2743
3218
2906
2062
1098
70
-1006
-1723
-1740
-1476
-1487
-1407
-695
-201
-991
-2255
-2576
-2095
-1847
-1798
-901
831
2102
2145
1512
1189
1243
833
-161
-545
242
991
621
-210
-554
-679
-1159
-1761
-1634
-688
150
294
-5
-154
-44
-107
-365
-221
391
892
969
806
688
532
284
202
378
584
709
740
633
605
663
684
871
1254
1552
1715
1891
1952
1756
1419
1093
779
132
-784
-1602
-2722
-3606
-2776
-890
159
73
-103
128
-181
-1714
-2547
-766
2107
3477
3053
2758
3386
3265
1527
103
555
1430
932
-529
-1254
-1114
-1591
-2966
-3894
-3393
-2332
-1919
-1815
-1166
-357
-173
-238
65
790
1718
2488
2975
3153
2626
1356
182
-544
-1158
-1732
-1979
-1627
-1269
-1535
-1787
-1551
-1499
-1930
-2091
-1454
-495
23
98
439
1170
1606
1341
781
702
1140
1213
523
-204
-413
-518
-1119
-1878
-1922
-1252
-571
-295
-252
-81
171
67
-421
-659
-235
381
668
899
1286
1509
1244
611
92
-160
-325
-429
-253
196
546
697
822
983
1202
1324
1276
1441
1861
2114
1960
1471
886
122
-1007
-2330
-3610
-4156
-3003
-980
-178
-668
-887
-617
-1055
-2314
-2270
204
2947
3851
3371
3236
3732
3142
1129
-105
469
1037
294
-794
-979
-764
-1772
-3872
-5079
-4447
-3287
-2724
-2067
-809
285
544
453
754
1390
2241
3159
3681
3590
2931
2044
1226
59
-1500
-2459
-2345
-1892
-1979
-2449
-2345
-1754
-1948
-2854
-2924
-1605
-148
240
374
1449
2685
2686
1687
1092
1484
1772
953
-12
34
384
-349
-1843
-2411
-1774
-1290
-1468
-1255
-260
498
285
-382
-364
337
753
797
1155
1779
1917
1479
997
643
203
-220
-253
-45
111
216
357
623
798
583
318
640
1503
2241
2415
2345
2337
1914
855
-331
-1258
-1951
-2827
-3379
-2159
8
643
-337
-1157
-1201
-1546
-2595
-2258
529
3422
4247
3496
2933
2906
2205
782
464
1555
1978
883
-502
-1099
-1555
-2814
-4212
-4471
-3552
-2641
-2166
-1584
-903
-683
-718
-301
589
1664
2814
3927
4459
3976
2720
1395
509
-475
-1650
-2152
-1680
-1139
-1476
-2139
-2166
-1995
-2616
-3361
-2841
-1296
-208
46
569
1595
2176
1883
1463
1763
2448
2435
1534
756
439
-240
-1552
-2385
-1949
-1175
-1089
-1139
-495
200
-74
-1036
-1465
-902
-17
588
1129
2110
2891
2419
1137
322
281
385
289
346
753
869
413
-209
-659
-720
-382
411
1373
2062
2404
2440
2026
1044
-11
-804
-1506
-2466
-3548
-3293
-1177
699
545
-675
-1248
-1416
-2498
-3586
-1987
1854
4473
4255
2914
2556
2619
1530
248
758
2261
2486
1165
-128
-667
-1585
-3450
-5022
-5111
-4019
-2925
-2167
-1330
-746
-1099
-1753
-1645
-690
860
2657
4206
4814
4011
2486
1272
424
-541
-1569
-1933
-1330
-902
-1532
-2382
-2637
-2801
-3596
-4361
-3808
-2108
-626
45
376
748
1028
923
871
1533
2657
3202
2678
1832
1035
-115
-1474
-2169
-1923
-1249
-488
35
124
-226
-987
-1894
-2218
-1426
23
1387
2351
2783
2466
1602
723
311
690
1391
1743
1951
2212
1983
1087
264
-38
-141
-79
543
1543
2373
2836
2553
1388
84
-1039
-2161
-3235
-3940
-3172
-754
1281
1260
-184
-1366
-2109
-3390
-4055
-1806
2389
5217
5135
3544
2480
1762
362
-608
454
2510
3210
2004
457
-561
-1943
-3710
-4795
-4589
-3373
-2137
-1321
-741
-814
-1722
-2435
-2249
-1093
915
3182
4933
5310
4119
2229
732
-79
-722
-1271
-1064
-193
22
-900
-2147
-2988
-3499
-4013
-4124
-3212
-1444
-102
6
-350
-206
242
451
868
1849
2908
3203
2365
1072
163
-316
-838
-1280
-1148
-590
-204
-229
-678
-1414
-1861
-1839
-1485
-812
166
1190
1768
1678
1081
720
985
1395
1629
1776
1856
1686
1320
886
629
899
1283
1192
924
1181
1777
1868
1455
1082
741
58
-1068
-2554
-3908
-3643
-1374
758
918
-264
-1173
-1712
-2847
-3953
-2622
1289
4555
4909
3457
2540
2158
1017
-33
809
2869
3659
2333
271
-1132
-2268
-3643
-4391
-3906
-2699
-1745
-1416
-1574
-2168
-3018
-3165
-2167
-805
905
3190
5097
5326
3784
1869
928
745
609
512
695
1001
365
-1322
-2621
-2828
-2797
-3365
-3637
-2602
-1226
-1032
-1619
-1508
-637
-75
77
865
2283
2940
2359
1452
954
703
218
-227
-99
265
53
-605
-749
-524
-969
-2101
-2622
-1983
-1167
-706
-119
816
1361
887
124
220
1097
1821
1958
1829
1761
1483
917
687
1089
1501
1483
1345
1456
1666
1340
600
320
228
-927
-3113
-4772
-4201
-1476
693
584
-511
-1034
-1516
-3130
-4292
-2143
2266
4911
4437
2950
2526
2362
1113
293
1570
3632
3924
2149
140
-1129
-2392
-3863
-4448
-3678
-2276
-1289
-1211
-1873
-2939
-3852
-3630
-2248
-635
1125
3222
4781
4310
2283
975
1264
1994
1735
911
1105
1860
804
-1899
-3432
-2903
-2323
-3079
-3472
-1973
-415
-877
-2195
-2279
-1116
-50
479
1351
2625
3086
2164
887
429
618
621
447
691
854
121
-1013
-1255
-735
-818
-1409
-1488
-1110
-995
-1233
-1304
-711
238
698
620
829
1613
1808
1152
924
1259
1347
1101
1120
1743
2018
1216
654
1267
1881
1294
179
-35
-51
-1931
-4899
-5388
-2333
727
514
-1502
-2252
-2325
-3952
-5566
-3379
1805
4920
4056
2307
2061
2040
1242
1309
3393
5642
5354
3009
918
-720
-2690
-4083
-3733
-2470
-1831
-1993
-2170
-2633
-4141
-5610
-5014
-2464
-266
833
2306
4073
4093
2124
649
1324
2636
2800
2735
3507
3829
2031
-870
-2361
-2145
-1860
-2293
-2486
-1966
-1780
-2677
-3685
-3225
-1702
-412
609
1664
2178
1738
1161
1170
1683
2260
2641
2750
2573
1873
493
-460
-286
254
526
497
195
-509
-1405
-2011
-2017
-1381
-445
288
671
921
939
713
702
1021
1394
1628
1909
2493
3064
2858
2028
1865
2418
2342
1338
518
101
-1341
-4134
-5732
-3713
-160
761
-1322
-3229
-3626
-4531
-6125
-5010
-152
4147
4313
1846
447
1097
1688
1918
3407
5699
6159
4011
1315
-461
-1548
-2321
-2374
-1762
-1336
-1823
-3119
-4456
-5770
-6660
-5839
-3367
-945
276
676
958
904
391
429
1657
3333
4224
3940
3117
2177
906
-343
-812
-464
222
349
-551
-1920
-3147
-4008
-4226
-3507
-1968
-292
627
568
-130
-693
-462
212
1025
2016
2884
3065
2363
1226
440
475
1068
1735
2084
1860
1016
-113
-839
-929
-654
-111
426
455
35
-259
-357
-436
-159
402
723
840
1037
1306
1537
1849
2273
2478
2250
1939
1905
1699
837
-794
-2702
-3041
-1154
477
-418
-2666
-3855
-4137
-4988
-5667
-3945
-270
1824
496
-1883
-2073
-129
1862
3311
4867
6034
5261
2608
36
-948
-423
598
1193
1013
136
-1427
-3516
-5746
-7295
-6951
-4735
-2374
-1440
-1590
-1658
-1674
-2158
-2269
-666
1900
3549
3747
3209
2540
1617
725
486
859
1533
1950
1476
200
-1294
-2526
-3255
-3380
-2732
-1610
-655
-204
-564
-1445
-1885
-1373
-324
560
1103
1568
1979
1869
1456
1422
1740
1912
1655
1439
1545
1678
1501
1003
855
1268
1380
598
-273
-180
584
946
748
757
878
456
-230
-318
604
1872
2495
2708
2702
1861
602
-167
-243
-267
-769
-599
1134
2356
1033
-1607
-3059
-2976
-3061
-3265
-1894
517
1192
-675
-2815
-2974
-1309
463
2115
3798
4485
3365
1124
-276
-136
822
1827
2262
1623
169
-1313
-2403
-3013
-3531
-3571
-2616
-1737
-2024
-2917
-3171
-2672
-2309
-2150
-1321
117
1267
1389
726
570
1081
1217
955
1254
2093
2188
1028
-105
-328
-330
-765
-1312
-1368
-1115
-1164
-1454
-1423
-1192
-1127
-1111
-935
-617
-479
-404
14
760
1347
1387
1345
1635
1649
911
368
929
1958
2328
1907
1395
1112
919
530
210
733
1707
1816
1064
622
691
650
298
299
1129
2089
2109
1007
-261
-985
-1472
-2083
-1982
-218
1818
1648
-767
-3079
-3612
-2907
-2092
-716
1617
2878
1257
-1606
-2712
-1363
859
2497
3413
3621
2583
502
-1088
-901
551
1768
2079
1530
277
-1200
-2383
-2963
-2937
-2464
-1650
-1018
-1337
-2492
-3192
-2787
-2143
-1874
-1405
-133
1030
779
-441
-910
76
1021
888
1086
2257
2435
491
-1542
-1393
50
546
10
-301
-131
-415
-1673
-2623
-2014
-678
-181
-605
-890
-785
-943
-1272
-1034
-154
747
1181
1312
1404
1316
1052
931
1027
1327
1811
2065
1845
1410
1042
812
841
1270
1617
1364
977
969
860
480
615
1689
2653
2107
457
-715
-1019
-1527
-2474
-2291
-24
2031
1031
-2044
-3909
-3410
-2501
-2275
-1241
1191
2430
563
-2143
-2720
-919
1504
3301
4350
4252
2561
235
-923
-499
795
2297
3050
2071
-393
-2516
-2842
-2050
-1691
-1858
-1566
-1048
-1750
-3403
-3738
-2040
-422
-544
-1267
-813
409
542
-439
-664
452
1211
677
516
1681
2362
1189
-213
-124
440
25
-661
-427
8
-334
-972
-1067
-765
-892
-1428
-1339
-497
-65
-642
-1283
-970
-438
-584
-633
233
1258
1296
614
384
942
1435
1414
1438
1738
1754
1297
1058
1294
1569
1626
1477
1341
1335
1199
768
633
1251
1773
1376
395
-315
-764
-1663
-2536
-1995
150
1505
29
-2638
-3869
-3604
-3118
-2213
-157
1802
1234
-1651
-3725
-2934
-256
2117
3760
4730
3771
1037
-908
-496
1147
2513
3121
2794
1288
-819
-2150
-1947
-996
-865
-1528
-1806
-2007
-2978
-3695
-2853
-1274
-699
-1396
-1936
-1361
-562
-490
-484
460
1613
1528
631
518
1343
1889
1576
1301
1792
1917
855
-231
-316
81
237
332
402
-5
-940
-1708
-1730
-1340
-956
-702
-496
-535
-1105
-1530
-1079
-63
623
761
837
894
776
813
1318
1955
2167
1806
1383
1500
1967
2184
1935
1540
1443
1375
855
523
1249
2471
2656
1110
-993
-1921
-1997
-2493
-2437
-282
2047
951
-2909
-5287
-4647
-3029
-1778
-363
1143
955
-1688
-4254
-3720
-369
2914
4440
4487
3022
403
-1312
-659
1550
3680
4659
3986
1642
-1344
-3106
-2502
-544
450
-113
-1114
-2224
-3851
-5108
-4342
-2022
-328
-548
-1902
-2694
-2492
-1918
-1139
150
1586
2024
1011
-123
74
1244
2095
2301
2621
2726
1632
174
-143
435
929
1301
1409
651
-601
-1287
-1178
-741
-337
-360
-863
-1469
-1963
-2068
-1335
-170
254
-176
-569
-442
130
980
1959
2658
2457
1444
679
889
1823
2754
3076
2714
2052
1469
988
774
1317
2527
3121
1902
-425
-1987
-2356
-2687
-2635
-548
1990
1098
-2995
-5898
-5575
-4055
-2759
-939
999
650
-2468
-5326
-4882
-1406
2162
4009
4442
3260
502
-1458
-580
2087
4323
5143
4331
1851
-1051
-2186
-939
1005
1532
429
-1044
-2591
-4412
-5199
-3647
-1118
-92
-1104
-2810
-3859
-3832
-2953
-1494
136
1021
564
-480
-840
-110
1229
2365
2698
2364
1852
1300
848
940
1693
2409
2305
1362
186
-456
-292
178
408
324
-69
-852
-1780
-2316
-2087
-1188
-249
-147
-845
-1471
-1594
-1151
-120
1277
2279
2150
1286
622
644
1387
2496
3396
3571
2921
1895
1175
1320
2167
2974
3289
2888
1479
-514
-1841
-2128
-1772
-374
1638
1736
-1192
-4667
-5777
-4648
-2983
-1332
173
176
-2386
-5756
-6533
-3402
1075
3649
3772
2261
-218
-2114
-1413
1726
5068
6594
5472
2363
-669
-1646
-163
2333
3529
2520
317
-1881
-3676
-4346
-2972
-609
288
-1168
-3488
-4906
-4817
-3649
-2193
-1048
-558
-911
-1813
-2300
-1623
151
1899
2452
1940
1313
1065
1005
1258
1974
2799
3194
2785
1609
420
255
847
1117
849
545
141
-741
-1693
-1980
-1460
-691
-516
-1257
-2165
-2384
-1948
-1145
34
1107
1146
266
-333
82
1066
2149
3102
3347
2627
1612
1351
1993
2841
3503
3926
3810
2760
849
-1014
-1743
-1305
-32
1685
2302
407
-2960
-5330
-5454
-3784
-1511
275
466
-1703
-5112
-7023
-5501
-1520
2065
3301
2220
-212
-2560
-2791
-181
3401
5465
5109
2783
-14
-1153
170
2798
4652
4322
2036
-746
-2637
-2955
-1583
565
1612
524
-1752
-3778
-4765
-4373
-2888
-1195
-480
-1286
-2823
-3757
-3487
-2331
-774
562
971
452
-141
-114
510
1318
2006
2438
2449
1937
1249
1195
1930
2495
2124
1236
524
-30
-471
-523
-230
14
-187
-910
-1777
-2395
-2452
-1742
-589
176
24
-660
-1179
-1139
-420
812
1875
2204
1896
1182
494
842
2379
3670
3748
3189
2775
2627
2446
1886
1043
383
82
299
1194
1802
747
-1675
-3607
-3864
-3012
-1872
-829
-771
-2484
-5017
-6178
-4730
-1619
978
1628
478
-1357
-2583
-2046
339
3011
4276
3574
1489
-420
-531
1266
3356
4096
3219
1365
-574
-1641
-1383
-39
1400
1532
28
-1915
-2992
-2977
-2255
-1439
-1061
-1340
-2313
-3318
-3456
-2631
-1416
-535
-358
-789
-1342
-1334
-648
176
863
1408
1544
1165
773
917
1635
2367
2547
2187
1579
968
498
276
380
596
559
168
-501
-1263
-1722
-1597
-1020
-458
-419
-921
-1364
-1385
-1216
-689
554
1743
1725
794
204
467
1298
2256
2875
2849
2398
2060
2101
2477
2746
2272
1064
52
190
1357
2329
1760
-169
-1758
-2233
-2251
-1907
-861
-46
-1012
-3473
-5162
-4554
-2243
-53
679
125
-1001
-2267
-2687
-1192
1305
2906
2890
1669
252
-157
871
2437
3252
2785
1489
195
-530
-450
384
1393
1410
-67
-1829
-2494
-2108
-1419
-814
-530
-1105
-2555
-3691
-3266
-1644
-377
-222
-562
-874
-1364
-1727
-1200
43
824
593
77
-96
49
391
991
1718
1910
1364
844
850
1007
1045
1189
1386
1218
726
332
228
304
276
67
-133
-400
-929
-1281
-1083
-686
-335
49
169
-219
-558
-314
305
885
1401
1824
1857
1474
1209
1773
2822
2981
1795
387
-246
235
1686
2895
2360
110
-2042
-2798
-2492
-1507
145
1290
159
-2913
-5383
-4920
-1948
802
1614
934
-530
-2326
-3087
-1699
974
2935
2905
1195
-618
-991
314
2171
3134
2701
1402
75
-660
-540
634
2207
2402
542
-1675
-2306
-1541
-773
-523
-593
-1146
-2377
-3410
-3043
-1598
-552
-601
-1119
-1488
-1624
-1415
-658
231
353
-135
-291
-2
244
465
980
1449
1144
188
-340
51
646
765
508
320
261
98
-23
244
625
600
255
88
194
170
10
33
165
92
-141
-160
74
175
-147
-410
-27
567
617
288
363
953
1397
1258
835
408
-134
-292
824
2575
2927
1112
-1236
-2216
-1923
-1372
-400
988
1075
-1244
-4237
-5157
-3432
-797
795
748
-349
-1828
-2918
-2542
-460
1908
2906
2131
321
-1017
-671
1154
2878
3157
2230
878
-417
-954
-193
1359
2477
2019
115
-1558
-1778
-936
-12
360
5
-982
-2107
-2486
-1819
-616
233
-95
-1249
-1996
-1887
-1293
-487
158
267
-91
-560
-687
-204
642
1329
1506
1167
582
201
335
738
949
805
517
431
511
423
127
-1
179
306
168
17
49
60
59
187
368
619
796
689
371
182
350
665
849
940
928
709
605
788
780
182
-637
-781
263
1726
2037
725
-994
-1707
-1268
-523
206
994
1043
-462
-2714
-3810
-2770
-448
1181
805
-847
-2256
-2837
-2523
-1160
824
2094
1620
-155
-1544
-1181
672
2433
2771
1917
846
-42
-403
244
1556
2493
2216
729
-1006
-1653
-798
463
897
466
-301
-1214
-1974
-1906
-833
423
756
-104
-1352
-1785
-1098
-240
104
150
46
-274
-587
-421
375
1263
1547
1087
377
91
394
878
1206
1293
1062
592
209
109
249
466
616
604
370
-48
-488
-680
-382
53
148
127
228
157
-168
-291
-3
419
684
775
747
549
434
653
905
729
99
-484
-431
428
1327
1191
3
-1144
-1409
-999
-556
-222
150
68
-903
-2259
-2844
-1881
-90
802
41
-1351
-2138
-2106
-1594
-648
571
1138
420
-988
-1758
-1077
603
1820
1576
534
-287
-590
-362
366
1324
1897
1513
258
-915
-921
129
1008
931
218
-551
-1098
-1177
-679
111
604
278
-736
-1524
-1301
-394
307
389
103
-164
-300
-259
4
559
1210
1326
664
-54
-99
349
823
978
691
254
-53
-162
-124
32
220
307
144
-329
-855
-1106
-922
-473
-160
-174
-392
-596
-715
-709
-569
-256
227
493
230
-270
-413
41
786
1274
1147
514
-191
-597
-493
236
1302
1776
912
-723
-1785
-1543
-339
818
1051
215
-1047
-1933
-2029
-1257
74
1049
758
-628
-1923
-2002
-830
660
1418
1018
-34
-913
-1097
-478
578
1348
1314
589
-317
-781
-397
491
1117
1063
531
12
-228
-117
243
585
662
305
-263
-528
-195
415
654
365
-59
-287
-294
-175
14
227
353
259
21
-88
114
501
695
492
116
-112
-151
-94
134
462
507
122
-332
-440
-111
276
313
57
-239
-433
-534
-462
-162
80
-101
-586
-884
-759
-351
-30
-3
-136
-293
-444
-492
-311
67
383
507
487
307
156
268
508
607
538
424
309
235
153
98
140
269
449
450
233
-7
-190
-261
-191
-27
136
206
110
-51
-54
173
438
479
327
221
260
377
469
474
443
357
196
59
100
370
647
607
166
-354
-520
-262
111
332
297
-9
-431
-606
-335
148
469
326
-203
-667
-637
-177
227
305
115
-81
-204
-308
-319
-178
84
233
16
-426
-672
-553
-235
25
50
-154
-405
-526
-458
-255
13
254
250
-26
-303
-350
-148
127
292
196
-118
-438
-572
-397
-31
203
93
-209
-476
-557
-305
173
539
508
156
-99
-60
187
500
727
832
693
304
11
69
455
824
761
315
-43
-86
48
212
328
343
152
-225
-573
-638
-269
269
526
359
41
-132
-180
-153
38
398
734
757
366
-107
-211
126
531
639
465
97
-330
-568
-467
-90
194
104
-274
-678
-835
-584
-78
224
62
-435
-877
-840
-444
-72
188
253
-19
-510
-769
-522
3
325
155
-328
-746
-820
-592
-242
43
6
-368
-808
-972
-700
-181
208
206
-102
-439
-620
-601
-381
-82
87
30
-209
-445
-489
-364
-245
-230
-255
-197
-146
-207
-234
-132
70
202
170
57
-31
-17
25
169
436
567
404
68
-86
92
341
380
260
199
260
374
427
391
350
309
289
293
284
351
456
473
387
318
336
334
284
331
503
610
549
332
91
102
345
571
650
502
238
74
32
43
57
106
145
-1
-271
-450
-348
-75
8
-222
-529
-554
-312
-77
16
-41
-192
-362
-391
-183
174
411
255
-173
-550
-596
-284
51
136
-35
-323
-575
-712
-678
-440
-105
89
-41
-371
-588
-492
-217
-52
-5
39
20
-136
-339
-366
-217
-113
-154
-282
-352
-346
-300
-233
-148
-40
-23
-104
-165
-115
-29
66
202
237
91
-121
-146
15
119
149
180
217
193
68
-34
21
197
348
369
333
306
336
452
618
760
796
740
624
599
742
921
986
888
737
613
565
566
584
640
672
621
453
229
98
111
180
255
265
225
185
148
115
-13
-170
-243
-225
-102
53
46
-138
-317
-395
-308
-134
24
102
-13
-259
-413
-344
-119
66
45
-109
-272
-474
-668
-650
-406
-157
-125
-385
-698
-802
-622
-357
-281
-346
-402
-458
-531
-534
-414
-252
-225
-386
-566
-591
-468
-363
-338
-342
-337
-357
-411
-438
-405
-300
-193
-122
-95
-101
-171
-270
-304
-210
-11
121
93
-42
-172
-211
-172
-111
-7
116
103
-56
-214
-207
0
277
457
477
377
221
117
189
480
822
988
883
604
469
555
707
858
977
979
772
446
259
351
606
741
664
438
107
-142
-180
4
287
406
245
-67
-296
-369
-257
23
277
342
173
-73
-198
-156
28
219
274
173
-21
-156
-113
14
38
-83
-276
-446
-508
-484
-402
-348
-396
-531
-694
-751
-689
-610
-559
-548
-587
-644
-678
-664
-637
-636
-630
-616
-567
-494
-497
-572
-611
-596
-589
-543
-443
-376
-361
-351
-329
-339
-321
-233
-147
-78
-45
-86
-162
-197
-151
-35
60
93
69
4
-52
-44
20
147
304
360
308
210
136
154
296
464
514
475
434
384
345
371
482
660
788
747
569
375
320
450
676
840
813
580
303
169
252
512
753
751
514
227
55
57
237
521
676
549
252
7
4
181
366
503
487
251
-18
-110
6
244
389
336
135
-103
-212
-172
-50
49
78
-8
-223
-416
-512
-435
-233
-115
-171
-353
-528
-608
-594
-499
-405
-383
-436
-550
-623
-597
-515
-439
-427
-425
-419
-448
-473
-434
-335
-214
-126
-168
-266
-286
-258
-180
-93
-72
-140
-221
-190
-96
-10
36
28
-31
-74
-14
130
247
256
241
208
124
128
262
433
500
439
352
269
237
300
428
566
584
426
217
186
383
580
609
459
257
112
80
207
392
483
366
103
-61
-40
84
240
303
204
36
-101
-106
65
267
348
255
49
-47
30
209
379
359
211
65
-25
-32
66
203
288
246
4
-214
-230
-122
5
46
22
-57
-183
-248
-192
-87
-60
-134
-235
-304
-303
-226
-156
-151
-193
-266
-387
-489
-471
-312
-114
-78
-237
-432
-483
-384
-258
-186
-155
-197
-312
-345
-277
-215
-229
-272
-273
-251
-232
-207
-176
-188
-196
-126
-13
50
27
-19
-6
83
200
284
297
236
133
90
166
307
386
338
206
48
-39
31
194
310
279
81
-106
-137
-1
195
264
192
34
-176
-271
-158
-14
39
-11
-129
-262
-374
-357
-208
-34
-15
-199
-363
-358
-226
-105
-38
-40
-104
-189
-296
-308
-191
-41
58
22
-116
-267
-338
-249
-69
62
90
-11
-155
-220
-192
-83
24
-4
-108
-170
-167
-81
46
95
17
-127
-259
-241
-69
98
125
8
-111
-152
-109
4
163
251
194
60
-22
83
229
311
360
327
213
84
59
147
282
394
399
285
135
122
238
396
529
570
532
393
260
274
442
665
768
627
350
146
76
179
432
623
573
312
-19
-240
-167
151
437
455
178
-206
-425
-338
-63
192
240
54
-226
-490
-531
-282
19
128
-1
-232
-420
-444
-303
-96
72
60
-131
-365
-432
-290
-69
95
41
-157
-360
-430
-322
-161
-46
21
-31
-240
-384
-356
-205
-49
-23
-74
-118
-146
-173
-214
-180
-79
-99
-196
-241
-241
-215
-201
-220
-221
-166
-131
-147
-171
-162
-106
-27
48
58
61
108
153
192
254
305
305
253
166
155
260
382
415
344
257
236
251
335
495
593
572
429
322
378
508
610
628
529
364
256
249
384
542
531
311
-12
-202
-116
141
355
340
73
-240
-432
-435
-213
96
173
-83
-463
-661
-524
-252
-61
-91
-275
-461
-612
-579
-333
-54
19
-171
-443
-571
-459
-191
47
91
-73
-342
-497
-408
-178
14
48
-106
-339
-448
-375
-196
-43
-36
-166
-284
-390
-420
-294
-165
-95
-148
-299
-418
-438
-370
-313
-291
-308
-363
-399
-388
-363
-304
-255
-242
-245
-249
-210
-176
-128
-49
37
86
101
99
75
138
259
326
304
237
193
233
313
386
450
420
382
383
373
415
497
603
690
626
437
332
397
521
634
638
496
299
178
218
349
434
355
189
18
-98
-86
35
119
100
32
-148
-304
-311
-200
-72
-14
-64
-233
-370
-356
-184
-5
110
53
-200
-387
-360
-120
136
178
15
-186
-259
-189
-42
110
178
99
-130
-303
-250
-106
62
136
3
-200
-311
-301
-206
-46
-7
-91
-229
-378
-372
-246
-133
-151
-237
-302
-294
-232
-223
-229
-209
-182
-207
-279
-286
-182
-76
-46
-53
-71
-28
84
126
138
194
239
279
275
217
213
284
347
394
456
433
366
319
285
365
490
521
461
345
319
379
408
402
377
367
300
280
172
135
281
235
191
129
20
-72
-78
-95
-88
-62
-253
-331
-382
-306
-135
-135
-246
-410
-413
-390
-299
-217
-239
-216
-267
-341
-348
-229
-91
13
6
-152
-243
-237
-130
77
207
109
-79
-246
-259
-39
182
205
38
-185
-318
-257
-110
21
35
-47
-156
-305
-328
-229
-104
-60
-137
-232
-323
-318
-261
-158
-42
-112
-264
-376
-400
-246
-72
-38
-118
-222
-266
-168
-5
71
105
84
38
42
53
80
175
275
323
343
279
243
256
259
341
422
428
395
345
293
294
357
393
391
373
325
292
275
270
292
312
313
278
166
106
161
189
178
133
21
-90
-107
-75
-54
-21
-44
-142
-191
-214
-222
-161
-118
-79
-84
-191
-258
-213
-92
12
14
-94
-166
-142
-110
-9
102
106
48
-48
-97
-12
102
138
83
-14
-88
-135
-123
-68
-21
-13
-129
-254
-300
-289
-171
-101
-152
-263
-367
-364
-289
-167
-95
-120
-229
-350
-376
-303
-162
-68
-67
-155
-234
-256
-225
-102
-14
24
4
-77
-121
-110
2
126
190
176
108
45
32
146
218
191
157
109
111
134
144
190
247
233
174
129
145
213
219
187
172
159
125
81
84
108
131
151
118
91
70
-8
-54
-39
7
41
15
-47
-104
-116
-100
-39
20
33
28
-32
-66
-34
23
103
112
48
2
5
61
110
138
132
111
98
92
89
101
126
120
67
-28
-45
-4
1
-14
-92
-183
-218
-179
-142
-144
-148
-228
-340
-368
-316
-257
-185
-163
-223
-279
-317
-292
-211
-102
-44
-93
-161
-175
-127
-44
50
105
75
-4
-29
19
108
183
201
176
138
126
124
198
277
276
240
172
147
167
202
247
282
262
189
125
106
161
232
235
208
169
113
86
101
122
147
170
137
90
50
-19
-29
-9
-12
2
11
-39
-97
-121
-119
-43
26
3
-59
-87
-72
-43
19
64
76
77
51
39
66
126
218
258
174
74
28
57
158
207
179
117
48
-15
-14
87
120
57
-56
-179
-211
-151
-73
-66
-146
-221
-247
-257
-225
-165
-148
-184
-236
-268
-244
-167
-103
-90
-121
-163
-162
-99
-13
38
29
-6
-48
-64
-19
54
99
95
78
59
32
28
100
151
153
166
135
81
72
89
121
182
187
89
10
-11
24
109
134
94
23
-39
-69
-77
-20
36
26
-3
-52
-114
-144
-113
-32
0
-60
-135
-189
-244
-222
-156
-117
-93
-136
-216
-241
-209
-172
-109
-23
-9
-53
-118
-113
-26
44
126
147
78
15
-51
-22
85
144
167
107
0
-64
-76
-41
45
61
-49
-134
-183
-191
-138
-73
-64
-132
-198
-268
-275
-205
-152
-108
-110
-166
-227
-235
-174
-85
-20
-50
-95
-82
-59
-12
52
116
120
71
18
20
99
164
206
225
187
142
134
174
232
265
275
268
226
182
190
227
282
290
222
202
226
225
223
246
243
204
138
114
164
170
145
155
151
120
54
10
56
127
119
58
-5
-77
-122
-111
-11
60
-1
-89
-155
-171
-138
-109
-54
21
4
-63
-87
-84
-28
63
122
121
69
-17
-63
-25
40
75
77
40
-53
-115
-93
-31
-10
-62
-167
-259
-277
-255
-193
-108
-126
-218
-286
-362
-354
-251
-144
-97
-154
-242
-280
-203
-104
-33
0
-45
-72
-81
-39
54
100
124
90
21
6
49
120
165
149
133
136
97
91
147
210
233
199
163
159
183
182
185
179
121
82
109
167
168
109
60
47
44
51
42
56
102
56
-2
-37
-72
-42
-17
-10
-32
-121
-190
-195
-144
-95
-94
-121
-166
-189
-161
-137
-147
-166
-161
-108
-100
-138
-155
-110
-41
-49
-32
18
25
6
-65
-74
-17
-5
-18
-44
-35
-35
-30
-18
-66
-87
-111
-184
-194
-168
-180
-170
-171
-212
-269
-325
-315
-235
-181
-177
-202
-245
-265
-254
-166
-58
-56
-88
-89
-97
-71
1
52
109
120
47
13
45
112
162
194
228
209
167
139
166
249
309
329
290
226
213
244
245
255
280
265
225
195
186
212
235
151
103
131
118
169
237
200
171
143
68
68
108
127
96
46
12
-29
-35
-46
-41
-27
-44
-31
-34
-40
-14
-42
-56
-66
-60
-2
19
22
28
42
41
45
67
88
101
90
77
66
39
-17
-17
58
87
72
29
-1
-31
-95
-101
-58
-30
-81
-153
-169
-186
-213
-210
-180
-172
-202
-268
-284
-257
-241
-189
-120
-89
-84
-130
-189
-157
-97
-10
48
30
-33
-74
-49
-3
111
188
141
49
1
-1
33
90
145
173
138
89
36
54
99
121
170
125
31
-1
21
71
114
110
83
24
-57
-34
15
42
18
8
61
38
-5
-41
-22
-4
-27
-22
-41
-60
-106
-139
-85
-56
-72
-87
-109
-117
-124
-125
-93
-64
-57
-50
-45
-62
-62
-41
11
73
87
13
-37
2
-5
15
57
59
27
-30
-34
-33
-47
-67
-34
-7
-84
-116
-110
-151
-118
-108
-133
-118
-134
-144
-157
-184
-218
-215
-155
-97
-90
-111
-111
-128
-96
-53
-28
28
35
10
-5
-4
11
91
151
93
93
107
63
118
139
169
196
114
134
115
174
260
267
279
205
264
-459
-1458
-1018
613
1743
992
-493
-826
-16
159
-56
63
197
552
384
-55
-297
-337
-28
440
808
677
205
-217
-518
-418
-338
-689
-507
76
535
321
-386
-606
-410
-101
-196
-14
206
113
110
-70
-21
-47
-42
6
276
437
232
305
-1
-27
-194
-327
473
740
322
-128
48
306
-325
-1018
-472
534
477
-41
-129
293
26
-704
-485
162
404
-141
-496
-152
-21
-393
-745
-354
427
751
335
-191
-284
-129
-27
-31
144
353
353
176
119
156
14
48
263
517
619
310
128
80
-125
-111
36
436
906
600
17
-333
-357
-16
67
137
387
460
267
-177
-305
-107
-16
123
348
412
178
-192
-269
-18
56
46
164
296
310
25
-247
-300
-201
24
116
123
92
-17
-149
-257
-84
88
50
66
40
-22
-195
-243
93
324
275
121
-46
-104
-18
44
63
106
98
-6
-71
-3
111
51
-184
-232
2
169
-32
-245
-269
-326
-317
-249
-146
-84
-201
-405
-470
-328
-185
-117
-257
-352
-207
-308
-531
-471
-117
194
50
-356
-430
-201
-25
77
-21
-101
-13
-3
-113
-197
-120
-27
77
149
29
-120
-124
-8
69
29
-27
93
225
139
85
15
-65
-1
46
30
-26
-28
118
302
192
-110
-162
15
209
198
24
-153
-185
-2
37
-90
-75
67
145
24
-112
-34
114
116
84
84
90
131
77
76
301
348
128
12
92
284
303
157
244
379
224
16
105
332
381
269
166
197
201
153
194
168
118
131
163
238
161
-14
-146
-172
-6
66
56
17
-103
-121
-143
-201
-164
-57
67
108
-64
-295
-365
-269
-114
-53
-133
-208
-188
-174
-242
-323
-279
-163
-77
-68
-142
-223
-327
-336
-245
-176
-91
-44
-28
-158
-333
-338
-252
-82
5
7
-26
-106
-135
-139
-158
-155
-86
-64
-71
-81
-117
-127
-84
-46
2
-25
-222
-227
-55
53
16
-133
-157
-88
-39
-48
-43
23
87
0
-97
-67
-71
8
61
93
238
168
-21
-59
13
154
244
234
239
249
149
85
113
172
306
364
361
336
133
-51
13
183
294
388
407
289
96
-105
-90
93
213
278
318
280
132
-59
-178
-65
166
272
288
278
136
-49
-164
-218
-18
295
383
215
14
-122
-131
-11
23
98
184
197
163
-11
-206
-256
-113
76
215
218
2
-226
-279
-240
-179
-45
43
59
43
-102
-219
-200
-159
-31
114
78
-43
-175
-212
-186
-199
-170
-44
81
27
-44
-138
-268
-194
-13
82
29
-27
-34
-92
-192
-179
-117
-81
119
301
183
-90
-288
-210
47
141
148
112
31
-27
-60
-49
-20
71
195
206
96
70
27
-102
-131
-50
96
136
110
125
112
45
-32
-25
5
99
226
198
55
-105
-187
-64
158
231
155
-9
-27
126
90
-62
-130
-57
80
123
85
7
-27
-25
-35
-35
-44
24
96
57
-62
-176
-134
-19
78
78
-25
-87
-146
-104
13
-49
-159
-106
-22
-57
-110
-85
-53
-93
-177
-138
-33
-84
-157
-188
-223
-241
-233
-159
-103
-60
-96
-214
-185
-206
-221
-83
-70
-96
-38
-16
-17
-7
-45
-59
-12
-29
-32
30
61
59
21
-22
-16
14
21
11
30
82
122
93
12
-34
13
46
-11
17
145
201
158
97
61
84
76
54
150
168
154
187
131
25
-78
-80
9
123
159
130
66
-26
-24
-60
-115
-62
52
157
126
-16
-73
-60
-55
-37
-17
46
107
80
30
-23
-69
-49
0
56
88
75
66
-28
-160
-187
-79
73
63
-2
48
92
30
-121
-183
-66
39
63
-14
-139
-144
-85
-42
-36
-46
-14
18
8
-6
-60
-145
-141
-82
-26
-1
-22
-46
-59
-44
-5
-3
14
58
10
-42
-41
6
95
71
47
78
67
57
27
24
78
103
65
44
102
134
130
99
70
103
135
171
212
164
85
70
82
120
186
168
140
156
139
129
77
53
103
112
149
184
114
47
46
88
95
29
45
104
136
99
-10
-4
45
70
97
114
148
102
-5
-94
-89
-22
29
79
89
85
-29
-173
-166
-82
14
41
-7
-33
-64
-155
-190
-174
-119
-41
-29
-32
-58
-98
-173
-270
-267
-174
-83
-61
-114
-185
-249
-291
-302
-260
-166
-93
-93
-166
-212
-208
-191
-171
-127
-76
-42
-13
-51
-80
-112
-156
-153
-144
-73
-22
4
-3
-74
-118
-109
-66
-42
18
45
-2
-35
-53
-87
-117
-86
9
79
30
-23
-19
3
-17
-82
-49
30
67
22
-60
-67
-73
-52
26
65
47
19
-20
-52
-50
-83
-81
-55
-40
10
-49
-114
-112
-110
-42
-12
-12
20
27
26
-7
-78
-96
42
156
96
18
-6
15
9
-34
-31
25
31
6
-21
-38
-35
-91
-111
-70
-11
-8
-36
-2
10
7
-49
-55
15
45
52
22
-53
-125
-106
-56
-44
-55
-15
81
35
-109
-152
-104
-36
-9
19
31
13
42
11
-1
45
72
128
141
131
119
70
2
47
134
147
171
147
130
105
69
48
42
120
165
125
71
55
68
86
92
124
142
110
82
32
13
37
42
48
91
112
100
99
67
44
43
42
54
47
18
27
68
47
-25
-67
-51
37
66
40
54
9
-29
-31
-40
-4
29
54
91
61
20
21
-12
10
38
-14
-26
8
39
62
23
-43
-21
-6
-22
25
81
74
45
-18
-58
-16
13
43
65
63
22
-27
-22
-15
-3
3
34
82
63
-9
-38
-29
0
61
89
68
16
29
63
40
36
82
131
83
24
71
126
129
89
52
72
79
105
145
128
116
143
178
163
107
78
112
147
133
115
67
29
64
75
46
-7
-37
-16
8
-4
-61
-63
-34
-35
-35
-80
-129
-114
-101
-95
-85
-109
-157
-146
-111
-141
-170
-184
-164
-132
-163
-167
-168
-219
-257
-231
-183
-173
-201
-202
-138
-130
-173
-196
-161
-111
-125
-150
-147
-141
-134
-93
-73
-107
-130
-119
-98
-84
-102
-104
-75
-104
-74
-27
-41
-55
-68
-41
-38
-61
-59
-28
-9
-15
-38
-73
-60
-1
35
3
-15
-18
3
30
-18
-30
-22
-48
-29
37
56
32
-9
-54
-24
28
69
93
72
37
-9
4
60
85
91
70
60
57
8
0
36
41
32
16
26
9
-42
-39
-14
16
-14
-39
-37
-50
-38
-47
-12
-18
-60
-51
-62
-39
-28
-44
-39
-39
-39
-78
-157
-127
-72
-46
-30
-62
-63
-97
-114
-79
-48
-40
-52
-4
20
-16
-42
-38
-30
-5
26
-3
7
41
30
5
-62
-66
8
74
88
42
31
16
6
36
26
67
101
75
79
40
25
92
133
155
131
105
107
117
139
114
127
148
131
129
121
144
180
168
157
141
133
124
117
196
210
158
169
146
130
115
121
182
182
152
123
68
99
154
143
131
108
117
109
94
118
102
91
110
74
46
47
56
97
93
70
42
13
34
54
49
33
27
8
-2
-11
-35
-15
-15
-52
-57
-53
-65
-56
-34
-52
-46
-61
-94
-73
-76
-71
-62
-69
-90
-69
-35
-70
-86
-77
-79
-56
-29
-42
-90
-102
-43
-5
-7
-35
-90
-71
-26
20
11
-67
-34
17
-2
-11
-23
-41
-20
5
18
61
68
40
60
56
38
45
53
95
86
61
76
42
41
63
87
105
77
60
30
31
72
82
57
20
32
67
85
42
7
44
43
9
-7
-15
4
0
-44
-55
-44
-57
-87
-82
-68
-87
-115
-144
-123
-112
-153
-178
-165
-107
-111
-134
-140
-159
-163
-200
-192
-143
-133
-151
-181
-185
-170
-136
-142
-181
-159
-176
-172
-120
-144
-166
-195
-210
-161
-141
-120
-131
-152
-92
-106
-152
-120
-88
-69
-73
-90
-82
-50
-39
-34
-56
-69
-28
-30
-45
-55
-50
-24
-14
-22
-12
0
-34
17
59
19
5
-9
-1
49
87
54
19
10
61
108
68
50
61
79
80
105
73
27
72
67
55
45
18
46
103
96
33
-17
-2
56
85
91
55
51
57
2
-12
14
20
39
45
7
-27
-57
-42
-2
16
0
-59
-51
1
7
-28
-55
-54
-10
7
-41
-65
-62
-15
2
-50
-75
-32
12
-14
-32
-30
-14
-18
-20
16
6
-4
-14
-17
9
3
-23
-10
21
-10
3
35
18
12
7
-3
2
52
69
72
59
7
54
97
84
71
76
111
79
72
91
52
86
105
69
74
78
102
125
91
62
74
107
119
125
140
125
101
86
120
169
155
131
112
116
126
130
125
107
121
143
145
117
86
73
86
113
89
55
63
80
64
70
95
60
30
20
31
94
78
4
14
47
34
-5
-44
-32
15
7
-32
-49
-36
-51
-85
-58
-35
-38
-36
-44
-67
-69
-44
-66
-70
-45
-50
-49
-78
-83
-51
-64
-76
-85
-65
-31
-44
-68
-74
-57
-62
-82
-62
-60
-65
-57
-62
-63
-64
-29
-25
-51
-41
-45
-15
7
-35
-37
8
16
-12
-8
-6
-1
30
30
-3
-22
5
39
15
-9
15
14
5
27
40
29
8
1
31
61
27
-8
5
20
31
17
-9
3
9
25
43
5
-16
-9
-28
-49
-45
-25
-15
-45
-80
-66
-46
-49
-58
-42
-32
-32
-32
-66
-76
-64
-55
-42
-9
15
-17
-67
-71
-55
-65
-45
-32
-15
24
-16
-61
-51
-5
11
3
6
-20
-20
-3
-7
-35
-47
-36
14
55
-5
-48
-46
-11
24
-15
-60
-53
-6
27
9
-34
-54
-44
-27
-35
-42
-22
-11
-25
-42
-65
-91
-69
-33
-23
-11
-9
-44
-64
-47
-51
-41
-27
-21
3
-11
-45
-43
-6
7
-24
-36
-13
0
0
0
5
-11
-45
-22
26
16
-22
-20
3
-18
-49
-28
19
15
-16
-21
-25
-9
0
-10
-14
-45
-38
3
10
21
-9
-37
0
18
4
-15
-30
-27
26
32
-36
-34
19
52
41
-1
-17
-9
2
30
50
57
45
20
56
53
32
44
57
86
74
61
44
12
45
88
65
50
65
53
47
42
64
82
49
33
64
96
66
47
77
69
53
70
85
82
51
42
82
102
78
44
65
103
86
46
41
89
115
75
53
75
69
48
49
83
88
38
21
44
108
85
9
6
20
39
29
13
-3
-1
12
6
-3
-53
-73
-22
-5
-48
-83
-100
-81
-68
-78
-67
-76
-97
-97
-63
-74
-117
-91
-67
-65
-62
-71
-100
-125
-114
-88
-48
-38
-77
-90
-89
-87
-63
-64
-66
-66
-61
-46
-64
-84
-64
-34
-30
-39
-40
-23
-17
-19
-28
-54
-43
13
36
18
-17
-56
-38
-15
14
51
14
-6
0
-10
15
11
7
59
60
37
36
19
27
30
19
45
68
40
39
47
19
7
-14
34
82
35
38
65
50
20
-9
10
80
122
79
10
3
32
26
13
22
52
47
19
5
-15
-7
41
50
24
18
11
22
-2
-25
10
17
32
43
45
19
-25
-31
-3
32
-3
-16
16
9
-12
-36
-46
-6
-4
-25
10
5
-13
-44
-35
15
7
-5
-12
24
35
-11
-40
-38
-19
-7
18
32
33
-5
-42
-18
27
28
10
26
37
42
7
-9
24
47
40
14
20
15
-6
-4
14
2
-6
31
51
49
27
1
-6
29
49
36
57
33
-2
22
33
29
64
71
28
-2
11
49
38
18
14
23
57
63
50
25
32
58
58
56
32
38
57
44
39
30
13
12
28
33
10
-13
1
5
7
24
18
-30
-49
-27
-10
9
-13
-28
-26
-53
-64
-70
-61
-54
-51
-45
-55
-85
-111
-108
-86
-58
-55
-59
-49
-41
-93
-128
-76
-32
-17
-36
-51
-54
-57
-56
-75
-68
-36
-8
19
-5
-73
-62
12
26
-9
-17
28
73
92
42
-28
1
49
43
46
76
58
26
20
38
55
20
33
92
94
39
2
48
84
72
48
49
75
80
64
28
9
57
88
71
33
16
34
28
35
37
15
32
45
59
18
-43
-1
41
44
31
-1
-16
-8
-11
-30
-23
3
6
-11
-36
-66
-46
-28
-24
-33
-64
-74
-94
-56
-30
-55
-26
-40
-76
-67
-48
-47
-62
-61
-65
-58
-31
-41
-62
-64
-68
-35
-13
-4
-4
-50
-49
-48
-57
-37
-11
8
0
-12
-59
-70
-20
-36
-60
-31
-22
-18
-19
-41
-39
-33
-42
-40
-17
4
11
0
-43
-56
-53
-46
-44
-42
-8
-8
-44
-31
-12
-42
-53
-42
-25
-11
-10
7
9
-11
-21
-8
-5
-18
-6
31
38
0
0
-7
-18
5
45
64
15
-12
16
45
54
25
-5
-6
3
44
86
48
-11
-1
32
9
6
15
16
72
74
15
-40
-40
22
52
49
4
-21
35
64
12
-32
-40
2
57
53
16
2
28
6
-24
3
40
52
38
45
47
29
-23
-35
19
59
56
-4
-24
35
62
6
-30
-39
-48
-28
-16
8
-2
-53
-71
-53
-53
-64
-41
-52
-59
-59
-82
-69
-64
-84
-103
-107
-113
-94
-70
-92
-89
-95
-112
-93
-73
-67
-61
-58
-45
-4
-7
-48
-62
-42
-17
4
19
25
24
31
26
-9
-4
27
77
82
49
66
61
31
24
53
70
74
98
84
73
65
74
78
23
33
101
101
80
71
65
73
35
19
53
62
49
58
73
28
9
40
56
35
4
16
29
87
118
38
-33
-28
29
51
21
30
74
78
58
24
-16
-28
19
118
131
38
-35
-2
57
37
21
18
14
53
75
50
-4
2
46
52
56
11
-20
20
59
44
3
-11
-4
7
-11
-29
-16
-14
-17
-17
-25
-68
-89
-22
12
-66
-112
-70
-40
-48
-54
-83
-115
-90
-64
-50
-58
-79
-57
-79
-101
-99
-96
-66
-49
-25
-43
-76
-71
-48
-56
-65
-20
16
0
-10
7
-13
-31
-15
10
2
-23
17
67
51
-48
-75
2
31
31
9
-12
12
30
38
21
-12
-11
-2
20
33
30
55
46
20
-19
-51
9
73
80
35
18
58
29
-31
-28
17
46
57
54
28
-7
-16
27
33
5
16
65
94
43
-17
-24
6
39
38
34
33
38
36
6
-11
-21
-17
26
49
38
-1
-22
3
21
17
-42
-55
-1
2
-5
-10
-6
-8
-25
-46
-93
-74
-10
35
21
-64
-108
-99
-77
-53
-50
-44
-32
-60
-62
-55
-70
-62
-58
-54
-55
-38
-9
21
27
-44
-109
-96
-3
63
39
15
6
-14
-7
16
4
-18
-3
70
100
29
-5
43
50
0
-14
36
82
61
27
11
-9
5
6
-3
30
64
75
48
-1
-40
-33
6
44
42
-9
2
61
68
19
-35
-28
10
22
39
60
75
92
41
-32
-41
-3
46
83
72
49
62
22
-43
-46
-18
35
48
43
47
30
13
-12
-38
-45
0
61
94
88
30
-21
-36
-35
-11
-8
0
51
68
25
-41
-86
-93
-59
5
39
28
35
39
-33
-110
-92
-21
23
32
33
46
18
-65
-125
-100
-15
19
9
4
10
-10
-69
-87
-59
-32
-25
-4
55
51
-22
-78
-80
-42
-22
7
48
60
44
-18
-70
-67
-57
-27
24
65
70
9
-47
-35
15
21
-8
4
36
71
74
20
-10
-12
6
61
72
49
39
43
51
24
-21
-20
51
106
87
49
25
14
7
42
64
14
-14
32
65
28
11
18
-1
-12
10
48
44
20
36
38
-1
-7
17
48
71
63
41
-1
-5
29
56
72
58
69
65
47
71
77
56
70
89
94
100
90
84
82
79
76
69
68
106
126
80
40
34
27
25
45
63
55
33
42
57
8
-45
-12
65
65
27
28
16
-23
-19
9
11
2
-10
-4
-24
-34
20
29
-5
-29
-39
-35
-35
8
49
35
13
9
6
-38
-14
27
4
11
27
41
-3
-60
-52
-27
3
18
16
0
-28
-31
-57
-83
-47
-16
-15
-48
-69
-38
-39
-49
-52
-76
-105
-86
-23
-26
-58
-53
-47
-96
-149
-95
-25
-3
3
-28
-47
-51
-88
-82
-37
-23
-10
34
62
18
-55
-89
-77
-23
24
46
65
43
-8
-58
-73
-42
-9
22
20
12
4
-29
-77
-111
-113
-117
-66
5
32
-14
-120
-165
-160
-118
-66
-28
19
-24
-93
-122
-147
-109
-66
-37
-39
-70
-89
-100
-79
-83
-98
-98
-91
-47
-33
-63
-53
-64
-126
-128
-52
1
-59
-95
-59
-56
-58
-65
-94
-127
-110
-64
-90
-116
-70
-33
-86
-138
-119
-87
-77
-55
-20
-49
-96
-109
-85
-47
-53
-73
-88
-64
-37
-42
-49
-67
-84
-99
-56
15
48
29
-37
-72
-48
7
21
16
26
11
-5
23
73
52
17
42
78
67
58
100
82
58
94
90
54
95
152
123
91
82
70
67
124
169
125
74
85
120
111
105
137
134
84
84
100
110
144
117
81
69
65
84
86
103
120
91
52
31
11
37
93
79
40
36
41
7
-10
58
52
-12
-3
35
39
20
43
62
20
-34
-50
-41
10
69
56
10
-4
-16
-66
-52
20
53
51
28
-7
-49
-39
-32
-31
26
49
11
-15
13
28
2
-27
-14
-32
-39
40
79
47
-4
-17
-30
-63
-15
62
95
106
70
-46
-85
-12
30
55
86
113
78
1
-10
2
13
59
120
130
89
69
57
58
56
24
29
84
136
126
107
113
91
44
31
66
89
109
131
110
57
32
6
-13
46
117
125
78
34
19
-11
-39
-17
32
50
50
64
46
7
-54
-78
-13
42
28
-16
-19
-29
-65
-95
-87
-27
-6
-13
-28
-73
-102
-99
-65
-29
-42
-85
-109
-88
-44
-74
-116
-100
-83
-98
-115
-91
-84
-96
-73
-62
-105
-111
-76
-91
-118
-131
-128
-90
-42
-42
-93
-125
-100
-65
-69
-88
-85
-91
-73
-36
-52
-70
-66
-78
-57
-18
-4
-3
-18
-12
-42
-59
-18
-2
24
21
5
-8
7
56
36
-25
-42
-10
30
54
61
48
-4
-13
13
12
26
60
113
95
37
-16
-34
14
89
113
60
39
43
63
52
33
45
57
103
105
68
72
87
67
21
-7
17
85
111
85
69
34
-2
9
33
29
8
4
11
23
-8
-27
-26
-45
-40
-29
-9
-10
-2
-4
-68
-114
-128
-97
-41
-3
-10
-74
-110
-95
-90
-78
-69
-72
-51
-27
-45
-77
-79
-68
-69
-97
-67
-10
6
2
-38
-105
-135
-65
5
8
-6
-5
-11
-59
-68
-45
-27
-8
-7
-15
16
45
0
-33
-12
11
-5
-12
29
35
25
35
39
23
14
55
65
33
34
42
47
53
49
10
22
73
73
61
87
86
37
56
91
72
52
60
82
91
83
87
87
61
46
48
59
81
102
77
58
80
68
35
46
68
31
43
93
107
77
12
3
0
15
38
38
72
73
36
-34
-51
-15
-7
-4
1
33
33
45
42
-54
-109
-78
-7
53
75
40
-25
-42
-42
-75
-34
72
81
7
-13
7
-6
14
60
53
2
-29
1
28
64
90
37
-6
-36
-49
8
80
86
14
-47
-32
9
15
-13
-26
0
17
3
-18
-27
-34
-40
-38
-56
-75
-49
-4
-11
-57
-65
-62
-77
-75
-53
-53
-68
-20
0
-35
-48
-75
-98
-60
2
29
-7
-54
-64
-54
-15
22
19
-11
-7
44
31
8
28
31
30
5
-11
15
91
135
72
10
-19
-16
11
47
81
79
77
72
15
-44
-19
54
96
74
28
6
23
62
13
-80
-81
-13
61
92
57
-34
-82
-36
6
-1
-17
2
19
-1
-27
-50
-65
-43
4
-20
-77
-37
2
-17
-39
-75
-118
-104
-19
-5
-49
-33
-41
-61
-60
-59
-65
-73
-37
-10
-39
-55
-30
-29
-64
-88
-80
-46
18
37
-13
-51
-85
-103
-86
-30
-17
-27
-11
-40
-65
-72
-66
-71
-62
-15
-6
-13
-28
-40
-35
-35
-7
-6
-15
11
13
6
-1
6
27
12
-8
-24
19
92
89
63
20
-6
5
23
62
85
108
86
16
-47
-73
9
94
99
45
-10
-21
18
54
24
-5
7
23
41
73
80
47
13
-19
-39
7
85
97
69
46
10
-20
-6
52
91
83
77
54
27
37
57
51
3
9
74
119
98
51
63
34
0
35
41
64
79
72
66
17
13
39
37
24
36
65
71
87
64
8
-31
-10
43
40
48
80
71
26
-16
-74
-76
5
57
58
30
8
1
-26
-67
-52
-16
-5
26
16
-37
-54
-53
-52
-65
-59
-10
7
-14
-45
-99
-110
-65
-54
-58
-44
-32
-30
-49
-59
-72
-113
-125
-87
-67
-29
-7
-71
-105
-114
-116
-107
-81
-56
-56
-8
-22
-78
-131
-153
-81
-26
16
24
-25
-54
-69
-66
-39
-25
-20
3
53
64
32
5
-42
-42
-21
6
82
105
88
48
-4
-30
-20
21
56
66
42
19
15
5
8
22
20
-7
-25
16
54
59
16
-60
-85
-85
-58
-2
42
37
-42
-80
-72
-82
-61
-30
-5
-2
-29
-37
-34
-39
-41
-45
-42
-30
-3
0
8
52
3
-74
-71
-56
-16
30
62
58
-7
-47
-62
-59
-9
36
36
20
26
-11
-81
-68
-39
-30
-10
19
38
1
-30
-72
-90
-20
25
1
-8
17
14
12
10
-14
-38
-25
21
55
62
56
33
0
-33
-45
22
98
118
97
47
19
11
19
45
84
100
79
54
48
59
60
29
-1
14
46
90
106
88
56
-4
-31
-5
38
63
61
51
26
8
-14
-31
-19
2
18
17
-18
-41
-29
-13
-13
-37
-27
-1
-10
4
24
-7
-41
-42
-43
-15
41
68
50
-20
-70
-46
13
42
36
5
10
39
6
-2
0
-3
23
52
58
22
-15
-26
-8
-2
-4
11
13
12
29
13
-44
-57
-37
-20
-4
20
26
6
-11
-37
-50
-40
-4
17
-3
-9
9
6
1
-27
-71
-33
38
52
41
40
-17
-70
-43
14
54
60
61
7
-28
26
52
24
-12
-8
-12
18
55
37
36
29
6
-25
-20
44
62
47
28
-28
-46
-1
40
56
51
10
-54
-57
18
23
-35
-63
-53
-24
30
59
-23
-74
-37
-23
-39
-35
-5
-13
-23
-13
-12
-30
-29
-5
1
-13
-30
-14
17
13
-29
-44
-4
42
31
43
50
-6
10
34
10
-16
-1
22
27
47
31
-24
-40
11
21
-3
13
18
-2
1
25
-3
-17
3
-14
-30
-23
-21
-30
-9
6
-21
-48
-56
-55
-38
-17
-18
-16
5
14
-6
3
-6
-56
-39
11
4
-19
7
25
-2
-24
-40
-52
-10
57
56
13
-11
-22
-39
-35
-29
5
63
77
62
9
-53
-73
-33
47
76
43
0
0
2
-21
-14
12
21
41
63
29
1
0
6
7
12
18
15
39
58
27
-33
-49
-20
1
10
16
27
28
27
9
-37
-47
-13
24
41
32
33
17
-9
-15
-16
-3
40
70
26
-20
-22
1
26
12
2
11
16
36
39
26
10
-46
-54
-1
1
4
35
31
1
-29
-37
-29
-3
-1
-16
-38
-44
-14
-4
10
-24
-65
-56
-25
38
20
-33
-42
-28
-44
-88
-55
-4
11
0
-31
-70
-92
-66
-37
-11
0
-32
-50
-7
-3
-56
-60
-17
-19
-44
-25
-17
-27
1
8
-46
-93
-44
35
52
70
27
-37
-4
-1
-29
-1
63
64
47
63
29
-20
-9
28
-1
-3
96
125
56
-6
-47
-38
37
87
55
25
49
54
22
28
28
-23
-13
40
28
25
76
46
-21
-27
-36
-23
33
96
44
-23
1
-6
-23
10
40
-3
-23
19
38
34
25
6
16
28
12
30
71
73
26
22
48
49
86
111
62
2
30
82
68
64
79
35
-8
-6
18
44
50
38
10
-5
-22
-20
27
36
2
-13
-9
0
8
10
7
-24
-32
8
1
-31
-14
7
-16
-25
-31
-36
1
23
31
1
-40
-28
-15
5
45
30
3
1
-12
-9
-10
-21
-8
0
-4
15
44
42
0
-41
-56
-18
35
66
54
21
-13
-29
5
33
23
-9
-17
-11
12
39
15
-22
-43
-47
-41
-22
10
22
0
-27
-73
-112
-76
-34
-37
-56
-51
-61
-60
-25
-52
-96
-95
-52
-51
-60
-1
28
-15
-61
-64
-49
-23
27
72
46
-14
-13
5
17
22
-3
-1
10
-3
5
53
59
12
-11
-48
-57
16
50
3
-33
-9
-23
-53
-15
3
-33
-34
-34
-97
-106
-33
-12
-46
-53
-50
-91
-89
-54
-56
-38
-26
-49
-63
-31
-12
-47
-55
-33
-36
-12
52
37
-29
-49
-62
-53
15
61
17
-19
-9
-41
-39
32
41
2
2
-16
-41
-8
40
26
-24
-27
5
30
38
36
-14
-47
-9
10
35
56
39
16
-19
-32
-25
20
79
52
-21
-25
22
11
-2
-14
-50
-6
38
23
13
6
-26
-51
-37
-16
-1
33
50
15
0
-10
-25
21
31
3
3
10
3
23
72
51
-1
-16
-16
21
86
101
43
22
41
32
44
64
64
55
46
49
57
58
60
40
1
5
36
44
50
67
36
20
56
53
35
40
51
55
74
53
-15
-10
60
98
87
69
34
8
21
42
45
56
72
82
64
27
38
55
45
51
64
64
80
84
20
-20
11
52
80
81
61
33
3
30
41
16
35
40
33
44
50
54
38
23
19
22
27
34
66
65
37
30
30
48
36
8
39
69
43
61
74
21
19
44
19
2
41
30
1
38
15
-27
-13
1
-14
24
52
-27
-38
19
0
-26
27
18
-60
-25
53
44
14
37
41
-28
-41
-8
-18
4
48
39
-19
-56
-71
-82
1
67
31
5
-41
-95
-81
-19
32
12
-6
-5
-44
-74
-44
-32
-78
-91
-78
-60
-13
-11
-53
-84
-109
-84
-59
-57
-26
-52
-71
-50
-52
-72
-100
-89
-91
-100
-52
-36
-62
-102
-152
-147
-147
-140
-71
-83
-137
-123
-112
-119
-109
-130
-158
-122
-95
-91
-84
-103
-122
-132
-105
-77
-78
-89
-76
-53
-72
-99
-103
-108
-118
-61
0
11
11
-63
-104
-127
-146
-74
-25
-16
-23
-67
-123
-90
-30
-52
-48
-39
-88
-111
-61
-26
-28
-34
-47
-33
5
-16
-60
-62
-61
-63
-57
-13
-10
-10
17
14
19
-17
-36
-8
16
18
51
98
53
43
19
-29
7
62
106
91
37
23
48
53
55
94
99
112
152
128
107
95
41
72
134
95
71
100
84
59
87
94
92
74
44
97
105
87
124
103
50
23
0
23
78
98
104
88
45
10
15
43
60
75
68
59
34
41
88
65
44
85
88
75
73
62
65
65
62
81
94
71
67
38
11
23
49
128
123
92
63
12
39
16
16
74
33
4
37
36
26
8
19
29
-4
-8
2
-30
-25
63
47
5
1
-52
-17
38
27
43
33
-44
-42
32
49
44
49
15
-3
75
128
134
149
119
60
1
60
153
107
65
91
81
39
87
121
85
109
88
26
40
48
75
99
57
22
-14
-33
-35
23
-89
-60
34
-43
22
-508
-462
343
208
110
428
320
198
381
143
-122
-336
-578
-97
242
84
155
169
-71
183
282
-50
104
239
242
304
385
532
372
-20
-255
-171
-77
-51
136
48
-298
-345
-186
-155
-407
-526
-335
-94
171
164
22
-72
5
293
288
322
134
-310
-290
-430
-309
281
69
-292
-136
-301
-571
-397
-26
150
-1
-187
-105
-111
-366
-376
-285
-212
-153
-46
186
15
-308
-251
-140
-200
-230
-151
-172
-294
-287
-148
-176
-315
-267
-341
-441
-265
-135
-114
-159
-202
-187
-136
-179
-293
-204
-85
-69
6
96
92
31
16
37
42
38
-29
-119
-172
-178
-133
-162
-225
-171
-115
-191
-260
-191
-69
-11
-53
-152
-210
-153
-126
-149
-168
-264
-257
-151
-68
-7
-67
-123
-210
-260
-93
15
87
142
128
143
142
251
345
299
313
306
267
336
381
343
353
289
228
315
355
336
332
340
290
243
282
313
270
225
266
269
250
304
330
286
275
180
129
222
230
227
223
241
215
175
167
115
123
105
57
5
23
56
110
97
-47
-6
-11
-44
-5
-58
-98
-66
-93
-245
-215
-120
-159
-193
-178
-227
-312
-250
-209
-237
-307
-331
-206
-167
-202
-211
-228
-287
-263
-140
-123
-148
-155
-138
-149
-156
-127
-79
12
-18
-105
-124
-81
-25
10
43
93
79
39
87
50
18
51
26
114
185
106
93
114
100
99
100
76
120
198
171
124
126
118
110
125
109
130
175
171
155
167
202
178
151
173
231
204
180
228
216
237
191
160
238
207
197
192
166
159
115
187
181
68
64
128
151
113
81
37
-5
-20
31
53
-5
-32
-92
-162
-135
-89
-41
16
-30
-103
-108
-116
-96
-56
-53
-38
-56
-34
67
78
29
6
-29
-35
10
-2
-3
-1
22
35
-65
-86
-37
26
92
87
33
8
1
15
53
47
35
25
59
23
-23
-33
-49
-1
-28
-63
-93
-93
-85
-105
-111
-139
-111
-96
-138
-133
-56
-15
-82
-132
-106
-173
-214
-119
-146
-219
-267
-273
-214
-210
-237
-283
-307
-272
-227
-218
-244
-273
-302
-295
-231
-220
-213
-178
-250
-301
-300
-259
-200
-169
-95
-137
-211
-184
-162
-181
-202
-113
-63
-88
-69
-96
-106
-47
-42
-36
24
9
-16
3
-16
-58
-19
42
42
20
-75
-113
-96
-33
51
47
17
-26
-45
-49
-11
52
76
91
115
131
94
68
47
43
80
85
109
117
88
4
-69
6
67
80
142
173
112
31
12
25
32
46
53
22
-7
-28
-34
-15
-30
-50
-32
0
-4
-53
-93
-84
-85
-131
-117
-90
-114
-80
-37
-43
-58
-84
-89
-61
-19
-43
-86
-66
-26
39
29
-15
-18
-65
-29
37
18
76
77
9
28
10
24
81
175
232
160
138
157
176
156
122
112
95
123
129
104
136
160
119
122
150
157
145
106
123
179
144
64
109
133
104
135
173
186
114
69
72
56
78
112
100
81
93
84
82
94
97
77
80
116
140
134
74
33
53
67
61
59
111
125
60
82
109
72
81
123
134
137
172
145
125
151
147
142
162
186
205
199
167
140
103
99
94
79
75
81
99
104
121
97
95
120
113
128
112
144
153
64
72
81
76
109
85
51
56
30
5
70
121
108
51
26
20
-19
-2
39
44
34
14
-36
-41
-38
-47
-28
-28
-62
-86
-85
-121
-133
-128
-148
-174
-147
-91
-113
-169
-182
-153
-172
-198
-191
-163
-134
-169
-196
-186
-198
-190
-173
-188
-206
-244
-246
-234
-231
-193
-201
-247
-232
-206
-217
-226
-184
-126
-160
-167
-119
-133
-173
-206
-203
-181
-163
-155
-162
-178
-193
-180
-154
-127
-107
-110
-98
-82
-133
-107
-78
-127
-95
-66
-64
-60
-51
-57
-100
-119
-85
-67
-68
-26
-49
-85
-72
-83
-91
-73
-51
-57
-36
-9
6
-15
-42
-20
-26
-33
-4
9
10
23
6
-24
-17
-32
-56
-15
-16
-44
-16
-9
-7
-8
-8
1
-9
-26
-27
-26
-40
-48
-56
-62
-64
-71
-63
-41
-62
-56
-19
-58
-94
-82
-91
-74
-24
-6
-10
-36
-67
-56
-44
-61
-53
-30
-8
14
-7
-37
-27
-10
-3
31
67
88
91
79
43
8
24
50
72
104
87
73
90
79
65
26
28
77
76
35
9
26
25
49
87
94
77
59
95
101
42
27
77
105
106
81
58
49
52
74
66
64
94
103
83
94
101
75
104
96
71
103
85
106
154
146
151
133
122
150
153
169
145
97
103
95
122
166
172
169
138
101
119
124
107
160
187
179
186
164
165
183
152
128
116
97
132
174
175
141
90
45
36
50
97
106
50
42
41
27
70
90
55
67
40
-17
8
42
72
43
17
35
13
6
20
22
34
9
-39
-2
9
-3
18
-21
-17
28
-12
-37
-9
-32
-16
10
-29
-41
-45
-43
-49
-57
-34
-38
-70
-53
-15
-19
-46
-69
-34
-22
-41
-16
-20
-43
-36
-55
-87
-57
-16
-24
-37
-86
-133
-104
-69
-5
35
-27
-70
-85
-66
-36
-27
10
-22
-82
-79
-57
-36
-56
-82
-45
-36
-90
-101
-94
-88
-68
-94
-105
-101
-102
-49
-48
-106
-117
-122
-88
-50
-81
-68
-40
-64
-72
-76
-112
-106
-85
-93
-97
-109
-82
-50
-62
-96
-133
-119
-90
-54
-21
-34
-28
-31
-43
-30
-33
-55
-76
-52
-18
4
13
-18
-7
-10
-76
-95
-30
38
20
2
16
-5
4
41
7
-20
-25
-37
-5
13
2
4
-12
-39
-38
-19
-4
-6
-28
-6
9
-22
-49
-28
4
20
35
-1
-31
-25
-4
36
4
-17
24
49
60
25
-40
-77
-40
55
86
41
-17
-38
-6
13
19
29
22
33
61
59
0
-51
-33
29
88
65
3
-36
-52
23
69
25
-23
-20
51
78
31
-22
-37
8
59
41
1
-44
-48
44
59
-15
-52
-44
20
71
55
-9
-55
-16
46
24
-29
-10
54
85
88
40
-35
-25
15
54
62
29
71
89
84
103
10
-38
21
37
85
117
40
5
17
42
100
68
22
15
16
43
72
77
31
-20
-35
-4
19
35
46
25
14
-40
-59
-2
28
50
54
39
33
21
0
-2
-21
-12
48
75
102
99
15
-33
-6
27
100
141
98
97
106
60
55
116
128
102
81
63
106
141
135
90
52
96
149
174
124
43
41
47
96
144
93
67
56
48
97
95
24
7
25
56
82
40
-19
-25
24
69
54
-52
-94
-53
-23
21
-29
-109
-69
-8
-11
-67
-142
-146
-70
-36
-67
-124
-120
-79
-82
-101
-134
-160
-120
-75
-78
-90
-116
-129
-92
-85
-107
-115
-151
-156
-100
-83
-117
-186
-164
-102
-83
-72
-133
-155
-116
-108
-70
-76
-155
-140
-85
-69
-69
-82
-104
-105
-38
-18
-35
-67
-58
-35
-71
-48
-61
-54
-14
-21
-60
-98
-75
-41
-16
-21
-26
-45
-82
-73
-69
-44
23
10
-40
-34
-43
-42
-31
-21
-5
-23
-40
-29
-22
-25
-22
-31
-21
-9
-15
-14
-33
-10
22
13
16
2
1
18
9
37
47
54
64
39
35
37
39
39
56
52
43
62
67
84
53
10
30
42
35
66
76
30
19
-11
-29
14
66
75
29
11
20
14
29
33
-8
17
42
25
63
32
-22
-26
-37
15
76
51
6
-19
-62
-51
-14
-15
20
27
-6
-49
-101
-70
-6
6
3
-37
-76
-36
-8
0
22
-54
-76
-28
-12
19
12
-24
-47
-63
-79
-63
-49
-3
28
-3
-15
-41
-46
-43
-8
46
48
16
12
16
-10
38
37
20
91
107
97
68
32
71
120
122
111
106
132
161
143
125
90
74
164
191
172
206
174
131
152
134
107
125
113
162
212
198
181
63
17
104
135
142
155
128
122
112
87
77
12
26
107
107
87
59
-11
-10
15
-9
23
29
30
69
-7
-73
-32
-36
-10
29
11
0
-90
-132
-57
-54
-42
-25
-99
-95
-53
-61
-71
-113
-115
-67
-49
-63
-70
-95
-83
-6
-7
-81
-123
-118
-54
9
-7
-73
-132
-98
-22
-16
-41
-75
-91
-35
7
-44
-113
-107
-20
34
30
-33
-111
-82
-6
13
-21
-60
-87
-43
11
-29
-87
-112
-54
44
51
3
-90
-151
-37
63
29
-17
-73
-59
45
67
-11
-94
-97
-8
52
46
9
-52
-61
-3
-11
-75
-70
-19
53
82
17
-66
-108
-76
5
35
-5
-28
-35
0
26
-45
-88
-98
-39
69
70
20
-15
-68
-41
16
4
25
27
50
105
24
-49
-19
23
45
49
19
-2
4
15
38
-17
-75
-25
44
99
104
4
-78
-49
-8
15
36
30
26
18
-27
-64
-66
-50
-4
32
15
-21
-40
-53
-55
-45
-29
-28
-24
-14
-26
-18
-26
-38
-41
-53
-25
2
-19
-28
-30
-56
-51
-32
-15
-19
-43
-40
-10
25
45
16
-37
-13
31
51
50
2
-12
51
111
112
65
-4
-22
45
117
103
13
-26
38
111
149
98
3
1
54
101
94
50
43
61
78
104
81
-1
14
88
121
126
62
13
36
70
128
147
68
35
68
120
149
98
51
68
106
109
84
23
6
65
81
54
-23
-66
-1
89
113
36
-58
-74
3
54
18
-23
-40
-26
20
3
-65
-118
-114
-11
66
23
-75
-142
-107
-9
43
11
-75
-56
50
64
2
-99
-125
-20
49
47
-6
-96
-76
-5
29
44
-38
-86
4
85
59
-64
-140
-96
-8
79
90
-19
-103
-93
-27
19
-3
-32
-67
-46
-1
-21
-62
-82
-69
-2
32
-22
-91
-127
-67
11
-2
-64
-89
-64
-51
-84
-120
-137
-112
-65
-58
-55
-98
-111
-70
-61
-26
-42
-85
-69
-46
-15
5
-58
-69
15
51
57
4
-65
-49
-18
14
25
-44
-91
-50
10
41
-10
-39
0
26
63
58
29
24
6
30
82
82
66
73
93
134
100
22
21
30
64
102
94
54
41
43
25
76
119
72
7
-14
43
