0
0
-1
0
0
0
0
-1
0
0
0
0
0
0
0
0
0
0
0
0
0
0
-1
0
0
0
0
0
0
0
0
0
1
0
-1
0
0
0
0
0
0
0
0
0
0
0
0
0
0
0
0
0
0
0
-1
0
0
0
0
0
0
0
0
0
0
0
0
0
1
0
0
0
0
0
0
0
1
0
0
0
1
1
0
0
0
-1
1
1
0
0
0
0
0
0
0
1
0
0
0
1
0
0
0
0
0
-1
0
0
0
0
0
0
0
0
0
0
-1
-1
-1
0
0
0
0
-1
0
0
0
0
0
0
0
0
0
1
0
1
0
0
0
0
0
0
1
-1
0
1
-1
0
0
0
0
0
0
0
-1
0
0
0
-1
0
-1
0
0
0
0
0
-1
0
0
0
0
0
0
-1
0
0
0
0
0
0
0
0
-1
-1
0
0
0
0
0
1
0
0
0
0
0
-1
0
0
0
0
0
0
0
0
0
1
0
1
0
0
1
-1
1
0
0
0
-1
-1
0
0
0
-1
0
-1
0
0
0
-1
0
0
0
0
1
0
0
0
0
0
0
1
0
1
0
0
0
0
0
0
1
0
0
0
1
1
0
0
0
0
0
0
0
0
-1
1
0
0
0
0
0
0
0
1
0
0
-1
0
0
0
-1
-1
-1
0
0
0
-1
0
-1
0
0
0
0
-1
-1
0
0
-1
1
0
0
0
0
-1
0
0
0
0
-1
-1
0
-1
0
0
-1
-1
-1
0
-1
-1
-1
-1
-1
0
-1
-1
0
-1
0
-1
-1
-1
-1
-1
-1
-2
-1
-1
-1
-1
0
-1
-2
-1
-2
-1
0
0
-1
-1
0
-1
-1
-1
0
-1
-1
-2
-1
0
-1
0
0
-2
-1
-1
-1
-1
0
-1
-1
-1
0
-1
0
0
0
-1
-1
-1
0
1
0
0
0
-2
-1
0
0
1
0
-1
0
0
-1
0
1
-1
0
-1
-2
1
0
-1
-1
-1
-2
-2
-1
0
0
-1
-1
-1
-1
-1
-1
-1
-1
-1
-1
-2
-2
-1
-2
-1
-1
-2
-2
-1
1
-1
-2
-2
-2
-1
-2
-1
0
1
0
-1
-3
-1
-1
1
0
-1
-1
-1
-1
0
0
0
0
-1
-2
0
-1
0
0
0
0
-1
0
0
0
0
-1
-1
-1
-1
-1
-1
0
-2
-1
0
0
-1
0
0
0
-1
-1
-1
0
0
1
0
0
1
-1
-2
0
-1
-1
0
0
0
-1
-1
0
0
0
-2
-1
-1
2
1
1
1
-1
-1
-1
1
1
0
0
0
0
1
2
2
2
2
2
2
1
2
2
1
2
2
1
1
1
1
1
2
-2
-1
-3
-5
-2
-14
31
56
42
62
32
40
69
28
-29
-15
42
4
17
54
22
42
44
48
45
-9
-11
54
64
34
46
27
23
-1
-7
36
34
49
48
39
37
25
54
59
25
59
81
4
-13
25
6
-8
27
40
31
30
7
-7
3
1
-8
13
3
-23
-33
-45
-9
-8
-10
-1
-38
-22
-25
-55
-40
-28
-39
-48
-26
-34
-73
-78
-64
-78
-75
-66
-55
-42
-74
-105
-111
-103
-112
-103
-68
-68
-93
-131
-120
-107
-117
-109
-109
-114
-104
-120
-134
-96
-110
-105
-98
-117
-68
-80
-115
-99
-71
-64
-73
-52
-45
-27
-23
-9
9
-30
-28
-18
-14
9
14
41
53
33
26
27
37
60
50
42
71
63
66
67
31
54
73
61
78
112
90
71
99
78
68
86
77
79
84
59
49
52
71
80
75
96
69
64
83
93
103
61
68
92
77
77
92
93
89
72
56
83
100
95
99
94
92
87
74
87
78
102
139
91
72
78
55
23
45
90
94
97
58
43
49
29
46
48
31
29
37
11
-18
-13
-21
15
14
-22
-19
-46
-55
-67
-70
-32
-42
-50
-45
-63
-72
-80
-95
-72
-49
-58
-53
-67
-78
-75
-83
-57
-66
-88
-79
-80
-70
-78
-77
-57
-48
-42
-88
-86
-49
-65
-62
-58
-49
-53
-56
-53
-48
-32
-50
-38
-21
-41
-47
-51
-63
-57
-32
-22
-51
-64
-56
-63
-38
-36
-53
-30
-33
-52
-56
-49
-45
-43
-59
-77
-53
-41
-44
-24
-8
-27
-36
-30
-40
-21
-24
-16
6
-17
-14
6
25
16
0
5
10
48
50
25
34
17
16
46
38
29
32
41
43
23
37
67
74
57
29
41
61
48
44
75
61
10
20
21
-3
11
43
42
32
46
21
-13
-14
-14
10
42
49
37
-11
-56
-46
-20
5
22
12
26
10
-49
-49
-25
-3
4
-24
-27
-18
-43
-35
-11
-11
2
-4
-31
-28
-28
-41
-3
14
-5
12
-7
-30
-30
-26
-9
1
26
16
18
15
-26
-8
10
5
26
27
9
35
33
-22
-24
-9
-4
4
16
19
2
-1
-4
-17
-8
5
-6
1
8
-5
18
15
-21
3
10
10
49
34
20
15
-8
30
52
30
53
65
42
27
35
66
78
70
68
66
69
69
50
56
85
89
86
82
73
76
74
77
78
100
107
79
72
74
80
90
70
39
75
83
58
86
71
64
64
32
39
57
64
66
49
47
34
21
36
22
28
40
35
30
14
36
23
-12
-7
3
-5
-1
22
28
15
-9
7
12
-6
-4
-16
-5
0
-9
-2
6
-6
-47
-38
-24
-5
19
-23
-23
-23
-45
-6
3
-3
-17
-54
-68
-60
-51
-26
-7
-28
-59
-81
-74
-58
-69
-55
-40
-40
-58
-97
-101
-81
-81
-90
-64
-84
-102
-94
-112
-85
-61
-65
-82
-79
-58
-91
-78
-80
-120
-90
-84
-85
-49
-72
-79
-41
-32
-15
-38
-65
-44
-46
-37
-11
-12
-14
-5
-22
-26
-31
-12
4
-12
16
29
31
31
48
42
12
15
-23
-11
41
56
64
46
30
24
13
12
46
61
30
34
33
25
20
1
6
4
9
30
34
32
4
15
32
1
20
24
7
16
17
7
13
37
42
32
-9
-5
4
-12
10
21
44
4
-17
37
3
-20
19
11
-3
22
3
-31
-25
-25
-9
25
11
-13
-17
5
13
-3
2
-7
-10
1
-8
-14
-22
-33
-25
-2
-18
-36
-29
-45
-28
-4
-28
-39
-46
-49
-20
-20
-54
-57
-52
-46
-28
-43
-58
-50
-65
-68
-65
-62
-45
-55
-40
-43
-59
-60
-101
-78
-42
-48
-63
-44
-21
-51
-39
-6
-11
-32
-44
-52
-22
-11
-38
-3
8
-20
-30
-40
-12
17
20
30
45
27
-2
-15
-2
43
71
73
51
30
23
28
34
59
96
84
82
72
47
62
85
95
107
77
39
77
81
70
93
106
81
62
83
93
92
86
91
99
91
88
102
98
80
96
90
91
103
96
104
107
115
125
96
75
86
75
95
105
82
105
95
72
84
74
71
87
86
84
82
68
74
74
43
41
61
35
16
44
54
28
13
37
39
15
17
27
14
7
-9
-6
18
-11
-34
-8
5
-27
-32
-5
-35
-41
-13
-24
-31
-39
-51
-55
-35
-29
-33
-32
-58
-70
-56
-49
-64
-40
-15
-31
-34
-38
-57
-65
-53
-57
-38
-26
-48
-38
-42
-67
-73
-68
-32
-27
-36
-17
-43
-41
-56
-59
-16
-32
-13
-5
-41
-57
-49
-14
1
-26
-18
8
-57
-56
-7
-33
-14
8
-3
-18
-36
-20
-20
-33
-3
34
7
-22
-26
-35
-25
-19
11
19
2
-3
-16
-37
-25
8
-8
-16
-12
-10
-16
-21
-15
-21
-2
-5
-24
-27
-29
-38
-55
-43
-50
-64
-44
-46
-39
-35
-56
-59
-39
-50
-73
-50
-55
-95
-91
-69
-73
-37
-36
-77
-63
-69
-98
-96
-72
-61
-57
-56
-54
-76
-98
-81
-94
-76
-66
-81
-50
-63
-65
-65
-92
-85
-77
-69
-61
-54
-62
-75
-59
-57
-80
-73
-50
-64
-81
-88
-93
-82
-72
-62
-29
-36
-94
-112
-111
-95
-77
-46
-35
-60
-68
-92
-103
-90
-47
-44
-51
-25
-45
-55
-53
-49
-50
-7
-6
-57
-44
-33
-13
7
18
20
27
44
10
-11
15
39
58
55
37
53
50
32
53
79
85
67
68
81
80
78
97
111
105
88
85
104
93
114
150
132
124
124
123
147
159
119
122
135
108
124
128
122
156
167
138
112
115
105
123
153
138
134
157
159
120
121
136
124
121
111
135
138
141
132
109
122
93
105
128
114
113
91
71
73
79
71
65
63
77
67
25
32
51
47
38
42
32
24
30
16
16
-3
10
25
-4
1
-10
-21
-18
-11
-20
-8
-8
-38
-39
-57
-35
-33
-46
-17
-30
-33
-58
-73
-63
-74
-50
-20
-7
-30
-22
-36
-86
-67
-49
-40
-47
-31
-29
-41
-41
-57
-42
-53
-34
-14
-59
-69
-46
-39
-33
-17
-20
-18
-39
-87
-97
-79
-42
-5
2
-16
-40
-59
-45
-47
-35
-12
-6
15
2
-19
-17
-9
-30
-10
27
7
8
-14
14
51
16
6
18
25
9
3
-7
-10
-7
4
42
33
29
21
-26
-24
11
23
45
45
38
28
5
1
13
38
45
44
48
48
-1
-13
14
2
37
60
27
6
-7
-11
9
11
-5
-1
-8
-26
-17
-14
-23
-18
-31
-32
-20
-43
-52
-42
-43
-36
-12
-22
-69
-75
-56
-68
-71
-47
-50
-82
-73
-78
-108
-90
-82
-101
-99
-97
-102
-85
-97
-119
-112
-126
-134
-145
-148
-110
-81
-88
-98
-122
-158
-150
-131
-128
-110
-76
-73
-112
-120
-113
-124
-119
-88
-72
-70
-85
-104
-95
-94
-93
-70
-66
-85
-83
-69
-75
-77
-61
-40
-28
-36
-50
-44
-63
-64
-7
12
0
25
35
-14
-2
17
3
26
54
61
54
80
67
35
36
28
72
99
94
85
67
65
59
78
88
84
101
109
96
97
111
100
111
131
137
135
112
99
88
90
104
115
128
118
109
100
89
94
100
128
112
91
107
87
55
56
95
98
101
108
72
48
32
56
75
74
73
76
63
15
38
63
52
50
61
67
31
22
28
38
32
27
59
61
58
39
17
23
6
9
34
32
33
26
4
-14
-29
-16
22
22
42
43
-25
-45
-22
-8
-18
13
45
6
-32
-39
-17
-11
-7
20
19
-15
-19
-14
-27
-19
-7
17
6
-29
-26
-36
-49
-33
-5
-10
-4
-3
-20
-21
-23
-12
-18
6
41
17
-3
-22
-36
-20
-7
4
20
25
7
-8
-8
-27
-13
24
20
3
9
7
-8
-20
-22
11
13
15
14
6
29
8
0
1
13
53
29
20
39
18
-23
-15
17
16
23
28
41
38
14
19
22
19
19
44
37
6
15
5
-4
1
2
17
24
18
11
-3
-28
-10
14
-34
-8
38
3
-21
-38
-41
-52
-38
-12
-18
-21
-32
-66
-88
-78
-55
-27
-26
-44
-65
-104
-127
-121
-85
-75
-68
-61
-120
-133
-114
-105
-93
-100
-75
-77
-120
-137
-112
-114
-108
-88
-106
-89
-107
-137
-111
-96
-108
-99
-82
-104
-114
-107
-97
-94
-89
-67
-87
-115
-107
-99
-126
-102
-53
-73
-70
-57
-64
-72
-85
-63
-52
-65
-63
-47
-32
-58
-65
-25
-16
-55
-59
-19
-18
-15
-3
-22
-20
-20
-12
-3
-13
9
7
-6
-7
-4
21
18
28
42
11
-7
7
22
33
34
35
46
35
-5
9
32
19
41
60
35
18
17
14
35
39
40
50
14
22
29
-3
19
38
33
36
41
37
32
40
61
67
53
56
33
15
14
23
52
59
69
69
71
59
27
58
72
68
87
85
82
69
72
72
54
74
85
69
84
114
110
90
92
82
86
93
97
120
107
108
110
92
89
86
101
102
94
106
111
88
75
77
72
84
78
63
63
59
56
58
61
81
73
47
45
27
16
28
41
54
70
46
4
-4
-3
-2
2
-2
13
22
-9
-28
-19
-25
-27
-20
-14
-13
-9
-14
-33
-52
-57
-47
-45
-40
-33
-49
-62
-39
-39
-55
-35
-19
-28
-61
-73
-64
-55
-42
-40
-28
-27
-38
-69
-74
-33
-42
-62
-37
-16
-30
-39
-51
-70
-56
-35
-25
-1
17
-18
-62
-57
-40
-39
-26
17
16
-33
-46
-19
-22
-41
-9
3
-19
-31
-56
-62
-48
-37
-34
-7
3
-39
-46
-48
-51
-21
-16
-27
-35
-41
-51
-90
-84
-32
-29
-23
-19
-37
-56
-74
-71
-61
-51
-23
-19
-52
-58
-52
-67
-68
-64
-58
-54
-49
-72
-76
-43
-50
-53
-28
-28
-40
-49
-59
-55
-40
-43
-35
-5
-17
-50
-59
-57
-66
-32
1
5
-5
-35
-23
-26
-50
-30
-4
-8
-13
-9
-34
-19
4
-3
7
-4
9
9
-13
0
10
24
11
-5
-6
7
16
7
35
38
22
51
55
33
28
21
12
29
41
37
42
35
25
14
31
47
25
42
46
45
50
34
48
61
48
46
47
43
61
68
51
75
83
48
40
38
36
71
72
60
85
85
53
23
30
42
51
73
91
94
68
77
66
37
50
65
93
100
81
81
76
50
51
61
63
91
87
75
71
80
91
65
61
72
73
47
33
54
63
58
64
71
53
52
55
48
58
47
43
54
40
32
37
52
58
39
27
12
16
26
40
54
40
51
33
-8
0
2
1
31
34
19
29
13
-3
-3
-16
-12
-5
5
17
2
-19
-15
-19
-40
-37
-18
-13
5
18
-27
-46
-23
-42
-48
-35
-22
-27
-38
-36
-47
-57
-59
-47
-49
-56
-47
-64
-75
-62
-75
-91
-73
-57
-73
-59
-53
-62
-38
-51
-59
-52
-58
-60
-78
-64
-33
-51
-68
-42
-37
-61
-43
-22
-47
-67
-53
-40
-34
-15
-13
-27
-28
-27
-33
-52
-37
-9
-16
-27
-15
-10
-26
-23
-37
-20
-15
-43
-24
-13
-12
-23
-34
-30
-50
-54
-38
-36
-19
9
9
-18
-45
-48
-60
-68
-43
-23
-24
-26
-20
-31
-54
-56
-35
-31
-22
-10
-20
-25
-44
-56
-47
-27
-3
3
-7
-16
-33
-40
-24
-24
-11
-10
-26
-11
-15
-36
-20
9
9
-3
-8
-16
-25
-47
-27
17
-1
-11
16
2
-15
-8
-11
-22
1
14
8
9
-7
-19
-32
-30
14
21
-4
-6
-19
-28
-19
-17
-11
-8
-5
-3
-5
-5
-32
-28
-5
-18
-10
5
0
-16
-26
-21
-25
-3
20
15
-8
-34
-50
-62
-26
18
30
1
-25
-27
-42
-29
4
10
-10
-2
4
-11
-3
-16
-32
-24
-15
-3
5
14
8
-21
-16
15
15
6
25
18
2
12
-3
2
48
50
34
19
-1
7
8
15
37
52
57
55
26
11
27
16
33
76
88
70
54
48
30
39
52
73
86
77
77
52
54
74
63
67
67
65
66
79
79
58
56
50
57
79
70
76
78
46
41
58
74
96
108
92
63
44
37
56
76
63
72
67
25
29
49
61
69
51
54
62
35
26
37
27
28
49
53
57
40
33
46
51
47
46
52
28
28
27
37
64
51
35
17
13
14
35
27
16
55
35
19
36
35
16
-10
-11
6
35
30
22
21
-5
-22
-28
-34
-14
13
-3
-6
-10
-59
-73
-47
-43
-49
-26
-31
-50
-44
-47
-64
-70
-49
-43
-53
-55
-74
-76
-57
-53
-57
-55
-60
-90
-98
-90
-75
-41
-27
-24
-50
-72
-65
-54
-57
-55
-33
-38
-28
-24
-54
-57
-32
-25
-32
-6
-13
-32
-12
-21
-44
-30
-12
-25
-19
-8
-19
-40
-21
11
-8
-11
-5
-15
-29
-38
-17
-22
-27
-17
-27
-15
-9
-24
-37
-45
-37
-42
-44
-23
-26
-62
-53
-57
-86
-57
-49
-61
-32
-30
-68
-68
-64
-83
-81
-70
-56
-64
-81
-84
-96
-110
-87
-61
-78
-86
-86
-120
-120
-92
-79
-78
-78
-83
-115
-123
-93
-80
-70
-58
-66
-98
-106
-95
-89
-76
-67
-70
-79
-63
-86
-114
-93
-74
-65
-72
-71
-79
-96
-68
-33
-31
-27
-25
-48
-59
-48
-39
-8
41
34
-14
-23
-8
-18
0
30
40
47
41
24
26
43
46
58
64
66
77
80
91
91
111
123
118
125
112
106
117
119
123
155
160
157
154
139
144
140
158
159
167
180
171
183
166
170
180
159
144
152
174
186
191
176
159
148
140
141
156
178
175
162
143
118
113
115
120
130
134
123
102
85
80
79
97
104
91
105
89
39
42
54
35
51
79
57
30
13
8
4
-6
23
47
30
16
10
0
-12
-9
-10
-8
27
12
-31
-33
-20
-39
-17
23
-11
-13
-10
-39
-54
-41
-23
-34
-37
-44
-55
-52
-40
-40
-62
-44
-29
-48
-51
-53
-59
-62
-47
-39
-59
-62
-59
-91
-92
-57
-60
-67
-44
-60
-95
-93
-94
-102
-72
-49
-61
-74
-70
-75
-111
-91
-65
-75
-63
-51
-54
-60
-58
-64
-65
-64
-61
-62
-48
-31
-36
-46
-50
-41
-45
-41
-17
-15
-21
-22
-21
-17
-17
-16
0
19
10
1
-8
-8
12
8
9
26
32
20
-2
6
21
14
15
28
24
19
9
-3
16
35
12
13
30
10
0
-5
28
48
18
22
18
-2
-5
3
7
23
21
1
1
-19
-31
-19
-4
9
5
-1
-1
-13
-32
-37
-34
-26
-17
-21
-33
-25
-20
-41
-46
-23
-17
-33
-31
-38
-46
-37
-37
-36
-30
-34
-53
-53
-44
-52
-54
-41
-27
-39
-46
-48
-66
-57
-42
-35
-26
-31
-42
-49
-64
-56
-52
-50
-34
-25
-27
-34
-37
-60
-51
-30
-20
7
0
-27
-30
-26
-26
-24
-20
6
24
-3
-19
-27
-31
-19
1
11
4
4
1
4
6
1
19
38
27
34
45
40
45
31
30
50
41
46
84
73
59
61
37
43
60
72
63
65
83
87
78
62
70
62
47
60
86
99
94
91
67
55
52
53
78
83
72
64
47
40
37
29
56
58
33
41
45
36
18
18
16
4
0
7
30
24
16
14
-7
-5
2
-13
-10
7
-18
-35
-20
-24
-26
-14
-21
-37
-29
-17
-29
-37
-25
-26
-20
-5
-10
-45
-56
-23
-30
-44
-21
-7
-5
-16
-32
-30
-29
-33
-23
-15
-18
-19
-24
-17
-24
-44
-39
-25
-22
-15
-3
-3
-19
-24
-11
-16
-13
-9
-17
-7
-8
-17
-11
-12
-1
11
-15
-13
6
-3
-5
-5
13
29
18
11
-1
-13
6
16
13
25
23
21
33
22
10
23
25
18
6
2
17
36
42
32
19
3
2
11
11
27
39
51
46
23
16
17
25
18
14
28
37
32
48
38
23
35
8
12
33
35
46
33
17
29
26
26
29
20
22
24
29
30
22
23
24
12
29
48
27
6
5
5
7
15
32
41
24
-7
-37
-52
-32
16
28
19
3
-25
-34
-33
-44
-50
-31
-8
-16
-37
-43
-41
-55
-64
-57
-48
-43
-55
-64
-61
-74
-86
-79
-71
-70
-80
-84
-88
-95
-89
-78
-70
-74
-80
-94
-112
-105
-96
-98
-89
-84
-97
-113
-99
-80
-82
-104
-111
-90
-90
-92
-93
-85
-69
-77
-79
-86
-88
-78
-69
-54
-37
-48
-66
-54
-57
-59
-55
-53
-35
-37
-40
-22
-23
-34
-34
-26
-20
-24
-10
11
3
-7
-9
-4
10
25
32
33
24
3
1
21
34
44
40
36
39
30
30
41
53
70
71
62
73
70
64
66
61
74
88
92
95
97
89
80
85
86
92
99
113
119
99
108
126
105
94
89
89
104
105
123
130
102
94
92
72
97
134
105
111
115
87
91
95
101
107
103
95
85
72
72
82
86
90
84
93
90
60
51
42
44
60
66
79
64
26
11
1
5
40
51
30
22
14
11
16
8
18
17
-4
-11
-14
-5
11
22
15
-14
-23
-25
-29
-30
-24
-5
-6
-23
-38
-42
-34
-35
-35
-35
-30
-15
-19
-39
-48
-49
-34
-22
-20
-22
-41
-50
-39
-20
-17
-22
-10
-9
-32
-36
-33
-47
-20
6
5
-10
-37
-41
-31
-29
-19
-15
-15
-5
-9
-10
-12
-28
-35
-22
-20
-11
-3
-13
9
-6
-37
-29
-14
6
-1
-16
-12
-6
-6
-10
-6
18
19
-7
-13
-39
-25
17
6
5
10
-1
-13
-21
-9
3
-2
3
11
-16
-26
5
-3
-15
-5
-20
-18
-15
-18
9
7
-11
-19
-30
-23
-20
-20
-18
-28
-30
-27
-49
-44
-26
-38
-35
-38
-44
-56
-72
-56
-39
-45
-36
-35
-67
-84
-69
-58
-65
-59
-54
-53
-59
-91
-107
-85
-58
-51
-52
-48
-49
-60
-71
-73
-69
-70
-85
-70
-71
-89
-69
-60
-62
-69
-75
-84
-90
-90
-84
-59
-51
-67
-79
-75
-74
-87
-97
-71
-47
-56
-68
-66
-58
-62
-53
-48
-44
-23
-40
-61
-38
-8
-17
-15
-12
-17
-7
-10
3
10
12
19
33
37
32
42
39
32
40
46
55
83
94
109
110
74
49
39
71
106
111
119
125
113
93
85
93
123
131
123
119
107
116
108
98
109
111
127
133
110
102
104
106
110
103
117
136
133
101
87
90
75
73
97
135
129
96
74
53
46
43
58
83
103
98
61
35
27
15
23
53
55
41
36
24
7
-12
-26
6
37
14
-12
-5
-11
-52
-56
-29
-24
-29
-32
-37
-54
-55
-63
-77
-61
-40
-51
-65
-55
-60
-63
-60
-65
-67
-61
-58
-77
-72
-67
-74
-67
-82
-90
-75
-66
-80
-96
-88
-75
-78
-82
-67
-65
-64
-59
-62
-62
-71
-49
-33
-70
-82
-60
-57
-75
-78
-55
-55
-61
-58
-66
-54
-40
-42
-55
-37
-19
-45
-73
-64
-53
-42
-17
-6
-2
-26
-35
-18
-21
-15
1
18
21
-3
-24
-17
-5
12
24
34
48
17
8
49
38
30
42
39
51
51
45
52
50
43
32
17
33
60
54
64
79
39
17
36
54
45
36
74
67
35
31
27
23
22
31
34
24
20
15
7
-15
-28
-30
-25
11
5
-32
-42
-41
-53
-58
-56
-49
-23
-38
-52
-58
-77
-64
-49
-40
-46
-50
-45
-47
-64
-69
-69
-67
-82
-91
-48
-51
-71
-88
-80
-82
-94
-111
-96
-52
-66
-54
-80
-93
-87
-82
-76
-46
-3
-30
-41
-53
-54
-56
-39
-27
-16
15
1
-6
-13
-20
-18
-2
-1
10
45
52
16
9
14
-7
10
33
56
68
75
56
29
28
32
60
79
111
120
103
87
49
43
76
99
94
97
109
105
85
71
64
98
122
100
104
109
82
65
69
88
91
89
104
97
76
66
59
56
64
73
97
106
76
68
67
54
55
55
59
83
87
77
63
54
48
36
44
41
41
48
44
44
36
18
7
27
26
8
13
29
16
1
11
13
18
8
0
-11
-18
-1
-12
-26
-14
-17
-31
-40
-48
-39
-18
-15
-27
-37
-33
-38
-60
-68
-38
-30
-53
-70
-67
-62
-82
-76
-77
-80
-67
-75
-73
-68
-84
-99
-103
-100
-94
-89
-59
-73
-96
-97
-101
-90
-90
-66
-40
-55
-91
-89
-85
-93
-80
-75
-64
-41
-42
-80
-89
-74
-76
-81
-68
-40
-33
-54
-57
-55
-78
-63
-50
-37
-2
-5
-34
-45
-46
-50
-15
14
16
4
6
14
-10
-17
2
14
20
22
33
40
16
3
11
17
14
14
20
27
45
41
29
28
23
28
38
53
56
34
37
49
47
34
23
34
56
71
52
36
25
12
13
22
29
25
39
54
36
-2
2
-5
-27
-14
8
35
12
-17
-19
-28
-30
-36
-27
3
16
-6
-43
-63
-53
-52
-32
-4
-2
-7
-28
-44
-69
-62
-29
-17
-6
-17
-34
-49
-55
-71
-73
-42
-10
-13
-43
-42
-44
-51
-53
-49
-32
-19
-23
-15
-17
-37
-26
-21
-16
-19
-24
-27
-44
-35
-26
-19
-13
-21
-24
-22
-11
-9
-18
-2
13
-4
-13
-10
6
7
7
26
21
18
15
4
15
4
-17
13
19
13
23
18
2
-14
5
16
11
20
28
45
41
20
6
26
49
59
62
59
55
39
23
36
60
54
57
83
81
58
41
36
41
55
65
83
88
61
69
85
64
56
73
93
107
88
74
84
95
94
73
99
124
96
89
93
102
86
57
72
101
100
87
78
83
77
39
33
68
75
57
69
88
67
46
59
66
52
54
68
68
44
36
48
47
18
7
32
7
-12
-2
3
9
-13
-18
-7
-11
-29
-40
-19
-8
-17
-31
-41
-53
-47
-19
-31
-45
-28
-32
-50
-78
-94
-73
-67
-60
-39
-47
-58
-58
-69
-82
-93
-77
-57
-58
-72
-82
-92
-110
-96
-83
-74
-64
-82
-85
-85
-84
-69
-64
-63
-46
-32
-31
-34
-30
-21
-25
-31
-21
-20
-37
-27
4
2
-12
-13
-19
-24
-27
-7
7
-9
-2
18
17
-2
-4
31
33
27
39
39
35
17
20
35
55
61
48
57
68
35
10
26
40
39
51
53
28
19
6
11
20
10
31
31
22
7
13
11
-12
10
27
28
10
-3
3
12
-10
-32
1
11
-8
-11
-9
-27
-33
-24
-24
-31
-43
-31
-29
-58
-57
-43
-55
-57
-53
-52
-46
-59
-70
-59
-50
-62
-69
-53
-55
-62
-75
-92
-74
-66
-87
-98
-76
-66
-97
-93
-82
-94
-82
-82
-83
-79
-97
-74
-61
-87
-91
-81
-84
-73
-59
-71
-70
-60
-49
-61
-64
-59
-52
-36
-33
-35
-35
-43
-46
-34
-37
-34
-4
-1
-13
-10
6
-5
-20
-7
10
34
33
26
40
33
28
49
54
58
71
73
72
52
48
63
64
74
97
96
71
71
75
56
68
98
92
95
109
98
93
90
99
115
111
110
114
115
110
103
106
114
120
114
117
111
87
91
91
69
85
115
97
80
92
85
74
76
78
90
98
101
89
84
86
68
82
101
90
86
86
66
55
52
55
70
72
66
55
34
15
15
20
41
55
42
36
33
18
6
15
35
11
5
32
14
-15
-23
-11
-8
4
18
12
-7
-21
-23
-37
-33
-10
-17
-35
-24
-22
-34
-47
-42
-27
-45
-62
-59
-53
-43
-38
-47
-66
-81
-69
-50
-45
-41
-38
-34
-51
-74
-70
-64
-57
-39
-21
-27
-38
-49
-77
-86
-65
-44
-46
-46
-31
-42
-81
-85
-55
-32
-38
-45
-30
-37
-52
-45
-37
-36
-36
-30
-27
-25
-51
-58
-43
-48
-41
-33
-23
-40
-58
-53
-56
-39
-35
-34
-15
-27
-50
-48
-41
-40
-24
-35
-39
-23
-33
-47
-46
-46
-58
-43
-29
-27
-27
-42
-46
-53
-58
-53
-29
-22
-40
-40
-43
-53
-57
-39
-33
-39
-27
-16
-28
-28
-26
-43
-30
1
10
3
-19
-45
-41
-37
-48
-50
-24
8
-25
-52
-30
-33
-48
-28
-8
-18
-38
-35
-19
-18
-29
-37
-21
-5
8
8
-4
-13
-16
-5
8
11
17
25
36
24
17
28
17
18
40
37
26
30
36
42
27
18
32
43
50
44
36
24
18
18
16
44
66
64
58
34
30
51
43
35
55
81
90
70
43
48
60
55
76
103
100
106
92
59
68
86
109
115
99
100
98
78
61
72
89
100
100
88
94
90
66
58
62
85
93
83
88
75
66
66
67
78
80
94
99
93
76
71
100
110
92
83
95
114
99
78
92
81
67
84
86
77
73
72
60
34
33
56
65
40
32
51
50
39
30
43
42
17
20
40
43
30
17
9
24
20
7
10
6
-3
0
5
1
-7
-18
-17
-23
-33
-25
-27
-24
-27
-48
-51
-49
-62
-63
-65
-72
-80
-75
-59
-72
-77
-81
-97
-102
-109
-91
-82
-109
-111
-95
-101
-127
-135
-110
-92
-103
-114
-105
-107
-104
-110
-118
-108
-86
-70
-81
-81
-82
-85
-84
-81
-74
-71
-71
-76
-85
-84
-87
-99
-90
-72
-69
-83
-82
-81
-78
-56
-64
-66
-38
-19
-26
-47
-42
-29
-26
-18
-15
-15
-17
-10
3
-6
-17
-12
-4
4
11
10
18
27
24
18
23
26
27
28
23
18
18
23
34
27
18
26
30
33
31
39
55
52
37
45
60
59
43
27
49
66
50
33
45
41
25
27
20
15
35
61
42
14
23
27
25
20
17
35
43
25
8
-4
-1
-1
-17
-3
7
8
5
-17
-25
-14
-7
-8
-28
-32
-17
-34
-53
-42
-30
-30
-40
-39
-36
-51
-60
-58
-50
-52
-58
-50
-42
-40
-46
-56
-50
-41
-37
-35
-46
-49
-32
-43
-55
-51
-58
-55
-54
-48
-33
-39
-48
-38
-34
-45
-42
-34
-36
-36
-25
-13
-19
-33
-33
-17
-8
-20
-24
0
5
-14
-1
-2
-17
7
21
29
29
23
33
25
10
31
73
66
32
43
59
42
42
69
87
86
78
74
71
57
57
83
91
89
92
90
77
48
53
89
80
61
83
92
62
38
46
62
67
61
50
64
75
61
48
43
37
46
61
49
37
38
42
35
19
33
38
23
19
7
0
25
26
2
10
27
19
-3
-9
9
22
17
-4
-7
2
6
11
1
-10
-15
-1
-1
-20
-20
-6
16
17
-3
-4
3
-3
-10
-3
6
-5
-16
-24
-41
-41
-29
-22
-20
-21
-21
-44
-63
-54
-37
-24
-5
-16
-40
-2
2
-49
-43
-4
6
-4
-14
-11
1
-18
-33
-22
-1
19
24
6
-4
9
5
1
17
22
10
15
6
-27
-16
5
8
20
33
22
4
8
11
9
14
46
60
45
52
48
39
40
37
36
37
49
38
16
33
47
39
36
33
40
57
47
38
38
50
52
31
20
20
25
34
17
-3
13
25
18
10
6
11
23
11
0
12
10
3
11
23
10
-9
-1
0
-11
-4
17
15
6
3
-1
-13
-27
-27
-23
-24
-14
-3
-19
-40
-41
-40
-50
-65
-65
-49
-50
-78
-91
-75
-96
-111
-90
-92
-99
-103
-117
-129
-116
-109
-109
-100
-111
-117
-125
-130
-120
-115
-107
-97
-98
-109
-111
-99
-101
-113
-112
-96
-81
-90
-96
-83
-78
-83
-81
-78
-88
-80
-65
-77
-76
-61
-47
-42
-58
-52
-28
-21
-31
-32
-8
-13
-25
-6
-6
-1
12
11
6
12
11
3
12
15
23
36
37
33
25
18
22
22
24
24
25
49
35
24
41
41
35
23
40
62
60
56
53
56
54
41
44
56
69
64
58
68
68
74
81
65
55
70
71
45
58
72
68
86
85
78
70
74
76
59
78
85
83
100
110
91
67
64
63
72
62
54
72
68
65
60
39
40
56
59
53
63
77
62
50
61
57
63
69
41
26
41
46
29
22
30
57
57
18
6
25
43
11
-15
24
44
14
-6
4
6
0
-5
-19
-9
0
-1
2
-18
-26
-22
-27
-27
-22
-1
8
-4
-21
-28
-23
-36
-43
-21
-8
-18
-34
-34
-33
-46
-50
-41
-35
-38
-34
-34
-47
-55
-50
-38
-39
-43
-34
-42
-48
-31
-39
-65
-67
-48
-39
-44
-60
-57
-30
-40
-62
-54
-43
-25
-32
-62
-62
-60
-57
-53
-52
-36
-43
-64
-76
-64
-41
-29
-47
-55
-28
-28
-47
-60
-55
-20
-20
-39
-29
-18
-28
-43
-41
-31
-33
-32
-40
-36
-15
-22
-24
-14
-20
-23
-28
-38
-48
-31
-24
-37
-36
-24
-15
-15
-21
-25
-22
-33
-43
-17
-11
-5
-14
-48
-49
-54
-51
-42
-30
-1
-14
-47
-48
-45
-47
-54
-48
-23
-11
-17
-35
-28
-18
-38
-43
-30
-32
-20
20
7
-32
-13
1
-39
-47
-15
-8
-13
-19
-12
-10
-29
-49
-38
-14
-15
-22
-24
-2
-6
-31
-17
-16
-29
-31
-9
-1
-44
-55
-12
-4
-25
-23
-3
2
-17
-27
-28
-28
-17
7
17
4
-5
-14
-31
-40
-35
-10
3
-9
7
19
-6
-37
-25
16
33
25
22
43
43
37
25
11
27
54
70
67
68
78
81
71
60
72
80
77
76
94
102
95
105
104
111
126
107
98
120
117
92
104
122
109
97
105
101
99
98
98
108
101
96
119
122
93
95
102
91
73
74
110
101
80
90
79
61
60
73
66
70
103
94
59
45
58
70
67
58
70
89
83
62
45
51
44
25
22
19
19
18
24
32
14
-6
-6
-9
16
21
5
23
19
6
-5
-23
-29
-31
-34
-24
-26
-48
-54
-42
-43
-61
-63
-53
-64
-75
-73
-59
-50
-69
-103
-87
-55
-88
-119
-80
-46
-89
-126
-107
-83
-87
-110
-92
-54
-74
-103
-91
-65
-74
-98
-103
-92
-77
-93
-99
-69
-60
-93
-114
-110
-90
-93
-110
-93
-89
-97
-89
-110
-105
-55
-63
-93
-95
-77
-53
-71
-75
-70
-75
-63
-82
-92
-82
-88
-96
-90
-68
-64
-64
-53
-47
-34
-29
-57
-75
-48
-21
-27
-41
-27
-10
-33
-62
-40
-16
-28
-34
-11
6
-22
-28
1
-3
-19
-15
9
11
-16
-11
15
13
-1
15
41
47
34
19
19
17
29
51
53
54
59
60
45
37
41
49
65
60
50
57
51
47
54
52
47
43
49
57
37
39
45
47
55
29
31
60
50
29
17
39
59
41
35
48
39
39
35
24
24
22
39
46
32
39
38
23
20
10
1
2
22
41
14
-10
-12
-17
-33
-39
-7
24
35
18
-10
8
2
-38
-34
-6
18
15
31
48
10
-8
-1
-13
-22
26
75
53
24
18
25
13
19
45
44
54
53
27
41
57
56
61
61
67
50
40
50
65
61
40
70
93
94
93
80
90
97
91
96
122
132
125
126
115
80
57
91
124
112
111
131
106
67
93
135
104
85
129
129
82
73
92
88
64
68
56
35
51
36
19
26
13
0
0
-1
-23
-11
19
0
-33
-30
-2
-6
-47
-69
-48
-21
-28
-55
-72
-41
5
-49
-107
-67
-32
-53
-86
-78
-51
-39
-40
-63
-75
-40
-37
-81
-74
-52
-73
-95
-60
-26
-64
-90
-60
-37
-72
-87
-42
-24
-52
-62
-44
-40
-49
-30
-6
-17
-58
-62
-43
-40
-57
-68
-20
-30
-87
-70
-37
-40
-63
-42
-25
-75
-67
-17
-45
-73
-47
-25
-57
-73
-52
-53
-74
-80
-70
-75
-66
-59
-65
-61
-78
-98
-87
-61
-70
-89
-63
-50
-80
-98
-88
-87
-83
-73
-69
-70
-88
-83
-70
-73
-58
-36
-41
-62
-65
-68
-76
-59
-30
-21
-19
-20
-26
-13
-12
-52
-50
-19
-15
-26
-33
14
51
25
2
18
42
13
3
37
59
63
48
49
33
26
55
49
29
32
62
65
29
1
29
38
9
23
27
45
46
10
13
8
-1
2
10
18
3
-12
-12
-31
-44
-29
-25
-30
1
22
-2
-37
-64
-74
-54
-28
-43
-61
-30
-16
-70
-102
-69
-48
-65
-90
-63
-24
-37
-55
-56
-53
-72
-83
-44
-19
-31
-46
-38
-28
-54
-63
-38
-19
-24
-37
-8
4
1
-18
-50
-44
-28
-22
-26
-8
14
-3
-48
-23
21
-34
-63
-6
29
-25
-50
16
44
-4
0
45
45
22
4
3
18
46
56
73
91
52
17
32
39
34
53
88
97
67
51
51
57
59
56
57
71
134
161
123
106
92
61
66
96
111
126
134
122
109
102
96
109
125
129
113
109
104
92
114
103
85
110
115
95
103
118
81
47
83
125
107
78
103
124
82
49
61
95
105
76
77
90
88
63
47
61
56
53
84
83
56
52
47
12
-10
32
69
58
17
17
33
26
36
30
14
13
17
18
2
-14
1
9
-16
-30
-3
6
-1
4
-30
-34
2
2
-13
5
1
-51
-50
-27
-24
-30
-23
-11
-37
-58
-44
-21
-17
-46
-59
-10
-5
-51
-46
-11
-22
-61
-55
-39
-60
-91
-65
-24
-33
-24
-18
-52
-78
-75
-53
-47
-33
-31
-45
-32
-73
-92
-58
-55
-83
-98
-69
-71
-70
-69
-89
-66
-74
-112
-107
-82
-59
-60
-78
-59
-54
-94
-127
-99
-74
-99
-90
-27
-41
-90
-61
-68
-116
-112
-63
-52
-90
-95
-79
-87
-112
-76
-32
-65
-100
-95
-106
-108
-85
-86
-98
-80
-48
-41
-58
-90
-80
-54
-84
-135
-88
-32
-94
-126
-62
-33
-97
-118
-60
-35
-104
-158
-105
-58
-79
-96
-68
-36
-71
-110
-73
-24
-19
-60
-57
-12
-39
-89
-81
-34
-29
-46
-28
-10
-33
-58
-40
-21
-33
-38
-44
-48
-41
-6
41
29
-1
17
21
-34
-33
48
92
61
27
34
56
19
-10
49
103
95
89
136
146
94
83
86
71
87
117
143
148
143
155
120
59
80
131
101
101
172
203
133
103
173
185
146
143
201
224
156
123
176
193
172
170
186
211
215
169
131
179
199
137
106
167
213
178
153
180
206
183
141
158
169
134
110
111
128
142
174
150
125
186
187
98
82
142
139
116
145
159
111
63
65
115
111
54
93
138
69
44
77
40
11
39
60
61
77
81
53
-11
-45
-1
8
-31
-24
32
30
-1
5
5
-23
-49
-65
-53
-28
-33
-41
-22
-16
-45
-68
-105
-106
-72
-95
-95
-54
-60
-100
-119
-134
-142
-138
-135
-106
-80
-91
-99
-125
-156
-136
-107
-120
-122
-69
-76
-117
-104
-92
-105
-123
-98
-75
-118
-137
-110
-124
-117
-44
-56
-125
-93
-84
-145
-124
-52
-16
-26
-61
-61
-32
-102
-150
-47
-19
-62
-33
-23
-36
-38
-75
-110
-35
-6
-83
-50
1
-32
-29
-22
-70
-59
-36
-50
-38
-12
-1
-25
-67
-71
-31
-51
-80
-40
16
5
-43
-19
-11
-61
-67
-49
-30
-37
-61
-46
-19
-24
-14
-22
-76
-77
-43
-59
-55
9
7
-23
-25
-51
-42
-43
-81
-60
-15
-38
-64
-54
-49
-83
-89
-47
-54
-31
29
0
-36
-35
-71
-74
-34
-14
18
33
12
8
3
-31
-39
-7
-14
-32
10
15
-21
4
19
-30
-42
4
28
-3
-26
50
84
7
-17
14
-23
-56
1
64
67
53
66
53
-8
-24
46
40
4
65
115
60
1
21
43
23
-6
41
92
42
-9
20
29
-28
-18
27
11
29
45
36
39
10
13
49
40
33
35
4
2
33
23
1
48
56
-8
-2
27
25
6
-11
-5
19
-24
-27
59
20
-31
21
26
-12
0
22
2
0
21
1
-14
22
62
52
8
-2
14
-19
-11
48
58
59
88
75
0
-6
45
20
-8
76
106
23
-10
34
40
5
33
118
130
65
66
80
30
-6
26
63
86
111
114
112
88
54
27
20
65
77
59
81
111
90
50
38
74
105
63
63
92
68
32
31
55
33
-2
15
47
46
35
40
70
43
-9
20
34
18
36
58
75
75
26
-33
-28
-16
-39
-21
2
-12
-30
-62
-81
-29
-3
-60
-74
-56
-82
-89
-82
-75
-14
29
-5
-34
-9
-26
-92
-82
-47
-56
-68
-76
-83
-60
-51
-51
-33
-62
-99
-99
-108
-104
-27
-3
-69
-71
-65
-119
-139
-76
4
21
-14
-33
-57
-104
-111
-65
-43
-37
0
-5
-48
-53
-43
-36
-52
-49
4
22
-8
24
89
66
13
-19
-20
-17
-11
68
141
146
114
75
41
16
21
91
167
211
243
224
190
174
151
132
170
274
305
258
262
284
235
178
154
179
194
165
220
308
300
241
226
187
113
95
133
197
206
195
228
195
115
109
113
64
65
102
84
67
110
110
68
76
35
-48
-87
-126
-134
-97
-100
-73
-48
-183
-313
-355
-450
-483
-389
-347
-365
-367
-425
-542
-592
-544
-497
-434
-365
-376
-415
-462
-528
-537
-481
-427
-368
-326
-338
-363
-384
-415
-448
-434
-415
-412
-380
-349
-312
-289
-315
-316
-296
-314
-273
-207
-225
-188
-118
-140
-161
-113
-72
-26
26
35
87
161
158
133
188
231
223
259
278
321
376
367
353
414
450
363
366
456
433
431
495
495
475
413
339
339
373
457
574
645
645
544
346
226
275
382
489
636
779
738
484
299
338
381
396
552
652
544
368
231
252
446
616
638
404
-82
-533
-864
-989
-660
-110
219
224
0
-407
-885
-1163
-1052
-677
-330
-110
21
37
-43
-67
-17
-11
-47
-94
-220
-345
-332
-271
-293
-279
-251
-361
-524
-611
-617
-584
-563
-541
-469
-496
-569
-504
-348
-229
-132
-42
-63
-167
-317
-410
-405
-344
-215
-70
40
95
82
0
-67
-118
-160
-168
-144
-23
47
65
116
103
58
83
109
82
109
41
-9
-86
-292
-323
-171
0
346
584
413
369
197
-78
-69
-38
133
523
552
351
366
106
-38
220
240
278
447
232
40
119
-61
-47
283
366
447
529
396
314
318
252
350
528
559
570
617
642
624
585
486
243
-9
-127
-126
84
355
479
547
458
122
-150
-232
-267
-95
119
72
49
43
-83
-60
44
56
83
38
-153
-225
-187
-188
-91
30
-17
-95
-126
-282
-356
-285
-295
-317
-246
-276
-406
-395
-369
-403
-408
-450
-514
-483
-532
-592
-488
-450
-495
-386
-342
-396
-289
-299
-363
-381
-487
-501
-552
-837
-802
-427
-259
-192
-216
-281
-215
-260
-397
-277
-145
-7
98
-95
-183
-201
-263
-69
159
122
117
-2
-223
-271
-368
-333
-130
-34
62
186
141
144
180
139
230
256
272
493
614
557
658
764
639
544
561
555
623
668
625
756
777
573
638
861
914
996
1041
733
123
-543
-797
-481
40
461
661
625
284
-278
-734
-780
-455
-23
262
373
463
440
405
510
625
670
522
273
170
175
173
212
247
83
-116
-297
-555
-661
-579
-460
-380
-380
-465
-576
-579
-467
-364
-294
-271
-307
-300
-285
-327
-311
-255
-284
-319
-351
-410
-382
-299
-216
-157
-195
-253
-318
-420
-406
-283
-135
-20
103
143
14
-126
-229
-287
-230
-137
-99
33
138
59
-67
-135
-171
-154
-94
4
215
332
399
389
262
130
35
152
369
468
493
536
480
377
272
272
418
462
483
571
683
782
880
972
1157
1374
1482
1607
1538
953
-239
-1537
-2191
-2063
-1343
-435
231
428
-45
-1123
-2173
-2662
-2366
-1349
-215
634
1146
1334
1283
1195
1178
1170
1164
1042
862
763
686
552
337
0
-520
-1118
-1655
-2039
-2103
-1925
-1757
-1538
-1376
-1287
-1085
-800
-395
84
438
581
690
680
486
450
445
160
-127
-79
211
538
708
623
257
-418
-1257
-1861
-1931
-1510
-846
-270
-31
-135
-347
-462
-417
-205
72
342
525
481
351
332
365
434
517
509
431
279
96
4
11
-31
-144
-191
-264
-261
-88
134
342
390
239
12
-160
-195
29
431
754
953
1089
1150
1130
1051
968
994
1087
1143
1162
1267
1478
1710
2037
2344
1945
158
-2465
-4417
-4614
-3036
-552
1595
2385
1426
-870
-3391
-4959
-4633
-2388
485
2563
3267
2769
1841
1218
1047
1331
1722
1690
1304
859
433
242
279
75
-508
-1365
-2460
-3376
-3525
-3006
-2136
-1264
-915
-966
-1094
-1105
-720
43
704
1098
1345
1247
924
644
345
114
129
289
613
1020
1070
636
-100
-1075
-2147
-3002
-3377
-2822
-1410
70
1099
1355
719
-363
-1229
-1535
-1049
90
1270
2018
2041
1334
355
-342
-595
-341
210
588
683
549
235
-177
-565
-862
-925
-629
-97
505
914
924
603
65
-452
-527
-48
667
1444
2065
2152
1706
1005
350
67
351
994
1706
2252
2390
2244
2153
2299
2412
1626
-605
-3369
-4974
-4486
-2203
618
2532
2668
919
-1854
-4318
-5276
-4050
-1198
1718
3336
3383
2541
1723
1395
1605
2145
2447
2104
1281
478
1
-56
196
216
-298
-1301
-2627
-3615
-3805
-3224
-2174
-1356
-1159
-1299
-1356
-1070
-354
478
936
981
854
683
524
376
173
99
270
565
935
1108
809
168
-609
-1404
-2125
-2751
-2963
-2406
-1444
-523
193
454
209
-281
-811
-1144
-964
-347
454
1178
1371
1040
588
162
-102
-80
64
203
260
148
-19
-214
-541
-860
-950
-730
-232
377
752
665
221
-368
-736
-575
1
809
1608
1994
1887
1519
953
401
238
450
1001
1664
2001
2076
2105
2197
2489
2561
1532
-767
-3365
-4795
-4081
-1663
1070
2790
2577
495
-2407
-4772
-5399
-3746
-654
2172
3551
3371
2352
1411
1062
1366
2139
2711
2537
1842
1064
584
541
645
457
-231
-1291
-2435
-3226
-3251
-2605
-1797
-1324
-1451
-1896
-2029
-1573
-656
326
881
986
866
585
392
397
471
564
680
818
846
688
374
11
-377
-885
-1489
-2083
-2471
-2335
-1637
-860
-318
-144
-364
-754
-1111
-1177
-772
-18
650
962
859
413
24
-103
-119
-84
91
231
224
99
-140
-388
-659
-948
-1022
-764
-299
300
745
677
135
-570
-1017
-961
-468
293
1071
1555
1662
1420
839
235
71
460
1159
1799
2157
2268
2210
2221
2587
2985
2606
785
-2229
-4861
-5365
-3436
-263
2407
3193
1855
-1025
-4244
-6154
-5614
-2785
761
3362
4177
3462
2324
1523
1391
1967
2683
2890
2465
1635
916
709
783
729
322
-649
-1982
-3131
-3724
-3494
-2594
-1644
-1181
-1251
-1464
-1356
-850
-237
341
866
1222
1355
1354
1254
1169
1083
889
794
773
672
506
223
-85
-407
-916
-1691
-2506
-2915
-2617
-1777
-877
-229
-44
-264
-698
-1108
-1046
-384
539
1334
1656
1336
687
123
-192
-167
144
484
579
335
-117
-521
-808
-980
-950
-770
-476
-32
327
405
150
-338
-657
-598
-182
414
995
1418
1627
1628
1344
874
576
715
1190
1795
2328
2620
2695
2749
2993
3133
2275
-118
-3471
-6093
-6284
-3892
-360
2326
2921
1319
-1827
-5221
-7127
-6316
-2979
1251
4352
5308
4482
3041
1983
1704
2098
2672
2968
2658
1801
902
298
-66
-529
-1363
-2608
-3958
-4843
-4847
-3963
-2684
-1562
-1037
-1171
-1354
-983
-66
1038
2036
2715
2953
2794
2300
1703
1237
797
230
-337
-646
-628
-518
-752
-1363
-2051
-2714
-3270
-3522
-3151
-2047
-573
585
1098
1110
784
408
188
259
849
1692
2162
1977
1216
168
-709
-1135
-1191
-945
-551
-275
-195
-360
-678
-944
-1133
-1208
-879
-113
712
1299
1385
925
233
-285
-354
29
604
1069
1325
1318
1115
768
304
122
479
1256
2159
2837
3091
3084
3172
3449
3311
1438
-2663
-7098
-8695
-6154
-1368
2557
3821
2639
-166
-3957
-7316
-8036
-4883
832
5747
7429
6270
4119
2477
1811
1852
2335
2913
2897
1971
620
-518
-1163
-1668
-2680
-4139
-5361
-5825
-5273
-3760
-1900
-450
113
-177
-561
-140
1154
2811
4194
4733
4379
3373
1980
681
-140
-704
-1418
-2180
-2484
-2194
-1793
-1782
-2294
-3043
-3563
-3555
-2999
-1971
-543
1122
2475
2929
2538
1831
1261
960
914
1116
1472
1607
1072
-80
-1420
-2422
-2667
-2270
-1655
-999
-389
-63
-125
-438
-742
-808
-549
46
931
1888
2497
2420
1581
228
-1006
-1478
-1001
102
1059
1267
930
507
193
-20
-155
125
1100
2419
3477
3789
3413
3124
3436
3789
2715
-1145
-6720
-10068
-8396
-3090
2010
4178
3628
1693
-1654
-6140
-8980
-7155
-872
5876
8749
7505
5041
3311
2411
1823
1541
2006
2669
2255
717
-850
-1711
-2121
-3047
-4764
-6142
-6217
-5084
-3163
-992
673
1321
976
360
549
1899
3881
5563
5998
4983
3118
1061
-671
-1788
-2532
-3290
-3841
-3680
-2890
-2167
-2088
-2503
-2940
-3151
-2930
-2070
-683
1056
2985
4226
3909
2458
1079
483
411
329
306
596
778
254
-1057
-2751
-3878
-3738
-2780
-1699
-696
106
598
591
63
-544
-833
-548
419
1706
2717
3166
2858
1631
-190
-1849
-2562
-2091
-847
405
1071
1093
900
897
900
766
851
1594
2982
4335
4855
4545
4067
3038
-255
-6197
-11255
-10663
-4546
1800
4319
3827
2508
-13
-4791
-9394
-9029
-2520
5410
9239
8266
6048
5079
4076
1730
-241
83
1772
2395
1248
-190
-848
-1696
-3942
-6795
-8180
-7117
-4727
-2529
-644
1370
2714
2250
770
325
1873
4541
6674
7296
6381
4233
1234
-1966
-4406
-5419
-5429
-5169
-4434
-2793
-1031
-549
-1496
-2842
-3744
-3723
-2514
-266
2521
5040
6244
5348
2798
367
-709
-765
-418
284
980
751
-551
-2149
-3440
-4191
-4138
-2975
-999
776
1531
1159
326
-95
53
262
362
873
1934
2771
2730
2043
1059
-237
-1578
-2480
-2644
-1946
-531
866
1463
1345
1187
1384
1768
2218
3018
4084
4884
5298
5238
3836
-233
-7078
-13149
-12998
-5971
2077
5595
4997
3466
658
-5365
-11381
-10863
-2617
6894
10696
8636
5938
5407
4673
1805
-829
-359
1880
2170
3
-1525
-1072
-974
-3490
-7583
-9871
-8492
-4970
-1737
521
2234
3114
2375
539
-296
1350
4757
7741
8493
6958
4393
1567
-1698
-5002
-6979
-7068
-6146
-5015
-3392
-1074
671
349
-1647
-3412
-3667
-2510
-618
1819
4841
6957
6171
3091
449
-359
-468
-992
-1145
-207
545
-235
-1935
-3337
-3838
-3445
-2524
-977
1089
2420
2037
530
-587
-437
365
1081
1995
3010
3138
2040
460
-796
-1484
-1735
-1636
-1102
-246
521
696
122
-373
-150
560
1682
3193
4668
5646
5860
5368
4364
2198
-1994
-7671
-12178
-11578
-5336
1567
4691
4411
2835
82
-4705
-9222
-8623
-2114
5513
9335
8488
6105
4845
3704
1390
-613
-602
767
1597
1170
445
-340
-2300
-5484
-8405
-9420
-7561
-3613
140
2296
2906
2414
1296
200
331
2492
5652
7740
7514
5452
2990
795
-1774
-4747
-6695
-6813
-5867
-4722
-3187
-877
1160
1270
-560
-2606
-2950
-1223
1013
2561
3880
4980
4465
1889
-762
-1429
-650
14
670
1521
1148
-1095
-3736
-4882
-4049
-2341
-814
615
2267
3251
2252
-199
-1792
-1328
-3
1071
2423
4125
4734
3218
304
-2325
-3616
-3578
-2471
-478
1854
3589
3725
2087
23
-1023
-630
1324
4458
7387
8561
6864
1832
-5652
-12616
-14453
-9493
-2061
3033
5192
5451
3266
-2374
-8786
-10155
-4846
2525
7135
8234
8161
8117
6253
2015
-1586
-2482
-1912
-1653
-1697
-924
208
-287
-2706
-5676
-7816
-7997
-6166
-3322
-170
2694
4298
4154
2595
990
1105
3115
5389
6256
5436
3938
2327
-303
-4227
-7767
-9245
-8431
-6070
-3004
152
2213
1932
-96
-1948
-2366
-1375
413
2856
5506
6606
5111
2069
-859
-2636
-3074
-2373
-631
1206
1622
266
-1905
-3769
-4912
-4941
-2873
883
3727
3965
2604
1233
83
-1021
-1433
-324
1958
3743
3780
2538
1342
411
-1122
-3047
-3835
-2735
-570
1324
2350
2794
2867
2807
2802
2585
2818
4246
5406
3778
-1500
-8139
-11610
-9461
-4217
148
2109
2447
1781
-1117
-5675
-7296
-3407
2610
6190
6386
5665
6144
6338
4315
1527
60
-192
-744
-2211
-2957
-2103
-1662
-3307
-6078
-7823
-7034
-4330
-1700
206
1749
2739
2769
1811
968
1947
4673
6869
6743
4825
3000
1963
151
-3187
-6333
-7517
-6792
-5565
-4464
-2465
215
1202
-192
-1849
-1544
746
3288
5115
6246
6224
4484
1418
-1583
-2852
-2269
-1313
-609
143
392
-524
-2063
-3496
-4411
-4099
-2087
1056
3883
5138
4508
2695
735
-933
-2130
-2062
-200
2189
3426
3320
2286
492
-1598
-3077
-3024
-1442
308
1176
1615
2307
2898
2941
3013
3828
5092
5494
3792
112
-4255
-8158
-10240
-8552
-3379
1376
2321
662
-1019
-3411
-6658
-6955
-2276
4092
7987
8324
7112
6287
5035
2337
-170
-413
668
264
-1732
-2728
-2556
-3457
-5593
-7369
-7699
-6294
-3982
-1814
240
2180
3298
3290
2486
1691
1858
3350
5312
5903
4450
2373
650
-1423
-4060
-6058
-6436
-5512
-4574
-4066
-2682
-198
1076
-42
-1508
-1004
1054
2793
3992
5291
5934
4797
2060
-803
-2159
-1998
-1548
-1174
-726
-640
-1410
-2646
-3342
-3171
-2419
-929
1390
3493
4173
3385
2308
1959
1885
1389
665
197
68
-11
-160
-169
-79
-515
-1618
-2360
-1871
-478
1072
2509
3598
3977
3963
4454
5452
5281
2628
-1369
-5149
-8006
-8478
-5433
-537
2540
1817
-1077
-3860
-6108
-6914
-4621
155
4869
7072
6366
5016
4655
4350
3161
1824
1192
920
-1
-1656
-3070
-3911
-4635
-5451
-6101
-5877
-4417
-2579
-1327
-825
-635
154
1650
2921
3877
5100
6167
6010
4271
1775
-245
-1521
-2737
-4038
-4750
-4625
-4510
-5158
-5467
-4112
-2048
-800
9
1483
3171
3742
3290
2939
2593
1888
1577
1916
2234
2032
1241
74
-1269
-2719
-4033
-4759
-4311
-2642
-929
97
1121
2242
2455
1637
900
1219
2538
4032
4757
4069
2595
1468
681
-63
-539
-846
-1158
-1088
-695
-398
104
1211
2343
2681
2871
3683
3685
1625
-1539
-4669
-6359
-4607
-180
3258
3563
1658
-1185
-4859
-8055
-7632
-2697
3563
7117
6640
4338
2872
1897
328
-507
633
2575
3505
2750
897
-1333
-4064
-7299
-9725
-9328
-5807
-1388
1891
3277
2249
-504
-2862
-3461
-2015
1428
5687
8521
8666
6626
3307
-621
-4211
-6420
-6756
-5420
-3246
-1723
-1671
-2332
-3159
-4412
-5443
-4689
-1721
1921
4457
5471
4964
3176
1383
545
375
881
2335
3434
2608
291
-2203
-4391
-5747
-5295
-3496
-1755
-3
1861
2261
818
-598
-630
560
2238
3681
4648
5281
5186
3534
857
-787
-777
-460
-386
-21
665
1177
1190
899
1051
2195
3520
3212
650
-2831
-5752
-7034
-5243
-713
3018
3182
1093
-985
-3245
-5368
-4573
-31
4996
6917
5322
2777
1721
1819
1714
1795
2586
2731
1308
-380
-1348
-2278
-3612
-5001
-6020
-5824
-4029
-1776
-309
-23
-938
-2157
-2057
-303
2048
4487
6885
7907
6312
3182
516
-1112
-2276
-3347
-4162
-4358
-3843
-3146
-2893
-2853
-2585
-2654
-3341
-3300
-1285
1671
3217
2929
2502
2659
2510
1676
1194
1847
2667
2289
760
-1020
-2515
-3682
-4436
-4547
-3746
-1930
267
1625
1647
977
307
141
806
1849
2897
4080
4801
3921
1876
626
742
1016
818
368
-230
-623
-377
334
1319
2601
3434
2296
-805
-3974
-6171
-6647
-3908
884
3723
2785
81
-2203
-4178
-5687
-4632
-559
3856
5880
4898
2786
1561
934
590
1431
3018
3823
3454
2071
-542
-3905
-6567
-7552
-7065
-5395
-2799
-426
677
136
-1829
-3462
-3022
-1106
1352
4621
7996
9343
7534
3832
297
-2141
-3480
-4004
-4045
-3514
-2478
-2128
-3339
-4938
-5337
-4679
-3691
-1937
1153
4156
4858
3353
1517
601
743
1650
2883
4047
4679
3937
1584
-1237
-3326
-4517
-5016
-4776
-3675
-1939
-243
580
170
-790
-1108
-41
2223
4569
6140
6685
5753
3523
1403
445
461
839
1146
999
320
-189
227
1362
2027
954
-1753
-4629
-6820
-7370
-4156
2071
6140
4773
587
-2813
-5242
-6730
-4969
504
6072
8133
6175
2593
300
-445
-730
108
2354
3877
3210
1321
-800
-3446
-6206
-7507
-6731
-4459
-1589
680
1459
404
-2318
-4790
-4630
-1918
1596
4820
7266
8052
6375
3195
648
-665
-1452
-1998
-1970
-1056
-342
-1604
-4182
-5590
-5356
-4941
-4479
-2448
929
2920
2510
1666
1337
970
1167
2624
4600
5781
5399
3596
1205
-819
-2075
-2865
-3184
-2566
-1799
-1918
-2088
-1585
-1325
-1854
-2077
-895
1213
3128
4654
5782
5859
4876
3575
2477
1935
1737
1316
787
644
1097
1847
2169
1323
-1170
-5085
-8923
-10219
-7159
-734
4785
5559
2461
-996
-3999
-6924
-6961
-1776
5492
9567
8543
4754
1597
-254
-1721
-2109
-250
2778
4509
4029
2051
-1139
-5040
-7867
-8527
-7176
-4082
-356
1897
1186
-1974
-5069
-5680
-3704
-681
2428
5577
7844
7311
4206
1331
67
-559
-946
-528
474
673
-929
-3702
-5989
-6336
-4883
-3081
-1467
92
554
-621
-1646
-838
1301
3233
4367
5170
5590
4974
3309
1374
201
-65
-513
-1192
-1043
-620
-1237
-2497
-3056
-2578
-1927
-1555
-933
-7
776
1376
2223
3846
5582
6017
5332
4476
3475
2311
1240
853
1508
1811
325
-2382
-5450
-8697
-10397
-7542
-1084
2990
1523
-1707
-3353
-5002
-6854
-5079
1643
8805
11028
7852
3513
1356
662
-21
448
2687
3979
2280
-821
-3477
-5659
-7190
-7282
-5749
-3331
-1099
288
404
-1311
-4065
-5081
-2673
1357
4238
5698
6570
5775
2272
-1797
-3128
-1329
1068
1869
1116
96
-924
-2919
-5407
-5657
-2798
53
724
839
1378
576
-2143
-4214
-3270
-18
3185
4830
5066
4720
3706
1776
366
933
2221
2354
1686
1020
-81
-1729
-2791
-2332
-938
-98
-173
-62
493
475
-22
527
2412
3985
4386
4277
3879
3198
2690
2535
2947
3829
3620
1468
-1521
-5175
-8976
-9225
-4238
708
324
-2798
-3960
-4405
-6416
-7134
-3198
3599
7948
7012
3798
2728
3429
3329
3358
5108
6456
4874
1509
-1622
-4567
-7035
-7877
-7142
-5665
-4164
-3133
-2664
-3221
-5094
-6239
-4048
257
3197
4506
5876
6271
3873
473
-405
1686
3778
3478
1748
622
-522
-3351
-6186
-5724
-2548
-631
-1152
-1684
-1563
-2424
-3868
-3551
-1059
1926
3873
4267
3547
2514
1511
775
1224
3081
4510
3989
2375
846
-813
-2398
-2518
-803
1156
1707
768
-510
-1308
-1660
-1298
349
2595
3721
3379
2715
2328
2102
2325
3342
4292
3589
1415
-452
-2168
-5143
-7169
-4059
1894
3061
-1842
-5946
-6248
-6763
-8078
-5548
1455
6920
6200
1817
-505
590
2096
3043
5053
7347
6764
3360
160
-1974
-3834
-4866
-4428
-3648
-3549
-3870
-3869
-4372
-6784
-9151
-7573
-2155
2298
3441
3604
3909
2065
-1674
-2351
1976
6678
7071
4477
2193
-228
-3705
-5352
-2692
1339
2538
796
-1156
-2585
-4486
-6008
-5527
-3011
-222
1449
2333
2979
2861
1598
394
731
2643
4221
4240
3774
3309
1751
-484
-984
581
2038
1895
769
-193
-955
-1752
-2033
-834
1116
1441
0
-306
1639
3318
3600
4164
5241
4216
640
-1930
-2302
-3159
-4409
-2013
3092
3883
-1728
-7124
-7741
-7268
-7879
-5564
1165
6527
5325
67
-2993
-1683
1035
3529
6750
9658
8887
4194
-526
-3093
-4029
-3561
-1286
1044
496
-2745
-5558
-6874
-8620
-9822
-7201
-1502
2322
2089
593
-272
-1253
-2194
-838
3013
6236
6484
4601
2296
-173
-1917
-1587
369
2109
2454
1233
-946
-2807
-3780
-3863
-3021
-1539
-605
-848
-1170
-889
-366
389
1803
3237
3609
2896
1701
853
1139
2414
3551
4338
4893
4162
1648
-938
-1507
-298
1200
2249
2725
2237
375
-2011
-3121
-1908
866
3478
4303
2722
77
-2314
-4860
-6632
-4101
2348
5913
2783
-2389
-4439
-4960
-6306
-5814
-1019
4793
5870
1711
-2749
-3809
-2437
-459
2593
6226
7431
4910
1024
-2257
-4245
-3837
-929
2114
2551
448
-2395
-4828
-7105
-8623
-7050
-2376
1271
787
-1331
-2118
-2588
-3566
-2562
1497
4952
4896
2835
1295
161
-843
-341
2033
4394
4490
2240
-957
-3530
-4648
-4137
-1952
925
2526
1401
-1429
-3456
-3469
-2043
251
3136
5298
5258
3002
576
-239
290
1498
3235
4748
4763
3391
1768
484
-129
327
1490
2208
2185
1914
1292
327
-250
535
2541
3963
2719
-543
-2914
-4138
-5480
-5228
-1101
3444
2653
-2471
-6232
-6713
-6282
-5036
-1127
4058
6055
2905
-1616
-3125
-1772
288
3382
7203
8302
5113
496
-2481
-3793
-3491
-1387
941
1240
-1097
-4267
-6240
-6933
-7169
-5799
-2162
917
469
-2140
-3288
-2699
-2170
-1409
1111
4213
4618
1673
-1470
-2076
-1172
-169
1602
4010
4858
2829
-701
-3065
-2820
-1007
574
1233
1240
476
-1273
-2923
-2803
-975
745
1144
766
646
649
571
1195
2507
3126
2900
3090
3671
3856
3776
3827
3701
3381
3071
2265
1297
1004
1026
614
436
1518
2783
2011
-1261
-4555
-5946
-6248
-5901
-2893
2532
4686
242
-5926
-7947
-6607
-4690
-1717
2808
6115
4502
-1291
-5599
-4534
-406
3289
6461
8385
6327
1057
-2948
-4035
-3424
-1347
1623
3010
848
-3473
-6590
-6891
-6085
-5424
-3310
159
1215
-1852
-5269
-5299
-2877
-552
1358
3420
4260
2116
-1636
-3273
-1574
1097
2886
3954
4172
2477
-712
-3230
-3394
-1264
1500
2978
2412
322
-2194
-3729
-3368
-1300
1326
2926
2627
878
-907
-1562
-591
1832
4279
4890
3633
2112
1236
1238
2484
4550
6139
6395
5277
3240
1355
618
1052
2012
3123
4196
4196
2076
-1467
-4106
-5358
-6327
-5473
-779
4197
3175
-3018
-7604
-7809
-6496
-4703
-508
4697
6145
1735
-4332
-6063
-2746
1706
5251
8109
8483
4841
-344
-3179
-3123
-1458
1416
4038
3695
-495
-5394
-7412
-6693
-5810
-4859
-2112
510
-620
-4740
-6951
-5321
-2610
-670
1607
4243
4265
822
-2232
-1455
1344
2937
3769
5054
4985
1905
-1703
-2617
-1099
328
701
645
29
-1685
-3844
-4352
-2364
465
1989
1877
1006
-160
-1203
-1107
931
3468
4177
3215
2579
2598
2289
2181
3126
4131
4015
3446
3266
3105
2461
1672
1422
1991
3024
3469
2638
909
-1173
-3541
-5438
-4666
-649
2790
1362
-3706
-7422
-8044
-7457
-5708
-1527
2804
2974
-1169
-5207
-5430
-2047
2255
5785
8134
8042
4856
1013
-570
-9
1063
2351
3578
2810
-973
-5344
-7217
-6831
-6199
-5440
-3515
-1943
-3366
-6515
-7686
-5805
-2946
-677
1182
2403
1914
-112
-1358
-52
2803
4933
5373
4782
3625
1714
-194
-688
175
944
765
78
-853
-2413
-4115
-4431
-3051
-1394
-378
71
108
-324
-923
-671
951
2856
3537
2939
2332
2336
2445
2573
3073
3758
4067
3843
3321
2825
2394
1816
1378
1703
2750
3461
2886
1089
-1063
-3299
-5524
-5699
-2083
2172
1558
-3451
-7260
-7598
-6903
-5951
-2688
1548
2400
-1143
-5115
-5466
-2379
1577
4870
7002
6515
3182
-9
-373
1475
3624
5480
6165
4013
-782
-5234
-6598
-5445
-4041
-2888
-1493
-1269
-3805
-7273
-8415
-6575
-3473
-845
696
1275
840
-648
-1811
-673
2303
4259
4157
3890
4227
3714
2375
2086
2930
3197
2421
1503
745
-293
-1437
-2024
-2018
-1848
-1739
-1745
-1891
-1969
-1750
-1372
-928
-7
1173
1645
1678
2427
3776
4701
4911
4745
4433
4450
4925
5304
5164
4505
3617
2742
2414
2545
1970
269
-1737
-3604
-5428
-5538
-2359
1225
367
-4538
-7961
-7595
-6285
-5143
-2074
1865
2321
-1630
-5653
-5629
-2186
1688
4181
5111
4205
1518
-898
-860
1334
3607
4935
5045
3331
111
-2701
-3302
-2281
-1564
-1667
-1924
-2844
-5206
-7740
-8084
-6028
-3667
-2331
-1829
-1732
-2095
-2424
-1694
396
2864
3962
3541
3020
3443
4181
4337
4556
4856
4102
2377
1131
932
1167
1278
789
-470
-1916
-2672
-2506
-1985
-1591
-1420
-1467
-1452
-1309
-1168
-729
439
1968
2764
2667
2771
3523
3971
3773
3980
4934
5453
4793
3758
3523
4113
4389
3662
2096
272
-1656
-3906
-4949
-3024
86
-80
-4245
-8033
-8647
-7616
-6543
-4403
-1382
-472
-2972
-6067
-6144
-2768
1730
4978
5877
4261
1176
-1098
-777
1702
4334
5923
5805
3253
-902
-3898
-3727
-1621
-146
-46
-563
-1893
-4781
-7643
-7849
-5442
-2904
-1837
-2030
-3132
-4489
-4987
-3884
-1505
1131
2858
2760
1710
1683
2951
4057
4799
5671
5794
4607
3192
2710
2853
3153
3070
1906
185
-1002
-1343
-1516
-1748
-1776
-1735
-2007
-2466
-2321
-1508
-511
381
1089
1521
1645
1853
2551
3748
4920
5612
5687
5105
4172
3587
3769
4411
4839
4301
2398
-231
-2610
-3925
-2989
-94
1329
-1645
-6589
-9065
-8713
-7603
-5652
-2393
-551
-2551
-6910
-9596
-7974
-3136
1924
5046
5549
3228
-540
-2604
-1249
2203
5638
7802
7230
3587
-732
-2898
-2330
-660
359
286
-670
-2720
-5526
-7117
-6040
-3753
-2634
-3170
-4356
-5244
-5292
-4236
-2343
-174
1313
1225
285
297
1626
3081
4194
5252
5474
4282
3191
3330
3802
3925
3968
3686
2611
1302
542
387
362
118
-176
-472
-1015
-1695
-1963
-1635
-881
29
510
169
-181
438
1542
2400
3353
4527
4774
3695
2835
3467
4894
5952
6405
5765
3467
215
-2346
-2808
-554
2777
3099
-1052
-6142
-8778
-9141
-8091
-5350
-2066
-1058
-3521
-7825
-10539
-8861
-3601
1610
4154
3813
1240
-1922
-3119
-1311
2306
5970
7910
6338
1930
-1847
-2573
-711
1625
2540
1642
-359
-3045
-5817
-6584
-4235
-1243
-532
-2079
-4637
-7170
-7667
-5140
-1928
-66
833
538
-1357
-2530
-604
2658
4481
5085
5242
4345
2778
2395
3601
4983
5351
4620
3543
2695
2007
1400
1191
1312
1024
56
-935
-1247
-898
-376
-112
-4
33
-369
-932
-482
1117
2475
2951
3187
3173
2467
1794
2357
3975
5410
6001
5361
3437
1236
-328
-1444
-1234
1652
4534
2864
-2624
-6633
-7273
-6945
-6433
-4297
-1459
-1483
-5446
-9980
-10644
-6702
-1674
1462
2398
1155
-1883
-4328
-3530
393
4928
7660
6923
2823
-1774
-3371
-803
3279
5039
3675
1293
-1253
-4662
-6854
-4793
-413
1315
-847
-4091
-6315
-7293
-6587
-4014
-964
470
-567
-2759
-3736
-2127
919
3208
3887
3650
3057
2003
1399
2393
4247
5193
4778
3829
2940
2290
1972
2309
2908
2805
1932
975
311
-159
-339
-94
370
527
147
-546
-1047
-773
255
1276
1768
1998
1904
1230
649
1434
3381
4860
5139
4333
2812
1268
15
-945
-412
2357
4563
2458
-2897
-6525
-6704
-5718
-4815
-2961
-867
-1696
-6179
-10813
-11033
-6331
-657
2376
2363
262
-3151
-5527
-4143
566
5277
7064
5122
937
-2360
-2488
227
3329
4360
2835
343
-1870
-3691
-4025
-1808
1056
1282
-1181
-3617
-4630
-4893
-4672
-3413
-1365
33
-763
-2881
-3479
-1627
344
954
1769
3301
3445
1562
312
1432
3362
4321
4496
4426
3814
2658
1809
2034
3017
3652
3092
1809
912
516
208
302
1281
2100
1397
-293
-1024
-211
788
1324
1914
2468
1723
-53
-469
1479
3815
4586
4215
3357
2003
491
-520
-935
-102
2739
5035
3019
-2375
-6087
-6027
-4583
-3563
-2071
-65
-450
-5041
-10679
-11623
-6630
-610
1975
1375
-768
-3893
-6105
-4732
-179
4192
5785
4203
729
-2199
-2330
537
3766
4553
2664
203
-1281
-2129
-2506
-1536
554
1476
-273
-3253
-4813
-4508
-3664
-2792
-1410
-10
-421
-2694
-4174
-2782
-107
1270
1769
2632
2549
517
-1002
293
3103
4693
4419
3412
2499
1751
1232
1776
3511
4603
3417
1180
229
645
1024
1258
2096
2590
1453
-420
-1105
-224
898
1289
1233
1192
733
-210
-361
1175
3200
3900
3113
1814
757
102
-386
-800
-36
2453
4153
2174
-2319
-5250
-5056
-3704
-2858
-1913
-689
-1264
-4998
-9309
-9526
-4866
158
1581
65
-2236
-4684
-6172
-4667
-346
3715
4853
2729
-898
-3089
-2132
1029
3895
4663
3282
830
-1427
-2629
-2313
-448
1903
2703
714
-2780
-4945
-4623
-3172
-1836
-364
694
-384
-3314
-4908
-2913
616
2310
1981
1496
1026
-171
-904
586
3359
4829
4116
2363
1209
1304
2072
2801
3531
4043
3246
1208
-64
656
1970
2416
2429
2408
1727
351
-512
2
1176
1616
1048
533
489
246
7
772
2209
2954
2404
1129
211
258
481
-283
-794
900
3353
2830
-1212
-4656
-4538
-2790
-2107
-1911
-987
-790
-3454
-7701
-9162
-5644
-349
1872
294
-2374
-4546
-5822
-4933
-1382
2568
4044
2457
-667
-2873
-2359
445
3312
4375
3268
785
-1381
-1747
-482
1133
2187
2229
794
-1818
-3938
-3997
-2108
49
863
57
-1572
-3117
-3704
-2391
221
2053
1988
716
-523
-1026
-484
1085
2875
3839
3591
2480
1359
1153
2149
3435
3931
3625
2932
2139
1592
1560
1954
2488
2889
2788
2032
950
288
274
559
986
1363
1207
270
-867
-1414
-789
694
1851
1860
1124
535
-3
-1071
-2300
-1842
1288
4632
4039
-821
-4956
-4905
-2935
-2111
-1612
27
689
-2427
-7817
-10132
-6462
-274
2519
510
-2755
-4689
-5594
-5237
-2387
1854
4187
2732
-1012
-3778
-3433
-552
2437
3754
3210
1230
-1162
-2206
-1303
358
1765
2578
1967
-471
-2949
-3167
-1358
375
743
108
-886
-2323
-3677
-3204
-508
1839
1542
-224
-1256
-1372
-1065
170
2267
3730
3600
2268
887
800
2335
3955
4251
3815
3213
2108
976
914
1924
2928
3332
3055
1973
450
-543
-325
789
2031
2433
1617
233
-1022
-1549
-773
1260
2866
2386
452
-972
-921
-581
-1331
-2207
-775
2502
3400
-19
-3843
-4120
-2177
-1222
-1396
-865
71
-761
-3984
-7101
-6769
-2835
1037
1548
-905
-3791
-5397
-5135
-3078
-487
1280
1738
689
-1313
-2597
-1726
799
3058
3616
2271
283
-729
-143
1072
1645
1611
1235
589
-445
-1656
-1875
-402
1319
1090
-946
-2556
-2300
-967
-8
493
716
287
-641
-1435
-1461
-458
1225
2349
2042
1038
514
825
1545
2438
3425
4007
3724
2652
1433
1134
2043
3123
3536
3299
2533
1212
-205
-746
-73
1196
1819
936
-964
-2508
-2542
-1201
453
1308
710
-814
-1665
-1149
152
1570
2017
605
-2191
-4065
-2544
1605
4286
2456
-2177
-5139
-4509
-2618
-1584
-772
194
-224
-3070
-6318
-6678
-3469
491
1727
-306
-3097
-4441
-4301
-3328
-1516
763
1975
1245
-538
-1768
-1502
-192
1232
2488
3489
3421
1713
-303
-922
141
1842
3177
3485
2252
81
-2096
-2494
-1677
129
2627
1827
-948
-2742
-2818
-1620
-11
1048
1275
835
-844
-1509
-883
932
2682
3190
2373
694
817
1940
3457
3518
2767
3130
2372
1229
1422
2508
2827
2634
1578
97
-441
-568
303
643
-15
-793
-1380
-1356
-983
-681
-1074
-905
-534
-610
-617
-802
-505
539
1297
813
-102
-1221
-2149
-1501
365
1907
1802
-275
-3047
-3812
-2580
-1156
-91
100
-244
-1597
-4118
-5383
-4182
-1358
808
283
-1649
-3072
-3463
-3047
-1755
329
1891
2095
606
-1070
-833
559
1632
2295
2747
3008
2342
655
-183
357
1474
2417
2292
1220
164
-471
-926
-865
-219
324
448
-79
-999
-1424
-1051
-277
342
256
-273
-324
29
462
848
1051
1468
1865
1610
1208
1446
2095
2463
2403
1999
1481
1095
736
617
738
994
1359
929
-506
-1561
-1574
-839
-148
-376
-896
-1019
-1150
-1708
-1925
-1054
193
617
-250
-1139
-932
-260
87
223
472
647
77
-1256
-2207
-1730
-100
1426
1697
333
-1784
-3136
-2733
-1010
633
1022
-46
-1439
-2449
-3131
-2996
-1495
564
1600
998
-928
-2918
-3246
-1315
1598
3364
2778
795
-622
-672
419
1557
2386
3234
2984
1452
-177
-791
74
1468
2138
1392
-72
-1199
-1604
-1094
-318
46
36
-201
-559
-915
-892
-198
474
437
201
164
460
1013
683
123
450
863
1055
942
540
318
594
418
61
255
474
586
-83
-794
-617
162
386
-194
-1015
-1692
-1382
-947
-721
-519
-573
-1094
-1716
-1690
-1082
-91
221
-480
-1253
-1226
-698
-314
-82
-2
114
-12
-163
-220
-275
-291
-678
-1017
-594
499
1214
790
-561
-1636
-1727
-885
660
1764
1693
522
-776
-1345
-711
726
1697
2199
2014
757
-637
-1243
-490
1466
3058
3018
1473
-385
-1110
-226
1222
1989
1909
1294
441
-385
-853
-565
233
817
888
367
-492
-1002
-810
-242
230
284
202
389
518
414
213
37
83
341
579
590
328
-62
-418
-434
-22
213
-142
-661
-729
-569
-451
-425
-625
-766
-836
-961
-969
-710
-367
-316
-595
-921
-1035
-799
-393
-214
-348
-712
-965
-971
-772
-253
65
-179
-674
-915
-635
-91
164
-166
-414
-154
210
296
5
-124
120
160
-90
-88
564
1565
2030
1522
625
269
653
1478
2119
2102
1682
1163
724
466
629
1270
1796
1549
730
104
-85
-11
72
82
176
303
111
-327
-508
-399
-244
-209
-178
-68
-4
80
25
-284
-431
-136
260
508
460
-76
-487
-243
176
283
201
-14
-275
-514
-900
-898
-306
7
-350
-1054
-1385
-996
-682
-831
-996
-970
-913
-1175
-1473
-1223
-578
-345
-723
-980
-794
-507
-572
-961
-1045
-556
40
133
-372
-926
-1063
-806
-364
13
13
-352
-831
-954
-526
-76
143
62
-151
-186
-187
-212
-32
508
870
775
620
687
1095
1398
1196
1016
1359
1860
2094
2030
1792
1645
1513
1356
1288
1342
1551
1602
1246
548
98
182
383
357
-103
-540
-500
-320
-392
-631
-844
-895
-771
-622
-273
267
513
153
-616
-1037
-719
111
817
826
219
-475
-685
-593
-395
-53
215
161
-360
-1150
-1556
-1089
-400
-176
-420
-992
-1498
-1657
-1488
-1174
-791
-539
-775
-1259
-1510
-1342
-1017
-811
-647
-568
-560
-553
-718
-907
-760
-333
-60
-197
-462
-619
-520
-289
-205
-107
-53
-267
-589
-585
-133
376
488
326
207
146
275
605
973
1112
1021
892
835
1076
1575
1992
1867
1264
921
1183
1669
1826
1611
1435
1484
1427
1111
820
882
1066
1110
1074
758
348
106
56
31
-87
-65
161
333
111
-393
-760
-643
-193
209
254
-78
-271
-260
-273
-276
-161
39
174
72
-182
-230
-75
-44
-183
-276
-316
-316
-394
-515
-558
-741
-1006
-1102
-969
-682
-502
-816
-1278
-1329
-1095
-768
-543
-557
-690
-786
-805
-662
-435
-387
-510
-560
-390
-173
-269
-555
-548
-366
-286
-206
-162
-137
-24
-9
-155
-172
124
591
783
475
122
139
537
1005
1187
1250
1279
1035
600
568
1095
1557
1560
1179
773
622
737
1038
1315
1343
1064
696
445
381
566
784
789
482
-61
-442
-327
54
198
-12
-273
-334
-287
-211
-106
-22
162
302
161
-46
-103
108
485
657
411
-57
-289
-249
-255
-287
-163
6
-50
-450
-937
-1121
-923
-600
-408
-349
-383
-567
-835
-915
-738
-505
-404
-401
-482
-664
-831
-919
-790
-472
-197
-233
-585
-827
-803
-569
-257
-76
-95
-212
-319
-428
-425
-205
141
361
287
-22
-358
-465
-294
89
477
648
538
222
20
110
369
689
944
1096
1114
804
241
-98
185
891
1357
1151
537
112
39
70
241
636
892
747
179
-445
-524
-104
332
486
301
-191
-662
-738
-545
-351
-181
-93
-290
-660
-946
-864
-377
47
64
-236
-433
-416
-392
-347
-238
-2
182
65
-309
-657
-695
-528
-231
50
82
-126
-456
-725
-694
-453
-222
21
129
-16
-426
-827
-799
-320
254
394
-30
-536
-613
-311
-44
-53
-109
-68
-88
-191
-273
-68
335
501
299
-44
-109
185
468
568
577
513
396
304
282
376
634
777
571
369
363
444
507
438
300
284
502
752
625
239
98
197
337
479
513
400
213
-52
-250
-151
73
142
5
-256
-494
-509
-422
-394
-253
-134
-205
-398
-611
-605
-448
-281
-164
-199
-286
-478
-674
-650
-457
-201
-118
-175
-290
-577
-894
-991
-706
-114
269
191
-226
-693
-842
-704
-292
231
412
149
-293
-680
-794
-428
171
580
560
129
-369
-478
-93
355
586
615
532
358
48
-86
198
736
1066
833
390
208
366
652
840
910
851
677
504
529
780
1057
1157
1004
755
570
528
573
697
808
846
879
762
454
170
217
470
611
623
531
417
256
13
-87
100
400
513
293
-100
-496
-730
-551
-123
186
112
-436
-1023
-1178
-904
-484
-166
-86
-351
-840
-1191
-1144
-718
-170
55
-271
-771
-1061
-1049
-812
-577
-435
-394
-432
-600
-814
-788
-587
-365
-221
-227
-311
-359
-383
-393
-264
-64
104
83
-97
-284
-380
-217
71
234
149
-33
-152
-160
-88
5
152
202
137
62
69
258
513
547
371
234
257
435
588
730
805
675
419
250
326
543
715
678
487
318
285
364
435
448
417
397
364
302
277
369
455
435
298
82
62
242
371
328
147
-7
-101
-199
-239
-177
-1
129
-47
-378
-587
-579
-474
-393
-304
-305
-476
-754
-935
-830
-569
-409
-437
-636
-864
-969
-1013
-870
-568
-354
-392
-659
-836
-832
-612
-370
-319
-305
-338
-384
-411
-393
-291
-155
-53
-52
-151
-306
-285
-119
1
16
-13
47
93
93
26
-55
22
159
233
253
311
381
373
280
141
211
508
701
562
350
345
429
505
550
579
549
417
264
254
363
436
475
395
252
212
211
157
100
147
299
359
188
-53
-115
100
354
357
260
148
-32
-147
-107
52
196
180
-36
-302
-427
-337
-161
-48
14
-76
-400
-709
-726
-510
-205
-23
-152
-522
-860
-897
-620
-186
93
-79
-424
-575
-735
-726
-336
73
333
320
32
-285
-350
-138
14
160
397
393
149
-51
-131
-20
190
295
374
404
292
151
126
241
421
506
424
313
294
418
549
529
384
263
324
464
498
464
515
586
540
375
244
315
467
517
398
194
81
25
-10
130
344
358
132
-210
-367
-192
71
159
93
21
-2
-33
-106
-83
61
178
119
-143
-360
-331
-125
11
-91
-284
-375
-356
-275
-198
-198
-300
-442
-476
-406
-315
-259
-304
-409
-490
-565
-540
-352
-175
-142
-372
-654
-682
-478
-213
-46
-47
-224
-431
-475
-255
-8
8
-20
44
31
-113
-166
-22
181
251
186
108
109
204
252
301
381
396
410
438
454
489
517
514
494
472
494
527
532
512
402
371
517
576
507
402
320
349
407
406
382
289
129
59
179
338
300
96
-121
-205
-160
-47
65
78
21
-143
-306
-304
-177
10
147
47
-208
-360
-250
14
74
-68
-236
-302
-279
-273
-212
-166
-192
-304
-512
-598
-450
-305
-301
-369
-467
-515
-537
-541
-432
-336
-356
-393
-383
-370
-394
-385
-305
-222
-232
-276
-303
-332
-309
-242
-188
-159
-175
-195
-142
-126
-173
-176
-81
141
297
233
70
-31
18
118
133
188
373
472
345
58
-97
104
448
573
393
173
122
211
345
399
382
378
295
179
148
187
260
227
78
-31
-27
29
93
67
-85
-184
-231
-220
-145
-25
97
103
23
-111
-157
-43
81
86
23
17
39
43
-37
-105
-79
-27
28
-50
-165
-223
-291
-326
-307
-254
-164
-69
-125
-350
-577
-599
-386
-129
10
-108
-376
-472
-368
-211
-99
-74
-66
-101
-209
-256
-134
49
144
78
-12
-26
-30
4
26
2
-35
-11
84
149
169
101
6
4
89
185
269
356
384
311
202
158
260
429
456
379
261
142
161
249
322
364
299
176
122
165
239
250
165
107
148
223
201
42
-94
-126
-73
-13
-28
-59
-69
-115
-206
-233
-95
155
239
109
-39
-67
108
394
511
364
145
-25
28
256
345
218
3
-107
-116
-55
45
67
-4
-173
-366
-371
-147
76
162
65
-141
-301
-328
-143
55
78
-2
-81
-138
-159
-112
-29
88
100
24
0
31
118
115
47
73
161
256
291
244
166
73
55
124
129
103
129
153
164
103
-9
-24
88
219
237
144
46
61
154
215
224
220
247
212
88
-31
-100
-50
5
-47
-108
-147
-153
-216
-362
-453
-393
-213
-89
-133
-281
-383
-372
-286
-155
2
57
-119
-322
-356
-222
54
242
213
31
-131
-153
4
258
353
309
129
-89
-142
-23
160
209
77
-166
-362
-415
-306
-138
-109
-164
-225
-300
-349
-310
-225
-86
26
-31
-124
-161
-139
-93
-83
-95
-80
-14
46
0
-99
-143
-127
-62
28
124
141
38
-99
-167
-99
60
185
212
130
-106
-327
-300
-66
214
283
63
-165
-238
-180
-22
127
188
146
17
-119
-167
-46
168
252
127
-127
-281
-216
-122
-135
-189
-269
-336
-349
-325
-274
-244
-220
-217
-240
-227
-184
-103
-62
-61
2
140
231
189
93
-19
-12
163
316
352
226
30
-32
42
201
386
383
224
35
-110
-24
193
358
371
173
-3
-70
-53
83
207
262
207
70
-22
8
147
228
205
210
266
282
237
162
138
225
282
279
276
268
217
112
66
168
332
325
183
64
14
49
112
187
213
125
14
-14
27
132
177
125
71
13
39
100
79
51
40
3
-39
-58
-49
-33
-75
-189
-283
-306
-278
-222
-181
-188
-274
-367
-342
-250
-161
-157
-267
-347
-331
-263
-215
-135
-38
-97
-219
-242
-197
-98
-3
16
11
-29
-77
-68
-32
45
76
-9
-53
-82
-133
-92
-36
15
31
-37
-25
8
-13
26
74
130
187
165
73
30
84
152
218
260
284
228
152
151
152
203
270
247
137
55
55
122
234
265
155
11
-39
-1
75
146
167
125
-25
-145
-111
-7
115
124
-22
-160
-177
-118
-56
16
34
4
-70
-200
-257
-173
-31
-6
-116
-245
-341
-300
-221
-158
-87
-134
-308
-389
-310
-240
-196
-184
-161
-127
-150
-174
-159
-74
-29
-112
-181
-168
-135
-101
-118
-166
-194
-199
-139
-66
-50
-89
-123
-136
-135
-145
-177
-86
86
110
-23
-97
-27
24
32
89
161
223
250
177
115
129
212
317
339
379
331
191
175
236
334
377
313
291
223
142
156
188
239
279
271
154
83
80
66
91
95
44
-9
42
36
-34
-73
-62
-7
5
19
-32
-51
-44
-95
-102
-127
-129
-53
-50
-66
-87
-161
-198
-216
-129
-47
-53
-68
-131
-138
-172
-122
-6
49
8
32
125
-457
-1346
-1506
-296
931
822
-18
-593
-283
-28
42
-152
-48
275
-72
-620
-1109
-581
108
448
552
494
481
13
-321
-542
-391
-117
275
499
218
113
70
289
307
132
72
400
685
226
-280
-306
186
367
227
329
770
416
-842
-1317
-544
572
580
70
25
694
817
-143
-340
444
1116
767
182
-169
-131
86
192
724
688
330
78
306
275
-803
-1260
-742
258
66
-788
-686
23
202
-549
-722
-195
544
299
-471
-459
-77
42
-451
-231
369
518
258
-308
-482
-344
-121
6
71
206
292
127
-19
-31
-95
-22
-3
178
246
-88
-218
-292
-298
-187
-2
256
240
-77
-199
-222
-232
-265
-261
276
428
225
38
-77
202
243
167
145
408
549
110
-151
144
505
406
276
274
470
373
62
158
237
288
54
4
396
533
407
25
-139
157
326
278
167
78
100
-68
-145
163
334
379
194
-7
65
67
181
184
-37
-130
-207
-188
-133
-130
-119
-305
-352
-229
-298
-309
-384
-412
-317
-347
-290
-241
-202
-195
-316
-346
-300
-208
-101
-69
-54
-74
-216
-359
-378
-236
-67
-83
-96
-205
-575
-684
-453
-162
-66
-206
-250
-415
-646
-584
-418
-233
-57
4
-113
-387
-493
-461
-371
-59
159
161
-23
-163
-87
-96
-169
-63
177
343
205
-139
-234
-121
14
14
43
201
148
45
-66
-62
146
268
237
246
419
374
107
95
299
404
311
253
291
266
118
-89
-58
225
463
443
177
-106
-247
-167
0
140
162
52
-14
-93
-228
-295
-136
131
265
180
4
-111
-209
-202
-138
-18
195
286
188
24
-55
-39
79
238
320
309
163
-52
-85
44
96
107
200
220
-14
-205
-161
3
86
39
75
93
50
-53
-90
30
186
203
139
248
274
54
-175
-64
196
250
178
61
5
-11
-58
-128
-73
92
245
217
-4
-83
-143
-175
-31
186
311
189
28
-11
20
37
65
78
90
97
100
111
66
56
-17
-38
64
113
119
20
-13
10
-122
-237
-195
-92
-20
-16
-47
-83
-157
-218
-202
-151
-27
73
-5
-113
-153
-116
-76
-84
-53
-24
44
53
-83
-196
-167
-4
103
90
54
16
-50
-128
-139
-26
88
39
-108
-152
-77
-15
1
-2
-15
59
185
166
88
22
-7
36
84
121
60
74
220
230
163
154
205
150
-32
-83
20
169
162
-69
-221
-177
-156
-127
-17
65
122
81
-112
-323
-346
-224
-63
113
33
-115
-117
-179
-224
-174
20
183
53
-183
-245
-119
-15
-51
-139
-254
-247
-104
-130
-259
-207
-90
-73
-61
-119
-219
-208
-209
-288
-284
-185
-135
-144
-263
-367
-259
-147
-122
-113
-140
-146
-95
-106
-237
-256
-65
83
26
-79
-173
-83
-9
-202
-188
-86
-91
-104
-138
-95
9
79
-17
-148
-113
-41
-33
-15
-20
-15
73
132
188
195
159
166
200
209
128
86
66
87
174
184
176
128
-21
-59
67
193
193
74
-11
-76
-79
-30
-15
58
126
65
-28
-72
-127
-59
58
81
124
133
150
157
131
187
174
137
147
124
128
85
58
118
136
149
106
97
218
210
81
1
20
164
259
227
185
113
136
209
215
323
346
325
295
218
231
188
249
397
408
384
338
258
145
76
120
308
387
252
78
-83
-49
31
93
94
87
167
10
-169
-155
-57
126
265
218
64
13
85
100
85
148
196
205
114
-33
1
114
139
29
-69
17
47
-21
-58
-75
-102
-191
-290
-283
-178
-120
-156
-256
-340
-376
-378
-293
-244
-294
-282
-245
-279
-371
-415
-350
-264
-247
-327
-363
-310
-284
-359
-449
-404
-226
-103
-225
-372
-338
-342
-383
-317
-248
-219
-217
-241
-211
-211
-174
-53
-76
-53
40
51
62
76
124
123
108
138
165
162
87
138
220
149
106
20
-3
108
172
222
187
108
122
88
115
160
141
204
179
99
62
133
330
368
268
241
193
228
359
269
197
280
278
247
142
91
182
234
252
153
85
164
199
84
-66
-56
81
148
39
-96
-103
-33
-57
-96
-92
-60
-106
-225
-174
-189
-217
-181
-200
-129
-168
-249
-220
-265
-304
-289
-294
-213
-148
-231
-304
-356
-317
-281
-289
-241
-182
-145
-228
-284
-234
-203
-190
-72
62
39
-65
-150
-133
-80
9
55
64
122
51
4
-54
-80
71
88
105
142
63
1
-15
10
54
101
138
157
162
70
-21
40
118
113
89
97
128
132
66
37
70
105
148
153
188
244
160
3
-53
-5
81
133
114
108
86
40
52
28
19
110
152
77
35
56
36
31
23
33
-14
-79
4
28
-7
-2
-11
12
32
19
-26
-25
18
18
1
-51
-119
-82
-22
-14
-30
-65
-31
-22
-77
-134
-121
-64
-94
-80
-68
-128
-147
-117
-44
10
-34
-86
-82
-64
22
102
87
93
42
-63
-125
-56
100
116
71
29
-44
-77
-16
66
77
70
63
8
-34
-8
11
71
119
66
58
56
9
23
19
92
163
106
113
114
129
119
83
85
58
69
-3
-8
116
109
-13
-90
-37
28
53
54
81
62
-75
-139
-105
-40
-22
-53
-22
-45
-88
-77
-74
4
36
-38
-44
-10
32
15
-14
21
13
-15
-39
-25
-29
-62
-104
-163
-170
-175
-103
10
35
4
-104
-171
-93
-48
-53
17
42
5
-51
-115
-54
57
77
43
39
30
-4
-4
3
36
96
54
26
45
-16
-33
9
42
92
124
47
-80
-39
66
86
47
49
98
71
88
134
126
90
66
95
154
241
276
260
175
65
86
139
170
132
66
73
16
-62
-110
-139
-49
6
25
34
-29
-33
-100
-161
-123
-98
-32
27
4
-66
-118
-186
-241
-188
-59
44
41
-12
-120
-216
-221
-159
-32
-34
-87
-101
-138
-121
-112
-122
-137
-161
-161
-137
-117
-75
-92
-178
-181
-147
-81
-86
-114
-87
-107
-103
-70
-41
-50
-16
45
-19
-92
-91
-100
-93
-69
-69
-96
-121
-94
-86
-117
-118
-55
-14
-58
-52
-72
-109
-66
-11
76
73
44
33
15
101
97
89
90
59
140
150
164
217
184
140
118
110
109
141
149
124
112
123
112
68
50
38
63
101
117
143
94
28
48
13
-2
61
62
16
-23
-7
6
6
-4
-29
-5
8
12
14
-19
12
70
19
-36
-35
-37
-33
-41
-23
1
27
5
-71
-55
-55
-78
-73
-69
-17
27
-3
-43
-65
-114
-41
50
-25
-74
-25
-32
-36
0
21
84
64
-16
-48
-15
31
-12
-14
-9
-15
15
-1
59
130
85
110
109
13
25
87
160
169
127
101
30
27
67
52
29
21
67
115
69
58
86
16
-16
-35
-26
71
66
15
-37
-32
20
5
-67
-91
-18
-23
-59
-27
-12
-72
-120
-110
-65
3
-28
-76
-93
-104
-112
-109
-73
-89
-124
-108
-94
-88
-76
-81
-23
-20
-71
-29
-95
-147
-59
-10
-8
-27
-52
-65
-30
-12
-41
1
62
32
3
1
-30
21
64
69
81
66
80
32
1
72
107
108
124
99
78
101
68
5
19
94
90
62
64
71
113
162
162
69
112
197
136
162
219
207
188
144
92
110
187
223
202
154
59
0
76
183
239
189
98
55
33
38
24
56
105
28
-76
-53
-19
-28
-22
-74
-80
-22
-28
-32
-78
-109
-59
-58
-67
-87
-140
-153
-103
-105
-186
-171
-160
-152
-126
-196
-161
-123
-170
-139
-102
-111
-163
-199
-183
-196
-157
-79
-81
-76
-120
-184
-91
-38
-57
-20
-37
-80
-107
-121
-103
-35
12
-11
-54
-93
-56
-9
-28
-51
-31
-3
-11
6
17
-2
43
63
14
51
81
53
53
47
50
76
106
88
54
83
105
116
146
144
135
147
97
55
69
24
26
61
57
87
63
19
63
79
49
64
44
-3
14
51
58
57
31
2
21
2
-24
-8
-28
-25
-1
-23
-43
-20
18
4
0
61
41
-15
-41
-78
-47
-29
-56
-26
-22
-92
-97
-45
8
57
1
-28
-53
-115
-70
1
17
8
22
-6
-60
-29
-21
5
70
-12
-91
-70
-46
20
39
-16
-36
0
15
3
-1
-45
-33
17
3
-1
16
26
15
39
59
14
54
111
65
4
-22
54
72
-3
-10
10
-27
-79
19
47
-9
21
-62
-98
-47
-60
-39
-36
-46
-45
-44
-71
-116
-112
-60
-25
-56
-96
-107
-28
1
-41
-19
-23
-3
-15
-58
-30
-51
-65
-46
-31
-10
-29
-101
-118
-46
-20
16
24
5
25
39
22
-61
-30
39
35
56
52
42
58
45
-17
-12
22
19
61
80
66
73
56
65
117
140
114
60
90
120
69
86
82
81
85
40
72
139
190
154
113
99
44
75
103
104
134
81
48
59
40
68
46
56
105
50
-6
-60
-48
28
89
91
47
12
-2
-43
-107
-43
-5
-26
13
-17
-65
-45
-18
-11
9
-29
-38
15
-18
-71
-61
-58
-104
-120
-112
-71
-62
-98
-84
-86
-61
-55
-69
-87
-108
-97
-128
-88
-42
-83
-101
-135
-191
-130
-52
-73
-65
-81
-81
-77
-114
-89
-21
-18
-45
-48
-106
-48
-7
-28
-11
-82
-60
-8
-19
-27
-42
-69
-61
-3
-20
-31
-9
-10
30
20
-54
-57
-30
4
20
27
79
50
20
25
-4
-32
-1
42
50
19
-25
50
51
6
24
14
70
93
37
9
-3
13
101
81
-4
-1
-18
22
66
104
119
28
34
22
-12
35
44
112
164
92
37
23
-7
22
48
13
26
61
78
31
-49
11
80
39
14
-12
-20
25
-1
-36
5
-8
-6
-21
-61
-11
-28
-53
-21
-16
4
7
-43
-43
-52
-72
-4
-46
-88
-75
-120
-84
-53
-67
-64
-90
-83
-69
-77
-36
-55
-100
-101
-124
-125
-118
-102
-87
-101
-109
-121
-119
-107
-103
-79
-39
-34
-51
-79
-86
-89
-92
-58
-89
-99
-56
-68
-92
-110
-94
-37
-2
27
-6
-65
-65
-44
30
19
-16
-16
-62
-54
-14
1
-7
30
28
9
6
-15
78
88
49
33
-38
38
81
37
95
103
44
85
51
-36
50
104
86
93
100
102
94
52
38
85
76
104
96
35
39
65
103
108
84
40
41
77
66
77
81
68
88
62
28
63
67
40
76
89
50
82
76
20
61
82
59
50
10
8
45
23
4
24
70
83
31
40
59
67
80
66
78
89
97
55
-8
10
84
77
30
63
46
29
71
105
118
55
29
69
45
70
97
73
116
94
90
114
60
41
81
109
76
70
77
97
132
81
25
45
67
64
60
55
74
93
70
8
0
12
52
68
6
-17
-22
-11
-41
-62
-1
20
2
-38
-95
-99
-85
-76
-28
-27
-26
-55
-128
-105
-107
-134
-102
-49
-59
-118
-152
-131
-98
-117
-110
-93
-71
-75
-75
-58
-91
-93
-80
-69
-114
-138
-70
-52
-83
-100
-96
-92
-66
-38
-66
-68
-45
-66
-66
-76
-69
-37
-14
17
0
-48
-58
-21
-18
7
9
-35
13
50
60
59
58
61
58
64
14
28
67
85
106
64
73
117
91
66
71
69
91
88
30
22
37
39
15
22
26
-37
7
19
-28
-26
-20
38
0
-29
5
-63
-93
-94
-66
-46
-88
-75
-96
-92
-84
-112
-57
-59
-69
-72
-142
-133
-133
-157
-106
-64
-123
-152
-104
-115
-146
-128
-86
-93
-118
-122
-115
-94
-78
-78
-86
-61
-53
-84
-79
-43
-60
-29
-3
-69
-37
-2
-30
-20
-5
-37
-43
-1
37
28
16
86
99
78
77
80
94
75
116
144
142
93
71
135
85
77
170
149
101
135
182
140
71
141
176
134
146
124
102
115
159
145
111
144
98
68
103
104
71
75
116
101
111
124
96
91
79
55
23
39
57
2
25
37
3
16
16
29
-41
-72
1
-3
-17
-21
-2
-7
-50
-44
-51
-43
-39
-66
-74
-84
-58
-66
-116
-60
-31
-93
-67
-33
-98
-82
-39
-51
-6
10
-38
-58
-38
-4
-23
-78
-50
-24
-46
3
14
-14
-4
-28
1
5
-41
-13
5
51
47
11
39
24
35
32
13
8
-7
2
24
50
45
52
18
8
42
-11
-27
3
41
47
35
85
78
26
29
-1
-7
21
23
53
45
20
-7
-17
-2
7
3
-23
-17
-27
-35
-45
-47
-34
-58
-51
-56
-49
-73
-110
-67
-74
-66
-44
-43
-26
-65
-72
-49
-84
-75
-50
-63
-39
-13
-35
-39
-28
-34
-29
-56
-49
-14
-1
2
-59
-48
-7
-52
-37
-17
-9
-21
-35
-3
-4
-4
-22
-22
-10
8
29
22
59
41
3
27
15
4
21
30
27
38
41
24
63
83
89
67
22
38
70
107
64
30
44
0
24
62
45
51
58
53
40
17
-1
43
43
7
33
3
0
28
28
21
-19
-11
-2
-11
-30
-53
-20
2
26
1
-45
-27
-21
-23
-38
-34
-25
-44
-72
-70
-84
-106
-37
-65
-109
-61
-93
-132
-81
-51
-102
-107
-90
-103
-118
-108
-129
-163
-129
-131
-128
-108
-118
-120
-141
-110
-79
-133
-128
-107
-116
-106
-130
-105
-89
-91
-64
-86
-106
-67
-75
-84
-54
-91
-97
-68
-25
-28
-81
-76
-19
10
-25
-41
-64
-38
-1
-5
6
6
56
26
1
54
25
8
28
35
22
63
91
33
78
108
48
47
78
69
97
148
100
83
115
140
150
133
133
119
142
109
65
109
127
112
94
97
88
83
84
71
83
91
113
97
76
71
75
90
32
61
99
38
59
80
74
44
9
76
70
17
43
77
91
76
86
57
19
74
106
69
32
58
62
27
36
-1
21
56
33
37
-5
16
12
4
53
40
55
50
18
9
50
82
54
20
37
52
35
65
50
34
66
69
45
38
70
60
66
68
29
74
89
33
44
83
54
55
82
19
42
47
13
81
56
61
70
43
65
54
46
-9
8
57
29
48
42
16
18
27
66
50
9
21
-17
-30
6
-29
1
11
-36
-17
-24
-53
-54
-22
-32
-70
-56
-52
-73
-100
-91
-89
-78
-54
-104
-126
-118
-86
-50
-95
-115
-95
-66
-106
-157
-92
-37
-56
-120
-76
-77
-158
-81
-54
-103
-74
-63
-112
-110
-80
-76
-80
-90
-82
-66
-44
-23
-30
-78
-83
-66
-49
-12
-18
-14
-10
-36
-56
-58
9
-5
-37
12
-18
-31
-27
-59
-41
-13
-22
11
21
2
7
-30
-6
7
-6
-19
-61
-37
-50
-60
-34
-22
-32
-53
-29
-27
-44
-31
-26
-47
-50
-34
-51
-49
-28
-37
-45
-71
-82
-75
-86
-61
-57
-80
-71
-88
-86
-41
-33
-35
-29
-30
-37
-44
-31
-12
-24
-39
-24
-5
28
17
3
-7
-13
47
22
29
63
20
66
104
93
37
18
112
95
51
97
95
91
118
125
155
152
122
136
129
172
217
192
174
181
221
206
194
220
217
216
193
208
216
170
187
219
213
200
181
171
197
194
164
185
212
201
184
183
164
116
160
219
165
153
137
103
134
106
79
81
55
82
89
37
53
98
75
24
8
19
-4
-2
13
-3
-3
-35
-86
-64
-33
-76
-94
-96
-100
-85
-94
-95
-113
-121
-86
-90
-125
-120
-134
-143
-129
-142
-138
-152
-143
-117
-150
-180
-176
-141
-164
-180
-153
-171
-156
-134
-141
-138
-146
-158
-152
-127
-129
-137
-110
-137
-153
-145
-157
-133
-120
-136
-160
-123
-129
-141
-114
-134
-103
-104
-114
-92
-90
-74
-92
-102
-99
-93
-87
-86
-79
-86
-72
-57
-36
-47
-42
-45
-70
-33
-37
-47
-24
-12
-30
-24
18
-1
-8
-8
1
23
0
30
59
32
30
56
54
27
51
70
23
39
47
27
41
40
46
12
6
35
54
50
18
22
25
34
30
42
55
21
49
82
42
41
69
49
16
26
54
50
36
40
32
-5
16
50
9
20
32
33
51
-5
9
28
15
22
12
24
20
32
31
18
21
27
71
52
7
19
-5
3
43
22
30
29
19
33
23
30
23
2
13
15
-20
-8
8
-40
-20
11
-25
-18
3
13
52
31
-25
-16
-12
12
66
46
3
-10
-8
11
10
-16
-15
-10
-13
15
32
31
28
39
43
24
38
15
26
55
5
61
79
54
86
63
47
37
35
50
60
68
74
89
71
76
109
76
51
84
70
33
67
78
27
17
59
76
52
48
78
66
34
66
60
37
80
83
66
70
59
38
47
77
45
-2
-1
-6
19
4
-17
-3
-12
38
58
71
43
-13
-1
-15
25
25
-30
-11
-4
6
6
-45
-31
-36
-77
-21
-4
-17
19
3
-25
-11
-60
-74
-14
-55
-63
-55
-91
-48
-69
-69
0
-36
-72
-42
-44
-73
-49
-53
-66
-33
-32
-30
-50
-44
-14
-35
-34
-35
-39
-32
-54
-60
-79
-91
-51
-28
-33
-85
-97
-52
-36
-55
-82
-56
-40
-54
-50
-39
-51
-43
-7
-27
-54
-60
-35
-43
-70
-38
-34
-25
12
1
-37
-30
-28
-29
-12
-33
6
38
-21
-22
4
16
29
7
11
10
23
36
31
47
20
26
63
78
66
62
80
61
45
38
77
121
88
78
82
42
55
88
40
52
82
48
52
62
68
63
52
74
81
35
65
90
36
30
13
21
23
-9
7
17
-5
-13
8
4
-4
2
-21
-39
-36
-27
-31
-55
-63
-67
-65
-42
-43
-52
-47
-56
-86
-81
-74
-64
-37
-70
-98
-100
-79
-71
-101
-117
-108
-98
-90
-102
-115
-90
-89
-81
-97
-126
-87
-59
-58
-81
-96
-114
-102
-40
-62
-86
-55
-65
-71
-70
-69
-61
-64
-55
-69
-81
-51
-35
-63
-68
-37
-27
-35
-21
-24
-65
-40
5
-12
8
-1
-22
27
25
42
46
20
37
36
43
47
36
25
38
58
99
73
29
66
46
66
73
80
100
88
110
102
98
78
87
113
97
100
107
107
80
67
101
122
129
105
102
104
61
104
148
101
104
114
99
100
86
103
127
114
121
127
111
83
82
102
111
114
103
118
120
110
143
98
95
138
78
86
110
91
85
75
91
89
91
98
75
53
47
64
93
98
92
80
62
59
74
83
66
85
74
42
47
50
60
53
54
42
52
49
5
-2
-1
2
13
25
0
-29
-51
-62
-41
-27
-28
-19
22
-14
-36
-31
-50
-38
-61
-58
-41
-47
-69
-75
-66
-97
-92
-82
-86
-113
-118
-92
-99
-117
-122
-89
-111
-138
-117
-123
-152
-134
-90
-133
-138
-123
-159
-151
-152
-128
-111
-127
-111
-99
-110
-130
-130
-136
-92
-92
-146
-98
-90
-102
-90
-90
-56
-91
-88
-46
-67
-49
-37
-35
7
9
-6
-8
-22
-34
-51
-29
-20
-20
8
-9
-8
-2
-17
-22
0
25
43
59
33
44
32
3
46
68
51
32
24
15
37
75
50
-2
-6
19
21
15
14
26
23
14
19
32
33
2
12
1
-16
2
11
-2
-51
-35
-23
-42
-34
-58
-64
-14
-29
-47
-11
-41
-37
-28
-70
-41
-15
-31
-27
-47
-73
-13
-26
-67
-13
-44
-51
-33
-55
-41
-41
-23
-30
-50
-64
-73
-41
-17
-38
-31
-1
-39
-56
-44
-17
4
-27
-44
-9
-6
-14
18
-12
-22
31
23
-1
-1
-8
0
35
52
24
27
40
3
-5
-7
-7
30
49
13
5
35
16
1
-2
9
37
42
26
40
58
4
-7
18
-5
26
69
41
40
47
34
40
46
100
74
24
68
71
69
84
90
56
33
53
54
61
41
36
51
49
58
59
67
57
19
37
72
60
67
87
73
84
83
71
71
55
85
87
50
49
68
67
33
22
49
81
66
55
43
25
32
35
76
60
21
28
32
11
-5
21
41
25
-25
-15
-25
-41
-32
-26
-20
-63
-26
-23
-31
-39
-51
-20
-64
-60
-40
-55
-59
-68
-80
-67
-50
-80
-69
-88
-127
-121
-105
-92
-100
-103
-113
-115
-121
-122
-108
-120
-168
-163
-119
-127
-112
-113
-132
-105
-106
-105
-83
-71
-84
-99
-81
-75
-82
-70
-60
-66
-60
-72
-56
-49
-60
-40
-48
-39
-31
-30
-23
-16
-4
-12
-8
-6
24
18
17
49
19
54
51
0
31
36
45
67
63
65
50
40
77
80
59
71
84
100
83
84
93
73
81
88
117
106
79
84
92
95
69
72
76
79
65
45
73
55
53
90
77
65
67
65
58
49
74
86
53
53
65
60
54
48
24
4
23
54
71
57
43
41
47
46
23
31
58
64
48
24
14
-6
-5
10
6
-2
-19
-28
-51
-51
-24
-20
-3
-17
-40
-27
-35
-32
-28
-38
-14
-4
-44
-57
-49
-62
-49
-42
-66
-62
-44
-59
-82
-67
-76
-69
-37
-59
-68
-82
-97
-96
-92
-74
-78
-77
-90
-117
-104
-87
-100
-110
-105
-112
-77
-56
-86
-48
-44
-72
-35
-38
-39
-37
-68
-68
-49
-44
-27
-3
-19
-15
-30
-29
-14
-42
-18
-23
-26
-16
-8
24
-11
-19
12
-1
-12
18
18
12
33
31
32
33
59
88
72
65
64
67
77
79
78
79
89
85
86
106
99
85
99
94
75
74
45
42
77
100
113
88
92
116
79
75
111
102
99
81
63
94
87
90
118
85
52
51
27
27
59
49
38
66
65
51
42
36
29
24
35
23
9
12
25
17
10
24
-3
-22
-12
-21
-27
-39
-53
-54
-31
-7
-25
-64
-80
-65
-47
-34
-36
-37
-7
-16
-42
-39
-33
-35
-75
-60
-21
-42
-45
-40
-29
-21
-27
-27
-16
-8
-28
-38
-32
-14
-18
-21
-14
-15
-5
-31
-51
-48
-39
-24
-27
-33
-46
-27
12
-25
-39
5
-3
13
10
-24
-1
14
-9
-26
-16
-19
-5
-4
-29
-28
-10
-13
-51
-45
-29
-33
-32
-25
-8
-6
-24
-41
-22
-18
-45
-55
-56
-45
-30
-16
-32
-29
-20
-38
-21
-21
-21
-16
-33
-10
-1
-14
7
8
8
0
-14
-24
-30
-2
-20
-30
-23
-10
0
-23
-13
-21
5
-3
-36
-8
5
10
-3
0
0
26
35
2
4
7
42
24
-17
11
23
-1
4
8
-1
9
14
0
12
23
16
13
4
18
7
-11
10
39
37
-10
-19
-12
30
19
-32
-6
-31
1
25
-25
-1
-2
-18
-17
-7
-11
-42
-34
-22
-11
-26
-52
-36
-34
-23
-51
-71
-36
-41
-26
-35
-58
-63
-47
-3
-43
-52
-18
-17
-29
-65
-68
-53
-51
-67
-57
-36
-27
-47
-69
-49
-45
-26
-28
-17
-16
-51
-18
-10
0
15
10
34
65
49
-4
9
16
27
62
44
39
66
56
58
81
82
71
69
84
80
105
102
83
102
111
119
100
111
109
84
103
97
82
120
129
83
95
111
105
80
69
94
93
77
63
71
79
78
80
79
77
68
54
43
39
42
40
39
41
16
17
19
29
30
9
5
-17
-16
-22
-13
-13
-27
19
0
-63
-68
-46
-32
-33
-46
-60
-30
-21
-53
-35
-31
-46
-44
-39
-16
-20
-49
-52
-51
-51
-51
-55
-53
-61
-69
-75
-83
-76
-60
-67
-89
-43
-6
-36
-46
-53
-47
-25
-37
-35
-28
-30
-29
-43
-49
-31
-12
-29
-31
-14
-38
-52
-47
-49
-41
-29
-20
-34
-43
0
-31
-51
-22
-63
-58
-39
-63
-55
-26
-29
-47
-31
-29
-39
-44
-51
-31
-30
-31
-29
-27
-18
-41
-47
-27
-39
-35
-18
-55
-55
-6
-26
-29
18
-6
-24
-2
-13
-17
-21
-34
-12
21
25
6
-11
7
6
15
56
54
52
61
75
31
-6
33
46
49
21
33
68
30
34
14
19
64
8
15
31
7
15
22
22
9
21
10
18
4
-18
-1
-37
2
27
12
32
-3
8
44
24
25
45
38
13
-3
-4
1
27
39
6
4
25
6
-19
-16
15
10
2
45
57
53
27
20
28
11
40
23
-16
0
17
1
4
29
-9
-16
-6
-16
10
-8
-30
-3
-1
15
11
-31
-48
-26
7
-9
9
27
-2
-18
-50
-32
3
-10
-7
-5
11
26
-16
-23
12
7
-9
2
8
26
31
-20
-14
22
10
24
32
32
47
-5
-30
-3
-18
-25
0
32
23
44
71
50
91
83
63
93
94
37
-7
55
80
76
82
66
64
67
55
50
61
60
44
56
41
8
79
82
71
119
89
66
65
69
50
18
43
39
-1
27
42
-16
-37
4
20
128
20
-178
99
203
81
155
212
156
137
139
37
-201
-379
-202
-46
16
51
27
-11
-107
-139
-60
96
82
15
-76
-157
-46
-59
-132
-102
-60
-38
-68
-2
17
-154
-183
-58
-95
-231
-211
-158
-165
-87
-14
2
-42
-106
-46
-82
-185
-125
-73
-38
-49
-94
-66
-99
-121
-50
-8
16
84
88
42
44
13
47
88
32
38
12
-58
-41
32
85
51
-14
-30
-41
-96
-91
-88
-159
-199
-170
-174
-262
-251
-198
-201
-111
-38
-47
-8
37
14
-35
-56
-60
-17
13
20
29
27
1
-14
45
30
-18
-4
-5
33
22
-49
-93
-119
-89
-93
-122
-70
-29
-66
-66
-30
-52
-30
-34
-83
-54
-31
-4
12
45
72
56
102
116
83
87
132
160
121
124
142
140
141
152
223
205
189
259
242
212
226
239
240
247
249
274
251
213
255
235
248
267
235
207
187
206
189
189
185
198
213
214
216
127
119
112
19
51
88
54
90
98
28
41
55
-10
-12
-6
-12
-13
-68
-91
-110
-89
-69
-91
-105
-146
-130
-96
-154
-234
-234
-241
-275
-251
-314
-328
-289
-354
-376
-389
-372
-341
-346
-307
-320
-376
-369
-299
-312
-333
-266
-251
-268
-253
-234
-214
-165
-145
-108
-69
-91
-71
-42
-8
-1
-31
-24
-12
1
33
70
57
37
98
119
87
77
75
117
132
150
162
144
203
197
205
199
163
201
196
223
244
229
216
205
188
179
189
181
200
181
182
199
159
139
160
146
116
156
149
124
124
93
92
100
59
54
85
54
46
48
20
7
1
11
29
14
-15
-26
-37
-35
-78
-79
-79
-145
-111
-82
-81
-48
-36
-70
-94
-86
-74
-62
-85
-55
-30
-33
24
11
-20
29
20
-16
9
-9
-7
3
-63
-38
23
21
9
-9
-2
-7
-23
-20
-8
-13
-24
10
15
22
58
54
21
-19
-33
-39
-66
-67
-37
-25
-32
-23
-35
-51
-57
-73
-61
-64
-48
-49
-95
-57
-58
-128
-119
-104
-144
-156
-155
-181
-192
-208
-183
-158
-181
-148
-159
-227
-186
-125
-134
-154
-154
-165
-163
-141
-147
-124
-90
-60
-57
-78
-38
-34
-44
-12
-11
2
41
86
69
41
52
89
102
65
88
84
90
127
118
132
150
133
113
178
187
141
177
191
197
194
181
182
150
152
162
135
131
174
202
191
208
202
172
192
179
140
162
171
118
108
114
82
51
50
84
57
55
67
31
14
-4
-6
-26
-53
-58
-63
-77
-68
-35
-59
-69
-80
-114
-119
-118
-119
-153
-177
-158
-146
-172
-170
-153
-157
-130
-116
-150
-185
-175
-158
-171
-183
-186
-163
-119
-111
-120
-111
-124
-134
-130
-128
-102
-89
-116
-97
-51
-62
-59
-19
-21
-55
-24
-4
-46
-41
-2
-1
-20
-1
12
-16
6
20
11
3
19
51
15
28
66
79
50
20
33
-2
24
55
37
57
78
67
55
90
92
40
22
50
37
55
97
57
54
94
107
114
144
133
88
92
91
73
94
105
113
153
159
135
140
142
128
138
163
158
150
161
167
180
189
196
216
216
183
187
197
191
188
212
206
169
197
165
146
148
121
176
197
148
125
163
163
159
140
99
134
115
74
60
52
79
61
42
30
-12
-27
-15
-13
-28
-22
-43
-88
-77
-74
-84
-70
-80
-119
-121
-104
-137
-133
-131
-180
-197
-170
-187
-236
-213
-216
-212
-171
-202
-239
-236
-229
-233
-222
-252
-245
-201
-230
-242
-242
-242
-237
-253
-253
-225
-216
-227
-215
-205
-208
-198
-188
-192
-198
-171
-139
-157
-183
-161
-126
-119
-106
-101
-86
-75
-93
-71
-61
-55
-24
-7
-12
-29
-17
-14
7
21
8
31
44
25
24
44
52
45
46
58
59
79
87
81
107
92
67
60
52
63
94
96
88
87
50
49
72
49
44
69
92
86
69
78
90
87
85
100
112
112
115
94
78
76
77
96
73
60
57
66
81
64
64
56
72
78
55
73
85
48
35
75
64
59
64
-5
-3
62
53
13
27
64
81
65
30
9
19
48
21
-5
12
8
14
-5
-26
-17
3
10
7
2
-16
0
-7
-27
-18
-13
0
-1
-34
-28
-5
-48
-46
-6
-20
-44
-60
-52
-45
-48
-19
13
6
-37
-37
-15
-24
-11
8
16
17
0
-15
-25
-2
-3
-27
1
4
11
30
-4
-16
12
31
12
11
11
9
26
15
2
-11
-11
-3
12
32
37
40
41
50
32
30
84
69
61
94
58
45
80
84
34
23
39
52
85
75
64
74
82
81
71
71
65
68
67
80
84
103
100
63
88
80
62
64
62
88
61
28
65
71
53
68
76
68
52
56
71
51
14
-3
13
12
-19
-22
7
-13
-38
0
20
-7
-5
-1
-18
-24
-6
-4
-25
2
20
-1
-28
-84
-98
-59
-68
-105
-99
-95
-97
-94
-117
-117
-122
-118
-110
-117
-86
-91
-127
-140
-154
-166
-160
-164
-163
-170
-194
-186
-189
-188
-176
-169
-158
-167
-162
-154
-152
-180
-196
-170
-156
-138
-135
-155
-165
-165
-153
-138
-132
-147
-110
-81
-128
-122
-111
-126
-105
-108
-120
-95
-69
-67
-83
-111
-106
-92
-98
-87
-98
-80
-60
-51
-31
-70
-40
3
-38
-20
-13
-32
-12
-2
-7
2
-11
2
24
-10
-21
0
26
7
-11
48
54
48
65
49
64
47
33
48
43
51
64
75
64
90
87
57
58
51
103
100
73
97
108
122
115
95
49
69
121
118
99
98
146
132
100
92
109
109
88
134
121
96
103
93
139
130
81
123
115
69
97
130
105
67
92
130
137
101
71
71
60
73
94
106
86
60
82
76
12
19
68
55
51
61
66
55
60
77
46
20
41
40
36
33
-6
31
33
-15
9
15
5
-6
22
4
-36
26
34
-16
-13
19
24
31
3
-5
15
-34
-26
14
4
-10
10
38
7
1
45
29
-22
-48
-16
31
-32
-45
38
19
-24
-29
-15
-8
-22
15
49
-14
-22
70
74
44
31
31
51
6
3
54
30
-17
-7
46
42
18
56
31
-17
20
44
35
34
22
33
60
48
43
40
26
33
39
45
19
-16
32
41
27
41
21
18
11
9
14
1
-18
-8
44
48
44
15
-5
5
-23
-11
-43
-63
-25
-6
35
23
-23
-27
-33
-53
-12
-15
-63
-46
-45
0
16
-33
-30
-54
-72
-63
-80
-67
-65
-99
-68
-45
-61
-58
-85
-116
-108
-87
-97
-107
-88
-93
-101
-61
-63
-115
-131
-129
-127
-134
-130
-115
-119
-121
-84
-53
-98
-168
-156
-115
-146
-178
-153
-139
-134
-117
-100
-129
-192
-182
-142
-172
-200
-142
-106
-121
-122
-101
-80
-114
-149
-148
-126
-111
-113
-84
-90
-85
-42
-56
-104
-120
-90
-48
-55
-84
-49
-16
-7
15
-1
-39
-43
-30
-27
-15
-57
-86
-27
24
37
18
-24
-30
4
9
1
-20
-15
19
25
44
32
18
38
55
43
0
0
48
43
20
48
36
46
47
45
61
22
49
56
31
55
63
57
53
29
36
62
32
46
30
3
68
102
92
52
26
54
83
78
83
49
21
89
105
93
53
34
83
63
46
100
106
47
56
97
95
71
51
46
40
70
113
94
47
23
59
109
44
-1
47
31
32
67
82
92
54
51
71
48
57
74
37
36
31
84
146
79
41
1
24
84
60
36
4
7
38
76
80
74
46
23
52
42
82
79
51
60
39
103
143
82
9
36
85
61
67
84
78
96
136
142
118
94
93
103
73
46
108
144
97
90
131
137
105
91
87
85
77
38
65
120
98
118
126
62
63
83
91
77
12
31
63
78
86
33
24
32
12
49
70
-4
-12
8
23
56
23
2
-16
-31
27
46
3
-34
-56
-26
18
32
21
-21
-75
-79
-5
-25
-81
-86
-94
-39
-47
-78
-70
-130
-161
-122
-83
-84
-128
-160
-138
-127
-116
-105
-102
-163
-212
-139
-94
-137
-176
-162
-169
-177
-156
-121
-144
-217
-221
-175
-148
-208
-195
-178
-232
-178
-148
-141
-181
-232
-184
-171
-209
-203
-187
-183
-204
-226
-144
-114
-165
-188
-174
-189
-176
-155
-177
-145
-171
-137
-93
-123
-142
-172
-139
-145
-192
-172
-119
-158
-154
-118
-131
-77
-104
-99
-77
-138
-112
-48
-84
-128
-99
-90
-62
-62
-77
-58
-63
-66
-29
-11
-37
-52
-94
-51
-41
-48
27
-18
-14
54
46
54
7
-82
-29
27
9
48
61
72
74
76
129
86
26
42
42
57
66
71
108
122
138
138
152
162
91
64
71
69
