0
0
-1
0
0
0
0
-1
0
0
0
0
0
0
0
0
0
0
0
0
0
0
-1
0
0
0
0
0
0
0
0
0
1
0
-1
0
0
0
0
0
0
0
0
0
0
0
0
0
0
0
0
0
0
0
-1
0
0
0
0
0
0
0
0
0
0
0
0
0
1
0
0
0
0
0
0
0
1
0
0
0
1
1
0
0
0
-1
1
1
0
0
0
0
0
0
0
1
0
0
0
1
0
0
0
0
0
-1
0
0
0
0
0
0
0
0
0
0
-1
-1
-1
0
0
0
0
-1
0
0
0
0
0
0
0
0
0
1
0
1
0
0
0
0
0
0
1
-1
0
1
-1
0
0
0
0
0
0
0
-1
0
0
0
-1
0
-1
0
0
0
0
0
-1
0
0
0
0
0
0
-1
0
0
0
0
0
0
0
0
-1
-1
0
0
0
0
0
1
0
0
0
0
0
-1
0
0
0
0
0
0
0
0
0
1
0
1
0
0
1
-1
1
0
0
0
-1
-1
0
0
0
-1
0
-1
0
0
0
-1
0
0
0
0
1
0
0
0
0
0
0
1
0
1
0
0
0
0
0
0
1
0
0
0
1
1
0
0
0
0
0
0
0
0
-1
1
0
0
0
0
0
0
0
1
0
0
-1
0
0
0
-1
-1
0
0
1
0
-1
0
0
0
0
0
0
-1
-1
0
0
-1
1
0
1
0
0
0
0
0
0
1
0
0
0
-1
0
0
0
0
0
1
-1
0
0
0
0
0
0
0
0
0
1
0
0
0
0
0
0
-1
0
0
-1
0
0
-1
0
0
0
0
0
0
0
0
1
0
0
-1
1
0
0
-1
-1
0
0
0
1
-1
0
0
0
-1
1
0
0
0
1
-1
0
0
0
0
0
0
0
0
0
0
0
-1
0
0
0
0
0
0
0
0
0
0
1
-1
0
0
-1
1
0
0
0
0
0
0
0
0
0
0
0
0
0
0
-1
0
0
0
0
0
0
0
-1
0
0
0
-1
0
0
-1
-1
0
0
0
0
0
1
1
-1
0
-1
0
0
0
0
0
0
0
0
1
0
0
0
0
-1
1
0
0
1
0
0
0
0
0
1
1
0
0
0
0
0
-1
0
-1
1
0
1
0
0
1
0
0
1
0
0
0
1
-1
-1
1
0
0
0
-1
0
0
1
0
0
0
0
0
0
-1
0
0
0
-1
0
0
1
1
-1
0
0
0
0
0
0
0
0
0
-1
1
0
0
1
0
0
0
0
1
-1
0
0
0
0
-1
1
0
0
-1
0
0
0
0
0
-1
0
-1
1
0
0
1
0
0
0
0
0
0
0
0
-1
0
0
0
1
0
1
0
0
0
0
-1
0
0
1
1
0
0
0
-1
-1
0
0
0
-1
0
0
1
0
1
0
0
1
0
0
1
0
0
0
0
0
0
0
0
0
0
0
-1
1
0
0
0
0
0
0
0
0
0
0
-1
0
-1
0
0
0
0
0
-1
0
0
0
1
0
0
0
0
0
0
0
0
0
-1
1
1
-1
0
0
0
0
0
0
0
0
0
0
0
0
0
-1
0
0
0
0
0
0
0
0
-1
0
0
0
0
-1
0
-1
0
0
0
0
0
-1
0
0
-1
0
0
0
1
0
0
0
0
0
0
1
0
0
0
0
0
1
0
0
0
1
1
0
0
0
0
0
0
0
0
1
1
1
0
0
-1
0
0
0
-1
-1
0
0
0
0
0
0
0
0
0
0
0
0
0
0
0
0
0
0
0
0
0
1
1
1
0
-1
0
0
0
0
0
0
1
-1
-1
0
0
0
0
0
1
0
-1
0
0
0
0
0
0
0
0
-1
0
0
0
0
1
0
0
0
0
0
-1
1
1
0
0
0
0
1
0
0
0
0
0
0
0
0
0
0
0
0
1
0
0
0
0
0
0
1
0
0
0
0
0
0
0
0
0
0
1
0
-1
0
0
0
0
-1
0
0
0
0
0
0
-1
0
0
-1
0
0
0
-1
1
0
0
0
0
0
0
0
0
0
0
0
0
0
-1
0
-1
0
0
0
0
0
0
0
0
0
1
0
0
0
0
0
0
0
0
0
0
0
1
0
0
0
0
0
0
0
0
0
-1
0
0
1
0
0
0
0
0
0
0
1
0
0
0
0
0
0
-1
0
1
0
0
0
0
0
0
0
0
-1
0
0
0
0
0
0
0
0
1
0
-1
0
1
0
0
-1
0
0
0
0
-1
0
0
0
0
1
0
0
0
0
0
0
0
0
-1
0
0
0
0
0
0
0
0
0
1
0
0
0
0
0
1
0
0
1
0
1
-1
0
0
0
0
0
0
0
0
-1
0
-1
-1
0
0
0
0
0
0
0
0
0
0
-1
0
-1
0
0
0
0
0
0
-1
0
0
0
0
0
0
0
0
0
0
0
0
0
0
0
0
0
1
1
0
-1
0
0
0
0
0
0
0
0
0
0
0
0
0
0
0
0
1
0
0
0
0
0
1
0
0
0
0
0
0
0
-1
-1
0
0
0
0
0
-1
-1
0
0
0
-1
1
0
0
-1
0
0
0
0
0
0
0
0
0
0
0
0
0
0
0
0
1
0
0
-1
0
0
0
0
0
0
1
0
0
-1
-1
0
0
0
0
-1
0
0
0
0
0
1
0
0
1
0
1
0
0
0
0
0
0
-1
0
0
0
0
0
0
1
0
0
0
0
0
0
-1
-1
0
-1
0
0
0
0
0
0
0
0
0
0
0
0
0
0
-1
0
0
0
0
1
0
0
0
0
0
0
0
0
0
0
-1
1
-1
0
0
0
0
0
0
0
0
1
0
1
0
0
0
1
-1
0
0
0
0
0
0
0
0
0
0
-1
0
0
0
0
1
1
0
1
0
0
0
0
0
0
0
0
0
0
-1
-1
-1
-1
0
0
0
0
0
-1
0
0
0
0
0
-1
0
-1
0
1
0
0
1
0
0
-1
0
-1
0
0
0
-1
0
1
-1
0
0
0
0
-1
0
1
0
-1
1
1
0
1
-1
0
0
1
0
0
-1
1
0
0
1
0
0
0
0
1
0
0
0
0
1
0
-1
0
-1
0
1
0
1
-1
0
1
0
0
0
0
0
-1
0
0
0
0
0
0
0
0
0
0
-1
0
1
0
1
0
-1
0
0
1
0
0
0
0
0
0
-1
0
-1
0
0
0
0
0
0
0
1
0
1
0
0
0
0
0
-1
0
0
0
0
0
-1
0
0
0
0
0
0
1
0
0
0
0
1
0
0
0
0
0
0
0
0
0
-1
0
1
0
0
0
0
0
0
0
0
0
0
0
0
0
0
0
-1
1
0
0
0
-1
0
0
0
1
0
0
0
-1
0
0
0
0
1
1
0
1
0
0
-1
0
-1
0
0
0
0
0
0
0
0
0
0
0
0
0
1
0
0
0
0
0
0
0
0
0
0
0
0
0
0
0
0
0
0
1
0
0
0
1
0
0
0
0
0
0
0
0
1
1
0
0
1
0
0
0
0
0
1
0
0
-1
1
0
-1
-1
0
0
0
0
0
1
0
1
0
0
0
1
0
-1
0
-1
0
0
-1
0
0
0
-1
0
0
0
0
0
0
0
0
1
-1
0
0
0
0
-1
0
0
0
0
0
1
0
0
0
0
0
0
0
0
1
1
0
0
0
0
0
0
0
0
0
1
0
-1
0
0
0
0
0
0
0
0
0
0
1
0
1
1
1
0
0
0
0
0
0
0
0
0
0
0
0
-1
0
0
0
-1
0
-1
0
0
0
0
0
0
0
-1
1
-1
-1
-1
-2
-1
0
1
1
1
0
1
1
0
0
0
0
0
1
1
0
1
1
1
1
0
1
1
0
1
1
0
0
0
0
0
-1
0
-1
0
-1
0
-1
0
-1
0
0
-1
-1
-1
0
-1
-1
-1
-1
-1
-1
-1
-1
-1
-1
0
-1
-1
0
0
-1
0
-1
-1
-1
-1
0
0
1
1
0
0
1
-1
1
1
1
0
0
1
1
1
1
1
1
1
1
0
1
1
1
1
1
1
1
1
1
1
1
1
1
1
1
0
0
0
1
0
0
1
1
1
1
0
0
0
1
0
0
-1
0
-1
-1
-1
-1
-1
-1
0
0
-1
-1
0
-1
-1
0
0
-1
-1
-1
0
0
-1
0
-1
-1
-1
-1
-1
0
-1
-1
0
0
0
0
0
0
-1
0
0
-1
-1
0
0
-1
-1
0
0
0
-1
0
-1
-1
-1
0
0
0
0
-1
-1
-1
0
0
0
0
0
0
0
0
0
1
0
0
0
1
0
1
0
0
0
0
0
1
1
1
0
0
0
1
1
1
1
1
1
1
0
1
0
1
1
0
1
1
1
1
1
0
0
1
1
0
1
0
0
1
1
0
1
1
1
0
0
0
0
0
1
0
1
0
0
1
0
0
0
0
-1
1
-1
-1
-1
-1
-1
0
0
-1
0
-1
-1
-1
-2
-1
-2
-2
-3
-2
-2
-1
-1
-2
-1
-1
-2
-2
-1
-1
-2
-3
-1
-1
-1
-1
-2
-1
-1
-1
-1
-1
-2
-1
-2
0
0
-1
1
0
1
1
0
-1
0
-1
-1
0
0
0
0
0
0
0
-3
-1
-1
-3
-1
-2
-3
-3
-2
-2
-1
0
-1
-1
-1
-1
-3
0
0
2
1
0
2
1
0
1
2
1
3
4
6
5
7
5
6
8
7
8
6
3
6
6
7
8
8
6
5
6
6
4
6
9
5
8
6
5
4
3
3
-2
1
-4
-1
-5
-5
-10
-9
-7
-12
-14
-12
-10
-13
-6
-9
-10
-16
-15
-20
-32
-26
-32
-27
-23
-22
-13
-22
-15
-17
-14
-12
-6
-10
-16
-8
-8
-3
6
3
11
7
9
11
10
9
23
23
26
38
39
47
38
40
32
36
28
29
36
44
38
39
56
39
56
52
67
49
45
42
47
16
27
46
41
38
27
47
0
18
9
17
-5
-17
-2
-32
-5
-22
-7
-33
-41
-41
-51
-53
-58
-69
-73
-76
-80
-67
-68
-61
-70
-55
-75
-77
-88
-103
-138
-132
-135
-136
-110
-132
-89
-95
-99
-100
-99
-86
-77
-62
-63
-67
-62
-50
-44
-42
-20
-19
10
8
21
13
36
36
23
71
83
105
125
155
158
148
145
134
128
121
125
133
153
162
158
172
176
168
169
175
153
149
163
130
127
125
119
85
79
75
52
39
24
23
16
-2
3
-12
-24
-32
-44
-56
-66
-69
-86
-98
-106
-104
-118
-142
-148
-143
-143
-118
-137
-137
-146
-157
-166
-169
-151
-146
-119
-92
-95
-89
-67
-90
-99
-61
-76
-64
-55
-14
-28
-19
-9
-14
6
9
38
39
54
62
78
86
80
108
111
113
105
119
116
109
122
111
125
119
133
84
99
95
85
84
83
81
70
73
40
36
24
19
9
26
9
8
18
-7
-8
-9
-26
-53
-45
-58
-60
-87
-72
-72
-104
-85
-111
-120
-138
-107
-114
-93
-93
-104
-113
-120
-113
-116
-115
-134
-125
-143
-144
-136
-135
-149
-130
-110
-104
-82
-62
-40
-43
-23
-20
-3
-19
-16
-9
-11
-4
5
32
34
43
71
85
81
104
106
115
122
127
135
159
161
167
169
144
143
154
143
128
141
145
114
121
110
106
96
126
128
133
122
112
114
83
85
61
57
45
44
42
23
27
26
10
19
-4
-21
-18
-13
-33
-21
-32
-32
-36
-47
-65
-74
-66
-72
-74
-89
-72
-81
-62
-71
-72
-52
-59
-36
-54
-51
-47
-34
-54
-49
-21
-57
-30
-33
-29
-41
-51
-57
-66
-57
-58
-37
-43
-19
-25
-18
-11
-16
-23
-42
-22
-29
-37
-66
-43
-44
-45
-18
-34
-28
-38
-39
-56
-50
-60
-67
-73
-48
-76
-71
-57
-67
-82
-68
-59
-91
-93
-81
-72
-69
-42
-27
-15
-10
10
-11
-3
-11
-5
-21
-12
-1
-2
24
23
27
35
34
45
30
64
57
61
96
81
79
87
89
97
92
102
107
90
97
107
93
101
95
103
101
105
98
111
126
106
114
93
81
50
61
48
54
74
82
89
57
58
43
20
42
26
18
30
41
27
11
23
25
23
14
7
11
0
-5
-5
-13
-39
-19
-29
-33
-31
-56
-53
-75
-86
-93
-98
-84
-78
-72
-70
-47
-45
-53
-39
-47
-59
-45
-52
-51
-84
-82
-80
-73
-76
-55
-39
-31
-28
-46
-30
-76
-58
-73
-37
-51
-16
16
-20
1
-46
-38
-49
-55
-40
-7
-16
-7
-1
-11
-26
-44
-45
-48
-49
-54
-23
-48
-36
-37
-59
-57
-59
-61
-60
-38
-30
-22
-49
-45
-46
-39
-40
-11
12
15
40
16
18
-11
-3
12
27
43
61
74
69
61
45
35
48
69
64
90
97
106
108
103
93
70
95
105
106
117
135
126
106
106
95
117
112
134
139
139
124
119
102
73
76
51
66
56
54
60
60
51
45
11
0
-7
-29
-25
-28
-15
-13
-21
-48
-55
-99
-96
-106
-96
-86
-92
-67
-90
-107
-123
-123
-134
-135
-120
-103
-102
-110
-107
-136
-142
-119
-127
-97
-96
-83
-63
-76
-71
-77
-60
-69
-64
-46
-45
-15
-8
-9
2
5
16
48
36
26
59
38
41
38
42
46
36
54
53
56
55
79
82
68
77
80
66
91
91
80
87
83
70
50
54
35
39
35
35
56
56
64
53
22
30
14
26
23
25
50
25
29
-1
-8
-33
-40
-48
-51
-57
-57
-46
-48
-65
-59
-45
-70
-62
-81
-73
-95
-110
-118
-126
-132
-113
-102
-125
-100
-102
-98
-94
-103
-95
-75
-70
-46
-49
-24
-24
-21
-16
-30
-8
-4
17
1
19
32
72
69
96
125
112
117
119
115
117
118
123
116
118
120
127
126
111
97
106
92
82
82
89
97
86
107
96
88
69
73
52
31
24
13
30
14
10
11
12
1
14
32
20
12
7
-2
-33
-46
-44
-46
-30
-35
-18
-57
-55
-56
-72
-52
-48
-31
-59
-53
-81
-64
-94
-62
-51
-48
-47
-54
-52
-71
-64
-88
-70
-75
-68
-68
-50
-50
-54
-41
-37
-48
-47
-44
-58
-54
-67
-55
-70
-52
-60
-64
-53
-54
-56
-51
-26
-33
-13
2
-5
-15
-18
-46
-40
-32
-36
-38
-6
-5
5
28
40
50
64
82
83
89
75
59
45
25
24
32
48
44
54
76
72
89
66
70
37
32
21
7
42
41
58
49
56
29
35
21
19
25
21
26
12
11
5
33
25
51
47
50
53
57
37
37
39
23
39
26
45
20
17
27
17
24
13
14
-9
19
9
45
46
49
56
12
20
-1
4
-1
-5
10
5
2
-1
-9
-18
-26
-33
-42
-38
-46
-63
-57
-62
-57
-67
-53
-62
-73
-60
-74
-55
-46
-68
-49
-69
-69
-74
-70
-79
-65
-58
-71
-45
-59
-68
-80
-70
-68
-79
-51
-36
-46
-30
-19
-36
-43
-31
-25
-20
-9
-15
-4
-5
-13
-22
-15
-2
-5
19
41
36
61
57
40
28
49
26
28
67
36
67
67
68
53
46
32
24
31
36
62
75
79
71
70
24
12
15
12
23
59
62
56
56
48
41
29
25
42
14
30
31
22
23
23
36
39
51
58
47
48
16
9
2
-5
9
0
25
11
-3
-4
-13
-13
-10
10
-7
-8
2
-3
-3
-15
18
-11
13
11
19
5
-32
-32
-49
-57
-44
3
-18
-3
7
-9
-29
-30
-47
-52
-43
-36
-46
-48
-56
-59
-62
-79
-66
-63
-76
-66
-75
-74
-64
-60
-45
-36
-50
-43
-60
-53
-68
-77
-73
-85
-93
-74
-69
-60
-56
-51
-50
-54
-37
-31
-31
-57
-46
-61
-72
-63
-36
-22
-13
3
30
28
22
58
76
82
92
101
108
102
103
114
111
122
134
138
150
139
168
170
168
158
148
137
125
125
118
119
131
124
131
127
131
99
84
79
71
81
68
89
61
41
26
14
-25
-26
-46
-53
-71
-102
-108
-145
-126
-125
-121
-128
-112
-124
-149
-160
-173
-173
-178
-151
-165
-160
-174
-177
-191
-190
-177
-157
-132
-135
-101
-99
-81
-83
-58
-38
-39
-11
-23
-19
-23
-9
0
15
44
72
108
110
115
134
164
141
133
151
150
139
155
163
169
167
160
168
158
161
146
162
139
146
133
119
123
78
59
37
21
13
19
9
-9
-8
-38
-48
-84
-89
-111
-119
-123
-121
-144
-141
-135
-166
-167
-169
-193
-211
-206
-197
-174
-177
-170
-153
-147
-149
-132
-146
-131
-134
-111
-97
-109
-84
-66
-51
-36
-21
-7
-18
-9
13
17
41
81
99
105
118
135
135
140
149
147
174
188
189
203
213
227
231
222
219
220
197
199
202
179
206
187
174
180
165
169
156
149
145
129
132
122
95
71
59
60
32
32
-6
-34
-47
-86
-83
-125
-132
-142
-160
-173
-170
-182
-193
-186
-214
-221
-267
-262
-300
-299
-298
-293
-270
-284
-285
-266
-242
-245
-218
-199
-173
-162
-156
-148
-152
-147
-117
-93
-68
-57
-38
-19
-4
3
-3
30
48
58
83
114
129
157
148
163
168
149
145
149
148
157
158
171
172
169
186
183
177
179
172
165
177
170
168
138
123
100
103
102
93
113
116
128
109
92
53
55
40
44
39
32
41
38
34
2
8
5
-17
-15
-7
-13
-9
-19
-20
-55
-47
-57
-57
-64
-59
-64
-82
-82
-93
-94
-98
-98
-74
-72
-89
-80
-87
-77
-91
-88
-86
-83
-82
-95
-86
-97
-115
-85
-86
-70
-67
-47
-56
-47
-47
-60
-24
-53
-50
-24
-28
-52
-36
-41
-36
-32
-9
12
15
27
23
20
18
28
33
21
27
27
26
14
30
10
7
16
31
41
26
37
35
28
20
16
21
41
45
31
44
42
15
28
9
10
26
30
45
36
31
41
38
29
12
14
6
0
4
-1
20
-8
5
10
-9
-5
-5
14
4
26
27
52
38
33
32
15
30
10
24
22
38
35
25
38
38
36
41
50
36
28
17
24
-2
2
9
8
-9
-25
-17
-25
-22
-1
0
-22
-14
-44
-46
-63
-38
-58
-54
-33
-35
-40
-60
-72
-87
-97
-67
-86
-74
-41
-53
-22
-25
-43
-17
-31
-31
-22
-19
-7
-2
12
-1
-13
-5
-10
8
35
60
61
90
106
52
56
52
23
36
56
50
49
79
67
52
58
54
47
30
19
27
12
18
17
-18
-4
-11
-8
-16
-27
-27
-43
-56
-46
-54
-43
-44
-32
-39
-36
-34
-47
-30
-28
-24
-20
-10
-14
-21
-40
-31
-31
-42
-39
-34
-26
-27
-20
-36
-4
-33
-10
3
25
33
33
19
8
7
-23
0
-7
5
15
54
65
51
47
55
43
32
49
65
55
56
67
55
28
37
32
25
38
46
58
35
42
15
24
18
31
20
27
7
-8
0
-35
-16
-39
-28
-41
-19
-3
-20
-24
-37
-54
-72
-75
-90
-88
-92
-93
-95
-90
-96
-101
-84
-89
-66
-77
-66
-62
-76
-64
-54
-72
-73
-65
-83
-77
-53
-52
-23
-22
-15
-1
13
29
19
43
54
89
81
104
105
96
111
104
103
100
114
127
132
144
169
152
154
162
147
131
125
123
128
122
127
134
118
98
80
74
62
48
45
42
47
22
3
0
-26
-41
-49
-46
-57
-55
-64
-93
-79
-90
-102
-96
-109
-103
-108
-129
-126
-125
-144
-132
-134
-150
-132
-120
-131
-145
-133
-132
-139
-110
-128
-99
-82
-73
-83
-69
-71
-57
-66
-69
-69
-59
-51
-52
-28
-20
-4
14
27
28
23
27
46
33
48
60
55
53
72
75
62
71
62
80
65
75
84
83
96
97
99
97
81
91
68
77
76
69
74
80
79
75
67
42
55
52
64
66
86
79
86
71
60
79
41
38
42
10
5
2
-19
-19
-13
-19
-14
-14
-35
-35
-40
-55
-55
-62
-63
-86
-85
-85
-106
-116
-99
-97
-91
-78
-65
-52
-69
-50
-32
-48
-44
-60
-28
-26
-41
-7
-21
-22
-10
1
12
7
16
48
52
59
86
82
79
70
67
66
72
72
78
80
83
87
76
72
33
36
45
31
33
43
22
15
6
6
-14
-11
-7
-19
-19
-22
-27
-46
-49
-71
-93
-104
-104
-113
-118
-111
-93
-83
-100
-86
-107
-104
-115
-94
-100
-96
-97
-98
-98
-102
-79
-74
-68
-70
-76
-72
-78
-72
-74
-44
-16
8
13
11
3
-2
14
15
33
31
64
47
92
82
113
106
96
114
92
121
122
120
130
130
125
136
152
137
132
143
144
147
130
131
111
113
118
119
117
107
103
85
72
65
64
53
37
45
67
52
29
34
3
-10
-31
-34
-30
-39
-42
-52
-53
-82
-68
-96
-91
-97
-114
-107
-116
-132
-141
-134
-121
-121
-103
-112
-116
-107
-110
-93
-88
-65
-75
-87
-79
-78
-104
-97
-95
-92
-59
-46
-19
-2
-8
-24
-17
-33
-37
-40
-18
1
27
40
51
51
47
41
32
30
33
51
30
35
39
36
33
29
36
23
25
42
35
5
1
1
-9
8
19
25
11
19
13
-5
-20
0
12
-1
2
17
6
-4
-9
-4
11
12
9
17
-1
-11
-21
-13
-19
-18
16
16
40
38
25
0
5
-3
1
4
36
69
71
61
63
53
33
61
56
53
79
70
56
48
35
56
30
52
39
28
51
61
62
46
60
55
47
56
39
26
23
2
-13
-25
-38
-29
-37
-31
-24
-18
-21
-38
-35
-63
-56
-66
-73
-70
-68
-90
-86
-82
-95
-91
-96
-85
-105
-88
-99
-103
-83
-96
-72
-81
-80
-53
-43
-38
-35
-29
-34
-48
-46
-57
-34
-38
-16
13
31
45
59
71
70
64
68
62
41
35
35
36
36
25
33
33
25
34
58
64
76
109
115
119
97
87
51
28
53
40
36
48
26
28
18
23
15
22
25
32
19
22
-3
-19
-25
-44
-41
-48
-34
-44
-46
-67
-67
-66
-82
-79
-77
-79
-60
-62
-17
-25
-20
-37
-32
-23
-63
-55
-61
-59
-57
-30
-27
-16
-16
6
-8
-4
7
10
22
20
45
39
50
42
30
41
70
65
91
87
90
81
89
56
58
66
67
63
61
91
33
62
45
63
57
80
74
54
60
31
31
13
18
9
3
3
-15
-35
-27
-31
-9
-21
-26
-17
-43
-27
-31
-43
-59
-62
-61
-75
-91
-86
-80
-103
-87
-79
-67
-82
-81
-75
-109
-95
-101
-106
-97
-72
-85
-52
-49
-61
-72
-84
-70
-84
-68
-71
-53
-44
-29
-13
-12
-11
-4
14
20
38
52
23
18
6
15
24
45
64
85
99
77
100
87
86
114
95
110
104
108
105
89
93
88
92
84
111
91
83
74
82
60
58
77
60
69
55
64
47
62
34
32
9
-6
6
-8
-18
-18
-16
-32
-26
-12
-31
-41
-49
-75
-77
-87
-95
-80
-70
-66
-78
-76
-78
-86
-108
-107
-101
-100
-86
-82
-72
-88
-72
-87
-71
-79
-67
-34
-31
-28
15
0
1
-3
4
28
22
46
58
31
43
27
40
63
58
85
91
105
96
99
61
60
47
58
37
60
59
50
49
43
63
40
49
33
49
8
18
15
3
-1
24
28
5
-13
-38
-59
-73
-62
-52
-24
-25
-2
-25
-38
-64
-60
-47
-46
-22
-27
-16
-10
-32
-43
-51
-73
-44
-50
-51
-24
-38
-43
-44
-49
-21
-18
-27
-10
-18
-33
-49
-41
-60
-60
-54
-41
-52
-21
-25
-14
-7
-10
2
-3
10
16
36
27
32
27
10
3
6
-1
9
10
28
33
43
69
61
71
79
51
74
69
40
46
35
8
18
15
24
44
53
69
59
52
59
74
42
65
52
66
59
35
39
52
36
45
65
61
70
54
40
30
20
18
14
22
25
38
25
34
29
4
-20
-38
-60
-70
-65
-74
-39
-49
-40
-61
-48
-70
-63
-83
-65
-64
-89
-83
-100
-102
-112
-95
-106
-90
-85
-78
-89
-85
-87
-91
-60
-47
-42
-38
-37
-40
-57
-46
-44
-24
-4
7
25
47
43
34
39
24
3
24
17
17
29
41
64
49
59
76
86
85
78
70
55
36
42
52
46
46
47
35
45
28
49
36
41
63
54
40
2
-3
-22
-23
-14
-5
-4
7
-1
-1
-6
-6
-24
-24
-32
-34
-27
-28
-15
-46
-37
-27
-35
-26
-13
-19
5
-4
-8
-11
-14
-28
-25
-5
-16
4
-17
-24
-35
-49
-45
-27
-22
-15
12
20
35
20
36
36
4
11
2
-13
-7
-9
9
20
27
52
42
55
56
60
63
53
38
33
31
22
14
12
34
38
45
76
57
73
72
79
48
41
30
40
26
42
53
24
24
19
23
-2
28
7
-8
-7
-5
-13
-24
-24
-6
-26
-24
-22
-37
-40
-48
-58
-56
-54
-71
-88
-95
-96
-106
-108
-106
-119
-114
-103
-113
-128
-124
-125
-139
-119
-145
-149
-139
-141
-135
-126
-113
-87
-60
-48
-42
-37
-29
-31
-11
-8
-7
1
18
10
1
22
6
20
24
44
60
90
108
126
147
149
158
143
123
124
129
124
130
139
154
136
152
153
166
163
167
172
168
178
156
128
106
77
79
90
87
102
83
74
63
50
27
36
36
26
18
2
-27
-28
-43
-28
-37
-49
-16
-68
-77
-91
-84
-93
-97
-87
-118
-100
-117
-121
-142
-138
-137
-133
-127
-133
-118
-138
-123
-148
-143
-134
-139
-123
-102
-85
-85
-78
-79
-91
-77
-88
-65
-77
-60
-61
-63
-53
-64
-54
-35
-8
5
26
29
42
47
53
59
63
55
50
47
45
58
78
103
106
121
113
119
102
103
95
115
115
104
113
112
118
104
109
85
88
64
97
79
76
84
44
59
29
46
39
40
53
34
9
-15
-30
-66
-65
-89
-81
-80
-84
-99
-92
-101
-91
-92
-92
-66
-78
-87
-86
-81
-97
-113
-112
-108
-112
-101
-99
-92
-82
-59
-43
-35
-19
-14
4
-7
-4
7
-1
7
-1
9
31
38
61
71
71
86
92
73
114
117
109
131
125
126
119
108
126
129
110
127
99
86
71
66
58
48
64
73
65
57
27
8
10
-18
-6
-7
-14
-35
-31
-61
-76
-79
-94
-84
-82
-48
-61
-62
-72
-106
-97
-133
-129
-122
-126
-120
-101
-88
-83
-94
-80
-84
-88
-42
-36
-48
-37
-23
-51
-75
-48
-65
-40
-16
10
15
13
17
10
8
25
41
47
35
29
26
23
44
41
46
52
53
60
58
80
61
74
85
80
86
68
59
43
48
22
46
42
45
40
16
17
-2
-41
-36
-8
-26
10
42
13
-3
20
4
-20
-31
13
-20
-11
-9
-23
-17
-34
-22
-12
1
16
16
10
19
4
-11
-27
-20
-34
-47
-12
-10
-11
8
14
23
6
5
23
41
35
53
33
28
-9
-34
-41
-59
-36
-22
16
43
33
37
54
29
15
19
23
-5
18
12
-12
3
-9
-14
-17
-9
-11
-8
3
-4
-5
-12
-26
-48
-50
-53
-54
-35
-42
-22
-15
-6
-14
-26
-25
-57
-66
-65
-66
-26
-1
3
17
16
-7
-2
-19
-44
-35
-26
-9
13
39
36
43
50
34
19
20
17
9
5
2
-15
-21
-4
-7
4
7
20
15
50
31
46
59
34
54
29
41
1
1
8
-4
10
19
18
19
11
26
24
28
15
17
5
-9
1
-17
-16
-30
-20
-45
-33
-41
-32
-46
-27
-16
-25
-22
-21
-26
-46
-12
-14
-8
-1
-24
-13
-19
-30
-48
-55
-59
-55
-45
-43
-18
-11
-8
-7
12
-13
-28
-49
-54
-65
-39
-26
-3
10
9
31
47
46
58
80
82
63
47
49
41
52
69
80
125
117
124
105
90
73
73
74
92
109
130
125
123
118
89
83
85
76
67
54
32
24
-12
-25
-43
-35
-46
-55
-33
-45
-49
-44
-63
-66
-90
-97
-98
-97
-111
-123
-141
-150
-162
-180
-170
-162
-151
-158
-126
-125
-129
-114
-101
-112
-109
-102
-83
-96
-89
-79
-64
-33
-29
-15
-11
41
33
56
64
50
71
65
60
100
104
100
109
95
90
99
121
136
137
119
135
116
107
104
96
101
96
106
89
60
57
39
44
28
52
52
31
2
-19
-25
-49
-32
-44
-33
-30
-17
-37
-34
-57
-85
-88
-92
-87
-79
-73
-74
-71
-84
-74
-84
-50
-34
-39
1
1
-15
-21
-59
-56
-64
-51
-39
-16
0
3
20
16
18
11
21
11
-1
28
22
49
32
37
37
36
37
26
43
52
55
51
92
91
81
93
64
91
53
63
77
101
108
84
83
66
29
5
14
37
44
51
63
50
33
4
-8
-19
-10
-6
0
2
-26
-34
-69
-101
-96
-127
-132
-114
-98
-85
-74
-68
-70
-88
-103
-100
-85
-97
-77
-67
-92
-87
-87
-99
-91
-94
-69
-51
-25
-15
-10
-7
0
-13
-14
-7
-21
-26
3
-22
-22
3
-18
-1
-21
-4
-1
4
42
55
72
74
78
74
52
60
73
33
53
59
62
69
98
91
85
107
60
79
64
50
50
45
70
70
42
52
31
18
15
2
17
0
5
8
-1
-15
-14
-5
-19
-15
-23
-21
-25
-32
-25
-40
-46
-39
-35
-24
-23
-17
-12
-15
-24
-30
-40
-43
-21
-31
-5
4
1
0
-11
-6
-4
3
24
33
34
36
29
23
6
-8
-8
28
15
17
8
4
-7
-4
14
12
25
20
40
28
19
5
-8
-22
-41
-32
-38
-25
-31
-15
-19
7
18
7
18
10
6
-13
-6
-37
-43
-81
-66
-76
-85
-60
-67
-53
-35
-30
-42
-17
-30
-33
-23
-20
-35
-40
-43
-53
-43
-63
-64
-48
-42
-36
-2
11
13
43
63
54
79
51
57
37
22
26
26
54
49
68
78
76
69
98
114
80
103
107
88
91
78
68
52
39
21
38
20
23
27
25
0
-5
-8
-21
-14
-10
-6
15
-4
-4
-22
-44
-55
-76
-71
-65
-76
-60
-72
-79
-67
-90
-75
-67
-45
-36
-1
-7
-7
2
-12
-43
-40
-40
-42
-42
-18
-26
-15
-14
-14
5
7
9
22
5
18
16
17
9
-14
2
-7
-13
-19
15
3
50
58
51
62
47
21
-7
-6
2
9
-4
41
25
49
40
6
12
0
-2
1
18
14
13
22
31
30
8
22
13
-1
0
-10
-1
-15
-12
-20
-17
-33
-13
4
6
17
3
25
-12
10
-4
-12
-3
-18
0
-11
3
-17
-12
-7
-16
13
3
8
8
4
1
-12
21
-20
-14
11
-24
-10
-12
-13
-7
-19
-6
2
-24
-9
-12
-6
-21
-20
-12
-5
1
5
-15
-28
-15
-10
-13
-22
-17
-20
-19
-15
-26
-15
-11
-25
-34
-19
-8
-7
0
35
26
14
29
-4
-8
-2
8
9
31
21
22
24
28
34
18
27
11
2
2
-11
-3
-19
-13
-10
-8
17
15
12
6
15
9
13
6
-6
-7
9
8
41
20
26
31
25
13
16
25
14
31
26
47
50
43
46
48
51
48
64
55
43
33
18
4
2
-9
-12
16
-9
6
14
10
-7
13
1
1
14
-7
7
-16
-28
-40
-53
-73
-71
-68
-48
-43
-35
-41
-39
-37
-54
-55
-68
-71
-75
-75
-60
-70
-87
-84
-104
-91
-102
-72
-71
-41
-34
-31
-59
-72
-61
-102
-85
-64
-21
-27
-3
-9
6
18
14
47
64
63
84
80
65
59
54
62
64
85
76
88
90
77
88
94
90
109
132
136
122
141
112
125
99
66
77
65
54
44
35
30
33
46
58
68
47
47
24
-9
-12
-61
-49
-48
-34
-52
-40
-37
-59
-72
-58
-69
-61
-53
-72
-71
-101
-99
-100
-100
-90
-93
-80
-86
-102
-104
-123
-104
-82
-71
-41
-37
-34
-65
-62
-75
-74
-73
-68
-42
-25
16
7
32
20
13
25
27
19
5
14
6
18
32
66
90
88
99
88
92
82
84
66
68
76
70
73
87
102
93
102
105
106
120
83
114
90
74
73
55
54
37
30
34
26
12
21
22
13
6
0
-29
-14
-43
-31
-8
-21
-22
-53
-72
-106
-107
-101
-96
-92
-92
-92
-132
-145
-161
-177
-153
-157
-145
-117
-111
-111
-129
-117
-123
-118
-109
-99
-107
-106
-88
-101
-73
-57
-48
-40
-32
-18
7
15
37
70
66
62
56
78
68
110
107
125
133
141
152
152
178
160
184
180
206
183
203
213
216
219
224
190
141
140
116
104
97
120
126
89
98
63
36
40
22
31
21
22
23
-13
-56
-92
-102
-104
-128
-117
-143
-150
-153
-170
-157
-157
-139
-125
-109
-130
-144
-170
-169
-179
-162
-135
-135
-141
-141
-158
-159
-146
-114
-97
-73
-68
-55
-67
-67
-74
-62
-31
-34
2
-32
-38
-40
-49
-29
-19
6
13
29
42
45
61
59
77
87
93
101
109
88
61
51
48
55
65
96
106
137
150
158
153
130
119
102
115
111
133
142
134
120
98
74
41
32
41
53
74
82
93
52
24
-8
1
16
15
28
-1
-22
-64
-90
-113
-111
-95
-73
-53
-49
-44
-51
-56
-77
-71
-70
-75
-77
-96
-99
-113
-130
-128
-129
-106
-104
-88
-77
-62
-51
-65
-48
-15
-11
-8
-7
-4
-10
-4
-35
-10
-12
0
28
34
26
16
25
41
44
58
82
92
110
90
73
57
63
37
40
48
63
81
90
88
90
69
68
95
88
83
100
80
87
54
29
20
9
-7
-17
4
-7
2
-8
7
9
14
16
-10
-23
-47
-59
-83
-76
-80
-86
-75
-63
-85
-96
-79
-84
-80
-75
-66
-54
-69
-95
-86
-100
-129
-123
-117
-113
-95
-83
-50
-49
-59
-24
-25
-15
-20
4
4
-13
-3
-25
-34
-64
-54
-49
-31
-6
11
39
53
71
54
68
63
47
55
61
59
58
78
61
64
78
76
98
76
90
83
98
98
87
90
96
79
86
101
66
98
65
55
29
2
9
3
21
24
30
6
21
-4
-10
-16
-7
-4
-7
8
7
-2
-2
3
-15
-21
-33
-41
-31
-22
-33
-29
-11
-2
-36
1
6
-18
-22
-39
-38
-50
-43
-34
-7
2
11
27
18
23
-3
-5
-11
-36
-39
-40
-17
-33
-30
-26
-22
-15
-30
-25
-23
-37
-48
-46
-59
-62
-60
-58
-49
-39
-36
-50
-67
-97
-104
-109
-92
-54
-33
-20
-26
-14
-15
-43
-35
-45
-17
-1
10
48
21
40
18
30
40
48
78
95
86
81
78
52
31
44
49
75
91
107
100
101
86
88
103
82
94
66
80
43
25
12
-2
-1
-16
24
20
3
-8
-12
-25
-41
-32
-44
-45
-44
-60
-78
-74
-98
-98
-82
-71
-48
-43
-40
-43
-54
-64
-82
-56
-59
-62
-60
-52
-48
-45
-37
-33
-22
-32
-21
-20
2
7
14
22
19
17
15
36
36
35
66
73
75
74
75
82
75
83
90
81
92
95
97
123
117
110
91
89
70
61
69
67
56
58
53
33
32
28
43
43
55
48
26
20
-11
-27
-36
-47
-32
-39
-45
-42
-70
-100
-111
-112
-112
-115
-91
-81
-94
-94
-100
-114
-133
-142
-138
-126
-121
-123
-125
-139
-152
-142
-128
-116
-111
-79
-84
-83
-77
-77
-72
-73
-55
-42
12
-1
24
15
17
-3
12
24
26
55
56
88
81
97
104
116
130
123
139
126
127
132
115
126
137
148
151
175
172
156
150
140
117
99
101
82
81
102
111
103
97
79
69
55
47
34
31
20
10
-2
-24
-37
-53
-39
-74
-70
-94
-102
-121
-125
-118
-129
-108
-119
-109
-114
-117
-146
-117
-123
-123
-99
-117
-106
-130
-138
-150
-134
-128
-103
-74
-54
-36
-42
-23
-31
2
-9
14
11
26
30
48
41
32
46
41
54
54
69
82
96
114
122
126
96
117
113
103
124
99
79
56
33
14
11
25
22
60
79
68
62
48
28
10
3
1
-7
-12
-50
-60
-40
-28
-31
-37
-7
-7
-30
-5
-25
-23
-28
-25
-42
-45
-44
-72
-67
-56
-62
-61
-39
-36
-55
-53
-50
-59
-60
-51
1
-6
17
16
16
-33
-49
-26
-52
-48
-43
-20
-31
-37
-38
-19
-19
-7
15
11
20
8
28
13
3
10
-8
6
-12
1
5
12
12
14
28
26
24
24
56
47
48
79
56
34
38
40
49
56
51
78
65
62
59
53
54
56
52
52
42
42
29
22
21
12
19
8
5
1
4
3
6
17
-1
3
14
-3
-6
-31
-29
-35
-57
-71
-38
-43
-31
-16
-9
-10
-5
5
-15
-19
-15
-38
-26
-42
-31
-50
-48
-43
-59
-46
-40
-31
-31
-26
-27
-22
-21
-17
-4
-8
15
2
-9
0
-32
-11
-11
15
-6
8
12
-13
-20
-42
-25
-42
1
-10
9
22
16
25
14
18
-10
-20
-14
-2
-13
-10
0
-10
5
0
15
4
-2
4
9
4
10
-1
11
-2
15
34
44
55
46
29
13
12
0
6
7
24
29
38
43
32
38
16
31
43
35
52
44
36
-11
-2
2
7
-1
-1
0
9
5
-11
8
-5
2
9
22
-5
-16
-3
-43
-73
-45
-58
-31
-24
-22
-6
-7
-4
-6
-4
3
-6
-5
19
-5
-4
0
-2
-21
-32
-26
-29
-15
-18
-19
3
0
-13
0
-12
-13
-8
-9
-19
-15
1
-19
-20
-20
-22
-23
-18
-1
6
10
14
26
3
-11
7
-7
6
32
21
11
21
8
5
-6
21
0
16
57
51
54
48
60
42
44
28
31
38
18
8
8
9
0
19
5
19
-3
-14
-11
-39
-42
-41
-27
-38
-20
-35
-44
-48
-56
-47
-56
-48
-54
-53
-36
-37
-42
-41
-37
-23
-29
-11
-6
-14
-8
-4
-11
-44
-12
-21
-6
28
9
30
-3
5
6
2
26
59
67
86
89
70
58
49
25
25
22
26
24
30
42
48
46
44
40
47
49
24
53
32
31
11
6
0
-4
4
9
-3
-3
1
9
15
35
22
12
14
-5
-25
-27
-22
-43
-13
-7
-1
12
-4
-13
-31
-30
-34
-50
-51
-51
-52
-39
-34
-18
-22
-28
-41
-45
-40
-50
-53
-28
-29
-23
-32
-34
-25
-44
-46
-60
-59
-55
-66
-58
-41
-61
-30
-22
-37
-6
-5
13
11
33
30
28
33
6
9
8
-18
-5
12
30
18
53
71
68
87
89
98
77
78
79
60
54
78
53
45
48
39
60
74
58
64
32
27
23
2
16
1
17
28
29
13
-6
-9
-34
-50
-62
-55
-82
-81
-45
-59
-45
-40
-33
-64
-67
-65
-57
-58
-71
-62
-49
-63
-84
-71
-67
-55
-43
-20
-12
-25
2
-16
3
12
22
23
38
35
37
36
23
51
43
54
50
53
43
32
27
41
42
45
49
41
50
51
38
36
30
12
27
33
22
49
41
23
22
8
-12
-16
-12
-10
-31
-15
-15
-12
6
12
19
29
34
33
10
4
-5
-43
-39
-41
-50
-39
-35
-45
-50
-56
-60
-55
-44
-21
-12
2
7
-8
-19
-32
-63
-69
-74
-58
-44
-18
18
19
30
31
16
18
30
15
17
20
33
24
-9
-14
-20
-39
-22
-13
-6
18
18
25
-9
11
21
1
21
29
38
12
12
-14
-20
-30
-29
-18
-20
11
7
18
23
21
2
8
17
-4
-24
-15
-13
-13
17
15
34
38
24
-8
-7
-13
-14
8
27
42
35
20
6
-11
-16
-1
-10
-3
15
18
-17
-9
-15
-30
13
15
28
28
39
20
12
12
-23
-15
-8
-14
2
8
35
13
21
33
20
42
31
43
51
43
33
21
14
5
-9
13
-15
-9
-7
-21
-20
-10
-21
-5
19
41
36
10
10
-31
-38
-37
-41
-47
-16
-31
-42
-36
-49
-60
-63
-18
-47
-20
-21
-40
-45
-34
-41
-29
-29
-39
-27
-40
-54
-55
-36
-55
-15
-15
-13
-39
-24
-30
-32
-28
-6
-10
-4
10
3
24
9
0
3
-2
4
3
1
1
5
31
41
38
54
60
60
77
73
62
61
51
55
41
50
41
22
15
7
12
10
26
38
44
52
65
71
59
41
54
23
41
39
39
26
13
-1
-29
-21
-19
6
19
30
50
29
20
-5
7
-15
2
11
27
19
18
13
-4
-28
-25
-22
-26
4
0
21
-15
-1
-27
-43
-45
-34
-41
-24
-24
-32
-45
-73
-77
-99
-87
-87
-75
-58
-49
-39
-44
-35
-30
-50
-55
-61
-60
-57
-67
-71
-60
-53
-54
-45
-45
-30
-26
-10
-23
-6
-29
-1
-21
-22
-2
1
12
-1
29
17
26
3
12
5
11
21
20
35
23
37
38
52
56
44
47
50
30
27
31
8
15
40
54
58
64
67
86
61
69
74
75
84
74
66
77
57
67
65
87
88
76
88
53
68
41
51
43
50
40
48
44
42
33
-3
0
-26
-25
-28
-26
-28
-43
-40
-46
-69
-61
-79
-64
-93
-83
-80
-73
-74
-87
-74
-88
-86
-114
-125
-122
-104
-105
-84
-84
-80
-81
-83
-77
-73
-61
-21
-22
-9
-14
-21
-20
-27
-39
-46
-23
-24
5
5
34
33
44
47
42
36
43
54
43
47
35
30
8
10
16
20
55
56
71
84
79
87
88
92
86
87
72
62
56
50
39
43
22
60
46
49
63
46
43
49
46
48
35
17
-11
-8
-24
-12
-15
-5
-3
-19
-25
-40
-37
-42
-31
-25
-15
-21
-21
-61
-71
-92
-93
-93
-83
-92
-81
-86
-98
-106
-95
-82
-74
-54
-30
-30
-42
-37
-45
-65
-77
-68
-76
-72
-70
-51
-21
-9
10
22
19
55
54
69
76
87
61
57
62
48
42
46
57
64
82
82
103
116
126
149
149
152
171
146
124
116
87
81
71
73
78
59
67
55
29
20
32
29
45
35
45
14
-1
-15
-34
-60
-75
-72
-93
-67
-98
-105
-108
-110
-104
-114
-93
-101
-89
-99
-77
-89
-92
-102
-113
-121
-126
-117
-123
-113
-113
-98
-98
-90
-94
-63
-66
-57
-45
-41
-6
-35
-21
-1
-5
-18
19
-5
5
9
6
30
27
12
38
41
29
49
43
60
44
56
55
56
45
34
36
34
45
49
66
74
71
75
84
75
87
76
77
68
77
74
80
75
77
73
58
81
64
70
73
83
72
79
53
41
48
31
25
26
34
31
18
19
-4
-15
-33
-50
-40
-45
-41
-41
-40
-52
-42
-47
-59
-33
-46
-61
-56
-70
-80
-83
-87
-81
-67
-70
-60
-49
-50
-54
-44
-59
-57
-53
-15
-11
3
-1
7
-15
-38
-46
-53
-23
-42
-20
-10
4
-9
13
15
16
7
-6
18
-9
5
2
3
-1
16
4
1
-1
-6
3
20
20
41
49
22
31
21
33
17
11
25
11
-4
-1
-15
-11
-19
-14
-5
-3
9
4
25
27
25
33
33
10
19
11
20
-6
5
-14
-13
14
10
22
12
25
22
19
15
27
32
30
24
25
18
10
22
8
19
7
9
12
10
20
8
11
-13
-11
-32
-21
-30
-16
-2
10
1
-21
-25
-30
-27
-10
1
-15
-17
-18
-22
0
2
29
18
17
23
11
1
6
0
-4
-1
2
-15
-26
-17
-29
-26
-1
7
-4
-8
-21
-22
-12
-12
-8
-17
2
-23
-32
-51
-65
-40
-46
-1
10
9
3
-16
-35
-31
-34
-12
9
-6
5
-1
-20
-24
-24
-7
10
24
9
35
37
23
20
14
18
-10
-13
-14
-33
-32
6
-6
-10
13
14
17
4
25
32
33
46
49
41
33
29
17
24
9
28
13
1
11
7
19
22
29
8
26
16
37
50
46
70
49
31
-5
-17
-5
2
18
16
34
23
24
1
-14
-4
-8
0
0
25
24
15
3
-14
-39
-53
-51
-63
-54
-44
-38
-32
-31
-11
5
-4
-7
20
-18
-22
-4
-13
-1
12
14
-8
-5
-23
-45
-20
-43
-19
-10
-21
-3
-6
8
35
16
28
26
38
24
1
3
-56
-46
-54
-47
-54
-46
-24
-30
-13
2
-15
-23
-17
-45
-34
-34
-21
-21
-15
-17
-19
-19
-20
-26
-23
-15
-1
0
4
3
-18
9
-4
-6
5
8
10
4
7
20
22
23
38
61
46
24
40
16
24
37
42
38
38
27
16
19
11
34
30
50
65
73
65
66
44
30
30
13
15
27
8
2
13
-1
-10
-6
2
0
-5
-11
-16
-27
-25
-57
-41
-30
-28
-20
-7
-8
-17
-1
-12
-1
-4
-32
-38
-56
-67
-59
-45
-45
-41
-12
-22
-24
-17
-12
-38
-32
-32
-17
-5
-5
1
-4
20
26
36
34
27
31
22
30
31
33
55
44
38
25
19
13
10
32
23
61
79
62
63
47
19
-3
6
4
16
12
43
31
18
27
14
7
1
15
14
10
8
10
-19
-45
-45
-41
-46
-47
-49
-28
-34
-48
-44
-48
-63
-88
-65
-78
-67
-71
-56
-49
-61
-61
-69
-58
-61
-45
-54
-45
-50
-57
-28
-28
-24
-3
-5
12
26
20
31
36
42
46
33
37
18
10
8
0
33
40
66
83
95
86
72
64
58
54
65
57
73
76
80
88
65
64
46
37
14
31
16
25
25
-3
33
3
17
-19
-8
-32
-39
-33
-42
-39
-63
-36
-60
-50
-75
-59
-60
-85
-70
-77
-73
-100
-93
-91
-109
-100
-94
-103
-82
-77
-59
-52
-55
-38
-44
-40
-43
-28
-12
-23
3
32
17
37
65
63
50
59
94
85
92
92
104
95
90
97
92
104
117
136
118
134
138
150
135
153
151
149
152
144
117
102
96
76
83
61
68
29
38
29
26
30
22
-8
-3
-16
-34
-44
-69
-68
-95
-93
-124
-111
-129
-139
-135
-133
-151
-151
-168
-179
-183
-190
-171
-187
-196
-189
-161
-180
-200
-178
-187
-192
-178
-176
-168
-149
-130
-114
-98
-88
-100
-87
-72
-54
-21
2
16
25
36
29
49
60
81
90
101
95
113
134
135
159
184
189
179
207
188
174
178
205
206
212
222
221
186
170
152
159
159
153
194
176
174
141
123
93
77
70
86
68
75
59
25
-3
-12
-11
-27
-45
-51
-54
-80
-88
-93
-92
-120
-124
-106
-135
-138
-154
-146
-144
-146
-137
-137
-138
-162
-171
-163
-179
-160
-143
-153
-123
-109
-94
-90
-88
-55
-68
-71
-61
-55
-51
-65
-41
-30
-20
-15
16
35
20
44
56
63
71
78
84
100
104
101
100
70
58
49
46
50
65
92
97
88
93
82
80
68
77
76
46
59
55
44
44
32
22
1
-23
-31
-20
-25
-15
1
0
3
-7
-8
-21
-41
-25
-47
-46
-57
-56
-59
-72
-83
-68
-64
-54
-41
-4
-16
5
20
14
6
-13
-7
-37
-33
-40
-35
-54
-48
-40
-45
-30
-12
33
34
39
57
54
55
38
36
30
31
15
-12
10
-12
-2
3
12
18
27
40
58
69
41
75
69
74
71
62
76
32
15
17
19
9
-1
14
19
-7
20
33
36
21
29
36
6
-10
3
-13
-17
-16
-6
-27
-43
-40
-75
-69
-77
-61
-56
-40
0
-10
-33
-22
-46
-62
-89
-64
-65
-85
-41
-17
-21
-20
-31
-22
-25
-37
-25
-17
-36
-30
-34
-11
15
-6
33
28
23
-2
16
2
-21
2
3
7
4
24
5
8
23
13
11
16
4
20
34
16
29
34
5
-16
-5
-7
-21
6
12
22
25
30
29
15
33
19
15
7
-13
6
9
12
26
30
33
27
34
28
21
41
42
59
56
52
43
5
17
-1
25
23
28
46
34
64
31
35
11
9
16
19
46
35
31
25
22
17
-2
-16
-13
-40
-23
-48
-32
-50
-52
-43
-47
-36
-37
-37
-55
-49
-47
-74
-50
-61
-76
-81
-111
-125
-136
-149
-153
-130
-90
-86
-70
-71
-72
-66
-61
-62
-52
-34
-36
-11
-23
-22
-30
-42
-13
-5
19
37
73
63
68
68
57
59
74
77
74
86
105
121
117
133
111
107
90
93
107
105
129
147
131
108
111
102
82
89
108
84
85
90
64
46
41
41
8
26
32
40
15
30
37
-6
0
-26
-29
-40
-55
-25
-26
-57
-66
-122
-112
-168
-139
-142
-128
-85
-90
-76
-104
-112
-125
-138
-135
-120
-106
-109
-107
-100
-152
-127
-135
-134
-114
-96
-76
-71
-31
-38
-24
-32
-32
-22
-9
29
27
52
46
47
37
22
48
57
59
93
89
110
131
151
142
146
150
141
142
115
140
81
87
79
78
58
66
78
64
108
117
130
137
119
124
59
46
36
19
21
-11
-5
-58
-69
-71
-65
-58
-42
-34
-41
-40
-51
-42
-35
-24
-34
-53
-71
-113
-169
-171
-172
-170
-172
-144
-121
-126
-83
-72
-56
-71
-50
-55
-67
-40
-43
-36
-26
-56
-80
-94
-102
-82
-50
-25
8
23
45
54
60
63
83
76
75
86
65
64
42
21
18
7
44
72
105
125
136
118
86
76
49
51
97
117
140
150
132
102
53
6
-12
6
30
70
91
115
104
77
42
-9
-23
-46
-40
-44
-25
-35
-25
-35
-47
-65
-90
-82
-110
-87
-57
-40
-49
-77
-103
-146
-159
-135
-117
-92
-60
-39
-48
-52
-66
-69
-82
-67
-43
-14
12
16
20
-10
-24
-34
-32
0
23
48
91
86
88
82
56
73
56
66
94
79
90
79
85
64
93
82
93
112
101
99
80
93
70
48
29
13
7
-7
-20
-27
12
-22
-5
-2
-69
-63
-57
-38
-58
-76
-53
-107
-108
-117
-109
-110
-116
-92
-114
-99
-113
-118
-105
-99
-83
-88
-88
-72
-86
-48
-48
-51
-31
-32
-12
-3
7
2
13
14
-1
22
35
53
74
88
108
110
105
123
119
124
146
141
128
117
127
121
110
117
104
120
105
121
109
109
108
89
81
48
26
21
7
15
22
26
27
-5
-13
-7
-9
-2
-14
-21
-25
-58
-65
-71
-74
-96
-114
-114
-133
-131
-142
-117
-144
-143
-183
-207
-245
-277
-269
-281
-242
-240
-220
-217
-221
-197
-196
-184
-161
-134
-115
-92
-70
-61
-47
-70
-56
-57
-58
-11
5
40
22
47
33
71
107
133
173
214
258
251
269
241
192
164
186
207
250
287
316
319
303
325
333
371
406
442
451
471
466
463
461
433
401
376
359
346
345
314
297
257
203
164
150
96
64
38
-33
-87
-156
-189
-210
-239
-266
-287
-312
-346
-370
-400
-440
-458
-466
-477
-473
-478
-489
-483
-476
-505
-527
-551
-579
-643
-659
-664
-648
-607
-582
-550
-529
-552
-564
-581
-560
-529
-444
-364
-276
-197
-174
-150
-164
-169
-185
-135
-51
56
161
225
274
248
249
233
255
307
354
443
500
565
595
595
563
496
446
425
465
551
646
764
810
782
726
616
489
428
427
485
600
720
796
791
683
542
399
315
310
401
521
598
633
592
470
329
190
55
25
10
41
53
33
-46
-135
-254
-360
-396
-425
-426
-438
-416
-437
-442
-506
-531
-552
-560
-537
-545
-629
-729
-777
-806
-811
-779
-681
-598
-554
-577
-610
-679
-678
-694
-686
-654
-561
-502
-498
-438
-438
-506
-497
-483
-470
-375
-270
-179
-123
-136
-132
-102
-78
-33
49
103
125
192
239
263
272
326
349
381
395
411
455
502
547
579
602
583
577
566
562
546
550
566
571
559
560
548
529
531
513
535
541
516
524
478
429
357
316
255
227
237
219
256
248
244
222
195
159
127
119
107
86
81
89
24
0
-55
-102
-145
-178
-160
-196
-180
-160
-173
-143
-191
-193
-220
-239
-237
-264
-277
-312
-327
-367
-376
-401
-424
-436
-441
-420
-407
-429
-426
-428
-455
-465
-454
-478
-463
-461
-457
-473
-491
-495
-506
-496
-474
-433
-400
-373
-341
-321
-296
-291
-254
-218
-187
-149
-121
-68
-37
-4
12
44
82
136
142
226
262
305
358
349
369
381
406
418
463
505
529
539
565
556
563
567
556
556
533
542
537
518
514
515
510
469
469
447
430
389
366
351
304
283
257
205
152
97
26
-32
-67
-95
-138
-108
-105
-105
-141
-172
-193
-254
-289
-287
-282
-264
-239
-229
-253
-314
-365
-428
-421
-424
-366
-303
-248
-213
-202
-203
-225
-219
-224
-202
-157
-198
-213
-175
-163
-146
-151
-79
-104
-151
-76
47
-15
-34
25
-9
-5
30
72
99
26
-13
-29
-108
-68
-9
35
63
4
-18
38
93
38
-5
7
-36
-66
-18
-1
-52
-64
-154
-162
-89
-103
-100
-234
-299
-183
-126
25
81
57
-3
-151
-252
-271
-164
-53
30
104
10
-12
-17
-73
-86
-53
-81
-55
46
65
172
210
193
147
91
9
57
148
168
259
343
361
304
237
155
99
85
114
206
290
353
425
436
383
320
232
203
208
298
394
505
556
545
510
440
378
313
312
326
383
432
417
379
285
199
129
40
16
48
107
170
190
85
-51
-151
-181
-228
-346
-315
-224
-277
-357
-377
-410
-548
-584
-466
-442
-404
-454
-542
-569
-637
-695
-654
-640
-635
-644
-680
-703
-762
-752
-663
-789
-629
-394
-354
-354
-524
-637
-661
-581
-412
-318
-250
-348
-498
-357
-318
-234
-24
129
118
-41
-78
-9
57
259
441
519
514
429
380
316
255
241
330
445
584
718
760
743
627
489
428
460
550
679
754
760
718
691
583
434
222
51
46
197
505
811
972
907
670
319
64
38
212
501
759
899
886
717
457
193
-19
-114
-3
216
475
662
620
382
21
-290
-458
-431
-249
-54
99
114
-29
-252
-498
-693
-729
-675
-533
-396
-322
-392
-460
-605
-769
-799
-839
-775
-631
-529
-496
-498
-662
-861
-1009
-1032
-1029
-925
-657
-472
-429
-474
-755
-1018
-1041
-895
-603
-284
-127
-196
-285
-386
-516
-569
-686
-658
-313
-42
308
630
547
182
-155
-334
-284
22
358
659
877
774
617
451
285
284
300
324
402
493
595
698
768
718
595
492
448
531
629
851
1037
1047
940
694
366
25
-162
-161
102
534
933
1190
1150
808
403
96
94
256
593
950
1118
1106
878
591
175
-213
-399
-270
95
528
870
929
667
110
-442
-723
-735
-478
-121
186
252
89
-228
-630
-960
-1137
-1083
-811
-462
-183
-105
-240
-516
-839
-1062
-1118
-1014
-863
-683
-518
-494
-646
-871
-1058
-1183
-1161
-1053
-903
-654
-512
-547
-701
-848
-962
-974
-861
-784
-533
-249
-213
-344
-351
-345
-372
-277
-63
121
168
211
258
286
198
238
322
327
372
486
565
602
721
807
831
769
631
498
489
518
572
566
597
671
730
783
811
784
637
518
552
686
830
904
754
396
-42
-239
-135
272
810
1162
1195
840
375
49
-43
145
423
787
993
995
880
674
406
69
-130
-140
4
242
416
365
114
-239
-460
-534
-416
-262
-197
-278
-424
-574
-675
-699
-593
-473
-424
-361
-335
-396
-568
-693
-774
-729
-649
-549
-476
-538
-672
-825
-928
-928
-864
-756
-611
-507
-458
-487
-579
-684
-835
-882
-757
-681
-714
-669
-601
-593
-659
-664
-582
-462
-317
-132
108
137
41
21
-64
-55
43
187
249
217
251
188
170
249
346
397
469
587
671
706
699
558
404
262
208
330
545
683
730
765
685
539
397
420
538
683
762
602
257
-58
-102
160
622
1145
1438
1289
815
357
157
243
525
901
1222
1339
1273
1126
882
528
135
-38
68
389
710
1031
1124
850
227
-544
-1179
-1518
-1345
-739
3
405
235
-366
-1104
-1547
-1491
-950
-248
261
365
168
-150
-547
-846
-1070
-1131
-1077
-871
-552
-340
-391
-705
-1125
-1474
-1531
-1296
-856
-402
-135
-227
-472
-837
-1161
-1309
-1242
-959
-645
-369
-292
-376
-618
-776
-667
-409
-23
248
336
214
41
-52
-4
149
211
230
208
189
222
277
227
178
131
117
309
577
797
878
744
465
190
67
149
358
602
881
997
888
745
503
336
150
-11
-216
-250
50
522
1115
1534
1714
1424
732
195
80
426
965
1571
2010
2003
1629
1122
757
408
227
287
624
976
1179
1244
1049
619
6
-436
-546
-436
-283
-262
-374
-734
-1116
-1348
-1408
-1283
-1091
-737
-395
-83
51
46
-130
-454
-588
-623
-458
-281
-224
-373
-716
-1142
-1524
-1698
-1686
-1496
-1204
-921
-726
-671
-746
-934
-1090
-1209
-1155
-1009
-786
-592
-523
-584
-732
-875
-924
-838
-571
-221
114
360
423
358
108
-43
-68
91
334
506
567
408
210
58
-40
-9
82
136
238
354
429
449
410
302
233
212
344
530
700
798
784
785
659
529
191
-300
-793
-921
-365
505
1540
2212
2334
1717
712
-3
-89
385
1106
1944
2559
2637
2215
1560
905
271
-108
-6
557
1222
1643
1781
1502
827
-11
-613
-741
-562
-215
86
139
-262
-944
-1481
-1499
-1157
-720
-337
-207
-338
-546
-477
-129
140
216
49
-191
-519
-716
-810
-950
-1213
-1589
-1720
-1678
-1524
-1391
-1322
-1327
-1432
-1493
-1401
-1195
-977
-849
-731
-687
-694
-811
-876
-862
-817
-737
-646
-493
-434
-329
-136
131
369
411
338
216
98
109
201
280
244
110
-131
-208
-205
-49
108
144
125
20
32
167
408
558
628
658
611
583
603
752
868
978
754
35
-993
-1938
-1865
-975
578
2138
3196
3095
1772
307
-547
-485
217
1372
2693
3422
3398
2841
2076
1019
-85
-606
-261
666
1656
2477
2722
2114
787
-570
-1302
-1400
-927
-140
760
1256
976
103
-989
-1894
-2378
-2135
-1181
77
1004
1195
785
-1
-857
-1414
-1363
-740
-53
378
463
150
-684
-1769
-2560
-2864
-2734
-2206
-1354
-637
-366
-653
-1261
-1895
-2316
-2255
-1663
-725
59
370
204
-320
-1002
-1473
-1468
-998
-344
193
453
404
84
-336
-577
-538
-304
57
414
652
618
327
4
-347
-514
-490
-234
102
314
334
201
128
62
177
416
685
916
998
1133
1092
1066
1071
1018
609
-503
-1896
-2829
-2498
-1283
667
2593
3691
3164
1320
-249
-900
-556
478
2050
3499
3991
3678
3040
2172
913
-345
-804
-336
574
1662
2652
3034
2300
782
-664
-1503
-1664
-1199
-194
964
1570
1354
639
-248
-1284
-2143
-2419
-1838
-821
312
1374
1932
1648
457
-766
-1572
-1810
-1424
-626
253
435
-4
-845
-1883
-2788
-3314
-3166
-2483
-1579
-884
-499
-631
-1181
-1837
-2153
-1865
-1226
-409
214
442
186
-487
-1119
-1463
-1351
-978
-424
107
376
243
-102
-450
-730
-763
-556
-155
168
321
297
68
-223
-571
-684
-541
-283
99
379
599
581
543
449
489
697
1004
1385
1586
1686
1383
1111
799
445
-336
-1779
-2981
-3326
-2403
-735
1381
3209
3679
2657
909
-148
-262
356
1678
3291
4433
4622
4145
3305
2006
411
-767
-958
-301
662
1767
2595
2579
1555
47
-1202
-1905
-1921
-1208
62
1284
1792
1568
966
226
-494
-1279
-1862
-2181
-1880
-899
424
1779
2275
1653
-13
-1651
-2653
-2833
-2103
-1007
-200
-250
-754
-1490
-2309
-3016
-3379
-3288
-2812
-1983
-1083
-414
-160
-365
-897
-1346
-1498
-1305
-910
-433
-77
5
-215
-575
-862
-1068
-1063
-810
-354
19
178
91
-110
-294
-351
-109
242
538
517
310
-111
-541
-785
-727
-308
285
886
1342
1542
1527
1242
987
931
998
1250
1529
1789
1816
1601
1252
578
-555
-2291
-4051
-4837
-4042
-2000
549
2933
4216
3798
2048
400
-239
3
1061
2715
4483
5407
5260
4370
2757
640
-1411
-2376
-2020
-870
629
2028
2718
2049
389
-1386
-2611
-3007
-2382
-774
1209
2604
2917
2411
1465
399
-351
-582
-647
-834
-1064
-905
-503
-143
197
234
-324
-1437
-2407
-2825
-2779
-2254
-1437
-678
-288
-301
-627
-1230
-1891
-2384
-2635
-2521
-1930
-1131
-470
-71
-38
-454
-1230
-1791
-1876
-1494
-836
-172
261
197
-197
-584
-773
-711
-571
-389
-303
-341
-417
-372
-133
131
370
478
452
304
167
73
93
65
227
402
699
1001
1188
1394
1256
1168
873
739
724
928
1244
1538
1677
1478
1077
259
-1112
-3368
-5184
-5696
-4279
-1855
1024
3934
5357
4732
2555
767
-54
-66
1126
3184
5209
5980
5455
4094
1912
-796
-2995
-3831
-3128
-1581
310
2008
2743
1932
20
-1841
-2826
-2744
-1698
280
2349
3626
3808
3251
2365
1108
127
-179
118
129
-468
-1263
-2071
-2878
-3632
-3526
-2653
-1784
-1270
-771
-259
-283
-548
-591
-539
-515
-273
314
613
282
-550
-1685
-2924
-3800
-3861
-3187
-2080
-944
-131
163
9
-397
-863
-1043
-802
-193
563
1177
1367
866
-86
-1135
-2061
-2554
-2246
-1243
59
1101
1766
1802
1223
358
-294
-366
-189
262
864
1312
1360
1082
669
188
-337
-456
-106
510
1189
1800
2193
2002
1506
934
491
-217
-1183
-2935
-4764
-5726
-4906
-2619
120
3184
5193
5377
3699
1742
781
542
1262
2634
4300
5213
4889
3771
1986
-248
-2548
-4006
-4099
-2948
-1169
764
2263
2614
1604
-38
-1216
-1550
-1132
115
1965
3596
4310
4091
3436
2333
1010
-26
-438
-422
-649
-1420
-2649
-3935
-4821
-4852
-3740
-1781
257
1544
1823
1330
352
-542
-812
-482
154
757
1190
1006
-95
-1869
-3783
-5274
-5850
-5170
-3409
-1217
641
1592
1424
540
-563
-1379
-1454
-871
43
789
993
600
-351
-1403
-2328
-2791
-2540
-1669
-352
833
1756
2146
1854
1071
159
-338
-393
-89
350
625
596
160
-408
-778
-725
-266
570
1466
2134
2407
2305
1943
1441
1068
711
413
-45
-1205
-3321
-5370
-5983
-4585
-2220
895
4277
6392
6130
4030
2190
1009
386
774
2275
4132
5080
5016
4171
2236
-670
-3497
-4999
-4698
-3174
-768
1828
3559
3545
2062
275
-1037
-1652
-1304
215
2294
3961
4697
4659
3846
2261
481
-916
-1540
-1930
-2318
-2736
-3159
-3521
-3900
-3703
-3113
-2150
-1121
-108
825
1278
1471
1421
1160
622
24
-351
-739
-1342
-2185
-3157
-4151
-4937
-5099
-4505
-3316
-1890
-649
239
653
760
546
261
76
-70
-202
-350
-396
-553
-825
-1237
-1583
-1718
-1634
-1090
-329
676
1416
1821
1764
1353
890
445
253
208
275
227
87
-17
-94
-31
263
720
1334
1826
2298
2601
2560
2344
2018
1672
1154
463
-663
-2917
-5436
-6850
-6067
-3592
-401
3485
6425
7087
5183
2666
1012
4
154
1493
3781
5499
5861
5148
3249
264
-3164
-5607
-6137
-4811
-2279
749
3369
4311
3250
1094
-872
-2005
-2101
-912
1334
3640
5034
5355
4712
3143
1104
-855
-2133
-2803
-2966
-2529
-2347
-2768
-3665
-4324
-4551
-4325
-2836
-514
1546
2608
3008
2791
1677
435
-465
-1056
-1479
-1618
-1666
-2184
-3035
-4130
-5187
-5752
-5221
-3766
-1963
16
1594
2309
2129
1454
588
-288
-820
-902
-743
-440
-323
-561
-1137
-1707
-2150
-2188
-1440
1
1512
2589
3057
2839
2012
854
-19
-429
-451
-278
15
322
477
481
518
694
1006
1567
2169
2705
2886
2693
2249
1647
1149
429
-362
-2049
-4616
-6651
-6967
-4858
-1918
1843
5513
7332
6465
3837
1807
499
48
776
2661
4682
5535
5199
3875
1449
-1898
-4972
-6442
-5837
-3767
-861
2190
4109
3982
2092
-65
-1466
-2010
-1372
438
2903
4814
5573
5393
4281
2297
-113
-2014
-3069
-3336
-3468
-3143
-2720
-2977
-3690
-4483
-4196
-3514
-2084
288
2490
3822
3791
3213
1849
86
-1092
-1744
-1920
-2116
-2384
-3007
-3925
-4799
-5372
-5380
-4432
-2739
-900
819
2243
2940
2601
1734
680
-377
-1163
-1573
-1462
-1163
-949
-983
-1249
-1369
-1323
-998
-239
931
2029
2772
2931
2553
1777
722
-293
-970
-1223
-1037
-722
-402
79
462
896
1277
1779
2222
2593
2855
2766
2457
1910
1463
645
-410
-2238
-5080
-7208
-7770
-5784
-2607
1238
5270
7200
6658
4180
2083
848
274
986
2588
4475
5385
5103
3889
1565
-1711
-4887
-6548
-6182
-4138
-1282
1889
3981
4069
2470
349
-1035
-1636
-1040
661
2937
4834
5688
5635
4608
2704
372
-1532
-2565
-2869
-3145
-3679
-4003
-4338
-4237
-3662
-2202
-168
1118
1992
2181
1992
1334
768
654
200
-74
-241
-483
-1260
-2485
-3921
-5440
-6311
-6010
-4619
-2604
-311
1313
1818
1583
998
279
-433
-650
-593
-581
-642
-767
-882
-1205
-1603
-1974
-1936
-1352
-452
554
1701
2647
2601
2061
1233
371
-471
-1003
-977
-962
-742
-456
-253
-155
132
672
1350
2115
2900
3393
3387
3004
2261
1361
650
5
-737
-2380
-5049
-7115
-7656
-5801
-2692
1206
5334
7347
6818
4425
2314
1080
457
1096
2660
4449
5231
4965
3968
1842
-1343
-4504
-6185
-5936
-4104
-1346
1792
3869
3808
2128
106
-1245
-1828
-1233
543
2779
4594
5544
5783
5023
3254
1134
-826
-1985
-2452
-2120
-1747
-2093
-3244
-5160
-6255
-6365
-4694
-1645
1653
4391
5149
4553
2989
1309
-154
-1132
-1254
-1086
-931
-1130
-1847
-3243
-5081
-6602
-7100
-6223
-4005
-1153
1428
3132
3623
2969
1583
172
-802
-1299
-1277
-935
-453
-244
-582
-1320
-2179
-2516
-2232
-1274
265
1911
2993
3016
2449
1445
219
-697
-1068
-977
-871
-615
-235
-101
113
508
1110
1761
2409
3079
3366
3143
2644
1946
1106
-21
-1604
-4274
-6980
-8347
-7447
-4450
-662
3777
6775
7110
5191
2630
1100
341
872
2553
4601
5986
5875
4713
2573
-608
-4042
-6425
-6583
-4870
-2123
1087
3559
4176
2640
232
-1614
-2320
-1768
3
2504
4640
5676
5776
5186
3820
1879
82
-944
-1459
-1880
-2758
-3519
-4179
-4613
-4417
-3444
-1529
-137
705
1265
1554
1423
980
1002
988
778
568
394
-76
-1227
-2845
-4562
-5864
-6199
-5480
-3887
-1857
-135
733
778
492
61
-234
-184
145
408
427
57
-662
-1436
-1979
-2376
-2433
-1863
-879
212
1051
1782
2011
1626
909
158
-303
-426
-193
122
461
399
-42
-688
-980
-843
-102
1105
2498
3612
4027
3901
2995
1766
636
-141
-621
-1533
-3797
-6322
-7539
-6463
-3755
-259
4088
6951
6936
4619
2107
897
409
1124
2807
4821
5958
5583
4419
2480
-413
-3715
-5840
-5769
-4053
-1536
1322
3488
3558
1541
-924
-2381
-2652
-1743
328
2867
4754
5356
5131
4468
3314
1741
360
-238
-469
-907
-1825
-3063
-4400
-5566
-5836
-4818
-2767
-599
1056
2057
2168
1551
713
308
336
487
726
934
721
-369
-2160
-4131
-5681
-6341
-5813
-4158
-2005
-121
844
865
396
-254
-666
-540
8
588
809
562
-99
-939
-1667
-2119
-2181
-1592
-612
361
1020
1457
1537
1198
598
147
-18
-138
15
139
207
72
-142
-404
-498
-184
481
1440
2429
3258
3650
3523
2885
1919
990
-32
-1065
-2936
-5531
-7175
-7210
-4945
-1670
2057
5376
6341
5035
2336
536
166
966
2797
4843
6393
6333
4759
2607
138
-2437
-4443
-4859
-3528
-1431
629
2197
2522
1142
-1286
-3070
-3246
-2150
-132
2179
4106
4755
4213
3435
2786
2307
1802
1524
1523
1168
348
-1371
-3449
-5251
-6463
-6463
-5201
-2704
-270
1324
2059
1905
1084
218
192
653
1120
1703
1995
1399
-173
-2203
-4288
-5952
-6405
-5542
-3832
-1868
-296
337
105
-375
-657
-542
130
1042
1572
1454
824
-188
-1240
-2002
-2272
-2029
-1249
-350
351
795
853
676
244
-133
-250
-162
183
556
899
961
726
158
-408
-660
-477
213
1277
2347
3117
3529
3369
2708
1852
849
-451
-2344
-5020
-7060
-7372
-5378
-2020
1629
4827
5858
4465
1618
-504
-788
431
2785
5239
6894
6911
5304
2909
399
-1746
-3285
-3703
-2671
-871
805
1798
1725
400
-1771
-3474
-3605
-2299
-203
1927
3346
3545
2721
1838
1532
1911
2636
3232
3522
3049
1691
-384
-3140
-5336
-6370
-6162
-4683
-2545
-280
752
626
43
-759
-1163
-720
712
1985
2614
2794
1966
314
-1731
-3527
-4898
-5383
-4659
-3403
-2022
-948
-538
-944
-1481
-1490
-932
129
1390
2214
2093
1175
-94
-1224
-1861
-1910
-1409
-660
200
678
599
257
-99
-372
-457
-182
369
842
953
798
395
-38
-369
-457
-224
243
752
1258
1738
2112
2402
2515
2510
2159
1565
503
-1110
-3589
-6061
-7119
-6052
-3158
191
3299
4962
4229
1755
-583
-1169
-32
2159
4658
6333
6520
5014
2645
520
-984
-1696
-1748
-1029
120
913
1022
504
-574
-1964
-3081
-3005
-1708
-76
1356
2064
1883
1012
302
571
1765
3252
4430
4835
4076
2164
-812
-3375
-4594
-4458
-3306
-1664
-14
268
-854
-2143
-2820
-2742
-1877
-245
1319
2112
2170
1537
470
-717
-1743
-2479
-2742
-2380
-1943
-1625
-1437
-1540
-1985
-2279
-2010
-1388
-630
160
686
682
302
-235
-675
-828
-613
-287
-51
136
120
-13
-162
-299
-340
-221
-21
36
5
160
139
-108
-196
-145
-49
93
375
615
832
1090
1352
1540
1867
2260
2289
2043
1816
1049
-366
-2574
-5082
-6542
-6201
-3644
-299
2671
4498
3964
1544
-1087
-1960
-649
1763
4470
6160
6087
4480
2152
380
-450
-257
517
1219
1774
1783
1168
149
-905
-1810
-2374
-2153
-1236
-159
382
287
-292
-1035
-1357
-564
1206
3212
4561
4811
4098
2458
656
-1232
-2483
-2636
-2032
-1189
-812
-666
-1245
-2505
-3295
-3028
-1988
-718
666
1542
1144
335
-257
-696
-963
-944
-978
-1363
-1735
-1986
-2189
-2192
-1889
-1580
-1543
-1245
-676
-445
-302
-53
42
-102
-141
29
81
7
-125
-291
-367
-185
125
226
202
-8
-354
-671
-738
-576
-245
76
303
345
369
374
311
436
664
920
1179
1552
1904
2075
2059
1836
1389
534
-651
-2653
-4736
-5584
-4623
-2265
286
2444
3270
2036
-244
-1823
-1474
510
2830
4784
5352
4361
2360
487
-89
431
1414
2408
2965
2715
1693
436
-355
-769
-801
-560
-85
256
-5
-651
-1526
-2094
-2156
-1497
42
1823
3090
3490
3025
2161
878
-518
-1036
-640
242
735
823
489
-681
-2178
-2932
-2576
-1497
-490
139
61
-534
-1062
-1454
-1399
-997
-704
-881
-1253
-1450
-1672
-1855
-1782
-1512
-1329
-1224
-932
-786
-839
-813
-803
-752
-540
-172
-47
-107
-151
-310
-516
-470
-87
350
627
648
460
129
-264
-611
-758
-622
-368
-217
-90
84
47
-80
-32
204
576
1091
1604
1923
1955
1916
1687
1381
1255
869
114
-1617
-3540
-4636
-4071
-1870
369
2081
2682
1537
-623
-2111
-1478
715
2810
4368
4552
3323
1343
-122
-85
863
2136
3058
3227
2722
1580
462
-25
83
488
764
1037
939
133
-1003
-1984
-2371
-2164
-1413
-237
862
1341
1335
888
555
-94
-1074
-1217
-494
970
1942
2274
1944
247
-1700
-2794
-2443
-1156
-14
614
-66
-1151
-1800
-2258
-2078
-1614
-1190
-1291
-1596
-1447
-1285
-1123
-1053
-1071
-1181
-1340
-1107
-874
-755
-666
-727
-840
-868
-633
-429
-305
-48
131
141
241
436
720
845
888
848
576
167
-227
-475
-457
-347
-99
-22
-106
-153
-251
-102
167
663
1132
1294
1443
1585
1692
1727
1658
1551
933
-175
-2098
-3876
-4278
-2923
-612
1226
2289
2057
328
-1753
-2364
-939
1337
3057
3722
3054
1446
-165
-715
72
1395
2502
2862
2583
1828
912
441
710
1315
1728
1811
1582
929
-176
-1089
-1490
-1490
-1141
-617
-98
81
52
-21
-100
-462
-1226
-1553
-921
273
1434
2264
2253
1028
-614
-1508
-1354
-617
231
594
66
-927
-1396
-1403
-1362
-1300
-1386
-1753
-2084
-1858
-1361
-900
-604
-650
-1071
-1445
-1415
-1271
-1167
-1001
-826
-867
-1000
-961
-810
-725
-485
-92
106
187
203
359
637
973
1231
1082
783
296
-190
-365
-319
-130
-96
-195
-301
-247
11
354
580
680
608
553
699
989
1364
1638
1720
1554
783
-150
-1550
-3125
-3671
-2695
-524
1190
1956
1825
451
-1255
-1953
-904
1181
2582
3068
2441
1149
15
-545
54
1218
2118
2403
2100
1652
1104
755
987
1611
2118
2158
1776
1220
382
-438
-770
-811
-704
-623
-538
-434
-438
-308
-422
-769
-1130
-1415
-1099
-351
724
1513
1448
753
-142
-779
-945
-591
-44
87
-184
-591
-929
-1056
-1134
-1277
-1450
-1537
-1521
-1430
-1120
-789
-704
-925
-1225
-1363
-1421
-1401
-1247
-1047
-991
-1067
-1191
-1236
-1068
-751
-382
-76
167
181
57
188
550
997
1229
1153
872
548
367
242
174
194
79
-96
-125
123
483
731
764
478
162
39
328
698
1053
1470
1563
1326
821
58
-1042
-2468
-3139
-2589
-1020
686
1436
1189
121
-1252
-1945
-1279
544
2086
2512
1985
930
41
-303
223
1338
2160
2311
1869
1162
611
543
998
1785
2408
2431
1809
983
334
-102
-117
97
214
113
-215
-454
-456
-260
-16
-207
-984
-1908
-2210
-1421
-194
879
1380
1023
-58
-1055
-1116
-417
364
785
554
-254
-872
-865
-657
-571
-582
-791
-1347
-1730
-1512
-1059
-746
-682
-813
-1129
-1472
-1503
-1273
-943
-692
-802
-1192
-1531
-1518
-1278
-872
-325
22
-29
-320
-391
-33
445
910
1126
993
782
603
437
358
287
135
-94
-216
21
423
703
700
471
236
9
93
445
888
1141
1203
1020
778
395
-172
-1029
-2222
-2701
-2228
-820
456
898
636
-270
-1193
-1517
-740
806
1929
1988
1366
527
83
142
729
1831
2424
2226
1403
755
679
946
1636
2612
3077
2657
1654
792
556
551
831
1145
1082
648
-99
-427
-315
-68
-71
-588
-1260
-1946
-2021
-1332
-240
467
432
-141
-830
-1162
-897
-239
209
149
-340
-872
-1107
-852
-562
-453
-512
-934
-1455
-1691
-1384
-947
-787
-790
-914
-1217
-1419
-1316
-1094
-963
-1097
-1492
-1885
-1956
-1557
-1014
-552
-255
-285
-585
-774
-493
49
543
913
1053
965
858
693
451
303
229
127
139
503
846
957
790
560
409
322
522
865
1103
1271
1260
991
621
382
358
298
70
-394
-1338
-2031
-1896
-956
39
507
542
93
-727
-1252
-916
207
1170
1237
817
320
26
215
725
1591
1936
1472
956
734
989
1540
2212
2798
2668
1885
1204
915
1069
1377
1659
1738
1285
518
-36
-38
389
557
296
-309
-1187
-1779
-1856
-1286
-487
-118
-267
-901
-1450
-1574
-1256
-693
-386
-482
-750
-1145
-1321
-1135
-724
-427
-614
-1014
-1389
-1583
-1494
-1216
-861
-714
-830
-1023
-1130
-1158
-1150
-1237
-1317
-1307
-1142
-894
-727
-619
-648
-789
-865
-787
-473
-27
292
455
514
460
363
176
106
253
481
754
902
943
892
769
608
574
717
901
1032
1087
1111
1031
950
754
705
785
870
888
821
462
-206
-1141
-1715
-1528
-699
275
578
331
-249
-1032
-1503
-1222
-141
790
861
457
-13
-241
-47
410
1031
1393
1210
871
665
906
1361
1715
1991
2004
1726
1347
1278
1569
1782
1770
1656
1387
1038
801
882
1227
1426
1007
274
-1077
-2112
-2026
-1074
51
174
-407
-1326
-2223
-2199
-1332
-375
-181
-736
-1465
-2142
-2014
-889
-175
-263
-877
-1797
-2443
-2463
-1564
-673
-393
-529
-975
-1502
-1613
-1229
-687
-365
-357
-504
-878
-1051
-863
-682
-493
-380
-321
-418
-406
-77
98
148
203
95
-38
63
437
698
799
821
669
373
323
481
647
753
988
1101
1119
1086
967
866
748
780
862
967
953
868
629
385
218
-101
-758
-1111
-889
-277
194
101
-205
-533
-980
-1138
-776
-4
484
306
-98
-330
-300
-60
334
790
1000
665
273
188
509
971
1382
1883
2005
1604
1274
1290
1539
1840
2125
2280
2057
1575
1335
1271
1276
1129
669
56
-455
-381
-114
-147
-345
-591
-896
-1087
-997
-719
-707
-1038
-1279
-1498
-1569
-1345
-1179
-1226
-1545
-1894
-2217
-2304
-1927
-1442
-1209
-1185
-1299
-1592
-1783
-1532
-920
-536
-440
-551
-848
-1078
-1038
-722
-446
-322
-374
-434
-451
-304
-63
12
8
-82
-172
-69
201
511
631
593
458
237
130
253
460
624
714
730
761
805
866
850
859
868
786
767
836
871
878
753
779
618
435
49
-521
-709
-469
91
369
194
18
-275
-650
-723
-268
318
517
270
-10
-95
42
297
427
591
483
134
62
399
890
1196
1368
1489
1294
976
1048
1528
2062
2363
2314
2073
1579
1148
1046
1263
1590
1548
1075
94
-634
-690
-220
169
233
-22
-570
-1062
-1250
-954
-619
-739
-1100
-1533
-1915
-1904
-1617
-1630
-1924
-2152
-2310
-2383
-2167
-1805
-1744
-1936
-2032
-1914
-1612
-1146
-845
-892
-1095
-1308
-1287
-1076
-624
-202
-170
-394
-569
-583
-461
-111
215
250
68
-12
102
354
740
1015
899
539
317
305
506
839
1022
916
766
751
761
873
1022
1008
859
781
790
915
919
882
899
716
505
116
-435
-633
-360
320
646
422
128
-279
-713
-799
-329
368
592
230
-87
-118
24
267
458
658
550
48
-180
-1
426
808
936
1121
1086
834
886
1355
1889
2112
1948
1755
1432
1120
1236
1545
1788
1621
1090
416
-366
-723
-346
237
568
407
-37
-407
-693
-652
-346
-289
-583
-1063
-1435
-1644
-1665
-1496
-1551
-1855
-2151
-2435
-2446
-2176
-1940
-1797
-1771
-1743
-1706
-1666
-1460
-1276
-1264
-1332
-1368
-1243
-1010
-794
-689
-753
-882
-903
-776
-490
-168
36
116
56
108
356
658
850
838
644
515
411
404
577
747
779
720
775
917
1044
1085
1059
922
820
732
694
878
1059
1025
829
318
-453
-820
-424
423
841
692
357
-93
-558
-633
-148
588
761
361
-4
-95
117
358
590
884
792
235
-74
77
540
844
1034
1244
1084
753
746
1187
1747
1956
1721
1424
1063
868
1091
1420
1473
955
327
73
80
208
461
650
494
23
-288
-183
-28
18
-111
-421
-776
-1031
-1108
-1115
-1149
-1244
-1593
-1965
-1970
-1861
-1801
-1783
-1792
-1813
-1865
-1805
-1645
-1576
-1633
-1752
-1810
-1768
-1682
-1518
-1339
-1217
-1160
-1129
-1081
-877
-648
-525
-390
-251
-89
29
136
219
285
372
483
594
767
906
951
822
701
758
908
1055
1095
1119
1108
1020
972
914
896
962
947
855
601
83
-255
-173
309
724
689
476
124
-272
-522
-296
318
570
177
-273
-354
-151
209
478
721
698
309
99
295
675
915
961
930
771
451
386
744
1207
1499
1415
1242
980
627
434
498
805
1061
998
744
497
307
271
264
358
458
357
155
-55
-100
-61
-9
1
-100
-363
-607
-806
-816
-656
-643
-750
-1036
-1309
-1396
-1408
-1321
-1228
-1281
-1442
-1695
-1849
-1780
-1633
-1464
-1445
-1486
-1518
-1554
-1536
-1473
-1279
-1137
-1102
-1060
-947
-788
-662
-574
-547
-434
-300
-235
-155
11
221
365
595
825
966
945
842
868
828
879
969
988
979
985
908
788
227
-203
-90
409
981
1083
874
602
142
-151
38
623
1030
687
84
-216
-241
-58
256
606
813
477
90
177
571
968
1259
1448
1436
1098
680
676
961
1215
1120
807
480
178
78
314
672
801
497
48
-34
149
415
570
443
142
-280
-583
-466
-190
-32
-178
-446
-563
-520
-387
-254
-164
-193
-333
-432
-390
-344
-378
-409
-532
-753
-926
-943
-906
-926
-938
-901
-928
-1054
-1178
-1199
-1102
-1126
-1208
-1165
-1079
-1004
-968
-997
-1053
-1137
-1220
-1209
-1001
-732
-521
-443
-455
-472
-370
-143
107
375
505
546
407
395
601
892
1105
1078
791
148
-301
-150
595
1277
1353
976
533
159
24
401
1149
1540
1132
390
31
156
472
747
952
918
426
-99
-134
308
769
987
1033
944
603
325
574
1085
1448
1342
946
436
-101
-297
48
587
676
235
-362
-630
-558
-260
76
140
-144
-565
-737
-526
-171
109
34
-320
-778
-996
-853
-519
-252
-213
-342
-519
-586
-506
-268
-49
25
-136
-263
-247
-179
-108
-120
-97
-135
-252
-348
-361
-327
-316
-330
-311
-275
-247
-243
-350
-454
-508
-511
-463
-432
-375
-433
-581
-641
-599
-471
-320
-247
-290
-342
-385
-374
-197
74
212
26
-535
-1037
-971
-362
322
598
541
323
-111
-488
-241
550
1103
899
400
111
100
294
685
1151
1267
846
324
278
662
1132
1401
1461
1319
850
435
493
900
1159
1057
768
436
185
125
383
615
424
-31
-335
-372
-328
-227
-69
-77
-288
-534
-553
-439
-415
-420
-431
-495
-599
-515
-458
-458
-497
-506
-505
-494
-371
-362
-468
-591
-617
-567
-429
-195
-48
-147
-366
-440
-379
-247
-134
-71
-75
-171
-205
-155
34
211
206
83
16
100
250
365
367
378
275
177
142
274
469
530
435
237
82
-2
86
225
227
-240
-860
-1051
-665
-169
-36
-140
-286
-565
-916
-782
-193
272
127
-331
-475
-399
-188
109
468
591
275
-65
-40
269
603
922
1103
1040
745
515
638
989
1251
1287
1156
875
452
110
137
483
715
517
123
-227
-423
-441
-311
-111
-26
-196
-501
-635
-529
-343
-292
-399
-589
-772
-865
-803
-633
-470
-478
-612
-723
-728
-644
-552
-497
-466
-469
-476
-405
-398
-434
-475
-466
-434
-453
-453
-389
-314
-340
-287
-128
36
73
61
42
127
238
361
488
575
596
578
549
638
821
1000
1096
1064
995
888
829
892
975
691
222
-25
187
536
588
438
290
114
-237
-313
50
311
160
-253
-414
-372
-323
-262
-80
6
-190
-400
-412
-205
-46
102
300
300
92
-31
100
338
407
320
280
167
-58
-384
-505
-277
52
138
-56
-237
-325
-262
-164
51
206
69
-294
-523
-445
-319
-252
-261
-399
-636
-730
-511
-210
-110
-203
-314
-337
-367
-291
-164
-139
-318
-503
-570
-516
-428
-416
-502
-623
-689
-687
-635
-537
-391
-293
-288
-357
-354
-214
-54
90
123
92
0
-55
12
259
500
589
561
469
469
586
770
914
1003
1062
957
684
401
305
466
751
933
951
698
407
234
301
581
856
920
606
185
2
27
273
515
573
403
112
-48
70
268
485
570
504
335
126
74
240
416
317
47
-239
-342
-268
-85
38
-47
-337
-579
-614
-491
-321
-262
-373
-585
-760
-841
-759
-633
-615
-681
-745
-801
-795
-756
-715
-699
-703
-671
-622
-558
-549
-599
-610
-589
-539
-500
-462
-451
-474
-517
-569
-596
-583
-554
-464
-416
-499
-537
-492
-295
-167
-97
21
104
23
-80
-21
226
475
564
602
616
517
442
519
690
872
901
924
900
871
865
892
930
909
851
714
582
594
669
746
792
750
594
489
455
537
585
537
488
415
359
328
370
482
535
490
421
373
359
299
271
300
370
370
250
62
-87
-146
-36
145
227
73
-231
-418
-468
-372
-269
-305
-475
-707
-870
-820
-666
-596
-675
-869
-958
-940
-849
-787
-747
-710
-751
-761
-719
-607
-644
-784
-859
-832
-858
-813
-672
-550
-549
-574
-613
-652
-688
-725
-609
-415
-230
-193
-212
-204
-213
-204
-175
-46
19
29
39
162
294
412
441
401
404
416
428
489
613
731
813
808
811
782
730
663
619
608
632
677
665
617
559
515
469
456
476
418
367
338
352
359
303
251
230
211
209
227
238
216
205
231
271
323
323
313
277
169
151
200
226
206
161
108
51
28
60
109
103
85
47
-34
-90
-130
-129
-107
-114
-133
-184
-259
-251
-243
-290
-328
-381
-373
-388
-377
-342
-270
-282
-311
-328
-340
-379
-455
-431
-406
-417
-473
-518
-519
-513
-577
-565
-537
-570
-659
-683
-565
-458
-393
-408
-436
-487
-515
-504
-437
-350
-321
-308
-299
-268
-204
-152
-140
-88
-7
110
210
245
259
265
312
359
377
377
382
309
319
366
401
405
379
374
384
368
359
388
457
456
395
384
376
363
374
378
394
376
316
291
305
353
356
331
281
244
205
197
174
171
201
230
283
272
234
150
89
60
47
53
46
31
-13
-13
25
49
59
63
10
-45
-39
2
59
39
36
4
-27
-26
-47
-61
-28
-4
16
65
57
3
-43
-19
4
-13
-42
-58
-83
-188
-260
-264
-259
-270
-260
-226
-240
-290
-341
-376
-387
-396
-421
-411
-447
-475
-498
-505
-503
-544
-564
-518
-434
-369
-364
-405
-425
-406
-326
-225
-120
-83
-106
-151
-186
-147
-106
-48
-33
-42
-30
-44
31
77
151
164
211
243
242
288
280
296
288
333
368
345
280
240
230
257
295
330
320
286
263
272
270
250
203
127
93
99
133
185
163
110
71
16
38
58
90
103
83
86
100
168
195
200
212
197
206
214
265
269
269
264
245
283
313
335
335
328
314
302
305
319
309
269
218
161
121
121
129
152
158
134
74
-24
-70
-121
-117
-105
-100
-115
-214
-292
-357
-411
-463
-457
-457
-476
-496
-514
-557
-581
-599
-622
-622
-633
-632
-679
-712
-736
-727
-712
-676
-640
-590
-533
-521
-483
-467
-448
-445
-422
-337
-285
-236
-185
-107
-55
0
73
147
199
222
272
296
332
357
371
383
421
433
466
471
480
505
534
554
531
503
423
415
444
484
526
529
487
423
345
296
293
321
357
379
358
307
285
279
313
306
265
218
173
132
133
182
197
207
143
103
86
123
179
191
189
139
103
58
22
62
60
82
21
-17
-45
-83
-92
-98
-120
-135
-179
-200
-179
-173
-173
-175
-136
-166
-195
-264
-285
-326
-391
-416
-473
-480
-517
-531
-514
-522
-535
-556
-541
-535
-530
-553
-551
-539
-558
-558
-558
-551
-562
-519
-476
-409
-372
-364
-357
-303
-258
-235
-186
-127
-89
-44
44
118
164
176
208
240
279
330
390
468
511
533
533
518
472
477
553
630
676
667
641
588
575
580
596
604
577
521
498
465
449
413
374
323
265
250
210
195
147
103
71
41
-10
-65
-70
-79
-61
-26
-30
-54
-87
-133
-142
-114
-73
-71
-58
-95
-83
-123
-107
-108
-107
-111
-137
-146
-172
-149
-151
-129
-145
-110
-131
-104
-113
-131
-143
-190
-224
-231
-219
-217
-197
-204
-211
-230
-279
-281
-257
-236
-219
-215
-208
-239
-287
-313
-309
-306
-280
-277
-252
-234
-218
-226
-252
-259
-295
-310
-290
-231
-174
-154
-145
-156
-175
-167
-142
-85
-10
55
125
177
190
211
224
230
253
276
304
355
386
431
428
415
431
423
421
469
493
484
474
467
456
454
431
401
350
290
283
252
248
229
205
157
108
34
-18
-38
-62
-65
-77
-96
-82
-88
-113
-177
-183
-206
-206
-187
-174
-143
-147
-148
-157
-165
-156
-167
-163
-147
-132
-129
-145
-124
-139
-148
-164
-126
-108
-101
-63
-48
-34
-45
-68
-54
-43
-24
22
10
31
9
-26
-41
-9
13
24
37
30
19
-3
-1
5
6
-1
-22
-21
-35
-16
-15
-53
-42
-92
-120
-150
-177
-151
-148
-137
-127
-118
-120
-117
-148
-150
-134
-137
-138
-103
-75
-85
-80
-80
-80
-80
-47
-21
28
32
67
63
72
116
167
201
199
195
181
188
209
241
259
216
177
149
148
152
149
168
167
145
158
176
156
128
116
99
75
49
11
-1
-33
-74
-74
-77
-79
-93
-102
-96
-86
-86
-105
-109
-138
-132
-99
-101
-90
-81
-69
-92
-88
-108
-119
-91
-63
-23
15
37
46
41
55
67
95
113
138
153
97
95
75
90
110
114
118
135
146
144
172
195
201
197
177
150
142
141
148
125
97
79
48
12
-37
-66
-96
-107
-95
-120
-104
-131
-167
-194
-204
-211
-231
-243
-246
-250
-269
-281
-300
-321
-338
-339
-341
-297
-262
-236
-206
-210
-218
-226
-188
-157
-111
-79
-56
-59
-53
-39
-29
24
66
92
131
164
177
185
139
138
139
155
180
196
213
190
195
183
180
182
188
163
195
163
151
146
117
89
80
88
54
79
59
34
14
12
12
16
25
54
80
66
63
35
22
22
18
41
59
78
68
55
58
55
42
12
14
8
15
34
39
71
60
40
63
35
28
41
48
98
107
120
112
92
76
42
28
36
-2
-6
0
17
32
19
-3
-31
-80
-114
-137
-113
-116
-122
-149
-194
-208
-250
-267
-301
-305
-332
-324
-298
-283
-259
-259
-249
-273
-289
-307
-306
-289
-245
-203
-199
-145
-142
-140
-111
-73
-30
17
48
81
97
138
164
166
177
178
202
210
214
236
266
265
244
240
248
209
193
182
179
180
173
181
150
125
102
111
95
95
107
80
57
41
16
7
16
0
23
32
51
42
22
22
5
4
-4
3
-3
-7
0
-4
-17
-18
-27
-6
10
42
81
85
77
74
54
70
94
106
116
126
116
117
115
56
48
20
18
17
-5
32
28
5
-4
-35
-46
-68
-81
-77
-99
-131
-165
-212
-245
-301
-335
-357
-358
-380
-358
-337
-316
-300
-304
-307
-306
-308
-336
-335
-315
-314
-289
-246
-219
-187
-140
-118
-79
-36
10
62
106
169
203
225
232
249
268
276
279
269
272
275
278
293
335
336
362
388
402
418
415
407
397
373
355
329
281
266
227
186
142
120
68
27
7
1
16
4
7
25
17
1
-4
-45
-68
-114
-176
-216
-244
-258
-258
-250
-248
-250
-256
-239
-229
-202
-158
-133
-115
-129
-121
-149
-147
-147
-149
-134
-134
-116
-106
-90
-87
-80
-80
-70
-37
-44
-35
-23
-4
-19
-20
-44
-47
-46
-62
-51
-40
-49
-87
-72
-99
-101
-96
-99
-99
-110
-116
-106
-104
-87
-73
-24
4
19
44
42
30
26
44
53
71
80
70
80
111
139
193
209
220
222
219
233
242
249
247
250
252
248
249
248
263
249
227
220
227
212
203
183
170
159
155
133
119
104
64
53
51
32
20
4
-34
-63
-102
-130
-100
-113
-105
-117
-127
-154
-170
-176
-182
-153
-162
-163
-169
-167
-182
-212
-217
-219
-210
-202
-177
-148
-150
-132
-140
-150
-157
-187
-186
-181
-174
-166
-155
-162
-165
-149
-143
-111
-104
-90
-81
-88
-72
-43
-32
-22
-22
-28
-37
-35
-51
-43
-44
-32
-4
11
47
69
75
44
62
55
54
56
56
81
92
83
99
108
117
127
153
163
170
189
166
138
114
104
135
165
211
258
259
259
241
227
220
227
235
239
225
232
238
228
207
187
154
144
132
146
173
147
155
129
104
73
51
58
50
56
45
21
-13
-30
-49
-82
-90
-88
-135
-145
-166
-203
-211
-249
-250
-258
-266
-248
-250
-248
-257
-255
-266
-270
-283
-312
-313
-325
-326
-356
-368
-360
-378
-366
-344
-317
-297
-278
-247
-245
-221
-210
-194
-156
-128
-92
-92
-81
-92
-89
-37
-3
60
110
136
149
174
177
185
206
207
244
248
268
302
324
324
310
306
297
276
277
285
296
294
308
273
267
248
232
249
250
251
227
208
195
187
182
179
154
148
131
114
90
97
74
47
39
45
39
52
38
22
8
-20
-49
-50
-72
-75
-65
-77
-79
-84
-87
-101
-91
-95
-78
-67
-75
-94
-146
-177
-208
-238
-219
-207
-183
-162
-164
-183
-175
-187
-183
-148
-114
-123
-117
-154
-192
-222
-255
-262
-252
-203
-185
-155
-161
-149
-173
-185
-194
-212
-196
-165
-122
-111
-104
-107
-124
-105
-92
-33
6
30
62
54
69
46
60
58
68
108
146
194
206
220
212
203
202
213
226
234
262
263
279
269
274
232
210
197
186
186
164
170
151
127
129
136
133
141
155
159
130
105
93
57
41
57
56
37
32
-3
-9
-21
-37
-21
-24
-30
-10
-8
-9
-23
-20
-31
-27
-29
-29
-11
-21
-37
-40
-41
-76
-82
-85
-76
-67
-33
-32
-31
-36
-52
-79
-74
-51
-58
-34
-48
-69
-100
-131
-143
-163
-131
-131
-119
-119
-143
-170
-169
-195
-207
-195
-190
-197
-196
-182
-201
-205
-224
-215
-225
-222
-207
-188
-178
-170
-169
-156
-153
-121
-132
-99
-96
-84
-72
-83
-63
-46
-13
16
72
109
158
172
206
199
194
209
211
231
245
287
308
293
297
293
300
304
325
346
336
318
299
282
261
244
260
250
234
235
223
207
192
182
155
150
140
127
99
108
88
69
48
38
21
10
-3
-27
-19
-39
-26
-36
-28
-42
-72
-77
-72
-91
-74
-78
-88
-99
-107
-102
-98
-117
-131
-176
-200
-218
-244
-208
-183
-141
-151
-130
-157
-173
-202
-222
-222
-220
-219
-212
-234
-240
-269
-287
-259
-266
-250
-235
-185
-168
-130
-132
-132
-133
-164
-188
-238
-238
-241
-212
-190
-175
-156
-157
-148
-144
-108
-85
-41
-23
-7
3
23
41
74
89
79
74
73
85
102
136
164
202
228
258
255
284
293
308
298
310
335
351
365
357
362
341
366
338
337
334
352
370
379
380
345
317
292
273
260
277
252
256
259
247
216
197
162
117
100
96
99
91
101
45
21
-7
-21
-42
-33
-55
-58
-44
-57
-88
-120
-175
-209
-238
-274
-280
-297
-292
-305
-300
-329
-327
-348
-339
-336
-339
-334
-329
-331
-358
-366
-413
-421
-441
-466
-459
-421
-402
-371
-324
-291
-265
-249
-236
-253
-247
-270
-270
-268
-251
-241
-236
-219
-228
-204
-184
-132
-96
-51
-2
37
77
99
112
103
105
119
132
165
185
205
225
235
254
296
317
353
400
447
459
477
464
441
444
454
466
495
513
519
525
506
471
426
426
409
410
430
427
408
383
354
321
303
296
282
278
232
205
183
129
89
51
23
-1
-23
-59
-83
-109
-115
-130
-169
-182
-228
-276
-297
-324
-318
-333
-359
-367
-376
-390
-396
-393
-424
-424
-435
-437
-435
-438
-417
-418
-414
-403
-395
-399
-417
-406
-406
-396
-371
-354
-347
-332
-307
-272
-237
-204
-172
-164
-144
-90
-86
-72
-45
-28
-24
-22
-26
-35
-13
-19
14
32
68
93
123
148
160
185
184
212
224
240
238
253
256
249
233
226
262
263
293
292
329
327
329
331
354
421
421
368
140
12
70
320
577
731
685
488
272
110
67
114
254
344
411
404
306
206
105
-12
-75
-74
14
148
298
379
400
288
99
-144
-315
-345
-210
25
203
77
-255
-560
-746
-714
-489
-138
60
144
19
-281
-425
-404
-316
-161
-89
-192
-279
-370
-501
-564
-489
-384
-311
-308
-371
-507
-600
-601
-569
-497
-399
-303
-295
-341
-419
-447
-462
-428
-339
-204
-61
67
118
31
-73
-105
-92
-22
114
241
251
226
202
174
201
261
313
345
338
287
294
293
310
332
376
394
339
299
259
248
270
320
402
436
423
357
271
231
233
334
411
508
507
442
331
210
158
158
232
325
397
391
323
195
47
-50
-25
46
174
237
221
101
-74
-179
-221
-177
-100
-6
19
-2
-73
-180
-281
-317
-301
-234
-188
-160
-214
-273
-353
-383
-345
-282
-250
-247
-269
-304
-316
-357
-357
-346
-316
-304
-306
-317
-352
-391
-384
-352
-319
-267
-210
-196
-202
-216
-224
-226
-217
-171
-158
-140
-120
-116
-109
-108
-98
-43
16
83
120
132
111
70
71
75
114
129
148
181
182
173
172
171
167
170
169
202
212
245
264
276
279
284
294
278
273
237
231
228
214
205
200
188
178
186
168
155
145
126
126
131
117
118
102
78
29
8
1
35
49
61
54
20
-5
3
-6
2
32
41
30
19
44
20
27
21
15
-2
14
28
22
13
11
13
10
9
-26
-26
-59
-68
-79
-97
-99
-103
-103
-76
-33
-36
-46
-91
-110
-149
-168
-153
-170
-167
-194
-187
-180
-147
-155
-147
-162
-160
-157
-180
-183
-191
-176
-184
-177
-195
-224
-227
-241
-193
-169
-127
-84
-74
-63
-72
-59
-65
-77
-83
-73
-82
-71
-58
-45
-18
-24
19
58
103
97
117
120
105
99
76
86
117
156
167
152
169
140
131
149
151
164
172
175
135
102
70
83
100
126
149
163
147
108
83
71
77
104
149
160
158
152
116
99
80
60
77
105
117
122
127
133
119
97
73
60
63
68
108
108
107
101
82
18
-34
-48
-62
-46
-23
-7
20
28
30
12
-10
-63
-83
-82
-95
-95
-85
-95
-117
-176
-221
-257
-274
-263
-237
-197
-181
-169
-175
-192
-219
-229
-210
-220
-209
-192
-206
-212
-214
-228
-231
-207
-168
-141
-126
-94
-79
-63
-36
-59
-46
-32
-18
2
13
17
11
22
40
49
47
85
92
117
105
111
128
130
132
113
114
106
111
122
124
126
145
161
178
152
139
143
115
126
108
121
112
126
127
143
160
136
144
106
93
81
92
112
127
130
123
96
72
53
41
44
68
66
53
39
16
14
17
49
59
78
60
62
44
22
-7
-14
-11
-23
3
9
30
40
24
-2
-26
-34
-43
-38
-50
-51
-64
-65
-67
-93
-105
-109
-94
-114
-112
-118
-126
-154
-140
-129
-135
-125
-170
-182
-211
-231
-240
-226
-232
-210
-230
-211
-215
-224
-192
-176
-158
-152
-132
-142
-142
-126
-86
-68
-50
-44
-79
-90
-99
-98
-78
-17
22
40
44
26
10
4
34
50
71
100
121
114
120
91
84
94
108
143
150
179
141
153
144
146
173
192
220
196
220
197
186
169
168
182
199
208
208
187
173
162
154
167
173
189
154
147
146
136
140
122
160
154
149
141
111
97
89
101
98
115
98
68
45
-11
-44
-73
-69
-58
-43
-39
-34
-55
-96
-97
-138
-137
-126
-152
-154
-180
-199
-214
-222
-216
-243
-233
-249
-261
-265
-275
-251
-232
-224
-222
-222
-241
-234
-234
-236
-223
-222
-213
-237
-216
-225
-221
-217
-187
-171
-156
-97
-76
-64
-59
-47
-53
-43
-26
4
6
17
13
8
11
36
65
105
141
176
193
195
178
188
190
198
216
216
216
182
197
190
181
194
211
214
206
177
162
167
194
208
222
227
213
184
151
114
86
96
96
105
106
103
80
58
47
32
27
63
82
78
81
62
43
18
-17
-33
-36
-47
-33
-28
-17
-18
-27
-22
-25
-19
-22
-37
-41
-47
-52
-51
-49
-53
-67
-72
-76
-81
-83
-61
-84
-102
-96
-117
-118
-126
-129
-128
-122
-130
-148
-157
-172
-162
-134
-110
-94
-93
-108
-150
-166
-191
-219
-205
-199
-202
-166
-139
-120
-86
-62
-62
-56
-57
-81
-70
-73
-65
-73
-41
-35
-9
1
12
34
22
42
50
74
85
113
145
172
183
171
147
106
83
86
123
150
179
208
206
209
196
169
149
142
154
144
156
152
127
128
95
104
94
90
90
81
67
55
60
38
43
36
39
27
14
-9
-37
-47
-66
-44
-23
-4
-4
11
-11
-13
-53
-60
-48
-39
-29
-7
-5
2
-6
-22
-30
-61
-71
-89
-76
-74
-30
-23
-13
-27
-31
-51
-92
-76
-86
-85
-77
-62
-70
-79
-88
-81
-105
-101
-69
-80
-85
-81
-88
-101
-123
-108
-97
-85
-81
-76
-77
-83
-93
-96
-81
-86
-54
-36
-24
-18
-18
-22
-14
-23
-30
-15
4
23
41
33
33
19
40
48
94
119
147
162
122
122
89
88
98
96
115
121
125
102
75
73
65
72
72
106
110
106
119
115
114
81
70
60
49
41
32
11
-26
-29
-40
-26
-15
3
42
57
42
36
3
-9
-22
-29
-14
-24
-21
-46
-59
-72
-68
-55
-26
-11
-1
7
9
15
-9
-8
-23
-26
-13
10
2
11
18
5
0
8
-3
-13
-7
-19
-12
-14
-23
-35
-55
-54
-67
-72
-53
-57
-47
-54
-52
-63
-84
-97
-123
-138
-133
-115
-135
-105
-125
-119
-98
-97
-104
-105
-130
-138
-138
-140
-106
-96
-64
-69
-69
-80
-80
-83
-52
-20
20
61
69
74
69
81
69
62
82
87
72
98
107
101
132
152
176
206
203
210
211
199
179
173
167
159
170
173
175
172
167
135
144
119
114
131
127
131
100
86
58
38
26
26
18
16
32
8
32
9
1
7
-21
-36
-60
-58
-88
-96
-92
-83
-86
-76
-85
-101
-108
-118
-94
-91
-88
-89
-116
-122
-124
-140
-134
-141
-145
-155
-151
-151
-158
-153
-125
-114
-111
-104
-104
-105
-132
-147
-143
-141
-134
-102
-81
-75
-89
-60
-68
-83
-72
-88
-70
-69
-23
-21
-16
-14
-15
0
-3
21
20
64
49
60
56
51
61
54
90
89
113
121
124
118
127
135
144
174
176
180
173
192
179
149
143
129
134
154
175
182
186
188
169
149
124
108
92
103
121
116
130
101
82
54
41
13
8
30
28
10
16
1
6
-21
-27
-30
-49
-40
-58
-66
-86
-101
-111
-124
-125
-134
-120
-123
-127
-124
-134
-120
-146
-123
-104
-93
-79
-96
-88
-95
-125
-143
-139
-133
-124
-113
-113
-113
-106
-125
-108
-111
-87
-66
-47
-37
-51
-59
-68
-56
-72
-71
-69
-70
-84
-99
-99
-95
-99
-73
-54
-14
1
3
14
9
17
21
38
42
51
62
63
57
61
45
62
60
87
101
130
181
174
199
188
222
203
199
192
179
178
156
173
146
169
190
191
200
186
160
132
109
96
96
94
105
101
80
56
28
5
-36
-11
-22
-14
5
-15
-12
-34
-62
-88
-108
-121
-130
-133
-123
-131
-133
-131
-140
-136
-140
-120
-111
-99
-83
-115
-116
-132
-134
-151
-126
-112
-99
-74
-92
-104
-107
-106
-102
-80
-51
-24
-4
19
8
-2
-39
-50
-60
-60
-48
-20
2
14
29
12
26
23
30
50
65
107
100
111
93
57
56
34
15
14
22
30
44
54
75
97
93
93
98
76
52
23
14
3
7
4
-9
-20
-37
-35
-49
-36
-38
-11
0
20
21
14
7
-6
-19
-43
-41
-51
-47
-58
-57
-43
-51
-44
-36
-28
-9
-6
37
26
39
27
13
17
-12
-13
-17
-15
-16
-15
-16
4
8
13
40
34
52
67
79
85
81
66
34
22
6
-1
-4
14
21
54
46
72
72
49
65
38
56
39
41
63
49
53
48
52
34
41
37
36
41
43
52
39
57
49
51
29
22
-3
-4
-10
-20
1
-23
-5
-16
-26
-36
-42
-49
-49
-51
-79
-97
-104
-103
-125
-104
-99
-110
-87
-94
-102
-105
-124
-137
-135
-139
-130
-124
-119
-132
-138
-126
-129
-106
-108
-94
-73
-61
-44
-35
-31
-34
-41
-37
-36
-29
-23
-2
-2
21
18
10
23
23
28
46
70
85
85
106
104
114
110
117
125
112
124
92
102
94
96
87
109
130
126
153
136
136
110
100
83
74
73
65
65
50
71
57
59
58
52
58
49
57
45
31
38
31
23
11
-13
-15
-37
-35
-44
-39
-37
-32
-47
-28
-24
-23
-10
-31
-18
-22
-27
-27
-5
-28
-23
-26
-42
-46
-38
-44
-25
-10
-2
9
15
-4
-37
-40
-63
-51
-59
-57
-55
-73
-77
-80
-91
-95
-84
-79
-61
-42
-47
-60
-68
-91
-98
-109
-98
-98
-93
-86
-91
-95
-91
-77
-88
-59
-65
-32
-29
-15
-11
-5
-14
-28
-2
1
-3
10
14
15
28
14
29
33
41
44
63
85
94
120
113
128
123
103
88
79
69
62
85
95
95
90
100
92
94
101
107
117
104
107
106
78
71
64
49
46
31
34
26
19
28
27
41
32
44
32
5
6
-14
-12
-18
-22
-26
-40
-67
-62
-76
-80
-78
-62
-57
-48
-51
-69
-71
-79
-84
-106
-98
-94
-93
-91
-96
-85
-89
-69
-65
-75
-55
-44
-69
-55
-64
-61
-73
-81
-57
-71
-63
-44
-35
-42
-20
-17
-2
1
16
14
-6
0
-12
-20
-32
-5
-25
-10
17
17
44
48
81
82
67
82
78
83
84
81
97
94
87
99
88
77
95
102
110
109
110
108
96
91
97
105
89
113
119
128
136
106
74
70
46
39
28
33
42
32
24
20
1
-36
-39
-54
-86
-66
-63
-65
-50
-59
-54
-72
-93
-106
-111
-118
-108
-101
-97
-108
-75
-85
-94
-104
-116
-122
-118
-100
-105
-86
-92
-78
-95
-100
-101
-127
-99
-84
-63
-45
-41
-45
-44
-40
-35
-41
-38
-39
-46
-44
-38
-32
-19
-12
1
33
42
65
47
57
18
8
0
3
21
40
71
68
81
71
58
54
41
44
71
88
98
98
93
81
56
38
21
22
25
28
43
56
64
74
71
87
61
65
70
69
54
75
72
41
30
25
38
28
51
63
69
59
73
56
52
54
59
62
52
52
37
24
10
-8
-18
-13
-9
-16
-3
-11
6
-2
4
3
15
8
17
3
-25
-38
-65
-78
-113
-90
-86
-90
-83
-70
-51
-46
-28
-27
-14
-8
-25
-48
-48
-74
-76
-57
-42
-34
-33
-28
-67
-70
-76
-88
-69
-59
-30
-22
-12
-25
-28
-34
-39
-46
-39
-29
-43
-31
-44
-47
-53
-42
-41
-28
-21
-22
-16
-14
-11
-11
-11
-16
-19
-39
-22
-24
-25
-20
-23
-14
-29
-8
12
13
42
55
58
50
47
33
26
8
21
26
15
28
32
33
29
31
24
16
46
62
67
84
100
96
76
67
36
19
10
5
22
23
24
31
36
27
40
49
47
52
56
58
56
57
31
16
1
7
7
14
15
41
30
23
50
27
23
9
28
23
29
44
30
46
45
59
52
46
32
32
14
-3
2
-11
5
-4
28
25
23
3
13
5
-13
14
3
13
-17
-10
-29
-40
-57
-64
-64
-63
-60
-63
-59
-55
-60
-57
-45
-56
-62
-76
-80
-107
-123
-132
-140
-150
-134
-121
-123
-112
-92
-81
-91
-91
-89
-103
-96
-109
-101
-111
-117
-94
-97
-97
-81
-63
-71
-34
-28
-1
11
32
55
50
50
50
36
12
17
7
16
32
56
74
80
103
135
147
164
176
161
175
160
159
153
154
159
129
121
103
97
99
109
115
138
140
158
155
142
153
132
93
64
91
58
-3
76
69
2
17
57
27
-25
35
14
-56
-50
-43
-78
-83
-57
-73
-93
-103
-107
-139
-129
-130
-126
-108
-116
-144
-144
-147
-200
-183
-171
-161
-158
-131
-121
-116
-118
-104
-100
-93
-82
-71
-62
-68
-61
-65
-69
-54
-39
-40
-4
19
6
13
6
15
9
35
42
59
70
70
77
56
50
44
67
70
102
107
122
130
125
118
110
117
100
109
93
94
95
72
74
67
69
82
64
79
62
55
61
44
46
42
53
55
56
56
21
17
-25
-13
-35
-22
-30
-31
-18
-22
-30
-46
-27
-43
-28
-34
-19
-34
-38
-45
-57
-74
-77
-86
-70
-68
-61
-49
-42
-58
-71
-55
-55
-44
-40
-37
-45
-26
-51
-64
-76
-89
-84
-67
-41
-21
-15
-16
-6
-14
-29
-20
-33
-28
-26
-3
-1
-6
-12
-17
-29
-30
-29
-34
-4
15
11
22
41
20
4
17
15
-3
19
22
8
20
11
0
-4
-19
11
12
40
59
71
70
58
71
36
29
8
5
-14
-10
-11
-2
1
12
19
21
40
52
54
69
80
66
81
67
53
44
37
23
4
11
-5
11
48
72
85
90
110
81
80
81
81
71
82
79
45
45
18
-1
6
16
20
27
35
21
12
4
8
11
4
14
-5
-3
-27
-45
-73
-80
-96
-113
-115
-96
-68
-68
-49
-57
-73
-84
-100
-110
-129
-113
-94
-85
-71
-78
-81
-103
-103
-109
-102
-78
-75
-58
-23
-27
-20
-24
-51
-59
-77
-70
-61
-57
-65
-39
-22
-26
17
9
22
33
33
27
14
-1
0
2
9
29
29
24
20
24
40
49
81
87
105
99
76
74
48
40
58
45
55
51
35
27
26
24
48
82
93
101
101
88
44
43
24
25
49
62
55
44
32
17
5
7
28
59
60
76
72
37
29
1
-7
-15
-8
5
14
20
1
16
-6
-8
5
-9
-9
-15
4
-17
-10
-12
-41
-46
-35
-11
-24
-31
-31
-67
-68
-74
-76
-73
-51
-30
-34
-22
-20
-46
-42
-52
-56
-64
-63
-54
-71
-54
-62
-42
-38
-34
-23
-22
-16
-25
-6
0
-16
-18
-2
-12
-13
-16
-12
-29
-29
-29
-11
-6
-7
12
-7
-10
-8
-13
-28
-6
-10
7
13
14
7
-17
-4
-8
1
21
28
30
30
22
24
6
24
23
27
41
57
58
39
45
55
43
49
57
68
89
73
89
75
34
44
54
46
57
83
88
73
62
55
67
36
43
48
45
44
44
22
20
6
13
6
9
2
-5
-5
-33
-35
-38
-38
-49
-61
-54
-51
-65
-63
-83
-81
-86
-67
-49
-52
-53
-81
-87
-115
-126
-126
-132
-108
-80
-67
-30
-19
-56
-70
-81
-105
-100
-63
-42
-11
4
9
-13
-27
-40
-51
-58
-48
-14
11
37
28
52
27
22
19
6
15
17
32
56
73
90
91
83
77
48
40
44
36
54
63
86
102
85
113
82
82
78
71
60
53
65
55
61
58
61
27
36
27
35
33
30
41
33
28
21
14
-1
9
-7
-27
-3
-39
-32
-27
-33
-28
-25
-9
-31
-28
-51
-46
-67
-52
-41
-26
-28
-17
-20
-50
-58
-91
-79
-80
-45
-31
-9
6
8
2
-11
-11
-24
-13
-11
-16
-10
4
-3
8
-1
0
3
-1
-4
0
10
3
15
25
32
33
37
29
19
0
-17
-27
-38
-34
-28
-13
-8
1
0
4
-10
-15
1
-16
-18
-20
-37
-13
-35
-42
-47
-36
-21
-53
-36
-32
-15
-24
-20
-24
-44
-59
-52
-56
-53
-60
-42
-43
-46
-45
-17
-4
16
13
17
7
-3
5
-13
11
6
29
28
37
38
39
31
42
66
65
94
87
104
105
104
111
97
108
102
108
104
105
90
99
79
77
98
94
108
96
104
89
62
50
29
11
6
30
26
45
54
45
15
-23
-44
-73
-75
-81
-57
-54
-33
-46
-55
-69
-85
-102
-108
-97
-83
-72
-71
-75
-98
-103
-130
-142
-141
-132
-125
-101
-87
-103
-107
-112
-120
-123
-113
-92
-80
-62
-56
-45
-46
-48
-56
-41
-32
-26
-4
3
6
11
8
11
26
30
41
59
59
82
82
81
83
69
77
75
71
74
83
91
80
97
93
93
96
95
86
88
95
95
89
88
86
73
78
54
51
35
40
27
24
38
32
36
26
4
4
-14
-17
-10
-13
3
-4
9
-15
-28
-37
-49
-45
-48
-34
-37
-13
-29
-21
-9
-24
-11
-21
-14
-26
-26
-49
-44
-57
-65
-56
-54
-43
-35
-34
-41
-30
-47
-19
-25
-17
-19
-15
-32
-54
-40
-58
-54
-44
-21
-20
5
14
13
4
5
-7
-10
-20
-13
5
-14
4
-8
-9
-11
-17
0
-1
0
22
9
16
8
6
3
-10
4
9
16
7
8
6
-5
5
21
21
24
40
36
33
34
20
13
14
19
25
25
21
22
38
2
9
7
3
8
11
20
24
46
40
27
24
34
18
39
40
36
35
17
5
3
10
-5
19
24
32
28
22
11
9
20
8
11
4
-5
4
-7
-10
1
6
-12
-29
-13
-39
-36
-41
-42
-35
-39
-39
-41
-63
-78
-75
-74
-63
-73
-55
-55
-49
-79
-79
-91
-96
-77
-80
-58
-47
-28
-43
-45
-56
-52
-54
-40
-18
-12
10
16
13
-2
8
18
27
47
61
81
73
70
45
28
23
16
26
57
84
79
103
114
111
102
90
99
77
77
78
79
83
78
81
67
47
45
43
42
56
56
61
52
41
34
34
19
27
15
-2
-7
-29
-13
-23
-17
-25
-36
-37
-63
-52
-65
-54
-52
-39
-30
-34
-40
-59
-73
-84
-91
-92
-78
-78
-61
-54
-36
-53
-50
-66
-71
-70
-62
-34
-41
-18
-18
-32
-14
-9
-3
-2
5
0
-3
-1
-8
2
15
21
38
20
9
11
-2
4
3
18
18
33
26
25
17
12
11
9
11
3
3
13
11
5
21
0
6
-18
-16
-23
-16
-11
2
6
-16
-11
-9
-32
-35
-28
-46
-27
-30
-18
-31
-25
-28
-27
-14
-17
-13
-17
-14
-35
-31
-42
-30
-30
0
-12
-7
-10
9
7
8
8
25
29
36
55
46
64
56
67
72
71
79
120
94
109
101
104
107
109
123
134
142
125
134
102
90
81
112
105
111
106
96
78
56
65
54
55
34
44
13
2
-4
-6
-2
-15
-13
-25
-46
-63
-72
-83
-96
-84
-89
-99
-114
-134
-145
-154
-154
-133
-132
-121
-111
-123
-135
-151
-163
-188
-198
-176
-165
-150
-136
-123
-139
-152
-166
-161
-145
-138
-89
-74
-48
-29
-40
-49
-62
-56
-68
-51
-35
-35
-17
5
-1
10
23
39
47
58
87
73
87
96
102
115
118
95
92
92
72
82
89
100
113
133
153
152
158
142
153
147
153
169
160
168
150
138
115
103
84
89
113
106
129
139
128
130
116
117
100
90
87
79
60
35
19
2
-25
-32
-33
-23
-26
-31
-27
-26
-44
-65
-63
-80
-97
-97
-110
-101
-101
-107
-105
-129
-118
-132
-114
-115
-102
-95
-84
-82
-68
-76
-61
-76
-81
-76
-65
-73
-84
-65
-82
-54
-60
-53
-54
-50
-44
-26
-15
-11
-3
-14
-11
-29
-35
-34
-25
-29
-5
-6
-5
-14
-21
-25
-20
-13
-22
11
15
18
35
26
1
-24
-46
-64
-66
-59
-24
7
19
29
31
5
-2
-19
-12
-15
7
28
15
17
-1
-1
-9
18
24
43
73
81
76
82
73
75
65
68
77
69
76
98
95
95
94
93
102
83
91
81
84
87
83
80
72
53
43
28
20
9
17
29
29
37
31
30
27
6
-10
-29
-40
-33
-41
-38
-39
-53
-60
-77
-79
-79
-78
-67
-55
-51
-57
-59
-61
-69
-69
-81
-57
-67
-66
-54
-67
-60
-88
-70
-79
-66
-49
-46
-17
-26
-5
-23
-25
-25
-25
-11
-4
19
8
26
11
16
15
33
29
45
46
59
56
49
61
32
41
31
45
29
39
62
70
66
68
51
34
25
32
32
42
49
45
48
15
-1
4
-9
6
-3
13
5
-11
-1
-18
-4
-7
1
-9
-8
-29
-32
-35
-58
-44
-32
-30
-45
-10
-24
-11
0
-3
-19
-32
-24
-48
-52
-47
-36
-36
-20
-14
-22
-19
-16
-31
-8
-20
-16
-7
6
8
18
20
-8
3
-25
-22
0
-12
-9
-8
-3
-13
-6
6
3
0
-4
0
9
-2
-1
-1
-3
-7
-1
1
18
12
25
34
26
19
3
3
-13
-2
-14
0
6
28
17
19
25
15
25
-1
23
12
12
23
16
9
-3
19
16
28
31
21
21
8
-8
-12
-6
-9
-18
-2
0
-1
-3
-3
-9
-12
-25
-17
-5
-9
6
7
13
3
14
4
3
13
1
15
9
28
21
26
28
23
20
19
16
15
35
40
38
24
28
18
29
14
38
49
43
56
47
32
11
4
-2
-5
12
-3
14
7
-8
-18
-20
-20
-25
-24
-30
-18
-48
-31
-43
-42
-52
-51
-51
-60
-41
-54
-43
-45
-58
-53
-55
-55
-49
-42
-36
-48
-31
-51
-42
-52
-49
-61
-51
-45
-55
-37
-50
-32
-27
-33
-26
-29
-23
-32
-28
-14
-2
-5
8
10
13
7
-3
6
19
38
59
73
70
90
72
72
72
79
87
73
79
90
82
72
64
61
56
61
55
62
54
54
50
39
36
20
36
26
36
32
13
-1
-2
-17
-25
-28
-25
-25
-32
-22
-30
-32
-31
-30
-25
-26
-12
-13
-23
-8
-29
-17
-33
-31
-40
-49
-49
-44
-46
-46
-29
-28
-10
-1
3
6
9
-1
-3
-9
-22
-6
-14
-2
-1
-3
0
-3
-10
4
6
28
39
31
31
13
-11
-22
-19
-29
2
6
27
20
8
9
-27
-36
-33
-26
-19
-13
-1
1
3
-16
-7
-10
-2
-10
8
-12
-20
-35
-48
-44
-60
-43
-39
-34
-36
-34
-29
-40
-27
-19
-4
14
25
22
42
16
4
-9
-7
-2
-3
17
21
25
45
55
47
63
73
75
59
65
59
55
55
68
65
66
57
47
38
25
34
31
57
66
86
79
83
73
21
23
11
4
1
8
12
22
14
13
-2
-23
-14
-24
-15
-11
3
11
10
-6
-19
-46
-82
-96
-98
-101
-88
-87
-73
-62
-84
-77
-82
-86
-102
-84
-83
-84
-95
-85
-101
-94
-96
-99
-80
-66
-78
-73
-64
-79
-60
-61
-31
-23
-1
4
-5
-3
-14
-14
-20
-13
-12
0
1
16
43
59
71
86
96
81
76
73
68
83
92
100
96
93
81
56
53
48
67
92
108
120
122
100
108
87
68
57
37
35
40
41
30
38
23
23
4
21
7
9
16
28
38
44
38
22
5
-5
-19
-29
-28
-32
-23
-30
-17
-29
-11
-12
-8
-17
-15
-10
-19
-20
-26
-45
-33
-55
-53
-49
-38
-8
-26
5
-10
-19
-25
-22
-39
-29
-20
-40
-27
-38
-41
-40
-51
-37
-25
-27
-8
-5
4
-4
-7
-3
-16
-10
-18
-36
-55
-45
-31
-30
-20
-9
-2
-9
-10
-14
-15
-17
-22
-29
-27
-26
-35
-31
-40
-53
-54
-54
-64
-60
-47
-45
-27
-40
-33
-46
-61
-58
-74
-74
-73
-57
-66
-58
-52
-34
-24
1
9
6
18
-1
18
9
19
27
42
68
63
65
60
58
54
68
80
99
111
133
143
148
139
129
122
106
129
124
135
137
128
125
120
110
98
109
110
125
126
114
85
73
55
45
44
46
37
27
11
3
-11
-23
-8
-12
-22
-22
-28
-45
-61
-87
-74
-84
-89
-95
-95
-116
-122
-110
-119
-115
-103
-93
-99
-96
-104
-118
-120
-128
-129
-111
-109
-108
-86
-90
-81
-85
-79
-79
-78
-71
-52
-37
-33
-25
-46
-50
-40
-31
-24
-29
-9
-13
-15
-4
-1
9
11
43
43
49
34
26
21
2
13
22
47
65
64
72
61
38
32
33
41
49
66
83
94
86
87
71
60
43
33
51
40
42
38
48
28
33
55
48
40
34
49
14
19
9
24
36
45
48
40
19
3
0
-5
8
2
17
8
25
1
-9
-18
-42
-30
-13
-2
9
12
17
-1
-9
-6
-29
-36
-19
-24
-13
8
-12
-3
-23
-24
-21
-28
-14
-22
-7
-3
-5
-26
-31
-41
-59
-50
-32
-32
-27
-21
-35
-32
-43
-44
-48
-47
-49
-51
-43
-63
-63
-67
-58
-54
-43
-32
-25
-28
-36
-49
-54
-48
-29
-10
1
10
9
10
-1
-10
1
-9
1
17
29
53
40
45
40
45
35
59
67
68
80
52
66
53
55
49
65
70
82
84
94
92
76
88
63
70
67
68
74
60
60
46
37
35
39
31
37
40
30
30
15
16
12
-5
23
19
9
3
-25
-33
-54
-42
-39
-27
-9
-22
-27
-56
-62
-64
-71
-52
-53
-53
-66
-54
-83
-94
-97
-100
-89
-89
-70
-67
-73
-79
-82
-98
-99
-92
-82
-75
-72
-69
-66
-78
-66
-80
-71
-67
-69
-71
-80
-74
-70
-41
-41
-10
8
15
-1
1
-5
2
-5
8
21
25
29
24
35
29
45
41
67
69
81
86
93
96
103
113
88
97
95
85
101
87
95
100
89
96
103
102
95
115
103
108
91
77
64
45
66
55
76
73
79
68
59
53
47
27
25
16
19
24
10
21
13
20
-1
4
-15
-15
-15
-20
-18
-39
-33
-30
-44
-49
-43
-44
-48
-41
-58
-78
-70
-78
-59
-50
-43
-46
-58
-49
-68
-66
-53
-66
-68
-64
-71
-91
-90
-98
-94
-78
-68
-58
-61
-47
-69
-66
-72
-78
-59
-79
-53
-62
-49
-65
-64
-79
-72
-62
-53
-39
-26
-15
-31
-18
-30
-19
-14
-12
-26
-17
-31
-19
-15
-14
2
7
21
33
42
47
40
61
64
70
85
79
78
72
69
47
43
40
35
35
36
49
66
75
81
73
92
83
76
89
86
80
87
88
78
71
79
73
59
63
57
67
75
77
87
91
89
102
82
80
73
61
51
31
22
24
10
16
19
10
27
25
39
29
9
-12
-17
-30
-36
-38
-34
-47
-61
-79
-99
-102
-114
-104
-103
-93
-82
-78
-87
-106
-116
-113
-117
-112
-107
-126
-121
-137
-145
-142
-115
-107
-89
-73
-65
-74
-83
-90
-104
-99
-86
-89
-69
-35
-48
-42
-38
-46
-43
-29
-27
-7
-8
8
10
29
34
40
44
37
55
40
68
69
61
76
75
82
103
94
105
115
113
119
114
137
122
148
131
137
116
113
113
93
111
92
95
81
72
64
61
53
59
68
55
58
38
31
10
7
-15
-10
-23
-17
-4
-24
-18
-33
-27
-33
-36
-28
-27
-37
-37
-48
-59
-61
-58
-58
-62
-50
-50
-51
-43
-54
-57
-47
-42
-52
-44
-39
-45
-29
-36
-29
-32
-28
-41
-63
-61
-76
-47
-42
-14
-14
-11
-12
-25
-45
-47
-53
-40
-18
-13
-1
-9
0
-6
-7
-7
-16
-10
-7
-1
2
-3
3
-12
-14
-11
-9
-5
-3
18
19
20
19
9
-6
-24
-17
-25
-22
-19
-26
-27
-5
-28
-14
-10
-14
-7
-2
9
10
25
18
31
24
26
18
6
39
41
40
48
51
41
38
38
57
54
59
64
71
62
55
53
51
42
43
62
63
37
52
34
32
50
45
58
55
61
61
46
42
28
16
24
18
32
32
32
38
12
0
-8
-12
-8
14
17
18
28
-14
-18
-35
-30
-50
-31
-38
-50
-38
-54
-64
-58
-71
-62
-66
-69
-65
-82
-67
-84
-71
-82
-81
-90
-98
-78
-87
-82
-77
-76
-60
-70
-64
-51
-54
-39
-38
-24
-24
-24
-39
-30
-11
-5
-8
-3
9
7
12
13
3
11
26
22
45
45
45
38
10
5
12
13
18
29
37
32
28
19
16
-4
3
20
35
46
57
59
55
27
31
30
25
25
34
57
55
52
52
41
42
40
34
38
21
17
23
38
45
51
54
51
56
39
25
25
23
28
32
35
34
42
41
44
44
40
30
19
19
16
14
19
27
21
22
17
28
2
-15
-17
-15
-2
-9
10
-3
-1
11
-14
-28
-39
-44
-45
-43
-49
-46
-42
-61
-73
-95
-110
-127
-127
-118
-112
-89
-75
-70
-75
-91
-90
-106
-115
-119
-111
-122
-133
-129
-151
-150
-144
-131
-111
-86
-72
-57
-44
-37
-38
-17
-23
-25
-11
-11
-13
-11
-1
10
30
45
61
90
103
125
129
154
140
165
169
168
181
157
170
158
149
143
163
167
191
199
204
211
200
190
178
175
162
151
137
129
112
89
76
80
51
54
40
26
33
16
5
-3
-16
-15
-59
-55
-68
-96
-99
-117
-132
-149
-149
-174
-168
-173
-164
-158
-164
-159
-152
-156
-184
-178
-180
-192
-178
-172
-169
-160
-170
-160
-163
-144
-147
-129
-117
-118
-90
-91
-89
-74
-61
-60
-23
-33
-18
1
14
36
29
31
31
46
48
78
88
109
107
108
109
103
104
97
106
97
102
104
110
113
117
123
131
153
145
148
128
129
112
115
108
106
93
71
78
68
69
81
65
72
57
60
44
34
27
13
9
-1
9
-17
-25
-37
-40
-54
-56
-59
-59
-46
-34
-38
-44
-54
-73
-79
-89
-81
-92
-78
-88
-88
-75
-70
-61
-59
-45
-54
-40
-23
-8
-16
-12
-7
9
3
13
22
10
17
13
25
28
35
50
48
61
53
54
41
31
31
11
26
20
1
6
-4
12
8
-4
25
6
-1
14
-9
-20
-25
-33
-54
-72
-62
-72
-83
-72
-87
-100
-102
-97
-108
-99
-81
-88
-80
-60
-70
-74
-81
-94
-96
-102
-92
-93
-65
-80
-71
-60
-63
-33
-34
2
5
15
15
12
17
15
46
62
68
75
83
73
69
65
62
76
74
91
110
108
111
136
134
139
145
135
134
127
138
135
150
141
143
122
116
96
87
94
89
98
83
89
84
89
89
72
55
49
19
7
-14
-11
-22
-17
-14
-28
-19
-29
-46
-47
-56
-67
-50
-64
-64
-77
-83
-83
-83
-80
-102
-101
-125
-128
-139
-145
-137
-126
-129
-121
-105
-111
-105
-110
-114
-105
-107
-100
-84
-99
-89
-101
-94
-95
-79
-64
-46
-29
-25
-18
-30
-19
-24
-19
-6
1
23
25
33
29
50
29
35
34
25
31
32
46
51
53
69
70
67
82
82
70
68
65
57
56
58
56
61
58
53
52
30
32
3
2
16
9
24
37
41
52
54
40
31
40
44
34
49
37
31
13
18
9
25
26
29
41
46
51
44
50
41
42
39
41
32
28
35
30
22
21
25
15
24
18
22
16
18
18
9
9
12
-3
-3
12
-5
-15
-10
-26
-45
-42
-57
-50
-47
-41
-52
-45
-45
-44
-53
-61
-71
-81
-86
-85
-96
-106
-112
-116
-111
-113
-115
-119
-110
-98
-86
-85
-77
-89
-98
-101
-98
-100
-104
-77
-96
-93
-88
-76
-69
-62
-27
-7
2
-2
25
16
26
43
40
62
63
68
73
71
71
90
96
106
118
118
119
112
109
120
119
123
130
130
122
129
126
102
117
107
108
131
136
133
130
115
95
88
76
57
64
60
28
36
20
19
16
11
15
25
15
-2
-4
-18
-26
-26
-31
-47
-52
-66
-59
-74
-85
-86
-90
-88
-78
-87
