0
0
-1
0
0
0
0
-1
0
0
0
0
0
0
0
0
0
0
0
0
0
0
-1
0
0
0
0
0
0
0
0
0
1
0
-1
0
0
0
0
0
0
0
0
0
0
0
0
0
0
0
0
0
0
0
-1
0
0
0
0
0
0
0
0
0
0
0
0
0
1
0
0
0
0
0
0
0
1
0
0
0
1
1
0
0
0
-1
1
1
0
0
0
0
0
0
0
1
0
0
0
1
0
0
0
0
0
-1
0
0
0
0
0
0
0
0
0
0
-1
-1
-1
0
0
0
0
-1
0
0
0
0
0
0
0
0
0
1
0
1
0
0
0
0
0
0
1
-1
0
1
-1
0
0
0
0
0
0
0
-1
0
0
0
-1
0
-1
0
0
0
0
0
-1
0
0
0
0
0
0
-1
0
0
0
0
0
0
0
0
-1
-1
0
0
0
0
0
1
0
0
0
0
0
-1
0
0
0
0
0
0
0
0
0
1
0
1
0
0
1
-1
1
0
0
0
-1
-1
0
0
0
-1
0
-1
0
0
0
-1
0
0
0
0
1
0
0
0
0
0
0
1
0
1
0
0
0
0
0
0
1
0
0
0
1
1
0
0
0
0
0
0
0
0
-1
1
0
0
0
0
0
0
0
1
0
0
-1
0
0
0
-1
-1
-1
0
1
0
-1
0
-1
0
0
0
0
-1
-1
0
0
-1
1
0
1
0
0
0
0
0
0
0
-1
0
1
0
0
0
-1
0
0
1
0
0
-1
0
0
1
0
0
0
0
0
0
0
0
0
0
0
-1
0
0
0
1
0
-2
-1
-1
0
1
1
1
-1
-1
0
0
0
0
1
-1
0
-1
-1
1
0
0
0
-2
-1
0
1
0
1
-1
-1
0
1
0
0
0
-1
-1
0
0
1
2
1
-1
0
-1
0
2
1
0
1
0
-1
0
0
1
2
-1
0
0
-1
2
1
-1
-1
0
0
-1
-1
0
2
1
-1
-1
-2
-1
1
1
0
-1
-1
0
-1
0
1
0
-1
-1
-2
0
2
-1
0
-1
-2
-1
-1
0
1
3
-1
-1
-2
-1
1
2
0
-3
-2
-2
-1
1
-1
1
-1
-1
-3
0
2
-1
1
0
-3
-3
-3
-3
0
1
-2
-3
-2
0
1
1
2
-2
2
2
0
-1
0
1
2
2
-2
-2
0
1
2
1
0
0
0
-2
1
2
2
4
3
-1
-1
4
4
5
3
-2
2
-2
1
0
1
6
-1
-4
-6
-2
1
5
1
-5
-1
-6
1
3
3
1
-1
-3
-5
2
3
4
2
-3
-6
-3
0
0
-2
1
-8
-14
-13
-24
7
-57
-25
115
113
98
73
80
91
89
59
17
15
2
37
67
55
31
39
56
26
-5
-10
-26
-6
18
-45
-24
6
13
30
-7
35
47
21
36
48
32
5
-8
-15
-24
-25
6
-39
-37
0
-66
-45
2
-25
-23
9
9
-18
-35
-32
-19
-11
13
34
25
0
-13
-22
-24
-7
2
-19
-22
-7
-45
-51
-27
-48
-68
-67
-70
-73
-76
-49
-13
-24
-38
-24
-28
-38
-47
-71
-45
-17
-49
-61
-81
-61
-41
-94
-71
-55
-79
-64
-63
-45
-44
-40
-33
-65
-46
-17
-6
31
45
16
7
18
-8
-16
6
4
15
10
-18
-38
-17
32
43
48
72
64
12
1
25
33
35
40
54
53
39
34
37
0
0
23
-6
-2
-4
-7
13
-11
-15
-7
18
31
4
19
41
47
30
15
18
27
30
27
22
-16
-14
7
-34
-32
-14
-15
-5
-8
-14
-21
3
32
12
-1
11
3
-8
-2
9
35
24
0
10
9
-1
3
-9
-26
-22
-15
-2
-24
-53
-42
-42
-18
6
12
17
3
14
3
-11
9
11
8
5
19
10
2
4
-22
-18
-20
-11
18
3
-10
3
15
11
-6
16
30
21
44
63
57
45
51
44
35
33
34
24
-10
3
-5
-18
7
11
23
30
37
35
25
8
-5
16
35
35
14
18
23
5
28
56
24
-13
8
13
-3
10
0
-24
-13
3
-2
11
15
14
35
47
51
51
68
71
55
50
45
47
25
15
29
1
21
53
15
13
17
4
-16
10
48
3
0
8
2
19
41
36
-3
19
47
44
22
9
15
-8
-13
-7
-22
-35
-48
-27
-10
-26
-2
9
-8
-8
-5
3
-12
-22
3
18
26
35
21
-12
-31
-23
-10
-17
-19
-3
-12
-17
-1
-15
-42
-11
20
3
-27
-12
1
-23
-16
-9
-15
-19
-22
-26
-28
-20
-28
-38
-57
-66
-45
-54
-59
-55
-59
-50
-53
-64
-50
-22
-22
-27
-24
-52
-72
-63
-71
-79
-68
-58
-48
-38
-43
-71
-69
-63
-84
-66
-44
-65
-73
-47
-60
-84
-82
-77
-72
-69
-45
-21
-18
-27
-22
-34
-56
-47
-61
-69
-44
-54
-83
-62
-40
-43
-25
-2
16
18
8
12
12
18
25
1
-13
-7
7
34
27
20
32
41
20
-19
-13
-5
-12
-3
14
6
-5
16
19
16
32
35
63
73
39
47
41
23
36
28
19
5
0
4
0
3
-11
-7
-5
-3
15
26
31
12
17
24
32
36
30
49
49
30
14
10
3
16
39
49
43
25
17
-7
-23
-10
14
23
45
65
53
47
25
24
38
44
48
38
30
25
41
51
53
46
24
27
18
10
15
37
72
66
51
77
67
43
46
45
40
41
70
50
37
68
64
59
50
59
65
63
72
66
48
33
43
27
1
35
52
38
62
69
63
67
55
48
45
37
37
36
25
6
-2
24
38
5
2
6
-21
-16
-8
5
20
-8
1
12
3
9
-8
-16
-15
-1
22
9
-3
4
-6
-28
-48
-69
-72
-54
-59
-56
-28
-35
-32
-29
-32
-25
-25
-15
-16
-30
-39
-30
-15
-22
-12
-15
-40
-36
-25
-29
-59
-60
-47
-63
-63
-66
-54
-48
-54
-14
-6
-19
-16
-29
-52
-61
-61
-52
-36
-35
-27
-33
-40
-29
-34
-55
-32
-11
-28
-18
-24
-24
-10
4
23
10
-4
-18
-15
2
-7
-8
-2
5
-5
-19
-4
-12
-10
-11
-20
-19
-18
-3
4
23
33
9
18
20
10
19
11
17
17
13
16
-7
-26
-19
-10
-13
13
32
3
-4
1
-21
-6
2
-8
-1
15
47
36
18
15
-1
-5
-2
-3
2
20
17
8
23
19
-3
1
22
7
1
34
19
1
24
32
33
19
18
17
18
27
31
9
-12
25
29
3
5
2
-8
-10
-27
-29
-10
-14
-9
-1
-1
-9
-12
-12
-30
-23
-5
12
3
-11
-8
-24
-27
-20
-22
-13
-4
-11
-15
-12
-26
-16
2
-8
-4
4
10
23
32
35
38
23
-7
-6
5
-1
16
30
17
22
31
12
-1
0
-3
2
-9
-18
-3
16
28
25
17
7
24
17
-3
21
18
11
9
-1
-10
-14
-19
-36
-39
-47
-46
-22
-14
-3
10
2
-2
-11
-26
-15
1
-1
-1
-2
3
0
-3
-5
-23
-16
-17
-22
-1
-2
11
25
-9
-10
-2
-29
-5
22
16
26
26
10
-3
-9
6
-6
-25
-13
-17
-16
-7
-14
-31
-24
-16
-20
-17
-27
-24
-28
-18
-11
-14
8
14
-11
-48
-56
-36
-10
-17
-29
-23
-22
-18
-19
-19
-24
-33
-43
-46
-43
-29
-12
-18
-9
-10
-30
-34
-37
-24
-8
-17
-12
-13
-28
-7
-3
-33
-22
-12
-45
-30
-10
-9
5
0
1
-20
-28
-17
-21
3
24
19
5
4
20
25
19
29
33
13
4
14
26
27
17
3
8
23
36
34
23
35
52
54
68
71
44
50
76
56
30
27
33
54
53
55
62
49
39
41
34
26
40
50
47
58
65
64
57
47
27
30
54
43
42
38
34
30
29
42
38
24
4
3
20
32
32
46
41
35
37
27
39
40
59
56
37
45
24
16
42
32
14
26
31
21
14
19
19
7
4
10
5
2
22
30
19
3
11
19
3
2
-3
-3
1
-17
-28
-21
-16
-28
-32
-20
-28
-55
-39
-29
-63
-60
-38
-35
-33
-24
-9
-16
-37
-46
-57
-62
-62
-55
-49
-64
-63
-60
-89
-96
-86
-90
-66
-47
-54
-54
-56
-64
-66
-60
-57
-47
-54
-50
-26
-34
-52
-48
-50
-64
-53
-34
-46
-61
-50
-42
-48
-42
-27
-32
-39
-17
-23
-27
-7
-38
-47
-22
-16
-20
-19
-2
-13
-46
-37
-18
-23
-33
-16
3
-25
-32
-28
-34
-20
-6
-3
-19
5
10
7
15
-15
-12
3
-3
-5
3
16
19
2
-4
-3
-2
0
3
26
31
22
23
31
42
47
54
57
45
41
47
42
65
71
46
43
32
36
37
27
30
20
21
35
30
38
47
41
46
21
24
31
3
34
52
36
36
47
42
12
16
18
2
-2
5
18
26
38
45
38
36
29
36
55
56
51
44
54
49
31
40
29
29
29
36
51
15
-1
31
29
12
12
39
46
33
28
16
32
16
17
41
28
19
22
30
30
29
29
15
13
13
-3
-3
-2
-6
-15
-18
-25
-35
0
13
2
0
-7
-3
-15
-12
-13
-12
8
-18
-29
-13
-20
-14
-25
-29
-10
-34
-27
-4
-10
-10
-1
3
-11
-7
-5
-2
8
-1
-7
3
16
21
24
19
-2
-6
-16
-28
-21
-24
-7
0
-18
-20
-11
0
-24
-23
1
-8
-17
-16
-11
-9
-20
-12
-3
-15
-7
-11
-19
-22
-30
-17
-13
-26
-35
-24
-24
-17
-5
-26
-31
-38
-20
-22
-45
-16
-13
-21
-13
-23
-24
-29
-31
-18
-34
-39
-21
-25
-43
-31
-17
-16
-11
-38
-38
-9
-26
-25
-8
-6
-2
-14
-16
-19
-16
-15
-20
-20
-53
-54
-23
-36
-52
-64
-53
-38
-48
-32
-34
-25
-16
-22
-27
-37
-24
-28
-33
-25
-3
9
-7
-8
-18
-30
-14
-8
-19
-13
-6
6
3
-11
13
15
9
10
2
6
8
28
39
32
28
36
43
33
44
25
25
51
20
19
47
56
43
29
44
45
40
39
55
55
41
46
19
17
36
20
18
3
-14
-6
-13
-1
3
-16
-13
-3
-5
-18
-34
-24
-11
-23
-7
12
2
-16
-16
-16
-29
-30
-12
3
-3
9
7
-7
-23
-36
-24
-18
-11
-10
-1
9
7
16
5
-14
-13
3
7
-5
3
2
-2
6
-4
-7
7
5
18
5
-27
-2
-2
-11
15
9
0
0
-2
14
3
-6
-8
-1
7
-3
9
18
-5
0
4
-28
-13
-6
-1
31
11
-9
-9
-2
-5
-5
16
19
12
3
20
6
-9
9
0
-3
7
23
27
14
23
25
-5
-14
-3
-3
7
23
25
25
14
0
2
9
19
20
5
3
1
-5
0
-10
-10
12
11
14
8
10
19
9
13
17
21
11
17
47
39
15
29
41
10
12
45
43
34
38
44
29
12
11
24
28
30
68
62
39
60
70
58
69
88
88
102
93
98
101
85
100
75
67
80
77
89
87
99
76
60
78
68
71
76
79
85
72
76
88
57
43
54
55
67
60
46
54
49
55
56
30
25
40
26
23
27
27
25
21
39
23
3
22
-1
-16
0
-15
-8
0
-4
-3
-18
-32
-42
-40
-40
-44
-42
-26
-26
-29
-17
-24
-30
-32
-26
-12
-17
-24
-14
-6
-11
-9
-26
-30
-23
-23
-23
-30
-17
-20
-35
-47
-45
-33
-51
-42
-37
-49
-29
-12
-27
-37
-26
-35
-43
-46
-46
-47
-61
-56
-65
-78
-72
-75
-73
-64
-73
-78
-58
-63
-65
-54
-39
-37
-72
-68
-62
-81
-80
-71
-74
-83
-84
-97
-107
-106
-104
-91
-98
-123
-120
-84
-90
-107
-78
-69
-75
-83
-88
-102
-107
-82
-84
-109
-91
-81
-100
-93
-91
-100
-88
-82
-88
-94
-77
-63
-82
-86
-84
-90
-77
-69
-68
-64
-58
-63
-70
-86
-84
-63
-70
-70
-63
-69
-74
-68
-64
-75
-68
-65
-78
-88
-99
-87
-59
-49
-39
-41
-52
-39
-46
-51
-30
-38
-33
-31
-31
-17
-21
-16
-35
-47
-27
-32
-29
-20
-13
0
-3
-1
-1
-9
9
17
-3
-3
15
7
-3
-3
-11
-4
3
-15
-1
6
-20
8
20
-17
4
36
10
18
45
32
37
48
44
39
39
30
35
55
60
70
68
49
53
56
50
64
71
77
90
82
76
81
93
102
119
126
110
100
103
102
101
101
104
119
92
87
105
100
104
109
124
128
118
140
164
153
164
179
158
151
151
147
144
146
151
143
135
134
131
141
148
125
126
128
112
124
113
105
114
113
108
100
114
107
114
125
94
98
107
105
106
102
109
108
95
99
90
70
71
75
79
81
79
58
47
66
77
76
72
63
50
58
53
26
40
59
55
41
20
21
7
-23
-25
-33
-22
-17
-14
-2
-19
-5
5
7
-4
-24
-12
-21
-19
-12
-34
-39
-39
-41
-47
-64
-70
-73
-74
-62
-67
-61
-50
-46
-53
-60
-60
-71
-52
-43
-62
-77
-85
-86
-87
-91
-104
-100
-91
-98
-109
-118
-115
-124
-127
-99
-102
-97
-75
-81
-66
-76
-87
-56
-61
-67
-71
-79
-68
-81
-84
-84
-91
-76
-78
-81
-83
-95
-91
-91
-86
-89
-98
-93
-89
-89
-81
-79
-107
-98
-77
-80
-80
-78
-68
-72
-83
-70
-71
-80
-72
-64
-51
-57
-58
-36
-38
-50
-68
-59
-47
-48
-31
-24
-38
-31
-23
-33
-34
-33
-15
-22
-46
-34
-32
-36
-26
-30
-40
-24
-32
-27
-18
-41
-29
-11
-8
-22
-29
-2
-5
-14
0
-12
-23
-7
-17
-22
-11
-19
-18
-5
-9
-20
-8
-2
-14
-22
3
-4
-23
7
10
-13
-5
1
-19
-25
-15
-28
-36
-26
-30
-48
-42
-39
-56
-32
-6
-6
-1
5
1
1
11
22
39
52
48
29
18
24
31
6
-14
-3
-6
5
17
-3
2
9
7
15
28
37
36
50
57
44
46
57
44
57
77
60
71
61
43
55
50
50
53
65
56
33
38
48
39
31
30
32
27
35
47
45
35
28
39
34
35
50
45
51
52
35
31
30
28
30
38
36
19
37
44
18
25
28
31
35
32
25
28
48
38
30
24
24
32
21
22
26
25
35
32
28
44
54
60
72
75
67
76
90
77
69
73
66
56
58
57
45
33
33
33
29
15
2
14
30
40
38
42
34
32
37
46
53
27
60
67
34
47
27
12
15
9
13
12
3
10
8
9
1
-10
19
20
8
13
15
10
2
6
3
9
6
-2
-3
5
-12
-15
-7
-32
-17
4
5
-1
-5
-1
-23
-26
-11
-17
-9
1
-10
0
-6
-14
5
-12
-17
-16
-29
-3
-7
-17
6
-12
-32
-31
-32
-22
-26
-27
-13
-11
-12
-15
-23
-16
9
1
-11
11
-2
-4
7
9
12
0
8
9
-5
5
7
-12
5
6
-13
9
2
2
11
2
0
-4
-12
-25
-19
-35
-21
-8
-29
-32
-38
-29
-51
-47
-28
-48
-32
-17
-37
-38
-23
-10
-2
-19
-19
-3
-9
-25
-25
-34
-52
-56
-73
-58
-60
-77
-65
-76
-91
-104
-105
-86
-75
-75
-53
-49
-72
-65
-60
-64
-58
-56
-45
-33
-62
-63
-36
-58
-77
-81
-64
-66
-93
-74
-64
-72
-78
-75
-62
-66
-75
-65
-37
-51
-40
-33
-59
-49
-41
-28
-31
-44
-18
-11
-35
-42
-38
-26
-24
-37
-27
-21
-25
-31
-33
-40
-53
-41
-37
-45
-52
-41
-30
-49
-54
-45
-49
-36
-29
-27
-8
-28
-38
-25
-18
-5
-13
-1
24
9
0
10
12
9
20
26
22
22
21
15
5
0
9
23
16
10
26
35
37
38
41
45
55
60
73
87
94
90
82
98
83
64
68
81
82
60
80
64
48
76
66
51
66
84
73
80
88
74
83
81
83
92
98
111
103
101
115
108
101
104
95
105
114
112
101
92
91
91
106
104
93
90
102
110
113
111
102
110
115
119
122
107
95
101
106
101
93
100
99
84
89
95
99
88
95
106
89
102
97
90
103
103
87
70
76
60
39
46
67
66
53
60
43
36
42
25
18
33
30
27
45
34
14
12
3
-1
-2
-4
-13
-13
-7
-12
-31
-35
-38
-54
-36
-39
-58
-52
-44
-47
-72
-67
-48
-49
-43
-55
-75
-61
-58
-72
-85
-98
-83
-75
-71
-78
-86
-94
-102
-93
-102
-107
-91
-75
-89
-104
-88
-76
-86
-94
-86
-77
-73
-67
-61
-82
-79
-70
-81
-97
-113
-100
-94
-89
-124
-142
-116
-126
-121
-123
-119
-97
-106
-115
-101
-99
-84
-67
-75
-72
-87
-87
-73
-77
-67
-71
-82
-93
-98
-99
-99
-102
-111
-98
-80
-78
-98
-94
-79
-85
-71
-59
-65
-63
-58
-61
-62
-67
-61
-55
-60
-53
-58
-65
-50
-47
-58
-36
-34
-26
-8
-38
-36
-20
-25
-16
-11
-22
-20
-13
-13
-12
-37
-34
-13
-8
-5
-6
-5
1
23
18
14
32
36
28
38
56
36
34
47
33
15
10
12
14
0
-10
8
7
5
7
-2
3
6
23
40
22
25
54
60
56
60
60
66
60
45
47
45
39
43
44
49
45
12
18
20
5
15
30
28
18
28
35
36
32
40
44
42
47
39
60
64
54
59
70
65
40
43
65
63
41
56
59
43
48
66
66
43
56
78
67
66
84
83
82
82
71
80
84
74
85
92
81
74
76
84
90
88
89
94
86
76
80
74
76
90
86
79
70
59
71
62
53
68
67
62
58
52
47
34
40
46
42
45
46
57
61
54
58
56
61
65
55
59
60
43
48
53
28
36
60
41
12
18
29
29
42
36
32
49
59
53
40
54
64
55
54
57
56
42
41
41
27
26
34
24
8
19
22
-3
1
16
5
8
17
1
-1
10
2
11
18
10
4
-3
-6
-10
-18
-16
-15
-24
-29
-35
-38
-48
-56
-53
-45
-47
-44
-36
-38
-26
-15
-20
-28
-28
-25
-24
-10
-20
-26
-18
-25
-32
-32
-27
-28
-31
-29
-32
-53
-44
-33
-45
-35
-22
-21
-27
-17
-24
-41
-21
-19
-36
-45
-26
-19
-38
-50
-54
-55
-74
-66
-53
-63
-61
-64
-63
-66
-86
-87
-70
-74
-92
-89
-94
-99
-104
-110
-105
-109
-112
-97
-100
-112
-112
-108
-98
-98
-91
-79
-79
-72
-59
-61
-75
-64
-56
-48
-50
-53
-41
-46
-59
-61
-67
-80
-88
-88
-78
-83
-79
-78
-81
-71
-78
-77
-75
-75
-58
-52
-58
-66
-58
-53
-57
-65
-61
-44
-64
-70
-54
-49
-47
-43
-49
-53
-48
-40
-20
-30
-43
-17
-13
-24
-28
-14
-10
-15
-6
-15
-29
-18
-20
-25
-17
-13
-6
-5
-3
2
-5
-3
12
15
24
23
20
36
22
26
34
20
26
40
41
33
40
34
23
28
21
27
36
36
38
39
53
53
40
29
36
47
49
62
61
61
66
52
51
58
61
69
68
68
69
57
54
66
66
77
80
65
65
73
77
81
77
68
73
82
94
92
81
85
90
92
91
93
84
84
100
94
85
94
111
111
109
115
117
118
118
118
126
130
130
128
127
136
124
122
122
105
116
125
109
101
116
114
107
110
99
106
118
117
103
89
104
108
92
96
102
97
88
70
77
81
71
68
67
69
53
43
54
65
56
45
66
76
67
59
65
70
59
65
84
62
46
69
58
49
36
18
36
24
13
35
27
10
8
1
10
13
3
15
11
0
-2
-13
-10
-5
-26
-28
-17
-23
-18
-27
-40
-32
-40
-57
-64
-56
-57
-52
-42
-48
-56
-48
-47
-63
-62
-62
-74
-74
-87
-102
-82
-86
-102
-104
-106
-98
-106
-116
-113
-105
-109
-111
-117
-113
-98
-97
-92
-101
-105
-98
-103
-117
-121
-114
-113
-110
-124
-128
-128
-138
-127
-142
-159
-136
-134
-141
-139
-141
-125
-125
-134
-125
-126
-132
-142
-157
-149
-130
-134
-138
-153
-163
-153
-146
-142
-138
-143
-146
-142
-135
-125
-126
-116
-100
-116
-118
-109
-111
-112
-119
-103
-89
-97
-97
-95
-112
-102
-82
-107
-97
-73
-82
-91
-94
-81
-92
-111
-90
-84
-94
-83
-79
-76
-78
-86
-81
-69
-72
-75
-58
-41
-34
-38
-35
-38
-50
-39
-11
-2
-18
-27
-8
7
-7
-9
10
13
14
10
0
-5
3
16
15
16
26
30
22
18
16
26
48
38
34
46
52
51
43
41
51
62
63
60
64
80
74
56
51
51
57
62
61
64
68
62
55
43
56
75
67
65
66
56
63
84
84
83
96
104
95
90
97
95
97
107
107
107
119
133
125
115
115
113
124
137
137
131
131
137
132
123
124
115
109
120
127
121
107
107
112
100
85
94
105
96
108
115
100
96
104
109
114
119
111
103
107
97
83
110
123
98
84
86
88
84
87
83
78
83
77
72
85
91
83
86
99
89
81
89
84
74
77
90
94
79
71
64
51
60
55
54
66
50
43
56
55
53
47
40
56
70
59
52
57
52
33
30
41
34
19
21
10
-3
-3
-18
-23
-14
-23
-33
-30
-33
-38
-34
-29
-33
-40
-40
-35
-48
-55
-51
-66
-74
-64
-57
-55
-57
-64
-75
-95
-86
-76
-73
-59
-74
-77
-51
-51
-62
-69
-74
-68
-65
-70
-70
-72
-74
-76
-78
-88
-90
-95
-103
-112
-113
-98
-101
-102
-105
-104
-94
-95
-106
-114
-115
-106
-85
-88
-98
-99
-94
-100
-105
-100
-113
-117
-104
-88
-87
-102
-107
-112
-114
-111
-93
-83
-97
-103
-94
-87
-88
-91
-107
-113
-111
-103
-87
-100
-106
-103
-106
-112
-125
-120
-107
-115
-116
-106
-108
-110
-106
-111
-105
-83
-93
-112
-110
-98
-93
-86
-73
-74
-76
-74
-79
-92
-91
-69
-62
-62
-67
-64
-47
-43
-55
-49
-33
-37
-27
-26
-28
-12
-25
-35
-34
-48
-47
-20
-9
-18
-23
-17
-26
-47
-34
-21
-25
-22
-15
-3
-2
4
17
13
10
27
32
32
35
25
26
42
40
44
41
34
51
25
17
33
31
50
56
55
70
62
49
61
69
67
64
62
75
81
72
77
83
68
64
65
69
77
89
92
80
76
92
94
85
96
107
108
119
126
113
110
106
109
111
102
116
111
89
82
91
94
83
82
82
72
63
75
84
78
78
90
97
88
95
92
87
90
75
92
101
81
73
78
83
75
79
64
57
74
76
78
83
78
81
101
88
78
86
92
101
105
101
99
96
82
71
77
90
82
71
57
45
54
52
35
47
70
49
49
63
49
50
53
51
58
54
38
40
43
39
42
42
27
11
17
16
10
18
16
16
13
6
14
22
12
7
14
20
12
-2
8
6
-14
-25
-25
-26
-36
-39
-43
-36
-37
-42
-46
-48
-32
-26
-24
-31
-37
-23
-21
-34
-39
-33
-38
-46
-33
-44
-50
-39
-45
-45
-52
-51
-55
-74
-75
-79
-59
-48
-67
-69
-59
-52
-68
-70
-61
-61
-73
-86
-80
-90
-92
-80
-78
-76
-89
-97
-89
-87
-83
-82
-74
-61
-69
-74
-66
-59
-60
-58
-56
-56
-53
-54
-44
-56
-56
-59
-93
-93
-77
-74
-78
-64
-66
-91
-84
-73
-85
-101
-83
-70
-73
-69
-86
-82
-72
-95
-96
-73
-64
-75
-82
-83
-82
-85
-89
-75
-67
-76
-70
-67
-65
-59
-48
-33
-34
-27
-29
-25
-19
-34
-24
-24
-27
-26
-34
-22
-17
-25
-30
-23
-22
-34
-39
-34
-25
-12
-20
-26
-17
-14
-32
-39
-8
5
10
-4
-8
17
1
-19
-17
-7
2
3
3
11
9
10
20
9
23
27
16
22
25
30
11
10
41
29
11
28
30
39
32
18
31
32
19
32
48
33
34
36
26
40
54
55
44
37
41
47
54
47
38
36
26
26
35
41
50
47
42
27
20
32
52
42
31
44
37
23
24
37
43
28
31
45
36
31
49
47
26
40
56
40
27
48
55
34
39
44
54
70
59
50
63
57
40
41
37
33
43
47
48
48
57
66
42
23
32
36
32
36
40
35
39
44
31
23
33
38
23
19
34
34
25
15
27
25
-3
4
19
27
31
22
39
46
19
15
25
21
15
14
26
35
45
54
48
22
16
21
14
23
31
28
18
-3
-9
6
9
-4
-11
1
9
-2
9
16
12
23
12
-15
-8
7
-13
-19
-7
-4
-9
-21
-25
-11
-3
-20
-25
-13
-19
-18
-4
-7
-7
5
-1
-2
3
-2
-7
-18
-9
4
1
-14
-24
-34
-34
-27
-20
-14
-12
-3
-15
-36
-29
-9
-19
-34
-6
3
-19
-24
-14
-10
-19
-25
-32
-38
-34
-38
-23
-21
-26
-32
-50
-38
-43
-36
-18
-21
-25
-33
-18
-26
-37
-24
-30
-32
-27
-38
-54
-41
-43
-67
-61
-56
-54
-41
-49
-48
-39
-55
-63
-54
-43
-37
-35
-31
-23
-34
-37
-22
-29
-27
-32
-19
-5
-21
-8
-6
-22
-22
-19
-4
-5
-12
-11
-18
-16
-13
-15
-11
-9
-11
-23
-26
-12
-7
-23
-35
-8
1
-19
-26
-4
-3
-19
-8
-15
-27
-25
-14
-12
-6
3
-13
-3
0
-1
10
17
31
18
6
15
16
8
1
15
21
16
18
8
9
11
-1
-12
-12
-5
-8
4
12
9
7
3
7
-7
3
35
35
16
10
22
9
1
13
17
19
21
15
5
27
31
14
22
27
30
29
20
27
34
23
18
19
18
17
17
19
28
30
15
14
15
11
20
11
9
11
3
5
20
27
21
41
48
31
35
30
14
20
29
38
34
29
46
51
39
36
46
51
61
60
48
53
61
53
31
39
35
12
27
30
26
43
35
23
26
23
27
38
30
16
22
22
32
39
50
65
44
37
45
50
44
43
55
42
37
42
42
51
59
56
53
54
44
45
40
38
54
43
21
27
33
14
12
28
24
30
30
12
14
15
9
-6
-4
20
4
-21
-8
13
6
2
23
25
4
0
11
4
-4
4
7
9
8
1
-19
-23
-1
-6
-15
-6
2
-23
-31
-24
-33
-27
-29
-40
-29
-6
-5
4
15
-2
-22
-17
-12
-30
-30
-19
-17
-36
-47
-27
-20
-37
-39
-19
-45
-58
-48
-57
-44
-44
-57
-57
-50
-47
-50
-51
-40
-38
-70
-60
-38
-54
-72
-77
-76
-78
-76
-90
-87
-61
-58
-65
-64
-54
-54
-60
-58
-50
-46
-65
-75
-72
-88
-89
-75
-74
-74
-77
-69
-70
-69
-74
-82
-73
-77
-82
-86
-73
-58
-74
-63
-44
-62
-68
-58
-67
-67
-50
-59
-76
-73
-75
-78
-61
-40
-37
-31
-27
-37
-42
-39
-39
-32
-23
-32
-33
-27
-19
-11
-18
-27
-27
-19
-36
-34
-20
-28
-28
-21
-27
-34
-18
-15
-12
-3
3
1
6
13
-6
5
18
10
14
16
20
13
4
15
25
23
32
30
19
33
32
21
24
22
24
32
36
40
43
37
37
38
38
32
24
38
37
19
25
42
42
37
32
46
51
43
57
54
51
59
49
43
54
69
67
61
61
66
61
57
67
67
59
61
58
61
66
49
56
51
46
62
63
73
68
63
63
64
62
64
63
59
67
54
53
54
44
61
58
45
57
68
52
43
61
52
38
47
54
55
55
67
67
61
54
38
36
47
64
58
33
42
52
43
34
31
44
49
36
31
37
40
50
55
42
42
41
40
53
48
36
39
28
16
8
13
32
31
16
5
8
18
16
2
0
17
13
5
18
21
11
9
4
-2
-2
-1
0
2
-6
-16
-8
-13
-26
-15
-20
-23
-3
-16
-37
-23
-11
-18
-25
-3
-6
-29
-19
-15
-17
-32
-30
-25
-38
-17
-23
-20
-9
-24
-28
-35
-24
-28
-46
-38
-27
-19
-33
-34
-28
-26
-31
-31
-17
-19
-20
-22
-33
-40
-42
-52
-47
-34
-36
-40
-47
-49
-55
-56
-40
-31
-34
-46
-46
-40
-33
-42
-54
-38
-35
-44
-43
-34
-28
-40
-37
-27
-26
-33
-44
-31
-22
-28
-23
-25
-22
-17
-25
-23
-8
11
3
-19
-22
-12
-19
-30
-13
-11
-13
-7
-21
-22
-20
-27
-15
-11
-22
-6
1
-24
-25
-13
-12
-10
-18
-3
20
-8
-23
-16
-21
-27
-16
-2
-2
0
-6
-12
-14
-10
-5
-16
-18
9
14
0
2
2
-3
0
5
9
15
14
12
13
7
7
3
-1
3
1
-6
-1
6
8
13
8
8
16
15
3
14
16
2
4
-10
-5
-19
-20
0
-19
-9
-7
-6
-6
-18
-22
-29
-14
-14
-16
-22
-22
-6
-15
-13
4
5
-6
2
7
3
7
-3
-17
-21
-10
-8
-7
9
8
2
13
22
2
1
10
5
1
8
27
13
15
14
-1
9
6
3
-5
2
12
-8
-14
-8
-14
-15
-8
-3
-5
-5
1
-3
-14
-3
4
-20
-16
-3
-14
-24
-20
-1
-13
-14
-9
-22
-11
-4
-7
-1
0
-2
-7
-19
-6
2
-3
16
4
-3
10
-1
7
14
12
1
-1
-3
-8
-5
-5
10
2
7
16
-2
-1
1
12
11
7
18
18
16
8
14
12
-2
8
12
10
4
9
17
2
0
-15
-12
15
4
-2
12
17
14
6
14
22
18
21
26
26
19
41
34
12
27
27
32
22
26
46
39
48
36
18
25
31
40
20
31
66
44
42
47
42
38
33
38
38
35
34
40
38
36
33
31
26
25
26
23
32
31
23
23
31
21
8
17
26
34
28
22
26
22
17
5
12
19
11
15
14
15
17
16
12
11
21
30
26
25
22
21
21
22
17
4
9
17
8
8
5
7
12
-3
-14
-2
6
-17
-24
-19
-23
-15
-14
-3
6
7
-11
-25
-17
-27
-36
-44
-44
-26
-31
-42
-44
-62
-66
-54
-53
-50
-42
-48
-45
-37
-65
-73
-54
-44
-40
-29
-33
-39
-41
-63
-54
-48
-57
-54
-64
-55
-47
-73
-83
-71
-67
-77
-72
-58
-55
-50
-54
-70
-71
-65
-67
-68
-79
-72
-53
-56
-55
-65
-68
-62
-74
-76
-67
-52
-43
-54
-64
-65
-68
-63
-56
-55
-48
-40
-41
-57
-58
-49
-51
-48
-51
-58
-46
-37
-44
-42
-47
-44
-37
-36
-31
-38
-33
-24
-26
-13
-21
-16
8
-10
-10
9
3
2
12
14
16
15
26
21
5
22
25
27
32
33
41
38
28
31
34
31
36
43
36
31
40
46
44
49
33
39
48
27
42
50
44
56
51
48
43
51
72
63
76
86
67
68
77
69
65
73
71
68
74
84
76
61
64
68
72
74
75
74
77
78
65
56
63
80
68
56
69
99
95
76
102
90
69
83
82
75
78
91
77
67
79
68
59
59
59
63
71
67
63
65
53
51
40
45
54
47
47
48
47
40
31
29
18
10
24
29
28
25
22
25
10
13
21
15
18
30
47
42
26
32
26
13
22
25
26
27
16
1
3
3
-5
-12
-5
3
-3
4
-4
-13
-1
-9
-15
-17
-18
-19
-32
-28
-17
-29
-41
-42
-20
-34
-58
-45
-38
-29
-35
-45
-37
-32
-15
-10
-24
-11
-6
-6
-12
-29
-13
-5
-11
-22
-28
-26
-22
-14
-22
-27
-19
-16
-15
-16
-15
-4
-1
-13
-19
-6
12
5
-15
-10
-3
-15
-16
-19
-10
8
-2
-7
-3
-18
-23
-23
-27
-17
-14
-1
-10
-30
-11
-17
-25
-28
-43
-21
-14
-27
-29
-30
-28
-29
-39
-37
-32
-25
-26
-50
-52
-55
-53
-42
-46
-38
-33
-32
-28
-32
-38
-44
-46
-47
-54
-46
-33
-43
-40
-36
-52
-55
-56
-50
-52
-57
-47
-63
-54
-46
-59
-42
-47
-54
-37
-34
-35
-36
-52
-40
-35
-44
-39
-36
-28
-45
-47
-30
-22
-17
-29
-30
-4
-7
-20
-6
0
11
14
1
-4
-6
0
6
11
19
13
1
-4
-12
-6
-7
-3
7
-11
-16
-6
8
16
12
17
29
14
16
28
21
11
16
25
16
12
16
13
7
12
15
21
23
23
23
22
31
23
16
37
35
32
44
40
51
55
39
35
30
36
25
21
29
23
27
11
15
29
17
4
4
17
13
5
12
5
-2
-6
-10
-4
-1
-8
-15
-16
-20
-20
-21
-28
-23
-27
-21
-18
-16
-17
-25
-9
-10
-18
-13
-9
-16
-6
-6
-12
-5
8
13
-9
-13
-18
-4
1
-10
7
-3
-10
-2
-7
-3
18
30
29
15
19
27
16
37
46
30
42
39
25
27
30
26
20
21
12
10
27
35
32
42
57
40
34
41
48
48
42
59
68
64
54
52
56
72
67
61
73
65
52
56
78
77
71
75
86
89
80
79
85
90
80
74
90
103
91
86
89
82
82
75
60
75
82
63
58
60
54
45
52
62
61
49
47
56
48
41
35
43
48
43
42
38
46
42
19
18
26
16
-1
12
30
24
19
8
7
9
9
7
4
18
14
15
12
-7
-10
-17
-5
-2
-20
-22
-20
-24
-32
-43
-49
-41
-43
-50
-56
-45
-44
-69
-72
-65
-67
-78
-86
-78
-78
-92
-99
-102
-119
-127
-119
-116
-115
-123
-140
-142
-133
-143
-156
-135
-119
-129
-135
-146
-128
-115
-121
-126
-136
-126
-110
-106
-106
-102
-98
-103
-104
-102
-105
-101
-73
-67
-83
-78
-54
-47
-55
-56
-35
-15
-32
-54
-52
-25
-22
-31
-24
-26
-19
-15
-22
-24
-23
-19
-15
-18
-23
-26
-22
-16
-14
-11
-14
-13
-3
-6
-15
-4
-1
-4
-3
-2
0
0
-4
-12
-12
-6
-4
-19
-25
-14
-5
5
11
10
14
18
13
7
0
9
23
17
13
8
18
25
8
3
2
6
21
19
16
21
28
31
25
23
28
35
42
37
28
28
38
30
13
14
24
17
13
20
13
6
11
12
7
2
10
23
20
11
7
9
14
17
7
15
33
37
29
29
37
33
25
21
36
53
46
40
48
51
51
54
53
64
69
69
75
79
82
73
82
101
94
74
84
112
112
94
80
85
91
82
72
77
96
90
74
84
99
86
74
75
73
69
69
78
76
66
57
63
59
33
28
43
43
40
31
30
48
46
34
25
32
43
29
26
38
31
19
26
40
38
21
14
14
4
5
8
4
18
9
-4
1
16
9
-21
-8
12
11
-1
-12
7
12
-11
-15
-7
-16
-11
-23
-44
-33
-23
-36
-42
-40
-46
-48
-49
-39
-36
-47
-50
-43
-35
-42
-38
-27
-34
-42
-41
-35
-36
-47
-49
-50
-50
-45
-54
-52
-31
-35
-58
-45
-38
-52
-46
-34
-34
-42
-36
-30
-32
-25
-21
-27
-25
-26
-35
-42
-44
-48
-53
-45
-47
-45
-46
-49
-38
-42
-47
-43
-45
-42
-26
-31
-38
-45
-48
-41
-46
-47
-37
-38
-46
-51
-55
-50
-45
-45
-30
-27
-31
-31
-30
-28
-33
-27
-15
-15
-22
-16
-15
-18
-6
-2
-25
-27
-5
-15
-30
-17
0
-7
-24
-18
-8
-18
-15
0
0
-2
-3
-7
-1
-3
-14
-2
15
14
-6
-8
1
-2
-20
-32
-15
-15
-36
-28
-24
-27
-15
-10
-11
-14
-16
-20
-19
-4
4
3
-4
3
-1
-25
-19
1
-2
-10
-7
-8
-3
-4
-15
-14
2
9
-7
1
22
17
-1
7
18
11
1
-1
15
2
-4
1
-3
2
-6
-17
-13
-4
-8
-10
-3
4
-1
-4
9
18
9
-4
10
14
15
14
7
8
-1
7
13
1
18
14
-8
9
21
-6
0
29
14
1
21
30
23
16
25
26
10
18
25
8
2
10
1
-11
-8
2
-8
-14
-18
-21
-24
-26
3
3
-18
3
8
-3
10
6
-5
1
6
10
4
6
14
4
-4
8
22
16
17
20
13
23
25
8
26
53
40
27
35
50
45
39
56
56
35
34
49
51
57
57
58
58
47
45
49
45
45
54
44
44
54
62
65
56
60
41
23
30
33
39
39
35
31
25
26
22
14
18
19
18
23
24
14
27
45
34
21
35
44
42
46
36
30
35
28
42
38
24
48
45
27
37
43
50
56
37
37
53
57
62
66
59
55
56
53
49
46
43
51
43
19
23
37
21
13
25
20
15
10
15
20
6
12
21
12
5
-2
1
7
-1
-19
-19
-3
-18
-34
-10
-4
-21
-29
-23
-16
-31
-33
-15
-28
-34
-18
-27
-29
-21
-29
-20
-20
-35
-37
-35
-38
-38
-38
-42
-30
-27
-47
-50
-49
-51
-42
-37
-41
-41
-34
-33
-48
-40
-25
-35
-38
-36
-48
-67
-59
-40
-60
-75
-61
-62
-83
-86
-83
-88
-76
-81
-93
-95
-88
-66
-76
-85
-81
-87
-90
-97
-104
-101
-96
-106
-113
-97
-92
-112
-114
-101
-103
-112
-103
-86
-97
-101
-75
-80
-90
-83
-81
-73
-64
-66
-71
-69
-68
-59
-65
-73
-62
-62
-64
-65
-62
-64
-71
-51
-39
-53
-45
-33
-41
-45
-29
-29
-36
-21
-18
-32
-23
-1
-18
-29
-1
-7
-32
-32
-13
-2
-10
-6
16
13
6
22
16
14
38
42
44
60
51
32
46
53
48
48
42
39
45
36
45
59
51
60
61
64
73
74
80
77
79
94
77
81
110
105
94
92
104
88
74
88
87
87
77
56
74
81
65
74
80
84
93
96
103
105
108
111
110
114
108
96
94
96
98
92
78
86
92
87
99
103
97
99
92
97
104
99
110
120
115
99
107
122
99
88
99
91
81
79
74
77
80
77
70
71
69
68
73
73
57
45
52
39
27
25
16
15
15
10
-1
-5
-6
-12
-15
-19
-41
-49
-37
-46
-53
-51
-50
-59
-56
-41
-52
-57
-61
-56
-52
-50
-47
-58
-64
-63
-62
-66
-67
-56
-50
-64
-59
-42
-46
-52
-43
-36
-42
-55
-44
-35
-39
-37
-29
-20
-21
-23
-25
-20
-27
-48
-32
-11
-21
-30
-32
-28
-36
-44
-28
-23
-33
-42
-32
-29
-49
-49
-44
-45
-40
-45
-44
-34
-38
-40
-42
-46
-35
-37
-48
-54
-49
-48
-53
-43
-43
-41
-35
-29
-18
-14
-16
-12
-9
-15
-27
-32
-13
-4
-20
-20
-1
3
-7
-7
-3
2
-5
-8
10
7
-6
2
3
0
-1
3
8
8
-2
-12
2
2
-21
-25
-16
-13
-28
-33
-14
-6
-28
-25
-6
-18
-15
-7
-28
-34
-24
-23
-43
-53
-49
-41
-40
-38
-19
-28
-47
-48
-32
-36
-51
-39
-22
-21
-42
-51
-30
-15
-38
-41
-21
-21
-28
-28
-33
-46
-34
-15
-17
-24
-6
5
-21
-14
19
12
-6
4
18
12
-6
-4
22
21
-11
-9
22
31
4
-3
39
52
16
13
44
45
19
5
29
42
20
13
24
33
22
22
31
33
28
16
7
19
27
14
13
36
53
28
12
36
49
13
-11
22
39
8
-30
-6
32
2
-30
-7
27
8
-17
5
26
7
-22
-9
19
-5
-39
-28
-2
-2
-46
-58
-15
-1
-38
-45
-4
12
-23
-36
-5
31
-11
-49
-13
-3
-18
-40
-42
-10
-26
-70
-57
-18
-21
-71
-60
1
-11
-61
-56
-1
-5
-57
-53
-3
-16
-57
-54
-39
-41
-47
-53
-42
-29
-53
-59
-45
-33
-37
-53
-37
-12
-21
-39
-31
-13
-10
-31
-24
11
12
-6
-6
15
32
-1
-8
29
30
16
23
51
54
33
40
68
64
44
68
89
78
72
82
94
82
74
82
89
101
87
85
102
97
90
101
97
101
121
106
106
121
108
98
83
90
118
101
84
107
122
107
76
105
126
94
71
83
107
100
84
90
104
79
58
64
80
72
79
85
64
69
73
65
65
74
90
78
53
62
73
49
18
37
66
34
16
32
34
23
-5
6
31
20
-2
3
17
5
-8
0
6
3
-4
7
5
-23
-16
-16
-40
-31
-7
-15
-43
-42
-44
-61
-65
-76
-64
-62
-80
-50
-35
-47
-54
-56
-57
-60
-67
-68
-58
-55
-64
-76
-89
-95
-91
-92
-103
-105
-102
-99
-107
-118
-102
-88
-95
-105
-83
-81
-98
-110
-112
-98
-104
-110
-106
-97
-105
-116
-105
-96
-112
-119
-105
-97
-123
-120
-97
-109
-108
-95
-80
-83
-102
-88
-72
-101
-114
-72
-55
-87
-102
-82
-71
-86
-87
-55
-44
-56
-61
-57
-39
-30
-34
-35
-27
-15
-29
-49
-30
-23
-44
-48
-40
-25
-31
-52
-15
21
2
-15
-1
34
19
-13
13
46
35
18
25
34
36
25
23
24
26
22
6
33
55
33
13
38
58
27
21
47
56
35
22
48
61
46
47
71
69
52
60
63
63
60
47
54
70
59
48
52
56
43
34
34
49
65
49
55
84
87
60
50
78
79
58
63
85
86
59
52
51
47
56
45
38
48
51
36
17
42
48
19
16
53
64
30
26
48
50
19
14
37
53
34
16
26
41
31
13
10
34
51
13
2
39
34
-1
12
32
36
20
14
25
38
18
2
11
32
45
13
10
36
39
3
-7
25
22
-10
3
38
48
23
18
31
16
1
-8
26
36
14
10
35
45
7
-2
14
20
24
20
27
14
-3
13
-5
-31
-15
2
-10
-9
18
-9
-47
-32
-28
-35
-23
-5
-3
-19
-9
-17
-41
-38
-25
-45
-53
-6
-18
-62
-50
-30
-60
-81
-56
-34
-52
-59
-19
-27
-64
-63
-61
-69
-57
-56
-60
-61
-66
-79
-95
-76
-55
-69
-70
-50
-42
-57
-92
-76
-74
-91
-84
-69
-38
-41
-59
-58
-34
-68
-102
-53
-21
-51
-59
-23
-18
-83
-99
-38
-34
-64
-48
-8
-3
-26
-40
-29
-35
-41
-20
0
8
3
-19
-31
-17
-30
-46
-27
17
11
-11
10
21
0
-10
11
41
56
43
44
49
43
14
12
41
43
24
34
48
30
3
-5
7
10
12
35
62
49
37
33
30
31
37
45
54
61
52
38
30
22
22
24
10
36
66
38
21
25
14
9
25
33
41
50
55
44
29
45
41
22
25
53
55
13
6
39
25
-17
2
43
22
-1
30
42
32
31
44
42
36
51
42
42
59
53
33
1
10
2
-30
6
31
15
-22
-8
4
-21
-7
7
13
7
15
38
8
-10
13
6
3
2
20
11
-18
-22
-16
-18
-38
-43
-25
-15
-33
-50
-44
-31
-40
-41
-13
-1
-25
-20
-11
-21
-19
-18
-13
6
-11
-35
-26
-43
-46
-41
-29
-36
-50
-55
-70
-88
-85
-64
-65
-65
-55
-44
-47
-61
-50
-28
-33
-31
-8
-2
-15
-17
-16
-6
-22
-35
-42
-48
-53
-70
-49
-43
-44
-37
-40
-42
-24
-15
-8
4
-3
6
17
19
18
25
30
24
12
0
7
9
0
12
27
31
7
6
33
28
49
78
68
45
32
39
41
43
82
107
96
50
33
50
1
18
97
105
74
76
89
67
16
29
105
103
52
72
95
48
21
49
62
38
25
40
50
50
71
65
46
35
41
44
52
91
97
84
48
32
25
-5
15
82
96
61
40
29
3
-41
-18
33
24
7
43
41
-28
-50
-31
-11
-12
-5
26
29
7
-16
-16
-10
-11
-3
-15
-10
-10
-44
-55
-38
-37
-50
-51
-42
-46
-63
-58
-58
-51
-59
-61
-34
-33
-33
-31
-41
-46
-46
-56
-78
-63
-56
-71
-65
-48
-46
-66
-58
-63
-77
-60
-51
-39
-27
-17
-13
-54
-79
-65
-64
-48
-11
21
11
-36
-61
-80
-80
-57
-24
24
33
11
-8
-22
-41
-28
17
14
-18
-14
-27
-55
-28
40
71
33
-16
-29
-52
-104
-77
26
84
76
50
28
-26
-75
-68
-12
32
30
6
-36
-43
-46
-34
16
51
36
-25
-86
-111
-74
-24
33
93
83
-1
-85
-112
-97
-50
-28
-12
-3
-62
-110
-79
-21
18
47
33
-28
-93
-134
-94
-26
23
67
45
-51
-121
-132
-130
-67
40
66
40
-9
-76
-89
-77
-44
6
15
17
8
-36
-53
-48
-38
-24
-16
-4
9
13
-1
-4
-2
0
6
1
16
53
66
44
27
12
-38
-30
37
92
135
100
73
20
-65
-46
22
78
134
165
140
58
-16
-28
17
59
94
159
155
69
19
40
63
64
98
135
127
80
42
61
74
61
73
112
137
97
62
48
39
40
39
78
135
148
119
86
58
42
35
71
118
157
146
70
17
2
-4
-2
58
119
122
90
46
25
9
30
78
94
96
88
73
34
1
14
56
88
75
56
37
-32
-77
-43
13
55
63
67
52
9
-49
-77
-16
31
25
44
73
35
-40
-56
-13
-5
-48
-65
-21
17
-25
-59
-30
-15
-52
-63
-37
-36
-42
-46
-38
1
5
-12
-54
-81
-41
-38
-63
-40
9
-6
-48
-57
-56
-74
-86
-33
28
-2
-46
-61
-80
-90
-52
31
63
3
-56
-75
-81
-64
-21
51
74
17
-70
-79
-55
-77
-41
27
41
-11
-58
-66
-53
-30
-24
-8
20
-1
-46
-41
-6
-7
-41
-45
-33
-40
-73
-61
-7
-9
-26
-14
-1
4
-19
-60
-85
-60
-42
-74
-31
47
31
-34
-75
-79
-104
-114
-70
-20
4
3
-3
-40
-74
-64
-69
-90
-79
-41
-10
6
-27
-61
-33
-41
-74
-51
-26
-26
-41
-17
23
-2
-16
-15
-18
0
9
10
-1
-8
-16
-18
-28
-19
24
44
60
73
28
-44
-45
23
67
91
123
84
36
34
36
57
66
63
69
57
67
74
65
110
153
137
115
85
80
74
71
124
145
132
110
63
39
33
31
47
62
85
82
50
45
24
16
23
38
64
58
71
73
29
-28
-38
-7
12
9
-16
-21
-51
-83
-105
-101
-73
-77
-89
-110
-132
-158
-188
-199
-187
-174
-139
-113
-118
-121
-139
-175
-213
-231
-204
-141
-114
-112
-119
-153
-180
-187
-182
-174
-194
-219
-216
-208
-201
-163
-114
-103
-119
-133
-130
-136
-121
-70
-4
34
53
64
44
45
41
37
59
74
84
104
121
150
173
160
155
163
149
124
154
233
281
303
283
251
238
191
212
283
326
339
344
342
338
356
351
325
320
313
270
281
340
382
401
427
429
360
266
218
243
240
221
257
307
302
252
228
153
-10
-155
-276
-374
-422
-378
-267
-209
-225
-287
-393
-546
-674
-703
-639
-515
-335
-168
-99
-123
-211
-324
-392
-408
-385
-309
-282
-307
-298
-314
-397
-487
-542
-584
-605
-573
-515
-497
-547
-557
-516
-496
-492
-429
-335
-305
-271
-250
-222
-172
-143
-87
-2
87
141
172
212
254
286
322
326
305
302
317
345
346
351
349
299
253
244
290
377
479
562
587
555
514
515
547
604
700
791
836
822
783
762
716
643
618
682
746
789
828
831
746
563
451
533
688
828
924
786
326
-239
-665
-768
-504
-100
167
76
-437
-1140
-1704
-1882
-1568
-973
-429
-108
-94
-340
-605
-643
-433
-86
282
525
554
424
277
216
237
243
125
-150
-468
-705
-804
-812
-807
-869
-1042
-1257
-1407
-1416
-1350
-1259
-1092
-910
-760
-590
-441
-334
-222
-105
48
187
224
177
157
193
232
286
334
292
121
-105
-257
-307
-365
-376
-257
-181
-183
-166
-182
-227
-218
-126
9
96
155
241
328
397
464
521
508
447
442
511
578
607
619
586
488
358
318
340
353
384
410
411
338
294
358
423
438
498
618
703
759
788
774
767
822
955
1081
1031
706
173
-390
-751
-733
-509
-317
-244
-410
-849
-1378
-1710
-1741
-1553
-1191
-653
-206
-92
-79
38
218
453
767
1000
990
846
793
856
908
888
744
372
-135
-482
-641
-767
-860
-949
-1110
-1285
-1345
-1266
-1192
-1138
-998
-866
-767
-611
-378
-126
115
386
621
752
769
729
716
694
621
535
406
230
97
-22
-143
-263
-478
-717
-846
-866
-788
-656
-567
-508
-465
-466
-408
-261
-38
186
311
365
341
254
206
321
486
537
512
390
193
-29
-178
-173
-58
37
98
151
81
-94
-267
-292
-128
104
358
589
672
620
579
587
639
746
932
1139
1311
1427
1502
1544
1509
1365
1087
661
137
-276
-483
-485
-310
-131
-94
-312
-757
-1241
-1583
-1682
-1496
-1027
-432
45
330
516
633
717
842
975
1029
1057
1180
1342
1437
1414
1224
841
352
-60
-350
-577
-778
-943
-1066
-1143
-1153
-1198
-1327
-1473
-1546
-1473
-1227
-867
-552
-353
-237
-103
90
307
510
642
723
771
762
677
538
373
164
-50
-235
-473
-835
-1232
-1491
-1567
-1490
-1221
-866
-631
-618
-737
-850
-936
-863
-498
13
433
693
769
640
383
252
324
405
446
463
345
93
-128
-224
-232
-217
-165
-123
-191
-252
-184
-35
112
270
443
537
541
545
639
794
962
1163
1298
1354
1464
1595
1705
1769
1687
1401
903
280
-253
-600
-840
-923
-819
-697
-698
-871
-1220
-1683
-2099
-2225
-1885
-1206
-381
445
1057
1333
1349
1244
1134
1109
1236
1500
1699
1743
1636
1293
735
157
-338
-808
-1231
-1556
-1797
-1941
-1958
-1891
-1834
-1863
-1928
-1908
-1755
-1456
-1004
-501
-58
313
575
745
865
919
1005
1158
1317
1381
1221
880
500
170
-132
-463
-930
-1623
-2274
-2516
-2281
-1723
-1086
-578
-416
-634
-954
-1135
-1030
-452
551
1522
2020
1981
1536
906
493
584
985
1245
1191
893
382
-198
-595
-761
-833
-813
-600
-369
-302
-322
-370
-380
-248
82
522
888
1104
1224
1262
1218
1232
1347
1573
1896
2172
2295
2275
2107
1695
1045
324
-285
-817
-1410
-1876
-1940
-1692
-1411
-1293
-1468
-1925
-2503
-2850
-2541
-1664
-593
581
1703
2489
2804
2648
2229
1811
1615
1757
2044
2129
1880
1355
572
-270
-1009
-1750
-2486
-3017
-3237
-3173
-2898
-2566
-2261
-2061
-1913
-1633
-1232
-716
-17
753
1445
1971
2212
2263
2231
2060
1853
1690
1526
1331
1008
483
-118
-811
-1607
-2309
-2832
-3090
-3007
-2710
-2320
-1875
-1516
-1227
-847
-394
129
692
1219
1779
2235
2361
2261
2015
1666
1414
1285
1197
1016
621
144
-344
-946
-1497
-1766
-1737
-1461
-1014
-564
-329
-353
-407
-246
99
574
1176
1720
2009
2058
1950
1700
1431
1322
1487
1820
2101
2267
2208
1949
1614
1087
291
-511
-1111
-1745
-2551
-2988
-2534
-1672
-1187
-1183
-1449
-1964
-2529
-2566
-1781
-569
743
2148
3372
3985
3834
3135
2282
1683
1605
1755
1635
1216
691
-16
-1028
-2067
-2983
-3834
-4365
-4324
-3806
-3088
-2429
-1915
-1548
-1265
-835
-176
623
1591
2528
3065
3167
2989
2629
2228
1887
1504
949
279
-223
-580
-1235
-2222
-3124
-3825
-4312
-4292
-3699
-2775
-1865
-1175
-622
-264
-197
-16
687
1669
2587
3272
3489
3223
2528
1615
905
355
-68
-120
-39
-197
-595
-1200
-1941
-2558
-2802
-2560
-1875
-975
-48
690
893
747
655
601
812
1485
2216
2653
2600
2135
1650
1179
724
546
560
686
963
1240
1477
1598
1236
233
-966
-2048
-3123
-3937
-3703
-2139
-356
322
50
-536
-1552
-2673
-2894
-1856
-53
1949
3710
4694
4627
3770
2637
1601
995
950
945
574
249
79
-570
-1750
-3039
-4158
-4838
-4950
-4396
-3313
-2179
-1260
-611
-324
-53
527
1130
1811
2756
3539
3792
3555
2992
2323
1531
588
-253
-982
-1562
-1716
-1736
-2020
-2660
-3735
-4675
-4819
-4247
-2942
-1047
611
1456
1542
1147
589
238
698
2157
3542
4031
3928
3099
1437
-173
-1133
-1516
-1472
-1115
-582
-292
-536
-1005
-1623
-2430
-2694
-2009
-891
375
1567
2278
2418
2048
1513
1196
1097
1469
2187
2420
2048
1492
842
278
-17
-31
326
676
864
1300
1712
1573
753
-550
-1562
-2049
-2808
-3374
-2361
-319
934
685
-217
-848
-1609
-2572
-2394
-816
1170
3030
4187
4404
4081
3159
1774
662
333
631
644
105
-159
-277
-1228
-2824
-4081
-4638
-4608
-4105
-3222
-2004
-845
-195
80
301
757
1417
1912
2480
3438
4040
3715
2890
1948
968
7
-923
-1770
-2326
-2371
-2134
-2063
-2176
-2219
-2397
-3257
-4184
-3854
-2270
-292
1391
2484
2971
2575
1401
346
17
416
1400
2458
2922
2485
1105
-844
-2475
-3074
-2581
-1612
-814
-219
190
133
-481
-1333
-1920
-1777
-728
807
2182
2943
2833
2058
1206
599
308
529
1183
1812
2011
1579
750
-119
-698
-434
396
896
1203
1729
2191
2187
1158
-771
-2061
-2383
-2973
-3500
-2535
-98
1670
807
-975
-1388
-1677
-2643
-2637
-935
1555
3414
3918
4078
4377
3755
2027
155
-605
70
418
-291
-485
-296
-1349
-3360
-4960
-5327
-4692
-4007
-3122
-1612
-248
386
389
377
1117
2021
2203
2461
3411
4171
3993
2834
1215
-158
-1235
-2117
-2702
-2952
-2683
-2091
-1949
-2269
-2345
-2468
-3225
-3786
-2776
-336
1802
2861
3495
3525
2116
125
-626
-121
716
1820
2726
2558
1322
-566
-2582
-3911
-3572
-1781
-344
140
758
1265
517
-697
-1210
-1109
-411
864
2266
3126
3070
2324
1142
-55
-356
236
738
1260
1951
1917
1077
155
-396
-343
141
849
1645
2236
2829
3046
1677
-665
-2081
-2381
-2826
-3741
-3436
-860
1442
869
-1082
-1721
-1305
-1782
-2756
-1604
1642
3809
3789
3595
4456
4856
3023
282
-572
316
549
-541
-1342
-917
-972
-2913
-5028
-5338
-4494
-3955
-3595
-2385
-389
845
793
834
1708
2686
2889
2568
2775
3577
3834
2895
1242
-299
-1344
-2294
-3362
-3849
-3376
-2622
-2374
-2589
-2476
-1819
-1463
-1942
-2103
-532
1788
2853
2809
3027
3167
1991
305
-204
283
721
784
530
-23
-858
-1952
-3095
-3404
-2280
-762
-116
205
940
1219
621
26
-151
18
735
1849
2546
2486
2125
1447
218
-720
-524
92
356
713
1177
1077
548
177
-6
30
609
1561
2358
2780
2635
1291
-1011
-2573
-2793
-3077
-3891
-3344
-947
636
-178
-1796
-2086
-1438
-1676
-2160
-667
2212
3757
3503
3491
4609
4735
2420
94
-20
653
74
-1450
-2108
-1630
-1946
-3602
-4793
-4472
-3596
-3383
-3260
-1910
154
1190
1163
1534
2625
3432
3236
2792
3058
3532
3241
1994
378
-863
-1664
-2622
-3665
-3964
-3295
-2516
-2444
-2587
-1973
-1000
-944
-1610
-1055
1349
3310
3364
2963
3084
2495
649
-583
28
1069
1245
865
101
-954
-1998
-3110
-3718
-2845
-958
257
349
609
1226
930
152
303
893
1350
2140
2856
2725
1999
1215
278
-584
-432
558
1070
988
943
689
305
329
457
497
1007
2163
3067
2613
1045
-542
-1768
-2566
-3059
-3675
-3468
-1740
-286
-503
-1503
-1872
-1437
-1299
-1486
-335
1959
3305
3350
3361
4166
4616
3064
799
155
632
312
-1140
-2379
-2508
-2792
-4178
-5157
-4672
-3599
-2921
-2560
-1702
-247
789
1110
1486
2311
3352
3842
3532
3347
3476
2965
1550
-95
-1152
-1507
-2032
-3081
-3726
-3350
-2674
-2799
-3457
-3118
-1637
-593
-822
-896
915
3214
3529
2717
2878
3003
1346
-632
-537
777
1002
549
402
-308
-1858
-3196
-3842
-3588
-2118
-373
379
441
672
583
-183
-233
791
1416
1587
2369
3108
2683
1551
519
-150
-267
180
881
1466
1646
1203
409
48
235
322
688
2123
3107
1899
-75
-966
-1451
-2531
-3703
-4033
-3139
-1603
-524
-373
-858
-1146
-1067
-1350
-1325
312
2632
3895
4161
4307
4477
3766
1904
462
320
661
297
-1037
-2332
-2909
-3659
-5061
-5907
-5406
-4009
-2713
-1807
-640
698
1352
1303
1476
2330
3447
3939
3787
3887
3910
2770
684
-1092
-1876
-2083
-2558
-3291
-3436
-2959
-2689
-3169
-3747
-3441
-2785
-2400
-1111
1367
3211
3743
3758
3369
2080
602
437
1094
1223
1447
2016
1316
-711
-2381
-3266
-3610
-2925
-1374
-213
185
413
217
-644
-1048
-443
371
1319
2773
3738
3175
1908
1067
599
608
1308
2021
2297
2356
1937
905
125
41
391
1248
2422
2633
1275
-159
-960
-2317
-3914
-4313
-3798
-2921
-1678
-595
-393
-1122
-1753
-1869
-1879
-985
1454
3810
4938
5235
4839
4097
2976
1504
578
670
932
245
-1235
-2433
-3126
-4330
-5825
-6304
-5610
-4510
-3505
-2368
-1038
77
571
815
1513
2719
3886
4487
4702
4665
3959
2222
127
-1164
-1474
-1577
-2158
-2801
-3038
-3144
-3647
-4519
-4905
-4161
-2659
-1176
356
2027
3083
2712
1443
780
1013
1534
2247
3252
4058
3749
1824
-867
-2727
-3195
-2875
-2234
-1236
-69
588
198
-806
-1566
-1611
-932
161
1545
2914
3418
2694
1438
378
-76
466
1634
2566
3032
3302
2987
1504
-146
-526
182
1176
2215
2715
2016
839
-110
-1470
-3195
-4205
-4573
-4502
-3155
-979
28
-844
-1868
-2087
-2546
-2877
-1243
1916
4483
5659
5732
5220
3986
1900
310
521
1606
1464
-34
-1336
-2120
-3546
-5509
-6492
-6111
-5103
-4139
-3113
-1784
-817
-861
-1228
-616
967
2659
4192
5486
5908
4998
3177
1149
-387
-952
-856
-985
-1514
-2074
-2756
-3931
-5251
-5828
-5310
-3676
-1639
54
1489
2404
2086
900
388
1180
2367
3147
3822
4091
3086
1280
-256
-928
-769
-421
-505
-912
-1211
-1340
-1598
-1684
-927
107
759
1301
1954
2315
1981
1337
1019
1361
1925
2323
2831
3336
3118
1909
558
-24
422
1609
2837
2910
1351
-350
-938
-1276
-2323
-3303
-3368
-2764
-2245
-2072
-1877
-1675
-1771
-2253
-2670
-2152
-333
1760
3114
4029
4607
4141
2459
929
1123
2643
3517
2582
459
-1600
-3147
-4575
-5637
-5579
-4548
-3616
-3435
-3526
-3224
-2658
-2325
-1996
-873
1159
3105
4155
4421
4107
3207
1789
524
435
1328
1877
1171
-517
-2263
-3982
-6072
-7356
-6359
-3680
-1344
-513
-171
252
-256
-1404
-1293
591
2810
4429
5378
5292
3710
1471
-281
-1229
-898
354
1147
865
-21
-1167
-2423
-2947
-2074
-609
441
1326
1981
1884
1381
1055
1106
1714
2746
3681
4211
3882
2823
1771
1130
881
698
873
1779
2230
980
-445
-627
-742
-1911
-3578
-4236
-3692
-2713
-1544
-709
-884
-1475
-1931
-2594
-2810
-1483
1208
3538
4603
4865
4257
2556
876
627
1886
3610
3716
1672
-890
-2772
-4356
-5780
-5834
-4544
-3310
-3128
-3405
-3364
-3250
-3457
-3560
-2357
257
3024
4466
4726
4469
3470
1891
777
1285
2857
3645
2382
-401
-3265
-5180
-5943
-5806
-4646
-2859
-1505
-1681
-2929
-3400
-2661
-1864
-817
1805
4794
5858
4988
3640
2328
1138
896
1616
2510
2917
2131
-138
-2490
-3256
-2914
-2338
-1252
274
929
214
-437
-310
47
867
2269
3411
4149
4681
4378
3215
2437
2589
2757
2651
2844
2845
1955
643
-314
-919
-1325
-1598
-2661
-4769
-5919
-4439
-2254
-1663
-2044
-1828
-1437
-2577
-3970
-2668
1334
4525
5111
4993
5259
4314
1539
114
2039
5021
5302
2597
-107
-1935
-4018
-6180
-6435
-4718
-3160
-3150
-4109
-4732
-5034
-5331
-5351
-3933
-855
2406
4244
4394
3878
3092
2065
1273
1797
3793
5565
4781
1238
-2293
-4013
-4649
-5219
-4900
-3288
-2293
-3230
-4829
-5060
-4050
-2887
-1665
195
2337
3485
3351
2737
2758
3291
3325
2935
3154
3784
3206
1285
-476
-1190
-1378
-1328
-887
-543
-696
-1139
-1360
-1121
-447
495
1540
2169
2046
2017
2728
3769
4499
4701
4403
3680
2702
1968
1801
2155
2659
2112
-12
-3134
-6116
-7138
-5190
-2360
-1497
-2197
-2569
-3231
-5558
-6900
-4087
887
3903
4433
4499
4499
3212
1166
1469
4875
7894
7228
4024
1142
-1184
-3702
-5445
-4903
-3104
-2313
-3354
-5105
-6334
-7072
-7239
-6255
-3836
-878
1355
2126
1557
738
642
1312
2334
3997
6154
7064
5126
1339
-1488
-2122
-1633
-1245
-829
-476
-1542
-4427
-6894
-6673
-4498
-2620
-1603
-457
744
881
40
-284
740
2280
3341
4037
4656
4663
3411
1412
215
487
1285
1529
1350
939
-109
-1403
-1802
-968
176
884
1077
952
700
624
1263
2479
3303
3114
2619
2483
2298
1636
1359
2204
2748
1290
-1858
-4301
-4155
-2238
-1178
-1631
-1959
-2178
-3806
-6278
-6225
-2594
1191
2156
1660
1958
2103
594
-746
1227
5396
7399
5512
2368
492
-638
-1867
-2326
-1105
296
-307
-2808
-5085
-5806
-5568
-5379
-5169
-3932
-1815
-510
-969
-1807
-1397
-451
-276
78
2047
4531
5099
3190
927
400
1018
1214
1365
2024
1863
-373
-3215
-4010
-2808
-1682
-1522
-1600
-1502
-1693
-2261
-2124
-633
1090
1822
1698
1679
2057
2250
2062
1999
2217
2402
2495
2500
2328
1747
778
17
142
1156
2107
2257
1763
969
62
-451
183
1799
3121
3384
2756
1198
-408
-492
477
273
-1753
-3337
-2452
-633
-775
-2383
-3090
-3043
-4398
-6213
-4650
-112
2450
1423
256
632
624
-289
597
4356
7691
7075
3353
376
-498
-847
-1222
-537
604
9
-2498
-5139
-6503
-6375
-5271
-4163
-3580
-2859
-1681
-1159
-1840
-2321
-1387
55
764
1266
2594
3895
3264
980
-578
-132
1230
1942
1973
1971
1571
27
-1928
-2441
-1183
-23
-82
-419
-462
-860
-1853
-2208
-1089
340
935
943
1047
1460
1776
1632
1492
1859
2560
3073
3141
3167
3062
2421
1771
1524
1452
1492
1893
2354
1973
1090
911
1172
822
568
1129
1585
1094
287
-156
-1350
-3418
-3954
-1803
37
-778
-2505
-2961
-3327
-5396
-6514
-3758
468
1745
451
-148
15
-966
-1875
457
5029
7369
5606
2324
242
-532
-435
701
2250
2423
354
-2703
-4963
-5834
-5344
-4059
-3331
-3662
-4132
-4232
-4507
-5030
-4570
-2676
-1067
-691
-136
1494
2711
1955
665
1374
3343
4028
3358
3037
2961
1887
385
-93
387
482
-370
-1378
-1564
-1259
-1635
-2429
-2345
-1394
-900
-808
-54
1011
1337
1012
839
1183
2047
3102
3782
3813
3561
3250
2772
2570
2812
3035
3044
3123
3193
2818
2053
1410
1347
1165
301
-281
213
859
267
-1666
-3781
-4485
-3508
-2430
-2307
-2353
-2195
-3256
-5750
-6663
-4177
-841
555
587
852
990
52
-734
1096
4746
6497
4785
2054
642
390
470
966
2025
1698
-555
-3380
-5028
-4509
-3200
-2574
-2909
-3730
-4347
-4662
-4871
-4378
-3256
-2553
-2851
-3183
-1846
218
951
548
383
978
1637
2241
3159
3972
3908
3171
2306
1771
1902
2081
1942
1347
570
-184
-1080
-1570
-1539
-1270
-1119
-1047
-896
-741
-515
-166
123
53
507
1814
2921
3160
2971
2933
2970
3176
3780
4608
4976
4764
4042
3177
2900
3085
3516
3392
2242
720
-225
-536
-1431
-3041
-3628
-2287
-1487
-3075
-5063
-4763
-4007
-5536
-6797
-5117
-1778
-654
-1947
-2007
-555
-10
-501
248
3187
5553
4653
2474
1711
2380
3193
3480
3458
2872
1376
-578
-2213
-2699
-2053
-1595
-2770
-4895
-6018
-5725
-5211
-5285
-4995
-3946
-3716
-5062
-5626
-3733
-1291
-136
325
1064
1736
1757
1541
2104
3535
4527
4260
3616
3599
3472
2296
1306
1716
2187
1413
202
-502
-1004
-1576
-1629
-963
-481
-812
-1511
-1756
-1525
-1071
72
1697
2543
1786
825
1293
2492
3362
3747
3996
4197
3868
3333
3214
3429
3726
4090
4397
3888
2256
861
474
-197
-1670
-2335
-985
62
-2026
-5430
-6347
-5420
-5808
-6768
-5265
-2441
-2507
-5021
-5587
-3159
-858
-215
673
2572
3565
2520
955
1027
2535
3947
4625
4373
3220
1804
683
-106
-445
88
672
-414
-2844
-4414
-4242
-3782
-4183
-4596
-4123
-4265
-6273
-7694
-5922
-3114
-2296
-2325
-1417
-859
-1425
-1161
989
3317
4307
4331
3912
3385
3291
3622
3960
4410
4639
3749
2027
861
592
604
683
748
167
-1104
-1961
-1895
-1621
-1338
-660
8
28
-430
-534
-43
818
2002
2918
2992
2816
3033
3292
3192
3231
3695
4180
4371
4376
3941
2802
1629
1124
507
-814
-1156
545
1525
-873
-4244
-5113
-4650
-5477
-6142
-4220
-1923
-3101
-6155
-6741
-4667
-2997
-2226
-493
1724
2034
385
-731
58
1855
3759
5149
4928
3149
1531
1019
993
1264
2262
2922
1256
-1895
-3429
-2477
-1549
-2143
-2827
-2333
-2657
-5385
-7510
-5674
-2238
-1920
-3869
-3910
-2564
-2894
-3353
-979
2178
2331
832
904
1910
2309
3164
5071
6207
5194
3530
2710
2498
2597
3208
3840
3426
1775
-237
-1150
-706
-275
-388
-245
-194
-1238
-2721
-2570
-728
464
384
477
806
513
323
1461
3036
3465
3022
2831
2890
2768
3107
4057
4122
2637
1328
888
-441
-2087
-674
2650
2466
-1952
-5036
-4651
-4427
-5228
-3814
-439
-174
-4093
-7156
-6279
-3814
-2252
-905
712
666
-1573
-3536
-3255
-927
2215
4521
4286
1683
-301
135
1324
2035
3165
4370
3138
-728
-3290
-1925
475
396
-1062
-1516
-2116
-4685
-6889
-5305
-1570
-421
-2731
-4675
-4141
-3411
-3348
-1760
1169
2000
-101
-1621
-382
1599
2449
3146
4038
3682
2197
1711
2957
4196
4232
3851
3592
2777
1635
1326
1978
2356
1740
1074
736
63
-864
-1122
-476
-19
-279
-432
-189
-397
-1202
-1234
-76
882
990
1127
1709
2105
2097
2391
3335
3817
3128
2278
1787
425
-974
503
3410
2679
-1588
-4107
-3810
-4107
-4909
-2883
373
-318
-4605
-7087
-5714
-3399
-1869
40
1899
1122
-2183
-4338
-3284
-518
2059
3678
3200
450
-1922
-1854
-266
1314
2775
3356
1598
-1562
-2810
-1033
1023
1138
200
-477
-1838
-4015
-4564
-2225
196
-397
-2822
-4246
-4198
-3889
-3011
-850
773
59
-1738
-2168
-959
422
1702
3002
3308
2269
1228
1610
2943
3793
4026
4093
3523
2198
1484
2229
3200
2885
1688
1191
1276
883
455
819
1329
913
-47
-364
40
247
51
-184
-245
-248
-60
313
576
758
1053
1614
2288
2515
2216
2063
1723
142
-1209
847
4481
4096
-436
-3264
-2757
-2743
-3626
-2010
996
152
-4531
-7470
-5991
-3241
-1740
-613
521
-108
-2693
-4500
-3389
-265
2426
3181
1961
-214
-1630
-1245
156
1546
2460
2405
577
-2164
-3061
-983
1343
1131
-528
-1465
-2411
-4194
-4187
-974
1732
344
-3025
-4482
-3848
-2862
-1305
851
1482
-492
-2908
-3241
-1457
971
2677
2907
1738
31
-860
241
2751
4563
4453
3238
1906
913
1073
2857
4544
4070
2305
1209
953
903
1417
2341
2251
774
-525
-457
293
685
527
151
-144
-382
-369
395
1654
2134
1601
1217
1460
1589
1153
582
-23
254
2007
3214
1782
-809
-1789
-1883
-2682
-2594
-193
1445
-618
-4086
-5350
-4470
-3341
-1982
111
1203
-594
-3810
-4981
-3076
-88
1939
2346
1019
-1352
-2697
-1775
513
2234
2544
1304
-1194
-3161
-2567
53
1846
1267
-607
-2073
-3237
-3845
-2178
880
1438
-1270
-3727
-3839
-2673
-1644
-442
589
22
-1772
-2873
-2116
-124
1520
1732
1433
958
-233
-875
496
2908
4016
3406
2212
1324
752
977
2257
3424
3433
2317
1148
698
835
1140
1710
1923
972
-84
-212
352
849
1038
812
204
-301
-166
700
1622
2147
2241
2197
1767
956
371
431
354
233
1920
3983
2735
-962
-2473
-1549
-1309
-1545
124
2156
708
-3365
-5559
-4346
-2329
-1314
-487
428
-395
-3445
-5441
-3805
-277
1793
1583
246
-1379
-2339
-1803
252
2145
2500
1279
-787
-2342
-2031
-89
1376
1007
-582
-2083
-3306
-3574
-1931
500
1065
-818
-3055
-3880
-2862
-928
392
428
-143
-762
-1733
-2318
-1071
1146
1874
922
51
-350
-650
-175
1404
2749
2854
2018
1114
832
1461
2550
3225
3207
2573
1698
1149
1470
2264
2549
1946
925
157
-80
198
697
1037
707
-202
-855
-644
257
1417
2146
1975
1381
1045
1164
965
13
-300
1511
3736
3275
377
-1455
-922
-750
-1770
-1095
1625
2253
-932
-4209
-4179
-2400
-1558
-1222
99
1153
-657
-4359
-5698
-2710
1361
2394
509
-1558
-2580
-2853
-1982
419
2762
2752
29
-2803
-2965
-592
1732
1950
495
-989
-2057
-3008
-2885
-664
1594
669
-2568
-4311
-3165
-1398
-620
-230
-30
-695
-1859
-2103
-921
826
1689
1058
-37
-344
13
355
944
2035
2524
1618
456
438
1278
1844
1971
2005
1717
1309
1170
1246
1453
1660
1620
1273
968
857
757
680
882
1099
767
238
83
163
318
650
1028
1066
831
775
1020
1046
305
-798
-594
1761
3838
2697
-133
-1057
-355
-527
-1141
172
2309
1745
-1663
-4362
-3887
-1729
-555
-463
-78
57
-1887
-4758
-4684
-1037
2104
1693
-713
-2167
-2141
-1719
-963
561
1879
1121
-1353
-2883
-1988
64
1278
938
-467
-1771
-2246
-1928
-1049
138
926
240
-1886
-3377
-2366
45
989
-66
-925
-789
-971
-1587
-1069
835
2067
1175
-723
-1371
-193
1157
1457
1432
1785
1599
532
66
1098
2411
2408
1205
241
280
810
1055
996
917
480
-204
-531
-341
305
965
771
-244
-789
-315
261
374
598
1094
990
149
-324
330
1553
2192
1748
423
-1133
-1626
144
3134
4108
1719
-1256
-1810
-553
335
882
1979
2362
305
-2992
-4044
-1726
1179
1718
272
-975
-1595
-2479
-3174
-2178
383
1964
600
-2273
-3557
-2267
-199
826
794
375
-491
-1808
-2359
-1088
1002
1843
776
-948
-2059
-2096
-1033
496
1342
780
-816
-2122
-1974
-440
1096
1339
486
-521
-1023
-794
64
1035
1455
934
-245
-1049
-674
483
1314
1330
716
-190
-788
-562
253
1075
1362
756
-314
-867
-396
529
1053
903
126
-762
-958
-294
496
643
183
-443
-966
-1123
-527
714
1551
1010
-368
-1148
-590
838
2049
2257
1465
319
-285
325
1638
2192
1368
319
462
1396
1685
1113
549
348
141
-190
-128
668
1557
1464
117
-1321
-1429
-316
868
1385
1034
-194
-1832
-2692
-1653
419
1560
1018
-698
-2328
-2756
-1790
-152
987
827
-438
-1824
-2192
-1315
19
1015
1069
54
-1278
-1731
-854
601
1478
1122
-113
-1245
-1449
-609
522
1000
612
-88
-660
-1057
-952
-100
820
929
152
-895
-1499
-1265
-406
397
624
131
-912
-1742
-1485
-466
228
237
-216
-871
-1272
-1021
-296
373
614
173
-671
-963
-399
285
625
743
604
72
-392
-158
726
1501
1343
382
-274
62
844
1341
1454
1323
1060
826
783
949
1212
1361
1275
1217
1478
1640
1195
539
361
766
1206
1088
611
333
238
-103
-540
-458
-28
-24
-416
-585
-558
-746
-1202
-1427
-1097
-487
-151
-540
-1302
-1608
-1183
-445
-102
-411
-822
-807
-533
-378
-353
-219
-15
20
-70
-92
-33
-12
-48
14
147
24
-393
-594
-363
-87
-52
-240
-602
-1025
-1225
-1031
-689
-470
-444
-773
-1289
-1411
-1034
-571
-374
-484
-678
-855
-969
-875
-468
137
320
-155
-576
-370
208
460
280
167
351
587
570
488
604
755
741
666
631
599
639
753
847
916
1001
1043
917
690
659
940
1312
1475
1325
1145
1075
947
839
1032
1374
1296
758
256
103
241
422
543
469
22
-522
-721
-554
-317
-218
-369
-737
-1062
-1059
-695
-348
-319
-663
-1173
-1286
-854
-272
102
109
-355
-1058
-1314
-752
275
977
821
-35
-904
-1138
-563
434
1089
875
-89
-1005
-1144
-526
309
668
258
-637
-1381
-1417
-783
-14
230
-245
-1034
-1611
-1539
-898
-289
-142
-378
-728
-1010
-919
-374
180
435
458
325
88
-2
224
605
964
1094
869
595
487
487
502
600
837
911
753
549
439
557
788
879
777
666
676
715
797
939
1043
977
733
596
724
931
899
642
409
108
-215
-212
132
385
117
-466
-810
-716
-444
-362
-370
-242
-187
-381
-629
-597
-253
11
-58
-261
-285
-209
-251
-285
-147
41
8
-215
-381
-402
-245
-83
-89
-132
-140
-161
-133
-20
1
-153
-277
-186
7
36
-188
-413
-436
-358
-380
-386
-224
-250
-639
-1009
-977
-633
-395
-460
-671
-754
-692
-616
-411
-78
92
13
-128
-170
-73
238
558
589
475
352
295
396
624
764
643
445
290
277
557
849
778
466
308
306
234
204
398
693
721
347
-2
9
281
538
612
524
238
-78
-107
66
139
113
63
-145
-473
-649
-542
-380
-492
-767
-854
-792
-851
-1000
-916
-646
-573
-665
-676
-587
-565
-570
-405
-173
-72
-81
-72
-63
-61
57
267
318
138
-34
38
234
337
348
264
176
101
22
74
175
181
61
-86
-141
-113
23
131
-53
-381
-507
-365
-149
-69
-123
-170
-100
-70
-149
-129
72
245
254
234
222
265
350
374
372
504
757
828
649
406
270
386
677
821
705
556
470
361
264
332
395
289
148
76
145
186
56
-141
-244
-190
-83
21
33
-128
-398
-531
-387
-120
16
-97
-322
-471
-488
-449
-363
-209
-145
-391
-856
-1041
-741
-330
-229
-480
-736
-793
-714
-560
-412
-230
-88
-204
-506
-587
-185
331
479
233
-84
-202
-91
175
457
616
511
151
-162
-165
119
422
463
194
-143
-267
-112
157
331
321
148
-86
-149
94
419
576
468
261
183
281
473
605
654
632
538
454
424
520
680
724
745
826
841
695
552
629
820
864
733
683
798
793
567
414
445
528
489
349
255
215
121
-92
-220
-138
3
22
-147
-414
-642
-730
-630
-426
-288
-370
-615
-795
-794
-653
-555
-536
-577
-711
-796
-792
-737
-703
-673
-682
-763
-790
-783
-689
-541
-514
-633
-710
-624
-539
-478
-351
-272
-280
-324
-408
-421
-293
-68
77
-10
-164
-177
-63
33
83
166
197
65
-147
-176
59
255
169
-75
-260
-301
-224
-81
40
44
-30
-127
-157
-61
89
274
383
293
172
244
438
563
613
633
613
548
537
619
765
818
698
539
475
570
674
673
558
416
349
323
332
409
475
398
181
-62
-103
82
200
94
-90
-174
-294
-471
-466
-209
-10
-137
-477
-702
-639
-473
-350
-310
-345
-434
-563
-591
-517
-464
-444
-454
-526
-628
-696
-669
-557
-446
-421
-501
-639
-687
-469
-131
14
-135
-374
-474
-441
-266
2
225
243
12
-304
-430
-185
236
484
381
89
-161
-149
150
405
467
363
143
-123
-266
-90
263
403
240
-21
-155
-76
97
328
504
477
318
225
327
533
689
753
761
692
535
490
705
873
731
446
326
445
563
539
411
282
217
176
119
107
194
274
163
-115
-267
-189
-47
8
-43
-146
-257
-403
-482
-401
-256
-249
-390
-498
-589
-680
-677
-496
-283
-338
-568
-630
-532
-462
-434
-422
-406
-454
-519
-506
-416
-326
-334
-317
-266
-262
-226
-77
69
61
11
14
73
177
248
303
350
322
219
133
206
406
535
433
271
258
344
465
491
462
458
408
289
199
307
455
419
287
222
245
224
179
255
397
392
257
212
318
462
481
403
424
551
584
452
334
401
528
508
393
329
368
372
247
160
193
232
132
-43
-84
-37
-36
-118
-225
-281
-331
-385
-432
-376
-307
-429
-633
-722
-651
-517
-395
-375
-541
-786
-908
-795
-548
-405
-469
-604
-708
-785
-823
-737
-552
-453
-496
-619
-696
-719
-679
-540
-394
-319
-311
-331
-363
-380
-306
-146
-11
70
88
60
49
86
165
273
329
297
232
153
152
230
375
479
370
163
75
206
388
460
424
379
324
229
234
375
553
612
496
318
241
308
465
633
658
501
356
346
428
570
737
788
620
369
276
427
621
684
650
594
456
215
129
252
447
509
361
150
-11
-49
-56
-62
-28
-2
-5
-138
-381
-509
-422
-266
-186
-210
-323
-441
-582
-685
-576
-330
-223
-391
-619
-695
-631
-546
-478
-414
-447
-591
-717
-670
-535
-428
-371
-394
-471
-580
-541
-330
-133
-132
-303
-381
-311
-187
-37
97
83
-71
-154
-134
-55
77
213
233
42
-174
-187
26
219
218
127
-12
-133
-178
-37
201
279
208
129
110
126
193
300
388
409
339
270
274
298
275
289
377
391
303
240
267
308
288
271
296
315
274
249
278
271
245
239
256
247
207
152
78
9
-7
59
74
-14
-142
-208
-223
-265
-301
-228
-124
-200
-413
-556
-495
-343
-286
-313
-369
-418
-445
-460
-393
-301
-288
-304
-320
-372
-425
-343
-243
-254
-315
-346
-326
-294
-238
-176
-86
-79
-187
-229
-132
2
94
145
113
72
53
95
179
217
278
339
367
316
195
210
332
401
380
300
230
181
202
229
217
261
330
319
247
229
233
260
349
369
264
164
182
236
289
318
279
226
163
193
293
351
366
304
207
137
181
307
350
283
187
151
153
124
92
183
284
197
2
-112
-54
47
92
59
-33
-131
-191
-138
-80
-83
-80
-134
-312
-447
-364
-212
-157
-239
-379
-400
-381
-378
-315
-224
-202
-270
-339
-368
-340
-315
-313
-301
-302
-309
-270
-210
-257
-330
-294
-172
-85
-101
-143
-155
-140
-120
-71
24
100
80
9
-11
5
79
173
176
106
-8
-33
52
114
100
28
9
-1
-2
66
135
164
114
37
3
13
40
113
169
105
16
-13
25
76
125
187
235
235
146
77
135
227
284
322
312
252
184
130
153
235
294
345
296
138
14
36
184
263
231
142
69
12
-38
12
131
181
79
-67
-166
-209
-164
-87
-68
-165
-332
-402
-347
-274
-215
-187
-193
-301
-406
-338
-207
-129
-167
-275
-299
-282
-268
-230
-181
-171
-203
-225
-263
-270
-225
-195
-161
-190
-240
-156
-38
-34
-95
-115
-65
-13
7
37
91
94
-24
-103
-36
64
100
61
9
-10
9
24
21
24
12
-15
-30
-82
-111
-25
80
41
-92
-144
-90
-28
-8
63
170
150
32
-43
6
172
326
392
359
228
102
128
309
443
456
409
326
207
129
208
389
474
365
195
113
112
169
314
417
368
197
-3
-67
32
187
259
210
48
-161
-228
-125
16
127
114
-27
-203
-295
-205
-70
-30
-88
-144
-187
-255
-248
-154
-33
16
-86
-189
-156
-96
-79
-2
52
-35
-115
-94
-38
-12
-25
-9
18
20
-26
-48
-14
-7
-6
-17
-45
-47
-59
-76
-77
-48
-17
-32
-80
-111
-44
34
-2
-122
-197
-149
-71
-68
-124
-162
-165
-181
-195
-130
-30
-17
-98
-170
-132
-48
-2
50
79
22
-51
-13
124
210
194
138
110
108
110
148
211
248
213
90
-15
27
161
255
225
109
-5
-43
-1
41
87
94
9
-132
-192
-125
-52
-7
-18
-82
-136
-150
-130
-88
-36
-38
-91
-124
-157
-165
-114
-64
-47
-87
-131
-111
-102
-134
-133
-37
74
35
-64
-96
-69
-14
6
70
100
43
-12
-27
61
118
111
83
44
32
16
49
95
78
37
5
1
30
48
49
8
-38
-28
3
36
9
-63
-105
-105
-77
-36
29
7
-79
-122
-107
-68
-39
20
60
33
-21
-74
-30
93
182
190
152
142
125
146
222
247
232
203
203
220
226
255
236
167
135
153
175
165
124
78
44
31
12
1
26
50
5
-103
-127
-73
-36
-23
-58
-114
-137
-145
-159
-134
-48
-32
-129
-209
-234
-192
-102
-71
-90
-102
-95
-95
-133
-151
-87
-10
-5
-56
-130
-160
-108
-43
-17
-22
-42
-58
-56
-43
-34
-9
27
24
-19
-52
-51
-6
24
-24
-80
-82
-57
-35
-53
-92
-104
-112
-149
-154
-91
-58
-107
-179
-205
-161
-77
-49
-75
-65
-56
-99
-130
-70
31
72
57
34
14
20
59
146
215
207
136
81
135
196
232
255
237
193
161
173
196
223
250
255
168
44
44
153
216
148
48
12
15
4
9
49
51
2
-62
-98
-69
1
37
41
12
-58
-66
-41
-28
7
38
38
2
-34
-58
-9
70
55
-22
-41
-15
-49
-55
-22
-8
-13
-26
-10
8
43
59
59
63
34
13
0
-14
10
48
74
73
47
20
24
43
42
16
-31
-64
-58
-8
31
-11
-128
-217
-201
-106
-24
-57
-116
-173
-236
-249
-197
-95
-65
-72
-90
-137
-139
-71
16
55
52
39
33
35
62
110
158
147
63
57
141
165
87
33
68
104
147
182
113
44
25
1
28
78
65
3
-20
-44
-44
5
24
14
-10
-21
-21
-7
-16
-27
10
39
-6
-49
-18
33
14
-52
-36
-9
-28
-55
-63
-26
-9
-14
-18
14
41
44
49
16
-1
36
36
2
21
65
68
27
-57
-122
-95
-31
4
-9
-48
-105
-182
-194
-147
-94
-56
-84
-182
-267
-274
-234
-170
-124
-125
-171
-246
-299
-239
-104
-20
-58
-137
-148
-152
-103
-15
50
77
41
-14
-26
17
86
163
197
180
104
52
72
137
218
241
218
140
85
96
160
191
152
117
71
46
39
44
26
-6
-36
-48
-4
33
27
-37
-50
-54
-85
-69
-38
-46
-71
-44
-44
-74
-65
-67
-11
52
7
-60
-69
-16
24
30
29
13
15
-1
13
54
73
100
60
19
14
6
15
82
101
61
62
52
53
93
148
75
-14
-2
24
73
76
55
9
-62
-101
-118
-89
-19
33
44
-34
-63
-31
-4
20
17
-8
-37
2
-19
241
-111
-1475
-2278
-992
1330
1758
434
-787
-708
-188
14
-86
-106
458
1066
1117
672
-208
-1556
-1939
-409
1978
2607
759
-1425
-2001
-1135
-206
-6
132
601
804
547
-44
-560
-1148
-1267
-159
1555
2395
1475
-191
-1385
-1729
-1256
-490
321
728
472
109
-207
-1149
-2150
-1525
603
1918
1079
150
185
34
-794
-1236
-222
1131
1548
1017
409
-41
-718
-1132
-548
624
1263
1024
378
-100
-437
-742
-916
-586
302
956
919
171
-717
-877
-440
-9
297
548
789
578
-122
-641
-674
-147
354
696
845
568
44
-471
-401
114
494
529
302
137
203
11
-401
-482
-166
290
562
649
482
9
-332
-259
138
496
612
668
455
47
-229
-249
34
392
662
688
428
164
-2
-77
35
229
436
592
529
245
-137
-299
-159
117
352
428
360
103
-100
-101
-23
88
119
160
289
206
36
-6
-30
-82
-99
-38
84
202
161
-52
-256
-235
-47
163
312
280
22
-247
-311
-103
151
116
-139
-252
-178
-208
-294
-308
-359
-463
-358
-186
-278
-440
-355
-224
-360
-507
-440
-293
-422
-653
-555
-278
-139
-242
-494
-675
-578
-349
-171
-53
28
-52
-301
-392
-370
-480
-550
-295
183
419
125
-370
-639
-497
-196
-20
221
426
296
-112
-441
-427
-167
73
207
361
388
153
-57
-131
-146
-51
225
532
587
380
73
-123
-37
173
233
288
448
506
360
133
13
20
141
338
460
346
168
150
95
-26
-5
181
376
451
382
177
-2
0
181
284
297
311
219
80
-34
-80
-21
112
184
70
-80
-67
-12
20
17
-58
-110
-140
-159
-152
-148
-154
-123
-121
-219
-292
-317
-342
-384
-397
-310
-255
-343
-448
-449
-397
-347
-349
-356
-332
-319
-333
-379
-370
-287
-257
-274
-234
-202
-280
-383
-413
-245
-50
-92
-195
-224
-156
-68
-63
-60
-48
-93
-94
-31
-38
-80
-90
-13
96
67
17
48
6
6
174
353
452
416
246
118
241
483
476
275
175
284
379
351
286
184
204
334
488
522
433
271
226
373
415
324
197
248
429
536
467
253
98
127
283
365
336
315
357
318
203
89
126
179
150
46
-31
211
306
71
-154
-94
-32
42
183
118
-113
-252
-142
-48
45
-29
-101
-105
-133
-247
-397
-395
-362
-328
-342
-369
-375
-355
-356
-323
-358
-381
-326
-229
-148
-227
-300
-208
-34
-60
-180
-144
-70
-94
-151
-160
-113
-80
-59
-14
8
-7
-70
-194
-187
14
176
228
226
143
1
-40
69
198
332
377
233
51
71
265
297
204
151
162
241
233
198
175
137
93
141
209
195
146
60
86
133
157
106
-15
-51
-37
30
79
77
70
45
24
86
130
95
23
-132
-227
-147
5
85
7
-146
-274
-285
-138
-65
-107
-112
-121
-139
-141
-142
-158
-196
-290
-378
-298
-142
-81
-91
-165
-294
-423
-401
-181
-31
-107
-333
-425
-279
-159
-215
-255
-187
-125
-71
-31
-49
-148
-220
-199
-109
-21
1
70
189
195
54
-126
-82
118
258
377
375
263
127
68
126
221
311
393
408
330
211
112
163
293
357
302
256
302
263
164
141
199
274
303
232
160
155
167
186
232
248
133
-2
-10
85
89
40
113
158
108
51
-61
-146
-95
-19
-47
-110
-55
-13
-114
-181
-154
-174
-145
-47
20
-1
-151
-282
-332
-274
-191
-129
-79
-101
-168
-279
-269
-214
-234
-269
-254
-128
-51
-84
-199
-324
-349
-310
-250
-194
-188
-244
-249
-183
-194
-298
-340
-226
-87
-66
-118
-147
-187
-188
-109
-23
21
-13
-30
-19
-20
-5
7
19
32
21
-2
5
88
153
96
24
-9
4
68
167
273
254
126
50
110
187
205
213
176
170
168
128
146
165
123
120
160
178
128
45
21
68
127
103
11
-45
9
97
129
66
-44
-94
-57
-3
8
40
67
37
-16
-41
-15
-7
8
19
-59
-105
-50
3
-19
-89
-172
-197
-114
-17
33
-17
-77
-50
-16
-11
-45
-96
-58
25
8
-57
-92
-60
25
37
-44
-91
-14
101
117
52
-13
-52
-34
35
61
22
53
108
85
52
14
49
103
160
192
138
163
175
171
178
159
158
166
216
220
196
189
176
153
117
152
193
211
247
251
219
164
115
81
117
219
287
245
134
89
47
32
59
67
113
121
106
48
-25
-48
-43
-4
23
24
-20
-53
-83
-135
-140
-163
-148
-80
-31
-30
-127
-251
-301
-237
-123
-69
-112
-152
-144
-157
-186
-245
-253
-156
-81
-90
-178
-249
-234
-211
-194
-185
-184
-174
-144
-95
-95
-138
-176
-164
-86
-34
-3
-34
-82
-77
-82
-69
-66
-56
-22
13
28
17
61
96
14
-49
-16
56
139
114
68
93
109
75
42
65
114
161
161
126
93
70
57
68
96
141
193
172
99
-6
-16
68
77
23
-4
55
106
96
50
-33
-88
-65
-18
0
-12
-63
-102
-95
-90
-101
-142
-128
-81
-92
-84
-92
-118
-83
-56
-94
-144
-140
-124
-122
-119
-117
-99
-97
-145
-180
-162
-171
-182
-155
-114
-103
-151
-199
-228
-204
-145
-111
-118
-148
-155
-138
-98
-78
-79
-102
-119
-111
-69
-19
-13
-34
-108
-140
-99
-16
27
-48
-83
-29
18
33
16
-16
-5
37
137
190
127
56
46
128
224
254
201
136
168
264
282
234
168
135
198
312
362
248
155
150
194
257
251
211
180
191
228
187
104
66
82
122
140
154
120
65
26
18
37
24
17
23
44
39
11
-35
-75
-90
-138
-126
-56
-61
-104
-134
-127
-93
-82
-84
-95
-110
-122
-91
-64
-76
-84
-137
-173
-151
-101
-46
-35
-77
-87
-75
-84
-65
-58
-42
5
29
-12
-99
-150
-104
-28
12
7
-3
-4
-25
-16
-13
-10
10
49
113
96
36
-16
-25
34
111
126
75
66
85
103
91
82
59
38
89
141
192
184
77
29
66
140
213
220
163
111
92
89
106
137
165
149
98
108
114
63
37
54
76
89
102
71
-2
-63
-84
-84
-87
-57
-38
-73
-140
-200
-199
-171
-150
-158
-163
-144
-151
-171
-212
-221
-181
-180
-163
-146
-163
-224
-265
-217
-178
-169
-183
-165
-139
-109
-94
-131
-143
-147
-104
-40
-22
-36
-75
-87
-75
-40
-11
9
40
43
52
41
33
36
1
56
128
134
123
86
63
46
48
93
151
163
133
88
71
118
159
159
135
137
163
178
180
152
127
135
190
252
222
182
156
124
132
144
153
120
116
145
163
152
65
50
98
140
157
113
66
88
97
44
32
16
3
22
59
64
-8
-58
-51
-31
-28
-60
-91
-73
-43
-84
-147
-184
-210
-182
-154
-151
-171
-227
-228
-199
-195
-188
-216
-220
-184
-187
-186
-166
-143
-150
-187
-172
-122
-113
-142
-153
-156
-138
-111
-135
-140
-131
-115
-76
-77
-100
-86
-62
-72
-71
-24
3
-4
31
22
-3
26
40
65
79
96
95
55
43
65
81
85
89
83
64
39
36
65
109
116
100
75
60
79
66
86
116
112
91
63
81
89
68
75
78
58
45
29
52
59
41
32
34
24
-18
-29
-15
9
-16
-63
-82
-80
-47
-28
-35
-52
-83
-136
-154
-107
-50
-32
-73
-104
-115
-134
-103
-78
-46
-44
-74
-59
-64
-82
-104
-97
-70
-36
-7
-35
-73
-80
-50
-29
-18
-10
-16
-18
-13
2
12
-1
7
41
54
74
85
81
61
38
66
105
128
126
104
98
121
124
105
97
95
105
135
160
162
165
133
88
75
111
170
169
153
125
103
90
81
126
146
129
114
82
61
63
72
67
77
105
68
-4
-20
26
63
53
43
-5
-60
-53
-37
-16
11
11
-24
-65
-96
-102
-70
-16
-2
-51
-99
-101
-75
-64
-68
-86
-95
-78
-81
-94
-111
-128
-122
-91
-76
-88
-89
-78
-64
-42
-56
-82
-93
-63
-23
-19
-28
-46
-31
-30
-20
-1
9
36
32
36
50
44
25
13
18
52
79
74
76
48
44
62
78
109
122
135
154
139
127
122
105
146
192
194
176
152
139
146
147
114
107
122
120
120
127
115
89
67
67
80
64
32
35
95
119
57
24
52
81
87
60
16
-38
-61
-46
-7
5
-50
-87
-94
-77
-56
-85
-109
-110
-115
-135
-162
-177
-170
-152
-126
-97
-117
-172
-203
-181
-130
-104
-124
-171
-196
-181
-178
-183
-190
-195
-164
-164
-189
-206
-218
-181
-169
-168
-169
-181
-177
-182
-168
-171
-166
-150
-158
-133
-91
-69
-73
-98
-129
-115
-73
-27
-16
-44
-54
-47
-28
-20
10
29
27
30
37
80
93
91
99
85
102
139
145
144
150
134
113
132
164
148
156
192
195
171
142
150
173
202
192
155
139
117
123
152
170
155
131
113
93
95
86
76
69
45
23
3
-8
5
5
-5
-11
-29
-36
-58
-46
-28
-44
-38
-48
-66
-74
-69
-58
-73
-82
-92
-90
-64
-54
-77
-114
-118
-95
-93
-94
-94
-99
-71
-56
-77
-99
-93
-48
-15
3
-13
-35
-33
-21
11
25
26
16
13
30
47
54
53
44
44
84
128
125
103
92
97
147
156
148
171
194
210
188
189
176
163
212
242
241
213
182
164
171
211
228
204
166
143
144
153
153
137
133
128
112
101
90
89
87
75
61
48
29
25
36
22
3
-24
-63
-100
-91
-48
-52
-79
-130
-170
-161
-157
-147
-140
-164
-177
-199
-215
-190
-193
-207
-194
-178
-166
-184
-216
-213
-208
-201
-176
-163
-166
-193
-214
-218
-224
-218
-185
-151
-139
-153
-180
-196
-189
-166
-140
-113
-105
-128
-117
-90
-88
-75
-57
-42
-28
-35
-46
-36
-16
6
16
22
35
51
66
66
74
81
78
69
68
90
111
137
132
95
77
102
140
174
202
171
134
126
144
181
208
205
188
175
157
148
125
128
138
152
158
121
100
81
72
90
96
75
60
64
49
24
11
14
19
-3
-19
-28
-43
-59
-76
-89
-114
-131
-133
-125
-105
-108
-151
-182
-175
-156
-151
-160
-162
-174
-187
-179
-170
-173
-174
-169
-170
-153
-136
-148
-151
-148
-141
-139
-149
-127
-105
-90
-80
-92
-89
-74
-45
-10
14
23
7
-11
3
36
70
84
69
61
76
94
110
119
105
108
129
140
152
144
137
156
174
189
187
186
183
180
200
193
194
196
210
241
238
216
183
176
181
203
212
196
179
151
154
161
159
166
136
92
91
105
85
62
46
42
31
23
12
-23
-23
-33
-41
-6
-2
-36
-78
-100
-97
-71
-60
-83
-121
-140
-142
-143
-132
-124
-113
-122
-124
-110
-119
-122
-121
-122
-110
-86
-75
-77
-99
-106
-78
-51
-34
-49
-58
-39
-31
-23
-23
-25
-3
2
6
26
28
23
27
50
64
75
86
70
65
68
84
87
68
63
69
76
56
50
74
73
74
76
78
70
54
60
46
46
50
30
32
39
36
35
43
37
17
11
25
22
13
0
-30
-40
-32
-17
-9
-26
-46
-63
-62
-57
-74
-91
-95
-79
-61
-63
-76
-96
-113
-124
-99
-72
-68
-74
-90
-97
-108
-88
-70
-94
-87
-87
-100
-81
-88
-83
-81
-88
-81
-78
-67
-50
-45
-61
-54
-50
-56
-49
-43
-22
-2
13
6
-7
14
25
12
4
14
37
64
61
34
24
36
68
74
64
54
70
86
77
87
90
80
89
108
109
99
101
103
100
102
107
95
92
61
20
46
78
68
44
27
41
71
84
85
62
36
26
34
41
30
18
8
-7
-10
-2
-17
-29
-37
-55
-44
-44
-51
-76
-112
-105
-96
-91
-79
-72
-90
-97
-93
-84
-78
-105
-109
-101
-114
-135
-144
-148
-138
-127
-129
-114
-117
-142
-142
-123
-121
-112
-100
-110
-112
-109
-119
-115
-97
-91
-66
-54
-79
-84
-70
-45
-12
-20
-44
-39
-36
-33
-9
-4
6
37
37
45
59
61
73
76
79
83
95
102
90
74
84
112
119
126
125
129
147
159
166
137
118
130
135
154
170
166
151
132
129
144
154
165
166
138
122
119
106
92
94
95
85
77
63
54
43
33
22
21
42
35
6
0
-29
-48
-38
-39
-25
-40
-64
-53
-56
-68
-85
-85
-71
-86
-95
-108
-131
-129
-117
-136
-139
-121
-116
-98
-84
-124
-135
-113
-113
-97
-100
-110
-111
-128
-126
-113
-100
-86
-79
-93
-106
-79
-43
-68
-87
-71
-60
-48
-43
-43
-41
-22
-6
12
16
9
14
-1
7
25
21
40
40
56
82
76
79
73
74
94
94
89
104
115
111
108
105
117
123
111
98
105
116
111
93
90
90
86
114
123
104
104
83
54
72
88
85
88
90
75
46
35
30
4
-4
17
21
19
2
-19
5
15
-14
-19
-8
-17
-17
-26
-47
-41
-40
-60
-67
-49
-47
-65
-69
-87
-106
-104
-93
-86
-80
-79
-94
-89
-95
-96
-81
-79
-64
-70
-87
-89
-90
-94
-94
-72
-73
-98
-92
-73
-62
-47
-45
-45
-42
-41
-16
-7
-20
-4
11
0
1
9
-11
2
25
18
24
45
64
67
67
73
65
79
92
67
68
89
90
86
73
72
80
87
80
53
37
36
38
41
40
38
37
39
33
37
43
33
35
28
18
16
7
1
-3
-16
-29
-34
-41
-36
-44
-55
-44
-66
-71
-37
-33
-21
-13
-31
-58
-77
-58
-40
-43
-45
-45
-51
-50
-52
-56
-43
-53
-69
-69
-66
-64
-84
-66
-33
-46
-47
-53
-56
-31
-21
-22
-23
-25
-34
-30
-9
4
5
7
13
-1
-5
4
21
48
53
41
50
55
52
64
90
97
89
95
76
84
128
128
120
132
123
93
104
131
142
149
135
115
115
119
114
122
125
113
99
89
90
74
66
71
63
42
53
65
34
11
-9
-22
-36
-37
-23
-26
-34
-57
-66
-79
-103
-106
-109
-94
-99
-121
-124
-143
-148
-138
-137
-135
-138
-131
-126
-126
-133
-145
-131
-129
-121
-103
-118
-130
-122
-120
-134
-123
-92
-77
-66
-64
-55
-62
-55
-36
-43
-40
-37
-29
-9
-13
-14
-8
-13
-2
1
8
43
49
28
20
23
27
28
24
39
57
56
62
61
51
51
61
69
67
79
59
44
59
62
77
88
91
60
47
68
73
80
69
75
72
44
45
45
65
84
69
40
27
39
38
46
38
24
42
28
10
9
-5
4
17
8
-9
-18
-6
-6
-7
-1
-12
-40
-45
-28
-36
-34
-31
-46
-47
-51
-59
-66
-48
-36
-39
-25
-34
-49
-49
-46
-38
-31
-31
-24
-19
-18
-9
-14
-24
-18
-4
-14
-30
-24
-13
-11
-27
-16
5
13
12
3
3
10
23
11
-6
2
12
34
40
19
13
14
20
26
21
-7
-19
6
10
-2
-1
7
32
37
28
36
28
21
30
29
29
36
30
31
39
27
21
14
20
15
6
16
33
39
28
34
24
13
36
35
18
12
6
2
0
1
-3
-8
7
1
-6
-15
-31
-26
-33
-36
-29
-30
-27
-30
-23
-13
-30
-39
-34
-43
-35
-28
-47
-49
-40
-39
-31
-29
-24
-15
-3
-5
-19
-11
-4
-3
2
12
18
21
27
25
30
36
30
12
10
27
30
35
53
46
23
26
45
45
35
50
73
74
64
45
33
35
42
54
70
73
48
36
38
25
27
37
45
39
32
34
38
34
25
27
34
40
38
32
33
23
15
14
10
4
1
-12
-22
-10
-7
-13
-13
-27
-32
-13
-13
-15
-26
-54
-50
-44
-58
-61
-48
-44
-53
-64
-79
-77
-60
-63
-68
-65
-76
-85
-80
-78
-80
-79
-78
-81
-83
-74
-68
-58
-39
-48
-64
-45
-46
-65
-60
-50
-31
-17
-26
-26
-28
-21
-13
-15
-19
-5
20
0
-16
-1
3
13
30
24
22
28
27
20
29
40
42
42
33
45
54
51
51
34
9
22
49
34
41
41
27
45
51
49
44
42
61
67
62
61
66
63
61
70
59
64
81
73
65
58
36
30
36
30
36
49
46
34
30
28
45
48
32
55
48
20
21
19
19
17
16
16
7
-8
-18
-27
-32
-33
-33
-34
-29
-28
-36
-27
-12
-29
-45
-48
-55
-54
-54
-42
-38
-53
-60
-57
-65
-70
-55
-69
-76
-58
-78
-89
-70
-61
-51
-56
-63
-62
-50
-45
-54
-52
-51
-38
-47
-49
-37
-36
-31
-36
-33
-32
-25
-26
-26
-22
-30
-12
3
1
2
6
-2
-8
-7
-7
10
11
-4
-15
4
0
-6
17
5
8
11
3
2
2
4
6
8
13
27
22
18
16
2
-5
-6
4
5
-3
-4
10
6
-8
-5
-3
9
10
8
3
7
17
-1
2
23
29
16
22
19
-1
14
22
6
13
33
26
22
24
16
18
38
39
21
15
18
43
45
24
27
40
54
53
60
66
67
65
50
57
70
74
73
73
60
47
46
49
54
52
43
46
54
43
52
54
41
63
70
74
77
74
67
49
53
52
42
51
47
22
6
1
-4
11
29
22
15
5
1
-7
-4
15
12
8
2
0
4
-7
-21
-36
-39
-35
-35
-33
-42
-50
-50
-52
-47
-42
-37
-44
-48
-60
-73
-71
-58
-52
-55
-46
-38
-43
-60
-60
-48
-31
-37
-33
-15
-36
-24
-23
-29
-30
-31
-30
-35
0
-12
-25
-21
-16
21
15
18
28
33
41
40
43
33
57
76
64
72
71
50
54
60
48
58
73
63
62
69
60
66
67
74
86
68
83
92
76
59
56
51
33
36
29
18
25
28
21
3
7
24
10
7
2
-23
-17
-4
2
-10
-8
-37
-59
-31
-48
-46
-52
-59
-53
-69
-58
-62
-62
-70
-82
-86
-111
-97
-91
-102
-104
-110
-124
-143
-140
-130
-133
-141
-160
-171
-153
-143
-126
-130
-133
-117
-148
-134
-116
-129
-123
-118
-121
-136
-120
-106
-104
-102
-103
-92
-92
-69
-54
-67
-59
-36
-19
-36
-32
-13
-19
-2
8
-1
13
21
20
28
55
75
60
56
72
86
95
111
108
94
92
97
104
94
103
106
96
102
108
105
86
98
118
106
106
126
125
121
139
121
91
93
89
72
77
71
44
41
51
50
41
50
55
34
34
43
50
31
28
54
43
45
55
50
36
33
30
9
3
16
24
21
11
-3
5
5
7
12
6
10
15
10
2
1
-5
-7
-12
-15
-12
-3
5
-9
-8
-4
3
16
19
19
12
7
-3
-6
4
-1
-10
-2
1
-12
-8
-16
-19
-1
25
34
32
50
46
44
40
34
35
32
36
36
37
21
22
9
3
7
-5
22
26
16
28
38
36
25
31
39
48
43
28
21
8
2
1
-7
-18
-23
-23
-37
-42
-34
-45
-33
-28
-33
-26
-35
-26
-42
-65
-62
-76
-87
-89
-90
-108
-111
-107
-123
-127
-111
-107
-120
-120
-105
-106
-108
-103
-112
-100
-101
-109
-96
-91
-79
-84
-89
-87
-79
-60
-74
-81
-63
-35
-38
-44
-26
-35
-25
-22
-37
-27
-19
-15
-8
-15
-23
-3
10
4
6
11
13
18
19
12
-2
3
14
0
0
5
-3
-17
-19
-9
-9
11
23
15
17
18
19
20
36
41
40
51
45
50
43
34
55
42
31
47
45
48
58
58
54
58
54
55
81
75
64
58
59
69
51
57
57
34
17
6
21
24
14
16
14
17
13
-3
-3
-8
-4
-4
-15
-6
-12
-26
-15
-11
-28
-30
-18
-22
-15
4
7
-1
2
14
7
9
15
3
-5
8
33
25
2
7
16
5
11
18
11
15
32
29
21
26
24
35
45
38
31
29
34
38
44
49
40
38
46
49
49
43
52
69
75
73
65
65
58
55
54
43
52
42
23
32
42
51
37
18
17
14
22
22
7
2
10
20
19
0
-4
-14
-13
-4
-19
-24
-32
-36
-40
-46
-46
-50
-42
-33
-31
-30
-43
-40
-46
-38
-28
-52
-44
-43
-61
-62
-59
-60
-71
-62
-52
-59
-76
-83
-68
-63
-73
-88
-75
-66
-84
-72
-57
-61
-74
-68
-54
-60
-70
-74
-43
-47
-78
-83
-68
-62
-70
-54
-53
-68
-54
-48
-62
-53
-38
-41
-39
-38
-31
-19
-20
-16
-11
-18
0
17
5
1
5
12
4
-11
0
10
3
-18
-16
7
0
-10
9
14
-9
-9
2
7
-6
-20
6
17
-11
-21
-8
1
-1
1
16
25
18
9
5
12
2
-2
9
12
6
-4
0
-8
-13
1
8
2
-10
-3
-9
-14
0
1
6
12
15
23
11
4
12
12
20
17
2
-6
10
27
15
0
4
28
36
19
18
28
25
39
57
48
42
44
55
58
45
41
60
75
67
74
74
46
51
62
62
52
44
59
62
54
46
46
56
65
67
62
64
67
55
40
53
76
72
66
70
67
58
57
54
43
33
42
55
50
44
35
33
42
37
37
36
39
37
39
42
21
17
20
18
17
14
-2
-6
-29
-38
-26
-44
-40
-24
-33
-37
-47
-74
-65
-40
-46
-59
-57
-33
-39
-52
-43
-48
-43
-40
-32
-42
-60
-45
-57
-68
-60
-66
-61
-62
-63
-65
-74
-61
-46
-52
-66
-48
-29
-50
-42
-35
-42
-33
-34
-30
-34
-42
-32
-25
-19
-20
-24
-15
-30
-27
-15
-26
-12
-7
5
12
5
18
14
10
17
24
28
33
37
30
19
14
41
52
40
39
28
21
31
42
20
3
5
2
8
10
12
19
15
9
13
8
1
10
16
9
4
7
2
1
3
10
13
8
12
23
21
14
14
4
3
8
-2
-10
-8
6
17
7
10
22
11
-4
1
-10
-34
-35
-17
-26
-46
-36
-16
-28
-37
-21
-28
-25
-19
-22
-28
-36
-14
-17
-22
-14
-22
-20
-15
-12
-20
-28
-25
-9
1
-10
-14
-20
-19
-11
-12
-14
-11
-3
3
-3
-4
9
-6
-4
5
1
5
-4
2
1
10
14
6
23
5
-7
13
8
-9
-21
-14
-12
-20
-6
-22
-27
-10
-33
-41
-34
-41
-44
-37
-26
-23
-42
-43
-9
-5
-23
-12
-2
-3
-9
-8
2
2
7
5
0
10
16
19
34
44
39
28
26
37
45
66
71
73
81
75
80
93
95
82
90
111
107
102
106
108
91
91
96
81
80
87
94
87
86
99
93
75
75
95
91
79
78
77
70
64
68
60
55
50
38
38
44
35
23
26
33
21
6
10
7
-11
-24
-12
5
-7
-21
-20
-16
-23
-24
-20
-10
-13
-39
-29
-16
-36
-50
-43
-43
-64
-59
-57
-66
-53
-60
-58
-44
-48
-46
-43
-46
-42
-49
-55
-42
-28
-40
-35
-19
-40
-40
-31
-40
-39
-42
-42
-45
-53
-48
-48
-42
-37
-33
-38
-44
-30
-24
-4
5
-15
-14
-4
-2
11
13
6
9
9
7
17
21
12
32
41
38
43
39
49
61
57
63
78
82
71
84
89
83
95
87
96
113
89
77
83
93
93
82
91
94
85
70
61
58
43
43
44
37
24
17
37
27
10
15
13
13
2
-5
1
-4
-8
-23
-23
-9
-30
-29
-37
-52
-45
-41
-29
-49
-56
-53
-59
-55
-61
-59
-72
-74
-66
-79
-82
-88
-77
-79
-95
-85
-97
-117
-114
-111
-122
-141
-132
-133
-142
-132
-145
-148
-143
-146
-136
-141
-135
-127
-124
-126
-128
-119
-113
-111
-118
-101
-78
-87
-106
-104
-88
-95
-106
-95
-83
-87
-89
-85
-85
-86
-89
-67
-55
-54
-46
-52
-46
-51
-59
-60
-53
-43
-51
-41
-19
-19
-24
-24
-13
-6
-4
2
-14
-16
-5
-15
-2
18
19
27
49
63
44
43
59
53
59
61
69
78
65
60
75
72
54
67
70
55
60
65
64
66
64
68
69
67
75
85
92
86
94
104
90
99
107
104
89
83
82
72
87
88
75
77
72
71
65
61
68
61
53
63
58
45
52
67
73
77
72
62
53
47
43
30
34
35
23
22
12
11
5
7
9
-4
5
5
5
9
3
2
3
5
-5
-5
0
-2
2
3
7
22
13
13
28
19
5
10
19
13
3
1
3
12
13
10
17
20
19
25
25
27
21
18
25
21
8
10
14
5
-6
-8
6
4
-5
0
-1
-1
4
8
-5
-3
21
17
9
20
22
12
11
13
6
5
12
22
17
7
17
19
15
23
27
27
36
38
30
40
40
26
28
35
33
35
36
21
22
26
17
25
26
25
30
22
21
17
20
30
22
18
11
16
26
16
3
-3
-5
-21
-17
0
-15
-25
-13
-18
-36
-20
-16
-25
-10
-10
-12
-11
-23
-35
-48
-45
-43
-42
-33
-22
-17
-41
-43
-50
-64
-52
-61
-56
-50
-55
-47
-66
-79
-66
-72
-75
-59
-60
-82
-79
-71
-92
-87
-73
-77
-73
-67
-79
-91
-91
-94
-88
-79
-81
-79
-93
-100
-90
-102
-111
-104
-101
-99
-82
-67
-77
-74
-56
-48
-49
-50
-46
-40
-45
-33
-18
-26
-20
-16
-14
-7
0
0
3
14
-2
14
35
35
34
32
52
48
34
52
59
52
61
68
61
65
86
78
56
59
55
51
64
64
66
61
52
67
69
56
62
68
57
59
68
74
80
74
83
90
82
96
97
92
92
85
93
92
89
96
94
100
99
98
101
109
127
116
117
129
122
123
117
107
103
102
100
94
86
87
92
85
71
67
66
62
73
61
43
45
39
27
25
31
32
34
34
23
16
7
-1
-15
-23
-19
-32
-34
-34
-48
-44
-42
-44
-46
-47
-50
-60
-63
-72
-80
-77
-82
-83
-76
-81
-79
-78
-80
-71
-62
-63
-70
-70
-63
-68
-81
-76
-77
-83
-75
-69
-71
-61
-56
-65
-70
-79
-76
-71
-73
-67
-58
-54
-54
-55
-59
-60
-44
-43
-46
-49
-55
-58
-69
-74
-72
-72
-67
-57
-50
-64
-57
-38
-50
-50
-50
-36
-26
-38
-27
-24
-20
-24
-33
-22
-33
-27
0
8
10
6
8
5
6
21
20
27
39
41
46
49
47
41
50
60
47
52
57
50
56
55
45
50
61
68
73
72
60
49
46
48
43
40
36
43
40
18
16
16
13
16
22
13
1
29
37
16
24
21
5
-2
6
4
-4
3
1
-16
-25
-17
-21
-35
-25
-14
-25
-29
-23
-29
-33
-18
1
-7
-23
-13
-11
-27
-28
-19
-30
-33
-31
-37
-33
-34
-26
-25
-32
-26
-20
-17
-21
-16
-19
-23
-23
-40
-33
-28
-37
-24
-29
-27
-22
-33
-41
-46
-22
-11
-31
-29
-22
-21
-21
-17
-10
-19
-14
1
0
16
12
3
8
-5
-2
-3
4
16
12
18
27
36
29
29
45
38
30
41
49
53
60
64
55
44
53
68
68
67
72
71
62
65
56
63
83
79
86
80
68
69
69
89
78
62
74
57
44
60
68
55
44
60
58
53
66
66
55
47
61
63
43
53
60
37
25
30
30
19
10
20
12
-4
-2
4
-2
1
9
2
-1
7
10
-8
-9
-4
-11
-7
-22
-19
-32
-44
-36
-52
-51
-49
-52
-46
-46
-46
-49
-41
-35
-46
-48
-49
-57
-60
-59
-67
-77
-70
-69
-87
-93
-79
-67
-68
-61
-55
-79
-81
-65
-76
-73
-69
-86
-82
-87
-84
-78
-92
-96
-96
-86
-72
-63
-62
-73
-55
-41
-48
-44
-52
-56
-32
-15
-36
-42
-29
-46
-38
-11
-4
3
-9
7
35
30
37
32
11
15
25
19
11
24
21
3
7
21
36
45
45
38
29
28
50
51
25
19
18
36
56
39
22
37
39
37
62
55
36
34
49
60
64
77
75
70
61
71
93
82
79
80
68
42
46
55
36
52
73
49
32
59
56
38
66
78
47
30
24
13
11
15
32
48
27
16
21
29
40
42
28
13
8
-15
-23
9
9
-29
-29
6
-5
-37
-6
12
-18
-49
-42
-28
-64
-83
-54
-48
-78
-73
-39
-49
-84
-85
-71
-83
-98
-95
-75
-86
-95
-82
-76
-56
-60
-67
-62
-60
-41
-29
-63
-88
-55
-59
-85
-62
-54
-65
-47
-23
-15
-37
-72
-54
-23
-48
-42
-11
-27
-37
-6
8
-19
-21
-8
8
16
13
27
31
19
12
16
-12
-2
57
74
62
65
85
70
63
66
55
67
71
58
50
54
57
72
79
72
79
96
96
103
121
78
68
78
47
50
85
81
61
96
104
91
81
56
54
44
45
74
79
60
58
49
41
56
57
51
78
102
85
74
81
85
54
11
58
89
40
44
76
51
20
38
27
5
18
17
19
12
3
10
-11
-17
-18
-64
-75
-61
-71
-76
-62
-47
-51
-74
-73
-61
-86
-106
-91
-70
-92
-93
-66
-59
-54
-101
-122
-107
-136
-172
-197
-218
-187
-169
-169
-75
-344
-471
76
245
4
70
157
49
192
213
-55
-236
-367
-173
40
-46
-27
100
16
-1
141
45
-25
120
170
79
80
217
199
-114
-330
-178
-98
-53
149
32
-249
-265
-152
-156
-275
-323
-248
27
334
372
280
187
32
-14
104
92
-23
-64
-21
91
110
59
33
-40
-86
7
113
160
124
44
70
66
37
55
37
67
117
121
139
170
179
98
2
-14
8
67
98
103
88
60
27
-29
-81
-167
-241
-215
-159
-135
-32
56
38
16
-85
-171
-113
-45
-47
-52
-48
-17
43
20
-36
-101
-123
-65
-36
-13
-7
-90
-185
-213
-233
-259
-251
-202
-137
-160
-157
-86
-111
-186
-229
-236
-236
-217
-189
-222
-222
-200
-186
-157
-156
-147
-127
-112
-53
-1
-7
6
48
104
157
192
222
245
265
262
265
271
249
229
231
249
235
231
267
275
269
269
271
262
219
213
235
204
187
203
208
197
222
259
257
267
233
191
236
238
215
272
292
251
241
227
190
216
221
168
149
126
102
117
121
74
46
37
2
12
24
-40
-107
-131
-169
-190
-185
-214
-222
-198
-233
-295
-332
-345
-328
-322
-328
-329
-323
-306
-309
-311
-323
-331
-298
-252
-223
-214
-218
-209
-171
-152
-159
-158
-159
-159
-121
-71
-53
-30
-44
-87
-77
-50
-63
-61
-31
-48
-44
-11
-28
-29
-20
-18
-11
5
31
18
6
19
30
45
48
34
32
42
62
69
39
10
-8
-1
18
16
10
-1
0
11
8
25
39
50
61
38
20
22
3
-19
-3
-2
4
24
39
49
13
20
58
43
9
-1
3
16
37
23
14
14
3
13
15
3
5
17
13
7
29
6
-38
-14
2
-5
24
50
68
102
90
70
73
61
73
85
105
110
99
112
108
109
101
107
133
113
112
119
115
121
133
135
145
171
168
161
166
157
131
148
172
162
166
142
117
125
115
61
62
108
72
40
77
77
22
6
7
-27
-68
-92
-101
-78
-86
-121
-112
-132
-150
-141
-140
-147
-168
-172
-172
-189
-217
-229
-230
-231
-210
-190
-187
-190
-180
-156
-130
-136
-142
-120
-127
-135
-114
-82
-66
-59
-59
-63
-29
-4
-1
1
-10
-18
14
17
4
38
2
-30
11
4
-8
30
37
48
71
64
94
131
93
90
115
86
123
137
89
92
103
115
112
75
67
90
96
94
86
57
34
22
13
8
3
14
45
51
32
37
23
9
-1
-17
-29
-52
-24
-7
-27
-50
-71
-72
-81
-58
-42
-62
-93
-110
-113
-139
-158
-141
-120
-115
-96
-94
-98
-99
-112
-81
-88
-99
-75
-75
-52
-45
-38
-51
-65
-42
-44
-66
-69
-47
-48
-44
-23
-17
-19
-14
13
27
25
25
38
49
39
39
69
84
74
91
89
69
99
81
38
26
18
20
22
55
70
58
67
69
52
43
46
35
17
24
43
19
-7
-24
-15
12
-4
-13
-11
-11
2
-10
-27
-2
5
-10
8
16
7
0
-10
-4
-14
-38
-22
0
-4
10
33
50
63
60
56
61
53
41
46
71
86
103
113
96
101
111
90
106
138
133
156
168
157
168
180
195
206
211
208
205
210
197
190
201
204
209
193
178
189
182
165
162
169
158
137
150
159
140
147
149
119
106
108
117
127
117
92
62
58
52
30
-2
-5
7
-4
-2
-36
-65
-70
-84
-71
-65
-54
-58
-88
-102
-116
-134
-135
-124
-138
-141
-147
-146
-128
-142
-173
-181
-168
-172
-183
-196
-196
-201
-219
-194
-193
-215
-177
-165
-183
-159
-132
-127
-122
-113
-113
-114
-107
-118
-119
-111
-116
-91
-86
-108
-105
-94
-86
-93
-94
-64
-63
-82
-95
-102
-103
-95
-86
-84
-67
-75
-80
-62
-85
-87
-56
-45
-30
-28
-57
-59
-42
-50
-55
-59
-81
-80
-77
-76
-56
-64
-85
-72
-52
-47
-51
-49
-34
-34
-35
-25
-22
-20
-17
-16
-30
-36
-36
-39
-23
-17
-22
-8
-7
-4
5
-12
-22
3
16
-2
0
-1
-4
16
26
17
19
24
10
5
1
1
5
6
14
13
7
8
19
21
20
12
25
44
13
3
31
26
29
31
27
42
46
44
41
48
69
76
68
59
53
41
51
47
36
53
58
58
68
67
70
85
95
86
94
109
106
119
116
90
93
108
89
49
44
61
53
58
66
61
56
54
71
77
58
56
48
50
50
27
21
28
35
39
28
12
24
24
1
18
29
8
10
27
25
35
28
14
29
32
27
32
23
18
33
46
42
56
82
78
73
75
52
44
52
54
61
66
75
85
81
67
61
68
75
73
72
78
71
70
62
57
88
88
71
66
62
49
29
36
41
49
53
42
46
37
20
25
33
31
21
21
31
41
22
15
39
35
15
0
-8
-22
-27
-18
-11
-20
-15
-11
-27
-7
-17
-19
-7
-24
-12
-35
-78
-66
-52
-51
-51
-48
-35
-38
-61
-70
-68
-75
-73
-50
-37
-36
-21
-35
-39
-5
-4
-17
-5
-2
-24
-22
-19
-28
-23
-25
-11
-4
-30
-29
-28
-38
-26
-12
-14
-21
-2
2
-23
-7
6
-9
-40
-45
-48
-65
-29
0
-19
-32
-44
-56
-58
-75
-81
-78
-85
-88
-89
-92
-98
-99
-121
-117
-90
-102
-98
-102
-105
-91
-109
-119
-101
-92
-98
-96
-76
-77
-90
-89
-94
-99
-112
-119
-99
-107
-120
-111
-104
-85
-75
-86
-71
-44
-39
-45
-32
-25
-34
-15
7
3
-1
5
-8
-22
-25
-21
-15
-34
-21
8
6
15
15
9
19
17
23
42
35
39
61
62
53
52
67
68
61
70
74
81
72
68
84
89
86
100
112
118
117
91
91
111
85
87
101
92
104
95
83
101
107
84
87
90
81
69
67
83
67
48
27
34
41
23
24
21
28
21
32
40
11
-3
11
26
22
34
24
-5
1
3
10
1
