0
0
-1
0
0
0
0
-1
0
0
0
0
0
0
0
0
0
0
0
0
0
0
-1
0
0
0
0
0
0
0
0
0
1
0
-1
0
0
0
0
0
0
0
0
0
0
0
0
0
0
0
0
0
0
0
-1
0
0
0
0
0
0
0
0
0
0
0
0
0
1
0
0
0
0
0
0
0
1
0
0
0
1
1
0
0
0
-1
1
1
0
0
0
0
0
0
0
1
0
0
0
1
0
0
0
0
0
-1
0
0
0
0
0
0
0
0
0
0
-1
-1
-1
0
0
0
0
-1
0
0
0
0
0
0
0
0
0
1
0
1
0
0
0
0
0
0
1
-1
0
1
-1
0
0
0
0
0
0
0
-1
0
0
0
-1
0
-1
0
0
0
0
0
-1
0
0
0
0
0
0
-1
0
0
0
0
0
0
0
0
-1
-1
0
0
0
0
0
1
0
0
0
0
0
-1
0
0
0
0
0
0
0
0
0
1
0
1
0
0
1
-1
1
0
0
0
-1
-1
0
0
0
-1
0
-1
0
0
0
-1
0
0
0
0
1
0
0
0
0
0
0
1
0
1
0
0
0
0
0
0
1
0
0
0
1
1
0
0
0
0
0
0
0
0
-1
1
0
0
0
0
0
0
0
1
0
0
-1
0
0
0
-1
-1
0
0
1
0
-1
0
0
0
0
0
0
-1
-1
0
0
-1
1
0
1
0
0
0
0
0
0
1
0
0
0
-1
0
0
0
0
0
1
-1
0
0
0
0
0
0
0
0
0
1
0
0
0
0
0
0
-1
0
0
-1
0
0
-1
0
0
0
0
0
0
0
0
1
0
0
-1
1
0
0
-1
-1
0
0
0
1
-1
0
0
0
-1
1
0
0
0
1
-1
0
0
0
0
0
0
0
0
0
0
0
-1
0
0
0
0
0
0
0
0
0
0
1
-1
0
0
-1
1
0
0
0
0
0
0
0
0
0
0
0
0
0
0
-1
0
0
0
0
0
0
0
-1
0
0
0
-1
0
0
-1
-1
0
0
0
0
0
1
1
-1
0
-1
0
0
0
0
0
0
0
0
1
0
0
0
0
-1
1
0
0
1
0
0
0
0
0
1
1
0
0
0
0
0
-1
0
-1
1
0
1
0
0
1
0
0
1
0
0
0
1
-1
-1
1
0
0
0
-1
0
0
1
0
0
0
0
0
0
-1
0
0
0
-1
0
0
1
1
-1
0
0
0
0
0
0
0
0
0
-1
1
0
0
1
0
0
0
0
1
-1
0
0
0
0
-1
1
0
0
-1
0
0
0
0
0
-1
0
-1
1
0
0
1
0
0
0
0
0
0
0
0
-1
0
0
0
1
0
1
0
0
0
0
-1
0
0
1
1
0
0
0
-1
-1
0
0
0
-1
0
0
1
0
1
0
0
1
0
0
1
0
0
0
0
0
0
0
0
0
0
0
-1
1
0
0
0
0
0
0
0
0
0
0
-1
0
-1
0
0
0
0
0
-1
0
0
0
1
0
0
0
0
0
0
0
0
0
-1
1
1
-1
0
0
0
0
0
0
0
0
0
0
0
0
0
-1
0
0
0
0
0
0
0
0
-1
0
0
0
0
-1
0
-1
0
0
0
0
0
-1
0
0
-1
0
0
0
1
0
0
0
0
0
0
1
0
0
0
0
0
1
0
0
0
1
1
0
0
0
0
0
0
0
0
1
1
1
0
0
-1
0
0
0
-1
-1
0
0
0
0
0
0
0
0
0
0
0
0
0
0
0
0
0
0
0
0
0
1
1
1
0
-1
0
0
0
0
0
0
1
-1
-1
0
0
0
0
0
1
0
-1
0
0
0
0
0
0
0
0
-1
0
0
0
0
1
0
0
0
0
0
-1
1
1
0
0
0
0
1
0
0
0
0
0
0
0
0
0
0
0
0
1
0
0
0
0
0
0
1
0
0
0
0
0
0
0
0
0
0
1
0
-1
0
0
0
0
-1
0
0
0
0
0
0
-1
0
0
-1
0
0
0
-1
1
0
0
0
0
0
0
0
0
0
0
0
0
0
-1
0
-1
0
0
0
0
0
0
0
0
0
1
0
0
0
0
0
0
0
0
0
0
0
1
0
0
0
0
0
0
0
0
0
-1
0
0
1
0
0
0
0
0
0
0
1
0
0
0
0
0
0
-1
0
1
0
0
0
0
0
0
0
0
-1
0
0
0
0
0
0
0
0
1
0
-1
0
1
0
0
-1
0
0
0
0
-1
0
0
0
0
1
0
0
0
0
0
0
0
0
-1
0
0
0
0
0
0
0
0
0
1
0
0
0
0
0
1
0
0
1
0
1
-1
0
0
0
0
0
0
0
0
-1
0
-1
-1
0
0
0
0
0
0
0
0
0
0
-1
0
-1
0
0
0
0
0
0
-1
0
0
0
0
0
0
0
0
0
0
0
0
0
0
0
0
0
1
1
0
-1
0
0
0
0
0
0
0
0
0
0
0
0
0
0
0
0
1
0
0
0
0
0
1
0
0
0
0
0
0
0
-1
-1
0
0
0
0
0
-1
-1
0
0
0
-1
1
0
0
-1
0
0
0
0
0
0
0
0
0
0
0
0
0
0
0
0
1
0
0
-1
0
0
0
0
0
0
1
0
0
-1
-1
0
0
0
0
-1
0
0
0
0
0
1
0
0
1
0
1
0
0
0
0
0
0
-1
0
0
0
0
0
0
1
0
0
0
0
0
0
-1
-1
0
-1
0
0
0
0
0
0
0
0
0
0
0
0
0
0
-1
0
0
0
0
1
0
0
0
0
0
0
0
0
0
0
-1
1
-1
0
0
0
0
0
0
0
0
1
0
1
0
0
0
1
-1
0
0
0
0
0
0
0
0
0
0
-1
0
0
0
0
1
1
0
1
0
0
0
0
0
0
0
0
0
0
-1
-1
-1
-1
0
0
0
0
0
-1
0
0
0
0
0
-1
0
-1
0
1
0
0
1
0
0
-1
0
-1
0
0
0
-1
0
1
-1
0
0
0
0
-1
0
1
0
-1
1
1
0
1
-1
0
0
1
0
0
-1
1
0
0
1
0
0
0
0
1
0
0
0
0
1
0
-1
0
-1
0
1
0
1
-1
0
1
0
0
0
0
0
-1
0
0
0
0
0
0
0
0
0
0
-1
0
1
0
1
0
-1
0
0
1
0
0
0
0
0
0
-1
0
-1
0
0
0
0
0
0
0
1
0
1
0
0
0
0
0
-1
0
0
0
0
0
-1
0
0
0
0
0
0
1
0
0
0
0
1
0
0
0
0
0
0
0
0
0
-1
0
1
0
0
0
0
0
0
0
0
0
0
0
0
0
0
0
-1
1
0
0
0
-1
0
0
0
1
0
0
0
-1
0
0
0
0
1
1
0
1
0
0
-1
0
-1
0
0
0
0
0
0
0
0
0
0
0
0
0
1
0
0
0
0
0
0
0
0
0
0
0
0
0
0
0
0
0
0
1
0
0
0
1
0
0
0
0
0
0
0
0
1
1
0
0
1
0
0
0
0
0
1
0
0
-1
1
0
-1
-1
0
0
0
0
0
1
0
1
0
0
0
1
0
-1
0
-1
0
0
-1
0
0
0
-1
0
0
0
0
0
0
0
0
1
-1
0
0
0
0
-1
0
0
0
0
0
1
0
0
0
0
0
0
0
0
1
1
0
0
0
0
0
0
0
0
0
1
0
-1
0
0
0
0
0
0
0
0
0
0
1
0
1
1
1
0
0
0
0
0
0
0
0
0
0
0
0
-1
0
0
0
-1
0
-1
0
0
0
0
0
0
0
-1
1
-1
-1
-1
-1
-1
0
1
1
1
0
1
1
0
0
0
0
0
1
1
0
1
1
1
1
0
1
1
0
1
0
0
0
0
0
0
-1
0
-1
0
-1
0
-1
0
-1
0
0
-1
-1
-1
0
-1
-1
-1
-1
-1
-1
-1
-1
-1
-1
0
-1
-1
0
0
-1
0
-1
-1
-1
-1
0
0
1
0
0
0
1
-1
1
1
1
0
0
1
1
1
0
1
1
1
1
0
1
1
1
1
0
1
1
0
1
0
1
1
1
1
1
0
0
0
1
0
0
1
1
1
1
0
0
0
1
0
0
-1
0
0
-1
-1
-1
-1
-1
0
0
-1
-1
0
0
0
0
0
-1
-1
-1
0
0
-1
0
-1
-1
0
0
0
0
-1
-1
0
0
0
0
0
0
-1
0
0
-1
-1
0
-1
-1
-1
-1
0
0
-1
0
-1
-1
-2
0
-1
0
0
-1
-1
-1
-1
0
0
0
0
0
0
0
0
1
0
0
0
1
0
1
1
1
0
0
1
1
1
1
1
1
1
2
1
1
1
1
2
2
1
2
1
1
2
1
1
2
1
1
2
1
1
1
1
0
2
1
1
1
1
0
0
1
1
0
0
0
0
0
0
0
0
0
0
1
0
-1
-1
-1
-2
-1
-2
-2
-1
-2
-2
-2
-2
-2
-2
-2
-2
-2
-3
-2
-3
-3
-3
-3
-3
-2
-2
-2
-2
-2
-3
-3
-2
-1
-1
-2
-1
-1
0
1
0
1
1
1
1
1
1
1
2
2
2
2
3
3
3
3
4
4
4
3
3
3
3
2
3
3
4
3
1
3
3
2
2
3
2
0
1
0
0
0
2
2
2
2
1
-2
-3
-3
-5
-5
-3
-3
-7
-6
-6
-7
-5
-5
-5
-6
-8
-6
-9
-10
-11
-7
-8
-9
-8
-11
-7
-11
-8
-4
-5
-3
-5
-7
-2
-7
-5
-6
-7
-6
-4
-3
1
4
3
7
6
6
7
6
3
8
9
15
18
15
15
12
10
10
6
15
15
7
12
17
18
17
20
23
24
26
27
30
25
26
21
26
25
26
23
18
24
21
30
23
27
22
27
28
31
21
17
2
6
8
6
7
-1
-15
-28
-33
-53
-57
-61
-53
-55
-51
-60
-65
-76
-77
-96
-105
-119
-109
-117
-101
-94
-114
-97
-133
-117
-102
-100
-93
-73
-42
-44
-36
-38
-16
-42
-40
-49
0
11
14
49
61
84
59
68
72
86
99
110
129
145
154
152
171
166
167
178
188
163
163
170
144
142
132
163
166
149
140
122
96
119
106
92
93
70
78
30
36
5
10
-16
-4
-13
-55
-42
-60
-56
-78
-72
-98
-107
-135
-145
-156
-165
-155
-164
-151
-166
-180
-190
-212
-205
-201
-211
-163
-180
-165
-167
-177
-165
-173
-176
-184
-171
-149
-155
-135
-129
-145
-155
-139
-90
-78
-48
-33
-4
2
2
34
51
83
78
94
115
120
139
136
149
167
163
183
191
174
198
202
238
224
250
229
224
229
215
225
221
215
197
174
145
126
108
117
113
117
88
113
84
58
44
46
28
-1
1
-19
-28
-31
-18
-64
-66
-118
-121
-104
-127
-126
-121
-97
-124
-140
-116
-141
-167
-164
-173
-164
-201
-169
-186
-174
-182
-179
-135
-181
-162
-144
-158
-139
-111
-112
-110
-69
-79
-90
-73
-66
-63
-24
10
5
12
17
22
5
5
53
75
104
99
120
126
128
99
109
118
130
137
149
188
165
162
173
161
145
154
150
135
119
107
110
107
107
119
120
105
88
80
70
61
72
61
35
41
21
-25
-34
-48
-68
-71
-72
-60
-77
-77
-88
-96
-103
-108
-110
-116
-130
-121
-123
-159
-135
-153
-131
-158
-167
-170
-191
-205
-218
-154
-169
-156
-132
-110
-90
-93
-70
-69
-88
-78
-60
-49
-42
-7
-6
15
21
36
27
28
63
72
105
118
118
96
115
113
129
132
130
156
149
162
182
188
173
158
150
152
160
175
184
189
191
176
154
154
119
118
109
110
102
88
69
75
53
44
63
4
32
-8
3
-48
-35
-42
-74
-85
-119
-95
-123
-121
-109
-135
-155
-158
-193
-212
-201
-179
-170
-159
-159
-166
-170
-183
-177
-178
-194
-160
-149
-142
-148
-128
-148
-150
-136
-109
-105
-53
-32
-25
-20
-33
-6
1
10
12
48
52
80
93
82
76
83
104
113
135
157
163
146
150
148
152
165
179
184
183
200
221
195
208
187
160
151
141
124
122
115
70
96
93
80
38
27
-1
-44
-48
-48
-50
-41
-50
-42
-48
-78
-92
-134
-141
-153
-152
-156
-149
-129
-139
-113
-124
-129
-147
-144
-153
-120
-116
-123
-127
-149
-137
-143
-122
-117
-105
-113
-100
-84
-101
-87
-66
-41
-35
-8
23
28
8
8
24
14
36
42
46
55
90
84
84
80
77
68
64
110
120
137
124
150
132
152
148
165
174
174
188
172
172
156
165
160
164
156
150
125
99
68
70
88
86
113
89
91
55
58
32
-13
6
-17
-4
-12
-17
-35
-52
-78
-99
-108
-128
-125
-115
-114
-129
-122
-151
-141
-166
-163
-167
-172
-149
-174
-171
-196
-185
-197
-202
-181
-157
-135
-144
-147
-166
-184
-173
-142
-118
-95
-73
-69
-81
-74
-81
-76
-61
-68
-28
-36
-27
-4
-1
-14
23
29
66
77
77
112
85
134
125
159
145
161
171
151
157
165
155
163
181
174
212
211
195
215
209
196
187
196
170
163
155
154
138
105
94
96
79
69
75
57
57
43
53
38
14
2
-11
-10
-39
-41
-67
-81
-80
-97
-98
-94
-75
-101
-112
-100
-116
-149
-157
-174
-179
-176
-176
-167
-162
-157
-183
-177
-178
-182
-152
-144
-106
-126
-133
-133
-144
-129
-135
-95
-71
-50
-36
-61
-62
-85
-85
-50
1
31
25
60
31
42
30
77
90
114
132
146
169
154
163
173
192
175
183
158
177
164
177
195
196
220
189
190
151
163
153
143
135
119
121
95
93
59
35
18
-5
-34
-59
-79
-79
-72
-47
-67
-77
-96
-150
-144
-171
-148
-169
-146
-151
-167
-156
-167
-159
-154
-158
-163
-167
-176
-173
-202
-157
-154
-153
-149
-133
-130
-136
-123
-109
-71
-85
-35
-37
-30
-40
-17
-15
-29
1
15
20
37
54
77
91
103
121
123
140
135
130
125
148
142
163
180
213
215
227
231
225
205
213
215
219
221
211
223
191
188
150
138
98
98
118
108
95
65
38
7
-33
-39
-39
-24
-19
-45
-50
-69
-91
-110
-124
-152
-159
-163
-161
-193
-195
-174
-186
-162
-174
-168
-182
-174
-196
-203
-209
-193
-176
-176
-152
-145
-138
-144
-130
-145
-142
-129
-94
-59
-41
-47
-21
-18
-46
-32
-32
-11
16
16
41
51
23
31
27
51
55
96
114
105
121
122
110
116
129
139
158
164
164
179
172
163
166
182
172
157
162
162
162
163
153
132
108
86
100
66
61
56
63
52
62
34
15
21
-4
-8
-36
-35
-42
-80
-83
-77
-78
-87
-107
-87
-117
-118
-114
-129
-132
-132
-133
-117
-100
-88
-113
-124
-122
-115
-115
-131
-122
-118
-123
-123
-106
-109
-106
-105
-114
-99
-95
-77
-65
-51
-17
-15
-6
-27
-32
-28
-40
-14
3
28
52
68
63
64
45
67
89
74
105
125
119
105
116
100
114
96
115
134
125
126
118
119
122
122
126
127
141
128
107
97
103
103
97
103
116
70
44
53
17
20
-3
-2
9
0
29
15
5
-23
-51
-64
-58
-50
-69
-67
-61
-98
-115
-109
-133
-136
-130
-84
-76
-92
-107
-118
-141
-151
-123
-115
-138
-109
-103
-99
-89
-86
-109
-115
-102
-77
-34
-21
-8
-11
-18
-40
-33
-15
-7
20
28
34
25
25
18
17
21
41
60
52
94
97
100
83
95
77
71
90
75
79
78
65
49
45
73
86
100
99
98
104
75
84
63
79
75
65
56
50
33
22
10
25
15
31
54
44
47
-4
13
-18
-28
-40
-38
-36
-41
-37
-70
-67
-89
-77
-89
-71
-71
-97
-112
-124
-139
-144
-130
-144
-125
-131
-118
-137
-115
-120
-134
-133
-136
-128
-129
-117
-104
-77
-70
-49
-63
-42
-58
-43
-14
11
38
65
74
67
62
43
52
37
85
121
152
172
171
170
177
145
173
172
176
204
213
208
218
204
163
176
172
164
183
176
173
136
125
133
129
124
106
126
81
95
43
37
16
-11
2
-18
-27
-45
-70
-108
-115
-115
-111
-128
-114
-137
-150
-171
-174
-197
-230
-237
-221
-231
-231
-217
-229
-220
-222
-232
-229
-234
-215
-215
-210
-180
-192
-189
-187
-174
-152
-120
-100
-70
-46
-58
-41
-41
-26
-6
4
25
57
60
66
88
78
90
87
95
124
136
172
196
198
188
201
186
207
201
200
245
238
233
229
226
186
220
220
217
233
205
194
155
148
132
141
117
136
105
95
79
50
26
10
5
-11
-1
-20
-24
-49
-93
-121
-137
-144
-163
-150
-139
-143
-146
-170
-171
-190
-172
-188
-159
-178
-165
-182
-169
-176
-197
-189
-213
-169
-175
-145
-148
-138
-125
-154
-151
-131
-106
-115
-40
-25
-13
-18
-22
-27
-30
-10
-7
43
64
57
54
73
73
84
81
105
124
141
131
153
143
132
150
169
196
205
198
182
188
155
160
160
174
171
165
153
151
146
116
112
98
104
91
71
56
26
13
2
-7
-21
4
-27
-22
-30
-43
-60
-82
-87
-95
-97
-92
-92
-106
-119
-138
-130
-131
-122
-130
-137
-164
-178
-164
-161
-161
-159
-134
-156
-168
-150
-155
-128
-134
-98
-94
-103
-119
-109
-102
-84
-47
-23
-15
-9
-17
-38
-41
-13
-1
13
27
33
21
-2
0
34
68
106
144
126
128
81
87
100
112
162
196
216
217
204
173
182
162
172
198
183
207
195
171
168
162
158
155
144
140
134
91
84
68
47
54
43
41
23
7
-15
-44
-67
-88
-76
-100
-109
-133
-150
-144
-163
-136
-136
-143
-142
-167
-204
-230
-238
-218
-201
-163
-142
-145
-150
-179
-187
-230
-219
-170
-143
-112
-101
-88
-88
-118
-121
-123
-85
-63
-42
-5
-3
-7
4
4
-1
8
57
62
77
108
114
114
119
117
131
138
153
170
176
200
198
208
203
199
204
190
187
186
170
173
158
168
140
163
156
141
144
139
122
89
81
71
46
34
44
41
24
-16
-15
-30
-52
-41
-54
-71
-92
-109
-120
-142
-149
-129
-139
-162
-144
-152
-190
-174
-189
-224
-189
-186
-172
-172
-167
-179
-177
-173
-135
-133
-96
-79
-92
-97
-113
-108
-112
-113
-93
-70
-54
-41
-39
-38
-34
-11
-11
16
36
61
46
60
53
62
66
69
70
82
112
101
133
165
147
166
152
133
125
122
154
164
182
191
202
190
175
156
150
145
143
149
140
145
121
121
88
63
53
45
46
58
87
87
75
38
24
-16
-25
-37
-59
-58
-54
-64
-77
-109
-122
-122
-136
-137
-146
-146
-142
-154
-147
-153
-152
-139
-144
-133
-146
-150
-149
-169
-168
-169
-140
-170
-163
-147
-159
-116
-113
-72
-72
-77
-65
-43
-33
-48
-32
-34
0
4
40
53
80
83
95
97
90
112
122
163
141
150
153
140
134
123
153
135
132
125
116
110
106
100
92
111
102
107
88
64
47
33
44
34
46
28
27
38
10
-5
-34
-34
-33
-18
-38
-16
-16
-47
-69
-75
-83
-87
-79
-66
-55
-66
-48
-69
-57
-72
-69
-60
-52
-39
-54
-55
-54
-75
-103
-92
-74
-59
-55
-34
-31
-55
-50
-53
-50
-39
-6
15
4
-4
-21
-22
-24
-26
-3
17
45
30
50
20
13
2
-1
37
40
80
72
77
71
55
58
56
63
72
55
44
55
45
39
51
63
70
59
64
57
68
67
50
53
39
35
29
47
62
63
58
33
30
20
-2
7
-4
-12
19
0
9
11
-5
-2
-4
-23
-70
-66
-71
-66
-37
-51
-57
-65
-76
-69
-61
-71
-63
-67
-78
-91
-81
-89
-111
-106
-111
-133
-114
-118
-119
-87
-65
-65
-67
-76
-110
-110
-108
-74
-46
-33
-30
-23
-20
-25
-37
-25
-5
4
32
48
37
53
47
37
27
16
59
60
90
100
128
136
149
175
165
195
174
171
157
148
138
145
149
160
168
166
172
159
164
146
142
129
107
78
66
46
23
20
14
5
13
1
-8
-35
-59
-85
-111
-118
-141
-130
-138
-125
-144
-150
-147
-167
-172
-161
-161
-160
-150
-159
-172
-155
-151
-152
-134
-147
-123
-133
-114
-105
-124
-111
-109
-65
-64
-43
-37
-42
-27
-34
-22
-4
-6
9
13
20
33
61
98
108
114
108
89
80
82
102
129
118
143
131
109
91
97
82
96
96
83
102
84
97
103
100
117
116
87
79
57
45
28
17
19
19
30
31
33
13
23
5
11
13
14
8
-18
-18
-34
-40
-43
-47
-43
-33
-31
-3
-7
-17
10
-1
-1
-3
-18
-32
-55
-56
-52
-59
-53
-78
-93
-113
-106
-99
-129
-102
-93
-78
-62
-51
-67
-94
-87
-111
-97
-98
-81
-95
-88
-98
-84
-76
-62
-27
-21
14
16
29
7
4
14
5
8
18
33
54
67
88
105
101
100
95
122
120
120
134
109
110
139
151
159
147
151
133
103
90
64
76
79
88
96
96
71
49
35
11
-1
-5
7
-11
-15
-11
-43
-85
-76
-103
-102
-90
-53
-52
-96
-84
-106
-127
-129
-119
-110
-96
-82
-83
-111
-117
-129
-144
-126
-107
-92
-95
-77
-91
-101
-108
-103
-109
-64
-47
-9
15
-5
4
-4
-10
8
42
51
71
72
68
82
93
96
104
136
125
143
144
145
125
126
135
101
129
124
103
99
85
78
84
94
105
121
130
99
85
57
23
12
12
25
28
13
12
-25
-43
-61
-67
-64
-46
-42
-84
-92
-102
-84
-95
-92
-76
-87
-121
-121
-129
-136
-133
-126
-124
-139
-136
-134
-132
-130
-110
-83
-70
-66
-71
-63
-93
-67
-62
-30
-16
1
14
7
5
6
39
35
44
39
68
65
75
85
96
95
102
118
122
118
105
122
112
111
121
127
110
102
81
80
95
92
104
87
82
59
44
27
8
-2
13
30
19
36
4
5
-27
-29
-15
-40
-33
-30
-47
-70
-70
-92
-98
-101
-93
-78
-80
-61
-69
-58
-57
-70
-41
-37
-24
-43
-20
-36
-58
-66
-51
-42
-24
24
10
25
-8
-13
-29
-47
-23
-22
3
18
-7
-12
-29
-46
-40
-16
-34
-16
-22
-46
-54
-56
-50
-39
-29
-11
4
16
6
6
32
14
42
35
34
44
38
40
47
47
40
54
41
48
53
29
37
48
70
91
107
121
115
102
71
60
42
25
37
43
64
69
48
57
38
31
47
64
63
71
64
31
13
-13
-35
-50
-58
-45
-44
-49
-57
-49
-47
-35
-37
-39
-52
-63
-80
-84
-95
-92
-91
-92
-103
-100
-97
-122
-104
-108
-80
-67
-66
-64
-52
-74
-88
-90
-82
-76
-58
-19
-14
-33
-21
-19
-41
-13
17
21
45
69
73
58
48
48
54
53
62
98
97
98
85
83
72
82
71
89
115
122
143
143
142
128
116
79
66
84
79
75
70
73
68
38
32
16
20
-13
1
-29
-27
-44
-60
-40
-40
-29
-48
-55
-73
-70
-101
-76
-77
-68
-85
-98
-88
-115
-119
-104
-91
-77
-72
-58
-53
-95
-100
-96
-85
-88
-58
-60
-47
-41
-40
-52
-63
-53
-51
-25
-7
17
28
35
22
26
24
9
18
0
7
25
19
29
31
54
40
70
59
51
63
77
89
96
88
83
78
62
71
63
67
54
73
60
75
84
85
87
83
96
96
95
84
67
78
71
50
40
19
11
6
1
-8
-6
-1
-21
-7
-17
-12
-18
-51
-42
-50
-38
-52
-68
-65
-68
-67
-77
-88
-106
-115
-119
-127
-136
-110
-125
-103
-120
-95
-101
-125
-133
-124
-114
-120
-79
-86
-58
-79
-52
-54
-47
-40
-17
-3
7
6
19
28
31
69
52
50
46
51
43
74
100
90
93
87
65
52
59
60
71
105
111
110
94
102
93
114
107
140
142
128
118
85
72
58
49
30
41
40
67
20
34
13
5
17
12
16
24
10
-5
-10
-37
-44
-56
-51
-49
-37
-48
-38
-35
-47
-44
-57
-71
-71
-84
-99
-105
-95
-107
-111
-120
-106
-96
-67
-84
-81
-77
-102
-78
-81
-66
-52
-25
-23
-41
-47
-47
-54
-50
-20
-21
16
4
2
-5
0
-9
3
25
58
90
87
90
44
52
34
58
73
87
97
99
115
76
80
86
75
103
94
119
109
95
64
47
37
24
35
40
45
15
24
18
-17
4
-5
14
10
4
-17
-7
-2
-15
23
13
18
8
-2
-55
-48
-64
-59
-60
-49
-47
-63
-75
-116
-122
-125
-115
-108
-94
-95
-103
-108
-106
-114
-98
-81
-65
-49
-46
-48
-59
-69
-73
-74
-48
-11
5
2
22
18
26
20
11
6
21
47
67
86
82
96
100
91
97
91
106
127
130
149
133
104
100
110
103
105
103
109
89
96
72
36
16
40
30
42
63
43
46
29
10
-20
-23
-55
-66
-53
-66
-60
-59
-68
-74
-80
-61
-59
-63
-68
-67
-80
-93
-90
-110
-98
-91
-63
-65
-56
-54
-59
-67
-45
-26
-59
-50
-48
-42
-28
-12
-8
-36
-45
-38
-54
-49
-37
-22
-4
8
21
22
2
-19
-24
-33
-4
28
56
66
83
70
76
62
52
47
58
78
90
106
73
47
46
26
36
50
61
93
95
99
86
71
37
27
28
31
14
21
22
3
-2
-12
-26
-25
-7
-21
24
12
17
-6
-19
-11
-17
0
-13
5
-27
-49
-43
-44
-66
-68
-52
-61
-69
-60
-47
-67
-47
-25
-19
-5
-7
2
-8
-31
-28
-9
-14
-7
-17
7
1
-10
-21
-32
-24
-15
-17
-3
15
0
-8
-23
-28
-33
-29
4
-11
15
10
0
23
5
13
9
24
29
21
33
29
34
13
35
39
27
36
7
4
-24
-14
-18
-11
-17
-6
3
1
-13
-6
-6
-4
17
8
29
21
24
11
16
0
-4
-9
-21
5
16
31
34
-8
-9
-23
-23
-20
-25
-12
-8
-2
9
11
5
-6
8
16
8
12
12
20
21
48
43
34
9
-13
-14
-17
-5
-7
32
15
-6
-20
-20
-38
-13
18
36
73
15
18
2
-52
-38
-38
-27
-31
1
15
-2
2
10
-10
-5
-7
-1
12
-13
4
10
-8
-7
-17
-37
-9
-16
-13
-15
6
7
1
26
14
39
37
46
59
50
44
27
19
-1
-30
-29
-13
-8
4
47
50
20
42
37
-14
1
23
-2
-16
-25
9
-31
-15
-32
-52
-68
-75
-48
-51
-17
13
1
15
-14
-29
-51
-71
-65
-43
-46
-53
-24
-69
-64
-54
-50
-54
-42
-69
-45
-41
-45
-43
-62
-71
-66
-51
-31
4
7
60
21
17
10
-21
4
3
52
62
84
94
95
93
70
50
71
74
88
98
131
144
119
114
98
85
59
76
93
104
112
114
114
88
70
62
65
47
22
34
20
-5
13
10
-3
-19
-15
-38
-33
-71
-59
-42
-64
-19
-43
-54
-29
-67
-81
-75
-95
-118
-122
-119
-127
-109
-108
-93
-68
-108
-84
-87
-125
-123
-87
-113
-93
-77
-76
-70
-58
-63
-79
-49
-48
-59
-58
-47
-66
-44
-33
-25
-14
-4
6
22
43
48
63
81
63
66
73
57
56
56
71
76
82
96
92
99
118
130
138
129
148
128
109
93
57
59
48
65
85
97
115
129
101
78
66
16
24
10
9
9
16
-4
-3
-5
-21
-17
-31
-38
-43
-29
-34
-21
-12
-22
-16
-42
-51
-60
-63
-78
-68
-79
-79
-82
-100
-100
-118
-91
-100
-89
-71
-69
-82
-95
-118
-127
-141
-110
-69
-27
-6
-1
-2
-22
-22
-38
-8
-10
17
37
30
40
36
29
25
20
24
37
56
70
72
68
81
68
63
65
47
60
61
58
70
98
102
126
109
93
76
45
40
24
24
12
37
16
30
10
-6
-22
-39
-27
-38
-27
-23
-16
-35
-32
-37
-53
-52
-58
-50
-63
-45
-46
-78
-81
-84
-84
-76
-35
-52
-35
-15
-29
-32
-38
-33
-34
-16
-11
10
-4
1
17
13
13
23
1
3
26
26
37
56
40
43
42
29
31
14
-6
23
-13
14
23
16
39
25
49
22
36
11
36
12
22
15
25
25
7
5
3
1
-15
-16
-17
-6
-14
16
-16
-24
-9
-18
-15
-11
-4
3
-14
-13
-24
-19
-47
-46
-6
-14
0
27
43
9
8
-17
-15
-32
-10
-6
-16
4
-3
16
2
-18
-21
-28
-41
-32
-39
-50
-16
-30
-4
10
17
37
18
46
18
41
33
55
49
38
64
44
45
43
31
32
55
51
74
53
72
44
43
30
11
7
-18
-2
-38
-3
-17
-10
-21
-12
-24
-27
-43
-28
-58
-51
-42
-48
-55
-67
-46
-96
-70
-74
-65
-78
-50
-47
-68
-49
-62
-60
-57
-32
-13
11
20
25
10
7
-2
-6
6
13
13
42
33
55
73
58
49
48
44
13
33
30
22
28
40
28
18
13
-2
5
15
19
40
58
51
41
36
30
-3
23
16
40
25
13
10
-23
-42
-52
-52
-47
-6
-7
12
2
0
-14
-28
-39
-59
-46
-36
-25
-16
-23
-8
-39
-44
-37
-63
-37
-42
-4
3
5
25
8
4
-10
-19
-39
-21
-19
4
9
27
18
-7
-3
-21
-1
12
32
34
51
62
63
53
70
89
89
104
100
86
55
32
-6
3
-5
7
29
22
34
16
5
3
-17
-4
-3
9
8
-15
-24
-33
-67
-68
-63
-82
-76
-61
-45
-52
-45
-19
-20
-28
-21
-24
-50
-42
-34
-52
-40
-36
-26
-32
-18
-23
-32
-29
-23
-7
-21
15
1
15
12
32
36
58
42
41
34
31
33
30
40
34
51
28
38
17
5
-13
-1
23
2
20
24
36
28
15
9
-3
-1
21
32
59
71
56
46
24
15
-12
6
-4
2
0
12
-4
-14
-22
-43
-43
-33
-40
-35
-32
-36
-36
-47
-67
-74
-65
-52
-34
-15
-5
-24
-43
-47
-51
-60
-63
-61
-40
-45
-15
-29
-28
-43
-31
-31
-36
-28
-7
11
16
48
38
27
32
30
34
34
46
83
77
70
69
42
24
22
38
40
73
93
107
113
88
100
55
56
48
45
41
57
46
29
50
49
32
50
60
32
34
11
8
-9
-17
-8
-32
-49
-64
-72
-85
-70
-69
-81
-90
-70
-95
-82
-100
-104
-87
-96
-73
-59
-42
-50
-54
-55
-61
-75
-69
-68
-81
-61
-65
-58
-34
-36
-37
-39
-17
-19
-37
-20
-2
30
38
30
61
54
57
39
44
57
35
44
56
80
91
122
127
113
92
72
65
44
47
62
73
86
91
68
47
44
31
30
33
42
45
23
31
21
2
0
-27
-47
-52
-49
-61
-56
-34
-32
-29
-12
-22
-11
-42
-43
-45
-66
-43
-40
-50
-43
-67
-86
-84
-73
-71
-52
-18
-7
3
7
0
-22
-24
-15
0
12
15
16
-9
-25
-32
-29
-4
0
35
32
41
45
40
26
11
13
17
14
27
26
27
36
39
40
23
38
47
30
48
57
53
55
65
45
24
14
1
8
35
21
31
20
12
-13
-45
-40
-46
-56
-20
-1
2
2
-5
-28
-67
-67
-90
-63
-72
-51
-40
-45
-50
-58
-56
-59
-53
-43
-35
-42
-10
-23
-7
-28
-44
-49
-50
-39
-46
-36
-11
-25
-12
9
3
5
16
20
14
36
5
7
-9
-13
-10
0
17
26
52
51
59
57
50
53
49
38
55
65
72
75
93
82
57
51
21
1
14
5
18
21
39
59
41
43
13
18
4
8
19
9
23
29
14
4
18
22
23
36
23
30
7
4
6
3
-12
-19
6
5
27
15
20
19
10
19
26
2
-6
-9
-27
-42
-54
-45
-63
-44
-41
-51
-50
-38
-21
-20
-24
-41
-33
-46
-64
-74
-88
-106
-90
-76
-80
-58
-76
-57
-63
-67
-56
-42
-42
-49
-42
-60
-59
-69
-59
-74
-41
-33
-36
1
10
15
26
33
36
25
25
44
46
47
43
29
35
43
31
61
72
65
68
80
66
80
73
78
78
85
52
45
51
39
55
64
76
72
64
48
46
44
27
33
30
26
35
28
16
-11
-8
-34
-38
-41
-52
-35
-14
3
0
6
-2
-22
-45
-50
-57
-39
-20
-7
26
16
-6
-33
-63
-82
-87
-69
-62
-59
-64
-36
-28
-46
-23
-15
-21
-14
-15
-18
-28
-27
-31
-11
-18
-26
-30
-40
-46
-20
-8
15
40
40
35
43
33
21
32
22
33
43
52
34
37
27
18
22
59
57
70
84
77
82
60
76
49
49
31
34
25
25
27
26
41
39
31
32
38
1
9
-3
-8
4
-3
-14
-23
-51
-75
-76
-82
-86
-75
-81
-88
-93
-87
-99
-75
-76
-85
-83
-61
-68
-77
-68
-89
-101
-95
-97
-111
-85
-96
-78
-62
-47
-44
-36
-5
-3
31
42
56
31
18
12
22
9
12
47
37
53
70
65
58
55
57
64
75
78
83
106
94
85
92
61
73
65
74
78
64
73
58
40
40
51
76
68
84
88
83
66
55
47
10
13
10
11
14
7
10
9
-5
-15
-13
-9
10
16
18
28
-4
15
-10
-27
-44
-42
-49
-53
-43
-48
-41
-44
-46
-38
-47
-56
-45
-56
-67
-53
-41
-47
-46
-42
-57
-69
-81
-80
-98
-107
-91
-90
-63
-37
-29
-22
-35
-28
-15
-44
-31
-35
-17
-8
-11
10
-8
18
4
13
2
8
0
-4
14
25
33
43
50
38
30
36
25
20
31
25
47
33
26
21
4
19
-8
10
20
12
32
24
32
21
8
-1
2
-17
-1
-12
-20
-26
-41
-38
-45
-40
-43
-14
-10
11
12
27
13
-10
2
-21
-21
-4
10
22
27
37
37
44
27
25
30
27
34
47
51
61
67
59
70
62
54
37
47
23
21
-1
24
4
-9
0
-5
6
-4
32
19
33
38
36
18
-21
-14
-34
-37
-31
-23
-23
-30
-35
-34
-53
-40
-38
-33
-24
-12
-15
-11
-9
-5
-9
-37
-25
-47
-32
-37
-21
-1
17
16
21
9
8
12
11
23
41
48
25
12
24
-37
-23
-24
-23
6
9
28
9
16
18
3
12
40
52
54
44
18
-25
-42
-66
-62
-33
-23
-2
15
-5
-26
-64
-59
-68
-78
-29
-27
-13
-39
-58
-86
-109
-101
-90
-74
-63
-47
-38
-44
-44
-29
-39
-20
-15
-4
-2
-21
-32
-55
-45
-32
3
17
29
17
23
22
37
47
68
96
107
110
123
100
101
109
104
98
106
90
55
59
46
51
53
67
83
87
98
92
83
48
39
27
18
7
3
-9
-22
-29
-19
-20
-36
-28
-39
-44
-65
-37
-59
-25
-40
-24
-7
-7
-3
-21
-27
-68
-74
-88
-96
-110
-99
-90
-88
-71
-56
-66
-56
-47
-48
-34
-32
-35
-41
-46
-45
-63
-36
-35
-27
-21
-32
-19
-3
19
23
42
51
52
52
60
65
70
88
86
111
96
86
101
82
96
61
107
103
110
97
87
78
52
58
38
59
47
63
64
58
45
40
16
-10
-3
0
4
-4
-15
-17
-32
-36
-37
-65
-40
-82
-74
-84
-98
-88
-118
-87
-101
-77
-96
-106
-115
-120
-122
-124
-91
-67
-71
-66
-75
-62
-74
-69
-72
-59
-47
-29
-34
-22
-35
-38
-37
-38
4
-7
16
19
28
-1
10
11
15
24
49
72
80
75
62
66
51
67
54
71
53
52
66
67
86
107
119
118
110
87
80
49
68
59
63
92
93
89
80
72
45
18
1
-10
-26
-22
-22
-18
-21
-15
-34
-4
-30
-37
-27
-30
-29
-34
-31
-45
-59
-82
-71
-88
-75
-72
-73
-59
-64
-51
-59
-52
-48
-41
-26
-23
-10
-7
-8
-16
-13
-10
8
3
-10
12
-5
-10
-1
-1
9
26
46
55
46
41
40
28
28
32
60
65
46
43
35
17
7
6
22
10
18
40
34
43
47
45
45
51
11
21
13
7
2
-17
-7
-16
-41
-52
-54
-48
-57
-61
-54
-71
-51
-35
-38
-43
-38
-45
-79
-91
-92
-106
-72
-63
-54
-71
-60
-60
-60
-32
-14
-7
26
14
15
26
8
18
4
13
3
4
-10
-11
1
5
35
55
81
102
103
96
109
87
64
65
55
48
51
55
59
36
28
25
44
43
55
70
49
11
5
1
-3
4
21
23
4
17
-4
0
-24
-5
-9
-27
-33
-40
-26
-38
-38
-17
-17
-26
-23
-38
-65
-81
-72
-54
-66
-36
-40
-47
-58
-53
-58
-56
-31
-32
-7
12
17
24
40
63
50
75
62
61
57
28
31
44
55
59
63
53
38
27
11
12
41
44
80
85
77
63
20
3
-7
-5
-26
-1
6
-2
-14
-16
-39
-54
-57
-52
-60
-58
-46
-52
-58
-77
-60
-76
-104
-103
-105
-115
-102
-89
-107
-116
-107
-118
-92
-98
-83
-57
-57
-7
-7
-18
-13
1
-17
-21
-35
-31
-46
-28
-23
-9
23
36
50
64
90
89
91
94
103
98
107
113
104
108
133
96
110
105
86
84
80
110
118
149
159
147
139
140
100
90
73
79
76
51
40
31
22
23
41
40
48
42
56
23
27
-16
-18
-40
-69
-57
-87
-86
-106
-100
-122
-118
-102
-109
-101
-106
-114
-127
-112
-130
-138
-156
-141
-150
-151
-142
-139
-132
-134
-93
-97
-113
-85
-95
-95
-92
-60
-75
-46
-35
-37
-5
-18
30
12
28
37
38
30
51
41
69
90
87
107
99
94
93
89
83
97
91
110
126
111
111
112
105
87
86
98
87
99
108
105
105
101
104
86
48
31
12
1
-9
-7
10
3
-4
33
5
8
-14
-35
-55
-62
-59
-53
-43
-55
-56
-85
-81
-133
-147
-151
-160
-132
-141
-113
-95
-111
-88
-82
-81
-50
-47
-33
-48
-54
-40
-44
-22
-15
17
21
35
34
36
11
34
46
37
66
75
103
87
112
92
110
140
119
126
114
104
81
67
69
65
85
84
92
95
90
87
84
58
54
21
12
-19
-24
-42
-44
-39
-29
-25
-47
-33
-45
-70
-87
-67
-100
-103
-112
-109
-126
-97
-97
-93
-67
-67
-47
-54
-51
-76
-52
-102
-94
-92
-92
-83
-80
-58
-49
-15
-13
-5
-18
-30
-49
-16
-16
-5
20
25
13
36
48
40
41
49
37
38
63
67
74
81
83
51
26
44
44
41
61
90
84
82
81
54
53
36
49
42
32
40
23
18
-3
-20
-33
-19
-15
3
30
38
36
16
-12
-48
-55
-70
-66
-19
-21
-11
13
-12
-7
-34
-16
-13
-19
-8
2
2
12
18
26
19
15
10
3
-18
-9
-17
-7
11
1
20
-13
8
-17
-2
3
6
9
12
6
5
19
-5
-10
-7
-13
1
14
10
9
9
0
-16
-14
-31
-15
-16
14
24
17
16
25
-11
-13
1
-10
-8
-12
-5
-19
-13
-36
-25
-42
-23
-20
-16
-4
-10
12
-10
-5
-26
-25
-45
-34
-29
-35
-9
-26
-5
-12
-12
-4
-6
-2
-9
-2
7
14
4
15
23
31
39
23
16
37
40
30
45
42
14
47
39
37
47
44
55
24
10
10
-2
-14
-6
-15
-38
-32
-24
-33
-32
-31
-29
-16
-36
-11
-12
-5
-25
-31
-45
-70
-74
-107
-75
-89
-47
-47
-22
-38
-42
-35
-43
-44
-40
-12
-24
-15
-14
-11
-29
-24
-23
-10
-3
7
25
16
15
4
13
32
46
81
95
99
72
70
51
36
30
36
50
60
70
62
77
72
101
113
125
126
122
125
110
83
92
66
66
50
52
47
29
41
38
45
37
25
13
-5
-21
-45
-53
-30
-48
-42
-14
-24
-22
-52
-59
-97
-100
-80
-91
-70
-58
-49
-67
-87
-96
-113
-118
-116
-115
-81
-67
-73
-71
-69
-73
-44
-48
-21
-15
-28
-33
-63
-41
-57
-35
-22
-37
-9
3
2
8
4
5
-12
-16
0
7
30
31
27
19
10
1
12
11
4
33
45
38
68
53
49
42
41
34
31
36
41
47
41
26
55
39
60
66
63
49
26
29
-8
12
13
10
15
1
10
0
-23
-40
-58
-60
-45
-29
8
7
30
26
11
2
-28
-26
-40
-14
-22
-14
-46
-49
-82
-72
-55
-53
-24
-25
-2
-38
-10
-15
-20
-23
5
10
13
48
31
44
49
56
48
49
37
17
24
32
55
60
72
80
78
51
46
47
38
47
69
72
84
107
99
84
70
59
64
62
65
82
80
94
65
65
32
12
21
19
32
24
8
-11
-39
-43
-54
-61
-46
-47
-79
-101
-115
-160
-160
-188
-165
-137
-141
-133
-141
-163
-179
-175
-170
-147
-159
-126
-150
-159
-156
-172
-166
-169
-111
-119
-111
-93
-111
-91
-82
-39
-17
-18
3
-6
0
-4
-5
27
45
75
118
143
154
152
144
144
162
159
169
189
186
208
206
210
223
212
189
188
179
172
175
176
195
207
210
202
183
186
156
145
121
115
110
81
62
74
54
37
54
51
53
53
57
38
27
-15
-53
-73
-78
-104
-90
-66
-84
-61
-108
-161
-233
-314
-361
-382
-351
-333
-301
-308
-320
-336
-363
-368
-363
-342
-315
-283
-237
-238
-259
-260
-302
-335
-324
-309
-280
-234
-200
-158
-126
-104
-80
-54
-43
-22
19
48
90
141
172
195
186
164
161
215
274
323
390
422
441
446
460
459
471
509
557
596
637
693
671
646
597
534
517
487
520
544
600
627
623
584
490
387
289
211
160
115
83
77
41
31
-30
-77
-144
-231
-276
-328
-353
-379
-415
-480
-570
-730
-851
-965
-1002
-990
-924
-845
-814
-811
-846
-891
-944
-983
-970
-926
-861
-778
-721
-701
-734
-787
-851
-864
-847
-748
-595
-438
-301
-181
-125
-94
-100
-124
-118
-33
163
394
637
786
818
777
641
561
563
625
745
878
966
1056
1121
1155
1176
1185
1156
1132
1110
1103
1135
1152
1196
1195
1187
1097
977
850
685
582
520
550
577
619
607
539
433
302
180
90
58
23
3
-52
-125
-259
-390
-482
-549
-619
-630
-670
-718
-763
-813
-844
-856
-888
-900
-926
-958
-991
-1007
-1006
-1010
-997
-954
-938
-921
-922
-928
-973
-1010
-993
-960
-881
-812
-700
-655
-609
-594
-582
-549
-535
-501
-459
-391
-316
-255
-211
-149
-110
-96
-51
-3
81
134
228
319
346
372
368
383
369
387
444
536
607
667
734
742
736
719
696
705
735
795
892
914
955
916
887
846
800
805
778
806
812
848
882
875
883
816
762
706
680
722
727
798
771
770
735
675
637
547
454
351
287
202
192
201
198
204
112
-23
-193
-394
-557
-665
-764
-771
-778
-746
-740
-755
-803
-925
-1050
-1169
-1213
-1206
-1124
-1035
-989
-1021
-1096
-1213
-1347
-1433
-1476
-1433
-1376
-1273
-1171
-1094
-1026
-1012
-1022
-1035
-1034
-987
-871
-746
-632
-488
-378
-321
-261
-206
-184
-144
-69
41
194
353
512
611
649
674
623
638
707
800
944
1023
1086
1087
1108
1141
1183
1241
1288
1327
1283
1233
1183
1141
1154
1194
1225
1226
1175
1067
964
839
750
737
720
725
695
639
567
494
417
340
268
212
157
116
75
19
-2
-41
-65
-108
-180
-224
-303
-408
-495
-581
-632
-655
-681
-688
-730
-763
-826
-872
-906
-918
-915
-878
-848
-841
-804
-783
-802
-790
-772
-773
-728
-721
-681
-656
-670
-671
-663
-663
-657
-611
-573
-529
-531
-504
-476
-457
-434
-378
-327
-258
-201
-150
-87
-40
1
53
108
163
203
244
252
267
303
348
390
461
497
533
569
612
638
656
665
684
719
714
755
755
753
733
711
694
653
632
641
615
634
623
585
573
540
487
432
389
356
332
340
329
320
282
205
125
55
-65
-131
-214
-226
-261
-280
-431
-824
-1069
-1107
-920
-417
247
653
689
362
-199
-733
-997
-903
-566
-164
43
81
-92
-399
-593
-650
-490
-227
79
269
253
105
-56
-215
-253
-201
-128
-23
9
21
11
4
-37
-49
-53
14
49
90
9
-354
-575
-437
57
663
1168
1164
539
-418
-1340
-1802
-1559
-690
484
1449
1774
1354
469
-492
-1143
-1042
-403
505
1198
1081
599
-290
-1204
-1804
-1996
-1618
-798
110
972
1245
968
335
-491
-1020
-997
-484
348
1126
1374
976
316
-541
-1195
-1265
-996
-358
535
1087
1294
1002
314
-499
-1122
-1396
-1339
-796
-62
541
899
780
333
-250
-751
-935
-625
42
712
1395
1754
1595
1180
669
129
-129
-117
156
533
871
1060
1045
879
422
-63
-511
-529
1
658
1318
1655
1424
804
124
-404
-863
-1037
-882
-258
731
1555
1926
1420
233
-841
-1402
-1273
-524
651
1596
1665
991
-20
-1103
-1925
-2233
-1805
-841
189
945
895
100
-861
-1619
-2005
-1812
-999
-253
276
227
-531
-1239
-1731
-2021
-1751
-1339
-803
-211
81
-16
-503
-837
-987
-1113
-885
-393
117
520
649
361
-194
-572
-707
-603
-195
42
-93
-916
-2076
-2470
-2017
-779
911
1994
2002
1047
-134
-789
-683
143
1366
2464
3146
3378
3171
2574
1602
671
224
513
1391
2540
3345
3297
2340
984
-355
-1049
-1038
-390
439
932
848
160
-744
-1442
-1643
-1171
-242
738
1419
1667
1518
1036
388
-82
-196
-27
290
626
752
369
-290
-1018
-1588
-1852
-1654
-1120
-546
-158
0
-218
-727
-1349
-1908
-2124
-1909
-1306
-507
7
-66
-641
-1431
-2185
-2617
-2397
-1791
-1009
-189
194
150
-262
-1020
-1650
-1791
-1401
-590
384
1093
1270
1042
435
-311
-784
-806
-463
468
1408
2192
1838
-49
-2812
-5392
-5901
-4280
-878
2868
5032
4749
2288
-766
-2908
-3243
-1706
942
3763
5791
6491
5859
3916
1146
-1048
-1886
-781
1630
4241
5902
5791
4176
1743
-724
-2490
-3337
-2968
-1856
-383
779
932
-89
-1800
-3249
-3699
-2941
-1298
572
2089
2955
3241
3020
2344
1382
528
-23
30
515
999
908
112
-1021
-2177
-2914
-3059
-2626
-1957
-1318
-907
-803
-1126
-1757
-2465
-2915
-2961
-2452
-1622
-903
-602
-768
-1316
-1995
-2404
-2369
-1751
-864
1
663
827
559
73
-365
-462
-235
301
883
1258
1403
1248
739
240
-157
-97
504
1316
1840
681
-1964
-5258
-7047
-6136
-2904
1512
4817
5635
3727
408
-2339
-3341
-2236
559
3940
6713
8116
7667
5635
2465
-465
-1946
-1390
1034
3874
5943
6225
4720
2153
-711
-2959
-3933
-3630
-2574
-1450
-784
-1064
-2256
-3606
-4137
-3413
-1600
525
2307
3140
3160
3043
2875
2713
2586
2448
2071
1416
766
-19
-1119
-2312
-3211
-3474
-3264
-2614
-1861
-1443
-1521
-1859
-2212
-2568
-2823
-2954
-2847
-2764
-2663
-2585
-2530
-2475
-2417
-2234
-2104
-1926
-1691
-1245
-650
15
598
1006
1156
1077
804
504
347
212
191
182
363
506
726
811
956
938
1227
1477
1509
487
-2099
-5084
-7194
-6474
-3393
992
4897
6521
5304
2155
-940
-2291
-1459
1284
4828
7804
9267
8830
6815
3812
502
-1565
-1862
-180
2380
4638
5529
4502
2012
-1020
-3670
-5047
-4877
-3625
-2151
-1216
-1209
-2224
-3839
-4798
-4163
-1784
1658
4745
6447
6057
4325
2262
639
-67
157
852
1207
873
-41
-1643
-3657
-5372
-6214
-6007
-4797
-2867
-914
90
57
-762
-1946
-3065
-3733
-3679
-3202
-2633
-2182
-1926
-1939
-2118
-2299
-2346
-2158
-1594
-656
377
1222
1746
1797
1503
1102
762
448
113
-153
-234
-196
19
374
663
788
855
1073
1561
2151
2368
1810
-716
-4096
-6825
-6893
-4093
162
4556
7216
7001
4321
793
-1390
-1394
672
4122
7495
9544
9553
7579
4351
463
-2505
-3579
-2546
-72
2393
4118
4133
2355
-538
-3492
-5414
-5528
-4158
-2262
-950
-573
-907
-1448
-1616
-985
528
2296
3561
4038
3778
3219
2526
1671
800
-62
-703
-1271
-1712
-2207
-2938
-3859
-4617
-4879
-4640
-3979
-2952
-1882
-1216
-1086
-1218
-1563
-2046
-2441
-2697
-2852
-2986
-3010
-2862
-2522
-2026
-1431
-845
-558
-314
-97
214
408
454
412
229
178
139
125
-42
-261
-363
-351
-79
441
1129
1695
1982
2307
2604
3038
2836
2023
-559
-4242
-7304
-7910
-5138
-871
3783
7361
8083
5669
1677
-996
-1321
163
3236
6707
9283
9730
8031
4967
990
-2631
-4440
-4172
-2019
737
3241
4229
3055
331
-2761
-5105
-5715
-4533
-2207
-284
440
66
-1057
-1881
-1674
26
2669
4710
5463
4950
3698
2038
363
-653
-1232
-1524
-1757
-1919
-2007
-2570
-3543
-4568
-5357
-5390
-4594
-2985
-1244
104
763
549
-456
-1696
-2832
-3518
-3646
-3281
-2577
-1955
-1507
-1230
-1129
-1149
-1267
-1358
-1102
-582
121
575
764
575
91
-479
-840
-827
-578
-36
456
1078
1444
1772
1867
1923
2050
2590
3129
3021
1511
-2359
-6575
-9301
-8386
-4457
522
5832
9001
8285
4531
484
-1033
-640
1509
5157
8659
10512
9798
7328
3729
-727
-4137
-5576
-4692
-2030
1080
3594
4030
2149
-1005
-4144
-6035
-5797
-3741
-589
1615
1783
710
-913
-1580
-1287
591
3581
5300
5284
4175
2797
1011
-979
-1800
-2150
-2877
-3226
-2870
-2446
-2998
-3823
-4298
-4993
-5106
-3952
-1984
-506
310
769
168
-1312
-2506
-3040
-3510
-3857
-3422
-2652
-2257
-1825
-943
-95
313
451
438
26
-450
-603
-624
-565
-275
14
1
-264
-292
-160
-30
389
1372
2463
3314
3695
3845
3615
3490
3017
1848
-790
-5117
-8575
-9882
-7534
-2753
2429
7341
8977
6975
2987
-218
-562
468
3451
7347
10194
10888
8847
5519
1314
-3085
-5726
-6210
-4340
-1266
1708
3516
3025
600
-2586
-5403
-6388
-5234
-2621
534
2555
2148
83
-2271
-3234
-2273
392
4149
6592
6684
4902
2244
-456
-2627
-3330
-3117
-2985
-2635
-1965
-1699
-2427
-3646
-4655
-5564
-5534
-3917
-1466
599
1693
1754
321
-1830
-3477
-4237
-4442
-4053
-3001
-2119
-1730
-1270
-552
216
771
1347
1605
1008
140
-594
-1087
-1056
-693
-87
218
172
365
695
966
1326
1844
2543
2968
3228
3662
4052
4153
3132
673
-3852
-8484
-10855
-9850
-5407
350
6319
10010
9259
5704
1654
-239
-265
1569
5409
9235
11166
10345
7391
3300
-1837
-6001
-7778
-6779
-3757
-280
2708
4001
2640
-403
-3801
-5916
-5993
-4214
-929
2363
4022
2869
-141
-3110
-4349
-3203
-17
4153
7074
7406
5256
1819
-1564
-4046
-4979
-4793
-3773
-2265
-939
-579
-1430
-3032
-4907
-6362
-6197
-4071
-980
1693
3032
2628
666
-2059
-4363
-5570
-5423
-4183
-2608
-1278
-361
276
436
358
396
433
378
126
-131
-246
-358
-248
-54
75
135
43
303
498
1077
1838
2689
3511
3542
3580
3461
3608
2827
1018
-2741
-7260
-10101
-10292
-6413
-1002
5046
9581
9647
6909
2968
855
488
1614
4972
8373
10522
10265
7900
4299
-799
-5432
-7906
-7673
-5144
-1763
1605
3707
3275
778
-2454
-4912
-5489
-4425
-1505
2249
4851
5549
3379
-166
-3693
-5544
-4671
-2150
1809
5109
6162
4786
1758
-1264
-4079
-5885
-5830
-4231
-1931
-41
1100
1031
-775
-3473
-5905
-6859
-5740
-3314
-416
1607
2036
961
-1426
-3822
-5149
-5019
-3691
-2087
-332
1116
1881
1860
1286
672
-90
-1100
-1837
-1912
-1501
-830
-61
697
1044
924
756
926
1346
2004
2806
3734
4049
3915
3562
3458
3095
1621
-1153
-5929
-9812
-11417
-9421
-4136
1906
8141
10656
9054
5292
1685
443
450
2788
6469
9509
10702
9378
6576
2109
-3373
-7491
-8924
-7425
-4259
-520
2774
3985
2387
-729
-3804
-5456
-5379
-3394
374
3995
6051
5920
4035
1284
-1549
-3377
-3986
-3564
-2255
-731
669
1550
1936
1338
-470
-2568
-3879
-3912
-2879
-1191
558
1501
1046
-668
-2849
-4736
-5756
-5818
-5009
-3599
-2199
-1345
-1181
-1394
-1581
-1511
-1286
-962
-455
307
1022
1449
1695
1476
559
-1167
-2968
-3884
-3985
-2956
-1266
577
1979
2520
2958
2813
2582
2621
2765
3042
2971
2916
2970
2754
2650
2024
576
-2495
-7337
-10271
-10764
-7594
-2009
3981
9814
11209
8871
4709
1259
132
-17
2425
6070
8907
9918
8457
5645
1136
-4115
-7593
-8254
-6147
-2737
629
3127
3292
1080
-2109
-4931
-6010
-5275
-2707
956
4104
5692
5456
3930
1695
-919
-3039
-4041
-3745
-2138
321
2956
4310
3510
712
-3037
-6087
-7126
-5594
-2580
592
2867
3327
1657
-1403
-4485
-6536
-7223
-6148
-3647
-920
858
1244
471
-1096
-2674
-3499
-3327
-2156
-328
1379
2464
2629
1963
426
-1490
-2820
-3320
-3056
-2051
-505
972
1697
1728
1916
1909
1955
2292
2801
3304
3212
2948
2471
1829
1255
1109
704
-155
-2914
-6675
-8656
-8926
-5737
-1282
4350
9441
10130
8189
4646
2432
1108
649
2961
6034
8165
8447
7234
4931
405
-4707
-7585
-7795
-5763
-2959
-57
2283
2098
202
-2296
-4108
-4309
-3524
-1160
1791
4292
5489
5087
3741
1617
-979
-3506
-4779
-4310
-2026
824
3129
3971
2364
-922
-4564
-6494
-6044
-3755
-587
1975
3249
2554
206
-2737
-5359
-6873
-6899
-5238
-2503
-35
1308
1384
282
-1491
-3151
-3857
-3167
-1612
372
2059
2916
2793
1516
-259
-1997
-3083
-3176
-2578
-1132
560
1810
2169
1931
1810
1751
1808
2203
2779
3208
3272
2741
2106
1402
858
540
13
-1182
-4560
-7386
-8606
-7311
-3243
1404
7261
10284
9391
6602
3387
1724
496
1408
4345
6751
7971
7582
6074
2859
-2395
-6483
-8065
-7423
-5104
-2208
979
2350
1274
-724
-2692
-3602
-3724
-2520
159
2998
5032
5729
5335
3739
1149
-1771
-4344
-5458
-4693
-2479
252
2176
2729
1315
-1645
-4229
-5122
-3992
-1865
484
2411
2687
1452
-821
-3316
-5453
-6832
-6612
-5090
-2806
-520
912
1081
35
-1543
-2950
-3507
-2707
-888
1017
2381
2906
2353
709
-1072
-2256
-2724
-2571
-1830
-449
907
1646
1851
1837
1727
1535
1507
1955
2404
2930
2807
2539
2264
2037
1728
758
-1680
-5993
-8734
-9456
-6681
-1860
3552
9262
10607
8590
4926
2159
940
295
2239
5532
8018
8640
7698
5688
1637
-3745
-7388
-8157
-6679
-3873
-611
2441
2952
893
-1738
-3844
-4547
-4250
-2158
1296
4305
6039
6214
5211
2958
422
-1223
-2288
-2910
-3179
-3071
-3040
-3505
-3308
-2926
-2629
-2265
-1409
196
1156
1706
1926
1380
142
-1357
-2476
-3241
-4049
-4580
-4920
-5137
-4888
-4499
-3718
-2799
-1880
-942
-238
737
1556
1954
1957
1607
1159
330
-500
-1024
-1599
-2057
-2314
-2021
-1053
-28
1033
2000
2640
3097
3153
3020
2720
2158
1607
1273
1586
2173
2378
1942
-771
-5509
-8913
-9943
-6858
-1840
4031
10112
11701
9600
5401
2133
495
-523
1262
4573
7441
8542
7645
5657
1574
-3968
-7755
-8545
-6439
-2955
740
3919
4322
1945
-1441
-4261
-5272
-4910
-2680
988
4224
6099
6098
4577
1893
-896
-2501
-3024
-3109
-2309
-1273
-611
-638
-1102
-1589
-3048
-4512
-4693
-3518
-1919
-316
1090
1525
541
-1066
-2465
-3618
-4428
-4837
-4589
-3947
-3113
-2366
-1893
-1718
-1770
-1945
-1949
-1298
-256
694
1204
1267
1030
271
-394
-660
-699
-725
-814
-693
-548
-212
302
1048
2076
2853
3359
3658
3186
2571
1757
1127
943
994
1619
2070
1980
833
-2772
-5587
-6834
-5531
-1585
2500
7717
10109
8741
5645
2557
1252
317
1052
3703
6016
7000
6558
5223
2672
-1710
-5369
-6369
-5186
-2677
-376
1700
2251
374
-2180
-4079
-4303
-3477
-1779
844
3405
4748
4438
3141
1200
-817
-2163
-2434
-1933
-1095
-352
-285
-794
-1678
-2617
-3650
-4193
-3751
-2573
-1328
-594
0
-85
-1113
-2475
-3427
-3835
-4020
-3890
-3233
-2591
-2308
-2087
-1997
-1940
-2101
-2179
-1670
-841
174
777
985
776
33
-493
-584
-137
444
497
376
-83
-600
-673
-512
332
1324
2334
3215
3314
3219
2702
1989
1440
1189
1475
2036
2340
2369
1335
-2156
-4964
-6348
-5054
-1490
2348
7118
9063
7877
5068
2497
1579
1014
2005
4275
6062
6744
6026
4427
1809
-2141
-4826
-5191
-3816
-1545
145
1192
695
-1272
-3067
-3774
-3159
-1793
-196
1572
3031
3222
2491
1019
-352
-1366
-1603
-1114
-645
-169
-690
-1447
-2204
-2524
-2371
-2431
-2215
-1881
-1555
-1529
-1559
-1556
-1938
-2637
-3074
-3034
-2988
-3070
-3254
-3281
-3258
-2863
-1923
-1153
-739
-834
-1032
-1009
-789
-151
339
459
336
40
51
180
430
557
96
-252
-429
-309
-75
108
730
1428
2047
2494
2560
2652
2416
2164
2120
2271
2472
2358
2241
1928
1118
-1986
-4574
-5350
-4297
-1094
2196
6248
8027
6424
3623
1496
1140
1408
2584
4827
6366
6364
5277
3468
1415
-1427
-3474
-3500
-2319
-621
98
86
-708
-2439
-3662
-3767
-2665
-1296
-230
742
1379
1356
848
260
-217
-431
-92
672
1047
880
-705
-2760
-4207
-4782
-3580
-2123
-585
307
-185
-1305
-2686
-3233
-3305
-3126
-2288
-1684
-1366
-1423
-2104
-2751
-3416
-3595
-2971
-2161
-1176
-523
-408
-272
-52
482
794
777
874
700
503
581
858
1002
462
-166
-365
-342
-139
91
560
1015
1312
1606
2055
2709
3097
3150
3084
2888
2267
1594
1446
1616
1840
812
-1874
-3648
-4692
-3438
-657
2374
5660
6192
4594
2152
763
1072
1725
3082
4810
5584
5150
3736
2221
700
-1499
-2623
-2143
-904
-32
-303
-749
-1672
-3057
-3736
-3328
-2195
-1274
-826
-186
146
-95
-446
-424
-46
307
1045
1875
1712
98
-1711
-3086
-3455
-2627
-1103
380
459
-591
-2035
-3327
-3939
-3743
-2928
-2057
-1585
-1295
-1174
-1508
-1966
-2502
-2727
-2369
-1608
-802
-290
-127
-132
-99
81
395
600
673
600
543
825
1242
1525
1264
669
342
88
-80
-112
16
259
242
461
1198
2151
2741
3126
3073
2642
1886
1079
871
1248
2203
2950
3112
507
-2423
-4224
-4421
-2246
290
3800
5300
3766
1219
-579
-435
223
1518
3842
5245
5080
4000
2720
1564
-564
-2057
-1679
-467
361
-48
-548
-1430
-3044
-3979
-3573
-2252
-1274
-1098
-853
-775
-1135
-1410
-1103
-211
583
1262
1509
1231
-245
-1602
-2068
-1629
-176
856
1243
341
-1331
-2747
-3622
-3450
-2754
-2151
-1752
-1890
-1996
-2041
-2328
-2329
-2218
-1697
-898
-179
436
433
23
-333
-459
-97
462
794
901
696
580
683
989
1347
1489
1445
1220
781
269
-175
-278
-72
312
874
1374
1708
1840
1866
1690
1320
1197
1126
1319
1909
2786
3654
3786
2149
-1329
-3792
-4863
-3386
-505
2287
4364
3551
766
-1821
-2360
-982
942
2955
4617
4763
3711
2312
1107
82
-1108
-1270
-383
589
756
-44
-996
-1999
-2851
-2809
-2088
-1399
-1226
-1613
-1941
-2011
-1986
-1658
-1100
-464
359
1074
1364
978
171
-674
-1440
-1568
-859
-3
332
-71
-706
-1374
-2226
-2659
-2494
-2118
-1775
-1541
-1243
-999
-1006
-1007
-993
-841
-571
-466
-411
-496
-616
-573
-345
128
664
1035
1237
1244
1195
1226
1315
1536
1625
1586
1393
1058
719
489
366
191
-7
-31
230
588
1077
1385
1512
1454
1471
1471
1721
2132
2579
2626
2362
287
-2357
-3681
-3574
-1512
172
1743
2197
728
-1331
-2469
-1286
628
1887
2920
3394
2746
1660
809
698
557
58
321
1043
1331
478
-693
-1428
-2023
-2369
-2020
-1303
-938
-1338
-1968
-2127
-2131
-2060
-1528
-604
225
697
716
553
8
-607
-724
-720
-267
122
147
23
-366
-547
-727
-1011
-1156
-1156
-1193
-1282
-1251
-1032
-889
-739
-484
-439
-480
-892
-1324
-1526
-1540
-1075
-499
265
980
1333
1355
1135
855
743
798
1110
1723
2232
2379
1971
1217
503
-242
-647
-742
-459
-20
322
727
973
1117
864
657
793
1261
1887
2368
2868
2792
2231
918
-1718
-3344
-3758
-2745
-823
420
1309
746
-1202
-2637
-2444
-680
987
1974
2772
2517
1531
735
571
1093
1100
1170
1488
1244
436
-854
-1555
-1776
-1729
-1245
-617
-428
-872
-1681
-2222
-2301
-2152
-1414
-608
45
229
48
-585
-1699
-2105
-1857
-960
179
1179
1887
1633
826
207
47
113
166
382
489
126
-274
-528
-763
-875
-1125
-1306
-1369
-1525
-1625
-1555
-1152
-627
-18
664
1164
1374
1252
932
753
747
874
1184
1699
2222
2289
1835
1000
121
-487
-871
-781
-269
339
569
445
315
183
87
165
732
1672
2129
2400
2316
2018
1338
589
-817
-2822
-3767
-3634
-2096
-752
3
191
-847
-2540
-3236
-2012
158
1697
2350
2527
1801
859
419
848
1578
1545
1096
683
125
-543
-1046
-846
-94
192
164
-198
-637
-1195
-1908
-1960
-1494
-955
-659
-690
-927
-1376
-1790
-1855
-1881
-1316
-297
370
972
1379
1594
1350
894
923
1224
1295
1194
1192
1046
522
9
-222
-506
-795
-1063
-1363
-1625
-1727
-1570
-1278
-811
-122
402
568
585
564
528
419
570
965
1316
1597
1780
1619
1015
235
-357
-690
-642
-193
271
531
542
374
235
214
427
715
1008
1511
1792
1711
1466
1129
641
233
-206
-304
-1694
-3370
-3950
-3409
-1921
-1023
-383
-273
-1262
-2378
-2130
-570
1063
1487
1328
1040
552
507
819
1566
1754
911
149
-157
-194
-109
182
853
1144
730
206
-429
-1007
-1420
-1346
-779
-559
-814
-1104
-1512
-1738
-1459
-660
19
42
-604
-1262
-1371
-791
579
1926
2631
2352
1613
1120
997
1268
1560
1514
1072
197
-357
-250
-171
-344
-773
-1125
-1270
-1197
-659
-66
214
219
212
393
590
603
626
492
216
4
66
195
119
-116
-318
-245
-210
-78
156
476
679
709
706
818
924
913
959
944
837
479
249
200
131
-42
-285
-495
-933
-1333
-2514
-3584
-3629
-2844
-1431
-543
-158
-250
-1239
-2418
-2369
-997
557
1202
1273
995
154
-460
-385
524
1227
1103
871
907
822
506
457
839
1119
754
315
104
20
-203
-348
20
235
-52
-315
-308
-198
-94
121
36
-539
-1240
-1302
-540
504
1468
1898
1619
820
235
420
1074
1678
1919
1598
991
472
73
-14
84
181
106
-12
10
84
101
-67
-110
-78
-112
-208
-237
-396
-604
-694
-799
-831
-867
-811
-621
-408
-211
-7
57
-4
-75
71
403
683
722
598
417
170
-86
-252
-111
-131
-295
-465
-485
-409
-615
-812
-730
-617
-671
-940
-1884
-2606
-2683
-2016
-993
-399
-105
-406
-1350
-2106
-1806
-702
223
333
250
92
-162
-34
419
1130
1272
908
650
765
974
1050
1170
1449
1595
1250
896
749
849
939
995
1185
1197
933
669
639
788
1005
982
389
-386
-724
-511
51
661
1108
1129
626
155
221
548
816
976
965
739
473
476
675
735
551
106
-396
-672
-594
-373
-314
-403
-617
-1079
-1379
-1214
-882
-729
-844
-891
-934
-1086
-1123
-896
-601
-499
-512
-533
-613
-753
-808
-714
-399
-228
-269
-353
-414
-413
-357
-279
-177
-147
-278
-344
-319
-203
-198
-297
-469
-558
-513
-300
-471
-1273
-1702
-1624
-1102
-633
-334
-205
-375
-906
-1113
-555
306
762
668
607
567
603
785
1088
1488
1455
992
721
749
859
970
1176
1514
1493
1266
1194
1353
1592
1718
1721
1615
1400
1154
1120
1206
1361
1553
1341
802
-40
-524
-445
-46
627
955
872
306
-356
-469
-126
278
496
375
26
-340
-572
-413
-272
-362
-601
-861
-949
-898
-796
-773
-918
-1101
-1201
-1308
-1328
-1339
-1304
-1217
-1247
-1297
-1249
-1091
-979
-1035
-1135
-1115
-1050
-1044
-821
-470
-223
-295
-580
-713
-679
-610
-433
-216
-160
-357
-679
-719
-568
-368
-156
-66
-44
-236
-408
-271
118
364
342
-309
-919
-1080
-703
113
569
737
661
347
1
286
1106
1725
1625
1134
845
534
524
842
1497
1793
1310
758
559
690
897
1347
1908
2155
1780
1326
1266
1552
1891
2002
2002
1792
1386
1048
1090
1256
1345
1205
843
241
-571
-826
-578
-168
149
199
23
-368
-773
-814
-537
-335
-282
-398
-521
-748
-889
-916
-1188
-1589
-1842
-1949
-1897
-1702
-1563
-1626
-1859
-1893
-1720
-1495
-1324
-1239
-1195
-1225
-1178
-924
-660
-566
-683
-884
-1073
-1075
-954
-788
-638
-572
-524
-517
-468
-413
-368
-363
-399
-462
-374
-144
105
221
169
198
219
230
325
595
784
773
827
918
929
352
-170
-130
374
964
1169
1145
1050
756
415
711
1437
1869
1520
955
802
795
846
1043
1366
1378
947
599
868
1211
1376
1427
1390
1367
1160
1087
1278
1505
1467
1184
844
678
623
636
866
977
851
497
60
-223
-538
-746
-607
-273
-39
-97
-382
-740
-1025
-1193
-1186
-1176
-1204
-1361
-1548
-1588
-1583
-1523
-1591
-1791
-2010
-2108
-1975
-1649
-1358
-1225
-1282
-1420
-1459
-1358
-1108
-832
-681
-747
-873
-1003
-1028
-981
-973
-845
-759
-750
-703
-600
-463
-390
-315
-120
110
227
260
250
315
402
467
538
573
555
528
521
625
788
851
773
744
793
904
1202
1407
1503
1129
534
339
725
1364
1613
1587
1446
1088
475
257
708
1316
1393
1151
1043
792
527
499
844
1062
766
371
241
306
358
599
934
1111
919
544
436
545
675
726
763
781
658
389
229
186
28
-223
-471
-660
-800
-792
-684
-655
-694
-803
-977
-1174
-1286
-1272
-1259
-1399
-1371
-1163
-1114
-1239
-1467
-1605
-1700
-1682
-1435
-1083
-972
-1118
-1370
-1505
-1575
-1571
-1384
-1168
-989
-940
-954
-911
-739
-539
-437
-329
-191
-88
-55
44
288
444
363
261
243
286
337
436
578
594
550
561
720
832
840
792
730
717
770
917
1138
1339
1401
1327
1209
1121
1047
1050
1115
1126
748
327
214
517
933
1115
1133
885
497
30
-44
337
782
745
296
126
11
-55
-74
192
310
16
-309
-435
-140
29
108
475
597
165
-131
-176
-109
105
367
512
246
-45
-280
-385
-423
-270
-124
-144
-191
-348
-547
-795
-976
-808
-515
-433
-519
-541
-534
-664
-800
-743
-779
-1123
-1390
-1317
-1077
-823
-671
-666
-894
-1132
-1184
-1059
-824
-626
-414
-257
-173
-140
-1
116
48
-47
-122
-146
-121
39
286
447
402
279
218
154
166
320
481
572
546
552
617
610
645
673
659
519
348
270
295
372
541
744
758
625
466
434
460
462
540
705
844
830
714
435
17
-279
-275
48
334
333
65
-163
-400
-615
-497
-226
-31
-159
-387
-521
-543
-435
-287
-112
-18
-86
-181
-260
-300
-235
-44
183
262
245
199
206
265
280
322
348
352
281
273
389
389
322
215
140
92
33
17
-11
24
108
217
290
189
-98
-385
-545
-571
-431
-201
-129
-226
-366
-484
-587
-640
-572
-433
-321
-265
-180
-128
-170
-275
-327
-293
-290
-336
-368
-335
-235
-129
-57
-87
-166
-289
-389
-376
-288
-105
36
60
0
-50
-85
-95
-175
-208
-68
101
224
260
291
246
103
74
80
148
257
291
289
216
128
119
197
182
87
-36
-93
-62
-82
-48
38
112
89
42
-44
-100
-100
-54
59
160
142
79
26
-35
-65
-27
55
47
-43
-152
-141
-42
103
147
187
204
212
245
276
386
472
534
582
627
609
575
561
601
586
602
678
699
665
564
572
582
492
326
167
70
111
302
516
601
529
342
88
-62
-103
-57
-21
-59
-114
-187
-234
-349
-452
-537
-590
-658
-636
-537
-434
-387
-506
-592
-696
-838
-981
-1040
-996
-975
-943
-875
-773
-822
-900
-958
-891
-816
-801
-747
-659
-626
-630
-592
-557
-512
-559
-550
-463
-396
-367
-302
-215
-130
-95
-39
19
11
4
29
80
131
265
401
536
535
444
442
426
465
572
688
753
751
693
714
737
729
757
850
920
880
846
765
724
739
814
902
862
752
610
533
500
551
608
605
536
436
416
357
307
290
335
406
398
373
322
317
290
223
201
189
85
-6
-18
56
112
79
16
-52
-76
-73
17
64
17
-72
-181
-286
-366
-423
-395
-404
-409
-445
-536
-664
-812
-857
-880
-851
-839
-852
-920
-944
-949
-942
-911
-886
-830
-826
-846
-864
-875
-852
-833
-802
-758
-726
-698
-712
-665
-594
-554
-507
-459
-363
-331
-276
-195
-150
-128
-156
-119
-29
69
163
232
226
208
190
233
278
350
479
554
646
687
730
758
753
759
745
779
739
714
718
704
692
716
762
794
814
765
820
861
858
827
769
729
689
678
662
645
576
503
427
370
339
321
310
245
221
192
161
143
118
67
29
3
-14
-24
-89
-168
-194
-162
-125
-99
-154
-233
-301
-393
-443
-467
-503
-508
-525
-513
-506
-528
-553
-625
-696
-709
-634
-563
-542
-497
-488
-527
-581
-603
-581
-599
-590
-589
-601
-601
-562
-505
-456
-427
-414
-377
-358
-315
-225
-120
-10
73
93
50
-17
-114
-112
-52
15
98
177
216
205
229
243
274
294
259
264
283
332
382
388
400
369
275
243
223
291
368
458
535
529
505
418
373
345
325
335
342
275
204
169
140
92
89
25
-56
-93
-115
-74
-33
41
86
116
121
67
-35
-119
-147
-187
-149
-90
-71
-86
-127
-155
-181
-221
-232
-205
-172
-122
-76
-4
18
24
26
14
-12
-37
-31
-39
55
112
132
128
84
37
-37
-85
-72
-23
6
52
73
69
41
13
39
35
56
83
118
146
173
207
196
153
11
-76
-52
11
99
160
166
89
-53
-163
-188
-169
-129
-85
-32
-29
-90
-160
-213
-262
-289
-276
-238
-217
-171
-104
-38
-31
-63
-99
-122
-96
-16
76
148
151
111
50
24
-25
-40
-53
-38
-47
-82
-70
-33
-24
-2
41
32
15
-70
-98
-82
-28
12
37
-1
-93
-183
-250
-322
-389
-420
-450
-420
-372
-295
-224
-173
-168
-169
-172
-151
-131
-107
-32
28
94
73
43
15
-52
-75
-51
-6
73
168
213
234
240
233
208
259
297
335
384
421
463
532
571
607
610
555
520
478
515
586
675
749
746
676
558
465
399
350
340
351
357
295
204
97
-20
-120
-178
-179
-183
-185
-203
-235
-262
-312
-315
-358
-409
-448
-420
-404
-371
-354
-394
-444
-536
-564
-591
-567
-553
-531
-496
-460
-430
-403
-330
-311
-265
-184
-177
-160
-176
-203
-230
-278
-244
-225
-178
-182
-209
-277
-357
-373
-321
-220
-170
-88
-51
-57
-42
-76
-50
-47
-22
-7
14
53
71
90
64
47
4
-33
-30
28
130
198
230
223
183
173
158
211
273
320
317
316
312
300
319
353
392
396
438
458
541
616
623
625
611
582
561
604
689
735
737
673
567
442
357
329
353
367
375
378
365
294
251
186
140
86
32
32
24
2
-71
-142
-266
-370
-506
-595
-623
-659
-648
-608
-575
-571
-595
-602
-631
-640
-654
-666
-663
-654
-612
-594
-559
-558
-543
-576
-602
-589
-586
-557
-522
-471
-461
-453
-447
-428
-359
-318
-255
-217
-200
-191
-191
-169
-118
-59
-44
-8
5
-5
32
59
137
182
229
287
332
343
335
333
360
413
448
495
499
459
419
354
349
373
398
469
513
589
631
631
629
619
584
541
512
492
500
505
526
487
396
330
270
245
321
358
396
425
399
367
331
277
226
177
116
112
127
145
118
90
30
-30
-130
-239
-285
-274
-246
-214
-221
-290
-367
-483
-552
-548
-523
-465
-456
-438
-444
-437
-426
-461
-512
-578
-644
-682
-660
-622
-581
-543
-532
-544
-540
-532
-488
-445
-385
-362
-354
-349
-352
-340
-317
-326
-286
-260
-235
-187
-144
-99
-27
36
86
116
138
147
140
140
183
219
257
296
300
305
291
291
270
273
309
370
426
483
501
505
487
444
412
383
373
421
444
483
483
464
427
357
331
338
391
431
484
493
462
420
326
279
245
219
224
232
201
157
132
82
63
14
-7
-36
-73
-88
-89
-95
-156
-196
-254
-313
-334
-378
-408
-429
-402
-372
-341
-289
-269
-295
-320
-329
-367
-366
-379
-343
-281
-235
-201
-210
-265
-323
-365
-350
-292
-223
-159
-132
-115
-114
-159
-159
-154
-136
-144
-123
-119
-99
-75
-73
-75
-112
-124
-154
-80
-17
85
162
190
161
140
97
103
148
150
184
180
156
144
154
139
149
162
157
136
120
132
166
218
234
242
204
143
95
81
105
143
195
225
230
189
153
109
102
125
168
200
237
201
187
131
49
30
-18
-19
-41
-39
-44
-23
-3
-32
-73
-105
-170
-184
-200
-180
-160
-168
-193
-228
-200
-205
-223
-238
-277
-263
-241
-204
-124
-71
-53
-68
-44
-77
-92
-80
-63
-37
-7
14
50
65
50
51
59
47
62
84
102
145
147
158
115
73
47
17
55
111
166
239
260
254
234
191
189
173
160
171
155
142
122
118
106
70
13
-46
-54
-77
-64
-19
-8
-15
-26
-79
-96
-127
-142
-147
-148
-132
-140
-144
-154
-149
-164
-162
-171
-161
-126
-95
-55
-54
-47
-74
-68
-81
-75
-73
-70
-58
-41
-28
-23
-25
-50
-58
-75
-90
-85
-61
-54
-30
-24
-10
-26
-48
-74
-110
-130
-150
-126
-101
-103
-69
-66
-66
-63
-62
-66
-59
-29
2
49
80
105
126
123
84
78
106
109
103
113
103
81
81
102
137
140
136
142
178
207
250
285
319
329
310
303
301
302
265
249
212
190
181
160
155
114
90
91
98
70
35
21
-6
-28
-43
-65
-75
-93
-92
-84
-88
-115
-130
-171
-183
-194
-188
-180
-194
-208
-221
-257
-256
-267
-285
-268
-270
-226
-200
-180
-141
-140
-137
-154
-163
-128
-114
-88
-51
-49
-43
-41
-76
-48
-41
-43
-17
-39
-42
-35
-39
-19
6
34
37
16
10
23
11
43
76
146
152
146
147
124
82
61
84
38
24
11
-2
6
18
39
54
38
53
42
31
77
100
131
145
133
122
114
91
102
105
103
90
93
112
110
120
124
99
42
14
-8
-17
-8
11
-2
-33
-41
-48
-70
-40
-16
13
25
50
70
62
11
-37
-34
-54
-69
-55
-22
-35
-52
-51
-60
-63
-96
-99
-87
-89
-72
-57
-52
-72
-69
-63
-40
-58
-63
-60
-75
-47
-29
9
18
43
38
10
6
-25
-42
-51
-57
-30
-7
30
55
65
37
21
32
35
83
94
114
145
149
137
111
89
37
6
-6
2
11
31
41
39
17
1
-27
-45
-38
-54
-33
-41
-44
-51
-36
-33
-11
6
-1
-12
-57
-115
-146
-146
-163
-152
-127
-139
-153
-147
-123
-115
-96
-79
-79
-102
-108
-123
-93
-101
-87
-70
-70
-39
-32
4
9
3
12
34
58
61
63
56
33
45
44
65
87
131
118
137
139
131
139
137
136
123
122
121
146
169
195
208
196
179
147
152
160
167
171
143
129
110
107
93
95
92
70
60
63
107
125
130
123
126
72
14
-1
-21
-31
-44
-48
-74
-98
-95
-98
-104
-97
-84
-93
-120
-128
-137
-153
-135
-120
-121
-111
-129
-127
-156
-168
-200
-191
-184
-204
-220
-232
-235
-280
-289
-268
-252
-216
-196
-200
-177
-195
-201
-193
-179
-149
-143
-158
-163
-157
-166
-174
-148
-127
-128
-106
-83
-58
-30
-3
38
80
87
110
104
120
92
91
113
103
122
167
221
251
296
313
319
318
318
319
337
306
300
317
332
352
361
388
369
377
355
361
369
376
370
364
388
364
349
343
318
311
265
239
206
161
99
91
62
31
7
-30
-64
-100
-94
-101
-110
-128
-150
-205
-244
-271
-301
-326
-317
-331
-356
-383
-415
-444
-432
-403
-437
-436
-442
-461
-505
-504
-487
-484
-448
-433
-397
-396
-396
-404
-429
-426
-426
-394
-341
-328
-285
-253
-242
-231
-213
-167
-146
-73
-43
-18
15
16
38
44
43
59
47
74
100
129
182
239
251
254
254
251
314
324
381
416
391
361
344
311
322
337
361
417
451
472
483
489
492
475
462
491
487
483
489
479
465
472
459
454
430
404
405
384
385
365
348
329
309
271
253
250
202
142
-95
-256
-124
64
362
488
488
212
-155
-970
-2176
-2601
-1966
-171
1551
2441
1947
344
-1165
-2004
-1624
-555
704
1234
561
-769
-2203
-3083
-3150
-2281
-921
614
1762
1851
768
-890
-2154
-2420
-1479
99
1320
1586
772
-602
-1992
-2665
-2355
-1404
-274
596
1029
838
210
-528
-1173
-1209
-688
151
877
1141
824
24
-790
-1169
-892
-119
818
1474
1536
1076
417
-37
-48
418
1133
1642
1794
1450
789
186
-145
-31
354
888
1279
1442
1230
817
442
172
211
551
916
1111
1091
728
232
-229
-455
-344
54
521
818
785
506
120
-141
-200
-20
254
455
484
282
-63
-399
-604
-697
-599
-379
-166
-32
-75
-276
-599
-826
-881
-770
-510
-285
-272
-462
-745
-973
-1002
-968
-792
-605
-492
-475
-589
-807
-975
-939
-700
-397
-270
-266
-411
-601
-649
-607
-520
-330
-105
73
98
57
-60
-235
-261
-128
35
181
240
98
-79
-146
-70
149
309
430
452
428
392
335
254
196
220
258
335
368
378
307
293
323
386
514
570
600
545
437
353
261
208
236
315
391
417
379
307
187
119
130
212
410
582
590
485
309
177
112
127
161
171
204
216
216
194
199
181
161
133
123
69
8
-49
-126
-135
-184
-197
-200
-214
-191
-153
-146
-134
-140
-182
-223
-259
-284
-264
-239
-229
-272
-341
-398
-431
-401
-392
-368
-377
-385
-361
-331
-337
-333
-344
-351
-362
-420
-438
-449
-428
-442
-425
-371
-297
-165
-98
-77
-134
-238
-322
-310
-253
-139
-51
-13
-12
-20
-16
-9
7
47
145
265
402
404
336
254
238
283
337
380
401
389
370
361
378
359
354
321
398
527
617
583
451
298
218
292
349
397
369
359
288
173
63
-3
21
146
303
391
355
173
-81
-233
-239
-105
72
151
96
-78
-303
-461
-527
-452
-324
-181
-45
-22
-115
-260
-391
-458
-456
-370
-253
-183
-175
-276
-397
-463
-433
-365
-235
-94
-17
4
-69
-158
-260
-281
-261
-178
-65
4
47
-22
-118
-187
-123
53
246
366
354
247
68
-36
-57
-13
97
186
194
143
47
-62
-68
46
196
340
404
348
218
133
103
122
183
248
295
218
146
51
3
9
40
101
116
89
57
7
-2
20
64
100
98
92
71
92
70
18
-50
-89
-58
-52
-25
-6
-70
-111
-157
-160
-135
-92
-44
-40
-76
-115
-120
-195
-239
-250
-236
-185
-143
-169
-200
-189
-169
-157
-161
-137
-107
-79
-38
-37
-46
-92
-135
-199
-198
-119
-17
79
130
144
63
15
36
21
66
95
109
105
62
9
-57
-23
62
192
299
357
372
311
218
101
80
61
99
147
118
105
21
-28
-51
-1
107
217
282
247
177
67
-41
-66
-37
84
179
266
235
89
-84
-215
-248
-159
8
114
120
17
-141
-258
-282
-171
-41
106
145
99
-28
-211
-286
-289
-164
-44
54
70
-2
-110
-231
-243
-214
-93
-27
-12
-69
-164
-225
-196
-94
-14
67
79
40
-42
-112
-113
-59
20
86
87
45
-8
-62
-141
-150
-126
-72
1
36
2
-64
-122
-95
-39
45
106
104
48
-7
-50
-60
-45
-18
19
32
44
28
-16
-41
-30
45
146
250
293
237
158
71
20
8
41
68
131
176
213
220
156
116
79
107
130
162
162
145
106
57
30
25
20
46
86
103
140
142
103
45
3
-2
26
81
106
85
51
-7
-53
-102
-122
-96
-39
-12
3
-6
-43
-104
-115
-116
-111
-68
-63
-140
-208
-268
-309
-285
-233
-165
-118
-79
-77
-95
-166
-192
-217
-207
-201
-184
-176
-176
-158
-183
-172
-168
-118
-81
-78
-79
-118
-153
-187
-168
-143
-104
-14
57
115
104
81
8
-41
-49
16
101
181
195
162
116
39
75
135
216
293
367
369
303
213
162
173
199
263
319
318
263
196
147
138
174
255
313
328
314
263
195
127
85
74
68
87
92
68
30
-17
-29
-74
-73
-62
-61
-53
-64
-79
-95
-93
-114
-138
-137
-132
-140
-135
-167
-214
-243
-297
-324
-324
-322
-302
-253
-234
-222
-239
-272
-270
-228
-196
-136
-120
-137
-163
-189
-221
-242
-246
-172
-102
-34
-13
-76
-126
-137
-85
13
134
193
186
149
109
98
114
165
213
206
202
145
67
31
39
91
182
283
319
293
251
187
178
180
196
230
198
180
106
50
-12
-40
6
79
107
115
103
64
19
42
80
87
101
82
57
13
-8
-26
-24
-22
3
10
-5
-34
-79
-99
-86
-38
-14
20
-22
-59
-117
-144
-163
-166
-129
-81
-62
-73
-90
-142
-135
-123
-118
-105
-89
-109
-125
-152
-190
-203
-164
-83
4
55
70
28
-3
-68
-87
-47
-3
25
50
65
48
24
-15
-29
-42
-3
43
78
81
63
14
-30
-39
-22
20
76
85
64
33
-1
-33
-67
-37
17
83
113
122
90
40
10
-9
31
50
104
109
126
78
63
74
88
97
96
101
80
71
70
45
22
-3
9
23
42
79
103
127
117
79
9
-10
-54
-52
-39
-41
-26
-33
-39
-71
-89
-69
-46
-23
-26
-47
-111
-160
-153
-155
-123
-78
-63
-16
-7
-33
-31
-84
-121
-127
-98
-69
-45
-37
-50
-98
-142
-171
-169
-139
-77
5
53
60
31
-22
-45
-48
23
70
78
46
-39
-96
-111
-127
-106
-55
9
79
93
89
50
24
24
72
93
141
142
118
109
79
70
50
70
100
137
172
185
173
133
110
96
113
93
93
101
100
87
60
44
6
11
9
24
29
32
30
5
7
17
32
18
16
6
12
-10
-26
-38
-50
-62
-32
-11
-10
-14
-34
-47
-91
-123
-141
-129
-126
-109
-70
-69
-55
-68
-69
-74
-83
-68
-83
-78
-84
-95
-118
-137
-129
-142
-133
-105
-56
-37
-14
-2
-36
-54
-106
-97
-75
-47
-14
-14
-7
-33
-40
-31
-20
23
54
71
61
50
40
49
69
77
102
106
111
89
52
37
30
67
102
126
170
162
127
128
118
135
141
176
170
149
124
78
69
42
50
47
68
112
117
113
86
24
-35
-57
-86
-67
-44
-31
-44
-55
-81
-97
-83
-82
-76
-77
-51
-74
-79
-112
-108
-125
-113
-119
-132
-146
-156
-151
-149
-113
-100
-62
-74
-79
-98
-120
-104
-86
-66
-33
-13
-39
-55
-77
-66
-48
6
47
72
74
64
39
19
22
30
69
78
96
122
102
81
51
26
11
39
89
117
134
147
135
113
91
85
75
91
83
72
46
-14
-16
-24
-9
27
46
91
95
89
76
56
63
67
67
72
51
25
-7
-35
-61
-47
-28
-16
-12
0
-25
-26
-11
-19
1
9
1
-18
-51
-60
-95
-97
-98
-88
-85
-112
-114
-134
-140
-135
-107
-94
-84
-74
-69
-63
-57
-51
-75
-83
-96
-98
-119
-114
-80
-93
-32
-17
-13
12
12
25
46
56
63
93
90
103
77
61
23
16
19
39
66
97
126
122
146
143
161
152
149
125
117
111
76
83
55
49
42
55
56
58
52
38
16
9
-1
-2
26
2
-11
-35
-61
-67
-69
-51
-56
-67
-85
-106
-136
-142
-136
-138
-116
-136
-118
-105
-107
-62
-45
-66
-77
-90
-115
-112
-97
-62
-35
2
4
8
-50
-76
-105
-93
-34
35
76
106
97
72
33
19
7
7
31
40
78
90
88
95
69
50
68
57
85
86
112
108
113
113
102
80
85
79
70
78
89
94
90
94
90
73
62
56
54
27
27
14
-10
-9
-19
-2
36
47
29
26
0
-26
-33
-31
-30
-34
-38
-22
-69
-67
-95
-93
-92
-90
-40
-41
-18
-46
-80
-97
-107
-86
-83
-66
-57
-55
-54
-78
-87
-108
-119
-98
-86
-77
-83
-94
-106
-109
-86
-67
-29
-3
3
7
2
-17
-52
-75
-80
-38
-22
21
23
15
-3
4
-12
-21
-9
7
22
14
18
0
-7
-25
-18
-7
13
20
49
65
49
64
65
58
64
73
67
46
21
21
12
32
65
84
108
100
123
117
130
133
127
116
98
93
83
80
86
110
149
160
187
179
164
129
108
104
83
88
91
74
70
49
28
5
-27
17
31
78
86
84
32
-30
-60
-107
-118
-102
-89
-86
-72
-104
-127
-160
-163
-167
-128
-92
-100
-105
-134
-185
-229
-231
-240
-228
-207
-196
-188
-185
-185
-206
-204
-229
-194
-185
-147
-115
-101
-94
-98
-98
-95
-77
-73
-58
-84
-76
-82
-61
-37
-12
30
47
96
88
84
63
37
59
72
106
146
177
201
189
181
189
175
172
180
196
226
254
275
270
242
219
198
182
176
185
183
186
187
172
176
189
217
215
187
139
96
61
19
14
-3
6
16
13
12
5
-19
-30
-48
-53
-29
-60
-55
-79
-108
-142
-171
-168
-184
-160
-162
-148
-154
-148
-168
-184
-204
-200
-188
-181
-174
-184
-204
-219
-219
-206
-175
-141
-123
-109
-109
-134
-143
-172
-154
-145
-99
-82
-60
-34
-33
-44
-33
-4
7
46
36
46
46
32
38
33
31
40
54
49
57
66
71
89
88
124
119
120
153
147
157
139
127
105
91
93
76
77
75
66
51
53
71
89
94
116
147
149
142
133
122
121
95
104
91
65
50
39
50
58
92
90
90
106
65
79
41
51
46
29
46
35
29
18
32
-18
-25
-32
-37
-38
-59
-35
-53
-62
-78
-93
-105
-111
-98
-115
-124
-119
-142
-143
-150
-163
-161
-146
-140
-132
-124
-146
-131
-147
-137
-151
-148
-141
-129
-118
-115
-97
-110
-108
-123
-115
-104
-78
-45
-20
-29
-44
-77
-115
-130
-107
-56
-15
42
65
64
69
68
56
44
65
87
99
116
122
96
97
107
107
109
117
120
134
153
169
209
183
167
156
133
116
109
124
99
120
138
130
126
120
90
71
55
64
75
63
50
59
46
56
48
43
20
11
23
0
9
-5
1
-14
-20
-23
-32
-65
-73
-78
-81
-71
-64
-61
-60
-65
-82
-92
-116
-110
-110
-112
-119
-99
-115
-125
-122
-141
-146
-140
-132
-115
-89
-90
-78
-109
-126
-141
-110
-80
-58
-44
-19
-21
-17
-4
-7
-3
0
0
-13
-9
-18
3
19
30
64
84
83
84
79
63
62
80
79
78
103
98
96
79
92
95
104
110
113
116
103
101
100
95
91
95
90
73
65
51
52
59
63
52
45
31
22
-5
-18
-29
-36
-34
-48
-41
-50
-77
-100
-95
-104
-91
-77
-80
-104
-120
-127
-133
-125
-107
-100
-84
-82
-90
-104
-124
-124
-109
-122
-96
-95
-92
-88
-67
-67
-68
-34
-18
46
71
84
67
12
117
106
21
132
204
57
26
140
55
-17
118
189
88
171
237
120
125
130
80
87
108
86
104
116
82
97
91
66
79
74
78
80
69
54
23
29
-1
-8
-1
-20
-42
-56
-90
-113
-111
-113
-116
-119
-126
-125
-116
-121
-117
-96
-81
-72
-65
-101
-117
-160
-161
-178
-164
-167
-160
-144
-138
-121
-112
-72
-56
-33
-30
-28
-44
-97
-113
-123
-111
-103
-59
-18
1
39
43
37
16
16
13
27
38
77
99
99
112
110
126
130
123
118
115
128
111
105
122
113
149
170
161
170
161
152
136
146
160
176
197
222
215
212
179
163
100
74
58
67
48
19
39
-1
-27
-9
8
-21
17
53
46
20
30
-14
-70
-76
-95
-111
-139
-131
-172
-180
-169
-162
-154
-169
-151
-171
-169
-149
-166
-162
-137
-144
-139
-135
-129
-145
-137
-149
-175
-162
-141
-135
-144
-142
-148
-143
-127
-120
-74
-63
-32
-4
-8
-20
-50
-27
-33
-36
-1
23
51
29
25
19
6
14
36
67
78
113
113
102
77
84
59
90
131
143
168
157
152
131
99
91
115
124
158
155
131
115
92
62
82
97
111
144
154
149
130
86
46
33
6
-1
30
51
61
74
78
89
87
95
59
72
67
53
60
40
33
-4
-18
-54
-58
-62
-37
-9
8
21
28
7
-37
-48
-77
-94
-91
-87
-93
-80
-74
-86
-105
-124
-112
-130
-128
-110
-99
-109
-106
-109
-101
-103
-116
-110
-137
-152
-180
-167
-178
-161
-129
-115
-87
-115
-103
-101
-112
-101
-76
-60
-54
-22
-22
-24
-40
-33
-60
-48
-52
-61
-55
-47
-19
-3
24
46
79
96
125
126
132
133
133
118
105
121
130
136
149
155
145
140
140
146
160
180
216
226
224
213
181
149
111
106
106
92
103
147
160
157
147
139
80
43
20
-28
-45
-45
-22
-23
-28
4
-6
-26
-46
-66
-81
-111
-104
-94
-118
-129
-127
-148
-165
-180
-169
-152
-127
-124
-105
-94
-110
-116
-136
-140
-160
-179
-157
-173
-162
-152
-129
-125
-112
-81
-62
-53
-44
-37
-57
-46
-64
-55
-42
-26
-2
8
33
48
49
59
73
86
89
93
92
90
99
121
131
132
136
122
127
132
133
159
164
163
152
147
122
117
129
122
150
150
152
125
87
57
18
28
19
35
51
48
47
27
2
-7
-22
-41
-44
-44
-70
-77
-107
-124
-128
-132
-124
-115
-114
-122
-114
-115
-132
-138
-141
-140
-140
-139
-127
-133
-135
-136
-105
-99
-77
-64
-86
-60
-46
-66
-43
-41
-33
-31
-22
-23
-33
-49
-58
-50
-43
-24
-1
23
60
101
111
114
115
99
83
78
58
69
86
77
78
78
73
65
81
104
122
160
186
181
161
110
104
95
76
79
89
82
88
84
75
55
49
49
48
49
63
39
27
20
27
26
7
11
-19
-28
-53
-64
-74
-74
-82
-73
-56
-48
-34
-57
-78
-102
-100
-82
-79
-54
-44
-37
-30
-36
-68
-96
-96
-104
-99
-58
-51
-42
-19
-38
-4
-32
-46
-59
-84
-73
-80
-75
-65
-47
-27
3
2
0
-20
-27
-47
-48
-20
-14
1
4
16
6
-8
-11
-26
-7
21
33
38
23
14
6
18
4
1
0
8
1
7
1
7
14
19
43
47
61
40
29
6
16
12
29
41
59
60
75
77
46
19
-3
5
11
14
33
54
55
53
56
58
34
36
43
54
63
71
65
70
44
49
39
37
26
11
-2
-45
-27
-50
-39
-33
-19
-2
-4
-5
2
-10
-9
-8
-33
-22
-15
-9
-11
-30
-37
-54
-74
-91
-83
-60
-50
-28
3
24
32
21
12
-5
-36
-50
-26
-17
-32
-13
-18
-25
-22
-25
-10
-9
1
8
18
34
31
30
19
7
-7
-22
-35
-42
-31
-22
-5
20
24
41
29
22
29
23
25
35
18
26
21
30
26
20
21
11
-10
-22
-9
-21
2
12
36
34
59
39
21
9
1
-7
-22
-12
11
13
-10
-8
-32
-55
-64
-55
-33
-36
-11
3
-14
1
-14
-26
-38
-38
-54
-74
-80
-95
-85
-104
-85
-86
-73
-44
-41
-32
-30
-20
-37
-49
-56
-48
-70
-42
-28
-28
-30
-34
-11
-13
2
27
40
59
63
75
53
42
45
50
55
65
70
91
106
124
126
117
109
98
87
76
75
85
104
104
106
117
100
82
68
61
53
41
50
48
43
43
52
72
75
38
21
-4
-43
-53
-63
-18
-18
-36
-4
-17
-43
-23
-42
-49
-45
-33
-41
-44
-50
-38
-28
-37
-48
-51
-82
-85
-86
-81
-61
-50
-43
-51
-61
-87
-88
-81
-102
-93
-58
-73
-65
-59
-66
-70
-39
-53
-57
-65
-54
-61
-59
-29
-19
10
4
17
-3
-37
-47
-61
-92
-41
-14
21
45
65
70
35
27
12
43
51
65
83
97
55
43
21
14
-4
27
30
39
36
40
50
39
60
57
76
80
86
77
76
56
32
15
-2
-7
4
-11
23
45
57
65
62
50
39
24
4
10
24
42
50
53
50
45
3
-23
-29
-43
-33
-26
13
35
36
48
37
3
-17
-4
-1
5
24
37
30
1
-25
-55
-77
-68
-66
-62
-43
-28
-35
-30
-29
-35
-48
-43
-60
-78
-68
-79
-92
-101
-102
-106
-72
-65
-64
-63
-59
-71
-82
-69
-52
-51
-38
-24
-32
-35
-42
-53
-63
-41
-58
-61
-44
-28
-9
-3
41
39
47
43
29
42
33
41
50
68
60
71
56
49
50
39
66
59
80
93
105
143
145
162
138
116
97
77
72
48
72
71
75
98
111
115
108
92
80
65
62
50
49
65
36
44
41
10
8
-16
-18
-28
-34
-25
-23
-38
-52
-55
-63
-85
-70
-89
-95
-95
-104
-97
-109
-95
-96
-85
-84
-92
-96
-115
-138
-121
-145
-128
-113
-127
-111
-122
-98
-98
-77
-73
-77
-72
-77
-74
-73
-70
-72
-46
-30
-10
-15
0
-1
-21
-5
-19
5
12
30
54
58
66
68
72
90
100
111
140
134
130
133
118
92
75
71
67
63
73
110
115
125
136
138
121
111
84
66
66
66
71
74
65
43
41
9
-10
-15
-12
4
22
47
46
46
11
-16
-46
-65
-72
-63
-60
-79
-69
-75
-72
-79
-79
-81
-78
-76
-62
-64
-68
-60
-81
-72
-71
-58
-56
-53
-50
-56
-58
-72
-86
-93
-87
-68
-51
-17
-9
-13
-10
-12
-16
-17
-2
-12
5
18
18
39
34
47
36
37
24
21
37
66
77
99
88
79
63
37
37
14
58
63
93
105
104
88
58
33
16
14
20
28
43
50
37
40
13
13
15
15
30
26
24
-7
-18
-40
-57
-49
-43
-30
-28
-10
-15
-27
-40
-61
-57
-67
-49
-37
-21
-26
-38
-52
-68
-104
-93
-91
-94
-67
-78
-58
-60
-77
-66
-56
-53
-51
-38
-41
-44
-46
-42
-45
-61
-58
-62
-44
-45
-8
-8
8
38
40
32
40
56
50
49
52
47
44
50
29
55
70
80
102
111
110
124
131
119
108
88
79
64
45
28
40
49
75
90
80
83
63
54
20
29
16
8
6
11
-7
0
9
9
-18
5
8
-9
-25
-46
-53
-58
-59
-39
4
3
-5
-9
-24
-68
-83
-82
-83
-84
-60
-50
-64
-60
-44
-52
-35
-20
-20
-7
-3
-14
-20
-34
-28
-33
-18
-29
-28
-37
-51
-37
-45
-23
-9
1
12
16
15
12
11
3
26
12
0
-8
-15
-11
-14
0
-12
-3
-8
-24
-16
-8
-10
13
55
58
53
54
25
12
-3
-8
3
-3
18
39
47
62
56
48
38
24
1
7
-5
-4
19
46
52
56
78
45
32
13
9
-21
-34
-33
-35
-1
8
18
24
24
12
3
-20
-40
-64
-79
-68
-59
-56
-49
-52
-65
-60
-51
-22
-42
-13
-12
-28
-41
-51
-54
-58
-46
-56
-28
-38
-20
-33
-20
-25
-14
11
-11
-2
-17
-9
-11
0
14
24
52
46
52
59
32
45
46
39
38
44
67
71
79
95
90
87
87
91
70
73
75
71
83
81
102
83
73
42
28
9
-6
-1
9
24
13
38
29
35
30
24
16
6
-6
-16
-18
-30
-30
-25
-21
-50
-64
-63
-93
-79
-69
-65
-47
-52
-51
-54
-70
-69
-68
-56
-46
-30
-38
-44
-19
-68
-79
-91
-101
-117
-97
-56
-42
-2
13
31
5
6
-40
-39
-53
-59
-32
-30
-18
-23
0
-8
-15
-14
1
-15
-4
3
3
8
-7
-13
-32
-24
-39
2
2
32
40
34
43
24
35
40
39
52
68
62
67
49
44
38
32
51
52
61
84
90
103
93
69
65
50
41
24
26
10
32
19
22
31
2
12
7
1
-1
3
11
14
33
38
11
12
-10
-18
-11
-35
-20
-22
-4
-16
-9
-16
-34
-47
-65
-55
-40
-20
-27
-9
6
-21
-9
-15
3
-10
-21
-24
-53
-49
-54
-56
-54
-36
-10
-13
-11
-13
-17
-22
-38
-30
-16
9
20
31
33
16
13
-11
-16
-27
-24
-14
5
28
44
32
36
23
-4
16
3
10
5
6
6
5
0
-3
-5
-9
-18
4
25
20
40
52
56
44
29
9
-22
-42
-38
-37
-17
1
0
10
20
19
25
1
14
6
9
20
-6
-6
-13
-13
-23
-15
-24
-34
-24
-37
-16
-25
-8
7
13
34
38
23
22
2
-9
-28
-42
-36
-34
-20
-39
-25
-40
-29
-8
0
27
33
26
4
-8
-20
-27
-40
-48
-43
-29
-27
-47
-46
-46
-28
3
32
59
58
46
22
-7
-10
-8
3
13
32
62
56
46
45
39
52
42
30
37
5
1
4
-9
6
22
36
45
50
44
41
10
7
-5
-7
5
14
2
4
9
10
2
1
0
-14
8
10
8
7
14
-3
13
16
20
13
-2
-6
-12
-15
-16
-22
-24
-28
-20
-29
-22
-27
-17
-21
-31
-17
-26
-7
11
0
-9
-22
-44
-61
-60
-82
-60
-54
-50
-44
-34
-33
-27
-25
-10
1
-6
-4
-11
-37
-50
-48
-47
-42
-31
-28
-15
3
14
13
17
34
29
34
41
40
41
51
49
35
30
19
18
9
34
52
71
81
98
85
63
75
43
34
22
10
13
3
-6
-10
-6
15
24
32
42
64
68
77
74
47
29
-3
-34
-56
-45
-49
-36
-3
7
11
-4
1
-13
-18
-5
2
-8
-3
5
-44
-42
-71
-79
-57
-59
-38
-5
16
27
39
34
20
-19
-39
-68
-75
-80
-89
-65
-63
-34
-31
-34
-36
-20
-44
-36
-25
-32
-21
-12
5
-13
-10
-15
-30
-59
-61
-66
-45
-16
22
34
22
32
1
-7
-24
-20
-7
8
7
22
5
0
0
-3
-18
-12
4
-3
11
19
35
27
35
38
22
26
46
51
69
52
66
63
38
28
29
11
-2
7
0
14
32
79
77
92
79
72
56
41
58
44
59
62
61
62
52
29
36
17
31
34
57
55
42
43
47
50
38
44
32
11
-1
-7
-14
-17
-29
-30
-36
-39
-38
-33
-28
-26
-23
-43
-55
-76
-90
-102
-95
-95
-87
-99
-89
-77
-79
-68
-61
-65
-74
-75
-102
-116
-145
-150
-134
-118
-80
-73
-69
-90
-96
-107
-84
-79
-50
-7
9
26
27
0
-34
-61
-70
-59
-33
18
54
103
112
120
115
96
77
85
82
74
112
120
109
101
92
84
65
58
67
65
75
106
94
101
114
110
98
74
75
58
35
37
36
25
22
34
26
29
20
5
3
-12
-10
10
28
41
56
39
3
-3
-35
-64
-77
-69
-46
-41
-23
-8
0
-13
-12
-15
-28
-42
-43
-52
-62
-50
-59
-68
-77
-104
-126
-118
-86
-79
-31
-12
-8
3
-18
-47
-71
-78
-86
-75
-59
-33
-32
-41
-40
-48
-45
-32
-6
15
34
43
47
45
44
38
19
10
20
13
19
21
34
37
54
66
68
73
73
59
56
67
67
88
93
88
71
53
52
23
16
7
18
36
25
53
48
31
24
11
-8
-11
-8
-14
-35
-67
-56
-80
-95
-83
-87
-71
-65
-58
-71
-74
-83
-80
-68
-55
-52
-48
-63
-82
-90
-82
-77
-64
-44
-37
-18
-3
-2
-6
4
-19
-3
-4
1
32
26
37
60
70
51
59
59
51
56
61
72
75
61
58
65
53
61
68
64
46
45
43
48
55
41
70
58
61
44
46
34
57
51
40
44
16
22
7
-6
6
12
3
13
6
5
3
-14
-20
-24
-27
-12
-23
1
-8
4
-6
-30
-61
-64
-57
-58
-38
-37
-38
-30
-53
-75
-72
-85
-71
-86
-72
-69
-64
-61
-71
-85
-75
-83
-61
-44
-52
-40
-56
-42
-62
-55
-61
-62
-69
-46
-20
-27
-2
-2
17
5
11
24
20
19
39
62
42
40
25
26
7
23
47
62
89
116
126
109
119
91
85
85
82
75
58
56
57
48
56
56
70
59
71
71
63
64
38
43
34
39
49
31
27
7
-6
-5
-17
-1
4
18
7
-10
-36
-59
-52
-53
-35
-25
-7
-4
-1
-24
-14
-54
-74
-81
-104
-101
-96
-80
-60
-50
-48
-69
-88
-102
-94
-89
-81
-51
-61
-80
-82
-92
-108
-107
-100
-59
-43
-16
4
9
12
-20
-15
-38
-36
-30
-13
4
13
29
29
43
48
72
77
86
82
67
55
47
55
60
71
94
112
108
98
92
76
66
68
87
90
80
69
54
47
49
57
72
84
97
100
81
69
24
8
14
6
3
-3
3
-20
-21
-43
-55
-45
-50
-38
-24
-35
-44
-74
-102
-120
-116
-91
-70
-60
-78
-82
-112
-117
-125
-128
-99
-71
-60
-50
-49
-50
-63
-50
-38
-13
-3
-2
0
-8
-27
-16
-13
1
45
50
77
72
73
32
11
30
21
39
73
90
87
92
78
65
50
31
32
23
14
10
7
7
27
30
35
30
38
27
22
23
0
18
-10
-21
-25
-46
-48
-46
-34
-18
-3
-9
-20
-31
-28
-34
-19
-17
-21
-31
-26
-20
-15
-21
-24
3
9
22
25
7
-17
-26
-24
-24
-26
2
22
32
42
44
31
18
12
28
41
37
66
56
61
62
47
36
24
19
11
33
38
63
86
85
86
64
32
-15
-36
-31
-34
-24
18
17
15
14
-17
-40
-69
-59
-75
-63
-49
-44
-37
-49
-62
-89
-108
-116
-120
-119
-114
-97
-79
-82
-83
-100
-92
-93
-89
-74
-47
-40
-39
-27
-54
-48
-55
-31
18
23
26
18
3
-18
-21
-9
18
37
61
88
63
83
53
66
71
110
120
133
131
106
91
73
70
50
53
64
76
80
93
74
71
52
44
45
46
63
66
76
66
67
58
37
15
22
7
12
-4
-16
-20
-29
-29
-22
-10
-25
-10
-6
-19
-34
-40
-49
-53
-43
-48
-34
-53
-57
-64
-71
-66
-83
-63
-48
-44
-27
-3
-1
-6
2
-3
-25
-41
-25
-26
-34
7
24
34
32
23
12
-15
-19
-32
-11
-13
-11
0
-16
-13
-14
-1
-30
-7
-4
-24
-13
-33
-29
-41
-55
-52
-52
-52
-67
-61
-58
-48
-31
-24
-22
-25
-42
-37
-27
-39
-28
-34
-30
-36
-26
-24
-10
-14
-6
18
37
48
47
29
27
21
21
31
43
62
73
86
91
103
90
97
86
62
72
95
89
116
122
123
117
95
78
56
61
66
69
76
81
69
43
45
24
22
13
13
3
-8
-7
-30
-13
-6
-13
-14
-34
-42
-71
-71
-73
-80
-60
-36
-30
-48
-42
-77
-98
-96
-105
-104
-92
-84
-82
-84
-85
-91
-97
-110
-105
-108
-117
-111
-103
-115
-104
-82
-46
-55
-45
-45
-48
-55
-46
-34
-28
-3
6
25
11
14
-16
-5
-2
9
26
28
55
47
47
48
46
50
51
77
99
135
141
148
128
117
99
107
112
118
158
149
147
144
138
154
147
151
148
137
121
91
90
74
78
75
78
77
60
40
-3
-30
-56
-70
-51
-40
-38
-25
-43
-50
-70
-77
-104
-128
-122
-142
-131
-145
-142
-154
-157
-155
-160
-148
-146
-137
-126
-122
-110
-98
-106
-118
-109
-112
-127
-114
-104
-95
-70
-45
-32
-15
-11
2
-2
1
0
-5
-8
-3
16
30
62
72
68
71
73
75
77
86
93
85
83
86
78
79
59
73
90
74
91
84
77
72
68
74
78
69
78
84
86
76
68
50
38
19
11
11
-2
7
24
23
26
5
1
-32
-52
-47
-54
-44
-43
-19
-30
-22
-16
-23
-28
-50
-61
-56
-56
-56
-64
-71
-61
-75
-95
-84
-79
-43
-44
-13
6
2
-6
-25
-11
-35
-14
-21
7
18
9
50
52
63
64
75
55
48
44
29
26
29
45
62
83
87
86
97
95
88
58
44
37
5
-1
7
15
14
17
8
-7
-2
-7
-5
-5
-23
-17
-29
-35
-48
-57
-63
-82
-78
-83
-84
-71
-82
-84
-83
-79
-73
-79
-68
-69
-74
-71
-67
-69
-63
-67
-56
-51
-60
-60
-54
-50
-47
-30
-13
-7
14
16
5
27
26
33
40
45
56
60
57
71
54
54
47
34
53
31
48
48
56
54
56
64
50
47
44
47
36
40
31
31
15
21
31
37
42
44
35
25
-3
-21
0
-4
25
36
57
71
40
31
8
-13
-21
-13
-5
18
34
32
21
22
4
0
12
1
5
-5
3
0
11
22
21
12
19
8
-2
-19
-30
-42
-49
-44
-45
-50
-42
-28
-21
-14
-14
-1
-27
-38
-47
-57
-83
-80
-94
-92
-75
-65
-53
-48
-35
-31
-21
-5
3
0
-5
-1
-14
-7
-17
-11
-17
-22
-23
-35
-32
-24
-21
-9
10
15
17
-5
-1
-12
-11
4
22
23
23
8
-18
-20
-26
-2
19
41
50
62
61
34
34
38
35
51
51
73
68
59
44
25
24
34
51
59
62
64
61
51
45
29
14
13
0
-6
10
8
18
6
6
22
21
19
5
-6
-14
-14
-12
-11
-17
-10
-16
-26
-47
-64
-55
-48
-66
-59
-63
-60
-68
-70
-74
-71
-70
-71
-67
-73
-53
-57
-48
-47
-65
-51
-51
-50
-28
-39
-25
-27
-24
-8
-5
5
-2
-3
0
17
19
32
34
32
28
47
68
77
86
102
106
72
76
62
61
57
68
84
64
70
51
52
58
48
52
63
62
70
67
77
70
51
42
17
8
-1
7
-14
13
8
14
14
13
14
11
10
10
4
-19
-22
-37
-40
-41
-31
-35
-41
-39
-48
-60
-64
-69
-61
-63
-44
-50
-52
-48
-58
-63
-76
-96
-92
-81
-87
-81
-67
-77
-78
-75
-91
-83
-78
-68
-56
-22
-2
8
20
14
-4
-15
-24
-26
-10
5
16
31
33
36
41
45
33
37
39
60
74
82
101
102
103
85
85
70
68
67
52
64
52
53
42
30
31
47
42
50
44
34
21
20
2
-6
-20
-24
-18
-38
-38
-35
-47
-41
-32
-26
-3
-8
-7
-22
-21
-36
-63
-70
-76
-70
-68
-62
-67
-47
-59
-51
-38
-42
-39
-36
-14
-31
-16
-14
-20
-15
-18
-19
-9
2
-6
8
21
36
57
82
78
79
82
66
69
70
81
82
67
55
38
33
39
41
82
92
101
104
88
69
63
39
39
50
40
42
26
4
-4
-18
-29
-33
-37
-50
-45
-43
-32
-39
-28
-30
-59
-65
-87
-110
-137
-134
-134
-118
-109
-91
-83
-76
-80
-71
-88
-81
-84
-84
-58
-67
-50
-66
-61
-80
-73
-62
-40
-24
-9
22
24
38
29
23
15
10
16
36
53
56
66
68
77
81
68
83
84
96
86
84
73
53
46
54
54
75
79
73
75
52
44
42
34
36
46
55
53
61
51
52
41
27
37
26
23
-4
-8
-37
-28
-42
-28
1
-3
28
32
41
20
3
-11
-20
-36
-37
-48
-39
-40
-55
-46
-50
-33
-35
-20
-14
-3
-17
-24
-35
-43
-54
-46
-49
-48
-35
-39
-19
-10
-15
-28
-32
-35
-9
8
9
8
-11
-32
-49
-62
-54
-54
-38
-10
-18
-3
-5
-26
-34
-37
-35
-38
-38
-21
-29
-25
-16
-10
-21
-22
-28
-8
-14
-11
-1
-17
7
-7
15
18
22
12
-6
-8
-9
2
3
29
38
44
38
42
44
28
39
27
27
37
26
31
28
33
32
41
51
63
56
76
79
59
55
41
17
22
31
33
32
33
24
28
38
38
56
67
81
77
57
49
33
19
10
4
-9
-5
-20
-18
-23
-16
-4
16
30
36
30
24
14
-4
-22
-45
-33
-30
-33
-44
-52
-50
-72
-78
-63
-61
-65
-58
-50
-49
-56
-54
-44
-38
-26
-9
-18
-22
-24
-54
-69
-68
-60
-42
-33
-15
-11
-8
-12
-28
-26
-37
-26
-17
-17
-10
-12
-18
-12
-32
-43
-35
-59
-51
-32
-8
13
29
18
20
10
-2
-10
-28
-7
-10
7
9
12
21
20
34
34
22
16
13
7
7
12
32
27
40
36
36
48
36
44
49
39
33
22
21
30
21
22
26
23
27
30
22
20
42
35
38
48
43
25
15
4
-7
-4
1
17
23
17
36
47
47
59
50
50
39
18
-2
-6
-21
-11
-9
5
39
38
47
55
47
34
35
20
31
25
12
15
10
9
11
13
6
4
0
-24
-18
-18
-27
-33
-39
-48
-53
-66
-69
-85
-78
-72
-72
-48
-82
-83
-89
-108
-114
-114
-95
-104
-90
-100
-110
-108
-109
-83
-68
-64
-76
-87
-108
-103
-104
-88
-53
-37
-26
-18
-19
-41
-29
-37
-23
8
36
57
64
72
71
68
76
73
93
113
114
136
147
135
126
107
108
112
143
136
120
167
136
109
120
97
95
95
113
119
109
102
94
81
56
64
32
30
19
3
2
-13
-19
-21
-24
-8
-24
-18
-23
-24
-46
-52
-74
-79
-105
-123
-114
-129
-102
-97
-87
-71
-68
-70
-69
-78
-89
-93
-77
-70
-88
-66
-69
-96
-92
-100
-79
-91
-69
-50
-33
6
-1
25
24
6
4
-7
-7
-9
-2
16
12
24
18
21
14
12
16
33
37
51
64
53
67
64
72
62
51
33
18
14
29
36
38
49
44
50
28
20
22
14
47
10
33
53
9
-2
11
-12
-21
-29
-24
-7
-13
16
9
-11
-24
-43
-58
-64
-56
-44
-29
-15
-38
-35
-47
-72
-71
-65
-52
-49
-20
-5
-9
-2
8
-5
-5
5
18
30
40
60
68
57
45
52
47
37
35
50
34
41
61
74
83
74
87
52
83
57
86
97
83
92
52
28
21
26
9
10
28
22
11
-1
-34
-30
-29
-35
-22
-12
-18
-32
-40
-46
-55
-80
-56
-50
-68
-62
-71
-81
-102
-88
-76
-75
-68
-77
-72
-79
-88
-87
-102
-99
-83
-78
-69
-65
-65
-82
-79
-84
-75
-69
-51
-40
-29
5
14
34
18
20
24
-1
9
31
27
34
53
46
52
59
67
64
67
89
83
89
80
93
87
92
85
80
82
52
52
42
44
50
62
77
100
90
88
63
44
33
12
14
11
14
6
4
2
-10
8
1
-5
-12
-11
-2
-6
-4
-4
-1
-6
-11
-27
-18
-32
-11
-8
-18
-7
-17
-14
-37
-36
-50
-39
-27
-5
2
6
12
9
13
-6
-3
-30
-27
-42
-40
-37
-42
-35
-37
-38
-31
-26
-32
-13
-13
-3
11
12
6
-12
-32
-52
-56
-60
-62
-52
-44
-30
-41
-39
-45
-52
-52
-28
-26
-27
-23
-24
-34
-47
-47
-41
-32
-33
-17
6
5
15
8
9
5
7
33
35
50
60
54
38
37
31
38
42
46
58
77
71
59
67
53
57
53
65
61
53
48
32
19
8
21
25
40
36
54
63
61
46
38
34
18
5
14
0
-5
-15
-22
-36
-31
-42
-30
-18
-23
-10
1
-1
-11
-7
-22
-21
-37
-50
-63
-76
-86
-77
-75
-57
-44
-52
-40
-48
-45
-45
-37
-45
-41
-15
-11
-17
-20
-29
-34
-40
-19
-8
7
11
26
28
17
36
19
39
27
26
17
10
13
10
23
37
47
55
50
52
42
35
15
28
31
16
38
43
32
7
13
1
13
26
41
33
28
18
16
6
6
1
-6
-10
-16
-16
-24
-16
-14
-6
3
5
26
8
11
13
11
5
2
-1
-31
-43
-46
-62
-68
-59
-51
-24
-13
-1
3
17
-1
10
7
-8
-5
-22
-24
-23
-11
-7
13
-3
-10
-31
-29
-33
-20
-4
5
31
24
32
27
2
-17
-29
-31
-25
-21
-19
-21
-7
-2
-4
4
-9
2
-5
-10
5
-5
4
12
17
7
0
-13
-19
-24
-40
-29
-33
-14
-9
-3
4
17
16
16
20
8
28
16
27
32
37
20
5
8
-18
-24
-10
-1
7
22
21
21
32
27
28
30
31
25
23
14
0
-11
-16
-7
-6
12
16
27
27
19
18
13
18
7
21
21
30
21
18
-8
-18
-29
-39
-34
-21
-13
-4
15
15
10
7
-1
14
-3
9
9
20
23
13
30
7
21
5
21
16
25
28
23
10
-8
-10
-18
-24
-28
-6
-4
0
18
22
34
32
39
31
0
-20
-42
-63
-56
-47
-27
-20
5
8
8
7
-18
-22
-33
-20
-29
-35
-33
-17
-20
-23
-29
-56
-65
-74
-86
-73
-54
-53
-33
-14
-25
-24
-23
-34
-37
-46
-44
-49
-48
-43
-41
-34
-40
-20
-16
-22
-21
-22
-36
-29
-2
17
34
45
60
43
36
15
-8
-16
-29
-13
20
29
41
62
59
47
53
57
58
76
91
103
92
97
87
64
82
69
68
69
71
57
59
84
80
97
94
104
100
85
72
46
32
41
41
41
45
55
46
32
23
15
0
1
-9
-17
-11
-21
-30
-32
-42
-45
-60
-84
-81
-105
-91
-94
-73
-64
-64
-77
-92
-100
-121
-126
-138
-110
-110
-77
-72
-67
-72
-87
-89
-127
-110
-132
-111
-93
-69
-49
-19
-18
-29
-40
-66
-79
-83
-59
-42
-12
33
52
71
87
76
74
49
46
32
27
24
20
25
32
25
52
49
54
58
72
90
90
118
110
115
100
87
72
35
21
-1
0
11
36
58
76
99
93
82
66
33
25
4
-1
1
7
25
32
28
34
26
-5
-13
-23
-31
-15
-1
5
11
0
-9
-10
-29
-40
-34
-31
-26
-21
-16
-12
-8
-7
-12
-21
-35
-40
-43
-40
-43
-17
4
3
19
33
33
22
-6
-9
-29
-36
-23
-30
-16
-8
-11
-12
-14
-19
-31
-30
-36
-35
-36
-32
-21
-22
-8
-7
-12
-1
-29
-33
-36
-51
-47
-26
-5
1
9
15
-13
-32
-28
-34
-32
-20
4
6
-1
6
-5
-20
-33
-34
-29
-30
-22
-7
12
17
15
25
10
1
1
8
11
17
7
9
1
3
7
12
8
12
17
22
31
38
45
31
43
23
20
13
9
16
18
20
33
63
64
71
66
63
42
23
21
10
22
25
31
49
60
64
54
59
56
47
32
45
28
12
20
4
-15
2
-3
-6
-6
-8
-5
2
17
5
10
23
12
-3
-6
-35
-47
-77
-87
-87
-91
-75
-59
-37
-54
-35
-30
-43
-56
-56
-61
-61
-76
-83
-71
-78
-86
-75
-71
-88
-68
-59
-56
-51
-23
-1
-3
5
5
-10
-18
-26
-13
-8
-5
-7
-2
-10
-13
-21
-13
15
22
43
46
65
63
66
70
74
59
31
32
11
14
17
32
40
42
43
69
65
59
53
36
34
10
27
7
29
46
32
40
40
29
8
16
23
45
39
40
68
46
50
45
32
22
9
4
17
1
13
30
22
17
5
-22
-26
-39
-46
-47
-50
-34
-28
-15
1
5
7
-1
-10
-1
-23
-34
-43
-50
-51
-46
-38
-36
-23
-17
-18
-9
-6
-22
-21
-17
-12
1
6
6
-5
-30
-49
-67
-78
-58
-41
-15
7
12
12
0
-11
-30
-50
-59
-59
-63
-58
-58
-37
-41
-35
-26
-22
-19
-12
-7
-10
4
10
0
-4
-6
-6
-17
-7
7
25
24
55
58
52
62
56
56
51
52
42
32
21
20
35
39
60
72
89
86
72
78
51
40
36
24
27
35
34
39
38
35
32
13
10
1
-6
-9
-1
6
15
0
3
-12
-18
-20
-39
-29
-37
-28
-38
-39
-40
-58
-61
-58
-50
-43
-25
-38
-20
-28
-27
-33
-46
-43
-61
-61
-66
-71
-56
-56
-37
-12
0
11
19
13
2
1
5
18
6
37
36
35
37
33
24
21
24
13
25
19
35
43
52
42
47
33
22
48
37
46
48
47
33
25
14
1
-14
-29
-42
-41
-40
-33
-23
-17
-6
2
9
6
5
-8
-15
-36
-58
-68
-71
-80
-73
-54
-51
-54
-45
-39
-34
-36
-18
-7
1
16
19
26
23
17
-15
-12
-25
-35
-35
-30
-18
-3
22
36
55
59
62
63
62
50
27
29
14
23
40
44
54
52
54
62
64
64
74
66
84
70
73
60
52
46
49
46
55
47
40
22
4
9
-18
-16
-19
-6
-8
-6
-9
-1
-28
-33
-42
-46
-52
-54
-63
-74
-96
-111
-118
-123
-103
-75
-47
-17
-18
-18
-21
-46
-52
-63
-69
-87
-77
-96
-96
-110
-90
-90
-71
-48
-40
-31
-30
-9
-2
4
7
