0
0
-1
0
0
0
0
-1
0
0
0
0
0
0
0
0
0
0
0
0
0
0
-1
0
0
0
0
0
0
0
0
0
1
0
-1
0
0
0
0
0
0
0
0
0
0
0
0
0
0
0
0
0
0
0
-1
0
0
0
0
0
0
0
0
0
0
0
0
0
1
0
0
0
0
0
0
0
1
0
0
0
1
1
0
0
0
-1
1
1
0
0
0
0
0
0
0
1
0
0
0
1
0
0
0
0
0
-1
0
0
0
0
0
0
0
0
0
0
-1
-1
-1
0
0
0
0
-1
0
0
0
0
0
0
0
0
0
1
0
1
0
0
0
0
0
0
1
-1
0
1
-1
0
0
0
0
0
0
0
-1
0
0
0
-1
0
-1
0
0
0
0
0
-1
0
0
0
0
0
0
-1
0
0
0
0
0
0
0
0
-1
-1
0
0
0
0
0
1
0
0
0
0
0
-1
0
0
0
0
0
0
0
0
0
1
0
1
0
0
1
-1
1
0
0
0
-1
-1
0
0
0
-1
0
-1
0
0
0
-1
0
0
0
0
1
0
0
0
0
0
0
1
0
1
0
0
0
0
0
0
1
0
0
0
1
1
0
0
0
0
0
0
0
0
-1
1
0
0
0
0
0
0
0
1
0
0
-1
0
0
0
-1
-1
0
0
1
0
-1
0
0
0
0
0
0
-1
-1
0
0
-1
1
0
1
0
0
0
0
0
0
1
0
0
0
-1
0
0
0
0
0
1
-1
0
0
0
0
0
0
0
0
0
1
0
0
0
0
0
0
-1
0
0
-1
0
0
-1
0
0
0
0
0
0
0
0
1
0
0
-1
1
0
0
-1
-1
0
0
0
1
-1
0
0
0
-1
1
0
0
0
1
-1
0
0
0
0
0
0
0
0
0
0
0
-1
0
0
0
0
0
0
0
0
0
0
1
-1
0
0
-1
1
0
0
0
0
0
0
0
0
0
0
0
0
0
0
-1
0
0
0
0
0
0
0
-1
0
0
0
-1
0
0
-1
-1
0
0
0
0
0
1
1
-1
0
-1
0
0
0
0
0
0
0
0
1
0
0
0
0
-1
1
0
0
1
0
0
0
0
0
1
1
0
0
0
0
0
-1
0
-1
1
0
1
0
0
1
0
0
1
0
0
0
1
-1
-1
1
0
0
0
-1
0
0
1
0
0
0
0
0
0
-1
0
0
0
-1
0
0
1
1
-1
0
0
0
0
0
0
0
0
0
-1
1
0
0
1
0
0
0
0
1
-1
0
0
0
0
-1
1
0
0
-1
0
0
0
0
0
-1
0
-1
1
0
0
1
0
0
0
0
0
0
0
0
-1
0
0
0
1
0
1
0
0
0
0
-1
0
0
1
1
0
0
0
-1
-1
0
0
0
-1
0
0
1
0
1
0
0
1
0
0
1
0
0
0
0
0
0
0
0
0
0
0
-1
1
0
0
0
0
0
0
0
0
0
0
-1
0
-1
0
0
0
0
0
-1
0
0
0
1
0
0
0
0
0
0
0
0
0
-1
1
1
-1
0
0
0
0
0
0
0
0
0
0
0
0
0
-1
0
0
0
0
0
0
0
0
-1
0
0
0
0
-1
0
-1
0
0
0
0
0
-1
0
0
-1
0
0
0
1
0
0
0
0
0
0
1
0
0
0
0
0
1
0
0
0
1
1
0
0
0
0
0
0
0
0
1
1
1
0
0
-1
0
0
0
-1
-1
0
0
0
0
0
0
0
0
0
0
0
0
0
0
0
0
0
0
0
0
0
1
1
1
0
-1
0
0
0
0
0
0
1
-1
-1
0
0
0
0
0
1
0
-1
0
0
0
0
0
0
0
0
-1
0
0
0
0
1
0
0
0
0
0
-1
1
1
0
0
0
0
1
0
0
0
0
0
0
0
0
0
0
0
0
1
0
0
0
0
0
0
1
0
0
0
0
0
0
0
0
0
0
1
0
-1
0
0
0
0
-1
0
0
0
0
0
0
-1
0
0
-1
0
0
0
-1
1
0
0
0
0
0
0
0
0
0
0
0
0
0
-1
0
-1
0
0
0
0
0
0
0
0
0
1
0
0
0
0
0
0
0
0
0
0
0
1
0
0
0
0
0
0
0
0
0
-1
0
0
1
0
0
0
0
0
0
0
1
0
0
0
0
0
0
-1
0
1
0
0
0
0
0
0
0
0
-1
0
0
0
0
0
0
0
0
1
0
-1
0
1
0
0
-1
0
0
0
0
-1
0
0
0
0
1
0
0
0
0
0
0
0
0
-1
0
0
0
0
0
0
0
0
0
1
0
0
0
0
0
1
0
0
1
0
1
-1
0
0
0
0
0
0
0
0
-1
0
-1
-1
0
0
0
0
0
0
0
0
0
0
-1
0
-1
0
0
0
0
0
0
-1
0
0
0
0
0
0
0
0
0
0
0
0
0
0
0
0
0
1
1
0
-1
0
0
0
0
0
0
0
0
0
0
0
0
0
0
0
0
1
0
0
0
0
0
1
0
0
0
0
0
0
0
-1
-1
0
0
0
0
0
-1
-1
0
0
0
-1
1
0
0
-1
0
0
0
0
0
0
0
0
0
0
0
0
0
0
0
0
1
0
0
-1
0
0
0
0
0
0
1
0
0
-1
-1
0
0
0
0
-1
0
0
0
0
0
1
0
0
1
0
1
0
0
0
0
0
0
-1
0
0
0
0
0
0
1
0
0
0
0
0
0
-1
-1
0
-1
0
0
0
0
0
0
0
0
0
0
0
0
0
0
-1
0
0
0
0
1
0
0
0
0
0
0
0
0
0
0
-1
1
-1
0
0
0
0
0
0
0
0
1
0
1
0
0
0
1
-1
0
0
0
0
0
0
0
0
0
0
-1
0
0
0
0
1
1
0
1
0
0
0
0
0
0
0
0
0
0
-1
-1
-1
-1
0
0
0
0
0
-1
0
0
0
0
0
-1
0
-1
0
1
0
0
1
0
0
-1
0
-1
0
0
0
-1
0
1
-1
0
0
0
0
-1
0
1
0
-1
1
1
0
1
-1
0
0
1
0
0
-1
1
0
0
1
0
0
0
0
1
0
0
0
0
1
0
-1
0
-1
0
1
0
1
-1
0
1
0
0
0
0
0
-1
0
0
0
0
0
0
0
0
0
0
-1
0
1
0
1
0
-1
0
0
1
0
0
0
0
0
0
-1
0
-1
0
0
0
0
0
0
0
1
0
1
0
0
0
0
0
-1
0
0
0
0
0
-1
0
0
0
0
0
0
1
0
0
0
0
1
0
0
0
0
0
0
0
0
0
-1
0
1
0
0
0
0
0
0
0
0
0
0
0
0
0
0
0
-1
1
0
0
0
-1
0
0
0
1
0
0
0
-1
0
0
0
0
1
1
0
1
0
0
-1
0
-1
0
0
0
0
0
0
0
0
0
0
0
0
0
1
0
0
0
0
0
0
0
0
0
0
0
0
0
0
0
0
0
0
1
0
0
0
1
0
0
0
0
0
0
0
0
1
1
0
0
1
0
0
0
0
0
1
0
0
-1
1
0
-1
-1
0
0
0
0
0
1
0
1
0
0
0
1
0
-1
0
-1
0
0
-1
0
0
0
-1
0
0
0
0
0
0
0
0
1
-1
0
0
0
0
-1
0
0
0
0
0
1
0
0
0
0
0
0
0
0
1
1
0
0
0
0
0
0
0
0
0
1
0
-1
0
0
0
0
0
0
0
0
0
0
1
0
1
0
1
0
0
0
0
0
0
0
0
0
0
0
0
-1
0
0
0
-1
0
-1
0
0
0
0
0
0
0
0
1
-1
-1
-1
-2
-1
0
1
1
1
0
1
1
0
0
0
0
1
1
1
0
1
1
1
1
0
1
1
0
1
1
0
0
0
0
0
-1
0
-1
-1
-1
0
-1
-1
-1
-1
0
-1
-1
-1
0
-1
-1
-1
-1
-1
-1
-1
-2
-1
-1
0
-1
-1
0
0
-1
0
-1
-1
-1
-1
0
0
1
1
0
0
1
-1
1
1
1
0
0
1
1
1
1
1
1
1
1
1
1
1
1
1
1
1
1
1
1
1
1
1
1
1
1
0
0
0
1
0
0
1
1
1
1
0
0
0
0
0
0
-1
0
-1
-1
-1
-1
-2
-1
-1
-1
-1
-1
-1
-1
-1
0
0
-1
-1
-1
0
0
-1
0
-1
-1
-1
-1
-1
-1
-1
-1
0
0
0
0
-1
0
-1
0
0
-1
-1
0
0
-1
-1
0
0
0
-1
0
-1
-1
-1
0
0
0
0
-1
-1
0
0
1
1
0
0
1
1
0
0
1
0
0
0
1
1
1
1
1
0
0
1
1
1
1
1
1
0
2
1
1
1
1
2
1
1
1
0
1
1
0
1
1
1
1
1
0
0
0
1
0
1
0
0
1
0
0
0
0
0
-1
0
-1
-1
-1
-1
-1
-1
-1
-1
0
0
-1
-1
-1
-2
0
-1
-1
0
-1
-1
-1
-1
-2
-1
-1
-1
-1
-2
-1
-1
-2
-2
-2
-2
-1
-1
-2
-2
-2
-3
-4
-2
-1
-2
-3
-1
-1
-1
-1
-2
-2
0
0
0
0
0
0
1
2
2
1
2
3
3
2
4
4
6
5
6
5
5
5
5
6
6
7
7
7
8
6
8
7
6
7
5
6
5
5
5
5
5
4
3
4
1
0
-1
0
1
-1
-1
-3
-4
-6
-5
-9
-8
-10
-10
-10
-12
-11
-12
-13
-14
-14
-13
-13
-11
-11
-12
-9
-13
-12
-12
-12
-15
-16
-13
-14
-12
-11
-6
-10
-11
-8
-10
-13
-3
-4
4
5
4
6
0
0
3
6
7
12
9
7
7
1
4
0
1
5
-1
4
-1
-7
-11
-14
-11
-13
-5
-12
-6
-2
-5
-7
-5
-9
-14
-9
-6
3
1
1
6
5
8
22
30
28
25
33
25
36
35
26
24
35
46
49
62
68
70
88
93
79
77
70
67
63
63
87
74
97
116
108
64
61
48
19
18
35
19
17
5
-8
-21
-38
-35
-74
-49
-65
-65
-71
-80
-100
-108
-106
-80
-102
-92
-108
-98
-91
-109
-101
-142
-134
-139
-143
-126
-122
-113
-99
-88
-95
-99
-107
-105
-106
-99
-84
-69
-63
-45
-38
-32
-27
-32
-18
-25
-31
-14
9
11
31
44
47
44
42
67
74
54
75
66
68
71
62
65
46
51
58
54
85
74
68
81
73
89
90
100
92
99
117
108
79
96
89
91
111
107
96
110
99
91
73
84
83
93
95
91
110
99
96
86
72
48
39
29
20
1
4
36
23
30
22
16
-11
-18
-17
-40
-25
-38
-25
-56
-86
-98
-131
-111
-120
-97
-126
-108
-134
-145
-131
-144
-143
-153
-163
-161
-166
-178
-172
-184
-158
-148
-144
-126
-113
-101
-100
-82
-90
-70
-66
-41
-29
-41
-32
-11
-26
-24
13
13
47
58
74
70
80
84
79
72
81
99
109
132
116
126
118
122
109
100
144
119
120
138
96
90
104
80
81
81
71
58
55
57
12
14
20
-23
-23
-31
-30
-41
-55
-37
-48
-42
-28
-38
-44
-40
-18
-27
-37
-34
-25
-35
-28
-15
-18
-8
11
-2
22
15
32
28
36
45
54
44
44
86
45
66
40
38
43
33
62
45
62
48
71
51
62
64
76
68
36
39
20
7
2
-5
-20
-11
-34
-50
-73
-85
-97
-70
-64
-58
-59
-93
-91
-118
-154
-145
-165
-152
-146
-140
-114
-118
-110
-110
-112
-144
-134
-150
-148
-126
-104
-96
-87
-89
-87
-97
-103
-93
-80
-67
-21
-12
8
13
-1
0
-15
1
0
22
34
54
68
79
69
72
97
93
110
125
97
97
101
105
118
134
144
158
151
153
135
131
124
123
128
147
126
148
144
140
137
146
147
125
137
124
144
109
121
106
84
65
44
25
15
37
24
26
16
6
-4
-17
-36
-26
-48
-13
0
8
-7
-54
-61
-98
-84
-112
-105
-120
-126
-88
-111
-92
-89
-77
-101
-102
-115
-138
-130
-140
-150
-136
-125
-113
-131
-156
-140
-174
-134
-138
-112
-118
-118
-130
-142
-153
-152
-146
-117
-104
-88
-61
-87
-76
-84
-84
-83
-53
-41
-23
-13
-3
6
3
26
42
76
83
82
80
104
101
112
123
140
155
158
157
162
151
167
159
160
167
153
147
142
117
122
110
110
114
120
122
117
138
119
101
78
69
47
40
47
43
57
39
62
13
-6
-28
-35
-32
-20
0
22
20
-16
-31
-40
-63
-58
-40
-39
-40
-29
-29
-74
-67
-73
-47
-51
-27
-29
-34
-25
-30
-30
-16
-10
-6
7
-12
0
-20
-24
-32
-36
-27
-20
-18
-22
-21
-32
-4
-21
-20
-41
-37
-50
-61
-54
-83
-56
-81
-81
-96
-99
-120
-120
-115
-93
-77
-79
-65
-63
-68
-85
-107
-93
-118
-128
-84
-89
-75
-66
-53
-34
-22
-27
-26
-20
-34
-30
-17
-9
13
17
56
43
54
63
42
55
55
84
92
117
129
115
112
102
100
106
109
109
124
122
136
128
126
132
116
137
124
130
120
107
106
69
93
74
62
50
56
51
58
65
50
66
44
55
29
48
20
3
22
17
6
4
-14
-8
-34
-37
-45
-33
-15
-23
-3
-43
-27
-39
-58
-57
-66
-62
-55
-51
-50
-53
-57
-69
-58
-71
-66
-63
-63
-37
-72
-67
-97
-95
-94
-107
-86
-85
-75
-92
-82
-91
-94
-132
-116
-131
-116
-101
-103
-81
-76
-79
-97
-89
-106
-102
-100
-67
-82
-69
-52
-45
-33
-47
-37
-13
-36
14
31
38
48
56
51
60
41
47
77
59
100
94
126
117
120
130
119
113
90
113
107
106
111
86
93
67
96
113
107
145
109
131
111
115
76
78
70
60
100
80
82
50
48
14
23
26
28
23
26
16
8
10
18
35
25
28
19
17
-19
-14
-35
-39
-40
-33
-26
-38
-29
-46
-42
-53
-42
-51
-47
-24
-48
-25
-39
-33
-57
-80
-62
-74
-64
-48
-29
-49
-41
-55
-76
-71
-82
-69
-63
-42
-48
-43
-53
-40
-55
-63
-55
-83
-78
-76
-80
-80
-90
-80
-93
-70
-80
-76
-80
-84
-96
-79
-74
-61
-43
-57
-50
-61
-64
-88
-73
-66
-41
-43
-18
-18
-14
17
12
6
28
44
40
51
48
84
92
94
117
126
125
158
138
154
147
153
155
126
152
148
158
162
184
164
168
170
167
169
141
136
137
114
118
98
99
89
77
66
80
59
46
35
18
2
-16
3
-46
-42
-59
-72
-68
-74
-73
-78
-87
-90
-90
-100
-114
-95
-108
-107
-103
-99
-116
-123
-124
-113
-118
-120
-119
-113
-119
-95
-90
-83
-62
-83
-60
-92
-89
-99
-96
-70
-65
-45
-42
-36
-45
-63
-66
-40
-47
-24
-5
-6
10
27
28
8
20
17
7
-2
4
22
29
40
37
33
20
5
1
7
0
17
25
30
36
37
44
43
29
38
37
41
38
31
19
12
18
2
9
36
34
43
50
38
59
37
57
62
47
61
51
47
29
27
40
41
46
81
80
84
80
77
92
98
129
106
119
107
85
96
55
26
-14
13
-2
-3
6
6
13
23
28
5
10
-17
-9
-34
-62
-62
-76
-86
-103
-94
-89
-89
-115
-89
-118
-90
-78
-65
-46
-45
-18
-43
-72
-59
-68
-83
-52
-57
-34
-49
-58
-60
-84
-58
-71
-51
-34
-30
-21
-18
-27
-17
-9
-12
-24
-19
-18
-37
-32
-23
-4
-26
-8
-14
-12
-23
-40
-24
-45
-15
-5
9
24
31
1
-10
3
26
18
58
78
76
61
54
50
35
24
18
49
44
63
73
67
55
52
56
63
67
60
82
88
85
77
56
53
41
41
50
70
78
60
72
51
31
16
18
15
26
46
43
45
50
38
18
18
17
-17
-6
0
-1
-4
-19
-9
-37
-22
-10
-14
-4
-1
-15
-22
-37
-62
-70
-68
-50
-48
-45
-56
-73
-89
-102
-95
-85
-67
-42
-38
-46
-30
-51
-43
-48
-53
-51
-70
-57
-79
-71
-69
-44
-29
-43
-22
-45
-57
-66
-61
-42
-28
-11
-11
-3
-19
-34
-25
-30
-15
-4
0
0
-3
-1
-10
-16
-17
-21
-26
-15
-15
-14
11
12
1
13
14
10
7
10
30
46
55
65
58
57
72
54
70
77
85
105
114
135
139
127
125
104
115
114
124
149
145
136
119
98
90
79
77
81
100
63
79
67
66
51
59
54
23
11
0
-5
-40
-36
-49
-56
-76
-59
-77
-72
-94
-85
-67
-85
-97
-115
-125
-119
-124
-134
-111
-137
-119
-142
-138
-120
-125
-96
-81
-92
-91
-90
-103
-113
-116
-133
-117
-94
-104
-83
-85
-63
-43
-21
-6
12
4
2
-6
-16
-9
7
1
25
53
57
70
69
64
64
82
91
103
98
106
110
93
102
84
108
106
104
113
94
104
77
61
61
47
61
42
57
49
73
58
56
46
18
21
-6
-4
-25
-3
4
-14
-13
-32
-59
-71
-50
-48
-65
-38
-6
-41
-51
-39
-65
-60
-55
-45
-40
-15
-31
-19
-22
-27
-44
-30
-28
-15
2
-1
18
4
17
11
20
26
52
49
45
40
49
29
21
14
21
30
25
47
30
52
37
49
33
37
30
2
26
29
20
9
18
14
-2
1
-2
-31
-40
-19
-50
-34
-33
-42
-44
-59
-28
-45
-32
-40
-50
-41
-66
-63
-31
-45
-33
-28
-27
-40
-65
-65
-51
-30
-32
-4
7
-7
-15
-37
-36
-38
-43
-15
-10
-3
-1
-1
-19
-35
-18
-15
6
23
18
10
4
-4
-8
-22
-9
3
5
20
9
19
4
10
-3
8
5
19
28
30
35
36
38
31
29
-1
34
20
9
44
53
52
67
62
39
52
64
63
62
53
65
69
64
79
67
58
49
44
28
33
32
37
47
63
49
33
28
-7
-7
-5
20
-1
27
19
17
-6
-9
-19
-36
-32
-45
-35
-60
-62
-70
-59
-46
-52
-33
-43
-65
-66
-74
-59
-78
-65
-73
-64
-76
-65
-67
-84
-74
-59
-55
-49
-37
-41
-38
-43
-39
-57
-35
-61
-27
-32
-25
-29
-7
-3
-1
-6
-1
0
-6
11
13
34
16
39
30
36
10
7
15
17
18
23
57
44
62
41
56
30
29
12
20
35
38
64
44
41
57
59
46
47
45
47
34
45
48
54
46
61
48
37
57
37
32
46
37
27
20
18
-3
-2
-5
-9
-5
-14
4
-12
1
2
-5
-12
-8
11
-21
-25
-28
-31
-24
-47
-29
-31
-46
-43
-53
-65
-76
-66
-72
-63
-53
-62
-57
-68
-69
-84
-70
-57
-55
-42
-53
-50
-49
-59
-61
-42
-23
-20
8
3
3
9
20
41
40
45
56
71
52
71
67
91
74
70
83
86
71
82
82
94
87
94
88
76
68
48
46
26
45
26
31
30
46
45
19
31
2
-7
-43
-25
-35
-39
-43
-40
-56
-72
-83
-96
-107
-106
-101
-88
-102
-119
-116
-115
-133
-106
-105
-107
-56
-64
-74
-71
-66
-61
-59
-34
-16
-1
-13
31
21
31
63
29
38
16
50
34
41
56
34
45
54
55
56
83
88
92
119
108
127
120
93
94
100
89
112
109
106
99
80
51
40
42
27
38
35
43
19
23
-14
-25
-25
-50
-37
-42
-42
-52
-69
-63
-62
-60
-57
-70
-81
-80
-63
-78
-69
-54
-70
-74
-77
-105
-104
-96
-90
-62
-48
-44
-44
-35
-38
-41
-42
-31
-20
-19
1
11
-7
23
-7
-12
-17
7
25
34
45
67
87
59
74
49
41
51
57
65
36
33
40
28
10
9
34
25
21
15
15
14
24
40
40
49
43
47
50
27
25
13
8
-5
4
-19
2
18
-8
30
24
25
22
27
-7
-20
-31
-30
-48
-57
-32
-43
-50
-30
-46
-56
-50
-38
-25
-27
-3
-14
-18
-39
-33
-67
-59
-54
-24
-7
17
32
15
23
-10
-19
-28
-25
-28
-19
3
-15
4
-7
-5
16
17
34
8
6
4
5
18
21
16
21
-3
9
2
-8
-3
-9
25
1
-12
-15
-32
-31
-23
-20
-3
17
12
18
29
24
19
5
-25
2
-16
3
18
42
32
29
24
16
20
23
37
35
54
54
49
40
20
10
11
-2
15
22
15
34
15
1
9
-7
-4
1
-15
-12
9
20
18
22
35
33
24
25
21
6
16
11
7
31
30
39
46
45
37
28
29
9
27
27
21
15
5
-3
-27
-36
-56
-64
-74
-69
-68
-74
-60
-66
-64
-71
-80
-85
-84
-84
-94
-93
-101
-97
-91
-67
-69
-53
-49
-58
-61
-90
-76
-80
-65
-58
-16
-9
8
-9
0
-5
-18
5
-14
20
26
36
59
51
59
67
58
71
84
79
94
92
99
94
89
77
78
57
42
37
44
62
56
65
60
45
37
49
26
25
40
26
23
27
21
11
-1
6
7
-4
8
-6
-10
-30
-29
-24
-30
-34
-37
-21
-34
-30
-29
-26
-41
-43
-30
-12
-33
-17
-14
-12
-16
-10
-6
-7
22
28
35
44
34
47
16
23
24
6
15
14
25
19
27
21
27
17
26
16
8
-9
3
-25
-8
-15
-38
-41
-50
-49
-42
-48
-41
-37
-50
-31
-44
-29
-55
-29
-20
-6
-4
-18
-18
-21
-26
-27
-13
-12
-5
-7
-18
-9
-24
-12
-23
-23
-14
-25
-15
-14
-19
-5
6
13
1
-11
-7
-22
-16
-20
-16
-6
-19
-1
20
22
19
23
-4
-23
-9
-34
-29
-34
-19
-16
-1
-8
-21
-16
-1
-9
16
42
53
74
82
74
58
46
29
17
31
59
84
101
75
71
57
51
49
55
65
68
58
54
48
41
30
47
50
44
41
17
18
2
14
-10
-1
-4
-32
-42
-27
-20
-35
-6
-13
-9
-33
-50
-57
-73
-95
-68
-64
-64
-63
-75
-78
-76
-68
-66
-60
-53
-39
-23
-47
-40
-52
-68
-64
-56
-36
-15
3
7
-6
-7
-28
-7
-12
7
17
9
17
8
15
0
10
10
36
26
45
40
25
24
32
14
13
18
17
37
50
46
58
52
34
39
49
52
56
47
51
34
24
22
22
14
17
8
1
4
0
12
-11
-5
16
-14
-17
-30
-36
-55
-52
-44
-30
-11
-15
-7
-44
-44
-63
-42
-34
-24
10
2
1
-6
-20
-40
-37
-38
-29
-11
16
18
3
-9
-20
-39
-29
-25
4
12
24
39
43
56
45
31
51
45
58
60
75
81
65
90
84
74
64
63
41
37
51
32
27
29
21
2
-9
-38
-43
-46
-45
-39
-13
-23
-36
-34
-64
-62
-76
-72
-77
-69
-65
-53
-59
-31
-35
-41
-34
-40
-48
-40
-21
-19
-24
-21
-29
-56
-49
-47
-38
-23
-20
2
6
-4
2
-12
-12
-11
-16
-5
10
41
39
50
56
54
44
23
24
3
21
13
-2
1
-15
-16
-9
8
8
4
18
-3
15
4
16
24
27
7
2
38
11
32
43
53
45
37
33
16
23
10
39
41
56
43
43
45
21
34
25
15
15
8
10
-4
-26
-23
-29
-2
-3
40
60
49
50
53
12
-1
-22
-29
-47
-59
-51
-66
-45
-52
-20
-9
-11
-4
-9
-23
-57
-42
-54
-67
-54
-52
-49
-69
-38
-42
-26
-19
14
2
5
5
-26
-10
-14
-2
15
32
55
52
58
51
24
22
21
12
11
24
30
29
32
26
28
19
20
19
14
10
-2
3
1
-9
-2
8
0
-3
-22
-9
-40
-25
-48
-45
-51
-52
-37
-33
-15
-16
10
-7
-16
-13
-38
-45
-36
-34
-39
-38
-51
-54
-43
-45
-40
-8
3
7
-5
12
3
13
22
19
30
1
12
8
20
11
47
38
35
41
30
35
31
64
54
93
49
51
32
44
32
31
45
37
47
43
49
15
19
13
5
-5
-7
-5
-28
-29
-21
-28
-10
-1
16
7
18
21
2
-8
-24
-31
-33
-40
-20
-32
-6
-19
-24
-52
-30
-21
-31
6
6
42
18
29
24
24
-4
-6
-10
-21
-8
-6
5
0
6
-7
-5
-27
-31
-37
-35
-23
-21
0
-17
-3
-4
-13
-2
-1
-9
-14
4
-22
-13
-9
-22
-19
-7
-1
-5
15
12
5
1
-7
-19
-26
-21
-20
3
4
-5
-7
-6
-6
4
30
6
-8
-13
-25
-21
-9
7
22
41
31
31
16
4
-1
-13
-5
0
11
20
11
35
12
15
12
-17
3
-8
-18
-15
-27
-26
-13
3
27
48
79
67
51
46
6
10
-1
14
17
24
28
22
11
12
21
19
22
5
30
4
6
5
11
-18
-4
-22
-24
-18
-33
-5
-8
-7
-18
-32
-63
-54
-60
-21
15
57
52
62
27
-10
-26
-27
-17
-37
1
-18
-4
-27
-17
-38
-42
-39
-57
-31
-38
-24
-27
-18
-3
-10
8
5
-6
-4
-21
-10
-10
-9
-18
-24
-26
-25
-24
-23
-5
-14
5
4
1
15
6
12
1
-12
-23
-25
-7
-18
11
16
18
35
42
50
35
49
52
68
57
56
71
78
54
62
56
61
44
55
42
41
33
16
50
15
21
8
21
-12
-1
3
16
12
19
25
-1
8
-12
-21
-39
-8
-13
-25
-19
-39
-50
-78
-59
-72
-60
-54
-43
-24
-33
-41
-64
-53
-61
-58
-57
-68
-62
-70
-51
-54
-45
-47
-61
-47
-35
-37
-24
-1
-2
27
18
4
19
9
27
44
40
52
48
43
39
21
47
38
38
50
40
37
18
-1
27
10
32
51
50
61
42
40
14
1
-15
4
9
32
43
38
20
14
29
22
28
25
13
-11
-32
-31
-40
-37
-7
-5
33
44
17
16
-24
-44
-43
-27
-37
-23
-20
-3
-5
-1
6
-15
-5
9
22
-13
-1
-7
-7
1
-11
-1
4
-6
-19
-16
-30
-35
-17
-8
-12
11
21
28
36
2
-18
-41
-34
-40
-37
-24
4
0
-12
-5
-20
-25
-20
-21
-12
4
-3
-11
-20
-42
-43
-35
-5
9
7
19
27
12
6
-13
-15
-19
-12
-2
7
36
25
40
42
46
13
28
20
43
35
28
37
17
33
19
31
36
44
55
63
37
25
8
5
-5
-4
10
2
10
-18
-6
-18
-33
-45
-32
-31
-29
9
-7
0
-27
-37
-74
-69
-57
-59
-31
-17
-24
-29
-59
-59
-86
-84
-80
-52
-8
-8
31
15
22
4
27
-5
5
29
20
36
32
35
24
44
31
42
45
40
62
73
63
63
77
65
65
33
25
41
18
47
78
56
69
69
57
52
21
31
40
41
53
50
38
16
2
-32
-22
-30
-23
-22
-19
-18
-3
-10
-31
-59
-84
-112
-137
-143
-135
-115
-95
-78
-84
-78
-88
-106
-107
-99
-100
-83
-83
-87
-76
-68
-83
-48
-39
-23
-35
-28
-36
-40
-22
-14
6
27
53
33
19
7
-10
3
11
33
64
74
78
84
78
48
47
56
51
63
96
90
77
76
74
68
83
105
93
97
108
80
71
55
60
60
65
87
61
71
46
36
44
32
23
17
20
8
28
26
37
12
28
14
13
11
4
6
-7
-13
-26
-38
-74
-96
-103
-96
-104
-73
-63
-57
-75
-63
-51
-58
-53
-43
-50
-48
-38
-71
-60
-76
-78
-69
-68
-43
-30
-34
-21
-26
-28
-10
-4
-4
7
-7
-32
-31
-38
-44
-49
-48
-27
-35
-26
-19
-26
-34
-13
4
-9
3
3
4
14
11
18
23
34
46
49
61
63
46
39
51
51
69
87
84
87
75
58
30
16
17
23
16
51
68
54
69
44
34
-1
-5
-17
3
3
-9
11
4
6
-21
-30
-53
-42
-26
-13
-8
4
-6
-19
-22
-48
-49
-51
-58
-61
-64
-50
-46
-29
-45
-34
-34
-34
-36
-37
-26
-17
7
7
19
1
3
-15
0
22
36
39
42
52
26
38
23
33
31
49
62
67
91
84
94
80
60
39
22
35
32
46
49
48
50
27
26
13
24
36
55
46
59
32
27
-5
-28
-24
-30
-37
-43
-26
-56
-59
-50
-48
-62
-74
-56
-55
-74
-91
-74
-77
-85
-84
-78
-101
-110
-99
-93
-91
-70
-46
-45
-15
-13
-19
-38
-25
-13
-19
-17
-11
-16
-15
-15
-33
-24
-22
0
4
18
21
16
19
15
0
31
24
29
37
56
48
36
55
60
48
45
43
26
46
41
67
65
55
81
59
54
47
25
16
27
5
19
34
19
25
21
40
28
30
38
31
20
11
10
12
1
21
36
45
48
62
73
19
25
19
10
3
15
5
-7
-9
-16
-13
-3
-32
-24
-3
-10
6
-9
2
-32
-32
-22
-39
-49
-53
-60
-78
-77
-82
-63
-87
-56
-62
-57
-70
-58
-54
-63
-59
-66
-68
-77
-62
-97
-90
-98
-86
-74
-59
-55
-45
-17
-21
-7
-11
-12
-6
2
9
28
39
52
62
63
61
68
54
54
53
72
70
88
81
56
65
40
75
75
111
104
81
86
64
74
52
57
71
68
75
60
74
70
67
59
49
47
44
44
16
18
16
9
-2
2
3
-30
-43
-55
-86
-93
-81
-87
-78
-61
-64
-38
-38
-48
-52
-61
-73
-65
-62
-60
-35
-42
-20
-40
-43
-48
-82
-76
-77
-65
-44
-9
12
17
24
10
-3
5
-11
2
15
25
39
34
31
14
-7
-33
-27
-35
-5
39
66
63
79
56
20
-8
-32
-36
-22
-1
16
4
6
10
-17
-21
-27
-17
-9
3
29
18
4
-21
-38
-49
-43
-26
-23
10
12
9
9
-6
-38
-27
-36
-18
-21
16
-8
19
19
10
12
-1
12
8
9
15
41
31
45
34
36
29
30
22
10
21
37
50
59
67
61
38
44
45
41
32
44
24
17
17
16
19
-6
9
8
16
-7
-25
-67
-74
-64
-56
-36
-20
-11
-26
-9
-22
-27
2
-4
7
37
42
42
42
31
9
4
-3
17
7
10
35
41
33
30
10
18
16
1
5
-3
5
6
0
13
-4
-15
-6
-32
-33
-27
-28
-50
-52
-58
-74
-72
-93
-91
-84
-94
-94
-85
-90
-80
-53
-76
-48
-86
-78
-89
-76
-49
-44
-6
-8
1
-16
3
-15
-6
8
41
55
83
88
82
95
65
64
56
44
62
66
70
77
86
85
72
86
82
75
64
54
41
34
48
65
77
65
51
63
39
38
32
-1
11
-16
-14
-38
-35
-18
-69
-58
-70
-39
-44
-31
-18
-14
-22
-57
-54
-100
-110
-107
-74
-67
-51
-56
-50
-67
-84
-56
-39
-25
8
21
26
23
23
55
13
46
35
51
28
14
40
25
32
24
52
55
56
64
63
36
38
24
38
35
17
16
3
3
-20
3
-8
-10
-14
-35
-38
-33
-38
-52
-26
-27
-36
-26
-45
-42
-61
-66
-55
-47
-47
-56
-49
-59
-51
-41
-16
-15
-11
19
11
18
2
-1
11
7
16
44
51
55
73
68
53
59
61
59
47
40
34
44
44
26
30
15
23
17
22
43
41
58
55
64
62
53
20
-10
9
-15
20
13
13
14
-13
1
-25
-12
-12
-8
-3
-21
-39
-47
-68
-85
-94
-74
-83
-58
-58
-58
-61
-60
-66
-55
-27
-41
-23
-28
-19
-33
-43
-46
-59
-44
-51
-32
-9
28
26
24
3
4
-9
-3
44
37
74
91
80
52
29
11
-13
-5
22
32
47
30
34
25
6
27
35
52
45
45
20
7
-12
-29
-32
-12
-7
-17
3
-28
-23
-31
-22
-15
-31
-8
-16
-10
-24
-7
-27
-44
-42
-30
-24
-23
-10
-19
-14
-12
-7
-9
-21
-16
-27
-26
12
30
31
57
74
68
50
30
7
-10
-2
-2
30
31
48
65
73
50
51
51
21
34
22
37
13
11
7
-15
-6
16
21
29
47
38
23
4
-19
-27
-44
-29
-28
-21
2
-2
1
-9
-19
-27
-26
-29
-34
-28
-23
-20
-14
-7
5
19
22
10
10
17
6
5
-4
-12
-5
2
1
20
42
43
38
42
19
-18
-30
-24
-22
-1
27
26
16
-13
-29
-68
-58
-73
-47
-56
-41
-34
-36
-44
-39
-56
-68
-66
-65
-49
-56
-65
-67
-57
-98
-71
-69
-88
-60
-56
-42
-40
-38
-51
-46
-51
-46
-4
-5
47
51
62
54
30
47
18
32
26
52
50
65
29
58
73
77
109
98
124
111
123
81
89
81
81
81
74
105
86
106
101
94
75
57
34
17
15
-3
20
37
33
17
20
-13
-38
-52
-72
-77
-68
-55
-43
-52
-48
-88
-85
-108
-115
-92
-70
-48
-27
-13
-24
-32
-45
-45
-59
-53
-34
-22
-29
-20
-6
-9
-14
17
31
43
64
82
45
47
39
13
17
1
14
46
56
49
51
20
11
6
6
25
54
59
47
31
21
-15
-18
-25
-23
-7
-11
5
12
-10
-31
-37
-37
-45
-44
-39
-23
-24
-28
-28
-48
-63
-97
-113
-122
-95
-74
-40
-9
10
-3
-10
-23
-39
-59
-55
-42
-41
-47
-32
-51
-47
-24
-9
26
34
72
61
59
63
52
31
32
15
13
16
35
53
51
60
52
28
15
4
19
30
53
64
75
94
53
47
23
-2
-15
-36
-12
-23
-15
-31
-39
-35
-41
-26
-7
16
23
44
40
30
21
7
-14
-20
-27
-39
-14
3
1
1
9
5
22
37
40
61
69
64
52
35
12
-8
-6
-7
10
30
35
29
9
-10
-9
-3
2
17
9
19
16
1
-16
-48
-58
-70
-77
-53
-41
-9
-2
26
41
-2
-7
-27
-51
-54
-49
-33
-22
3
-11
-12
-29
-26
-27
-39
-16
-11
-3
14
31
8
8
-14
-1
-28
-52
-28
-25
-27
-20
2
-21
33
19
14
25
7
14
3
7
-5
19
20
27
38
25
13
22
10
0
25
12
5
17
31
39
44
52
31
22
12
11
0
-7
9
-18
-43
-52
-57
-78
-60
-44
-14
-23
-12
-17
-37
-31
-42
-39
-53
-53
-30
-18
-45
-8
-10
-23
-23
-32
-12
-30
0
19
51
59
51
62
55
41
39
60
36
67
82
67
41
21
16
-20
-42
-19
-6
-10
31
50
48
23
12
2
-13
-22
9
21
15
17
21
3
-24
-26
-42
-49
-34
-20
-27
-22
-25
-25
-34
-26
0
-2
18
17
16
4
-18
-29
-4
-11
-4
5
14
19
36
53
36
26
14
9
-18
20
17
47
44
64
76
27
38
-6
-15
-32
-23
7
6
0
9
-2
-25
-27
-22
-24
-18
-8
8
11
19
15
6
-11
-29
-9
-48
-54
-41
-28
-44
-33
-16
-29
-45
-40
-13
-4
-23
0
-11
-36
-3
-21
-19
-49
-26
-43
-37
-34
-26
-31
-19
-15
7
16
-12
32
20
31
21
46
43
5
21
15
5
11
37
36
7
32
8
-15
-12
-22
11
-3
36
38
54
65
24
9
-31
-51
-62
-4
8
20
60
36
-15
-40
-23
-41
-10
40
81
87
52
48
-11
-69
-91
-53
-42
2
97
141
115
100
51
-5
-42
-50
-2
21
52
73
66
26
4
-39
-39
-45
-24
12
38
36
23
18
17
-17
-14
-1
1
-3
-53
-40
-71
-97
-67
-46
-42
-18
19
24
-18
-25
-47
-56
-70
-53
-48
-44
-14
-27
-39
-37
-38
-58
-59
-69
-50
-28
-17
-9
17
26
32
8
18
11
-11
-15
-21
-27
-41
-43
-12
-28
-5
26
45
28
28
59
54
72
67
66
27
4
-8
-22
-19
8
27
58
73
56
52
14
21
17
12
47
27
25
3
-16
-18
-42
-19
-5
9
9
48
44
20
19
13
19
14
27
31
21
15
15
15
4
34
23
16
10
27
34
13
34
53
38
26
27
21
18
22
27
20
14
3
6
11
17
30
2
0
-3
-28
-35
-35
10
-9
18
-24
-24
-46
-84
-64
-87
-72
-65
-43
-49
-74
-63
-79
-81
-93
-71
-48
-67
-40
-34
-29
-51
-59
-69
-82
-89
-77
-79
-58
-69
-67
-71
-75
-51
-55
-10
1
27
39
27
2
-15
-35
-39
-32
-3
32
49
68
80
68
52
60
50
67
77
92
126
132
115
111
101
96
85
67
82
62
97
93
89
113
61
75
50
56
64
59
76
39
53
19
17
25
-1
0
-12
22
5
-3
0
-19
-25
-33
-38
-41
-43
-26
-24
-19
-26
-31
-29
-64
-81
-67
-38
-63
-14
10
-10
-12
-57
-86
-138
-127
-102
-82
-38
-15
-9
-9
-44
-42
-68
-59
-30
-8
-19
-17
-19
-58
-67
-102
-79
-77
-56
-15
7
36
5
-22
-51
-65
-82
-40
-5
17
44
42
19
2
-7
-6
1
20
47
21
36
40
61
41
60
94
94
78
77
77
31
12
27
39
57
98
118
130
123
127
110
105
76
62
75
91
119
124
110
92
78
34
14
6
25
-4
11
16
-11
-23
-49
-41
-55
-41
-51
-55
-66
-79
-76
-91
-114
-119
-133
-155
-157
-168
-143
-133
-115
-105
-118
-128
-135
-121
-101
-96
-121
-124
-148
-170
-166
-158
-114
-108
-87
-85
-85
-77
-75
-40
2
51
92
125
117
108
92
48
30
21
12
37
64
96
119
124
109
116
72
70
95
130
189
199
200
140
134
109
118
148
185
208
210
217
174
127
140
158
169
238
263
262
257
223
176
129
112
98
81
77
93
66
54
36
-6
-20
-44
-51
-50
-45
-54
-43
-57
-90
-120
-157
-177
-221
-222
-232
-238
-250
-243
-271
-268
-269
-271
-259
-274
-246
-319
-347
-372
-382
-382
-391
-398
-414
-419
-418
-375
-351
-297
-252
-200
-188
-170
-156
-132
-99
-111
-72
-75
-45
-28
-22
3
27
82
98
131
157
179
231
261
318
322
367
368
373
367
345
371
357
382
378
381
390
388
387
408
411
414
425
396
388
392
368
344
299
284
246
229
212
192
164
140
132
97
84
65
63
26
22
4
-19
-30
-45
-19
-39
-40
-56
-69
-134
-158
-190
-188
-200
-179
-168
-172
-162
-181
-187
-203
-198
-216
-210
-216
-238
-238
-266
-264
-265
-265
-251
-263
-261
-276
-278
-272
-276
-273
-270
-251
-270
-257
-275
-281
-295
-278
-257
-257
-265
-253
-256
-269
-250
-251
-252
-262
-237
-242
-190
-175
-141
-116
-121
-97
-94
-88
-80
-82
-67
-24
-1
11
62
84
118
156
170
236
243
275
296
348
352
369
389
391
375
406
407
433
465
497
529
522
546
525
521
539
548
537
544
512
500
460
425
403
363
341
310
289
237
227
201
207
193
177
165
148
105
50
10
-65
-95
-168
-184
-234
-271
-285
-285
-292
-300
-287
-309
-299
-322
-305
-299
-278
-289
-293
-315
-327
-365
-402
-387
-404
-384
-368
-369
-351
-347
-333
-315
-317
-287
-274
-260
-238
-265
-270
-285
-276
-293
-279
-270
-269
-268
-259
-253
-248
-241
-217
-180
-161
-120
-99
-76
-88
-78
-74
-129
-119
-120
-92
-88
-58
-40
-34
13
52
64
93
126
124
146
158
180
212
211
249
277
282
297
313
340
337
372
384
417
429
407
399
374
338
346
373
397
425
463
471
455
438
382
364
360
363
351
354
340
325
267
219
187
183
156
146
157
129
119
100
79
52
36
22
10
-49
-61
-97
-157
-155
-183
-194
-223
-209
-200
-209
-212
-202
-197
-223
-228
-267
-277
-300
-305
-306
-330
-313
-313
-290
-275
-284
-282
-270
-256
-207
-225
-196
-214
-215
-224
-224
-214
-210
-192
-188
-207
-247
-251
-241
-226
-220
-204
-190
-195
-245
-234
-218
-203
-180
-179
-175
-214
-224
-189
-145
-126
-92
-81
-128
-102
-109
-94
-77
-39
-32
-17
8
21
52
65
90
85
103
109
166
188
251
276
281
292
296
292
310
342
393
438
427
426
393
406
357
394
422
466
470
483
460
399
367
341
354
315
337
355
351
353
345
296
268
242
261
229
193
153
103
86
21
37
23
53
48
35
-255
-600
-682
-677
-307
137
524
593
428
32
-519
-774
-822
-541
-158
111
203
69
-122
-397
-531
-591
-458
-235
-66
47
1
-150
-324
-442
-526
-503
-313
-151
35
142
95
-208
-634
-785
-823
-468
27
409
463
244
-105
-667
-916
-867
-504
-11
333
460
254
-44
-416
-581
-606
-445
-89
71
155
64
-57
-233
-237
-302
-246
-114
-25
124
197
150
61
25
-27
-15
114
326
368
387
268
152
5
29
115
145
325
457
588
544
470
324
183
118
207
414
551
684
679
493
234
172
159
289
389
500
529
488
435
351
305
284
293
239
221
236
277
280
276
228
192
142
101
63
52
82
84
111
38
-46
-118
-111
-100
-46
1
7
-28
-95
-147
-239
-226
-156
-77
-38
-59
-142
-272
-402
-504
-525
-435
-365
-251
-257
-362
-444
-548
-547
-528
-509
-551
-520
-519
-540
-546
-548
-525
-476
-392
-441
-434
-437
-434
-442
-409
-296
-348
-335
-475
-843
-1105
-1093
-934
-415
70
282
233
122
-105
-167
40
298
700
854
767
472
200
-111
-177
-62
115
407
482
465
323
151
96
251
449
585
726
701
583
503
398
251
215
251
303
483
662
766
817
766
641
564
527
545
551
614
610
617
560
369
171
-50
-197
-161
54
310
523
647
555
374
202
104
162
243
397
447
434
257
-22
-206
-362
-287
-130
118
295
328
176
-118
-343
-520
-520
-435
-334
-218
-196
-249
-407
-627
-828
-967
-913
-700
-445
-218
-192
-327
-603
-876
-1049
-1026
-857
-686
-530
-509
-561
-756
-957
-1111
-1069
-862
-618
-423
-373
-453
-578
-710
-804
-780
-692
-475
-253
-90
-29
-55
-121
-214
-231
-150
43
268
392
432
353
270
146
117
129
237
472
723
928
1013
954
758
560
490
577
788
980
986
876
682
503
438
530
717
908
1012
981
867
737
590
472
321
182
24
-21
156
374
640
796
818
602
318
100
102
350
719
1102
1277
1215
881
444
24
-252
-283
-188
-5
82
46
-85
-293
-411
-505
-499
-466
-478
-468
-503
-499
-509
-506
-564
-657
-705
-742
-708
-652
-603
-598
-627
-673
-725
-675
-654
-609
-607
-660
-721
-825
-904
-972
-945
-898
-809
-743
-774
-783
-833
-843
-799
-740
-694
-670
-639
-611
-542
-463
-363
-224
-104
-3
58
107
133
215
275
280
270
234
187
164
232
317
442
554
567
516
447
392
398
480
635
780
910
928
816
643
480
407
403
528
671
851
972
997
938
744
638
482
391
264
201
177
198
409
596
791
853
780
581
380
341
534
905
1258
1479
1469
1188
772
326
34
-66
-11
185
328
354
210
-77
-372
-585
-646
-561
-406
-303
-257
-338
-460
-599
-747
-798
-790
-666
-550
-427
-414
-516
-647
-851
-954
-984
-858
-738
-620
-608
-711
-919
-1191
-1343
-1418
-1319
-1107
-874
-693
-613
-699
-865
-1016
-1080
-1028
-879
-663
-495
-381
-384
-452
-510
-516
-386
-167
110
347
522
543
482
321
142
16
28
87
232
407
521
588
551
426
281
156
132
272
529
834
1027
1085
905
600
287
48
15
158
410
687
903
1022
960
819
654
494
362
250
127
141
240
466
835
1122
1236
1078
796
470
327
475
871
1374
1732
1859
1670
1224
698
256
18
-4
187
389
471
388
147
-116
-392
-555
-564
-480
-338
-199
-87
-87
-200
-353
-616
-787
-848
-716
-455
-210
-71
-125
-325
-626
-896
-1087
-1110
-1012
-908
-865
-916
-1086
-1338
-1549
-1661
-1637
-1496
-1270
-1073
-919
-841
-824
-841
-926
-949
-907
-774
-572
-383
-270
-337
-463
-638
-705
-619
-359
-1
330
520
490
283
-44
-341
-526
-410
-124
275
616
774
653
355
11
-232
-201
77
530
933
1159
1081
807
416
123
-42
-4
183
454
786
1046
1231
1293
1251
1055
695
247
-123
-257
42
682
1403
1985
2081
1759
1123
484
229
430
1084
1790
2338
2490
2189
1585
832
183
-158
-176
93
465
711
749
573
250
-151
-488
-648
-657
-529
-325
-91
74
132
35
-151
-392
-583
-619
-622
-563
-569
-631
-766
-939
-1130
-1288
-1416
-1537
-1624
-1732
-1793
-1813
-1791
-1721
-1611
-1446
-1278
-1171
-1111
-1096
-1106
-1105
-1087
-1048
-955
-852
-782
-726
-722
-757
-751
-655
-541
-358
-176
-19
135
246
388
414
320
54
-250
-461
-395
-108
303
669
780
686
369
146
82
270
633
1016
1250
1235
1014
735
474
359
353
435
581
717
849
908
997
1048
1176
1170
823
290
-269
-413
-137
601
1486
2139
2406
2026
1369
699
380
600
1115
1776
2259
2425
2185
1554
839
94
-398
-551
-382
-47
223
429
402
227
-81
-432
-632
-652
-439
-112
205
418
336
92
-309
-650
-834
-871
-738
-657
-601
-701
-889
-1162
-1395
-1583
-1715
-1711
-1702
-1676
-1687
-1688
-1727
-1722
-1694
-1581
-1419
-1211
-1004
-873
-775
-821
-917
-1050
-1099
-1025
-850
-621
-441
-414
-461
-597
-645
-571
-348
-8
328
516
471
220
-189
-439
-545
-375
-64
302
570
668
591
399
250
219
354
611
972
1347
1536
1509
1255
856
531
255
179
244
404
631
759
860
684
582
369
-7
-277
-479
-90
472
1249
1978
2365
2446
1996
1464
1016
953
1342
1810
2367
2604
2476
1996
1194
423
-250
-591
-569
-377
-229
-224
-227
-231
-228
-264
-209
-131
-16
115
273
488
616
610
430
176
21
-149
-282
-483
-796
-1146
-1513
-1753
-1857
-1821
-1671
-1484
-1397
-1478
-1673
-1866
-1962
-1900
-1719
-1413
-1107
-914
-860
-961
-1074
-1214
-1331
-1401
-1385
-1248
-1040
-799
-651
-615
-671
-777
-818
-685
-420
-98
194
429
458
325
108
-86
-292
-459
-571
-489
-252
126
474
776
913
791
627
462
572
803
1250
1607
1735
1636
1166
806
462
379
420
448
568
546
527
375
0
-664
-1396
-1701
-1364
-347
1055
2345
3209
3220
2489
1509
803
785
1381
2316
3164
3535
3214
2255
1045
-124
-922
-1215
-1018
-604
-126
265
528
481
148
-521
-1298
-1732
-1683
-889
209
1521
2446
2648
2132
1062
66
-722
-927
-741
-343
18
22
-314
-1035
-1899
-2657
-3144
-3181
-2822
-2190
-1401
-767
-383
-428
-706
-1064
-1306
-1278
-1066
-680
-395
-341
-649
-1153
-1657
-1997
-2041
-1802
-1382
-909
-512
-272
-162
-185
-259
-255
-178
-26
176
327
300
19
-390
-828
-1126
-1119
-841
-301
364
957
1372
1448
1271
977
764
696
777
1003
1263
1462
1443
1181
690
196
-102
-195
-74
176
560
881
994
589
-530
-1842
-2771
-2518
-1304
593
2653
4009
4292
3328
1936
853
532
988
1955
3069
3774
3674
2777
1327
-258
-1625
-2423
-2530
-2021
-1033
13
947
1409
1235
536
-311
-835
-830
-379
292
997
1498
1672
1437
1196
880
519
123
-320
-662
-970
-1139
-1257
-1287
-1350
-1497
-1753
-2096
-2362
-2525
-2471
-2179
-1723
-1140
-591
-123
159
214
49
-332
-725
-1130
-1390
-1408
-1267
-1074
-1048
-1160
-1363
-1609
-1744
-1591
-1215
-714
-295
36
162
112
-29
-124
-84
-49
-114
-297
-449
-537
-528
-358
49
534
928
1103
1094
948
758
584
518
546
680
900
1023
962
679
287
-52
-225
-112
164
466
746
885
819
194
-850
-1854
-2268
-1709
-400
1308
2951
3842
3788
2902
1842
1115
940
1299
1999
2800
3099
2726
1809
550
-734
-1819
-2313
-2143
-1498
-542
476
1367
1780
1584
918
242
-137
-12
492
1022
1363
1305
984
613
343
194
126
-10
-266
-608
-955
-1343
-1536
-1603
-1567
-1514
-1495
-1481
-1624
-1776
-1838
-1779
-1569
-1217
-730
-228
124
242
95
-326
-928
-1411
-1750
-1796
-1621
-1341
-1169
-1130
-1135
-1215
-1320
-1334
-1152
-878
-655
-423
-227
-195
-244
-271
-259
-244
-249
-124
37
169
196
136
73
-8
60
206
569
953
1204
1148
720
216
-233
-321
-135
315
721
872
922
812
651
406
258
269
252
111
-632
-1521
-2143
-2010
-1015
398
2196
3613
4117
3597
2602
1824
1316
1383
1926
2615
3008
2710
1936
732
-609
-1789
-2471
-2426
-1786
-699
423
1421
2057
2022
1463
819
494
585
1019
1734
2135
1860
887
-278
-1171
-1584
-1288
-588
166
568
429
-102
-926
-1584
-1935
-1912
-1622
-1244
-830
-745
-807
-1074
-1453
-1872
-2118
-1907
-1393
-699
-47
341
229
-374
-1155
-1840
-2144
-2081
-1754
-1324
-971
-769
-870
-1113
-1326
-1420
-1380
-1206
-832
-481
-148
142
356
442
273
41
-227
-424
-479
-367
-74
340
698
909
926
831
605
331
153
52
95
245
470
634
655
619
596
492
417
404
390
380
463
554
531
325
-229
-820
-1112
-704
182
1249
2438
3250
3413
2945
2388
1917
1568
1518
1707
1823
1614
1197
563
-160
-832
-1205
-1236
-1067
-582
80
782
1353
1690
1714
1436
1100
711
310
37
0
63
135
303
489
533
298
-159
-675
-1115
-1385
-1402
-1295
-1141
-1016
-993
-1138
-1308
-1453
-1628
-1746
-1674
-1435
-1233
-954
-594
-344
-359
-597
-857
-1169
-1425
-1582
-1502
-1306
-1218
-1259
-1384
-1390
-1301
-1186
-943
-617
-353
-249
-294
-373
-476
-554
-485
-169
216
557
691
622
388
48
-301
-494
-287
197
781
1206
1454
1353
857
216
-283
-449
-263
250
791
1172
1269
1067
636
146
-154
-165
-33
291
704
856
624
-19
-677
-1045
-897
-181
909
2074
2917
3247
3050
2477
1873
1299
1003
998
1102
1141
1013
753
256
-318
-799
-1109
-1138
-842
-226
503
1179
1642
1729
1406
921
447
62
-57
43
345
595
710
626
268
-132
-576
-905
-1087
-1090
-1016
-977
-878
-825
-841
-1004
-1194
-1389
-1592
-1619
-1419
-1110
-850
-660
-517
-604
-820
-1006
-1159
-1259
-1363
-1357
-1326
-1257
-1198
-1205
-1173
-1117
-1039
-1011
-936
-865
-886
-833
-689
-472
-286
2
310
521
570
387
0
-492
-742
-725
-469
54
690
1049
1038
816
470
88
-71
95
492
834
1071
1206
1072
865
651
503
300
82
105
189
364
267
-345
-1203
-1924
-1973
-1235
270
2186
3724
4293
3784
2763
1728
1106
1187
1714
2351
2626
2324
1525
415
-751
-1715
-2261
-2241
-1674
-765
296
1284
1881
1880
1314
587
6
-123
266
1007
1699
1956
1650
814
-120
-844
-1209
-1257
-1043
-771
-692
-701
-761
-959
-1274
-1526
-1625
-1627
-1413
-991
-537
-322
-390
-653
-1053
-1429
-1478
-1261
-960
-687
-625
-847
-1276
-1653
-1841
-1810
-1525
-1160
-819
-549
-398
-360
-446
-604
-760
-855
-897
-836
-499
-3
458
595
391
-87
-700
-1128
-1132
-631
147
991
1567
1736
1554
1173
652
168
-36
-117
50
465
1074
1500
1548
1290
792
117
-407
-504
-232
-373
-1419
-2531
-3096
-2630
-1393
610
3092
4613
4563
3361
2141
1335
1144
1929
3077
3903
3738
2741
1316
-286
-1754
-3043
-3609
-3359
-2443
-1153
362
1886
2529
2095
1146
410
138
427
1415
2601
3159
2734
1640
327
-860
-1677
-1944
-1773
-1395
-1009
-732
-539
-465
-583
-974
-1359
-1353
-1068
-650
-160
284
246
-403
-1157
-1730
-2020
-1997
-1541
-955
-555
-484
-681
-1096
-1524
-1695
-1667
-1375
-813
-239
-1
-76
-267
-619
-1003
-1287
-1193
-858
-590
-360
-213
-245
-522
-828
-1003
-884
-532
-111
338
759
1008
990
717
463
334
314
486
874
1306
1414
1265
952
591
268
94
258
467
704
799
571
-893
-3365
-5199
-5592
-4171
-1498
2073
5403
6721
5778
3542
1529
420
550
2001
3782
5020
5004
3728
1671
-732
-3002
-4776
-5370
-4610
-3021
-1050
985
2600
2886
1837
594
-74
-39
726
2244
3964
4751
4079
2345
400
-1296
-2410
-2684
-2205
-1410
-997
-1007
-1337
-1714
-2095
-2371
-2114
-1298
-198
723
1368
1682
1287
198
-961
-1622
-1836
-1665
-1113
-572
-455
-941
-1758
-2563
-2937
-2727
-2066
-1060
27
778
888
610
226
-252
-761
-948
-839
-628
-551
-457
-395
-608
-1026
-1464
-1734
-1696
-1371
-796
106
962
1434
1482
1179
830
498
349
467
775
1067
1121
981
804
566
372
236
296
470
765
957
896
-519
-3403
-5854
-6844
-5467
-2486
1618
5706
7429
6363
3566
1060
-125
326
2409
4782
6490
6525
4869
2233
-727
-3328
-5279
-5909
-4998
-3112
-951
1092
2566
2586
1221
-273
-933
-503
840
2906
4973
5659
4576
2255
8
-1489
-2086
-1635
-704
155
77
-705
-1663
-2498
-3079
-3472
-3260
-2575
-1528
-348
694
1434
1339
387
-854
-1578
-1461
-815
136
913
957
-23
-1672
-3107
-3890
-3852
-3096
-1838
-529
350
531
265
-118
-442
-563
-404
42
448
524
237
-285
-982
-1695
-2187
-2267
-2036
-1495
-867
-209
482
1023
1252
1218
1171
1078
963
986
1152
1453
1457
1224
925
547
130
-172
-157
204
657
880
192
-2221
-4960
-6634
-6235
-3711
74
4405
7036
6824
4531
1728
47
-11
1810
4454
6513
7203
6071
3708
821
-1865
-3939
-5056
-4709
-3387
-1706
-67
1279
1666
613
-829
-1402
-815
592
2520
4650
5751
5038
2896
314
-1354
-2076
-1562
-292
960
1401
400
-1098
-2512
-3347
-3562
-3126
-1972
-998
-473
-440
-666
-1016
-1680
-2229
-2366
-1835
-901
-84
638
879
415
-782
-1977
-2507
-2425
-1860
-1095
-251
73
-376
-1177
-1734
-1851
-1492
-714
252
930
928
404
-317
-922
-1386
-1528
-1350
-1023
-653
-469
-286
-72
172
377
624
959
1264
1436
1515
1570
1575
1545
1490
1343
1110
890
658
435
361
472
445
-293
-2643
-5318
-6869
-6421
-3700
70
4123
6626
6251
3792
1012
-286
234
2342
5152
7036
7220
5644
3084
438
-1759
-3142
-3566
-3016
-1886
-803
-84
217
-21
-1078
-2100
-2066
-853
986
2835
4318
4759
3549
1187
-700
-1196
-383
1159
2765
3514
2622
291
-2233
-3813
-4096
-3315
-2132
-1133
-827
-1392
-2463
-3387
-3575
-3087
-2377
-1308
-84
765
983
779
457
-184
-1017
-1519
-1476
-1321
-1184
-1175
-1202
-1395
-1717
-1895
-1763
-1269
-694
-163
275
632
638
336
189
249
180
-256
-915
-1638
-2340
-2641
-2184
-1034
273
1116
1398
1365
1151
1067
1322
1927
2572
2810
2689
2415
1900
1158
490
-4
-116
-54
-6
-977
-3597
-5982
-6970
-5753
-2682
1268
4954
6190
4590
1826
-260
-415
1325
4226
6813
7623
6549
4070
1444
-492
-1545
-1798
-1430
-604
-37
-132
-604
-1158
-1931
-2910
-3181
-2095
-197
1637
2945
3509
3078
1664
256
-677
-626
601
2236
3614
3967
3177
1198
-1442
-3359
-3897
-3354
-2343
-1240
-792
-1570
-2871
-3731
-3898
-3545
-2632
-1509
-768
-409
-108
87
172
130
-92
-570
-1066
-1254
-1413
-1517
-1399
-1177
-1164
-1270
-1088
-892
-773
-642
-293
145
281
404
639
648
240
-506
-1260
-1955
-2444
-2380
-1725
-620
311
758
846
736
731
875
1384
2337
3163
3492
3102
2432
1690
863
354
332
786
1045
522
-1730
-4970
-7177
-7107
-4654
-875
3072
5591
4952
2042
-627
-1371
156
3081
6335
8047
7388
4952
1967
-109
-828
-664
-7
767
1204
745
-412
-1412
-2003
-2552
-2785
-2032
-560
597
1071
1030
657
-33
-558
-523
-69
873
1872
2730
3112
2946
2246
975
-324
-1160
-1516
-1711
-1702
-1585
-1905
-2650
-3403
-3721
-3723
-3551
-3048
-2376
-1808
-1304
-733
-202
194
332
89
-416
-839
-1139
-1371
-1374
-941
-547
-494
-543
-582
-803
-1159
-1162
-664
46
623
1135
1432
1129
218
-986
-1977
-2472
-2505
-1929
-897
154
594
301
-169
-373
-68
692
1839
3030
3637
3413
2755
2037
1370
879
637
930
1254
1184
-365
-3445
-6063
-6912
-5305
-2042
1654
4413
4476
1857
-1100
-2293
-860
2246
5610
7675
7240
4785
1700
-329
-467
548
1793
2581
2542
1547
-245
-1707
-2052
-1701
-1289
-641
282
565
-25
-887
-1421
-1524
-1355
-687
406
1347
1616
1370
972
808
943
1226
1604
1947
1611
353
-1151
-2183
-2583
-2547
-2284
-2009
-2064
-2682
-3517
-3888
-3624
-2988
-2139
-1136
-189
231
-18
-467
-744
-970
-1185
-1091
-623
-168
-115
-340
-509
-644
-839
-969
-669
-37
391
554
792
951
610
-175
-963
-1345
-1535
-1636
-1333
-693
-310
-435
-742
-679
-152
454
1163
1970
2625
2696
2299
1869
1599
1434
1266
1337
1588
1561
794
-1691
-4637
-6215
-5501
-2760
365
2957
3851
2020
-938
-2642
-1721
1183
4354
6659
6750
4724
1824
-283
-391
971
2585
3520
3331
2273
493
-1145
-1440
-435
597
1045
1235
988
-226
-1737
-2497
-2253
-1532
-796
145
779
744
220
-403
-590
-166
796
1752
2419
2632
1947
489
-1012
-1750
-1853
-1805
-1701
-1555
-1843
-2656
-3398
-3609
-3480
-3068
-2395
-1629
-1000
-850
-1072
-1281
-1175
-845
-715
-599
-259
-77
-423
-907
-891
-698
-725
-737
-338
214
421
516
748
787
296
-516
-974
-967
-766
-567
-356
-149
-387
-997
-1345
-1012
-188
590
1240
1726
1947
1803
1435
1369
1651
1983
2018
2021
1933
1460
71
-2675
-4829
-5108
-3374
-595
1629
2881
2174
-409
-2631
-2600
3
3334
5720
6317
4784
2057
-231
-641
943
3023
4174
3967
2662
992
-598
-1118
-2
1626
2439
2167
1402
148
-1502
-2450
-2160
-1156
-358
-168
-314
-769
-1314
-1429
-1002
-129
805
1436
1656
1566
1288
680
-53
-496
-575
-555
-864
-1352
-1887
-2519
-3095
-3266
-3000
-2678
-2444
-2191
-1891
-1686
-1638
-1608
-1544
-1400
-1197
-1041
-835
-534
-451
-717
-945
-824
-616
-588
-510
-117
225
440
683
889
793
238
-398
-733
-720
-543
-388
-256
-197
-468
-805
-726
-122
509
865
1148
1234
1072
884
966
1362
1843
2214
2224
2001
1407
598
-1400
-3781
-4552
-3252
-684
1473
2501
2034
-156
-2501
-2870
-755
2635
5233
5877
4360
1760
-355
-848
650
3126
4646
4388
2843
1050
-363
-880
203
2266
3475
3043
1783
329
-1170
-2047
-1662
-470
386
254
-518
-1445
-2082
-2036
-1304
-247
728
1208
1054
721
565
548
366
209
185
19
-519
-1177
-1622
-2018
-2392
-2570
-2487
-2474
-2527
-2492
-2255
-1932
-1797
-1887
-2036
-2035
-1816
-1519
-1198
-774
-583
-877
-1343
-1437
-1229
-990
-697
-281
163
281
294
476
597
381
-89
-428
-336
-216
-197
-174
-146
-262
-561
-470
-2
591
954
901
697
592
696
883
1286
1832
2174
2007
1829
1597
1112
-518
-2842
-3920
-3157
-840
1389
2421
1966
-43
-2372
-3023
-1146
2256
4766
5276
3888
1632
-212
-565
961
3427
4747
4195
2530
785
-290
-473
714
2764
3921
3294
1707
245
-828
-1352
-799
276
820
284
-871
-1787
-2163
-1995
-1449
-791
-119
258
272
215
429
701
571
234
173
200
-75
-494
-864
-1267
-1793
-2183
-2203
-2121
-2180
-2194
-2100
-1933
-1796
-1900
-2144
-2291
-2091
-1774
-1569
-1253
-974
-1108
-1640
-1779
-1469
-1134
-854
-527
-155
-49
-55
144
407
502
392
189
24
-68
-224
-382
-355
-182
-131
-119
111
495
705
537
378
399
455
638
967
1391
1754
1788
1643
1519
1288
743
-938
-2867
-3377
-2103
169
1761
1997
1061
-867
-2457
-2159
238
3196
4631
4164
2317
384
-387
348
2315
4236
4456
3089
1286
161
92
891
2478
3985
4002
2505
785
-177
-498
-275
530
1162
936
-287
-1569
-2147
-1958
-1374
-853
-642
-784
-937
-872
-407
346
772
517
-129
-432
-303
-190
-203
-360
-772
-1563
-2133
-2072
-1837
-1696
-1639
-1569
-1664
-1879
-2138
-2263
-2206
-1939
-1680
-1562
-1421
-1378
-1644
-1958
-1770
-1252
-987
-917
-735
-476
-441
-287
134
405
355
147
147
154
76
-145
-331
-307
-95
143
394
667
800
591
170
107
408
696
931
1184
1523
1467
1204
956
1006
1139
1009
61
-1737
-2767
-2323
-644
952
1583
1179
-175
-1763
-1935
-222
2210
3626
3506
2040
332
-392
399
2179
3862
4138
2897
1257
261
444
1547
3065
4259
4135
2537
835
-92
-8
647
1509
1912
1194
-330
-1653
-2154
-1648
-740
-62
-169
-964
-1857
-2266
-1775
-618
412
582
57
-682
-1069
-1120
-838
-484
-371
-773
-1445
-1866
-1833
-1492
-1060
-804
-949
-1501
-2113
-2358
-2137
-1664
-1256
-1113
-1302
-1680
-2054
-2081
-1713
-1212
-962
-1019
-1065
-961
-780
-485
-42
286
253
14
-19
21
-47
-208
-243
-83
139
319
495
595
605
440
283
418
695
944
961
1027
1096
1170
1002
790
711
1049
1313
1166
102
-1614
-2600
-2357
-851
731
1440
1031
-189
-1453
-1548
-232
1678
2728
2458
1127
-160
-252
882
2393
3427
3287
2188
938
448
1231
2670
3832
4277
3600
2136
806
381
1013
1879
2450
2091
896
-530
-1484
-1521
-665
197
217
-677
-1714
-2228
-1980
-1146
-140
249
-282
-1179
-1718
-1641
-1229
-815
-578
-778
-1216
-1644
-1738
-1379
-905
-624
-746
-1068
-1427
-1728
-1824
-1572
-1276
-1162
-1340
-1590
-1843
-1984
-1882
-1641
-1405
-1277
-1225
-1211
-1072
-824
-493
-325
-261
-245
-224
-284
-292
-347
-385
-219
62
424
676
755
619
404
264
335
584
876
1108
1216
1136
998
808
695
803
1096
1314
1593
1579
1140
-311
-2154
-2697
-1750
107
1422
1558
788
-629
-1916
-1793
-165
1763
2400
1680
417
-303
-32
1048
2329
3247
2855
1606
722
808
1766
2872
3614
3788
2964
1643
943
1025
1760
2380
2605
2049
762
-319
-680
-466
225
618
235
-852
-1836
-2082
-1676
-948
-240
-277
-1037
-1921
-2315
-2010
-1514
-955
-770
-1211
-1725
-1858
-1644
-1199
-823
-687
-990
-1424
-1550
-1506
-1425
-1158
-938
-1013
-1311
-1480
-1572
-1729
-1702
-1392
-1198
-1166
-1100
-1055
-1008
-915
-697
-469
-430
-485
-611
-666
-463
-112
161
200
167
253
282
276
422
573
605
521
586
918
1079
925
695
552
646
877
1172
1457
1429
1305
1251
966
572
-647
-1658
-1660
-588
896
1371
883
-101
-1247
-1778
-1017
702
1944
1794
793
-6
-36
753
1799
2464
2497
1577
675
522
1341
2477
3034
2962
2650
2044
1446
1560
2043
2584
2579
2016
1289
560
296
378
561
573
189
-735
-1428
-1417
-842
-331
-346
-690
-1430
-2127
-2138
-1756
-1205
-1036
-1284
-1642
-2025
-2038
-1662
-1378
-1340
-1270
-1353
-1500
-1615
-1518
-1370
-1290
-1138
-1034
-1141
-1433
-1793
-1997
-1926
-1569
-1142
-979
-1079
-1231
-1321
-1292
-1058
-734
-427
-433
-596
-553
-395
-110
96
122
52
17
30
151
386
629
784
708
636
602
612
678
897
1260
1505
1514
1292
1167
1072
1102
1310
1381
1036
-369
-1344
-1166
171
1523
1697
1097
-89
-1308
-1655
-657
1109
2176
1902
684
-423
-474
543
1632
2267
2374
1553
504
132
836
1928
2513
2697
2618
1950
1331
1513
2000
2223
2209
2020
1490
683
298
328
399
530
478
-97
-710
-884
-626
-602
-894
-896
-1115
-1552
-1586
-1262
-1122
-1440
-1759
-1830
-1947
-1919
-1479
-1263
-1437
-1572
-1586
-1615
-1633
-1328
-1113
-1217
-1252
-1276
-1692
-2088
-2116
-1836
-1631
-1364
-992
-1090
-1507
-1657
-1427
-1090
-720
-366
-222
-416
-663
-737
-629
-361
-100
-9
-108
-236
-132
57
256
521
676
568
409
451
825
1158
1242
1394
1371
1271
1068
1121
1372
1627
1703
1532
956
-348
-928
-453
849
1780
1609
730
-353
-1103
-932
192
1633
2165
1385
5
-728
-195
967
1903
2267
1931
753
-206
-143
982
2169
2754
2738
2261
1344
840
1302
2095
2399
2079
1594
912
381
334
550
682
705
516
67
-366
-647
-716
-729
-746
-563
-559
-842
-1171
-1384
-1601
-1835
-1768
-1480
-1443
-1617
-1664
-1644
-1758
-1789
-1482
-1164
-1183
-1289
-1344
-1566
-1750
-1778
-1712
-1697
-1598
-1554
-1689
-1721
-1535
-1514
-1591
-1465
-1114
-872
-770
-551
-402
-517
-744
-787
-548
-391
-342
-272
-254
-322
-264
-136
46
192
319
442
531
770
1025
1122
1094
1093
1139
1250
1298
1462
1596
1684
1717
1583
1250
262
-425
-143
824
1570
1453
894
259
-307
-305
439
1414
1797
1284
365
-111
263
1087
1640
1648
1305
594
22
207
1164
2078
2320
2123
1781
1274
882
1275
1950
2203
1644
893
461
330
515
706
838
741
311
-386
-767
-552
-242
-281
-554
-750
-911
-1189
-1378
-1475
-1438
-1604
-1777
-1673
-1498
-1507
-1658
-1622
-1475
-1359
-1201
-1023
-1062
-1323
-1617
-1692
-1600
-1366
-1257
-1362
-1564
-1672
-1702
-1666
-1413
-1105
-1005
-1167
-1060
-779
-596
-512
-395
-472
-808
-1045
-919
-561
-312
-208
-331
-522
-647
-523
-245
94
338
440
432
518
693
893
969
1072
1186
1200
1197
1262
1460
1602
1747
1700
1480
542
-351
-356
570
1672
1981
1557
791
-74
-575
-76
1121
1992
1802
886
-11
-172
314
1092
1557
1644
1133
386
136
649
1581
2132
2154
1932
1432
777
697
1350
1956
1995
1523
747
204
211
600
849
794
568
22
-580
-538
-78
-49
-507
-868
-1039
-1278
-1369
-1098
-1135
-1487
-1781
-1844
-1707
-1492
-1253
-1136
-1369
-1500
-1375
-1441
-1569
-1437
-1323
-1424
-1475
-1310
-1322
-1649
-1671
-1538
-1515
-1338
-988
-889
-1022
-1015
-833
-759
-739
-509
-436
-683
-917
-975
-873
-669
-462
-362
-565
-797
-766
-606
-268
106
337
258
68
80
366
685
993
1173
1109
1021
1039
1195
1319
1402
1503
1612
1500
1305
584
-20
112
915
1710
1701
1097
440
8
-77
616
1601
1991
1301
171
-296
84
863
1502
1672
1373
576
-55
166
1036
1893
2127
1743
1229
802
576
1078
1920
2354
2090
1310
429
-260
-210
599
1399
1516
927
-114
-959
-1059
-467
131
160
-307
-966
-1580
-1765
-1368
-852
-829
-1238
-1544
-1683
-1648
-1357
-1075
-1181
-1453
-1565
-1510
-1478
-1380
-1175
-1190
-1483
-1646
-1594
-1624
-1547
-1348
-1138
-1124
-1057
-940
-976
-989
-865
-762
-786
-705
-558
-607
-920
-1083
-1018
-989
-938
-751
-572
-612
-634
-484
-301
-186
-56
41
80
179
403
697
897
924
856
778
737
891
1105
1322
1485
1692
1743
1623
1167
418
123
517
1401
1895
1669
990
378
29
227
1003
1713
1631
947
415
361
685
1157
1476
1414
949
452
395
809
1284
1535
1476
1275
1163
1037
1093
1376
1723
1661
1389
1068
801
392
14
242
648
814
441
-186
-690
-800
-635
-368
-226
-490
-1024
-1410
-1359
-1052
-705
-717
-1280
-1820
-1968
-1896
-1622
-1272
-1095
-1337
-1788
-1880
-1611
-1438
-1388
-1292
-1332
-1575
-1667
-1418
-1199
-1046
-912
-985
-1197
-1231
-1050
-912
-777
-539
-499
-808
-1016
-932
-847
-871
-699
-493
-555
-699
-631
-426
-412
-343
-125
7
56
151
324
396
419
492
660
728
787
909
1038
1170
1321
1451
1393
1429
1530
1596
1252
714
471
749
1367
1593
1437
965
601
443
657
1186
1619
1597
1048
613
476
693
1054
1204
1077
711
392
469
910
1271
1380
1270
1149
974
780
867
1299
1589
1411
956
608
475
407
380
176
-49
-111
-34
-61
-182
-277
-354
-487
-588
-440
-421
-730
-1070
-1234
-1392
-1522
-1308
-1135
-1397
-1891
-2051
-1819
-1560
-1399
-1340
-1356
-1627
-1798
-1707
-1418
-1138
-1040
-1254
-1618
-1695
-1496
-1250
-1024
-843
-871
-1135
-1288
-1104
-866
-770
-689
-617
-708
-792
-723
-565
-517
-505
-428
-372
-304
-106
55
123
132
151
183
242
426
717
919
967
1001
980
999
1112
1298
1427
1509
1521
1451
1373
1432
1650
1572
1039
504
435
913
1374
1588
1433
1037
676
569
848
1249
1474
1266
815
349
189
483
928
1221
1070
671
283
181
417
851
1219
1234
1026
665
436
486
817
1109
1038
698
276
-46
-269
-309
-66
307
515
288
-274
-803
-899
-549
-142
-21
-365
-935
-1428
-1562
-1338
-1028
-944
-1236
-1677
-2026
-1960
-1567
-1235
-1185
-1374
-1588
-1673
-1574
-1356
-1149
-1190
-1360
-1422
-1439
-1463
-1363
-1254
-1220
-1258
-1271
-1149
-1036
-1010
-986
-983
-892
-657
-415
-342
-358
-399
-468
-484
-343
-38
141
243
329
349
236
252
435
595
787
1022
1108
1068
1159
1274
1358
1356
1396
1456
1436
1374
1441
1581
1529
1402
1306
1229
1172
1238
1363
1446
1385
1204
1036
874
809
765
773
822
856
739
498
302
263
354
441
477
289
40
-108
-42
89
170
242
151
-50
-210
-172
-65
41
81
103
48
-38
-72
-17
30
60
117
153
61
-181
-374
-535
-605
-576
-436
-276
-246
-382
-623
-862
-933
-739
-478
-406
-595
-925
-1163
-1190
-1003
-735
-609
-719
-1024
-1316
-1354
-1156
-852
-722
-802
-914
-970
-1064
-1078
-966
-836
-841
-920
-970
-1049
-1026
-901
-723
-634
-601
-677
-806
-727
-438
-149
-45
-85
-157
-131
-19
219
463
603
558
463
457
559
714
803
856
901
989
1062
1050
1046
1003
973
1010
1145
1292
1296
1207
1093
1061
1110
1147
1158
1108
925
818
866
921
903
812
702
622
551
549
606
605
494
346
277
301
303
216
217
209
186
153
151
136
24
-93
-133
-106
-66
-8
9
-73
-177
-272
-301
-312
-332
-369
-433
-451
-455
-448
-476
-541
-608
-630
-566
-491
-417
-440
-490
-536
-526
-445
-395
-404
-542
-682
-741
-730
-649
-584
-559
-658
-769
-805
-757
-631
-531
-513
-612
-721
-757
-763
-748
-682
-642
-681
-726
-704
-632
-611
-645
-580
-399
-252
-215
-164
-99
-16
17
98
224
292
302
305
371
432
485
490
513
577
599
593
638
692
704
721
755
788
814
816
761
694
664
652
637
606
564
530
508
475
443
425
419
383
400
429
449
413
317
249
222
231
258
356
427
376
284
185
192
236
250
288
284
256
204
131
76
93
62
30
-2
-22
-40
-50
-56
-54
-19
-36
-106
-190
-293
-333
-331
-263
-197
-160
-209
-329
-426
-461
-432
-368
-295
-296
-401
-578
-693
-670
-582
-489
-398
-407
-488
-603
-634
-642
-635
-630
-672
-710
-720
-717
-784
-868
-898
-821
-761
-651
-577
-508
-456
-394
-294
-229
-120
-72
-44
69
172
234
269
278
310
315
310
379
504
581
610
644
708
736
802
845
874
862
824
819
794
797
810
772
667
586
540
525
460
427
392
349
307
252
202
174
147
140
124
153
151
81
6
-59
-95
-131
-126
-121
-115
-121
-140
-114
-123
-133
-115
-154
-199
-209
-237
-274
-254
-267
-305
-361
-384
-361
-342
-314
-297
-287
-211
-128
-111
-123
-158
-127
-121
-70
17
55
7
-102
-160
-160
-101
-53
-47
-17
-34
-88
-121
-99
-81
-102
-109
-148
-139
-158
-172
-209
-240
-311
-363
-395
-389
-353
-338
-345
-338
-362
-388
-353
-258
-116
-23
-2
-22
-47
-82
-34
43
162
204
162
142
168
198
288
365
463
531
485
467
463
531
589
662
682
618
536
449
427
402
433
479
460
428
376
333
264
201
193
235
269
278
210
146
45
-9
-33
-31
-14
-27
-71
-124
-135
-156
-190
-276
-312
-354
-389
-362
-334
-337
-382
-443
-433
-401
-376
-390
-403
-411
-425
-384
-392
-359
-365
-364
-353
-316
-240
-242
-222
-166
-98
-104
-168
-203
-183
-168
-115
-31
83
91
72
69
23
74
124
177
185
169
118
19
-46
-46
-27
-1
-18
1
-37
-65
-94
-59
-15
-8
-9
-14
2
5
14
5
53
100
136
141
145
124
129
134
156
233
299
324
334
375
360
383
407
438
477
492
503
470
443
435
387
380
365
330
254
176
138
115
118
102
92
81
66
64
62
25
-12
-78
-101
-69
-34
-57
-120
-127
-168
-223
-228
-225
-220
-277
-287
-310
-326
-329
-380
-447
-499
-494
-490
-493
-450
-426
-392
-372
-350
-345
-398
-433
-420
-393
-336
-259
-222
-236
-277
-249
-182
-104
-67
-30
15
-19
2
74
171
251
283
251
235
241
266
306
293
262
212
178
159
200
224
243
223
188
160
146
113
118
83
65
78
77
64
24
11
1
-31
-50
-47
-56
-31
-4
56
103
133
138
137
112
117
146
186
217
228
228
161
122
131
179
233
253
296
277
243
220
216
245
256
232
172
101
93
82
52
51
37
37
-7
-21
7
23
17
-19
-42
-72
-87
-107
-103
-105
-105
-158
-194
-272
-308
-320
-383
-360
-358
-394
-422
-426
-416
-378
-388
-385
-421
-449
-463
-433
-410
-422
-427
-450
-439
-401
-343
-288
-236
-224
-199
-205
-195
-144
-80
4
116
135
126
96
84
105
136
179
215
225
244
287
341
387
408
401
373
388
407
419
412
398
353
336
349
334
328
297
307
314
308
297
294
298
298
290
276
257
220
198
211
233
238
207
151
106
113
150
155
131
68
48
52
40
56
15
-20
-46
-67
-75
-82
-99
-140
-147
-136
-128
-126
-141
-152
-144
-117
-127
-151
-183
-223
-265
-244
-223
-233
-282
-309
-333
-309
-278
-293
-331
-381
-417
-439
-457
-421
-377
-364
-376
-396
-420
-450
-436
-427
-377
-375
-347
-381
-391
-376
-353
-295
-214
-167
-144
-140
-114
-40
-13
23
42
74
62
87
97
126
183
230
269
287
327
357
369
401
467
485
507
514
511
534
488
462
448
448
462
455
472
488
445
457
444
454
463
444
407
366
348
324
310
269
250
254
231
231
240
205
163
120
129
148
143
85
23
-38
-60
-66
-67
-82
-132
-198
-260
-267
-243
-205
-200
-238
-252
-269
-292
-283
-269
-254
-277
-310
-326
-371
-381
-344
-334
-310
-302
-294
-286
-307
-294
-292
-279
-271
-293
-315
-328
-323
-298
-268
-275
-312
-363
-382
-395
-379
-360
-349
-360
-351
-338
-278
-232
-214
-232
-238
-217
-230
-187
-172
-173
-147
-149
-109
-119
-107
-81
-19
36
133
204
252
267
282
325
358
388
401
413
418
429
411
395
392
384
419
453
481
490
485
512
546
591
620
623
620
570
538
505
500
475
438
396
352
322
346
348
340
361
327
297
253
205
184
172
156
144
85
31
-44
-81
-111
-140
-114
-138
-171
-210
-251
-276
-293
-308
-329
-326
-347
-339
-370
-400
-419
-408
-427
-415
-414
-414
-397
-361
-346
-370
-360
-390
-430
-458
-434
-407
-374
-353
-351
-374
-380
-372
-354
-336
-363
-364
-346
-350
-312
-281
-254
-244
-262
-261
-248
-204
-140
-93
-81
-96
-124
-124
-136
-93
-61
-40
-17
-2
17
4
54
122
161
198
243
268
268
274
276
303
311
316
297
312
335
362
409
458
486
476
475
459
445
486
500
533
551
542
517
481
473
470
467
464
456
448
416
393
386
384
365
345
361
339
313
304
248
217
191
139
114
83
45
18
-35
-86
-123
-149
-150
-156
-186
-190
-245
-256
-264
-311
-349
-384
-417
-445
-453
-450
-449
-457
-469
-486
-477
-491
-482
-478
-493
-513
-499
-502
-506
-477
-457
-438
-427
-423
-444
-446
-423
-373
-365
-343
-333
-331
-301
-287
-251
-235
-221
-183
-160
-142
-148
-148
-151
-146
-98
-48
-40
-28
-20
-4
28
93
126
150
193
190
202
237
239
251
253
273
272
247
276
292
314
351
389
396
414
410
428
472
525
533
551
560
520
486
465
472
494
504
497
488
483
435
413
431
443
449
464
450
414
378
360
371
393
386
343
292
210
183
135
111
97
70
31
7
-3
-61
-115
-198
-243
-283
-295
-321
-380
-388
-441
-475
-487
-497
-532
-559
-569
-587
-578
-569
-565
-586
-594
-594
-590
-577
-605
-600
-609
-633
-624
-567
-546
-507
-476
-457
-429
-423
-390
-367
-327
-284
-262
-244
-283
-297
-285
-286
-240
-204
-184
-142
-86
-45
-13
32
73
112
153
175
214
224
230
247
266
240
266
271
319
335
352
404
390
382
393
427
445
483
493
494
485
497
494
520
526
524
535
549
550
559
564
562
545
515
487
455
446
437
460
480
494
501
485
446
401
358
336
322
289
263
250
219
202
141
75
36
-9
-22
-32
-58
-99
-165
-203
-257
-298
-327
-378
-424
-469
-501
-546
-608
-647
-658
-689
-679
-684
-672
-696
-716
-721
-723
-700
-692
-678
-677
-666
-682
-663
-654
-646
-631
-598
-574
-520
-497
-457
-417
-363
-314
-302
-250
-224
-197
-168
-136
-71
-43
-11
24
34
55
68
107
142
174
211
252
291
341
347
354
385
389
395
401
432
440
450
453
436
410
426
422
456
488
521
548
524
512
475
468
454
475
470
479
471
470
447
418
418
384
387
368
381
393
386
360
335
309
317
328
322
331
299
269
257
220
192
173
133
115
74
53
-18
-74
-96
-136
-147
-141
-116
-151
-187
-241
-310
-360
-411
-422
-447
-477
-512
-518
-560
-579
-585
-595
-606
-623
-596
-612
-589
-569
-593
-584
-617
-621
-622
-608
-589
-566
-546
-539
-528
-521
-515
-489
-459
-432
-362
-322
-294
-268
-222
-163
-135
-98
-68
-24
10
48
88
128
139
153
192
211
259
315
339
380
398
416
424
425
410
401
420
440
452
454
444
433
429
417
449
442
442
444
437
434
455
460
457
450
409
392
338
314
291
303
299
277
285
260
241
244
280
296
301
301
267
234
212
184
174
176
160
126
113
59
24
16
25
20
-9
10
-27
-26
-55
-82
-118
-175
-205
-276
-293
-328
-338
-373
-381
-392
-436
-445
-444
-449
-453
-459
-464
-473
-493
-505
-511
-521
-534
-521
-494
-485
-467
-456
-461
-457
-440
-416
-387
-366
-324
-327
-307
-282
-236
-216
-194
-167
-150
-158
-134
-111
-66
-17
45
71
78
102
108
137
158
219
233
268
281
269
282
276
307
315
324
353
351
367
343
357
343
356
337
359
344
345
350
325
307
253
239
221
239
222
227
206
196
186
207
228
225
228
214
206
200
174
155
130
111
124
150
188
211
218
185
177
148
154
139
155
147
113
129
104
90
73
68
66
44
17
-17
-71
-92
-117
-133
-149
-187
-207
-252
-269
-295
-298
-306
-340
-356
-361
-378
-394
-404
-413
-428
-462
-462
-491
-492
-490
-470
-472
-490
-447
-436
-393
-384
-352
-333
-313
-278
-278
-444
-604
-584
-361
-4
222
180
-118
-341
-408
-191
154
434
580
555
364
140
43
18
86
222
328
383
411
368
296
244
243
302
407
473
494
522
503
486
419
312
219
189
252
374
468
427
51
-407
-616
-458
78
673
861
549
-120
-466
-391
58
553
848
917
606
176
-251
-450
-395
-40
375
613
588
347
-47
-452
-621
-466
-55
343
465
284
-51
-325
-503
-545
-485
-343
-143
70
137
4
-224
-438
-481
-380
-137
107
253
179
-76
-314
-404
-362
-225
-123
-98
-140
-217
-296
-400
-421
-404
-316
-227
-125
-133
-214
-329
-455
-458
-359
-219
-118
-114
-184
-275
-324
-292
-186
-63
4
52
77
101
119
110
86
97
167
224
278
269
172
90
119
216
336
419
413
340
235
176
172
237
290
361
387
342
275
208
162
145
149
206
250
251
220
124
50
44
113
189
243
219
154
54
-37
-36
-11
12
47
43
53
51
18
-23
-62
-80
-67
-15
2
3
-35
-54
-90
-79
-89
-60
-40
8
42
-10
-58
-126
-159
-151
-88
-40
-18
-82
-158
-220
-221
-169
-104
-56
-81
-100
-136
-182
-212
-194
-187
-169
-164
-214
-254
-315
-300
-266
-252
-219
-171
-147
-147
-138
-149
-138
-118
-86
-94
-111
-112
-80
-54
-41
-26
-66
-104
-86
-50
-5
3
18
37
24
49
51
79
121
139
143
134
152
150
186
191
200
226
241
256
260
274
270
288
322
328
330
300
344
335
353
367
358
315
247
271
208
220
157
158
103
105
143
98
104
80
39
-19
1
-5
-20
-74
-125
-145
-137
-117
-69
-72
-109
-167
-198
-232
-254
-242
-226
-204
-153
-153
-156
-202
-248
-274
-286
-271
-233
-186
-203
-236
-256
-269
-260
-250
-228
-230
-216
-179
-162
-160
-174
-167
-135
-77
-7
15
-8
-36
-61
-36
11
90
154
147
136
111
69
24
25
57
115
175
187
126
14
-43
-46
3
99
186
212
151
76
-24
-38
2
82
184
224
217
152
65
-25
-58
-6
101
169
201
158
107
63
15
36
77
147
183
208
189
139
109
114
127
137
153
167
140
79
32
-14
-55
-52
-21
27
64
87
50
-2
-37
-52
-50
-19
8
-8
-33
-101
-167
-221
-219
-201
-169
-136
-138
-139
-145
-142
-137
-167
-156
-145
-134
-160
-176
-181
-180
-169
-164
-154
-177
-162
-139
-66
-46
-20
-9
-26
-61
-55
-56
-15
17
10
9
7
41
36
41
28
29
24
65
86
97
95
114
101
86
84
59
49
17
25
33
72
114
117
114
84
42
18
43
64
105
152
200
202
155
103
45
32
23
84
108
133
113
53
18
5
20
60
122
153
146
129
87
17
-25
-36
5
27
43
46
11
-13
-36
-20
-7
20
67
69
30
8
-25
-63
-53
-46
-1
9
-24
-75
-121
-147
-175
-137
-108
-88
-77
-90
-148
-222
-244
-212
-148
-92
-57
-58
-130
-181
-229
-221
-182
-149
-117
-106
-147
-224
-266
-263
-223
-160
-70
-20
-11
-28
-92
-103
-94
-72
5
79
127
145
124
82
44
64
91
121
135
156
132
123
111
142
189
208
240
219
207
176
138
121
102
127
117
106
101
50
57
78
118
176
189
195
163
88
87
103
121
119
128
109
93
58
0
-45
-73
-67
-23
20
63
59
53
56
39
22
-11
-22
-47
-21
6
41
53
41
-42
-68
-86
-111
-66
-49
-26
-39
-59
-72
-86
-88
-72
-60
-65
-73
-89
-91
-117
-150
-158
-183
-161
-160
-125
-112
-94
-110
-133
-151
-143
-148
-140
-123
-114
-115
-128
-154
-179
-188
-179
-167
-147
-116
-131
-123
-98
-59
-50
-22
-44
-41
-49
-43
-44
-29
-18
-11
-12
-8
6
-4
42
69
92
84
119
133
161
159
171
185
177
162
156
174
197
217
210
213
167
166
143
150
159
195
215
196
159
159
124
91
100
115
122
125
149
155
154
118
108
107
101
93
90
78
64
40
28
41
29
16
19
24
20
17
33
47
27
-28
-42
-60
-70
-50
-51
-73
-85
-97
-112
-143
-143
-134
-160
-152
-144
-148
-156
-164
-181
-203
-241
-260
-216
-203
-173
-172
-161
-140
-187
-203
-235
-207
-213
-200
-176
-165
-168
-211
-220
-243
-223
-191
-117
-102
-74
-27
-28
-43
-46
-43
-43
-6
15
40
55
49
68
69
77
103
113
137
159
163
155
143
170
159
181
191
203
165
142
147
123
163
187
219
186
172
163
154
217
274
280
319
315
258
194
114
71
56
117
158
202
232
184
148
96
45
37
45
70
95
104
100
47
0
-29
-60
-74
-57
-71
-106
-101
-110
-102
-89
-73
-76
-101
-118
-163
-169
-175
-182
-180
-165
-163
-156
-148
-173
-200
-229
-226
-218
-221
-187
-168
-163
-169
-174
-197
-192
-183
-173
-150
-164
-147
-155
-164
-167
-162
-175
-177
-137
-111
-94
-71
-39
-38
-10
-16
-2
-20
-38
-25
-13
-4
25
70
89
139
162
187
171
137
122
127
150
166
192
219
201
201
212
216
211
228
219
234
211
198
184
173
183
192
200
206
221
192
181
155
131
123
124
95
62
50
36
30
12
13
23
7
9
-5
6
16
16
21
-20
-44
-70
-102
-112
-83
-87
-42
-27
-38
-64
-96
-123
-125
-112
-90
-75
-34
-49
-78
-89
-115
-134
-143
-112
-95
-53
-42
-60
-95
-124
-164
-181
-133
-124
-96
-83
-91
-114
-126
-133
-115
-87
-70
-57
-94
-130
-175
-183
-200
-160
-138
-104
-94
-111
-118
-145
-151
-143
-105
-78
-47
-38
-28
-36
-48
-21
5
7
3
8
-22
-4
-13
13
25
58
99
128
147
154
180
180
222
206
205
173
173
165
183
202
202
220
197
202
195
207
200
224
236
251
278
268
243
238
213
202
193
185
185
171
162
148
140
110
83
84
61
67
79
68
57
20
-16
-52
-80
-108
-133
-115
-136
-136
-120
-125
-144
-153
-141
-155
-131
-121
-108
-95
-129
-137
-185
-198
-216
-191
-191
-188
-175
-196
-185
-210
-198
-184
-187
-185
-177
-166
-158
-148
-167
-182
-201
-205
-197
-196
-204
-210
-155
-146
-123
-91
-90
-89
-111
-113
-106
-79
-59
-49
-38
-61
-55
-42
-32
-11
24
49
76
63
77
69
66
81
101
131
161
175
171
195
181
198
187
217
217
200
211
212
215
224
244
244
245
222
217
218
233
249
265
281
268
263
223
216
167
172
178
167
187
175
161
145
131
116
92
76
66
25
25
30
15
10
-22
-33
-41
-45
-28
-39
-54
-83
-122
-146
-158
-164
-156
-135
-153
-168
-201
-201
-214
-220
-210
-196
-213
-204
-228
-257
-246
-242
-221
-199
-198
-217
-209
-229
-229
-252
-232
-240
-216
-205
-201
-184
-200
-203
-212
-191
-187
-154
-134
-125
-117
-121
-115
-109
-101
-98
-76
-52
-35
-29
0
13
25
47
58
85
104
120
150
165
164
163
173
152
150
158
146
173
230
257
253
265
261
258
253
257
281
292
323
349
360
340
317
299
247
229
220
241
245
242
244
248
237
230
221
194
170
158
135
103
58
50
29
-13
-33
-48
-57
-75
-83
-93
-93
-109
-111
-127
-134
-141
-141
-145
-163
-182
-204
-222
-237
-235
-238
-233
-225
-230
-237
-225
-223
-229
-214
-190
-188
-199
-224
-256
-266
-278
-253
-215
-203
-168
-156
-149
-158
-160
-168
-174
-178
-157
-125
-120
-83
-76
-68
-91
-61
-67
-66
-64
-62
-42
-38
-24
-30
-4
7
34
40
50
63
67
71
73
80
89
102
146
164
159
179
173
150
149
160
153
174
175
192
216
213
230
215
222
216
230
239
233
250
227
224
222
208
175
172
192
189
202
200
177
160
137
118
125
136
145
141
138
123
87
51
28
0
3
-2
-18
3
-17
-43
-25
-48
-56
-54
-78
-78
-105
-103
-122
-115
-130
-119
-133
-131
-143
-145
-150
-171
-167
-186
-183
-200
-178
-215
-195
-187
-189
-173
-205
-208
-206
-204
-204
-202
-187
-207
-208
-188
-196
-197
-176
-167
-165
-184
-158
-159
-182
-171
-171
-169
-174
-153
-133
-109
-96
-57
-59
-67
-76
-66
-45
-27
-3
4
20
26
34
36
58
95
104
142
162
155
177
170
196
196
235
248
275
261
252
247
235
241
243
269
270
302
327
319
307
319
290
276
291
270
264
248
249
239
215
192
183
193
174
169
165
134
120
100
78
74
61
43
25
6
-22
-41
-59
-83
-103
-83
-113
-122
-129
-145
-156
-195
-192
-219
-215
-233
-239
-251
-251
-245
-242
-243
-230
-219
-214
-208
-220
-207
-186
-172
-192
-200
-206
-205
-191
-201
-214
-221
-212
-226
-201
-186
-185
-168
-159
-176
-143
-128
-129
-105
-109
-72
-74
-57
-55
-53
-68
-77
-81
-70
-60
-64
-22
21
27
60
52
55
62
53
74
70
117
109
146
133
144
146
151
166
172
197
219
259
271
305
306
305
306
308
285
285
257
247
240
254
270
257
297
304
281
268
247
244
205
206
189
154
135
104
68
56
60
45
52
51
50
41
12
11
-14
-35
-39
-51
-75
-91
-98
-123
-137
-167
-178
-203
-196
-213
-200
-201
-194
-198
-209
-208
-241
-232
-239
-256
-246
-233
-251
-260
-266
-249
-235
-218
-219
-182
-175
-181
-172
-188
-190
-194
-191
-178
-149
-137
-107
-83
-79
-77
-67
-74
-85
-66
-42
-26
-23
-14
-8
-26
-16
0
-3
15
35
36
31
33
21
39
36
48
69
99
111
123
160
141
138
139
119
122
124
110
112
121
140
161
178
205
234
244
261
253
234
225
213
206
204
197
208
210
220
200
208
200
215
222
219
205
196
195
150
151
122
91
89
64
73
50
45
33
10
14
9
4
-5
-30
-61
-61
-88
-99
-92
-100
-128
-141
-157
-189
-217
-215
-215
-219
-237
-226
-245
-255
-239
-250
-249
-242
-251
-274
-273
-270
-275
-267
-258
-241
-243
-241
-221
-219
-201
-179
-172
-143
-114
-117
-91
-83
-97
-86
-79
-62
-44
-43
-1
6
41
43
55
80
65
84
82
106
114
119
135
131
126
133
133
116
140
154
158
178
186
179
188
177
167
158
181
158
187
218
149
104
139
186
-29
115
287
-10
49
240
81
-52
244
178
-63
178
119
-39
109
85
10
61
61
-18
39
2
-4
64
20
70
39
-14
20
-24
-51
-32
-33
-40
-36
-51
-60
-77
-63
-21
-84
-54
-26
-80
-75
-41
-58
-82
-45
-36
-99
-72
-60
-99
-112
-87
-89
-117
-94
-98
-107
-124
-89
-108
-122
-92
-127
-106
-107
-112
-101
-95
-94
-91
-105
-91
-91
-104
-86
-73
-63
-37
-24
-19
-31
-47
-28
-19
-23
-16
-8
9
6
-5
8
-5
-4
17
13
22
30
31
42
30
22
45
34
42
54
56
74
73
75
80
81
76
82
70
76
83
66
73
71
73
90
79
90
77
47
46
62
63
78
120
92
94
94
83
65
98
88
103
109
123
93
85
83
79
94
94
108
77
60
35
45
19
29
32
28
41
21
13
-3
-9
-32
-55
-34
-49
-73
-60
-53
-73
-82
-69
-82
-77
-60
-69
-74
-106
-126
-131
-178
-180
-162
-163
-147
-135
-141
-125
-143
-167
-135
-157
-193
-138
-156
-168
-104
-127
-96
-85
-77
-70
-45
-45
-45
-5
-12
-18
7
12
10
34
19
34
23
44
50
63
61
79
60
80
76
54
97
97
121
102
125
102
83
74
61
89
84
103
114
95
80
75
69
73
66
56
29
30
15
23
49
48
53
43
49
-4
4
11
1
14
22
45
51
63
67
51
42
54
59
61
69
63
52
32
23
18
26
42
38
64
53
54
67
39
7
8
-30
-35
-30
-33
-39
-48
-38
-55
-46
-59
-59
-65
-63
-73
-89
-91
-104
-104
-129
-138
-135
-139
-154
-146
-164
-163
-149
-143
-137
-125
-131
-110
-94
-99
-102
-84
-92
-81
-97
-71
-64
-82
-47
-31
-29
-14
30
13
29
38
68
71
87
106
119
90
93
110
80
73
109
102
107
143
141
127
152
142
130
127
110
106
97
117
94
104
70
53
40
27
28
44
52
41
50
45
32
30
36
-9
-27
-11
-27
-37
-31
-19
-39
-30
-15
-6
-1
4
10
-11
-14
-20
-28
-35
-35
-13
-28
-12
-8
-45
-36
-43
-39
-24
-2
3
-11
-12
-22
-40
-45
-39
-39
-40
-41
-46
-68
-72
-86
-95
-79
-71
-64
-56
-51
-54
-58
-67
-82
-102
-91
-103
-85
-63
-74
-66
-38
-52
-61
-41
-54
-38
-44
-27
-20
-7
-5
-11
12
-13
-2
22
24
35
60
76
100
106
107
107
103
85
90
78
91
83
80
80
88
92
126
144
144
168
125
152
129
103
78
73
58
52
77
64
48
60
38
17
20
9
14
-11
-13
1
-21
-14
-11
-24
-21
-22
-42
-53
-59
-92
-76
-91
-91
-80
-86
-68
-84
-59
-72
-59
-69
-72
-62
-75
-62
-61
-46
-62
-45
-40
-37
-51
-53
-33
-53
-38
-19
-23
-8
-1
-11
-11
-21
-25
-12
-5
-12
-12
-8
-17
-34
-16
-33
-40
-21
-34
-40
-41
-34
-26
-24
-8
-5
-17
-27
-34
-34
-30
-25
-10
-12
2
15
8
16
1
-13
4
26
14
28
48
60
62
73
69
76
80
84
80
79
99
86
103
106
96
100
88
98
82
102
114
119
117
89
80
61
70
55
55
62
62
51
35
15
-5
-17
-6
-33
-4
-9
-37
-19
-48
-43
-61
-66
-78
-88
-83
-108
-113
-112
-124
-125
-115
-119
-99
-100
-97
-99
-96
-83
-67
-51
-55
-51
-71
-71
-67
-59
-54
-47
-31
-8
-25
14
7
18
24
46
61
41
58
40
40
43
58
63
66
66
58
48
56
35
27
47
40
37
54
28
36
19
4
32
31
27
33
32
12
-3
-21
-26
-48
-39
-59
-34
-21
-21
-18
-17
-13
-29
-34
-23
-18
-9
-4
15
19
-9
14
3
0
-1
1
2
20
26
20
34
46
46
25
58
56
46
41
39
24
2
24
24
10
27
26
2
-7
-20
-20
-34
-30
-19
-23
-20
-29
-29
-29
-49
-52
-48
-67
-57
-73
-71
-92
-86
-71
-63
-52
-38
-46
-33
-49
-47
-43
-16
-10
6
23
24
25
16
36
3
31
41
43
53
64
47
52
64
50
86
88
94
100
91
100
80
68
52
56
65
61
59
55
61
47
28
37
36
29
35
36
15
-19
-26
-33
-61
-31
-16
-25
-16
-42
-50
-51
-57
-66
-27
-33
-38
-21
-36
-58
-73
-89
-95
-96
-97
-86
-79
-37
-30
-26
-44
-42
-50
-63
-57
-50
-28
-37
-28
-6
-22
-23
-16
-5
3
8
29
27
24
19
-1
8
7
5
21
40
29
54
51
32
25
37
15
5
6
16
11
13
29
19
20
36
14
26
28
20
17
32
17
26
29
5
25
13
33
20
22
30
29
27
38
18
19
28
14
32
25
11
-12
-8
-19
-18
-29
1
11
6
4
-4
-7
-39
-21
-11
-13
-21
-2
-21
-25
-37
-17
-20
-32
-13
-20
-17
-36
-33
-30
-33
-20
-2
20
22
12
19
1
13
-22
-18
-1
-16
-5
0
5
9
29
36
59
43
29
30
13
16
16
19
24
25
0
5
-5
1
-13
1
5
10
11
11
23
1
-8
1
0
-14
-9
-22
-26
-26
-21
-22
-19
-28
-32
-16
-30
-15
-14
-3
-4
-26
-20
-31
-43
-44
-48
-52
-47
-46
-46
-34
-31
-26
-16
-13
-7
-18
-16
-23
-24
-20
-6
-12
0
12
0
14
2
-6
10
24
22
34
35
28
35
20
27
24
47
73
87
89
87
84
68
64
57
47
62
66
61
64
42
36
32
14
3
1
-4
-8
7
14
5
19
15
24
8
5
-12
-21
-21
-24
-19
-19
-17
-21
-14
-38
-51
-50
-65
-66
-64
-53
-47
-35
-30
-29
-35
-71
-72
-69
-75
-53
-49
-36
-40
-33
-30
-14
5
22
23
14
8
-8
-27
-49
-44
-31
-20
0
1
7
-13
-6
-4
-7
5
9
31
34
33
11
20
18
8
-28
-14
-16
-42
-23
11
1
-4
8
11
10
-1
22
24
15
16
21
16
8
23
7
28
42
62
79
62
66
59
69
71
81
86
98
96
102
84
68
53
39
44
40
51
41
39
28
23
23
-5
19
24
7
11
16
-15
-22
-14
-23
-43
-53
-50
-86
-79
-103
-102
-81
-75
-55
-48
-65
-52
-80
-83
-80
-95
-69
-79
-75
-68
-78
-57
-46
-57
-44
-30
-29
-17
-17
-10
10
-3
14
3
18
12
16
41
35
40
62
46
44
45
26
20
37
24
18
40
43
35
37
24
25
29
20
26
31
24
5
2
-7
-35
-36
-44
-47
-56
-51
-36
-45
-37
-43
-34
-54
-27
-46
-28
-27
-23
-23
-29
-30
-9
-11
1
4
-7
12
-4
11
17
5
25
61
55
65
84
80
68
56
64
56
40
74
70
70
59
48
65
54
67
63
63
69
50
57
42
26
28
10
24
10
9
-1
-30
-33
-51
-37
-44
-17
-15
-20
-7
-22
-32
-42
-62
-67
-66
-63
-51
-61
-39
-53
-51
-32
-42
-23
-15
-24
-14
-12
-20
-15
-21
-27
-4
-6
9
14
32
21
21
23
14
22
7
27
16
20
14
18
27
8
15
4
3
-11
-20
-31
-40
-29
-47
-52
-50
-57
-58
-44
-39
-31
-16
-29
-19
-30
-34
-55
-60
-60
-67
-61
-55
-52
-41
-22
-9
17
15
11
13
10
16
4
29
34
59
44
52
56
55
44
55
61
65
81
81
85
81
80
79
90
82
81
90
80
70
57
40
34
21
17
18
14
26
24
20
19
12
11
-10
-13
-17
-25
-36
-46
-67
-63
-59
-79
-65
-73
-68
-72
-73
-79
-74
-54
-43
-56
-63
-52
-72
-65
-78
-65
-74
-53
-63
-58
-53
-32
-19
-39
-3
-16
-3
16
11
29
28
36
49
48
53
53
60
69
69
60
72
52
59
60
60
62
73
63
71
66
60
55
29
44
23
46
18
13
12
-14
-16
-8
-1
13
16
19
10
13
11
-7
2
-3
-22
-23
-24
-47
-39
-67
-44
-53
-46
-38
-42
-47
-61
-51
-52
-45
-48
-30
-4
4
1
3
4
-20
-19
-9
-24
-23
-27
-11
-10
-5
22
26
35
28
32
37
20
29
11
11
-14
-11
-9
-37
-24
-29
-17
-20
4
-2
-4
-11
-7
-7
-10
-12
-22
-18
-43
-38
-45
-46
-29
-32
-17
-17
0
-6
-16
-4
-5
-8
-4
1
-5
-19
-8
-8
-8
27
19
17
14
49
37
46
70
68
71
82
89
73
61
68
76
60
62
61
54
46
47
44
51
57
35
39
23
8
6
12
12
-6
-13
-11
-27
-40
-30
-27
-24
-15
-12
-17
-16
-25
-26
-20
-12
-2
-2
-12
-17
-11
-36
-46
-45
-54
-41
-34
-52
-49
-38
-40
-47
-41
-21
-39
-21
-8
-14
-16
-19
-5
-36
-27
-32
-30
-31
-51
-38
-38
-20
-12
3
0
-14
-2
2
-13
-13
-9
0
-10
-19
-20
-24
-20
-25
-20
-16
4
3
14
11
13
24
17
2
11
4
3
1
8
12
5
19
15
13
7
17
34
48
43
56
39
49
31
55
68
59
69
70
66
48
58
46
66
50
59
44
19
24
29
22
22
55
42
52
55
45
22
19
16
-20
-25
-23
-42
-42
-44
-39
-37
-56
-52
-51
-52
-52
-31
-34
-40
-53
-52
-55
-74
-63
-37
-25
-26
-6
-12
-27
-25
-37
-45
-48
-24
-13
9
17
30
31
12
10
6
-16
-12
-5
8
-9
-5
-2
-8
-17
-4
2
19
15
15
13
-1
7
-10
-5
-10
-12
-27
-9
-9
-22
-1
-11
-16
-7
-15
-22
-40
-25
-22
-35
-24
-19
-16
-17
-16
-6
-15
-11
-7
-27
-14
-1
-2
7
28
29
27
21
24
31
31
48
54
47
33
25
33
13
22
58
46
81
68
65
47
36
37
28
52
46
47
56
62
35
53
39
21
21
22
22
21
24
12
25
0
20
4
5
-4
-24
-22
-26
-26
-56
-36
-66
-53
-56
-48
-31
-30
-11
-19
-17
-35
-31
-35
-35
-43
-39
-18
-42
-27
-33
-31
-34
-27
-35
-39
-30
-33
-42
-28
-34
-43
-36
-42
-25
-31
-18
-23
-17
-10
-10
-4
-28
-24
-34
-27
-14
-6
-3
4
17
14
11
-5
-4
-6
7
28
9
18
16
-2
-8
-13
1
-4
2
14
18
19
17
21
20
30
21
32
40
18
14
34
34
38
51
47
52
36
41
24
32
40
37
48
47
64
58
65
58
65
67
59
55
57
45
28
30
25
37
18
26
21
17
13
27
4
6
-7
-24
-17
-26
-18
-37
-23
-21
-38
-48
-62
-64
-71
-56
-44
-61
-37
-56
-71
-66
-67
-67
-75
-53
-65
-56
-51
-58
-66
-71
-86
-96
-86
-73
-60
-52
-47
-31
-39
-39
-44
-45
-45
-48
-13
-15
4
17
8
5
-5
-10
0
7
24
31
29
46
45
53
45
33
43
57
68
81
86
82
69
62
50
51
54
69
59
75
93
65
68
66
54
44
70
75
71
74
63
53
29
36
16
16
30
43
46
53
58
45
24
24
21
11
21
6
11
14
-5
-16
-20
-22
-31
-35
-33
-47
-44
-47
-61
-50
-69
-73
-66
-84
-73
-70
-61
-69
-74
-71
-72
-70
-69
-83
-82
-82
-91
-68
-70
-65
-67
-49
-68
-55
-39
-46
-30
-26
-12
-25
-11
-12
-16
-23
-13
-8
-7
-17
-10
-10
-6
-9
-11
14
9
17
30
25
25
27
17
20
20
31
36
51
31
56
57
53
57
59
60
36
55
51
50
40
41
47
30
40
60
46
35
34
32
33
32
29
47
44
47
50
31
38
22
30
28
22
18
21
11
-11
-1
-2
1
11
19
18
21
10
8
-7
-21
-28
-7
-15
-2
-1
-15
-6
-36
-34
-39
-19
-3
-7
7
13
12
13
-1
-34
-19
-43
-55
-42
-49
-46
-53
-63
-76
-59
-54
-32
-44
-29
-22
-17
-13
-14
-16
-46
-24
-42
-37
-32
-42
-35
-36
-32
-22
-17
-5
13
14
30
50
22
27
12
2
-11
12
4
-1
9
3
9
12
20
21
17
25
13
-8
18
-16
2
3
-9
5
-7
9
14
20
38
41
35
22
18
5
-11
-12
-12
-13
-10
1
11
28
29
44
48
49
39
46
35
25
18
11
-6
-9
-7
3
10
5
24
24
31
30
27
26
15
17
21
27
15
23
17
18
16
0
-15
-15
-23
-27
-19
-27
-14
-40
-31
-40
-35
-34
-32
-25
-41
-48
-33
-36
-46
-31
-39
-37
-36
-27
-28
-13
-22
-7
-14
-21
-10
-19
-30
-17
-19
-19
-13
-36
-15
-37
-25
-33
-16
-14
-3
-4
3
-1
-8
11
6
18
9
31
43
23
51
32
25
42
49
52
51
50
43
44
34
34
33
42
40
32
31
34
27
28
34
35
30
31
17
18
0
3
-11
-16
-4
-19
-1
-6
1
-13
-8
-4
-6
-11
-5
-6
0
1
-4
4
-3
-5
-10
-16
-9
1
8
22
10
23
-10
2
-6
-16
9
-4
26
24
28
18
3
-15
-36
-60
-49
-59
-50
-22
-27
1
-27
-26
-27
-47
-39
-45
-31
-54
-59
-66
-79
-81
-70
-89
-76
-61
-61
-43
-49
-42
-35
-37
-36
-23
-21
-20
-3
-3
12
34
31
38
41
22
26
45
51
55
65
63
57
52
57
42
62
68
79
87
77
87
65
56
44
59
46
53
66
61
58
45
50
35
19
25
19
16
-3
1
-6
-12
-7
-17
-40
-37
-37
-46
-36
-35
-17
-30
-29
-44
-41
-44
-43
-33
-26
-20
-10
-13
-23
-17
-17
-10
-13
3
-1
-11
-27
-23
-35
-36
-36
-14
-9
17
47
42
45
43
42
10
31
18
12
8
8
18
14
4
18
9
15
12
13
11
-15
-15
-23
-21
-15
-21
-18
-19
-30
-26
-48
-37
-33
-39
-24
-25
-21
-18
-3
-25
-36
-21
-36
-48
-27
-35
-46
-48
-58
-54
-53
-29
-26
-24
-9
7
4
4
13
2
6
16
27
33
42
45
48
39
39
32
16
12
1
22
25
23
28
12
23
29
12
25
10
5
3
8
-2
6
4
7
18
18
15
20
-1
-8
-1
19
31
38
40
37
29
15
8
8
1
6
6
11
15
26
5
25
14
29
24
32
40
28
47
35
58
16
33
22
20
15
27
51
19
11
-3
-43
-42
-26
-25
-21
1
13
-3
2
-26
-29
-53
-26
-32
-29
-41
-62
-57
-63
-66
-75
-55
-56
-43
-31
-30
-38
-43
-52
-45
-43
-42
-44
-47
-55
-61
-46
-52
-56
-37
-32
-14
-8
-20
-1
-8
-21
-3
-4
-11
-14
-19
6
-11
10
10
17
22
15
40
25
36
24
27
37
57
47
54
60
57
52
68
63
52
48
54
53
44
46
46
61
61
71
66
86
73
70
71
54
46
32
31
9
32
16
21
13
8
15
-14
11
3
-11
3
-16
-19
-34
-35
-45
-52
-27
-49
-22
-28
-34
-32
-33
-17
-43
-17
-31
-34
-55
-49
-60
-72
-66
-72
-56
-57
-44
-49
-44
-51
-55
-44
-46
-34
-11
-23
-27
-46
-36
-27
-39
-22
-28
-30
-38
-37
-53
-41
-34
-33
-19
-8
-14
-4
-13
-22
-1
5
13
33
16
18
10
14
16
39
38
52
45
50
39
49
39
36
51
62
59
71
81
56
80
51
70
68
85
68
70
60
49
43
55
65
55
62
46
46
25
27
12
6
21
20
35
47
39
29
26
6
2
-17
-3
10
-2
5
6
0
-6
-21
-23
-22
-29
-19
-28
-23
-45
-51
-49
-45
-44
-50
-51
-74
-78
-75
-72
-65
-62
-56
-48
-53
-43
-37
-44
-38
-34
-29
-33
-24
-36
-25
-45
-48
-47
-51
-61
-65
-57
-53
-51
-45
-45
-23
-22
-17
-4
-28
4
-16
3
-2
-9
-5
-5
12
6
4
11
7
7
24
42
39
51
49
49
52
40
34
18
23
16
28
45
54
77
77
73
60
50
54
33
48
49
58
51
53
46
17
36
28
23
25
26
12
30
23
22
25
34
31
26
27
5
8
-4
0
-13
-14
-13
-24
-27
-20
-24
-23
-4
-12
3
1
-8
-6
-7
6
0
-2
-1
-4
-20
-31
-36
-27
-42
-34
-13
-28
-15
-24
-10
-21
-20
-31
-20
-12
-2
-17
1
-7
-21
-16
-30
-37
-54
-42
-47
-41
-40
-25
-19
-19
-8
-19
-15
-11
0
-8
-2
-11
-29
-34
-35
-44
-38
-28
-20
-30
-23
-15
-6
14
11
12
28
13
6
7
4
3
6
13
8
11
17
17
10
16
22
46
44
63
64
68
64
49
69
34
38
45
46
51
45
55
36
40
39
40
35
32
33
21
30
17
15
6
19
-3
8
4
-5
-10
-9
-3
-17
-2
-4
2
4
2
-8
-8
-25
-27
-45
-39
-35
-45
-37
-38
-31
-40
-38
-51
-42
-34
-58
-51
-47
-53
-43
-41
-35
-42
-45
-25
-34
-28
-23
-18
-19
-35
-29
-29
-41
-27
-37
-19
-3
-20
-8
-2
-13
-2
7
14
13
22
27
16
3
5
6
15
34
36
65
47
46
23
26
14
23
45
42
51
50
41
35
17
22
13
27
26
11
30
32
30
32
45
26
40
47
42
43
41
23
17
5
0
4
7
3
1
26
21
20
5
8
-4
1
8
-13
-3
-16
0
-12
-12
-19
-30
-38
-44
-53
-43
-33
-39
-29
-32
-27
-40
-30
-36
-29
-28
-39
-31
-33
-51
-40
-40
-35
-28
-23
-11
-13
-11
-12
-19
-29
-15
-26
-13
0
-5
5
18
44
34
-15
-28
-41
-51
-31
-26
-21
3
15
23
32
48
44
-6
-15
-27
-44
-37
-11
19
27
21
24
28
15
9
23
34
35
27
38
13
6
4
12
24
28
28
11
8
0
14
19
41
40
64
51
47
41
25
25
34
31
35
26
23
9
-10
-1
-2
19
28
42
35
36
12
6
-14
-17
-14
-14
-5
10
-6
-28
-33
-38
-32
-28
-22
-23
-24
-32
-52
-51
-47
-45
-12
10
-2
3
-14
-34
-52
-59
-67
-35
-7
13
60
48
36
19
-11
-22
-8
-20
11
42
55
90
75
83
38
15
5
-43
-19
-15
8
36
54
73
50
38
5
-38
-50
-56
-62
-34
-17
-14
-20
-27
-65
-74
-84
-114
-104
-94
-73
-84
-68
-66
-81
-96
-96
-103
-108
-110
-95
-84
-85
-82
-76
-68
-68
-48
-50
-33
-17
-17
12
3
30
53
68
84
93
92
88
59
67
72
86
117
131
152
159
175
168
165
157
166
156
168
184
181
188
183
174
138
130
103
81
91
82
76
85
88
71
57
56
41
34
29
12
9
-12
-31
-40
-53
-61
-89
-85
-104
-110
-121
-124
-114
-107
-113
-106
-100
-127
-148
-153
-170
-182
-180
-171
-169
-166
-146
-148
-139
-141
-143
-136
-141
-135
-130
-140
-125
-125
-108
-107
-100
-89
-84
-83
-63
-79
-72
-62
-50
-37
-25
7
8
13
9
16
23
34
41
54
63
75
79
92
87
97
106
109
120
119
120
120
129
142
153
158
165
154
164
158
162
155
166
187
175
164
167
153
146
145
147
147
143
162
153
149
141
145
108
100
81
57
35
34
10
14
12
5
4
-13
-10
-37
-47
-69
-89
-119
-127
-137
-134
-156
-164
-188
-178
-201
-204
-199
-206
-187
-203
-177
-190
-187
-183
-179
-175
-181
-172
-167
-180
-152
-129
-136
-117
-126
-131
-115
-105
-86
-70
-40
-16
-3
1
7
-7
-8
2
6
26
28
38
58
56
78
80
112
106
122
114
113
117
119
127
130
134
127
138
114
116
109
103
102
105
114
124
107
121
117
118
103
97
87
73
64
59
57
63
73
51
61
57
52
33
40
42
21
28
0
-9
10
-13
-6
10
1
-6
-12
-25
-36
-45
-37
-41
-54
-54
-51
-61
-48
-57
-46
-42
-55
-60
-80
-85
-104
-104
-111
-100
-82
-71
-74
-82
-92
-89
-111
-109
-99
-107
-99
-89
-73
-84
-80
-86
-89
-102
-93
-96
-84
-74
-70
-63
-47
-31
-38
-32
-30
-11
-28
-8
8
12
22
38
54
44
47
60
60
70
73
89
97
114
131
125
144
121
132
115
115
135
144
157
166
161
161
152
134
121
138
130
129
143
124
118
101
92
72
66
50
55
27
33
20
4
-8
-27
-38
-59
-55
-58
-66
-90
-86
-98
-106
-98
-99
-92
-109
-102
-118
-133
-147
-155
-159
-158
-153
-161
-150
-144
-142
-151
-133
-139
-132
-129
-103
-112
-96
-79
-84
-69
-69
-58
-59
-51
-48
-53
-49
-43
-24
-10
25
52
74
85
75
82
72
62
82
85
78
111
116
102
112
104
99
104
118
127
127
140
130
129
105
93
85
72
61
61
61
53
70
51
60
60
48
50
50
42
43
28
17
3
7
13
2
-4
13
-5
-9
-18
-29
-36
-39
-29
-22
-42
-48
-37
-59
-56
-64
-61
-55
-55
-44
-52
-50
-44
-53
-56
-70
-84
-77
-89
-82
-71
-63
-67
-69
-54
-53
-60
-28
-33
-41
-35
-32
-26
-27
-10
6
16
22
25
30
17
5
8
18
12
39
41
42
56
50
59
58
55
70
71
77
77
60
52
48
34
23
34
21
25
11
23
15
28
41
25
50
29
29
0
-11
-28
-49
-55
-47
-41
-39
-29
-19
-30
-28
-37
-41
-41
-44
-46
-49
-38
-33
-40
-49
-40
-56
-43
-54
-49
-60
-49
-40
-56
-33
-42
-44
-37
-41
-42
-24
-34
-23
-16
-9
0
3
19
2
2
4
17
13
5
12
11
21
41
61
61
63
50
34
32
28
39
38
56
54
65
49
51
24
31
30
24
45
42
66
54
63
58
52
43
57
51
50
44
44
40
36
37
39
40
34
55
38
35
29
10
14
10
22
22
33
41
33
32
26
15
9
-3
-4
0
8
1
-3
-10
-10
-22
-32
-28
-48
-47
-59
-59
-76
-78
-83
-101
-89
-95
-89
-107
-97
-114
-117
-116
-119
-111
-106
-98
-96
-98
-92
-94
-104
-102
-91
-70
-77
-51
-56
-38
-37
-24
-10
-14
5
15
20
20
13
13
25
37
47
59
70
70
70
78
64
85
97
91
95
89
83
71
84
65
81
83
78
90
81
82
72
77
50
54
60
52
51
41
51
31
57
31
28
8
-1
-8
-12
-10
-22
-8
-22
-13
-32
-5
-14
-7
1
-1
-3
-20
-20
-28
-35
-41
-32
-35
-36
-19
-16
-6
-6
-19
-24
-16
-24
-26
-24
-13
-19
-15
-23
-24
-25
-6
-14
-6
9
12
12
15
10
5
13
3
2
-17
-19
-24
-16
-17
-12
-25
-7
-17
-8
-20
-25
-18
-12
-17
-27
-28
-23
-29
-34
-32
-29
-20
-39
-30
-24
-16
0
-6
13
8
-7
-17
-17
-35
-37
-18
-34
-5
-7
5
13
4
18
8
23
3
20
8
16
23
4
13
4
2
16
22
28
30
31
20
13
9
21
12
15
29
26
17
19
11
6
10
9
20
24
12
-2
-3
-6
-2
3
14
9
23
19
20
6
14
3
8
-10
-11
-5
-36
-16
-24
-12
-2
19
25
19
24
18
19
21
5
17
25
18
30
13
18
14
16
16
11
18
28
32
25
19
12
10
2
10
9
1
4
-2
-13
-15
-11
-15
-23
-28
-17
-8
-1
-4
-4
-3
-19
-11
-29
-34
-35
-28
-37
-41
-29
-60
-51
-61
-47
-47
-21
-11
-17
-1
-15
-12
-18
-19
-18
-20
-19
-12
-19
-23
-21
-24
-12
-8
10
12
7
11
13
10
4
4
5
3
14
17
27
17
5
-12
2
-4
-2
20
10
40
30
40
23
21
18
5
16
7
24
18
11
1
5
-6
0
1
0
11
29
25
24
16
14
17
-14
4
-10
-6
-8
-6
5
-17
-10
-1
0
-2
-6
2
-8
-9
-8
-2
-1
0
0
-8
4
10
16
24
14
42
38
27
26
18
17
17
33
22
31
37
35
28
18
16
7
-6
4
4
3
-11
-11
-15
-17
-13
-2
0
3
13
10
-1
-1
-11
-32
-31
-26
-35
-45
-38
-34
-38
-43
-37
-44
-39
-38
-35
-43
-32
-34
-40
-22
-43
-49
-41
-37
-30
-28
-24
-22
-25
-32
-18
-25
-5
-4
-1
-10
-13
-15
-43
-29
-41
-27
-8
9
13
8
21
10
0
7
0
10
28
35
33
30
39
22
29
19
37
31
40
46
34
39
48
48
56
72
58
74
68
55
57
54
36
37
34
33
32
47
44
34
41
32
41
21
32
31
19
21
27
19
9
7
0
-14
-4
-19
-18
-17
-11
-20
-4
-7
-11
-1
-11
-15
-28
-37
-43
-54
-55
-47
-45
-49
-41
-48
-47
-53
-38
-51
-44
-41
-38
-33
-31
-20
-25
-14
-5
3
-11
-12
-23
-31
-31
-33
-33
-31
-16
-3
-1
5
0
-3
-7
6
-10
1
5
1
-4
-13
-15
-33
-28
-31
-27
-16
-9
17
1
5
2
-8
-15
-14
-1
-3
13
1
5
-5
-17
-9
-9
-15
-5
13
4
10
7
-6
0
-1
4
13
26
22
22
30
24
39
33
33
48
37
32
32
43
45
56
57
49
45
47
57
43
47
44
37
34
38
26
19
18
10
16
12
26
16
22
15
-7
-3
-8
-3
8
10
20
-2
-16
-22
-43
-45
-36
-18
-4
10
0
-11
-31
-34
-33
-38
-35
-20
-17
-28
-25
-28
-34
-16
-17
-7
-2
10
9
1
1
-11
-20
-20
-20
-20
-16
-12
-21
-17
-19
-23
-24
-12
-14
-10
5
-15
2
-11
-16
-17
-6
-14
-19
-17
-42
-43
-56
-43
-49
-36
-24
-26
-14
-36
-32
-47
-36
-16
-12
3
0
4
-6
-5
-1
6
23
18
37
34
36
37
42
39
39
49
64
54
56
69
62
66
78
78
78
67
72
63
40
46
48
39
39
36
48
38
32
42
33
27
15
29
4
3
-26
-16
-23
-34
-42
-31
-42
-39
-41
-61
-62
-71
-66
-53
-46
-28
-24
-34
-34
-35
-46
-59
-59
-47
-58
-46
-33
-32
-44
-37
-36
-38
-44
-37
-18
-21
0
8
2
-6
-11
-9
-13
-11
5
-2
21
21
20
6
2
-6
1
10
19
36
40
40
24
19
-1
0
11
9
19
27
26
25
13
-8
-25
-23
-30
-30
-24
-3
1
16
26
25
12
14
2
-13
3
1
12
18
7
8
-2
11
33
30
38
54
45
43
43
45
41
42
45
37
38
30
29
28
31
24
30
25
21
17
21
3
12
5
10
-4
2
2
-16
-2
2
-6
-14
-16
-21
-22
-18
-17
-20
-11
-28
-23
-17
-29
-25
-25
-22
-26
-29
-19
-22
-30
-41
-47
-56
-50
-59
-48
-36
-34
-39
-25
-46
-49
-37
-34
-12
-17
5
-8
-7
-9
-18
-6
-27
-28
-9
-14
-23
-10
-3
11
17
41
38
36
29
20
19
10
22
17
26
27
20
25
22
23
35
25
33
40
23
23
25
34
23
29
33
12
11
7
10
1
2
10
13
13
6
-2
1
-12
-12
-3
3
7
10
26
16
18
15
-5
-6
-3
-5
-4
1
10
4
6
-4
-11
-28
-21
-21
-11
-9
-1
12
-10
-2
-13
-19
-13
-22
-19
-27
-32
-32
-44
-45
-27
-12
4
-10
2
-15
-13
-30
-26
-36
-27
-4
-19
8
-6
5
-2
7
-8
-1
1
-3
2
7
19
24
24
24
12
-5
17
-2
4
24
23
31
34
25
20
7
-3
7
16
15
37
50
15
20
0
-10
-21
-16
15
22
37
28
38
8
3
-1
-3
16
15
33
10
6
-9
-37
-46
-39
-34
-25
-5
-10
-8
1
-1
-16
-14
-24
-24
-24
-26
-19
-27
-18
-28
-6
0
-12
2
-1
-11
-10
5
8
5
2
11
9
-1
13
23
13
15
21
10
18
21
9
21
33
27
21
25
17
0
0
13
12
20
24
23
28
11
7
10
-8
-16
-8
1
-11
-4
7
-10
-5
-28
-21
-30
-25
-39
-29
-31
-43
-32
-22
-24
-11
-10
-10
-5
-25
-21
-34
-34
-44
-34
-36
-32
-35
-36
-31
-33
-24
-12
-2
4
13
5
3
-5
-16
-13
-14
-6
-14
-1
7
1
7
25
24
16
26
23
31
40
39
55
67
61
58
42
27
21
14
28
18
41
50
45
54
32
32
19
18
4
7
15
6
12
25
21
21
24
25
27
12
9
8
-5
-16
-9
-24
-14
-2
-5
-1
4
-17
-10
-15
-7
0
5
4
-1
-19
-25
-35
-41
-43
-46
-37
-51
-34
-50
-35
-38
-30
-19
-28
-20
-29
-30
-38
-24
-31
-44
-21
-33
-35
-29
-25
-32
-17
-2
-11
1
17
17
5
15
15
4
9
20
4
16
3
9
-3
1
16
14
24
29
21
19
21
18
38
21
21
54
28
46
37
29
29
5
10
2
19
10
18
15
20
9
15
8
9
0
-2
11
1
3
-16
-15
-26
-25
-25
-19
-18
-38
-28
-31
-21
-21
-17
-4
-3
-3
-6
-10
-3
-9
-23
-1
-18
-13
-21
-11
0
8
20
26
35
22
34
17
33
27
31
35
24
25
22
21
17
5
11
2
-8
2
-6
1
-1
10
12
-3
-11
-4
-13
-15
-7
-5
-5
-20
-26
-15
-32
-31
-22
-16
-8
-7
4
-10
-14
-10
-11
-16
-9
-9
-12
-11
-9
-12
-6
-13
-4
-5
-8
2
-12
-1
-6
1
6
13
17
21
7
-3
-3
-18
-16
-19
-2
-13
-4
-8
-9
9
-13
17
14
27
30
21
25
9
-9
-18
-6
-10
-23
-6
11
5
13
8
7
0
-14
-7
4
-11
-14
-16
-9
-15
-16
-15
-10
-9
-6
-9
4
0
-6
4
7
17
24
31
29
34
33
32
9
2
9
-2
14
15
27
31
40
36
25
34
29
38
52
58
40
47
26
18
4
6
-1
1
22
9
6
5
22
6
11
12
-3
-9
-19
-25
-36
-32
-30
-27
-30
-38
-34
-44
-52
-47
-57
-42
-49
-33
-39
-32
-39
-48
-56
-74
-76
-82
-63
-52
-35
-22
-27
-33
-26
-40
-40
-36
-30
-8
1
16
18
14
-1
20
10
10
23
11
18
26
24
29
39
27
34
25
44
29
57
54
47
68
56
43
25
38
15
26
29
43
37
40
37
33
36
31
22
15
-5
2
10
4
13
7
10
2
9
-2
-10
-5
8
10
8
15
12
4
12
13
15
14
12
12
16
9
18
20
7
-5
6
-6
1
13
25
21
21
14
-12
-24
-33
-18
-23
-10
-16
-7
-18
-40
-43
-45
-49
-65
-30
-48
-48
-58
-66
-68
-77
-61
-72
-70
-58
-57
-54
-49
-59
-64
-57
-43
-42
-27
-20
-16
-22
-14
-25
-17
-15
-13
4
5
17
4
20
27
37
41
50
60
49
64
59
65
65
60
58
64
46
49
57
35
43
43
46
42
50
48
44
47
45
29
39
37
14
29
1
13
-3
-5
-15
-18
-22
-22
-15
-3
3
-7
4
-8
-17
-22
-25
-26
-32
-39
-38
-42
-39
-42
-28
-25
-28
-8
-8
0
-6
7
2
6
-3
-3
1
-4
-19
-15
13
-4
19
13
15
9
15
18
17
14
14
23
24
26
7
4
-16
-26
-22
-15
-4
-5
-4
-3
2
-19
-9
-15
-16
-25
-24
-18
-29
-21
-29
-8
-13
-7
9
10
3
4
8
8
3
7
24
10
5
-2
3
-1
-7
12
10
20
20
8
4
1
3
-3
8
11
14
23
14
18
1
2
-5
-17
-24
-27
-27
-20
-19
-16
0
-2
-6
-4
-8
-9
-6
8
0
-3
-8
-4
-15
-11
-6
-11
-8
-4
-4
-10
7
8
27
15
21
16
8
13
-1
10
-2
11
18
9
3
-4
5
13
12
12
16
16
4
-8
-13
-14
-15
-5
-14
-6
-11
-26
-16
-19
-17
-13
-13
3
2
-15
-13
-21
-13
-20
-8
6
-4
5
-1
-4
7
13
3
11
25
17
12
14
17
1
4
8
21
14
33
35
35
37
24
20
6
12
21
24
33
40
27
25
20
3
-9
8
0
4
7
7
-3
2
-13
-10
-13
-4
-4
-9
-7
-9
-21
-14
-33
-18
-27
-41
-32
-38
-37
-33
-24
-24
-16
-21
-14
-34
-25
-38
-23
-22
-11
-2
-11
-6
-26
-8
-28
-16
-18
3
11
4
10
-1
-1
-13
-1
11
9
11
30
18
17
6
6
-1
2
17
22
28
21
25
17
23
18
15
26
24
15
40
22
23
11
-3
4
-7
-7
-11
1
-11
6
-4
8
13
4
1
6
7
14
11
3
5
-11
-15
-18
-23
-16
-7
1
7
16
10
16
6
6
6
-5
12
13
28
17
14
13
5
-4
0
-4
-3
-14
-25
-15
-29
-16
-10
-6
-11
-16
-13
-19
-26
-20
-9
-18
-18
-27
-33
-25
-36
-30
-20
-15
-10
-20
-13
-23
-20
-17
-13
-9
-18
-5
6
-4
-4
-11
-17
-22
-21
-9
-5
3
5
8
7
5
0
0
5
15
23
33
33
25
29
30
37
34
42
37
41
29
44
33
18
31
28
31
29
28
19
26
29
39
32
22
16
2
8
11
1
-1
4
4
9
17
9
0
11
-3
2
-8
-6
-23
-25
-37
-34
-35
-43
-30
-25
-20
-5
-9
-12
-8
-46
-24
-31
-28
-34
-12
