0
0
-1
0
0
0
0
-1
0
0
0
0
0
0
0
0
0
0
0
0
0
0
-1
0
0
0
0
0
0
0
0
0
1
0
-1
0
0
0
0
0
0
0
0
0
0
0
0
0
0
0
0
0
0
0
-1
0
0
0
0
0
0
0
0
0
0
0
0
0
1
0
0
0
0
0
0
0
1
0
0
0
1
1
0
0
0
-1
1
1
0
0
0
0
0
0
0
1
0
0
0
1
0
0
0
0
0
-1
0
0
0
0
0
0
0
0
0
0
-1
-1
-1
0
0
0
0
-1
0
0
0
0
0
0
0
0
0
1
0
1
0
0
0
0
0
0
1
-1
0
1
-1
0
0
0
0
0
0
0
-1
0
0
0
-1
0
-1
0
0
0
0
0
-1
0
0
0
0
0
0
-1
0
0
0
0
0
0
0
0
-1
-1
0
0
0
0
0
1
0
0
0
0
0
-1
0
0
0
0
0
0
0
0
0
1
0
1
0
0
1
-1
1
0
0
0
-1
-1
0
0
0
-1
0
-1
0
0
0
-1
0
0
0
0
1
0
0
0
0
0
0
1
0
1
0
0
0
0
0
0
1
0
0
0
1
1
0
0
0
0
0
0
0
0
-1
1
0
0
0
0
0
0
0
1
0
0
-1
0
0
0
-1
-1
0
0
1
0
-1
0
0
0
0
0
0
-1
-1
0
0
-1
1
0
1
0
0
0
0
0
0
1
0
0
0
-1
0
0
0
0
0
1
-1
0
0
0
0
0
0
0
0
0
1
0
0
0
0
0
0
-1
0
0
-1
0
0
-1
0
0
0
0
0
0
0
0
1
0
0
-1
1
0
0
-1
-1
0
0
0
1
-1
0
0
0
-1
1
0
0
0
1
-1
0
0
0
0
0
0
0
0
0
0
0
-1
0
0
0
0
0
0
0
0
0
0
1
-1
0
0
-1
1
0
0
0
0
0
0
0
0
0
0
0
0
0
0
-1
0
0
0
0
0
0
0
-1
0
0
0
-1
0
0
-1
-1
0
0
0
0
0
1
1
-1
0
-1
0
0
0
0
0
0
0
0
1
0
0
0
0
-1
1
0
0
1
0
0
0
0
0
1
1
0
0
0
0
0
-1
0
-1
1
0
1
0
0
1
0
0
1
0
0
0
1
-1
-1
1
0
0
0
-1
0
0
1
0
0
0
0
0
0
-1
0
0
0
-1
0
0
1
1
-1
0
0
0
0
0
0
0
0
0
-1
1
0
0
1
0
0
0
0
1
-1
0
0
0
0
-1
1
0
0
-1
0
0
0
0
0
-1
0
-1
1
0
0
1
0
0
0
0
0
0
0
0
-1
0
0
0
1
0
1
0
0
0
0
-1
0
0
1
1
0
0
0
-1
-1
0
0
0
-1
0
0
1
0
1
0
0
1
0
0
1
0
0
0
0
0
0
0
0
0
0
0
-1
1
0
0
0
0
0
0
0
0
0
0
-1
0
-1
0
0
0
0
0
-1
0
0
0
1
0
0
0
0
0
0
0
0
0
-1
1
1
-1
0
0
0
0
0
0
0
0
0
0
0
0
0
-1
0
0
0
0
0
0
0
0
-1
0
0
0
0
-1
0
-1
0
0
0
0
0
-1
0
0
-1
0
0
0
1
0
0
0
0
0
0
1
0
0
0
0
0
1
0
0
0
1
1
0
0
0
0
0
0
0
0
1
1
1
0
0
-1
0
0
0
-1
-1
0
0
0
0
0
0
0
0
0
0
0
0
0
0
0
0
0
0
0
0
0
1
1
1
0
-1
0
0
0
0
0
0
1
-1
-1
0
0
0
0
0
1
0
-1
0
0
0
0
0
0
0
0
-1
0
0
0
0
1
0
0
0
0
0
-1
1
1
0
0
0
0
1
0
0
0
0
0
0
0
0
0
0
0
0
1
0
0
0
0
0
0
1
0
0
0
0
0
0
0
0
0
0
1
0
-1
0
0
0
0
-1
0
0
0
0
0
0
-1
0
0
-1
0
0
0
-1
1
0
0
0
0
0
0
0
0
0
0
0
0
0
-1
0
-1
0
0
0
0
0
0
0
0
0
1
0
0
0
0
0
0
0
0
0
0
0
1
0
0
0
0
0
0
0
0
0
-1
0
0
1
0
0
0
0
0
0
0
1
0
0
0
0
0
0
-1
0
1
0
0
0
0
0
0
0
0
-1
0
0
0
0
0
0
0
0
1
0
-1
0
1
0
0
-1
0
0
0
0
-1
0
0
0
0
1
0
0
0
0
0
0
0
0
-1
0
0
0
0
0
0
0
0
0
1
0
0
0
0
0
1
0
0
1
0
1
-1
0
0
0
0
0
0
0
0
-1
0
-1
-1
0
0
0
0
0
0
0
0
0
0
-1
0
-1
0
0
0
0
0
0
-1
0
0
0
0
0
0
0
0
0
0
0
0
0
0
0
0
0
1
1
0
-1
0
0
0
0
0
0
0
0
0
0
0
0
0
0
0
0
1
0
0
0
0
0
1
0
0
0
0
0
0
0
-1
-1
0
0
0
0
0
-1
-1
0
0
0
-1
1
0
0
-1
0
0
0
0
0
0
0
0
0
0
0
0
0
0
0
0
1
0
0
-1
0
0
0
0
0
0
1
0
0
-1
-1
0
0
0
0
-1
0
0
0
0
0
1
0
0
1
0
1
0
0
0
0
0
0
-1
0
0
0
0
0
0
1
0
0
0
0
0
0
-1
-1
0
-1
0
0
0
0
0
0
0
0
0
0
0
0
0
0
-1
0
0
0
0
1
0
0
0
0
0
0
0
0
0
0
-1
1
-1
0
0
0
0
0
0
0
0
1
0
1
0
0
0
1
-1
0
0
0
0
0
0
0
0
0
0
-1
0
0
0
0
1
1
0
1
0
0
0
0
0
0
0
0
0
0
-1
-1
-1
-1
0
0
0
0
0
-1
0
0
0
0
0
-1
0
-1
0
1
0
0
1
0
0
-1
0
-1
0
0
0
-1
0
1
-1
0
0
0
0
-1
0
1
0
-1
1
1
0
1
-1
0
0
1
0
0
-1
1
0
0
1
0
0
0
0
1
0
0
0
0
1
0
-1
0
-1
0
1
0
1
-1
0
1
0
0
0
0
0
-1
0
0
0
0
0
0
0
0
0
0
-1
0
1
0
1
0
-1
0
0
1
0
0
0
0
0
0
-1
0
-1
0
0
0
0
0
0
0
1
0
1
0
0
0
0
0
-1
0
0
0
0
0
-1
0
0
0
0
0
0
1
0
0
0
0
1
0
0
0
0
0
0
0
0
0
-1
0
1
0
0
0
0
0
0
0
0
0
0
0
0
0
0
0
-1
1
0
0
0
-1
0
0
0
1
0
0
0
-1
0
0
0
0
1
1
0
1
0
0
-1
0
-1
0
0
0
0
0
0
0
0
0
0
0
0
0
1
0
0
0
0
0
0
0
0
0
0
0
0
0
0
0
0
0
0
1
0
0
0
1
0
0
0
0
0
0
0
0
1
1
0
0
1
0
0
0
0
0
1
0
0
-1
1
0
-1
-1
0
0
0
0
0
1
0
1
0
0
0
1
0
-1
0
-1
0
0
-1
0
0
0
-1
0
0
0
0
0
0
0
0
1
-1
0
0
0
0
-1
0
0
0
0
0
1
0
0
0
0
0
0
0
0
1
1
0
0
0
0
0
0
0
0
0
1
0
-1
0
0
0
0
0
0
0
0
0
0
1
0
1
0
1
0
0
0
0
0
0
0
0
0
0
0
0
-1
0
0
0
-1
0
-1
0
0
0
0
0
0
0
0
1
-1
-1
-1
-2
-1
0
1
1
1
0
1
1
0
0
0
0
0
1
1
0
1
1
1
1
0
1
1
0
1
1
0
0
0
0
0
-1
0
-1
0
-1
0
-1
-1
-1
-1
0
-1
-1
-1
0
-1
-1
-1
-1
-1
-1
-1
-1
-1
-1
0
-1
-1
0
0
-1
0
-1
-1
-1
-1
0
0
1
1
0
0
1
-1
1
1
1
0
0
1
1
1
1
1
1
1
1
0
1
1
1
1
1
1
1
1
1
1
1
1
1
1
1
0
0
0
1
0
0
1
1
1
1
0
0
0
1
0
0
-1
0
-1
-1
-1
-1
-1
-1
0
-1
-1
-1
0
-1
-1
0
0
-1
-1
-1
0
0
-1
0
-1
-1
0
0
0
0
-1
-1
0
0
0
0
0
0
-1
0
0
-1
-1
0
-1
-1
-1
-1
0
0
-1
0
-1
-1
-2
0
0
0
0
-1
-1
-1
0
0
0
0
0
0
0
0
0
1
0
0
0
1
0
1
1
1
0
0
1
1
1
1
1
1
0
2
1
2
2
1
2
2
1
1
1
1
2
1
2
1
1
1
2
1
1
1
1
0
2
0
0
1
1
0
0
1
0
0
0
0
0
-1
0
-1
0
0
0
1
0
-1
-1
-1
-2
0
-1
-2
-1
-2
-2
-1
0
-2
-1
-1
-1
-2
-2
-2
-2
-2
-2
-2
-1
0
-1
-1
-1
-1
-2
-2
-2
-1
-1
-3
-1
-2
-1
-2
-3
-2
-1
-1
-1
-1
-2
-1
-1
0
0
0
1
1
1
0
0
-1
1
0
0
0
0
0
0
0
2
1
0
1
2
-1
0
0
0
0
-2
0
1
2
3
3
3
3
2
1
-1
-1
-1
1
2
2
1
1
0
-1
1
2
3
4
8
9
10
11
11
9
9
8
7
8
5
4
4
6
2
4
6
3
3
2
2
4
4
4
6
7
6
3
3
0
-1
-6
-6
-8
-6
-14
-8
-7
-9
-14
-11
-14
-18
-19
-21
-12
-16
-15
-12
-18
-26
-31
-29
-22
-19
-15
-11
-10
-13
-18
-20
-13
-23
-15
-17
-6
3
-7
-7
-16
-12
-12
-2
1
3
2
-5
-8
-9
-7
-6
0
-4
24
11
37
39
26
28
26
41
39
20
40
26
31
45
15
28
30
41
48
51
61
69
49
43
46
28
25
21
34
33
51
43
39
24
19
-2
9
12
0
17
-3
-10
-12
-11
-22
-16
-28
-9
-27
-37
-33
-44
-33
-68
-59
-58
-83
-70
-72
-75
-69
-44
-39
-47
-54
-48
-75
-71
-74
-78
-52
-57
-41
-41
-30
-37
-10
-13
14
18
8
17
-14
-10
-13
8
25
39
44
38
28
22
-2
12
13
12
51
58
75
83
75
82
73
81
77
63
64
66
44
58
51
32
24
22
8
19
29
30
44
33
25
8
-16
-31
-34
-47
-37
-23
-31
-47
-57
-29
-36
-31
-12
-23
-22
-47
-43
-75
-73
-73
-46
-36
-11
-15
-2
-13
-23
-34
-24
-24
-32
-22
-39
-15
-40
-21
-20
-9
3
19
29
18
32
20
38
40
75
66
87
87
71
58
35
38
16
35
26
30
35
35
51
53
61
61
57
45
44
24
4
-3
-15
-10
-40
-41
-51
-42
-48
-57
-55
-68
-89
-93
-105
-112
-124
-109
-79
-85
-66
-80
-92
-104
-149
-152
-162
-141
-127
-91
-49
-26
-33
-47
-52
-64
-59
-39
-12
27
36
49
39
40
48
52
67
66
79
107
104
116
129
152
153
138
154
138
150
159
158
167
185
184
175
179
165
150
156
164
156
149
130
123
103
80
69
69
52
53
64
40
17
-8
-31
-37
-49
-39
-32
-45
-41
-46
-68
-99
-132
-167
-159
-164
-174
-154
-162
-161
-157
-162
-159
-156
-144
-148
-127
-157
-137
-129
-128
-115
-108
-94
-107
-65
-88
-73
-54
-65
-53
-66
-56
-60
-60
-18
-56
-31
-28
-30
-10
-15
-28
-3
32
38
45
67
47
16
22
21
11
-1
24
45
47
62
71
59
61
58
91
68
77
41
38
30
30
7
28
24
31
42
38
55
30
63
51
61
67
68
64
59
42
10
14
11
-4
4
7
-13
-13
7
7
22
29
56
33
33
32
23
31
47
73
67
63
44
40
13
29
30
34
48
56
59
39
56
9
19
26
42
38
53
39
40
34
27
23
13
15
-1
16
16
4
0
-9
-25
-24
-29
-2
-28
-36
-37
-38
-45
-47
-41
-42
-38
-31
-56
-41
-54
-59
-57
-56
-53
-67
-59
-66
-69
-86
-111
-110
-124
-120
-130
-115
-105
-67
-48
-39
-11
-47
-36
-57
-47
-52
-47
-47
-29
-43
-27
-22
-16
-14
-8
-1
16
24
14
9
8
19
11
37
28
49
42
29
18
5
9
26
36
52
65
31
55
37
11
13
29
40
35
62
48
41
26
14
8
22
33
51
50
53
44
45
13
23
5
39
27
42
63
26
43
45
52
41
42
57
38
40
42
28
27
-8
8
-4
6
26
25
22
2
21
-18
2
10
13
25
22
3
-7
-10
-35
-36
-63
-39
-34
-29
-6
-21
-30
-30
-60
-70
-61
-83
-81
-62
-54
-40
-23
-5
-31
-22
-16
-31
-24
-44
-47
-29
-29
-41
-17
-19
-21
-24
-12
-31
-34
-34
-33
-19
6
19
9
49
29
45
42
27
42
27
39
44
32
29
3
6
19
18
32
32
40
31
9
14
22
42
39
33
50
11
11
9
5
1
12
2
7
-7
-14
0
13
15
9
12
12
3
-16
-21
-7
-16
-3
-19
0
-22
-48
-35
-77
-49
-32
2
37
60
67
54
53
45
37
20
55
33
46
33
10
16
11
2
-8
-8
-15
-4
7
19
0
10
-20
-31
-42
-43
-51
-45
-50
-40
-56
-59
-49
-74
-58
-81
-76
-81
-75
-79
-101
-84
-107
-90
-86
-77
-72
-63
-53
-38
-40
-31
-43
-40
-11
-19
-27
-14
9
23
16
27
23
-15
-7
20
21
20
40
54
30
33
35
59
64
99
113
111
118
116
106
95
94
91
99
83
111
104
98
85
98
85
83
93
98
103
91
93
79
80
59
26
25
44
-3
-14
-20
-6
-17
11
26
4
12
-10
-26
-39
-54
-51
-52
-68
-64
-53
-57
-72
-59
-87
-88
-88
-83
-96
-79
-49
-49
-49
-53
-64
-80
-79
-71
-62
-70
-41
-39
-30
-51
-33
-21
-20
-20
12
-31
-26
-22
-16
9
-2
21
9
7
-2
36
5
18
17
18
38
29
49
35
25
23
25
4
-7
-5
5
-9
7
6
9
-29
-6
-32
-38
-39
-33
-10
-23
-5
-5
-11
-51
-59
-73
-82
-60
-63
-57
-72
-67
-61
-57
-36
-18
-15
-10
-11
-5
4
15
15
28
54
28
21
39
44
48
48
71
49
69
61
57
58
63
64
64
76
86
107
98
89
93
86
69
47
82
54
72
73
58
40
7
4
-18
-2
-26
19
41
32
36
35
6
5
-3
-14
-25
-33
-34
-51
-65
-66
-42
-48
-46
-27
-14
-4
13
3
21
45
25
23
10
3
-8
-16
-1
23
6
12
34
26
38
11
37
23
18
18
39
15
-8
0
-38
-48
-68
-77
-71
-52
-46
-52
-57
-63
-86
-101
-104
-116
-109
-96
-99
-89
-109
-122
-132
-138
-114
-85
-73
-63
-33
-33
-57
-39
-30
-21
-43
-18
-3
-8
-1
-11
10
38
44
45
80
88
92
105
87
110
86
103
109
96
104
111
92
79
87
69
63
53
62
63
93
79
91
68
50
56
29
27
18
19
16
-16
4
-19
-32
-27
-28
-28
-24
-7
-30
-33
-45
-68
-81
-88
-79
-59
-69
-66
-60
-64
-50
-60
-51
-57
-34
-36
-42
-19
-31
-40
-33
-9
-5
-5
1
13
8
31
6
32
15
0
12
-24
-6
-2
32
42
63
71
54
60
50
32
45
48
35
15
52
30
50
42
46
50
48
70
55
68
56
65
22
24
9
-2
3
-2
-4
-10
-9
-16
-18
-25
-15
-5
26
29
41
22
5
-3
-19
-20
-54
-35
-50
-41
-70
-39
-63
-60
-35
-40
-25
-22
-12
-17
-29
-38
-52
-38
-43
-46
-23
-20
-21
-25
1
-24
-34
-49
-44
-23
-10
8
2
4
-21
-32
-18
-26
-16
-2
6
10
-1
9
-8
-7
2
-9
2
-8
-17
-10
-21
-43
-24
-13
-9
8
7
22
10
8
18
13
13
-20
0
-7
0
-9
-27
-12
-18
-16
-9
-13
-14
-17
-3
-2
-13
11
10
2
-1
-10
1
2
5
17
16
28
29
32
32
52
47
44
48
34
41
37
30
49
57
65
74
75
76
69
76
75
64
56
62
53
34
38
23
54
63
67
86
86
77
56
53
54
25
16
18
-5
-2
-6
-5
-7
7
-23
-19
-51
-48
-57
-69
-29
-42
-14
-26
-15
-53
-71
-74
-82
-91
-118
-110
-89
-103
-94
-80
-81
-96
-107
-120
-118
-101
-91
-97
-73
-56
-72
-78
-66
-57
-44
-33
-15
-21
-5
7
12
22
12
32
31
33
36
40
40
37
40
50
54
55
56
77
75
76
81
60
53
55
63
60
55
50
34
18
18
38
33
17
24
30
-6
17
-14
-16
-15
6
9
26
32
-15
-35
-33
-40
-13
10
2
26
-1
-22
-49
-54
-95
-74
-27
-6
6
27
19
17
3
-11
3
-17
-8
-34
-12
-22
-22
-7
-20
-8
4
-2
-3
21
27
13
18
19
33
20
23
17
20
28
32
51
39
25
55
31
51
41
34
48
62
73
76
69
49
49
17
28
32
33
41
56
49
26
43
9
6
14
-4
-14
-8
-15
-25
-23
-42
-77
-101
-101
-100
-100
-87
-66
-67
-67
-54
-59
-83
-88
-98
-97
-106
-96
-97
-109
-106
-95
-87
-68
-51
-49
-48
-50
-55
-45
-40
-16
-17
18
22
41
54
46
63
53
76
68
57
70
76
93
97
107
103
72
83
81
74
80
87
104
101
102
88
74
52
39
37
33
69
52
44
18
-3
2
-16
-9
-20
-26
-17
-18
-29
-31
-45
-48
-35
-44
-44
-53
-64
-54
-65
-73
-67
-63
-88
-83
-75
-66
-52
-32
-44
-66
-61
-63
-58
-47
-55
-54
-23
-60
-64
-61
-74
-43
-63
-22
-15
-15
26
14
37
55
47
73
74
84
78
86
88
79
84
88
88
74
80
85
94
92
88
73
58
53
61
72
77
92
81
76
91
60
74
51
43
19
18
10
3
-25
-24
-26
-40
-65
-64
-78
-68
-73
-70
-59
-78
-41
-87
-75
-100
-87
-69
-75
-49
-58
-51
-40
-49
-44
-50
-53
-57
-84
-57
-55
-49
-40
-55
-51
-40
-28
-28
16
-8
17
30
27
27
3
13
8
30
53
43
41
46
36
34
30
35
30
32
32
28
17
14
-1
6
10
14
39
32
47
43
47
11
-3
7
2
17
18
27
18
0
-20
-46
-54
-70
-61
-54
-32
-24
-19
-9
-16
-30
-29
-33
-33
-13
-17
-15
-39
-6
-44
-15
4
25
12
15
32
11
36
29
31
34
40
19
22
-4
4
5
6
23
37
50
57
33
38
52
42
41
47
47
43
55
43
39
30
33
32
9
13
11
-10
-20
-35
-40
-30
-22
-8
-16
-13
-5
-3
-4
4
26
5
20
13
7
3
-4
-12
-10
-15
1
12
-5
0
-9
-1
-11
4
12
9
26
9
1
-13
-18
-12
-38
-13
-27
-24
-26
-49
-53
-67
-59
-34
-28
-26
-13
-44
-41
-64
-68
-51
-34
-26
-4
-5
-12
-23
-20
-32
-18
-11
-28
-21
-48
-29
-40
-48
-10
-16
-3
0
8
27
14
36
51
32
21
16
0
-12
7
32
37
43
39
31
30
29
23
21
47
34
37
32
14
0
-14
-11
-24
-6
9
2
-2
5
-15
-8
-25
-20
-20
-4
-23
-13
-15
-23
12
0
24
13
26
4
-2
-4
5
11
15
23
8
-4
-13
-10
9
31
25
34
35
41
33
33
51
36
51
40
46
53
32
8
29
1
22
27
37
41
37
37
15
6
3
0
-12
22
38
51
50
48
26
8
4
-19
-11
10
14
22
15
6
2
3
1
-12
5
0
-23
-35
-46
-79
-44
-50
-22
-22
-39
-56
-73
-78
-82
-83
-70
-67
-67
-54
-66
-74
-78
-72
-90
-87
-68
-59
-66
-46
-57
-40
-37
-43
-59
-19
-25
-10
-20
-2
-3
6
26
19
29
1
13
18
25
16
42
40
43
48
64
57
31
21
16
8
9
13
34
23
47
46
37
57
53
44
41
46
23
40
26
9
33
7
29
22
11
17
10
9
0
25
-11
5
-17
-15
-10
-17
-9
-13
17
1
3
-1
3
-10
-3
4
-2
-8
-6
1
-6
-9
-8
-16
-24
-10
-17
-13
9
8
25
43
38
58
36
52
69
67
67
39
47
39
44
37
55
46
64
61
57
61
31
25
18
8
2
2
7
-4
5
6
9
-6
-3
-37
-39
-35
-65
-67
-68
-69
-65
-47
-58
-37
-62
-57
-59
-80
-76
-91
-51
-68
-61
-62
-69
-54
-60
-47
-49
-28
-30
-19
-4
-2
-14
7
-4
0
9
5
-17
-19
-41
-61
-36
-27
-14
5
27
26
9
22
-2
10
11
8
32
-2
16
-6
-22
-27
-20
-14
0
21
30
37
45
35
10
21
4
-1
-5
7
6
5
21
18
29
19
33
36
22
43
50
27
54
37
38
47
45
62
41
33
26
15
-3
8
13
-13
14
11
10
-14
-36
-36
-40
-23
-16
1
18
20
20
-7
0
-7
-2
-2
9
-10
-8
-18
-19
-29
-12
8
10
25
-1
20
2
-5
-13
4
14
11
27
23
1
13
14
17
30
12
48
43
51
31
28
26
27
42
36
35
21
22
0
20
21
10
32
15
23
13
-7
-3
-22
-10
-12
-13
0
5
-3
2
8
0
-27
-31
-42
-41
-46
-44
-36
-51
-58
-65
-73
-79
-69
-68
-59
-59
-61
-65
-80
-72
-69
-85
-82
-62
-52
-53
-43
-35
-39
-46
-28
-38
-29
-34
-28
-16
-16
5
11
31
12
14
-2
-4
-10
-1
23
27
25
36
29
22
29
13
30
46
57
78
94
82
67
74
70
60
55
62
66
88
85
87
70
53
49
44
61
48
46
34
13
21
7
6
4
4
-2
3
-28
-36
-58
-55
-88
-84
-50
-54
-40
-44
-34
-47
-40
-43
-41
-52
-41
-17
-33
-38
-60
-46
-67
-34
-39
-28
-4
-3
18
8
37
25
37
11
24
11
5
7
29
48
46
68
86
84
74
90
121
109
116
111
78
94
60
55
57
41
38
21
5
-13
7
-5
-4
-3
-9
-23
-22
-37
-55
-55
-55
-50
-58
-57
-54
-70
-89
-101
-90
-88
-91
-67
-83
-62
-64
-66
-48
-71
-62
-69
-23
-15
-15
-15
-15
-37
-58
-52
-42
-36
-4
24
52
59
50
33
12
10
24
39
57
70
74
63
55
44
33
37
49
61
53
87
61
52
23
14
4
0
20
13
3
-18
-9
-34
-22
-13
-18
-20
-18
-37
-46
-45
-58
-74
-44
-58
-74
-48
-75
-54
-42
-45
-13
-27
-33
-42
-51
-32
-39
-23
-25
-47
-29
-43
-32
-21
-18
5
-2
11
12
12
9
8
33
35
52
74
76
74
73
66
60
38
51
41
47
43
57
72
54
54
47
39
38
23
43
41
49
68
31
44
36
27
37
49
44
30
40
19
13
-2
12
12
19
39
22
37
19
31
22
19
27
20
6
-7
-10
-18
-18
-1
-4
12
26
2
-10
-18
-31
-34
-12
-8
-30
-33
-48
-66
-88
-90
-107
-91
-76
-65
-51
-55
-57
-77
-77
-71
-79
-62
-73
-55
-58
-52
-30
-35
-6
-20
-3
-11
-13
-9
-16
-24
-24
-22
-16
-13
7
23
32
14
27
7
-18
-1
-3
11
35
39
40
27
17
1
-9
0
-17
4
7
8
1
6
-11
0
-4
-18
1
-20
4
-16
7
18
5
22
10
-1
-5
2
-11
-5
-21
1
2
-9
-5
-21
-10
-36
-18
10
8
26
21
31
27
18
16
11
51
66
66
80
57
36
13
6
10
12
26
58
36
60
50
43
30
48
78
63
70
83
88
42
63
42
57
49
40
34
20
15
4
-2
-1
-5
0
3
9
30
28
27
20
13
-18
-3
-24
-3
-20
3
-13
-21
-26
-50
-35
-49
-24
-24
-15
-40
-35
-64
-55
-68
-60
-60
-59
-70
-65
-57
-80
-71
-51
-35
-19
-11
-12
-7
-22
-22
-46
-53
-55
-66
-62
-71
-70
-55
-45
-36
-14
-9
-13
-4
-37
-31
-52
-33
-21
-13
-6
-2
16
17
8
10
7
-3
15
12
12
15
24
26
23
8
12
6
24
15
14
34
37
16
22
33
26
49
23
38
34
17
9
3
23
8
36
24
17
2
-7
-45
-42
-30
-26
-1
11
14
6
19
15
5
0
14
16
27
29
37
18
2
-2
-5
-2
-1
24
54
67
70
66
69
55
45
41
69
61
80
72
71
65
47
53
50
48
75
66
56
32
27
11
-11
10
-5
1
21
20
2
7
10
-18
-29
-38
-38
-42
-44
-49
-53
-66
-61
-69
-68
-71
-76
-77
-55
-57
-61
-76
-93
-100
-110
-106
-94
-79
-77
-75
-55
-46
-47
-18
-35
-38
-18
-27
-23
-25
-22
-5
5
12
7
0
0
9
18
6
22
25
9
17
19
14
21
20
42
20
24
14
9
-3
-6
3
10
8
17
58
45
64
74
70
62
68
70
50
60
25
48
19
19
13
21
35
22
27
26
23
13
13
11
15
0
0
4
-22
5
6
16
12
-2
3
-24
-36
-54
-70
-80
-82
-55
-61
-36
-21
-22
-36
-56
-33
-45
-40
-30
-24
-29
-27
-23
-23
-28
-32
-17
-1
-5
-22
-10
-1
-24
-8
3
-5
26
36
26
38
35
24
65
60
49
62
61
42
19
25
28
24
43
42
64
48
52
46
41
49
48
64
50
52
67
58
57
67
60
62
53
45
26
6
1
6
12
10
19
22
9
16
-2
-15
-32
-52
-50
-62
-60
-57
-72
-92
-109
-109
-83
-91
-62
-57
-59
-43
-54
-52
-63
-66
-69
-67
-73
-62
-84
-73
-73
-79
-60
-72
-50
-37
-28
-33
2
-15
-25
-48
-49
-58
-42
-13
3
27
24
42
31
30
25
40
37
33
38
50
45
41
49
39
40
50
63
52
71
95
71
72
53
59
34
50
55
43
54
48
64
42
55
31
40
19
30
19
-2
7
8
-11
5
5
0
-12
3
7
1
9
1
10
-26
-12
-18
-20
-25
-31
-21
-18
-13
-18
-20
-29
-40
-23
-28
-6
-14
-5
-2
-3
7
6
18
11
10
7
-3
-24
-17
-19
-21
-21
-11
-13
4
16
15
11
21
18
2
9
13
16
14
13
16
-12
-21
-20
-35
-14
-13
9
-17
-19
-27
-33
-45
-37
-36
-41
-46
-49
-57
-53
-48
-49
-48
-56
-65
-71
-52
-75
-75
-50
-48
-17
-10
-1
-5
23
26
39
51
23
39
18
27
25
48
46
49
64
65
58
67
63
83
91
105
114
104
85
59
73
65
67
47
81
57
28
16
1
-18
-10
-15
10
14
14
13
5
-4
-17
-9
-19
-19
-33
-40
-55
-61
-66
-66
-41
-32
-24
-35
-30
-45
-69
-75
-79
-77
-72
-63
-54
-38
-35
-36
-24
-27
-35
-14
-11
-15
-17
-22
-13
-5
10
-2
1
-14
-14
-28
-33
-22
-14
22
33
74
77
94
65
61
36
18
35
24
34
26
22
5
15
4
-22
11
21
1
-1
20
-10
-1
-11
-5
13
-2
14
11
10
-7
-13
-26
-6
-27
-15
-14
-5
-15
-11
-2
-15
-5
0
17
-3
10
2
-3
-15
-18
4
-12
25
27
19
18
26
19
-2
18
12
12
7
18
-3
-6
-2
-1
-1
8
6
5
7
-18
-25
-23
-21
-5
16
0
8
14
-13
1
-8
-10
14
7
33
41
20
21
19
18
15
22
42
42
38
43
25
4
21
-6
8
15
44
44
40
62
27
42
8
5
14
-22
-13
-14
-10
-24
-43
-38
-50
-38
-56
-63
-64
-61
-66
-70
-62
-49
-74
-70
-53
-67
-57
-74
-56
-90
-76
-68
-67
-63
-60
-53
-47
-53
-48
-36
-38
-33
-6
-5
-2
-12
-19
-8
-39
-26
-5
5
8
38
70
56
60
53
57
55
65
85
89
100
100
89
78
82
56
91
81
98
113
92
99
79
74
77
80
92
82
81
77
74
47
42
50
40
47
47
57
39
15
6
-3
-25
-12
-28
-32
-36
-25
-37
-63
-55
-77
-66
-49
-36
-51
-36
-56
-57
-59
-88
-92
-83
-100
-106
-88
-83
-82
-61
-64
-66
-61
-68
-80
-85
-95
-107
-93
-85
-72
-70
-67
-64
-52
-60
-48
-14
-15
-9
28
23
35
31
14
13
-6
-20
22
24
41
75
91
85
78
79
73
84
76
108
106
113
111
104
78
49
59
37
25
35
29
26
41
21
47
44
35
45
9
19
-13
0
-15
-20
-21
-29
-23
-31
-40
-51
-64
-57
-67
-62
-54
-38
-31
-28
-15
-25
-26
-36
-19
-28
-6
6
20
5
-9
-9
-16
-17
0
7
23
22
48
37
40
28
15
41
10
30
34
40
39
53
50
42
26
41
34
14
7
23
1
1
8
-11
22
23
33
31
28
9
-25
-48
-39
-61
-51
-27
-29
-23
-34
-31
-31
-59
-69
-66
-74
-76
-72
-63
-66
-82
-69
-69
-65
-55
-35
-51
-46
-51
-56
-25
-23
-14
12
24
18
19
7
6
5
27
42
58
52
72
67
40
35
51
47
57
63
77
69
62
50
48
42
39
75
38
53
47
36
24
24
22
21
12
8
17
6
-15
-20
-9
-19
-5
12
15
-4
1
6
-40
-40
-59
-60
-71
-42
-49
-32
-19
-37
-16
4
-10
-9
-3
-29
-51
-59
-61
-66
-60
-38
-11
-4
-1
-7
-10
-24
-21
-8
8
29
24
43
14
-1
5
-20
-11
-13
-6
16
7
26
31
4
10
31
14
7
6
1
-9
-3
-9
1
3
17
37
42
38
31
43
16
24
22
28
19
23
22
21
-1
-5
4
0
7
4
32
13
5
15
15
-1
2
-9
-13
9
-11
-13
-17
-24
-21
-14
-3
2
22
15
28
30
18
-3
-2
-14
-25
4
2
1
-2
11
8
3
4
-1
6
13
6
3
1
3
16
25
24
9
3
-27
-51
-59
-55
-60
-36
-4
0
12
7
-5
-24
-13
-28
-20
-21
-3
-15
-7
3
3
-3
-9
6
-1
-1
18
8
12
9
-8
-19
-32
-39
-35
-42
-39
-10
-21
-7
3
1
-30
-20
-34
-36
-34
-36
-35
-56
-49
-60
-48
-63
-64
-68
-48
-56
-36
-13
-40
-21
5
-1
5
-1
15
8
8
11
16
9
5
3
30
55
77
81
81
73
52
72
61
76
80
103
88
86
59
68
49
58
56
74
96
85
91
58
86
73
77
55
73
73
78
76
38
29
-5
-7
7
21
22
28
20
3
-7
-29
-16
-8
5
14
15
15
-17
-41
-63
-77
-79
-73
-56
-46
-50
-60
-59
-64
-67
-71
-65
-44
-55
-73
-66
-80
-93
-105
-85
-66
-74
-57
-47
-43
-59
-67
-48
-83
-68
-65
-44
-54
-39
-29
-33
-22
-23
-18
-31
-17
-18
-15
-26
-10
-25
-5
-13
0
-10
18
15
4
-4
3
8
-4
9
21
43
43
43
30
30
20
24
44
50
59
60
54
49
51
33
34
46
22
35
44
27
8
11
11
17
-8
-3
14
-11
-4
6
-10
12
40
5
34
39
33
22
25
24
8
34
27
27
45
26
42
1
-2
-8
-34
-1
-17
20
28
52
44
64
48
43
45
50
64
63
66
39
45
31
29
23
32
43
44
46
52
54
57
46
50
55
61
32
30
4
-21
-9
-17
-4
-8
0
-7
-50
-40
-38
-65
-30
-33
-49
-50
-63
-74
-110
-88
-103
-98
-79
-58
-60
-55
-78
-79
-83
-101
-98
-93
-94
-85
-85
-74
-70
-94
-94
-92
-92
-94
-57
-42
-53
-57
-59
-69
-80
-86
-61
-62
-52
-38
-57
-32
-39
-27
-29
-6
9
2
13
18
-3
3
10
7
15
44
48
48
61
60
74
65
84
84
84
94
93
97
99
110
124
124
127
130
125
131
125
118
111
94
86
99
98
90
116
128
102
117
106
77
75
52
49
42
48
41
29
26
1
5
-22
-8
-15
-27
-35
-18
-12
-50
-41
-51
-49
-68
-56
-76
-85
-112
-94
-99
-97
-84
-76
-44
-54
-54
-55
-62
-82
-71
-76
-55
-41
-42
-46
-39
-53
-51
-48
-54
-37
-18
-35
16
16
-10
19
-3
6
-7
1
-11
-6
-17
-22
-16
-25
-2
-4
0
-3
8
-6
-35
-20
-51
-36
-34
-24
-26
-20
-16
-40
-20
-25
-14
6
3
11
18
15
-10
-24
-7
-12
-2
3
2
-1
4
10
25
30
15
17
37
49
55
79
96
81
86
66
59
48
55
49
61
68
73
60
49
54
35
45
56
75
80
90
64
50
24
3
3
-10
-22
10
-1
-7
-1
-14
-20
-28
-11
-16
-13
-15
-24
-44
-76
-95
-96
-95
-87
-76
-55
-62
-69
-75
-85
-94
-72
-64
-63
-51
-46
-59
-83
-65
-80
-81
-62
-49
-54
-26
-15
-10
-11
5
22
12
25
27
30
29
41
16
22
15
10
20
41
45
47
76
56
79
74
76
82
83
88
88
99
79
61
51
47
50
55
51
74
59
63
51
64
59
51
77
65
68
58
38
17
20
3
6
15
25
8
6
-11
-30
-52
-43
-38
-50
-23
-43
-41
-66
-67
-82
-76
-51
-58
-56
-69
-70
-101
-87
-92
-93
-76
-61
-58
-53
-47
-85
-101
-99
-92
-75
-59
-38
-34
-15
-29
-14
-11
-8
4
-1
8
2
-10
-24
-14
14
6
27
29
35
38
47
59
58
56
50
52
37
49
40
50
34
32
32
17
5
28
24
18
16
5
12
13
-7
10
17
13
-1
3
5
7
-3
10
23
11
19
6
8
-15
8
-3
-20
-18
2
4
9
29
10
22
2
10
15
19
3
20
-1
-8
-5
-32
-29
-27
-8
-15
2
-8
2
-8
-7
11
5
12
20
17
2
-3
-16
-29
-1
-2
5
25
27
21
26
27
17
44
58
53
62
59
34
30
20
35
12
16
27
26
42
17
23
23
32
14
23
8
2
-20
-23
-18
-19
-21
-10
-1
-9
-14
-5
-24
-38
-45
-52
-29
-26
-8
-52
-30
-65
-65
-104
-84
-103
-93
-72
-62
-66
-69
-64
-76
-54
-71
-82
-92
-77
-70
-54
-76
-42
-57
-29
-16
-8
-11
14
-14
-20
6
2
27
27
59
54
76
69
74
84
84
94
98
86
78
73
72
58
75
79
81
96
85
70
56
52
31
41
30
32
34
34
10
7
0
-4
-4
-17
20
8
5
-3
2
-18
-29
-27
-32
-12
-33
-20
-12
-43
-43
-48
-57
-28
-22
-11
1
-8
-24
-34
-27
-31
-19
23
24
17
19
3
-18
-12
-23
-23
0
-5
16
18
13
15
9
6
21
20
5
-6
-13
-33
-44
-36
-44
-37
-39
-29
-14
-27
-25
-7
-22
-8
-7
-29
-27
-34
-43
-24
-37
-15
2
7
-6
-5
-17
-25
-24
-9
-18
-13
17
34
35
51
51
42
42
31
46
38
58
61
54
57
55
50
32
40
27
50
62
54
77
56
52
24
15
14
10
28
14
22
8
-2
-14
-22
-16
-34
-16
-27
-28
-26
-40
-61
-77
-67
-64
-59
-44
-37
-16
-32
-21
-29
-34
-51
-32
-32
-27
-23
-19
-32
-46
-36
-58
-41
-32
-15
-15
-7
-17
-14
-30
-28
-33
-36
-19
-26
-5
-10
6
8
-8
-10
-12
-22
-25
-7
-14
-11
-14
18
-10
3
12
7
19
8
29
20
23
36
26
26
18
21
21
36
29
31
29
34
23
26
37
26
41
58
67
86
87
87
99
67
71
46
53
35
26
31
35
31
31
41
21
30
22
28
10
0
-1
-30
1
-11
4
13
-11
9
-4
-19
-11
-33
-20
-31
-29
-25
-39
-17
-30
-19
-13
-14
0
10
9
5
7
-1
-44
-42
-38
-58
-20
-31
-35
-20
-22
-29
-20
-16
-3
-7
5
9
-21
-12
-16
-14
-24
-14
-13
4
1
-4
-21
-41
-38
-69
-38
-47
-37
-35
-26
-26
-33
-30
-42
-44
-53
-33
-23
-49
-21
-43
-39
-40
-28
-35
-43
-10
-16
-5
7
9
9
12
36
47
51
46
22
11
-13
-11
-13
-13
-16
-18
-11
19
15
22
53
61
64
45
45
11
18
6
0
4
2
25
17
15
19
25
24
41
50
40
27
39
42
6
22
36
33
34
29
31
27
28
13
9
26
31
39
36
40
56
44
64
57
48
33
36
18
-5
11
-1
17
13
13
31
25
21
4
-2
-8
-17
-6
-12
-20
-15
-26
-31
-29
-26
-24
-32
-27
-18
-26
-38
-27
-38
-62
-45
-48
-43
-41
-19
-24
-47
-58
-59
-38
-59
-48
-46
-37
-39
-35
-17
-28
-25
-19
3
-3
8
18
2
6
3
2
15
18
23
8
19
14
8
5
12
15
25
21
21
22
2
-5
3
6
17
-9
8
-14
-34
-26
-30
-23
-22
-2
4
11
18
20
4
-3
-12
-29
-43
-46
-46
-34
-22
-22
-19
-10
-16
1
9
14
31
31
23
33
26
23
4
5
-2
-27
2
-11
-9
1
19
24
10
8
5
-1
3
4
15
7
6
-6
-26
-18
-25
-16
11
13
8
6
-4
-4
-15
-5
9
10
15
31
24
27
25
22
-3
-18
-2
6
13
10
29
23
17
8
19
17
23
48
67
94
62
64
48
39
35
31
44
34
37
33
37
31
28
18
42
29
44
43
21
17
-5
-12
-8
-2
8
12
16
14
-1
1
-20
-39
-27
-33
-47
-22
-33
-43
-54
-59
-65
-61
-46
-32
-36
-25
-38
-41
-47
-66
-63
-68
-50
-51
-47
-42
-39
-52
-39
-42
-30
-24
-14
-25
-16
-31
-31
-21
-44
-40
-44
-39
-57
-47
-37
-15
-18
11
2
-1
-4
-25
-18
-38
-26
-6
-2
0
36
31
22
18
-6
12
-15
11
36
31
43
48
30
17
14
24
28
43
78
70
75
67
66
44
45
66
54
48
59
55
58
59
44
58
44
31
32
4
12
13
31
38
21
3
-17
-29
-43
-31
-24
-10
-9
0
2
-3
4
0
-15
12
1
5
-17
-32
-28
-49
-35
-50
-28
-53
-38
-37
-56
-38
-55
-41
-33
-51
-27
-24
-34
-19
-19
-5
-10
6
6
3
13
21
18
34
32
25
43
39
44
35
46
35
26
33
40
58
69
90
72
76
50
49
20
14
43
26
36
28
18
15
-10
-11
-8
-25
-17
1
-29
-19
-21
-55
-16
-33
-21
-35
-30
-41
-44
-47
-56
-40
-31
-30
-51
-36
-56
-66
-68
-65
-44
-53
-45
-52
-82
-74
-50
-45
-18
-11
-16
-12
-23
-27
-28
-20
-10
4
7
-1
-7
-21
-23
-11
-17
-11
-15
-20
-22
-23
-15
-9
4
16
14
17
21
13
8
-9
-27
2
-16
21
33
36
43
37
39
26
27
22
31
36
27
34
22
41
42
28
49
28
43
33
35
35
25
23
18
23
18
24
42
45
47
46
53
54
48
46
15
18
22
18
25
38
47
60
53
58
67
73
45
57
58
59
55
33
42
21
35
17
17
1
9
-11
-6
8
5
3
-4
-14
-24
-24
-38
-47
-59
-55
-70
-71
-60
-51
-81
-74
-77
-80
-104
-108
-86
-108
-93
-81
-89
-87
-83
-76
-75
-72
-66
-73
-66
-63
-69
-71
-66
-67
-68
-67
-46
-23
-11
-7
29
42
41
58
60
50
21
15
25
6
25
48
59
41
57
65
45
66
70
80
78
105
85
86
70
36
35
32
27
23
24
37
15
11
8
1
-15
-17
-16
-35
-19
-23
-29
-30
-31
-33
-47
-26
-43
-48
-34
-45
-11
-33
-23
-32
-40
-27
-20
-9
-7
6
-1
-5
-22
-32
-39
-37
-11
7
23
30
35
39
52
44
53
71
70
58
35
48
44
43
43
38
59
58
47
59
38
30
38
56
44
38
48
39
24
18
15
0
-14
4
-12
-10
0
-3
11
-5
23
8
-1
-25
-20
-27
-40
-31
-42
-47
-47
-61
-46
-57
-44
-32
-41
-15
-24
-21
-29
-36
-22
-19
2
-1
-15
-24
-30
-50
-33
-21
-7
-3
-6
-10
-18
-44
-52
-45
-46
-51
-37
-5
-31
8
8
17
7
3
17
-15
21
14
18
25
18
25
20
27
27
26
23
23
23
19
7
12
26
27
34
48
43
20
27
21
19
31
20
11
9
-1
-18
-9
-21
-13
-22
-16
-12
-35
-3
-10
-22
-1
-7
-9
-21
-33
-45
-62
-62
-61
-45
-54
-41
-51
-37
-79
-75
-58
-39
-20
-8
18
-11
-16
-51
-39
-65
-20
0
18
33
18
24
13
19
-9
29
41
32
35
49
30
29
42
49
43
63
77
91
87
79
70
62
56
86
76
89
98
116
82
42
47
27
48
47
86
82
60
34
12
14
-30
9
31
43
43
53
34
-35
-35
-43
-52
-97
-53
-50
-32
-33
-24
7
-54
-65
-65
-48
-56
-48
-13
-18
-77
-73
-61
-111
-100
-80
-44
-84
-75
-24
-43
-57
-28
33
-16
-12
16
-18
-65
-52
-23
-73
-71
-37
-8
-28
-16
41
27
-32
0
21
-22
-42
27
38
-22
-13
10
16
-36
7
49
-1
-15
-4
16
-46
-27
35
3
-20
5
33
-11
7
38
41
-15
24
29
-25
-49
-1
32
-22
15
63
17
-25
14
40
-14
3
76
50
15
67
74
4
-19
30
37
-36
13
57
43
15
78
79
-8
23
65
54
3
47
89
-7
-6
65
33
2
15
86
-3
-19
52
54
-9
-1
55
2
-37
-8
30
3
15
73
75
-22
-5
26
-42
-48
1
11
-17
-21
13
-22
-52
-28
-7
-23
-39
-6
11
-19
-15
-13
-31
-48
-43
-23
-54
-62
-58
-76
-77
-87
-41
-65
-47
-52
-44
-42
-42
-37
-16
-25
-56
-59
-51
-47
-58
1
-6
-14
5
7
-29
-33
19
16
4
38
46
8
-2
34
31
9
3
43
29
9
50
99
74
43
97
73
34
24
59
27
-5
17
44
1
2
53
39
4
17
33
-13
-25
-9
14
-51
-29
8
-19
-34
-9
24
-21
-36
-37
-48
-92
-67
-10
-34
-65
-32
-48
-115
-110
-35
-27
-31
18
57
13
-29
-11
-42
-82
-44
15
12
-2
55
83
12
22
70
68
39
88
122
64
51
70
50
-8
-5
72
64
41
84
110
45
44
80
77
43
62
107
48
3
39
51
44
13
-8
-56
-97
-57
8
46
57
47
0
-71
-95
-91
-109
-116
-75
-43
-10
37
82
21
-57
-93
-142
-176
-121
-15
21
21
39
27
-31
-114
-113
-108
-115
-38
32
76
47
46
12
-53
-64
-55
-37
-60
1
29
24
8
1
-22
-59
-77
14
33
31
73
79
32
-16
48
28
8
15
69
44
7
48
71
10
4
50
7
-22
-6
48
-6
-7
41
36
-27
-15
26
-1
-10
29
30
-38
-27
-24
-43
-63
-20
-7
-38
-5
0
-24
-45
-30
-28
-33
-33
-12
1
-40
-37
-24
-18
-37
-20
5
1
3
15
32
27
43
34
-10
-9
25
-4
14
63
70
51
56
74
40
5
33
26
11
24
79
55
14
44
22
-20
-7
25
19
19
45
47
10
7
27
4
-4
24
42
-16
-3
8
10
-32
13
32
-15
7
-1
-16
-40
-21
14
-7
-28
-12
-17
-80
-86
-37
-40
-51
-11
34
13
-12
1
2
-61
-71
-40
-53
-42
0
4
26
-15
-15
-56
-56
-6
-13
19
7
27
-8
-20
-18
-18
-40
-45
-9
-10
20
32
77
41
10
15
-25
-30
-24
6
-15
-9
8
5
17
34
39
30
-12
-6
-35
-40
-22
-17
2
-25
-14
-33
-3
-4
104
66
-96
1
35
-72
-149
54
101
-14
-32
67
21
-67
-60
0
-14
-38
12
91
60
15
18
-36
-71
-120
12
16
11
38
67
17
-23
-17
-22
-48
-28
16
8
30
3
42
19
8
69
51
32
37
67
8
-27
56
32
18
38
75
74
49
57
76
39
35
31
26
31
27
66
62
62
54
39
9
-5
-8
14
-6
5
30
13
15
36
46
0
-19
-24
-49
-77
-56
-59
-43
-42
-42
-46
-59
-40
-51
-49
-52
-62
-57
-64
-60
-91
-76
-55
-80
-59
-63
-79
-42
-61
-43
-31
-34
-8
-17
-2
-28
-33
-39
-62
-69
-70
-20
-18
6
17
24
45
11
9
-9
-3
-29
-13
-13
28
42
25
35
21
39
16
15
23
28
44
50
67
69
64
70
52
21
58
63
62
55
49
68
17
46
48
85
58
84
98
76
85
32
19
0
1
9
-8
37
39
32
5
9
1
2
-15
-50
-24
-27
-6
-37
-25
-20
-65
-51
-50
-41
-27
-45
-31
-71
-60
-71
-93
-102
-107
-85
-91
-42
-30
-48
-39
-38
-62
-61
-58
-53
-54
-44
0
3
-9
-20
-3
-18
-35
-21
15
20
22
34
35
31
-30
9
5
-6
34
45
83
52
74
65
65
93
57
78
46
84
71
66
96
91
87
56
77
85
48
64
75
66
68
63
65
34
27
4
-16
5
-28
-3
4
28
1
-18
-8
-40
-70
-128
-92
-94
-73
-60
-4
42
-2
-14
-30
-82
-87
-89
-76
-58
-18
19
-12
-16
-42
-48
-71
-83
-75
-72
-27
-27
-2
8
18
14
-43
-60
-36
-24
-14
9
36
49
-16
-18
-78
-88
-56
-57
-6
12
42
22
-8
-42
-50
-52
-48
-40
-13
-3
5
25
5
-36
-66
-75
-107
-83
-15
14
12
-13
-7
-59
-86
-111
-49
-31
23
92
140
180
148
140
80
80
32
43
67
94
113
123
132
114
94
80
102
115
137
155
146
130
133
99
68
75
47
48
62
63
40
34
31
-10
-34
-13
0
-1
10
30
-9
-14
-44
-63
-72
-112
-94
-94
-81
-95
-74
-72
-88
-98
-91
-79
-95
-77
-28
-8
-26
2
14
-14
-46
-56
-55
-53
-38
-8
-24
-12
0
-6
13
2
24
25
30
23
23
11
-24
-31
-47
-67
-70
-79
-84
-50
-53
-37
-30
-16
-46
-61
-81
-117
-99
-110
-118
-118
-109
-139
-152
-121
-127
-108
-81
-54
-45
-30
-33
-37
-29
-36
-47
-21
-8
22
27
37
56
74
64
93
107
105
126
149
186
192
237
227
259
209
219
177
176
181
195
222
213
253
210
227
179
166
140
123
125
104
121
102
104
72
52
13
2
-29
-49
-62
-56
-107
-115
-93
-112
-104
-112
-83
-108
-118
-154
-171
-177
-230
-221
-202
-203
-184
-159
-151
-163
-167
-153
-160
-161
-155
-158
-162
-157
-148
-144
-103
-107
-73
-63
-63
-55
-48
-34
-36
-7
-10
-20
0
-24
-29
-36
-13
10
10
34
32
45
46
36
30
19
25
28
61
57
82
77
70
82
62
71
48
73
90
76
98
101
107
97
120
143
149
180
185
171
140
120
111
91
94
106
101
128
141
179
157
161
164
141
133
130
121
110
97
74
75
52
35
16
23
2
12
-9
-12
-19
-21
-42
-55
-52
-74
-91
-128
-99
-126
-124
-123
-126
-114
-127
-110
-107
-134
-117
-148
-178
-192
-184
-187
-190
-156
-148
-118
-104
-87
-97
-91
-92
-98
-97
-114
-113
-112
-126
-121
-119
-119
-113
-84
-79
-67
-56
-57
-70
-85
-82
-70
-71
-59
-48
-56
-52
-38
-34
-31
-7
7
6
23
21
12
24
20
52
48
69
72
74
63
52
66
71
100
126
129
146
157
152
151
146
134
132
166
175
196
215
223
212
202
204
172
170
179
171
146
143
147
120
116
119
121
127
129
181
188
178
201
176
153
119
95
104
58
83
39
137
105
89
-255
-808
-1025
-902
-376
90
584
797
682
467
193
-39
-262
-436
-385
-227
-78
30
16
-212
-494
-630
-546
-320
-92
66
130
144
82
-38
-187
-376
-413
-379
-250
-184
-195
-257
-399
-381
-290
-96
30
85
109
30
44
92
27
-95
-155
-185
-108
45
219
251
225
-85
-501
-725
-688
-279
162
704
898
910
667
271
-78
-280
-315
-200
106
361
517
433
140
-237
-469
-355
-89
238
392
262
245
190
197
12
-162
-199
-229
12
129
237
170
-34
-27
-29
75
28
9
41
158
290
303
160
-96
-320
-336
-147
74
177
167
196
211
176
109
38
-33
-1
123
262
262
166
-19
-192
-283
-273
-159
-81
-44
7
59
102
-31
-155
-116
-135
-39
122
261
173
1
-136
-233
-268
-124
84
192
260
260
214
45
-63
-140
-224
-232
-112
64
97
52
103
41
-148
-332
-300
-147
-12
110
240
192
-42
-198
-164
-132
-62
70
106
218
223
146
-332
-828
-994
-704
-241
314
746
766
545
217
37
-210
-339
-210
-16
130
238
217
38
-333
-598
-640
-497
-306
-28
131
197
159
37
-109
-233
-238
-219
-147
-77
-28
-149
-282
-297
-238
-125
22
140
172
121
125
116
134
115
139
147
144
179
138
127
43
34
43
88
100
123
195
253
327
385
380
317
283
226
159
149
124
110
214
263
326
319
265
225
162
128
98
135
148
233
299
240
146
-63
-195
-222
-198
-33
30
137
161
102
16
-76
-119
-171
-112
-71
11
-24
-119
-190
-239
-288
-294
-200
-206
-190
-148
-123
-140
-180
-210
-232
-218
-216
-219
-218
-231
-356
-491
-532
-453
-348
-217
-183
-178
-278
-413
-471
-481
-394
-339
-152
-127
-79
-134
-184
-213
-267
-136
-84
38
14
-41
-132
-266
-192
-99
84
150
79
33
-21
-4
42
131
192
205
259
382
504
575
411
180
-39
-85
3
226
531
740
853
927
922
822
764
768
906
1088
1284
1421
1390
1180
943
737
609
427
284
235
282
400
448
476
267
-4
-269
-440
-435
-417
-359
-317
-290
-278
-355
-447
-557
-674
-748
-734
-707
-718
-752
-800
-850
-887
-926
-956
-960
-974
-920
-880
-787
-778
-771
-816
-886
-938
-980
-963
-924
-876
-852
-790
-765
-663
-602
-498
-389
-340
-286
-235
-168
-42
62
165
108
36
-107
-229
-266
-238
12
272
702
1050
1290
1217
791
387
-3
19
387
964
1554
1679
1464
581
-391
-1287
-1540
-811
392
1793
2579
2820
2222
1214
380
-59
135
621
1547
2525
3085
3045
2258
1274
87
-652
-632
-37
794
1258
1507
1338
728
-219
-1167
-1604
-1704
-1267
-562
152
162
-668
-1771
-2489
-2234
-1385
-88
905
1319
895
167
-361
-728
-884
-888
-501
-32
181
68
-524
-1401
-2456
-2992
-2768
-2089
-1162
-481
-21
-67
-521
-1255
-1855
-2052
-1820
-1140
-272
292
231
-336
-958
-1338
-1339
-902
-222
355
613
577
372
115
-92
-162
-63
135
336
463
547
540
337
75
-61
162
508
1122
1493
1634
1190
547
170
114
519
824
661
-221
-1362
-1677
-1101
123
1322
1974
2355
1813
1378
965
1171
1360
1450
2076
2740
3201
2945
2422
1735
793
83
-164
223
755
1088
1511
1467
733
-840
-2016
-2390
-2050
-1320
-413
228
19
-648
-1202
-1174
-951
-634
-6
681
1114
1120
942
582
-100
-668
-929
-754
-544
-473
-535
-852
-1443
-2190
-2681
-2764
-2540
-2130
-1561
-1065
-1026
-1311
-1668
-1878
-1971
-1753
-1240
-740
-373
-279
-232
-312
-398
-478
-388
-142
128
476
769
915
734
349
48
-230
-287
-190
118
370
420
330
146
-41
-200
-168
64
394
880
1416
1803
1958
1673
1261
657
419
513
967
1254
522
-820
-2306
-2375
-1403
258
1774
2594
2749
1678
792
343
624
922
1360
2499
3332
3636
2998
2100
978
-420
-1136
-1064
-122
728
1395
1889
1484
27
-2019
-3251
-3185
-2256
-878
490
1341
942
-290
-1227
-1591
-1415
-931
148
1292
1915
1954
1483
746
-406
-1348
-1770
-1580
-1076
-660
-368
-581
-1328
-2383
-3186
-3410
-3146
-2383
-1420
-611
-330
-559
-929
-1377
-1607
-1487
-943
-349
75
399
556
566
386
249
101
13
40
397
923
1143
1072
635
94
-471
-811
-703
-414
-11
172
319
321
260
169
95
171
208
595
964
1656
2204
2371
2278
1460
866
87
-16
-349
-1223
-2337
-3268
-2353
-1140
570
1579
2079
1704
245
-280
-164
864
1497
2317
3585
4075
3758
2548
1564
305
-1007
-1317
-694
541
1162
1674
1869
1158
-538
-2579
-3791
-4159
-3449
-1525
646
2056
1883
1184
239
-598
-824
-441
577
1316
2121
2650
2700
1861
347
-1166
-2466
-3074
-2915
-2036
-1098
-724
-869
-1461
-2209
-3039
-3353
-2754
-1674
-688
37
488
305
-398
-929
-1005
-847
-616
-205
285
569
675
628
500
177
-68
-78
203
539
684
555
198
-310
-803
-1097
-1094
-954
-750
-534
-198
-61
18
192
399
567
577
862
928
1088
1170
1648
1957
2001
1961
1801
1351
209
-1619
-3798
-5335
-4951
-2812
-238
1950
3107
3071
1350
-363
-1142
-640
270
1709
3820
5443
5741
4602
2860
695
-1546
-2858
-2543
-938
785
2061
2755
2260
298
-2382
-4165
-4909
-4393
-2824
0
2218
3003
2630
1735
480
-823
-914
-71
1238
2397
3515
3921
3061
1253
-778
-2495
-3549
-3614
-2668
-1426
-562
-536
-1071
-2011
-3022
-3638
-3208
-1844
-438
698
1343
1319
316
-885
-1491
-1557
-1291
-714
179
820
840
664
308
-234
-687
-670
-255
331
819
1032
684
-123
-1053
-1804
-2118
-1955
-1314
-612
73
312
357
201
-27
-162
-10
562
991
1442
1656
1947
1859
1635
1409
1086
1039
719
532
-934
-3187
-5198
-5504
-3777
-1682
954
2811
3652
2404
588
-198
-184
287
1259
3401
5222
5782
5184
3904
1931
-801
-2748
-3042
-2149
-784
733
2271
2409
858
-1535
-3236
-3900
-3841
-2898
-1333
360
1584
2544
3267
3098
2281
1102
403
244
797
1910
2743
2856
1929
544
-1112
-2595
-3605
-3841
-3510
-2968
-2276
-1567
-1125
-1221
-1610
-1742
-1687
-1538
-1003
13
839
914
646
289
-340
-1082
-1387
-1057
-592
-142
313
770
883
666
352
-28
-376
-697
-702
-375
-47
-153
-629
-1203
-1833
-2257
-2226
-1605
-734
82
707
1044
1047
849
576
461
736
1241
1822
2254
2629
2504
1910
890
217
-364
-682
-1707
-3348
-4752
-5006
-3461
-1761
533
2381
3382
2709
1393
956
1059
1451
2149
3619
4889
5129
4685
3643
1987
-397
-2349
-3102
-2912
-1859
-465
1186
1781
884
-923
-2379
-2962
-2891
-1939
-803
251
787
1774
3001
3433
3350
2545
1645
554
271
804
1313
1423
959
125
-1175
-2208
-2968
-3558
-3848
-3713
-3199
-2601
-1766
-904
-550
-483
-537
-610
-714
-488
137
541
597
458
19
-657
-1096
-1242
-1099
-732
-165
350
484
512
494
232
-215
-565
-676
-726
-833
-993
-1135
-1412
-1645
-1803
-1570
-1120
-556
24
600
1193
1394
1351
1147
1113
1173
1384
1700
2002
2271
2190
1579
704
-348
-940
-1162
-962
-1650
-3354
-4764
-5049
-3592
-1956
525
2822
3935
3283
2045
1849
1924
2071
2626
3966
4989
4945
4406
3489
1849
-611
-2582
-3355
-3173
-2179
-679
1080
1775
1024
-488
-1756
-2267
-2139
-1053
7
885
1460
2468
3449
3390
3139
2367
1428
65
-362
119
534
576
279
-291
-1420
-2411
-3209
-3746
-3964
-3675
-3046
-2373
-1427
-621
-344
-450
-619
-808
-827
-293
427
647
370
114
-566
-1453
-1872
-1561
-1095
-706
-160
261
366
205
62
-230
-684
-960
-1056
-934
-835
-760
-958
-1391
-1630
-1803
-1571
-1119
-373
260
792
1273
1642
1849
1683
1558
1407
1648
1885
2042
1946
1790
1219
284
-532
-843
-752
-739
-1618
-3427
-5093
-5483
-3845
-1737
1044
3500
4878
4390
2876
2255
2117
2228
2666
3966
5062
5209
4661
3522
1805
-823
-2980
-4090
-3959
-2784
-1139
737
1621
1226
-134
-1418
-1995
-1869
-840
1130
2898
3828
3070
1640
241
-491
-64
711
1826
2303
2309
1536
417
-891
-2316
-3232
-3511
-3039
-2288
-1159
-526
-1090
-2348
-3649
-4313
-4265
-3004
-783
1237
2480
2749
1886
122
-1488
-2317
-2402
-2017
-943
353
1038
937
274
-553
-1542
-2212
-2127
-1397
-463
225
513
374
-156
-1118
-1977
-2288
-2134
-1632
-839
190
1041
1230
1090
848
738
936
1355
1953
2372
2624
2533
2098
1380
757
316
-228
-675
-1162
-999
-597
-201
-776
-2603
-4193
-5080
-3949
-2005
1030
3927
5455
5408
4092
3293
2529
2029
1854
2505
3416
3828
3969
3566
2372
-45
-2636
-4317
-4933
-4174
-2364
137
1971
2364
1608
287
-899
-1513
-1220
120
2036
3525
4203
2933
1118
-653
-1356
-1106
-347
1278
2100
1964
675
-499
-1806
-3249
-4070
-3872
-2787
-1792
-655
-274
-863
-2289
-3871
-4565
-4186
-2304
126
2121
3064
2762
1416
-416
-1876
-2527
-2345
-1398
-15
954
1131
653
-441
-1859
-2974
-3111
-2425
-1380
-142
811
1025
357
-564
-1554
-2066
-1993
-1157
148
1223
2071
2119
1848
1302
872
789
947
1383
1884
2290
2353
2082
1394
610
-305
-1050
-1363
-1446
-704
90
778
435
-1544
-3572
-5031
-4109
-2005
935
4075
6062
6314
4720
3301
2134
1191
508
1148
2498
3475
4097
3944
2835
121
-2950
-5141
-5870
-4881
-2682
190
2487
3215
2341
669
-823
-1626
-1587
-252
1793
3354
3605
3217
2291
869
-542
-1421
-1284
-1116
-693
-231
7
-413
-1425
-2326
-3028
-3297
-2978
-2144
-1334
-928
-1010
-1470
-2082
-2486
-2277
-1451
-373
627
1249
1385
968
5
-943
-1511
-1611
-1342
-890
-322
-53
-241
-718
-1254
-1709
-1884
-1653
-1072
-450
134
298
173
-294
-833
-1034
-984
-365
504
1347
1953
1969
1647
996
455
293
399
904
1233
1664
1705
1449
882
189
-21
-275
2
-91
154
237
195
-228
-2360
-4033
-5214
-4012
-1941
762
3968
5693
5886
4137
2856
1916
1208
1104
1989
3498
4216
4356
3636
2027
-770
-3628
-5156
-5331
-4046
-1987
563
2462
2710
1656
176
-900
-1352
-882
771
2862
4263
4628
3494
1459
-885
-2326
-2328
-1653
-371
777
1190
452
-829
-1975
-3084
-3833
-3787
-2783
-1469
-148
566
223
-888
-2486
-3572
-3760
-2489
-487
1249
2428
2649
1763
-78
-1745
-2718
-2974
-2549
-1372
-178
421
289
-386
-1349
-2231
-2491
-2118
-1168
-6
1042
1464
1108
405
-528
-1243
-1485
-990
199
1244
1968
2020
1569
791
-16
-238
179
813
1375
1597
1733
1376
747
282
26
132
57
240
242
547
562
534
-597
-2894
-4805
-5472
-3521
-1030
2233
4961
6051
5245
3027
1768
1020
652
948
2283
3802
4331
4050
3052
1188
-1767
-4389
-5566
-5085
-3316
-1010
1578
3008
2768
1416
-82
-900
-1112
-292
1199
2700
3584
4047
3793
2807
193
-2974
-5024
-5551
-3799
-1430
1539
3071
2604
799
-1499
-3010
-3912
-3415
-2022
-300
1088
2078
1937
220
-2050
-3964
-4771
-4336
-2273
483
2395
2981
2273
648
-1336
-2680
-2861
-2237
-1198
-56
619
768
385
-380
-1322
-2010
-2013
-1544
-750
146
811
738
149
-413
-703
-420
189
999
1492
1573
1299
651
66
-450
-582
-369
209
912
1472
1497
1255
784
245
-170
-468
-402
-175
277
699
903
-448
-2722
-4724
-4946
-3195
-814
2478
5012
6030
4925
3107
1825
630
-41
266
1746
3227
4050
4097
3300
1159
-1891
-4329
-5247
-4500
-2768
-212
2357
3571
3134
1614
133
-1113
-1540
-827
787
2118
2705
2949
2331
1390
-5
-731
-1195
-1547
-1104
-429
256
96
-261
-797
-1648
-2245
-2152
-1578
-1159
-919
-847
-934
-1369
-1613
-1247
-702
-172
142
359
226
-373
-963
-1321
-1300
-1146
-877
-494
-324
-495
-943
-1279
-1386
-1304
-978
-375
261
648
742
357
-310
-954
-1327
-1310
-889
-7
747
1197
1044
638
69
-672
-841
-668
80
790
1308
1601
1394
983
314
-121
-366
-194
121
473
613
376
368
302
407
-749
-2849
-4614
-5281
-3663
-1290
1790
4408
5299
4517
2447
1274
765
553
1105
2547
4170
4692
4430
3704
1960
-992
-3705
-4845
-4480
-3121
-959
1663
3255
2973
1478
-260
-1447
-1909
-1163
761
2646
3941
4342
4261
3355
1665
-451
-2798
-4216
-4362
-2605
-385
1544
2431
1729
-92
-2145
-2916
-2754
-2061
-946
399
1110
1048
520
-384
-1758
-3159
-3754
-3355
-2113
-538
730
1220
936
62
-921
-1620
-1672
-1333
-925
-406
41
231
-25
-592
-1088
-1404
-1635
-1630
-1159
-522
-135
-146
-250
-146
-147
-124
81
337
381
68
-97
-138
-80
96
401
695
856
837
757
620
344
297
431
682
732
439
390
230
101
-499
-2119
-3678
-4759
-3703
-1466
1194
3835
5050
4748
2901
1538
1102
1115
1722
3017
4401
4817
4293
3310
1756
-647
-2880
-3880
-3555
-2399
-713
1357
2681
2497
1199
-379
-1416
-1618
-865
855
2683
3866
3849
2709
1021
-884
-1901
-2068
-1310
-118
872
1361
934
22
-1183
-2228
-2750
-2534
-1691
-792
-208
-227
-782
-1793
-2793
-3127
-2703
-1766
-693
268
698
363
-398
-1077
-1398
-1344
-957
-362
-141
-353
-773
-1257
-1607
-1688
-1348
-819
-324
113
169
-52
-404
-732
-1028
-1169
-808
-161
308
580
628
430
21
-428
-428
-271
334
904
1225
1455
1224
913
390
246
309
377
612
820
919
349
-110
-137
-58
74
-644
-1894
-3379
-3770
-2276
-207
2186
3886
4478
3526
1802
1052
1070
1567
2533
3786
4677
4450
3528
2361
631
-1423
-2985
-3258
-2565
-1407
259
1953
2526
1595
-32
-1432
-2012
-1587
-53
1925
3362
3750
3085
1981
957
275
-79
-464
-1756
-3040
-3622
-2788
-1287
125
1349
1093
-272
-1892
-2431
-2339
-2085
-1111
-121
235
309
376
-150
-1621
-3045
-3733
-3859
-2971
-1144
661
1630
1533
680
-695
-1954
-2331
-1854
-905
256
1020
1074
407
-558
-1440
-2004
-1829
-1274
-660
-354
-239
-269
-443
-490
-259
292
734
934
900
906
626
282
281
476
470
373
531
635
598
578
650
618
490
241
150
226
751
1069
802
-709
-2864
-4330
-3965
-1783
735
3137
4438
4042
2160
616
537
1170
2165
3486
4628
4650
3565
2408
1139
-472
-1923
-2358
-1781
-845
208
1350
1896
1063
-664
-2045
-2344
-1588
-87
1736
3082
3173
2162
911
90
-103
305
893
1062
-334
-2180
-3458
-3218
-1937
-428
1208
1429
311
-1269
-2026
-2104
-2016
-1183
-187
254
351
400
-194
-1550
-2852
-3545
-3641
-2671
-734
965
1604
1183
146
-1251
-2330
-2281
-1198
112
1091
1426
911
-136
-1257
-1858
-1832
-1310
-648
-196
-102
-341
-495
-608
-403
-157
284
543
507
579
514
364
35
48
149
132
245
519
645
417
457
622
688
617
526
418
159
191
429
210
-1233
-3003
-4065
-3420
-1567
623
2728
3642
3098
1350
219
477
1291
2434
3663
4578
4471
3444
2361
1203
-112
-1192
-1496
-932
-154
683
1449
1637
863
-538
-1492
-1688
-1071
99
1476
2284
2025
1259
419
69
167
954
1594
1797
741
-1481
-3149
-3602
-2160
-371
1551
2481
1470
-306
-1924
-2410
-2481
-1829
-580
20
119
-17
-363
-1343
-2533
-3129
-3153
-2510
-1159
236
866
572
-248
-1216
-1954
-1833
-821
371
879
749
-70
-1140
-1958
-2065
-1400
-653
-153
-201
-546
-1096
-1358
-1061
-391
249
830
1070
828
264
-322
-621
-907
-706
-178
421
814
912
969
691
366
356
498
726
960
1110
1272
1211
1155
64
-1962
-3772
-4386
-2904
-755
1576
3167
3212
1836
-82
-433
521
1982
3531
4608
4933
4020
2511
1397
596
-125
-363
47
670
1009
1160
1183
768
-166
-992
-1198
-765
-112
642
1223
1160
506
-282
-532
-124
631
1389
1415
371
-1198
-2199
-1843
-552
1078
2245
2077
682
-1047
-1916
-1882
-1411
-574
-7
-135
-776
-1479
-2018
-2520
-2675
-2427
-1980
-1403
-786
-358
-416
-766
-1149
-1286
-1230
-901
-275
233
270
-218
-703
-1137
-1436
-1333
-801
-233
-190
-412
-704
-1066
-1166
-888
-252
166
369
293
-115
-457
-628
-511
-417
-209
30
102
287
475
635
651
711
847
898
999
1154
1099
847
724
639
246
-1035
-2614
-3533
-2826
-1045
770
2278
2668
1849
238
-461
374
1777
3156
4070
4337
3625
2301
1374
969
771
652
791
1205
1384
1323
1235
1184
795
161
-186
-4
210
264
427
423
-36
-465
-530
-172
182
681
1044
955
91
-1423
-2206
-1974
-388
1198
2325
2313
824
-910
-1975
-1657
-1020
-362
94
-469
-1541
-2191
-2263
-2193
-2190
-2040
-2067
-2260
-2088
-1523
-1037
-810
-657
-598
-758
-882
-674
-499
-464
-635
-845
-973
-963
-776
-583
-513
-748
-1127
-1315
-1237
-853
-141
492
765
511
85
-326
-639
-568
-238
137
185
131
48
79
142
440
823
1076
1342
1258
1286
1010
989
1055
1101
856
-613
-2208
-3150
-2280
-522
1226
2552
2529
1269
-452
-858
332
2021
3492
4323
4235
3116
1623
803
705
801
969
1327
1708
1576
1176
1088
1158
993
586
495
662
569
294
157
21
-308
-592
-524
-196
-56
108
0
-204
-1237
-2502
-2643
-1403
816
2154
2928
2149
-34
-2070
-2430
-1125
-97
635
637
-547
-2115
-2666
-2333
-2154
-2149
-1981
-2137
-2596
-2373
-1676
-1134
-875
-566
-451
-821
-1066
-1144
-1164
-1011
-642
-410
-400
-404
-534
-816
-938
-857
-856
-790
-626
-309
-4
251
395
276
79
-169
-327
-206
30
156
99
67
17
-2
344
626
817
984
1217
1178
824
803
967
1074
1244
890
-472
-2110
-2818
-1670
30
1726
2763
2386
918
-766
-762
682
2435
3727
4056
3601
2285
872
470
892
1471
1798
2089
2116
1478
723
549
823
1164
1309
1388
1273
719
83
-371
-419
-253
-134
6
74
31
-347
-749
-1003
-1896
-2690
-2437
-933
737
1683
1940
879
-930
-2058
-1531
-159
726
925
205
-1357
-2569
-2627
-2051
-1726
-1731
-1858
-2412
-2830
-2645
-1987
-1317
-912
-582
-525
-848
-1161
-1291
-1288
-1015
-655
-420
-476
-701
-978
-1123
-1004
-702
-397
-327
-370
-307
16
308
601
744
597
181
-126
56
200
219
107
22
-92
-54
525
976
1034
1090
1116
1081
940
1071
1341
1466
1497
527
-1188
-2609
-2537
-1008
645
2115
2575
1650
-147
-1312
-487
1323
2859
3777
3813
3029
1656
701
896
1466
1802
1940
2007
1607
694
233
513
1075
1571
1789
1724
1096
252
-361
-587
-353
0
268
168
-127
-644
-884
-1010
-910
-1524
-2546
-2748
-1930
-39
1144
1777
1082
-602
-1893
-1882
-523
465
718
205
-1049
-1948
-1870
-1316
-1071
-1549
-2020
-2605
-2887
-2360
-1426
-686
-573
-630
-739
-1204
-1602
-1522
-1215
-910
-630
-401
-520
-884
-1085
-1041
-733
-274
19
-8
-215
-197
120
472
810
1030
844
402
37
31
145
129
189
247
340
400
561
785
721
744
915
1103
1097
897
1022
1199
1160
12
-1665
-2725
-2192
-682
693
1843
2030
962
-681
-1090
205
1839
2816
3300
3193
2344
1214
816
1308
1628
1732
1776
1785
1345
569
414
857
1487
1795
1759
1457
696
-41
-372
-77
319
507
375
-15
-597
-842
-899
-790
-1230
-2444
-2936
-2396
-636
595
1188
907
-524
-1866
-2008
-672
308
496
376
-408
-1417
-1532
-883
-743
-1380
-1850
-1993
-2259
-2022
-1260
-779
-857
-969
-785
-1039
-1451
-1533
-1422
-1322
-1035
-628
-605
-863
-1000
-1050
-924
-558
-178
-23
-182
-183
179
472
594
771
881
696
394
481
561
422
248
223
294
410
691
1078
1029
715
597
633
820
1016
1216
1212
1023
869
-211
-1672
-2481
-1942
-361
744
1493
1341
379
-723
-1039
225
1779
2556
2652
2263
1753
1052
800
1479
1994
1883
1549
1350
1044
496
483
1221
1912
2157
1816
1293
602
3
-84
306
738
835
442
-193
-709
-869
-771
-651
-799
-2128
-3161
-3000
-1390
143
755
669
-560
-1931
-2176
-837
451
560
283
-456
-1438
-1501
-599
-58
-667
-1411
-1818
-2168
-2175
-1362
-586
-455
-683
-713
-939
-1593
-1764
-1449
-1117
-907
-684
-829
-1275
-1481
-1292
-864
-416
-56
-59
-377
-475
17
611
840
904
877
661
351
511
779
624
255
182
305
337
640
1068
1241
901
706
748
733
889
908
972
950
1025
722
-814
-2129
-2526
-1403
70
1011
1306
575
-421
-1107
-545
1048
2204
2272
1836
1450
1115
870
1356
2156
2068
1475
1046
901
704
631
1365
2297
2698
2413
1663
926
274
58
450
1163
1440
974
110
-563
-925
-1003
-781
-990
-1513
-2024
-1882
-1329
-911
-543
-581
-975
-1423
-1282
-709
-486
-476
-432
-606
-807
-745
-521
-575
-1029
-1229
-1371
-1549
-1547
-1308
-968
-884
-840
-789
-969
-1393
-1613
-1509
-1212
-986
-877
-986
-1235
-1358
-1290
-926
-508
-253
-267
-532
-638
-314
123
485
792
913
688
328
355
529
580
628
652
723
657
775
838
845
835
869
1099
1219
1342
1159
809
698
817
1006
510
-696
-1794
-1975
-769
385
803
599
-54
-776
-1065
-71
1490
2041
1716
1203
924
820
923
1579
1966
1729
1229
927
922
870
1030
1811
2508
2545
1953
1196
704
437
709
1472
1955
1564
480
-406
-882
-869
-670
-625
-979
-1578
-1887
-1879
-1543
-1213
-955
-998
-1241
-1341
-1216
-962
-896
-618
-337
-323
-531
-762
-1007
-1304
-1443
-1309
-1177
-1225
-1202
-1091
-989
-1022
-975
-965
-1177
-1327
-1284
-1068
-869
-831
-969
-1245
-1326
-1226
-1027
-746
-532
-564
-790
-817
-468
7
368
676
775
593
379
364
565
746
855
945
860
751
777
930
1097
1197
1330
1399
1366
1219
1110
970
1008
1220
1337
1170
57
-1265
-2089
-1489
-33
730
776
238
-412
-1030
-840
486
1552
1574
1135
809
759
708
912
1471
1534
1060
671
688
845
851
1361
2172
2422
2016
1307
900
756
904
1484
2018
1814
859
-153
-615
-657
-435
-238
-538
-1338
-2081
-2163
-1739
-1240
-873
-794
-1166
-1609
-1619
-1218
-844
-688
-576
-602
-862
-1068
-1070
-1079
-1205
-1176
-1101
-1242
-1385
-1278
-1087
-951
-788
-628
-742
-1070
-1206
-1089
-808
-579
-625
-932
-1255
-1243
-1059
-819
-595
-577
-866
-1037
-768
-181
392
691
747
458
170
163
414
843
1073
1167
988
720
697
779
1035
1271
1514
1596
1523
1406
1153
936
837
1032
1330
1448
1017
-203
-1488
-1911
-966
254
733
585
-63
-775
-1231
-551
782
1433
1188
750
494
341
405
774
1240
1218
833
594
649
630
751
1379
2015
2102
1720
1254
1017
991
1263
1795
1965
1482
638
-29
-299
-248
-64
-132
-643
-1426
-1813
-1739
-1311
-945
-802
-885
-1259
-1459
-1262
-807
-579
-636
-718
-903
-1203
-1296
-1243
-1202
-1261
-1239
-1233
-1369
-1404
-1160
-923
-766
-624
-605
-768
-1080
-1079
-778
-511
-515
-776
-1125
-1391
-1401
-1175
-900
-766
-890
-1035
-963
-616
-107
295
418
338
159
130
322
614
911
982
888
758
681
719
961
1181
1392
1502
1556
1543
1358
1199
1091
1117
1335
1472
1401
548
-692
-1357
-963
226
892
819
256
-487
-1048
-857
244
1235
1277
733
350
186
144
343
912
1199
871
570
542
591
590
904
1625
1972
1768
1363
1028
922
1068
1423
1797
1658
967
155
-347
-508
-379
-148
-166
-532
-1097
-1395
-1452
-1293
-962
-726
-794
-1073
-1227
-1195
-1046
-877
-763
-809
-1091
-1392
-1533
-1482
-1274
-1027
-942
-981
-1088
-1126
-1009
-783
-592
-583
-695
-918
-1054
-977
-719
-556
-654
-920
-1171
-1285
-1233
-955
-670
-551
-651
-757
-670
-449
-53
222
327
201
56
133
296
599
735
737
553
446
562
880
1221
1449
1532
1454
1331
1266
1237
1214
1304
1389
1500
1419
1051
165
-833
-1127
-367
670
961
577
-48
-546
-875
-440
646
1234
877
315
164
185
237
521
982
1038
638
422
475
538
585
1066
1693
1846
1545
1133
912
839
1029
1406
1638
1327
634
92
-236
-353
-288
-20
-19
-464
-999
-1348
-1397
-1186
-848
-562
-661
-1044
-1335
-1322
-1046
-832
-717
-827
-1193
-1524
-1595
-1362
-1064
-927
-912
-1034
-1198
-1155
-885
-662
-593
-636
-807
-985
-1060
-848
-609
-523
-720
-1019
-1256
-1335
-1117
-783
-580
-540
-657
-796
-701
-415
-30
229
263
97
-59
-124
33
323
579
624
528
528
621
847
1133
1426
1571
1472
1369
1271
1166
1243
1450
1698
1630
1316
609
-433
-960
-478
637
1172
958
343
-356
-764
-609
384
1276
1250
661
262
132
167
417
897
1186
932
517
328
392
547
911
1540
1888
1593
1050
730
748
985
1344
1640
1406
592
-213
-447
-304
-34
257
192
-393
-1229
-1549
-1324
-926
-630
-469
-642
-1198
-1544
-1362
-972
-810
-845
-1015
-1284
-1547
-1457
-1197
-1042
-1033
-1034
-1122
-1233
-1107
-760
-538
-561
-652
-858
-1036
-1094
-902
-574
-451
-644
-973
-1262
-1286
-1015
-631
-358
-352
-580
-860
-861
-583
-171
148
181
26
-177
-287
-135
192
464
591
551
474
548
709
957
1165
1268
1443
1453
1457
1325
1181
1282
1438
1607
1471
1052
111
-689
-673
248
1103
1129
686
-10
-544
-679
57
1135
1457
1000
456
239
147
235
640
1078
1045
660
404
375
438
623
1223
1729
1660
1192
777
674
832
1189
1549
1539
895
30
-532
-485
-164
279
402
-140
-975
-1536
-1493
-1084
-618
-387
-582
-1173
-1589
-1553
-1166
-845
-789
-961
-1362
-1671
-1625
-1337
-1096
-1003
-999
-1124
-1254
-1215
-960
-653
-495
-517
-695
-901
-977
-873
-620
-365
-380
-671
-1046
-1202
-1011
-678
-360
-232
-389
-731
-866
-681
-300
81
241
145
-84
-264
-211
64
341
506
507
462
448
632
874
1106
1223
1293
1339
1337
1245
1143
1260
1377
1591
1587
1286
473
-394
-612
23
935
1211
913
329
-204
-435
-41
905
1426
1108
525
240
211
289
541
963
1017
613
255
200
351
506
906
1438
1559
1166
726
563
707
958
1295
1421
998
243
-315
-330
-195
59
198
-112
-750
-1361
-1474
-1224
-910
-672
-658
-987
-1397
-1530
-1290
-1021
-890
-912
-1151
-1469
-1537
-1391
-1182
-1044
-963
-999
-1187
-1209
-1026
-748
-537
-444
-526
-751
-873
-804
-608
-382
-260
-429
-727
-939
-875
-625
-375
-194
-263
-499
-721
-694
-370
-46
175
232
54
-140
-276
-149
146
424
591
567
537
488
558
760
1037
1237
1346
1318
1220
999
930
1197
1460
1534
1280
729
-53
-555
-252
690
1256
1085
528
-4
-322
-236
479
1267
1338
766
300
167
221
373
788
1067
820
378
150
229
432
749
1269
1544
1296
851
584
651
879
1187
1390
1201
602
-88
-382
-280
-21
127
83
-396
-1077
-1469
-1291
-831
-578
-478
-740
-1281
-1626
-1506
-1119
-827
-834
-1048
-1439
-1707
-1603
-1318
-1078
-981
-1003
-1134
-1256
-1149
-831
-599
-522
-545
-735
-894
-890
-681
-441
-338
-391
-611
-871
-905
-684
-412
-224
-227
-345
-566
-611
-386
-44
215
284
183
-53
-224
-219
65
338
497
515
400
331
414
678
944
1124
1218
1257
1206
1137
1013
1073
1229
1390
1380
1062
409
-324
-470
93
920
1171
906
397
-68
-242
158
1007
1369
1069
472
158
136
253
593
935
956
510
140
103
265
572
997
1478
1527
1141
727
632
755
999
1258
1309
853
103
-396
-431
-111
194
226
-156
-829
-1354
-1394
-1001
-565
-384
-607
-1070
-1461
-1519
-1227
-857
-801
-1046
-1390
-1649
-1644
-1402
-1074
-927
-992
-1152
-1291
-1310
-1082
-764
-533
-471
-645
-791
-884
-832
-606
-424
-410
-551
-756
-811
-697
-438
-173
-77
-174
-368
-474
-391
-93
181
321
222
58
-129
-160
8
253
450
504
467
407
445
607
894
1060
1112
1126
1069
953
898
1000
1185
1350
1378
1145
584
-111
-456
-120
617
1067
1011
604
52
-291
-93
571
1143
1103
643
217
81
174
455
838
916
607
212
73
195
492
855
1247
1381
1090
725
600
702
933
1161
1229
898
237
-258
-358
-71
246
337
68
-605
-1160
-1257
-907
-501
-319
-461
-885
-1325
-1420
-1165
-868
-735
-915
-1214
-1452
-1499
-1285
-999
-912
-984
-1175
-1275
-1277
-1107
-806
-584
-534
-674
-865
-952
-912
-732
-515
-408
-503
-692
-802
-745
-551
-313
-134
-151
-301
-461
-440
-244
-4
190
212
92
-40
-97
1
211
397
491
487
437
386
488
698
930
1061
1130
1081
996
872
820
966
1152
1337
1313
1100
561
-124
-377
53
768
1069
843
394
-7
-222
-13
700
1173
944
375
57
92
225
589
936
916
481
115
78
256
537
878
1217
1211
894
624
576
707
896
1105
1113
719
118
-247
-167
49
213
167
-171
-775
-1176
-1095
-714
-422
-393
-592
-937
-1218
-1208
-929
-697
-738
-993
-1262
-1466
-1458
-1262
-1015
-951
-1030
-1158
-1218
-1200
-1006
-726
-572
-579
-717
-869
-894
-791
-608
-435
-460
-613
-822
-865
-685
-435
-220
-141
-219
-402
-465
-342
-106
89
169
111
-15
-94
-49
143
309
377
410
383
368
443
620
878
1042
1079
1056
1015
898
842
930
1154
1341
1268
1134
870
380
-159
-232
321
886
993
768
451
130
-27
264
873
1158
819
314
145
186
314
626
863
751
307
57
131
380
647
958
1176
1030
719
541
598
711
838
985
909
461
-53
-375
-319
-88
145
149
-237
-832
-1217
-1155
-804
-427
-323
-545
-1003
-1325
-1257
-975
-744
-810
-1076
-1381
-1550
-1445
-1126
-858
-832
-997
-1202
-1276
-1202
-936
-695
-604
-648
-816
-927
-901
-707
-499
-412
-467
-609
-747
-760
-596
-347
-185
-198
-328
-465
-469
-292
-58
149
241
185
80
35
133
315
450
497
515
491
469
566
716
916
993
1095
1081
1007
906
906
1078
1281
1398
1288
1072
642
124
-185
44
611
964
914
592
296
71
50
501
993
976
556
208
171
281
477
765
855
513
73
-51
159
422
723
1059
1102
824
544
514
607
727
864
820
549
98
-211
-261
-70
95
68
-249
-750
-1080
-1067
-782
-460
-315
-528
-913
-1227
-1206
-940
-730
-762
-976
-1282
-1463
-1412
-1181
-969
-975
-1084
-1219
-1280
-1188
-962
-698
-620
-678
-779
-867
-876
-757
-600
-530
-573
-697
-802
-838
-668
-431
-222
-141
-205
-300
-336
-276
-94
89
215
254
174
140
151
236
356
434
496
530
513
526
696
877
991
1047
1094
1090
1022
1007
1135
1265
1342
1286
1124
858
499
107
-69
225
708
899
749
553
319
156
211
623
942
765
377
173
171
230
425
664
636
280
2
-3
218
419
679
908
845
584
428
485
538
591
684
574
172
-213
-310
-151
25
91
-17
-366
-878
-1100
-887
-524
-318
-376
-611
-946
-1179
-1106
-806
-695
-841
-1107
-1284
-1351
-1201
-917
-729
-756
-971
-1053
-1074
-1007
-804
-569
-553
-700
-783
-822
-788
-681
-501
-460
-573
-677
-765
-711
-501
-246
-101
-118
-238
-327
-345
-266
-42
168
256
197
124
80
89
140
247
329
378
445
532
570
700
854
958
947
940
952
885
841
932
1111
1141
1140
989
723
250
-27
50
491
919
935
755
431
178
102
410
827
938
660
346
229
244
372
612
744
543
182
50
147
303
528
811
955
777
560
496
506
527
634
654
432
7
-290
-319
-227
-105
-58
-207
-575
-917
-949
-712
-467
-393
-428
-650
-987
-1116
-990
-825
-805
-937
-1083
-1200
-1237
-1083
-847
-762
-843
-951
-1028
-1030
-962
-736
-580
-597
-685
-746
-749
-716
-583
-472
-450
-567
-650
-629
-562
-383
-162
-94
-164
-281
-330
-311
-216
4
176
195
155
81
62
90
164
296
395
446
441
510
571
682
814
918
951
968
916
825
831
915
1058
1079
994
865
594
233
77
344
788
965
823
547
315
172
271
646
952
864
495
310
251
307
476
670
707
412
128
112
270
375
545
740
746
524
338
339
401
467
473
412
128
-240
-357
-205
-29
-57
-204
-454
-793
-976
-816
-531
-441
-533
-691
-845
-944
-914
-760
-734
-865
-1049
-1138
-1113
-1026
-903
-762
-755
-937
-1057
-1048
-923
-778
-549
-429
-502
-660
-747
-686
-603
-512
-397
-387
-475
-551
-453
-304
-204
-87
-85
-150
-213
-227
-186
-47
87
225
206
152
90
93
117
211
325
428
487
456
490
560
698
778
889
927
897
821
748
748
854
977
1021
944
765
558
331
233
342
602
782
765
601
400
271
297
493
641
614
420
267
202
228
319
435
424
266
132
66
140
286
464
536
526
458
370
313
287
326
304
221
80
-42
-80
-79
-56
-87
-225
-421
-592
-647
-558
-482
-460
-468
-575
-681
-762
-767
-726
-769
-881
-966
-967
-960
-910
-853
-819
-865
-911
-928
-884
-815
-698
-571
-529
-606
-675
-662
-624
-531
-440
-378
-412
-478
-531
-462
-334
-178
-76
-105
-205
-284
-254
-184
-51
74
154
185
142
164
170
194
275
375
469
511
491
460
516
571
724
830
893
858
727
649
662
768
867
947
931
814
642
518
507
559
616
634
628
593
534
476
481
581
574
503
395
323
270
223
295
316
268
182
102
81
86
125
218
253
236
185
177
177
165
137
140
127
76
-59
-207
-285
-314
-244
-204
-270
-465
-625
-677
-598
-446
-353
-378
-558
-718
-751
-716
-673
-680
-747
-851
-892
-844
-751
-718
-737
-728
-720
-726
-682
-602
-530
-493
-510
-448
-418
-424
-411
-372
-337
-338
-333
-335
-291
-281
-203
-141
-150
-135
-69
-12
36
54
144
217
169
130
76
89
134
268
427
471
387
290
309
417
538
655
694
660
597
581
652
734
772
707
639
591
545
564
628
694
690
654
591
567
557
558
564
556
468
356
294
255
226
196
198
177
114
56
15
-21
-34
-25
-12
8
-16
-49
-63
-40
-44
-68
-65
-90
-130
-146
-126
-122
-199
-250
-269
-251
-257
-267
-266
-266
-310
-359
-326
-290
-282
-298
-298
-348
-423
-469
-461
-453
-411
-409
-424
-487
-579
-606
-548
-476
-427
-352
-344
-325
-341
-330
-318
-316
-337
-336
-304
-280
-276
-307
-299
-265
-189
-136
-152
-204
-248
-221
-113
-2
100
97
31
-54
-67
-40
47
141
176
190
146
158
216
296
346
409
453
431
412
388
419
481
509
530
536
508
483
479
544
600
597
575
551
552
545
566
569
551
471
374
309
276
262
242
229
207
198
108
46
44
25
36
29
19
0
-53
-77
-108
-126
-167
-175
-167
-198
-190
-196
-230
-257
-300
-285
-281
-274
-306
-307
-341
-344
-338
-337
-300
-302
-257
-269
-262
-278
-296
-296
-272
-208
-192
-204
-222
-241
-265
-255
-221
-179
-161
-145
-171
-185
-148
-116
-95
-84
-72
-76
-79
-107
-97
-85
-66
-44
-24
-68
-103
-123
-133
-91
-46
-13
-42
-115
-127
-134
-83
-20
27
16
-22
-7
4
68
121
195
215
219
184
155
168
175
252
260
296
308
281
271
269
345
410
416
396
378
348
328
340
370
372
348
315
290
291
268
250
256
225
161
92
65
59
23
4
-1
5
-21
-41
-52
-78
-105
-124
-121
-111
-132
-141
-165
-203
-217
-223
-218
-237
-251
-275
-252
-265
-223
-200
-211
-186
-187
-193
-206
-210
-227
-200
-181
-154
-135
-138
-153
-178
-155
-139
-130
-86
-54
-42
-40
-38
-38
3
10
28
11
-4
-29
-46
-8
-10
38
61
67
41
14
-51
-50
-68
-36
-7
-24
-41
-50
-45
-71
-31
16
25
18
-18
-33
-23
-2
56
123
150
184
153
138
149
131
148
150
164
165
151
142
149
203
228
255
252
238
208
213
227
268
267
238
217
186
132
106
103
79
69
10
-27
-58
-70
-100
-100
-66
-32
-22
-34
-38
-63
-88
-99
-112
-108
-122
-158
-196
-249
-293
-286
-277
-260
-242
-213
-199
-186
-181
-165
-139
-131
-129
-156
-156
-154
-158
-132
-96
-61
-68
-100
-147
-164
-168
-151
-52
-19
17
54
39
69
70
89
139
166
163
150
134
139
144
146
154
158
128
106
70
63
56
90
142
148
131
73
45
16
8
22
70
88
79
53
19
42
55
63
108
120
95
67
58
52
38
49
59
61
53
31
23
71
128
138
181
180
140
125
116
135
158
173
141
96
56
-1
-31
-36
-33
-42
-56
-78
-93
-126
-178
-165
-171
-152
-140
-124
-135
-121
-133
-131
-134
-159
-176
-226
-267
-330
-339
-362
-331
-329
-303
-258
-249
-194
-158
-115
-103
-102
-92
-86
-108
-110
-117
-126
-144
-152
-132
-131
-101
-80
-61
8
49
89
136
153
132
134
154
181
220
222
263
255
252
230
211
218
207
215
215
232
218
188
203
212
236
226
213
172
134
120
116
158
177
173
146
114
71
44
65
78
66
65
58
47
41
72
75
74
71
49
20
4
-7
7
32
47
66
56
54
55
56
72
59
36
-14
-87
-109
-149
-142
-108
-121
-128
-124
-130
-136
-140
-170
-171
-173
-185
-173
-185
-177
-184
-205
-207
-211
-231
-244
-273
-276
-291
-270
-279
-273
-297
-301
-290
-260
-229
-199
-170
-181
-170
-134
-126
-136
-140
-136
-163
-167
-167
-149
-130
-105
-74
-22
21
53
92
120
144
176
213
267
301
319
318
308
286
297
279
286
306
325
367
354
328
315
306
273
315
337
348
350
336
272
260
282
277
276
242
212
168
127
87
61
41
-3
-14
-34
-31
-5
7
50
55
55
38
13
-14
-34
-40
-57
-71
-88
-89
-99
-100
-55
-51
-75
-111
-142
-175
-171
-157
-162
-162
-181
-200
-220
-214
-209
-195
-178
-181
-143
-144
-142
-166
-198
-220
-203
-179
-198
-182
-217
-231
-264
-291
-280
-299
-273
-257
-228
-201
-195
-185
-180
-186
-182
-179
-171
-169
-174
-154
-152
-139
-150
-152
-150
-143
-138
-99
-46
-17
21
30
48
78
107
154
207
234
280
299
305
322
298
292
280
290
291
307
332
345
363
397
431
481
495
513
477
446
440
385
389
380
371
326
295
266
215
204
197
173
171
171
175
145
161
135
98
61
32
-2
-61
-55
-75
-49
-47
-59
-61
-116
-151
-178
-183
-182
-191
-232
-243
-261
-262
-265
-287
-275
-285
-311
-309
-286
-285
-277
-255
-245
-240
-249
-269
-301
-306
-311
-312
-288
-289
-323
-341
-345
-366
-349
-313
-273
-277
-253
-250
-247
-218
-204
-174
-149
-123
-128
-131
-150
-173
-186
-180
-176
-158
-126
-83
-46
-21
29
57
81
100
120
134
159
173
192
198
205
201
207
230
242
243
257
262
306
351
377
422
426
455
442
435
457
467
449
452
448
449
460
462
430
397
368
338
324
326
329
312
304
267
232
207
199
197
208
209
167
136
99
60
16
7
-1
-12
-47
-73
-102
-152
-173
-197
-216
-238
-266
-277
-303
-332
-334
-350
-367
-387
-385
-369
-350
-332
-317
-292
-294
-298
-303
-326
-359
-403
-436
-456
-471
-459
-449
-407
-368
-328
-284
-271
-262
-268
-267
-251
-243
-225
-219
-216
-243
-247
-230
-217
-187
-151
-126
-107
-86
-85
-54
-27
-15
-7
15
24
38
45
84
112
167
217
257
278
304
274
259
264
246
270
274
308
338
349
375
392
383
396
422
441
470
501
495
467
460
469
480
470
456
426
364
332
306
295
298
320
329
297
277
254
225
170
145
122
81
71
68
75
61
85
73
33
10
-48
-116
-161
-217
-235
-270
-287
-270
-300
-308
-318
-323
-326
-346
-357
-338
-322
-330
-323
-320
-326
-346
-363
-356
-394
-419
-397
-378
-374
-364
-361
-341
-361
-365
-349
-327
-291
-273
-264
-238
-206
-216
-187
-172
-174
-165
-162
-176
-186
-178
-167
-153
-131
-104
-84
-44
-9
9
56
103
141
186
190
189
182
167
137
129
135
140
146
164
194
216
241
296
312
344
385
371
373
360
342
317
319
303
306
300
310
322
327
359
365
357
346
323
296
288
296
282
271
255
240
238
220
218
188
165
167
139
139
119
83
87
73
60
56
25
12
-13
-36
-67
-96
-141
-171
-186
-206
-208
-216
-214
-236
-212
-219
-215
-191
-204
-207
-242
-299
-324
-367
-395
-392
-415
-389
-379
-346
-347
-341
-320
-331
-311
-312
-288
-290
-283
-289
-301
-302
-311
-303
-288
-289
-265
-243
-231
-217
-190
-183
-158
-127
-105
-72
-52
-68
-66
-60
-50
-48
-11
28
60
107
131
138
137
171
183
194
224
234
245
268
269
292
303
317
318
341
327
321
343
338
338
346
366
386
402
411
418
406
383
367
350
344
327
319
301
277
251
214
195
179
196
208
227
231
231
229
224
213
177
127
69
23
-9
-14
-20
-35
-30
-47
-59
-75
-80
-97
-125
-119
-143
-159
-184
-213
-253
-267
-265
-278
-305
-330
-337
-363
-368
-369
-352
-353
-355
-339
-369
-389
-427
-450
-448
-453
-421
-424
-401
-387
-385
-376
-366
-331
-335
-313
-298
-309
-289
-260
-246
-227
-185
-178
-151
-125
-119
-124
-121
-112
-66
-31
12
47
92
109
116
158
176
223
237
289
284
285
281
262
276
288
291
330
345
357
392
391
408
412
416
417
435
422
423
419
388
365
326
286
288
299
315
318
339
337
316
310
276
273
260
253
246
242
223
197
175
147
118
92
103
96
85
65
38
20
-11
-29
-56
-63
-68
-102
-127
-141
-172
-183
-192
-184
-200
-215
-235
-253
-293
-284
-313
-339
-377
-408
-429
-440
-449
-445
-430
-417
-398
-401
-404
-400
-413
-447
-441
-452
-420
-410
-369
-346
-328
-308
-317
-296
-282
-267
-259
-248
-245
-215
-196
-167
-154
-117
-93
-61
-52
-24
32
69
107
118
146
157
155
171
172
205
223
240
250
270
296
319
356
344
353
361
357
375
403
438
437
449
447
444
425
415
418
423
414
383
388
338
331
290
264
244
243
249
269
257
252
241
222
203
174
176
135
140
106
80
58
20
5
-27
-46
-56
-59
-72
-66
-64
-71
-100
-116
-170
-195
-222
-214
-237
-246
-193
-218
-239
-246
-253
-282
-274
-294
-291
-309
-314
-328
-376
-393
-418
-425
-429
-405
-377
-354
-333
-320
-295
-308
-297
-296
-317
-327
-354
-341
-329
-291
-261
-227
-205
-178
-182
-184
-178
-177
-142
-118
-54
-7
28
78
99
93
108
122
133
149
157
164
158
170
186
174
213
245
281
328
350
384
392
413
412
404
408
398
362
345
341
328
327
313
320
293
304
299
310
315
296
292
273
261
249
246
244
205
211
182
171
149
134
123
84
81
55
70
56
39
21
-1
-30
-74
-75
-92
-103
-111
-99
-102
-105
-99
-125
-119
-129
-149
-179
-204
-234
-247
-267
-280
-283
-280
-302
-301
-331
-317
-335
-330
-330
-333
-297
-296
-264
-256
-247
-207
-186
-197
-372
-638
-744
-604
-261
10
169
82
-203
-538
-655
-488
-249
-15
177
324
315
157
-2
-271
-426
-393
-51
319
502
461
215
-28
-239
-216
-107
96
285
443
511
388
176
-87
-283
-226
95
514
819
874
650
298
-2
-130
3
236
448
593
540
367
178
50
-34
-59
99
264
430
509
485
308
78
-6
67
206
308
337
246
65
-107
-154
-119
-24
108
217
272
250
147
-12
-105
-147
-24
127
216
218
54
-122
-291
-291
-191
-43
69
105
54
-96
-216
-305
-322
-236
-123
-37
-32
-136
-284
-438
-506
-476
-384
-242
-171
-185
-282
-385
-487
-519
-462
-368
-290
-232
-247
-302
-381
-448
-444
-390
-297
-228
-178
-196
-242
-271
-258
-173
-69
46
76
54
11
-39
-27
26
102
188
205
190
175
109
92
130
194
309
392
443
435
400
348
321
343
392
439
456
425
339
282
215
193
219
274
325
336
309
260
187
126
106
133
179
212
209
171
86
42
23
30
45
62
86
57
5
-65
-101
-97
-67
-6
32
12
-21
-61
-112
-151
-168
-138
-101
-92
-94
-93
-88
-133
-177
-178
-162
-146
-112
-102
-133
-173
-212
-212
-213
-199
-182
-155
-150
-147
-169
-179
-182
-173
-163
-113
-90
-76
-123
-168
-194
-228
-188
-175
-146
-135
-130
-136
-120
-118
-98
-81
-71
-90
-76
-59
-36
-34
-38
-13
-36
-18
-12
23
48
70
98
122
121
132
114
111
104
124
143
160
167
167
178
184
198
235
248
264
240
229
193
165
165
157
163
178
184
160
155
130
128
145
187
229
223
208
150
98
58
45
35
91
105
99
76
32
-15
-61
-66
-50
19
18
12
-25
-59
-105
-124
-104
-72
-58
-44
-40
-52
-92
-152
-171
-171
-162
-128
-118
-122
-158
-187
-224
-224
-198
-176
-124
-100
-85
-112
-155
-211
-232
-201
-167
-128
-121
-119
-131
-173
-198
-161
-117
-90
-40
-20
-28
-89
-114
-133
-121
-71
-31
21
17
1
-19
-36
-45
-27
9
8
9
-2
-7
-10
-21
10
56
121
154
188
189
132
115
101
93
119
144
174
176
166
151
159
165
207
218
238
258
260
241
213
195
182
198
213
222
193
166
116
111
111
125
134
132
94
48
11
3
-14
-29
22
33
29
18
6
-28
-77
-77
-65
-54
-29
-32
-49
-115
-155
-185
-202
-188
-150
-127
-123
-93
-141
-164
-190
-178
-133
-135
-76
-67
-85
-135
-188
-209
-216
-186
-159
-130
-113
-116
-133
-147
-177
-164
-123
-77
-59
-30
-38
-69
-101
-115
-108
-90
-53
-19
-30
-51
-72
-99
-117
-111
-50
-8
20
34
30
7
1
31
53
94
133
133
118
87
62
80
101
110
166
196
191
173
154
131
105
111
135
180
223
249
228
213
189
166
181
206
220
224
239
217
198
164
151
155
133
127
138
128
99
82
73
54
39
30
22
30
21
20
8
-17
-55
-66
-93
-107
-116
-116
-109
-102
-111
-124
-145
-171
-194
-204
-197
-200
-201
-204
-209
-215
-209
-219
-215
-209
-203
-204
-196
-203
-190
-210
-218
-210
-211
-206
-181
-159
-142
-128
-131
-148
-140
-145
-146
-113
-88
-55
-32
-22
-33
-22
6
30
36
54
56
46
37
10
9
39
68
95
122
129
146
138
134
154
180
211
234
253
261
241
215
199
178
189
219
216
247
258
245
222
187
181
161
194
229
223
231
209
187
173
156
152
154
144
140
120
106
73
58
35
6
-5
-21
-14
-32
-66
-68
-101
-110
-127
-131
-120
-125
-137
-149
-168
-189
-200
-191
-177
-182
-185
-213
-233
-253
-253
-256
-229
-211
-202
-196
-215
-228
-233
-240
-232
-194
-194
-152
-139
-132
-113
-123
-129
-148
-142
-146
-140
-108
-88
-70
-62
-41
-23
-8
16
52
68
66
62
55
48
38
67
103
121
131
134
111
107
111
117
158
186
204
217
218
200
182
165
140
142
131
148
151
174
155
162
153
134
122
135
140
124
107
87
94
75
100
108
101
111
104
66
50
6
-7
0
23
50
54
58
13
-18
-41
-25
-18
14
1
3
-9
-15
-47
-52
-51
-81
-62
-55
-71
-88
-84
-105
-93
-76
-71
-67
-86
-100
-133
-138
-137
-134
-142
-94
-54
-55
-66
-126
-160
-200
-158
-104
-24
-30
-51
-88
-174
-182
-185
-165
-142
-83
-31
6
8
-31
-116
-171
-183
-154
-87
-20
23
45
50
8
-21
-49
-62
-63
-13
39
90
105
98
71
19
3
-1
27
65
117
160
165
159
142
105
73
59
36
70
81
97
119
110
132
110
109
103
96
126
143
155
149
145
119
104
70
71
60
84
102
101
97
83
76
39
29
9
10
20
43
36
47
35
21
11
1
-18
-10
3
-2
5
0
1
-6
-10
-37
-46
-45
-58
-67
-71
-81
-64
-91
-92
-87
-100
-97
-95
-74
-86
-94
-110
-122
-125
-115
-108
-97
-90
-99
-114
-138
-153
-182
-173
-170
-154
-132
-125
-96
-112
-104
-94
-93
-80
-57
-55
-52
-30
-49
-40
-45
-33
-66
-45
-46
-30
3
36
72
83
106
111
101
91
88
85
97
97
133
146
150
138
118
120
98
89
99
96
112
133
155
139
138
143
137
125
125
108
108
88
94
96
84
107
107
84
53
40
19
12
15
12
22
34
40
62
59
54
40
21
9
-8
-1
8
-28
-23
-41
-48
-77
-87
-70
-85
-72
-46
-44
-48
-60
-61
-57
-97
-99
-86
-100
-119
-114
-125
-132
-121
-121
-104
-112
-115
-113
-150
-147
-149
-145
-127
-103
-90
-85
-91
-107
-110
-130
-128
-116
-87
-80
-49
-31
-47
-23
-45
-53
-44
-26
-31
18
23
18
49
18
3
28
8
27
62
69
77
87
109
108
133
149
139
141
132
144
129
117
116
129
148
147
166
160
162
139
141
146
149
157
169
156
133
102
82
77
58
64
67
80
90
99
78
58
30
37
8
-25
3
-44
-43
-43
-59
-56
-89
-48
-56
-48
-72
-75
-89
-124
-112
-113
-107
-114
-118
-122
-118
-124
-112
-92
-75
-63
-73
-73
-80
-101
-101
-87
-90
-82
-70
-70
-73
-66
-77
-54
-61
-53
-48
-57
-64
-62
-36
-68
-31
-20
-30
-47
-52
-39
-60
-42
-22
-23
-20
19
14
-9
-20
-40
-50
-53
-46
-21
-2
29
58
65
58
52
52
32
28
19
32
45
69
81
96
122
123
107
101
107
69
81
95
110
98
100
114
107
94
103
98
102
106
115
135
111
89
82
73
43
19
28
26
22
31
45
48
29
1
-1
19
-8
6
9
4
-5
-42
-19
-36
-53
-34
-39
-24
-50
-44
-32
-51
-78
-66
-64
-68
-44
-32
-41
-48
-43
-60
-44
-58
-33
-40
-29
-11
-44
-38
-43
-52
-82
-95
-107
-126
-112
-69
-63
-29
3
-35
-31
-63
-94
-79
-78
-62
-49
-51
-59
-76
-108
-112
-91
-93
-44
-43
-17
-24
-51
-32
-37
-64
-30
-15
-13
0
-1
-9
-58
-28
-29
-33
9
61
40
43
73
24
3
22
7
34
67
96
108
148
112
111
156
120
119
140
155
139
148
141
138
147
154
155
144
125
119
115
112
105
97
106
114
120
114
113
104
106
81
78
69
53
55
55
34
26
-8
-27
-44
-77
-73
-66
-54
-49
-42
-30
-21
-45
-57
-72
-99
-89
-93
-93
-103
-112
-128
-156
-169
-163
-161
-147
-130
-145
-148
-153
-175
-160
-175
-151
-148
-127
-127
-124
-101
-122
-134
-127
-132
-133
-146
-154
-158
-178
-150
-158
-115
-93
-24
-18
12
32
35
35
34
45
29
46
34
43
42
53
73
92
114
131
162
174
168
167
155
150
153
155
168
186
194
205
207
185
178
160
162
161
166
188
195
194
168
157
137
109
93
99
82
86
79
86
87
72
75
71
56
57
38
9
-26
-31
-62
-66
-78
-94
-88
-103
-96
-107
-99
-114
-116
-125
-132
-162
-164
-174
-181
-161
-150
-142
-148
-158
-171
-191
-176
-182
-178
-156
-130
-143
-136
-136
-155
-147
-151
-117
-93
-65
-24
-32
-37
-54
-47
-54
-43
-27
-18
1
15
6
31
17
6
39
32
51
60
74
66
90
65
85
93
88
102
102
103
98
112
88
100
114
115
131
136
127
125
119
106
101
80
62
69
67
55
90
82
88
78
89
85
67
90
44
51
46
44
57
44
63
36
20
4
-8
-13
-36
-3
-3
8
19
30
17
-9
-24
-39
-61
-68
-72
-71
-79
-76
-94
-86
-82
-97
-90
-85
-85
-86
-77
-78
-70
-83
-73
-77
-65
-66
-70
-78
-54
-53
-79
-64
-71
-75
-77
-52
-57
-55
-54
-54
-37
-20
-8
15
38
34
20
14
14
-6
8
-10
4
6
-5
5
-4
8
-2
38
30
58
39
54
38
23
36
37
50
45
50
38
29
6
-2
-11
10
13
11
20
11
-1
4
14
12
23
17
6
2
-8
-21
-22
-30
-21
12
39
47
58
51
33
7
-13
-14
-23
17
10
49
37
26
25
26
23
40
61
89
124
120
120
91
66
49
39
29
19
31
5
18
25
22
46
37
45
64
64
62
54
49
30
9
9
-2
-22
-27
-27
-29
-14
-21
-31
-35
-51
-67
-67
-72
-76
-71
-45
-50
-42
-61
-78
-103
-99
-97
-106
-93
-97
-77
-102
-109
-116
-121
-140
-113
-106
-93
-92
-86
-82
-90
-90
-96
-77
-96
-68
-67
-61
-58
-61
-65
-55
-52
-55
-44
-40
-30
-34
-6
-3
21
29
25
50
85
90
71
99
68
66
79
96
101
116
140
135
153
166
161
147
148
131
155
171
169
164
191
183
180
171
170
166
139
157
149
148
139
137
126
105
90
72
65
43
35
34
21
32
19
3
4
-19
-29
-45
-73
-82
-90
-106
-81
-91
-98
-112
-124
-134
-160
-151
-160
-166
-160
-158
-160
-172
-169
-186
-192
-203
-183
-174
-159
-130
-165
-150
-170
-172
-162
-167
-147
-135
-101
-109
-105
-114
-116
-121
-107
-91
-91
-46
-44
-10
11
20
29
52
63
66
79
94
83
87
87
68
60
67
61
80
98
132
134
160
171
182
159
179
153
150
170
180
185
164
178
137
138
94
109
100
113
125
129
127
91
107
76
79
64
76
65
62
68
60
47
32
33
2
12
8
6
-14
-78
-114
-57
-107
-106
-16
8
-33
-69
-16
-69
-129
-109
-85
-143
-143
-86
-113
-129
-103
-101
-157
-134
-112
-114
-97
-45
-44
-71
-71
-86
-107
-106
-81
-87
-68
-54
-58
-45
-19
-26
-37
-27
-39
-46
-56
-45
-26
-23
-14
-4
-7
12
13
30
56
64
80
69
81
71
61
72
68
53
74
71
68
83
55
56
45
41
48
46
55
65
71
66
45
52
39
55
42
54
33
19
0
-23
-14
-29
-26
-39
-10
-30
-32
-54
-41
-72
-70
-47
-47
-12
-19
-2
-4
-37
-55
-40
-55
-29
-19
17
27
22
11
-24
-32
-45
-34
-17
8
37
44
46
63
47
45
71
65
82
81
77
74
61
42
25
37
24
1
9
16
17
23
48
62
71
62
55
61
29
13
9
3
-22
-23
-27
-36
-48
-50
-45
-41
-42
-55
-45
-67
-74
-60
-68
-85
-65
-100
-102
-117
-106
-118
-108
-101
-88
-75
-63
-40
-60
-57
-58
-45
-68
-63
-54
-44
-55
-45
-21
-29
-9
-5
22
24
32
37
47
65
51
69
68
53
41
32
46
46
60
75
81
79
86
88
88
65
97
102
109
115
122
123
95
101
78
66
41
57
51
62
54
49
50
38
34
16
41
20
34
45
36
42
14
-7
-5
-17
-14
-3
-14
-9
-30
-23
-54
-55
-50
-69
-61
-48
-50
-55
-59
-64
-61
-73
-81
-103
-70
-97
-104
-90
-94
-89
-80
-76
-71
-92
-96
-94
-123
-120
-119
-101
-105
-88
-76
-68
-61
-74
-72
-69
-45
-45
-19
-21
-30
-35
-56
-61
-82
-52
-41
-18
2
16
48
65
74
72
90
104
111
104
99
101
100
117
117
123
124
134
130
130
135
132
146
134
127
137
139
145
138
126
113
122
109
79
86
84
96
90
81
61
53
25
1
5
-10
5
8
-3
-20
-23
-25
-35
-43
-41
-38
-47
-67
-81
-89
-114
-121
-115
-102
-123
-114
-123
-131
-151
-153
-133
-131
-122
-119
-88
-91
-89
-68
-102
-107
-105
-96
-64
-66
-54
-77
-61
-74
-36
-10
0
13
27
29
29
25
22
60
61
54
57
47
24
9
-1
13
39
65
92
103
103
69
53
26
-8
-6
-12
15
53
52
61
75
36
22
-4
-21
-4
-6
25
36
32
25
15
13
-8
-14
3
1
3
19
21
35
31
28
41
25
22
24
25
28
15
14
6
8
3
-1
-14
-20
-10
-4
1
-12
-13
-13
-27
-28
-35
-22
5
-7
-10
-18
-33
-45
-38
-37
-35
-21
-14
-23
-25
-18
-32
-31
-37
-31
-20
-6
3
7
9
9
11
25
25
25
19
28
45
51
48
53
62
49
55
43
47
50
52
62
82
70
67
42
25
0
-21
-26
-11
-6
-15
-9
-17
-42
-47
-54
-58
-45
-45
-17
-27
-30
-34
-53
-84
-89
-103
-104
-90
-65
-47
-28
-19
-24
-53
-88
-112
-109
-99
-67
-18
3
0
16
0
-3
-8
-4
24
10
15
31
32
39
40
26
36
37
46
44
44
36
44
101
105
151
151
112
102
33
25
44
42
41
98
126
71
89
101
45
56
79
69
36
9
6
-18
-10
11
41
29
27
-11
-25
-50
-89
-74
-52
-75
-55
-42
-66
-98
-110
-93
-118
-88
-98
-102
-100
-75
-51
-34
-39
-43
-54
-85
-104
-121
-127
-136
-85
-63
-19
-8
-17
-6
-28
-30
-34
-13
-18
-36
-29
-24
8
19
57
76
67
35
5
-10
-34
-34
3
31
69
84
96
97
77
63
40
43
20
20
35
39
60
72
105
102
117
109
91
72
62
82
90
112
116
123
101
59
45
37
31
51
59
76
83
80
81
59
55
35
36
44
25
29
2
-30
-62
-69
-77
-87
-81
-78
-34
-25
-26
-28
-36
-73
-96
-104
-109
-111
-99
-81
-85
-94
-106
-129
-138
-138
-132
-105
-101
-70
-82
-78
-86
-102
-106
-123
-125
-121
-108
-92
-86
-62
-59
-45
-32
-34
-22
-30
-12
-4
-8
13
22
20
-1
26
8
0
31
32
59
65
83
83
82
105
113
124
138
151
137
124
113
105
91
104
104
123
140
153
169
158
153
124
116
98
92
66
87
81
79
70
71
52
48
52
47
34
21
38
12
15
-7
1
-26
-24
-23
-41
-65
-77
-88
-120
-106
-102
-102
-96
-111
-119
-122
-136
-149
-141
-145
-125
-119
-125
-114
-131
-155
-153
-149
-148
-133
-125
-100
-94
-85
-82
-59
-51
-38
-30
-24
-29
-43
-51
-48
-46
-39
1
6
40
58
75
77
81
77
95
106
125
121
122
117
115
100
81
89
76
89
89
131
144
150
183
154
149
138
108
102
95
79
72
67
50
38
23
12
-3
23
28
38
28
34
27
3
-6
-5
-13
-14
-10
-20
-26
-40
-62
-80
-86
-99
-85
-81
-85
-80
-86
-82
-97
-94
-107
-110
-117
-118
-105
-127
-131
-114
-111
-107
-99
-105
-99
-111
-96
-99
-81
-68
-34
-22
-22
-7
-26
-14
-20
11
26
18
36
28
30
47
44
53
61
72
82
103
89
86
107
94
95
102
101
99
101
105
91
94
70
53
52
68
79
100
103
85
75
55
34
42
40
18
28
34
17
9
9
-1
-1
-3
-24
-27
-35
-34
-42
-35
-38
-44
-35
-56
-56
-67
-56
-68
-60
-56
-62
-40
-34
-48
-48
-45
-57
-56
-75
-82
-85
-65
-72
-47
-49
-36
-34
-18
-14
-14
-11
-6
-2
-13
-9
-3
-13
6
8
-8
15
-1
7
-12
1
-1
28
24
47
69
58
55
45
40
11
32
23
33
46
64
63
60
46
39
39
31
56
54
54
38
35
38
47
46
77
87
92
89
69
44
15
-6
-1
-10
9
-5
-20
-20
-43
-45
-49
-47
-40
-42
-27
-44
-51
-64
-66
-85
-92
-80
-82
-91
-100
-104
-116
-127
-108
-130
-121
-122
-130
-121
-116
-96
-87
-71
-64
-52
-63
-53
-51
-58
-38
-30
-17
-23
-2
-10
6
23
23
27
45
54
54
73
76
94
106
115
124
121
129
132
127
141
131
146
130
145
129
142
136
147
151
147
139
139
129
123
112
96
92
67
81
83
69
45
41
39
23
18
27
11
7
-7
-24
-26
-46
-55
-85
-79
-108
-100
-112
-134
-105
-117
-83
-108
-89
-107
-125
-127
-130
-136
-138
-121
-118
-110
-124
-131
-130
-135
-115
-108
-85
-73
-65
-63
-66
-73
-74
-82
-73
-44
-41
2
3
18
-8
-9
-10
-14
-19
-5
34
44
52
44
51
26
34
40
75
89
118
134
133
141
114
105
94
69
67
66
82
82
72
75
70
71
67
82
65
76
79
81
71
73
72
58
51
16
25
0
-9
-4
-24
-17
-34
-35
-46
-35
-42
-23
-30
-34
-34
-53
-61
-78
-72
-85
-54
-61
-30
-29
-40
-54
-58
-75
-73
-58
-71
-39
-55
-34
-55
-51
-81
-70
-59
-74
-59
-63
-48
-29
-19
-5
-1
2
12
19
18
17
11
3
-6
-23
-8
-15
-1
5
40
29
49
54
57
63
69
87
81
95
77
64
55
33
33
30
37
54
65
93
95
102
97
81
66
63
50
43
43
48
48
65
49
42
14
-7
-32
-11
-14
-12
14
18
9
-7
-9
-45
-51
-53
-50
-29
-18
-25
-43
-49
-74
-101
-89
-110
-87
-87
-67
-69
-68
-80
-107
-92
-126
-109
-94
-69
-51
-56
-28
-35
-37
-58
-60
-58
-53
-28
-5
13
9
17
7
-9
-33
-30
-35
-28
-8
17
39
63
61
44
36
29
39
40
44
56
81
86
91
92
77
70
81
89
72
78
74
68
48
65
44
33
32
-2
30
15
30
29
44
50
42
41
46
53
20
35
20
27
1
-2
-15
-50
-51
-53
-69
-74
-63
-52
-32
-35
-41
-55
-62
-69
-53
-49
-25
-33
-16
-17
-31
-63
-66
-60
-70
-49
-26
-7
-14
-6
3
5
2
8
11
19
24
29
36
30
43
32
7
-2
-8
-8
4
39
45
60
76
70
58
34
22
27
30
28
42
40
40
32
15
13
0
9
1
0
19
23
17
-1
-29
-54
-89
-87
-80
-74
-48
-12
5
3
7
-10
-21
-41
-40
-43
-39
-45
-56
-58
-73
-79
-86
-84
-78
-58
-32
-28
-22
-4
-37
-27
-1
-12
-15
-3
5
-1
5
22
31
49
47
54
42
25
11
9
3
25
51
60
70
60
46
41
33
31
44
54
79
75
77
70
49
40
18
14
-2
7
20
20
48
33
41
46
38
34
19
23
21
29
40
45
44
31
12
6
-13
5
-4
-8
-3
-18
-27
-28
-24
-38
-37
-18
-25
-14
-18
0
6
-5
-1
-24
-29
-65
-73
-68
-68
-88
-65
-69
-78
-87
-85
-96
-81
-68
-73
-52
-58
-71
-63
-70
-66
-62
-44
-42
-27
-18
-14
-22
-24
-38
-41
-27
-30
-28
-22
-1
-6
29
25
14
10
10
17
28
61
86
118
119
119
117
92
74
52
50
46
59
60
71
73
70
73
57
43
52
62
68
77
88
96
86
84
67
60
36
37
22
16
3
-1
-11
-27
-24
-18
-26
-27
0
6
4
19
7
-3
2
-20
-28
-53
-68
-62
-53
-45
-47
-51
-67
-69
-80
-81
-103
-95
-63
-63
-39
-24
-11
-31
-25
-34
-52
-55
-56
-61
-61
-51
-55
-45
-57
-55
-36
-18
-18
-22
-10
-15
-13
-5
14
5
21
17
5
22
13
14
4
28
34
47
58
56
66
48
57
35
33
21
20
24
8
41
33
19
51
30
45
63
72
79
70
93
61
55
33
30
15
6
-5
-20
-23
-21
-26
-29
-20
-22
-8
-7
-9
6
-6
7
4
1
-4
-12
-27
-52
-67
-82
-85
-63
-42
-31
-17
-27
-28
-23
-17
-17
-6
-4
-2
2
-19
-20
-29
-23
7
-4
24
22
18
17
1
22
25
44
42
40
34
28
31
22
18
1
-10
-11
-29
-22
-12
-7
7
36
31
29
23
13
0
-5
4
-8
-15
-7
-24
-4
-10
-2
15
-3
-1
16
18
1
-1
2
2
-6
2
11
17
28
22
-4
-9
-24
-24
-11
-9
-6
7
17
20
10
-2
-2
-10
2
-4
-13
-18
-13
-30
-40
-40
-61
-63
-60
-42
-21
-20
2
-4
8
23
9
11
-18
-23
-34
-47
-46
-20
-1
7
8
11
1
-16
-25
-15
-9
0
21
32
38
42
40
39
46
34
43
22
16
5
-5
5
2
25
33
52
45
56
54
53
48
34
30
15
33
16
28
29
33
34
31
23
-2
9
-2
-10
1
-5
3
18
11
15
6
-10
-30
-48
-46
-50
-47
-37
-24
-56
-62
-59
-70
-61
-53
-44
-42
-43
-46
-38
-50
-48
-61
-49
-48
-53
-25
-11
2
18
19
1
-4
-24
-21
-13
-9
-4
13
17
-4
-10
-11
-17
8
11
36
48
51
37
55
41
45
54
52
67
51
70
46
40
21
5
2
-2
-17
-7
1
5
24
27
54
29
50
54
38
36
16
18
0
-5
-12
10
-4
-9
-1
9
-21
-17
-15
-28
-13
-27
-17
-27
-15
-17
-9
-13
-31
-45
-50
-45
-32
-15
-14
2
-13
-17
-21
-25
-10
-18
16
7
4
-19
-21
-34
-41
-27
-26
0
24
30
61
51
26
21
12
11
-9
5
-8
-21
-19
-27
-17
-26
-17
6
14
16
22
29
17
19
-3
7
16
3
14
18
27
22
19
-3
-23
-6
-24
-10
-12
-17
-14
-1
-13
-6
-5
-6
10
30
43
62
68
40
23
-1
-7
-19
-13
-11
-8
-9
-23
-21
-50
-52
-42
-44
-21
-25
1
8
7
-5
8
-28
-12
-36
-24
-15
-5
-8
0
14
-5
-5
-27
-22
-16
-13
-13
11
4
-3
14
-6
6
8
24
40
56
58
46
52
23
21
2
25
34
40
12
2
-23
-22
-25
-11
6
28
51
55
54
48
40
29
33
20
24
23
29
9
1
-4
-11
-22
-37
-52
-61
-61
-43
-19
-9
6
14
15
-19
-24
-43
-42
-44
-52
-40
-64
-57
-52
-50
-49
-38
-31
-37
-22
-22
-34
-24
-38
-41
-42
-34
-21
-18
-18
-9
2
-11
-6
3
7
1
9
12
11
21
31
46
47
49
51
54
41
38
51
52
73
85
107
102
116
99
83
71
45
56
47
61
62
60
48
43
17
14
19
3
31
32
45
59
61
49
15
-1
-30
-27
-36
-34
-27
-41
-38
-71
-84
-113
-118
-115
-120
-88
-81
-75
-73
-82
-92
-86
-97
-83
-82
-56
-42
-49
-36
-71
-72
-87
-69
-59
-57
-42
-46
-51
-54
-45
-51
-32
-14
3
8
27
24
35
44
44
50
47
35
43
34
36
57
31
64
62
58
67
89
71
63
71
69
67
71
84
68
66
48
35
16
21
15
47
54
69
70
75
73
55
38
-5
-15
-20
-9
-7
-1
4
-7
-11
-25
-45
-34
-21
5
20
40
39
36
22
-7
-13
-23
-26
-33
-51
-43
-46
-34
-44
-38
-48
-42
-35
-24
-10
-7
11
-2
1
-13
-26
-31
-54
-43
-33
-13
-20
-9
-28
-49
-53
-42
-51
-35
-28
-28
-24
-25
-22
-34
-34
-23
-24
-9
-1
-4
-9
-20
-32
-43
-29
-15
4
9
22
42
28
37
35
29
31
25
36
19
13
15
16
3
29
23
43
25
39
41
38
38
35
37
29
16
25
20
22
45
42
56
45
50
29
17
18
11
22
6
10
17
5
2
-5
-20
-25
-10
-18
-6
-17
-17
-30
-29
-36
-30
-15
-15
2
-21
-8
-12
-4
-12
-7
-14
-27
-18
-30
-36
-46
-49
-61
-68
-62
-44
-47
-26
-22
-22
-16
-16
-8
5
15
23
34
30
30
13
-1
-14
-34
-22
-25
-16
0
13
11
11
15
13
26
26
57
44
52
34
34
18
25
21
29
27
22
39
32
25
-6
-10
-19
-15
-3
9
25
34
44
35
36
20
2
4
4
10
6
4
-9
-27
-44
-40
-37
-28
-31
-18
-25
-27
-30
-28
-36
-35
-23
-15
-12
-21
-18
-36
-17
-24
-22
-22
-31
-12
-20
0
2
9
-3
-3
-21
-22
-18
-15
8
11
19
33
38
24
33
35
48
31
57
53
42
25
21
34
13
26
14
29
12
18
-8
-15
-15
-7
15
28
48
56
59
53
49
31
9
11
2
-9
-20
-29
-35
-40
-36
-34
-24
-14
-11
-4
-12
-3
-15
-26
-40
-36
-37
-42
-26
-38
-33
-32
-36
-36
-49
-39
-34
-35
-27
-7
-4
-3
-12
-32
-49
-66
-69
-53
-52
-27
-20
0
-6
6
25
12
17
36
43
43
50
48
9
4
-3
-25
-8
-1
7
21
28
19
37
31
51
64
75
80
76
68
47
46
41
18
29
30
34
45
38
34
21
17
15
39
38
57
61
45
28
14
-4
-16
0
-7
4
21
16
2
-14
-27
-44
-40
-38
-42
-41
-48
-48
-48
-40
-37
-39
-43
-31
-25
-11
-15
-22
-39
-69
-89
-90
-96
-102
-77
-72
-62
-62
-53
-65
-45
-36
-15
-5
-6
-1
-16
-15
-6
-6
5
29
30
26
31
23
14
22
12
33
40
49
61
68
66
32
11
11
-7
1
15
47
64
80
72
50
49
36
37
35
50
49
53
49
47
27
23
10
10
-1
-6
5
-15
-18
-17
-28
-26
-14
-14
1
10
21
14
17
10
-1
-16
-10
-32
-34
-37
-41
-32
-18
-19
-7
-21
-30
-30
-40
-27
-29
-26
-19
-13
-7
-6
-7
-5
-6
4
-5
-1
-15
-21
-25
-9
-10
-6
-5
-6
-18
-31
-25
-30
-16
-7
20
20
49
51
51
42
32
23
0
-4
-29
-12
-24
-14
-5
8
2
-6
21
18
25
43
57
48
52
50
29
24
18
9
4
16
18
15
14
2
-4
-24
-28
-28
-26
-9
-13
5
-10
-18
-25
-49
-53
-43
-25
-18
-8
-2
-6
-31
-39
-43
-40
-57
-30
-24
-42
-31
-38
-44
-52
-38
-45
-21
-20
-6
-15
-3
4
2
13
9
34
17
37
15
7
4
-8
4
1
16
34
22
45
52
35
54
55
62
63
70
62
54
57
53
61
76
64
56
38
26
11
0
1
