0
0
-1
0
0
0
0
-1
0
0
0
0
0
0
0
0
0
0
0
0
0
0
-1
0
0
0
0
0
0
0
0
0
1
0
-1
0
0
0
0
0
0
0
0
0
0
0
0
0
0
0
0
0
0
0
-1
0
0
0
0
0
0
0
0
0
0
0
0
0
1
0
0
0
0
0
0
0
1
0
0
0
1
1
0
0
0
-1
1
1
0
0
0
0
0
0
0
1
0
0
0
1
0
0
0
0
0
-1
0
0
0
0
0
0
0
0
0
0
-1
-1
-1
0
0
0
0
-1
0
0
0
0
0
0
0
0
0
1
0
1
0
0
0
0
0
0
1
-1
0
1
-1
0
0
0
0
0
0
0
-1
0
0
0
-1
0
-1
0
0
0
0
0
-1
0
0
0
0
0
0
-1
0
0
0
0
0
0
0
0
-1
-1
0
0
0
0
0
1
0
0
0
0
0
-1
0
0
0
0
0
0
0
0
0
1
0
1
0
0
1
-1
1
0
0
0
-1
-1
0
0
0
-1
0
-1
0
0
0
-1
0
0
0
0
1
0
0
0
0
0
0
1
0
1
0
0
0
0
0
0
1
0
0
0
1
1
0
0
0
0
0
0
0
0
-1
1
0
0
0
0
0
0
0
1
0
0
-1
0
0
0
-1
-1
0
0
1
0
-1
0
0
0
0
0
0
-1
-1
0
0
-1
1
0
1
0
0
0
0
0
0
1
0
0
0
-1
0
0
0
0
0
1
-1
0
0
0
0
0
0
0
0
0
1
0
0
0
0
0
0
-1
0
0
-1
0
0
-1
0
0
0
0
0
0
0
0
1
0
0
-1
1
0
0
-1
-1
0
0
0
1
-1
0
0
0
-1
1
0
0
0
1
-1
0
0
0
0
0
0
0
0
0
0
0
-1
0
0
0
0
0
0
0
0
0
0
1
-1
0
0
-1
1
0
0
0
0
0
0
0
0
0
0
0
0
0
0
-1
0
0
0
0
0
0
0
-1
0
0
0
-1
0
0
-1
-1
0
0
0
0
0
1
1
-1
0
-1
0
0
0
0
0
0
0
0
1
0
0
0
0
-1
1
0
0
1
0
0
0
0
0
1
1
0
0
0
0
0
-1
0
-1
1
0
1
0
0
1
0
0
1
0
0
0
1
-1
-1
1
0
0
0
-1
0
0
1
0
0
0
0
0
0
-1
0
0
0
-1
0
0
1
1
-1
0
0
0
0
0
0
0
0
0
-1
1
0
0
1
0
0
0
0
1
-1
0
0
0
0
-1
1
0
0
-1
0
0
0
0
0
-1
0
-1
1
0
0
1
0
0
0
0
0
0
0
0
-1
0
0
0
1
0
1
0
0
0
0
-1
0
0
1
1
0
0
0
-1
-1
0
0
0
-1
0
0
1
0
1
0
0
1
0
0
1
0
0
0
0
0
0
0
0
0
0
0
-1
1
0
0
0
0
0
0
0
0
0
0
-1
0
-1
0
0
0
0
0
-1
0
0
0
1
0
0
0
0
0
0
0
0
0
-1
1
1
-1
0
0
0
0
0
0
0
0
0
0
0
0
0
-1
0
0
0
0
0
0
0
0
-1
0
0
0
0
-1
0
-1
0
0
0
0
0
-1
0
0
-1
0
0
0
1
0
0
0
0
0
0
1
0
0
0
0
0
1
0
0
0
1
1
0
0
0
0
0
0
0
0
1
1
1
0
0
-1
0
0
0
-1
-1
0
0
0
0
0
0
0
0
0
0
0
0
0
0
0
0
0
0
0
0
0
1
1
1
0
-1
0
0
0
0
0
0
1
-1
-1
0
0
0
0
0
1
0
-1
0
0
0
0
0
0
0
0
-1
0
0
0
0
1
0
0
0
0
0
-1
1
1
0
0
0
0
1
0
0
0
0
0
0
0
0
0
0
0
0
1
0
0
0
0
0
0
1
0
0
0
0
0
0
0
0
0
0
1
0
-1
0
0
0
0
-1
0
0
0
0
0
0
-1
0
0
-1
0
0
0
-1
1
0
0
0
0
0
0
0
0
0
0
0
0
0
-1
0
-1
0
0
0
0
0
0
0
0
0
1
0
0
0
0
0
0
0
0
0
0
0
1
0
0
0
0
0
0
0
0
0
-1
0
0
1
0
0
0
0
0
0
0
1
0
0
0
0
0
0
-1
0
1
0
0
0
0
0
0
0
0
-1
0
0
0
0
0
0
0
0
1
0
-1
0
1
0
0
-1
0
0
0
0
-1
0
0
0
0
1
0
0
0
0
0
0
0
0
-1
0
0
0
0
0
0
0
0
0
1
0
0
0
0
0
1
0
0
1
0
1
-1
0
0
0
0
0
0
0
0
-1
0
-1
-1
0
0
0
0
0
0
0
0
0
0
-1
0
-1
0
0
0
0
0
0
-1
0
0
0
0
0
0
0
0
0
0
0
0
0
0
0
0
0
1
1
0
-1
0
0
0
0
0
0
0
0
0
0
0
0
0
0
0
0
1
0
0
0
0
0
1
0
0
0
0
0
0
0
-1
-1
0
0
0
0
0
-1
-1
0
0
0
-1
1
0
0
-1
0
0
0
0
0
0
0
0
0
0
0
0
0
0
0
0
1
0
0
-1
0
0
0
0
0
0
1
0
0
-1
-1
0
0
0
0
-1
0
0
0
0
0
1
0
0
1
0
1
0
0
0
0
0
0
-1
0
0
0
0
0
0
1
0
0
0
0
0
0
-1
-1
0
-1
0
0
0
0
0
0
0
0
0
0
0
0
0
0
-1
0
0
0
0
1
0
0
0
0
0
0
0
0
0
0
-1
1
-1
0
0
0
0
0
0
0
0
1
0
1
0
0
0
1
-1
0
0
0
0
0
0
0
0
0
0
-1
0
0
0
0
1
1
0
1
0
0
0
0
0
0
0
0
0
0
-1
-1
-1
-1
0
0
0
0
0
-1
0
0
0
0
0
-1
0
-1
0
1
0
0
1
0
0
-1
0
-1
0
0
0
-1
0
1
-1
0
0
0
0
-1
0
1
0
-1
1
1
0
1
-1
0
0
1
0
0
-1
1
0
0
1
0
0
0
0
1
0
0
0
0
1
0
-1
0
-1
0
1
0
1
-1
0
1
0
0
0
0
0
-1
0
0
0
0
0
0
0
0
0
0
-1
0
1
0
1
0
-1
0
0
1
0
0
0
0
0
0
-1
0
-1
0
0
0
0
0
0
0
1
0
1
0
0
0
0
0
-1
0
0
0
0
0
-1
0
0
0
0
0
0
1
0
0
0
0
1
0
0
0
0
0
0
0
0
0
-1
0
1
0
0
0
0
0
0
0
0
0
0
0
0
0
0
0
-1
1
0
0
0
-1
0
0
0
1
0
0
0
-1
0
0
0
0
1
1
0
1
0
0
-1
0
-1
0
0
0
0
0
0
0
0
0
0
0
0
0
1
0
0
0
0
0
0
0
0
0
0
0
0
0
0
0
0
0
0
1
0
0
0
1
0
0
0
0
0
0
0
0
1
1
0
0
1
0
0
0
0
0
1
0
0
-1
1
0
-1
-1
0
0
0
0
0
1
0
1
0
0
0
1
0
-1
0
-1
0
0
-1
0
0
0
-1
0
0
0
0
0
0
0
0
1
-1
0
0
0
0
-1
0
0
0
0
0
1
0
0
0
0
0
0
0
0
1
1
0
0
0
0
0
0
0
0
0
1
0
-1
0
0
0
1
0
0
0
0
0
0
1
0
1
1
1
0
0
0
0
0
0
0
0
0
0
0
0
-1
0
0
0
0
0
0
0
0
0
1
-1
0
-4
-4
-4
4
21
15
18
16
10
1
-5
-11
-12
-12
-9
-8
-3
-3
-5
-4
-8
-6
-8
-7
-9
-11
-12
-11
-10
-9
-12
-10
-9
-9
-7
-8
-6
-8
-2
0
3
5
6
10
10
11
10
11
13
10
9
15
16
20
21
22
22
20
19
24
19
21
27
23
23
21
20
18
10
8
3
-1
-1
-3
8
3
8
8
3
0
-7
2
-12
-14
-13
-21
-20
-20
-17
-20
-20
-14
-14
-28
-24
-32
-29
-29
-22
-11
-15
-3
-21
-26
-23
-38
-44
-49
-41
-37
-43
-44
-45
-29
-36
-18
-2
16
17
10
1
3
-13
-16
-12
-26
-13
-14
-7
7
26
21
25
34
25
43
33
47
39
42
44
33
30
4
25
27
23
24
37
41
38
49
47
25
16
11
9
10
15
22
7
20
6
11
9
16
17
4
7
5
-7
-17
-21
-23
-8
-51
-37
-41
-47
-47
-50
-26
-15
-3
-5
7
13
1
-12
-6
5
9
4
15
-2
-2
-9
-6
27
29
50
26
36
34
26
25
23
27
10
19
8
18
19
23
39
38
38
25
31
30
0
-12
8
-11
-8
-15
-8
-23
-25
-19
-20
-29
-20
-34
-64
-44
-67
-57
-58
-59
-53
-50
-31
-27
-21
-32
-25
-24
-18
-5
-13
-2
5
-13
-11
-9
-5
-9
16
26
28
37
44
11
30
29
10
9
8
23
-1
-5
-9
-15
-13
-19
-7
-5
1
-18
5
3
10
0
-6
-16
-19
-13
-38
-25
-3
-15
4
10
2
10
-5
-24
-43
-41
-39
-41
-45
-37
-24
-28
-38
-25
-18
-30
-15
-15
5
4
-14
9
1
-8
-23
-15
-12
-6
1
14
21
21
12
14
21
17
19
17
15
26
8
5
3
-14
17
19
33
37
68
58
61
59
68
83
66
66
66
77
53
51
62
41
45
60
77
85
94
88
102
96
82
84
78
79
59
50
47
51
39
61
46
55
40
46
25
-4
-32
-60
-63
-89
-85
-74
-69
-70
-87
-100
-102
-113
-119
-120
-134
-139
-148
-156
-154
-155
-141
-128
-126
-110
-104
-100
-105
-106
-114
-97
-91
-73
-80
-62
-40
-65
-34
-17
-23
-18
-15
7
17
29
50
70
63
65
84
61
87
91
103
119
120
125
127
136
138
140
144
154
136
111
107
84
73
58
68
56
38
36
41
28
18
23
4
1
-13
-16
-21
-39
-57
-59
-54
-51
-62
-48
-59
-72
-78
-51
-61
-83
-74
-77
-95
-92
-95
-102
-93
-87
-84
-71
-63
-40
-44
-41
-28
-35
-31
-44
-41
-12
-5
-2
7
-2
9
-1
6
28
45
30
49
53
44
59
64
69
86
77
75
92
89
119
122
144
140
164
153
128
83
67
68
67
60
71
68
62
65
63
58
35
34
22
16
-20
0
-22
-11
-32
-41
-18
-43
-57
-70
-74
-91
-92
-99
-95
-88
-83
-62
-65
-80
-64
-71
-98
-100
-91
-127
-132
-144
-128
-137
-105
-56
-58
-18
-49
-21
-40
-59
-57
-65
-57
-45
-34
-29
-6
-10
18
8
0
10
-5
8
-6
-10
11
18
46
66
77
93
84
94
84
99
104
85
77
55
60
26
52
44
60
82
96
80
97
94
76
61
58
33
12
20
1
8
-20
11
-4
-3
-10
-20
-9
-36
-36
-55
-36
-42
-38
-41
-28
-45
-44
-50
-61
-62
-73
-51
-65
-64
-56
-43
-30
-24
-44
-40
-33
-38
-18
6
8
39
46
22
18
-5
-14
-4
17
27
25
48
60
64
59
54
75
88
97
96
93
70
61
47
39
49
66
57
70
62
54
45
35
27
23
32
20
10
1
-10
-23
-16
-18
-8
-27
-12
-3
-12
-31
-26
-48
-60
-54
-62
-66
-90
-79
-91
-92
-97
-92
-94
-93
-96
-90
-113
-117
-113
-111
-85
-87
-66
-56
-42
-38
-41
-44
-54
-50
-53
-55
-37
-38
-18
5
17
29
36
47
61
55
65
56
29
14
15
2
13
15
41
49
51
57
59
71
65
72
82
85
86
90
71
81
77
73
86
56
44
41
38
34
24
42
43
30
27
29
13
19
-5
4
7
2
-1
-11
-19
-25
-44
-58
-44
-57
-34
-19
0
6
21
17
21
8
-20
-34
-41
-47
-47
-31
-33
-21
-17
-14
-7
2
15
34
73
59
68
48
30
-5
-24
-18
-17
-4
7
33
20
26
23
33
29
40
59
28
25
29
3
-17
-32
-45
-36
-45
-38
-28
-3
-20
-8
-4
-26
-8
-12
-35
-54
-33
-35
-36
-39
-41
-55
-54
-55
-58
-79
-76
-77
-71
-64
-60
-69
-54
-78
-73
-79
-43
-50
-45
-3
-24
-8
-18
-27
-12
7
-5
-1
-5
4
7
3
18
38
40
61
82
75
77
83
65
60
56
42
38
37
62
54
77
85
78
79
64
68
79
73
64
56
39
45
16
13
0
8
-11
-17
10
10
-4
-1
3
-18
-27
-27
-25
-31
-19
-8
-26
-25
-38
-70
-42
-57
-46
-49
-31
-34
-35
-40
-35
-43
-59
-59
-54
-50
-69
-52
-59
-29
-46
-25
-19
-35
-36
-29
-9
-26
-1
38
28
33
42
46
43
38
41
65
96
97
93
108
73
72
63
70
58
82
98
122
117
130
109
101
91
51
54
25
44
-7
4
-1
-7
-31
-17
-35
-50
-38
-43
-61
-54
-69
-95
-78
-96
-117
-128
-113
-98
-87
-80
-74
-71
-48
-75
-67
-58
-61
-56
-54
-61
-78
-95
-108
-105
-104
-78
-31
-16
3
25
13
20
21
28
8
22
9
14
24
17
59
43
66
82
92
67
81
78
51
61
32
43
10
27
29
24
45
56
57
53
35
40
21
7
-18
-19
-20
-16
-3
2
13
24
45
47
44
36
22
1
-8
-33
-37
-28
-25
-36
-28
-13
-10
18
15
29
29
14
13
4
3
-7
-17
-6
7
-12
7
2
12
-8
5
0
-4
-18
-9
-2
-5
21
30
34
31
17
13
-14
-17
-29
-47
-24
-42
-7
-33
-33
-19
-39
-30
-14
3
-10
-9
-24
-13
-46
-62
-59
-58
-64
-60
-15
-12
11
5
30
4
4
1
-17
0
-15
-5
-4
-5
15
27
47
64
55
60
52
38
27
1
-6
-25
-9
-19
15
42
30
73
70
58
38
38
37
16
19
20
3
-3
-17
-17
-19
-27
-11
2
-14
0
12
5
4
31
30
29
30
18
10
-10
-6
-13
-21
-3
-12
1
-1
1
15
10
14
26
38
15
19
-2
-7
-19
-24
-21
-25
-31
-41
-38
-33
-50
-54
-45
-64
-74
-73
-77
-48
-69
-36
-22
-33
-30
-26
-29
-47
-49
-34
-32
-25
-22
-54
-51
-58
-64
-30
-19
8
27
3
20
4
9
18
9
12
13
31
10
20
9
10
20
17
10
32
31
40
55
42
50
57
65
64
66
53
65
53
44
42
43
57
24
51
33
52
48
53
56
32
68
33
39
31
-5
29
6
22
21
17
5
-1
5
-7
-19
-17
-16
-26
-18
-18
-26
-34
-26
-34
-16
-33
-37
-26
-43
-54
-50
-34
-26
-31
-45
-46
-41
-42
-28
-7
3
18
28
26
-7
-13
-24
-31
-30
-13
7
7
33
50
48
58
52
56
52
42
34
20
27
-13
3
20
34
50
57
54
43
34
19
21
9
15
-15
11
4
4
-2
-18
-5
-18
-25
-48
-44
-58
-66
-69
-66
-91
-90
-98
-117
-107
-119
-89
-89
-71
-61
-77
-77
-102
-116
-131
-112
-115
-105
-67
-60
-31
-19
-31
-34
-8
-24
-34
-24
-35
-30
-11
-7
-5
27
22
59
61
72
70
70
99
68
60
92
83
73
92
107
113
138
141
140
112
124
93
95
86
89
101
94
114
117
109
112
113
78
70
45
39
24
37
20
34
39
45
54
26
13
13
-19
-14
-21
-24
-23
-16
-7
-17
-30
-35
-29
-48
-24
-18
-6
-18
-20
-31
-54
-61
-63
-56
-62
-63
-39
-45
-65
-69
-79
-87
-82
-75
-82
-78
-77
-81
-111
-93
-88
-72
-75
-56
-40
-44
-50
-53
-39
-41
-20
-23
5
16
30
27
39
35
9
32
25
29
36
46
64
42
43
16
30
27
25
29
27
28
15
30
21
9
15
-5
-17
-18
-54
-44
-48
-43
-21
-18
-17
-48
-41
-63
-68
-49
-42
-43
-49
-54
-67
-77
-72
-69
-66
-41
-27
-24
-35
-25
3
-16
-12
-7
17
-9
14
26
19
35
21
36
36
58
80
83
84
77
84
96
78
89
99
79
72
75
60
70
75
93
102
132
124
129
120
111
99
78
67
43
22
16
17
-15
10
3
8
16
20
14
36
26
24
43
18
-15
-20
-22
-28
-53
-37
-7
-8
-7
-16
-27
-44
-44
-62
-52
-33
-38
-29
-35
-36
-29
-33
-34
-45
-35
-39
-39
-49
-53
-64
-77
-79
-72
-73
-75
-50
-48
-32
-36
-46
-45
-48
-53
-57
-75
-87
-96
-70
-74
-58
-31
22
24
29
42
25
18
20
13
4
5
29
17
18
8
2
3
2
26
42
44
45
32
28
5
-6
-20
-52
-49
-55
-35
-18
-7
-24
-13
-10
-26
-9
-29
-12
-29
-13
-2
-16
-17
-39
-47
-48
-49
-59
-43
-48
-41
-33
-24
-2
13
39
47
40
64
30
31
23
30
30
47
47
43
55
52
71
54
75
68
59
85
65
78
79
83
64
57
29
36
40
17
49
56
69
68
88
87
72
70
71
57
51
79
75
72
60
36
5
5
3
-8
10
31
48
38
12
4
-15
-29
-43
-17
6
10
1
2
-16
-52
-58
-62
-53
-20
-14
-14
-18
-15
-46
-31
-21
-27
-9
-27
-36
-56
-74
-94
-92
-98
-110
-93
-105
-97
-107
-113
-91
-79
-85
-86
-83
-106
-107
-102
-81
-98
-74
-89
-92
-98
-90
-85
-86
-53
-45
-18
-20
31
16
21
-13
-9
-6
-27
13
14
52
49
71
55
67
57
53
69
67
76
67
76
58
51
65
65
77
87
78
83
58
70
57
57
69
64
82
53
40
37
20
16
16
41
34
16
34
17
-6
-5
16
7
27
36
26
12
8
2
-6
8
18
16
31
8
10
12
13
23
39
39
32
11
-10
-28
-49
-47
-23
-19
-8
9
-14
-1
-24
-20
-34
-43
-21
-33
-24
-21
-31
-25
-36
-32
-34
-41
-45
-53
-34
-8
-12
26
59
28
44
10
5
-9
-2
1
-2
19
13
5
-2
2
7
16
16
55
47
38
55
40
29
22
20
30
7
3
2
-16
-17
-15
-23
-24
-21
-9
-21
-12
-28
-15
-22
-47
-36
-42
-65
-64
-56
-64
-47
-59
-58
-96
-97
-105
-111
-84
-86
-55
-38
-46
-30
-31
-59
-48
-45
-41
-16
-9
5
18
-10
-2
-19
-37
-46
-38
-31
-22
-9
1
42
23
69
46
48
52
46
51
17
31
20
5
13
37
39
66
63
74
71
50
41
32
40
36
42
54
60
64
72
82
90
73
66
52
60
71
43
82
87
73
78
96
70
73
102
82
104
107
104
80
69
45
26
26
26
19
-3
-19
-23
-9
-24
-14
11
-7
-3
-6
-39
-58
-88
-89
-99
-75
-80
-84
-89
-100
-114
-111
-98
-116
-86
-76
-69
-65
-79
-89
-98
-108
-104
-103
-88
-107
-84
-72
-102
-75
-75
-56
-57
-41
-12
-18
-10
5
-6
-28
5
4
11
5
12
7
-1
16
1
29
11
32
40
32
42
40
54
55
54
55
42
30
27
5
7
6
18
21
20
34
36
42
30
36
39
31
30
34
30
28
26
21
11
4
19
-10
2
14
8
12
9
24
9
8
9
12
8
-9
-7
-16
-3
0
26
35
29
44
21
24
11
9
5
26
34
29
51
25
23
35
38
16
29
26
1
9
7
19
13
21
31
25
26
15
13
12
11
23
26
19
24
15
5
4
-1
-13
-18
-18
-11
-28
-25
-19
-18
-19
-20
-12
-24
-20
-16
-9
-28
-22
-24
-37
-16
-7
-2
-9
-35
-27
-74
-66
-41
-45
-22
-15
17
-10
-42
-48
-49
-73
-54
-45
-59
-71
-94
-85
-104
-105
-66
-63
-36
-18
-12
-21
-32
-50
-57
-26
-50
-41
-32
-44
-54
-52
-46
-53
-51
-7
4
14
33
38
30
34
29
10
16
15
35
38
54
73
64
68
66
79
87
93
95
114
111
112
123
127
122
108
111
109
89
99
74
80
96
90
131
104
109
118
81
83
70
74
47
49
76
44
56
38
19
0
-19
-19
-31
-14
-7
5
-45
-53
-59
-101
-118
-113
-124
-136
-135
-148
-144
-160
-141
-146
-150
-134
-126
-140
-143
-137
-139
-141
-127
-114
-118
-110
-99
-89
-82
-78
-79
-81
-67
-77
-51
-45
-71
-34
-38
-5
-6
28
32
27
39
54
51
50
52
67
52
67
104
90
96
116
91
105
66
119
104
119
136
132
132
133
135
95
122
92
94
80
108
82
91
87
81
86
83
63
69
64
52
49
63
46
21
26
-4
4
-25
-29
-29
-51
-48
-61
-48
-49
-54
-65
-72
-77
-100
-69
-94
-82
-79
-75
-86
-63
-74
-53
-44
-45
-25
-41
-34
-57
-63
-73
-76
-64
-50
-37
-8
-13
1
-6
-23
-25
-37
-32
-16
4
20
20
48
24
28
23
7
18
6
16
9
3
4
24
20
21
26
6
19
19
8
-14
-5
-8
-24
-11
-8
-18
-19
-9
-26
-24
-38
-26
-41
-16
-25
-12
-2
3
11
-2
11
-19
-13
-6
-23
-27
-14
-28
-30
-37
-41
-41
-36
-12
3
7
23
38
19
20
8
-12
-2
-18
-10
6
-15
10
3
32
50
33
63
37
40
33
45
43
40
38
50
45
61
62
68
79
89
98
79
77
63
53
50
70
37
50
29
20
24
-1
11
5
8
29
28
18
6
18
-16
-8
-11
4
0
2
23
-18
-1
-23
-32
-14
-11
21
16
22
8
9
9
-2
10
0
10
4
4
-16
-35
-52
-67
-56
-48
-58
-57
-56
-60
-72
-48
-50
-53
-37
-47
-58
-57
-87
-109
-84
-83
-74
-56
-59
-65
-62
-68
-70
-68
-59
-46
-27
-14
-8
-14
-36
-51
-52
-56
-59
-34
-25
6
2
15
10
21
40
43
42
46
54
30
31
0
-42
-36
-31
-37
-7
7
15
12
41
52
51
52
37
30
34
27
10
24
16
28
40
53
61
48
39
54
49
46
52
50
55
48
66
56
45
12
13
4
-15
-19
2
8
9
21
27
36
38
38
40
56
59
67
37
37
30
33
15
35
32
26
63
59
79
73
73
54
48
16
0
31
26
25
55
51
42
38
5
7
-9
15
17
19
31
17
6
-29
-26
-44
-48
-40
-33
-33
-51
-43
-56
-68
-57
-58
-71
-73
-72
-84
-108
-114
-98
-86
-66
-51
-41
-64
-61
-110
-126
-105
-117
-106
-63
-46
-49
-31
-36
-56
-56
-54
-62
-57
-50
-59
-63
-70
-64
-50
-45
-15
0
-6
12
10
7
-1
18
3
9
20
20
17
10
15
11
22
20
43
45
57
65
45
41
45
43
45
30
69
72
62
65
32
39
10
15
38
46
55
52
52
32
10
11
-5
-4
15
33
35
36
21
5
-9
12
8
38
40
31
49
20
10
15
-4
7
22
20
22
20
11
9
7
6
28
39
36
61
51
55
45
34
47
55
76
68
62
44
34
28
6
-1
16
26
21
37
38
14
-1
-4
-12
-6
9
24
7
-8
-10
-23
-27
-27
-7
-11
9
3
-4
-22
-25
-43
-55
-31
-34
-34
-27
-37
-32
-32
-46
-54
-59
-51
-78
-76
-70
-66
-59
-67
-55
-79
-88
-108
-104
-113
-86
-63
-43
-44
-28
-11
-30
-17
-29
-21
-24
-36
-32
-38
-30
-7
-8
-14
6
-3
-3
-4
-5
3
9
12
26
17
8
14
13
32
12
21
18
-1
-9
-21
-19
-37
-20
1
-2
-17
18
16
-19
21
13
13
12
26
-3
-16
-3
-25
-1
1
11
44
50
50
44
38
34
25
9
11
34
35
66
71
70
61
57
43
55
59
65
59
46
43
28
11
17
-6
-5
-6
0
-2
-7
-2
-13
-3
-3
24
33
73
79
77
65
61
61
49
60
52
65
79
70
105
88
97
85
86
83
76
75
65
51
52
27
14
15
-25
-15
-4
-9
-29
2
-7
-33
-26
-8
-35
-58
-59
-86
-100
-108
-104
-139
-118
-127
-151
-135
-135
-136
-136
-108
-122
-108
-113
-120
-118
-158
-151
-146
-120
-103
-87
-66
-53
-60
-46
-31
-36
-16
-22
-15
7
-10
-11
-3
-10
1
3
15
13
27
25
27
40
32
50
70
69
68
88
53
71
60
53
47
54
40
33
57
47
40
31
33
13
26
17
20
11
17
27
6
6
11
-2
-2
-1
-8
-11
3
-6
-18
-16
-28
-10
-17
-4
4
26
17
23
32
32
44
27
36
47
36
46
71
72
74
79
76
70
64
73
44
37
56
48
60
79
78
68
63
34
47
51
54
62
74
54
48
63
41
32
47
43
31
23
25
12
-2
-13
8
-8
-15
-28
-31
-28
-31
-27
-32
-29
-49
-34
-59
-66
-73
-84
-92
-98
-78
-87
-96
-103
-93
-104
-124
-118
-125
-110
-109
-94
-95
-89
-84
-91
-84
-97
-92
-112
-100
-99
-107
-95
-91
-87
-110
-108
-92
-103
-68
-62
-29
-1
10
12
-1
-7
-13
9
16
40
53
47
56
63
73
91
91
118
104
106
108
108
108
111
132
138
139
126
110
97
79
73
79
75
80
92
79
82
89
85
65
52
46
52
36
37
24
21
-7
-7
-18
-36
-25
-24
-26
-46
-26
-38
-48
-60
-40
-55
-34
-31
-21
-29
-25
-10
0
3
4
24
5
14
11
9
10
-3
-4
-19
-4
-6
17
12
7
-1
11
19
12
13
8
-6
1
2
5
4
-3
3
2
2
6
0
-5
-6
-33
2
-16
-44
-44
-62
-60
-56
-55
-33
-24
-14
-20
-13
-38
-41
-41
-60
-42
-49
-62
-71
-73
-67
-59
-18
-10
11
8
-1
-16
-31
-45
-44
-30
-51
-20
-36
-44
-56
-29
-27
-34
-7
-7
10
-2
-1
1
1
10
14
26
38
27
10
24
3
2
9
10
23
23
41
48
45
65
49
60
51
65
56
66
57
64
56
45
39
43
52
48
69
70
80
80
81
80
101
86
90
92
62
30
29
24
18
20
20
15
-14
4
-10
-5
-11
-28
-33
-32
-54
-64
-58
-93
-78
-76
-82
-75
-104
-74
-86
-80
-72
-77
-78
-77
-57
-47
-25
-40
-43
-47
-48
-35
-42
-28
-30
-28
-6
-21
8
-5
-4
17
21
35
48
44
39
28
23
31
27
26
4
17
11
-2
23
10
30
39
29
30
18
25
27
18
15
16
32
11
10
12
-12
-31
-31
-14
-21
4
-15
-3
-22
-17
-26
-32
-23
-9
-5
6
25
-7
-15
-27
-18
-43
-14
-10
-21
-8
-19
-6
-24
-1
4
16
8
31
11
3
4
-23
-4
-8
20
-1
4
24
14
24
23
55
55
56
58
70
51
56
63
63
68
67
49
39
42
27
36
56
53
62
78
59
36
29
13
10
24
14
18
0
1
-32
-40
-36
-27
-24
-29
-10
-37
-59
-71
-74
-84
-80
-65
-87
-69
-66
-92
-93
-102
-104
-102
-110
-95
-107
-102
-100
-72
-79
-58
-47
-56
-53
-55
-45
-45
-22
-19
-10
-4
-11
0
-22
11
16
10
33
34
62
42
38
48
42
47
62
77
91
89
94
83
71
75
82
78
85
91
99
85
82
77
53
37
41
39
22
34
13
30
17
32
19
21
19
7
13
11
7
0
-38
-37
-43
-53
-86
-102
-92
-91
-78
-52
-31
-43
-15
-20
-24
-27
-34
-34
-31
-12
-20
-4
-6
-15
-12
-17
10
21
44
72
81
104
106
106
100
96
91
87
77
74
68
74
84
58
94
71
72
53
40
49
27
43
26
45
19
3
-22
-32
-41
-40
-52
-47
-35
-57
-29
-88
-78
-102
-124
-118
-136
-118
-148
-113
-121
-107
-103
-102
-119
-121
-110
-121
-100
-128
-120
-116
-120
-139
-118
-124
-122
-110
-104
-78
-73
-49
-27
-28
-30
-41
-28
-22
-18
-12
0
-25
-26
-8
-10
20
36
81
73
119
110
121
107
102
103
83
120
114
145
127
148
123
136
126
151
157
159
194
186
190
184
156
143
115
83
75
59
76
60
70
56
36
34
31
45
46
59
57
44
11
-1
-8
-38
-48
-70
-55
-72
-76
-73
-58
-59
-50
-46
-37
-65
-54
-44
-55
-48
-40
-49
-54
-69
-78
-76
-94
-87
-82
-78
-59
-46
-41
-41
-43
-18
-33
-10
-14
-32
-31
-37
-65
-51
-52
-35
-36
-9
-28
-19
1
-2
-1
21
19
9
22
2
25
0
19
-8
-4
-24
-26
-15
-12
-3
4
12
1
16
-6
10
-5
8
-7
-12
-25
-34
-40
-56
-66
-79
-67
-68
-53
-53
-32
-39
-38
-42
-43
-49
-44
-45
-37
-38
-35
-33
-41
-35
-45
-26
-25
4
3
36
40
38
35
32
20
8
24
53
80
80
101
84
77
72
61
53
65
69
78
83
77
62
70
56
61
59
84
70
88
76
76
71
87
66
64
68
60
50
51
43
49
49
22
35
26
36
50
43
63
61
27
19
17
-5
-17
-17
-45
-29
-41
-55
-47
-44
-69
-49
-64
-42
-40
-10
5
3
11
-12
-16
-32
-32
-44
-52
-40
-63
-60
-47
-47
-57
-57
-47
-89
-56
-56
-37
-16
-4
-5
-4
-37
-51
-52
-49
-35
-44
-10
-16
-22
-32
-18
-27
-21
14
17
30
21
17
12
4
-21
-13
-3
-20
8
21
16
20
23
14
-3
-1
-3
-13
-11
-33
-36
-44
-64
-66
-59
-69
-57
-77
-89
-94
-113
-104
-118
-108
-100
-109
-107
-104
-124
-97
-98
-85
-63
-33
-33
-30
-19
-13
12
7
45
25
54
33
30
54
38
65
87
119
123
124
130
124
142
142
140
146
138
140
134
139
136
133
134
145
134
134
139
132
125
115
119
110
95
91
71
68
58
65
49
41
50
49
34
36
40
8
-8
-24
-19
-27
-41
-12
-18
-10
-19
-22
-44
-46
-60
-77
-72
-95
-89
-92
-91
-102
-83
-91
-63
-47
-15
-19
-14
-16
-38
-48
-78
-65
-66
-51
-32
-18
-5
-1
19
34
34
32
38
17
11
2
7
16
18
14
9
7
-11
-31
-45
-58
-79
-79
-99
-101
-118
-111
-129
-119
-92
-104
-102
-117
-125
-134
-159
-155
-169
-196
-168
-173
-162
-156
-141
-133
-118
-106
-100
-82
-70
-72
-55
-55
-58
-46
-59
-55
-59
-32
-17
3
24
40
82
60
90
83
99
104
112
140
135
150
157
157
166
160
151
146
145
169
189
219
245
260
276
243
236
233
204
189
219
223
219
232
194
181
178
163
162
166
156
133
140
120
94
93
56
60
20
18
-3
-36
-52
-92
-96
-89
-92
-113
-104
-126
-124
-154
-162
-188
-200
-208
-220
-231
-240
-210
-227
-218
-208
-195
-203
-182
-170
-177
-169
-145
-150
-126
-105
-82
-65
-65
-45
-44
-44
-49
-37
-45
-33
-24
-5
-3
3
25
3
25
32
33
48
47
54
62
64
56
88
65
81
101
82
81
83
102
102
106
103
87
77
42
19
9
21
1
11
16
19
6
-11
-14
-23
-15
-9
-4
2
-17
-34
-36
-63
-69
-73
-79
-57
-65
-58
-45
-56
-62
-66
-64
-82
-85
-90
-85
-90
-89
-86
-72
-96
-74
-53
-44
-32
-17
-5
-12
4
8
13
5
40
51
45
75
75
73
58
79
71
80
103
109
121
138
156
146
158
143
155
133
128
125
116
95
111
91
100
115
105
106
111
106
89
92
89
76
51
69
42
54
19
37
26
16
42
14
19
-17
-17
-35
-30
-33
-20
-31
-26
-26
-43
-37
-60
-65
-83
-70
-79
-81
-83
-106
-115
-123
-117
-138
-122
-115
-112
-115
-104
-106
-111
-105
-130
-119
-122
-135
-155
-151
-151
-154
-136
-127
-109
-86
-95
-93
-80
-81
-71
-58
-67
-62
-48
-50
-46
-47
-30
-17
-14
1
2
-1
3
13
32
18
32
57
56
81
72
115
102
127
136
131
132
111
122
106
141
133
156
145
138
161
160
162
159
168
150
159
158
136
129
127
109
111
99
112
93
74
52
48
36
20
18
-4
3
-24
-26
-49
-65
-83
-99
-119
-130
-129
-127
-144
-127
-138
-165
-140
-145
-131
-133
-100
-103
-110
-100
-108
-110
-117
-107
-98
-99
-86
-64
-73
-78
-62
-48
-41
-17
4
24
26
61
52
47
53
47
60
66
79
79
88
76
105
96
92
83
76
71
57
75
77
87
73
61
58
44
33
12
6
-12
-25
-29
-32
-50
-56
-38
-49
-38
-52
-49
-57
-53
-65
-63
-72
-73
-64
-85
-85
-76
-69
-65
-13
-27
-12
2
3
8
12
33
48
52
60
79
64
68
47
67
78
80
105
109
131
122
136
135
130
115
111
101
92
85
83
65
45
42
33
26
24
11
-9
-16
-33
-52
-61
-87
-102
-102
-106
-96
-118
-124
-132
-139
-144
-148
-146
-151
-140
-135
-116
-121
-132
-120
-113
-113
-104
-102
-83
-86
-88
-54
-41
-18
-18
5
13
21
41
49
33
41
78
74
76
85
85
74
85
107
112
110
144
108
113
122
117
112
107
111
110
99
85
52
21
14
-3
-7
-7
-15
-19
-13
-8
-20
-31
-32
-17
-37
-39
-39
-34
-45
-62
-69
-52
-80
-73
-70
-62
-68
-56
-63
-53
-45
-59
-28
-48
-30
-44
-34
-40
-52
-39
-32
-34
-12
6
19
25
32
20
29
28
39
70
85
83
115
92
82
85
64
78
60
77
65
69
62
76
70
60
55
46
50
45
53
52
52
43
52
29
22
9
23
6
9
10
-12
-21
-48
-63
-78
-55
-47
-23
8
-12
3
-7
-25
-48
-49
-65
-48
-53
-41
-34
-51
-39
-61
-46
-58
-41
-30
-17
-23
6
16
4
10
-15
-27
-15
-16
-22
0
-11
-10
-9
-13
-18
-23
-16
-16
-6
14
35
4
-4
-1
-22
-32
-42
-46
-43
-53
-37
-44
-47
-60
-68
-64
-48
-49
-44
-39
-47
-50
-70
-62
-91
-81
-68
-64
-44
-45
-44
-52
-67
-77
-89
-81
-71
-59
-25
-12
12
6
17
16
11
26
67
54
61
73
93
99
99
99
102
123
132
140
143
153
140
118
128
119
99
110
99
92
83
105
83
76
55
45
48
45
56
33
23
2
23
12
-5
24
6
-7
-29
-9
-45
-54
-49
-64
-45
-49
-22
-22
-16
-9
-19
8
-12
2
-15
-1
4
7
18
27
35
26
40
38
67
60
75
90
104
96
97
111
90
90
74
82
83
60
62
56
33
39
35
16
3
-25
-22
-49
-53
-80
-78
-101
-117
-119
-153
-156
-175
-182
-227
-203
-228
-219
-220
-218
-207
-231
-237
-231
-223
-216
-190
-188
-155
-153
-135
-133
-132
-133
-127
-99
-107
-90
-78
-79
-69
-57
-41
10
2
41
50
74
80
90
99
87
102
111
127
135
138
151
141
153
148
139
131
145
138
140
152
168
154
155
143
127
128
98
98
100
104
105
99
91
101
66
79
61
53
53
46
49
48
55
64
63
55
56
20
18
2
11
11
6
-5
3
-9
-13
-23
-41
-29
-26
7
1
21
14
5
15
8
16
33
26
29
17
11
-11
-6
-4
16
30
29
56
47
31
6
6
-11
6
-9
1
-6
-27
-16
-10
-35
-42
-40
-63
-86
-66
-82
-70
-51
-52
-73
-87
-68
-89
-87
-82
-86
-75
-85
-76
-90
-86
-81
-89
-87
-105
-111
-133
-114
-117
-132
-118
-121
-111
-125
-130
-122
-129
-118
-109
-98
-99
-71
-60
-89
-94
-95
-87
-81
-61
-59
-20
-11
-1
-10
10
6
15
32
30
41
44
47
47
58
73
89
105
127
133
129
121
153
153
162
190
200
195
192
149
175
147
165
177
170
194
195
180
152
145
110
109
95
101
82
101
89
88
68
57
46
16
8
-33
-32
-42
-41
-24
-26
-21
-9
-31
-42
-41
-44
-74
-70
-83
-82
-91
-83
-77
-80
-72
-69
-80
-75
-76
-94
-75
-69
-73
-71
-80
-94
-125
-108
-105
-99
-96
-91
-85
-91
-55
-43
-47
-12
-13
-9
3
-13
12
7
15
28
43
52
49
47
51
45
47
41
34
56
47
57
60
59
69
45
48
58
66
68
77
58
66
28
39
34
18
23
11
30
13
-15
-31
-29
-53
-40
-38
-60
-74
-84
-82
-99
-101
-98
-80
-98
-115
-110
-126
-155
-168
-173
-174
-191
-176
-182
-185
-170
-163
-116
-105
-74
-77
-49
-82
-52
-53
-50
-25
-22
11
13
34
40
62
74
112
120
160
167
183
180
205
199
210
192
214
197
184
215
204
231
245
265
266
265
269
254
241
236
210
213
179
164
141
107
123
89
90
107
73
44
25
-14
-42
-88
-98
-107
-131
-124
-149
-169
-182
-212
-194
-202
-200
-210
-219
-241
-252
-259
-257
-246
-238
-218
-232
-214
-243
-222
-248
-227
-197
-186
-163
-135
-115
-114
-84
-79
-55
-39
-22
9
18
29
42
65
64
98
103
97
122
136
130
145
160
148
156
148
149
123
132
121
128
140
155
162
171
168
151
155
129
139
146
135
129
119
95
76
74
66
68
58
45
50
28
27
20
-6
-7
-16
-41
-60
-80
-110
-108
-123
-134
-116
-136
-134
-142
-150
-163
-171
-183
-170
-179
-173
-155
-168
-165
-163
-143
-153
-122
-104
-97
-91
-83
-70
-78
-54
-76
-59
-80
-58
-52
-51
-29
-23
-7
-4
8
4
30
25
70
80
79
103
104
105
110
139
126
155
149
144
153
132
124
127
140
142
164
182
170
186
181
177
186
192
178
173
160
133
107
82
73
69
93
75
76
66
69
44
35
56
26
41
23
9
-8
-5
-43
-54
-63
-69
-82
-102
-115
-145
-135
-124
-117
-125
-134
-135
-151
-150
-146
-158
-148
-148
-152
-167
-168
-184
-189
-165
-153
-133
-118
-118
-93
-102
-86
-87
-68
-58
-58
-50
-44
-38
-41
-52
-34
-39
-35
-15
-17
7
0
37
39
38
34
50
56
44
70
56
68
75
71
70
59
78
64
97
100
103
111
89
76
53
34
27
18
7
23
-1
11
9
-22
-12
-31
-21
-49
-33
-37
-19
-20
-8
-2
-26
-16
-15
-19
-24
-2
3
26
11
23
29
23
38
51
71
85
96
112
112
94
107
96
113
127
126
132
139
137
146
150
141
151
141
134
129
98
97
82
74
73
84
70
56
49
36
18
-10
-4
-27
-47
-56
-75
-101
-100
-108
-107
-114
-134
-149
-179
-209
-218
-251
-235
-232
-222
-202
-210
-198
-207
-208
-224
-200
-189
-181
-172
-170
-151
-145
-117
-109
-100
-103
-76
-75
-45
-18
-7
24
37
72
87
87
115
109
118
142
165
165
159
155
147
160
171
182
196
202
224
209
214
202
168
178
146
148
128
102
87
59
54
45
39
38
18
1
-4
-24
-39
-42
-54
-53
-72
-69
-79
-98
-109
-121
-150
-150
-170
-191
-181
-186
-189
-180
-166
-155
-152
-132
-123
-127
-138
-127
-123
-121
-103
-89
-69
-52
-34
-31
-12
-2
25
57
61
73
92
83
74
88
98
118
129
176
172
186
192
203
206
187
200
185
185
178
196
174
191
178
190
161
148
150
127
117
103
101
72
64
55
59
20
24
-1
-27
-25
-65
-49
-80
-75
-75
-95
-99
-116
-121
-146
-153
-163
-170
-194
-177
-183
-167
-163
-161
-171
-169
-168
-165
-162
-153
-145
-145
-134
-125
-101
-102
-85
-71
-63
-36
-22
-27
5
-12
-5
-8
-33
-23
-15
-4
5
20
24
43
51
55
84
78
94
102
95
95
92
84
104
91
101
112
131
112
109
96
74
83
47
42
32
46
40
53
41
31
34
20
2
-3
-9
-12
-27
-42
-42
-72
-61
-63
-53
-36
-20
-12
-9
-22
-27
-45
-64
-51
-64
-52
-31
-35
-37
-34
-64
-60
-66
-54
-61
-54
-32
-36
-35
-33
-20
-16
-2
33
33
38
39
41
59
38
70
55
49
73
60
46
57
61
69
75
105
105
115
106
76
76
73
78
57
67
58
74
70
66
77
57
43
48
40
19
29
12
9
-5
-13
-18
-29
-43
-28
-23
-27
2
-11
-17
-17
-31
-56
-60
-71
-95
-90
-96
-91
-92
-92
-87
-83
-76
-67
-49
-60
-44
-61
-53
-67
-91
-98
-95
-91
-77
-74
-64
-49
-34
-31
10
0
12
0
5
16
-6
21
0
29
19
45
48
56
49
56
36
48
56
58
63
64
66
68
55
68
52
71
73
50
61
46
34
24
20
18
13
-7
-6
-23
-47
-49
-69
-53
-65
-81
-73
-92
-113
-116
-115
-104
-132
-123
-105
-114
-105
-116
-85
-115
-71
-77
-80
-65
-80
-66
-60
-50
-20
-10
29
37
38
55
57
58
48
61
78
72
88
89
122
138
136
159
158
148
155
160
162
157
149
156
166
145
142
161
139
141
150
126
131
107
90
91
64
72
58
61
38
65
24
-6
8
-43
-30
-21
-37
-43
-76
-93
-108
-124
-107
-118
-98
-88
-78
-60
-67
-91
-102
-88
-87
-107
-88
-102
-96
-105
-96
-95
-90
-74
-69
-33
-46
-41
-41
-54
-56
-61
-46
-54
-60
-49
-31
-30
-33
-2
-20
-17
-18
-16
-22
-39
-22
-24
-18
-23
-11
-7
-18
-8
-27
-10
-25
-31
-22
-23
-9
-27
-31
-44
-57
-59
-51
-27
-23
4
18
17
3
15
9
4
17
17
13
25
18
12
13
42
33
44
41
40
36
40
23
32
34
51
40
47
69
40
61
45
58
43
52
40
54
38
38
60
33
41
34
38
40
66
44
67
66
37
39
20
20
35
35
42
33
40
33
30
26
36
36
41
50
32
54
38
48
52
62
50
54
44
29
40
25
15
14
26
10
14
17
6
-3
-7
-8
-12
-15
-19
-27
-49
-77
-83
-82
-96
-95
-76
-77
-59
-48
-30
-17
-40
-51
-64
-76
-81
-80
-84
-69
-69
-63
-85
-67
-92
-103
-78
-66
-51
-39
-41
-40
-45
-52
-52
-66
-58
-73
-76
-75
-81
-70
-62
-42
-45
-6
17
0
-12
-17
0
-18
7
2
28
17
23
42
32
46
67
80
87
90
79
88
88
103
90
97
95
93
104
114
112
95
107
77
76
68
70
65
73
74
72
48
38
30
14
23
9
39
19
13
15
-9
-42
-54
-47
-54
-36
-26
-31
-52
-60
-97
-91
-103
-108
-93
-65
-55
-79
-89
-95
-110
-103
-87
-86
-58
-64
-59
-77
-82
-94
-85
-74
-50
-32
-12
3
-10
-7
-21
-21
-19
-12
-1
20
13
35
29
37
65
71
89
94
110
114
116
127
133
124
135
155
138
138
147
118
108
105
117
101
113
128
145
131
135
116
85
80
47
53
25
25
10
5
17
16
27
24
13
-2
-8
-46
-52
-72
-71
-63
-56
-44
-38
-52
-54
-67
-96
-100
-112
-115
-122
-127
-140
-134
-166
-159
-180
-142
-140
-119
-118
-125
-100
-118
-111
-105
-93
-107
-79
-104
-110
-112
-125
-111
-106
-89
-84
-64
-42
-42
-63
-34
-24
-34
-17
-12
-21
-19
-20
-22
-30
-12
17
27
59
58
89
79
81
87
70
68
92
93
105
113
100
98
82
88
94
110
127
118
139
136
115
115
99
80
76
81
76
76
77
79
85
98
97
85
63
58
51
45
64
39
44
38
29
37
17
17
10
12
7
13
17
4
4
9
12
-6
-17
-10
-36
-21
-33
-28
-31
-38
-38
-28
-30
-42
-30
-35
-43
-52
-39
-49
-32
-29
-20
-23
-23
-18
-28
-6
-16
-12
-13
-31
-36
-36
-30
-20
-5
-10
6
-14
-25
-32
-46
-45
-33
-24
-20
-1
-20
-37
-44
-31
-46
-40
-32
-30
-33
-42
-56
-68
-75
-84
-71
-72
-77
-71
-58
-66
-47
-44
-42
-52
-37
-72
-71
-70
-62
-58
-53
-45
-53
-17
-32
-17
-27
-2
10
-3
-3
-12
-19
-35
-6
-16
4
15
-1
11
13
49
44
68
67
63
84
66
82
104
103
98
109
84
71
82
79
76
108
126
140
152
132
118
102
73
80
86
87
109
117
89
72
60
32
29
28
25
42
26
35
19
1
-13
-31
-25
-49
-40
-49
-46
-33
-46
-58
-71
-81
-106
-99
-108
-101
-86
-83
-77
-45
-53
-62
-57
-57
-61
-54
-61
-40
-55
-42
-30
-41
-26
-30
-9
-3
24
38
36
39
42
32
37
60
58
55
67
55
45
35
39
17
22
11
24
0
-5
3
-27
7
3
-4
4
-22
-28
-29
-43
-55
-67
-74
-96
-95
-92
-92
-86
-78
-51
-49
-62
-42
-60
-92
-76
-79
-58
-55
-34
-27
-14
-12
-10
-11
-24
-16
-12
17
-2
15
29
27
34
32
43
53
75
81
95
96
85
90
66
61
79
83
89
96
109
106
103
100
113
94
87
87
88
71
66
80
65
60
41
17
5
-14
1
-8
-11
-10
-4
-5
-25
-23
-46
-52
-44
-35
-47
-48
-54
-86
-87
-96
-79
-79
-88
-73
-72
-63
-79
-69
-78
-93
-98
-81
-85
-75
-59
-78
-49
-68
-51
-62
-52
-47
-47
-27
-14
-9
-14
9
-10
3
7
-2
-2
18
-1
15
17
31
14
19
26
23
34
47
85
58
78
99
86
80
90
83
105
116
118
105
94
111
91
109
114
107
117
95
88
91
64
90
74
72
56
41
25
3
-12
-23
-10
-18
-35
-51
-58
-69
-70
-72
-79
-82
-85
-102
-114
-116
-128
-120
-113
-110
-120
-115
-114
-131
-126
-120
-121
-117
-119
-112
-114
-107
-92
-89
-77
-57
-43
-33
-16
-30
-19
-17
-2
-5
7
12
18
25
46
66
103
118
143
154
145
154
125
125
107
109
118
123
120
131
118
113
114
87
98
91
99
84
80
82
54
44
46
27
20
18
7
-5
-16
-29
-26
-36
-44
-44
-64
-68
-89
-91
-97
-113
-134
-130
-143
-153
-169
-162
-152
-138
-128
-111
-115
-123
-103
-127
-107
-88
-77
-62
-60
-62
-55
-43
-23
-21
-5
23
32
57
65
65
67
75
69
77
88
95
98
100
118
106
136
111
137
145
153
151
147
156
120
129
111
120
102
121
101
91
70
67
58
50
50
23
40
7
15
-25
-21
-24
-33
-47
-37
-45
-49
-56
-92
-94
-100
-103
-100
-100
-95
-95
-81
-103
-100
-92
-93
-89
-82
-69
-84
-61
-77
-76
-75
-80
-73
-67
-67
-49
-38
-26
-15
-13
-1
1
-11
-1
-14
-15
-13
-25
-7
2
18
35
29
34
35
22
22
33
35
13
27
25
10
31
38
59
62
69
81
70
45
37
31
29
24
27
28
12
18
4
-20
-32
-32
-31
-20
-8
13
23
-4
1
-13
-40
-38
-26
-44
-29
-43
-54
-53
-70
-61
-48
-26
-2
1
15
32
25
16
21
11
0
3
4
8
1
-15
9
0
14
29
19
43
52
66
76
85
88
84
62
81
68
64
61
53
59
53
62
57
79
74
76
62
66
55
58
59
45
49
52
53
45
25
19
0
-37
-11
-20
-34
-30
-14
-44
-35
-48
-48
-51
-76
-74
-94
-102
-115
-129
-113
-130
-127
-141
-144
-148
-163
-138
-136
-96
-107
-103
-94
-101
-102
-95
-97
-65
-55
-44
-45
-49
-45
-29
-37
-18
5
13
44
30
61
62
72
78
99
99
96
108
100
116
111
129
139
148
146
140
131
133
126
117
112
97
97
85
89
87
94
81
95
97
81
60
49
12
5
-10
-7
-22
-21
-32
-64
-83
-95
-87
-87
-56
-70
-53
-64
-80
-94
-107
-127
-130
-128
-148
-149
-146
-145
-138
-111
-104
-94
-90
-95
-98
-111
-101
-81
-68
-74
-61
-57
-63
-67
-73
-56
-49
-16
0
20
39
32
63
66
69
81
105
102
116
141
127
136
140
158
152
169
160
165
164
170
191
194
204
187
181
142
136
124
100
89
99
77
55
68
44
34
38
29
17
0
-20
-48
-61
-85
-89
-101
-94
-94
-102
-118
-152
-158
-189
-191
-182
-145
-157
-119
-137
-125
-133
-146
-142
-138
-138
-135
-107
-117
-102
-87
-68
-65
-55
-46
-26
-15
-9
14
2
-12
-13
-26
-10
-3
46
70
77
102
100
83
87
90
79
106
114
116
106
109
94
82
79
73
54
69
68
70
63
64
82
41
37
42
34
20
36
4
-16
-15
-38
-58
-61
-50
-38
-45
-38
-28
-46
-63
-71
-70
-72
-76
-55
-80
-79
-77
-64
-47
-62
-45
-54
-53
-60
-56
-50
-45
-37
-31
-18
27
12
34
37
29
22
34
25
26
45
41
70
71
82
83
99
61
75
90
76
80
85
101
93
102
87
93
86
73
77
73
75
73
64
46
46
47
48
35
16
27
17
6
2
2
-2
-31
-53
-41
-65
-69
-54
-71
-68
-79
-98
-103
-103
-116
-100
-114
-92
-98
-82
-86
-85
-83
-106
-87
-109
-101
-112
-82
-75
-76
-55
-61
-68
-56
-45
-60
-37
-17
-11
-12
-4
-3
-18
-11
8
24
31
58
57
26
37
30
41
60
73
100
98
95
87
75
72
78
58
73
63
65
55
37
42
50
40
64
75
84
89
68
62
33
36
26
24
12
-3
10
-18
-23
-17
-28
-10
-37
-36
-28
-39
-33
-15
-28
-28
-10
-41
-29
-54
-65
-84
-65
-66
-70
-45
-52
-70
-75
-79
-73
-57
-36
-14
-17
18
16
11
6
8
24
26
38
53
41
25
16
12
17
2
21
42
37
62
70
87
69
78
75
90
81
59
61
52
57
30
42
62
37
47
52
49
30
28
5
-8
3
11
11
-5
-17
-33
-47
-71
-85
-105
-110
-76
-90
-86
-75
-82
-84
-106
-111
-116
-115
-96
-87
-73
-62
-67
-65
-63
-81
-67
-76
-73
-65
-66
-52
-25
-13
-4
25
35
60
54
78
73
71
67
64
58
79
71
73
86
72
87
77
90
94
107
110
113
111
104
92
86
73
58
51
41
44
20
19
11
20
22
20
26
14
21
5
15
-11
-9
-21
-45
-21
-70
-51
-74
-64
-41
-57
-32
-62
-60
-82
-86
-71
-75
-49
-48
-46
-49
-61
-52
-39
-53
-39
-45
-46
-40
-46
-65
-41
-43
-54
-32
-27
-45
-50
-35
-46
-24
-2
6
12
10
8
4
-1
-10
-16
-27
-35
-16
-31
-22
-28
5
4
30
56
38
56
26
42
32
29
24
26
35
40
41
48
49
37
72
68
93
100
103
114
101
96
84
81
80
72
50
61
48
54
42
44
59
64
65
75
43
42
39
6
-3
2
2
-40
-20
-27
-23
-22
-21
-27
-52
-52
-67
-84
-78
-67
-65
-50
-60
-38
-38
-48
-42
-49
-45
-53
-40
-36
-21
-32
-27
-25
-34
-53
-54
-28
-38
-20
-3
-12
-5
-15
-19
-23
-45
-19
-19
-10
-10
-15
-19
-30
-32
-37
-31
-33
-23
-36
-8
-4
-23
-26
-14
-16
-25
-1
-15
-2
-33
-21
-13
-10
1
16
34
30
33
15
16
-5
14
9
39
31
59
59
45
55
41
33
12
32
33
31
39
46
19
16
23
21
7
7
22
20
20
16
21
2
-15
7
-23
-13
-19
-13
1
10
6
10
14
5
7
-13
12
1
14
8
11
-6
-12
-5
-12
12
5
22
12
-1
15
-5
0
9
27
-10
10
13
24
10
-7
4
-21
3
-25
15
3
5
24
8
21
-13
3
2
4
20
21
38
33
19
18
22
6
-5
-5
-5
1
-20
17
17
16
17
-2
-4
-15
15
-5
6
9
-3
3
2
23
-2
5
-9
-19
-13
-5
-7
9
-7
-4
-10
-19
-28
-29
-5
-29
-28
-21
-46
-42
-33
-38
-8
-23
-15
-28
-44
-44
-46
-72
-61
-64
-63
-50
-60
-22
-54
-30
-41
-44
-25
-35
-8
-36
-14
-59
-53
-52
-42
-35
-40
-8
-12
-10
-5
-14
-8
7
26
28
15
19
3
-1
-8
4
5
-1
8
23
10
13
28
19
23
43
46
68
76
75
98
87
87
57
73
47
36
62
21
19
27
33
44
70
74
79
72
73
37
37
41
21
38
24
26
36
29
18
18
1
-3
-11
7
4
23
13
27
0
-3
-6
-12
8
-46
11
-2
-3
-27
-20
-25
-56
-19
-39
14
12
13
19
24
20
-2
27
6
-9
7
28
-1
13
1
-13
0
-1
-14
-15
0
6
4
20
15
15
-19
-13
-17
-58
-38
-46
-34
-61
-50
-40
-72
-56
-76
-62
-78
-53
-55
-80
-59
-84
-80
-108
-83
-104
-83
-51
-85
-47
-102
-111
-106
-119
-102
-80
-29
-39
0
-15
-23
-53
-73
-67
-83
-42
-32
6
18
11
19
0
36
22
48
53
75
69
70
97
81
97
86
89
59
77
65
112
118
127
146
119
114
74
74
53
65
77
100
112
85
116
73
69
24
55
58
55
87
53
54
-5
2
-41
-7
-20
31
40
5
18
-21
-8
-41
-23
-25
-5
6
36
32
31
12
-5
-8
-55
-4
-24
-19
-15
-13
-14
-9
-5
11
-4
-5
-8
5
-15
2
-18
-25
-49
-43
-41
-52
-32
-46
-30
-70
-80
-89
-76
-94
-63
-34
-8
-8
-40
-58
-115
-132
-136
-147
-77
-81
-42
-70
-76
-62
-128
-92
-86
-60
-49
-40
-22
-47
-68
-80
-54
-36
-5
30
22
47
29
31
49
27
60
42
76
80
93
100
77
84
58
65
40
73
76
109
123
129
119
107
113
83
85
63
82
45
53
40
53
50
27
43
28
26
26
56
27
36
1
-5
-16
-9
2
-11
-4
-18
-4
-21
-23
-47
-57
-82
-116
-114
-125
-72
-53
-49
-31
-72
-86
-112
-103
-120
-81
-80
-104
-61
-94
-48
-65
-40
-70
-67
-48
-17
-11
6
-6
13
19
-8
45
18
56
18
60
74
74
79
80
85
103
130
152
151
119
93
55
39
34
77
76
117
119
85
89
57
73
41
52
61
22
58
61
68
42
1
-15
-68
-50
-51
-22
4
1
-1
8
-49
-57
-89
-112
-78
-82
-49
-14
-42
-58
-81
-87
-96
-120
-85
-97
-98
-54
-23
-25
-23
-59
-74
-116
-115
-71
-62
-38
-30
-43
-27
-76
-76
-54
-47
-23
-30
30
35
51
58
39
5
-31
-17
-23
27
19
69
42
64
48
37
39
62
71
66
95
61
97
3
43
-13
-13
-15
4
29
18
36
25
26
-26
-30
-18
-1
29
64
78
26
-12
-41
-80
-104
-113
-72
-62
-33
-17
44
2
10
-32
-38
-43
-60
-21
-59
-31
-34
-25
-3
4
35
8
5
-21
-37
-19
-29
30
58
90
91
81
53
14
11
9
-2
36
4
70
92
108
141
106
108
67
67
53
99
85
137
83
89
95
17
79
62
84
69
83
95
76
102
66
107
60
69
57
41
11
-23
13
-51
-1
-1
11
4
-28
-23
-36
-30
-41
-23
-44
-47
-128
-133
-127
-180
-116
-171
-113
-169
-150
-144
-141
-139
-157
-173
-168
-178
-142
-154
-124
-143
-136
-146
-202
-128
-202
-173
-152
-180
-123
-160
-69
-50
-30
10
-31
46
-51
20
4
37
24
53
70
65
83
70
105
56
100
96
131
152
124
185
155
183
155
165
133
97
77
84
120
105
171
141
163
113
122
124
92
114
93
86
29
88
22
88
40
-8
12
-106
2
-62
-22
-29
-46
-45
-72
-52
-31
9
-50
-43
-52
-84
-114
-108
-69
-130
-62
-73
-30
-61
-64
-28
-110
-39
-96
-4
-65
16
73
13
82
10
53
17
73
127
136
164
152
110
88
64
32
49
52
130
133
221
173
190
119
84
60
35
71
51
85
78
69
68
-14
-52
-44
-112
-42
-63
31
-24
3
-12
-83
-78
-171
-95
-143
-99
-158
-145
-172
-231
-212
-241
-183
-249
-157
-161
-179
-135
-154
-109
-202
-179
-197
-185
-181
-121
-118
-89
-101
-86
-87
-117
-71
-77
-27
-50
-19
29
-11
-9
-20
-52
-33
-9
33
33
108
37
42
-9
31
87
71
197
110
190
99
167
155
114
202
85
140
54
118
93
110
151
85
138
91
163
136
111
85
26
88
27
163
147
156
148
78
108
7
93
71
108
156
160
229
151
162
88
46
58
45
115
73
148
128
72
90
6
-41
-90
-28
3
20
86
78
52
18
-47
-48
-72
-61
-2
-19
17
26
43
-8
-36
-75
-86
-65
-86
-36
-90
-66
-158
-179
-199
-336
-339
-398
-376
-373
-410
-322
-407
-407
-458
-453
-423
-402
-320
-285
-231
-245
-224
-288
-259
-272
-275
-229
-224
-202
-204
-212
-202
-143
-137
-66
-23
52
95
120
179
177
200
217
208
249
250
310
329
413
467
469
540
546
609
586
645
675
693
698
710
733
719
729
727
700
695
661
647
629
542
506
440
391
327
298
237
221
169
127
89
11
-62
-154
-229
-322
-339
-362
-398
-410
-481
-503
-581
-628
-640
-658
-607
-616
-574
-605
-648
-775
-906
-1043
-1155
-1196
-1172
-1112
-1069
-992
-1017
-973
-1076
-1018
-991
-948
-718
-679
-441
-478
-416
-406
-522
-370
-485
-222
-173
-40
173
147
302
160
272
299
391
585
723
880
817
866
775
801
853
839
981
909
1100
1066
1135
1200
1095
1091
951
989
1016
1159
1274
1357
1368
1312
1272
1173
1168
1104
1114
1126
1133
1172
1100
1036
858
667
445
276
198
89
20
-88
-202
-348
-511
-650
-781
-828
-905
-927
-942
-966
-1005
-1064
-1076
-1107
-1113
-1119
-1142
-1175
-1245
-1256
-1300
-1305
-1348
-1333
-1316
-1289
-1227
-1172
-1150
-1171
-1222
-1275
-1271
-1260
-1148
-1042
-934
-834
-818
-757
-770
-710
-666
-599
-508
-430
-283
-223
-10
-13
144
137
156
224
184
390
404
630
685
730
717
582
564
493
624
739
964
1146
1245
1355
1291
1295
1106
1035
908
868
904
907
1023
1056
1193
1225
1263
1251
1248
1248
1223
1290
1353
1428
1464
1474
1464
1319
1181
983
830
723
627
625
618
615
513
335
135
-94
-308
-485
-562
-588
-625
-672
-736
-844
-1005
-1095
-1144
-1184
-1216
-1236
-1276
-1238
-1125
-948
-795
-715
-747
-897
-1050
-1178
-1226
-1247
-1213
-1207
-1171
-1215
-1243
-1320
-1468
-1524
-1550
-1451
-1314
-1121
-968
-911
-852
-912
-945
-998
-1005
-927
-816
-655
-486
-276
-162
-172
-231
-165
89
255
473
587
522
418
419
534
662
802
955
1060
1078
1090
1122
1151
1207
1238
1307
1445
1521
1576
1565
1540
1504
1476
1509
1484
1494
1519
1497
1502
1400
1304
1195
1088
1046
962
930
842
760
676
581
527
433
359
244
125
7
-82
-166
-256
-336
-422
-480
-585
-687
-751
-822
-873
-897
-907
-926
-956
-999
-1058
-1121
-1157
-1207
-1199
-1206
-1193
-1167
-1169
-1154
-1161
-1161
-1160
-1139
-1100
-1067
-1009
-957
-912
-849
-842
-808
-732
-693
-621
-528
-450
-362
-280
-186
-114
-38
19
71
154
193
292
355
431
519
536
588
613
646
654
685
721
763
785
800
768
759
707
677
647
616
583
516
476
447
427
378
332
292
267
219
215
205
194
172
163
153
115
95
70
26
-1
-35
-34
-31
-35
4
-24
8
-6
-10
-15
-31
-51
-31
-25
-48
-44
-116
-101
-115
-84
-65
-42
-4
3
21
33
24
20
-4
10
6
11
15
-1
0
-11
10
9
22
9
13
1
-18
30
21
38
40
45
61
46
79
101
129
145
146
163
170
151
156
156
148
152
166
163
159
160
163
153
137
178
180
189
183
138
92
70
15
-29
-47
-81
-90
-113
-130
-188
-238
-309
-358
-413
-416
-448
-473
-499
-559
-578
-614
-627
-654
-695
-721
-747
-743
-757
-779
-782
-802
-781
-765
-756
-741
-723
-612
-594
-514
-843
-1232
-1524
-1395
-805
-112
662
1060
1111
822
487
113
-111
-203
-38
276
504
666
571
388
157
79
275
528
800
972
996
991
935
856
742
665
641
730
886
1019
1042
902
791
674
729
886
1051
1115
1092
929
695
333
-107
-336
-234
138
632
1035
1192
1135
869
728
645
673
680
741
807
642
393
147
-124
-422
-534
-475
-346
-247
-231
-316
-420
-489
-556
-579
-552
-485
-451
-479
-584
-818
-1065
-1225
-1151
-951
-771
-652
-630
-609
-629
-594
-636
-816
-916
-975
-919
-850
-837
-881
-969
-1004
-1090
-1110
-1047
-969
-939
-908
-903
-873
-698
-523
-546
-626
-741
-786
-690
-560
-355
-201
-76
-103
-156
-189
-256
-221
-124
44
234
414
458
397
224
79
62
145
338
529
786
851
959
962
956
951
946
1009
996
1108
1202
1350
1336
1263
1179
1034
967
947
1033
1069
1102
1102
1044
1038
1060
1106
1159
1162
1119
1022
1005
1026
1085
1151
1148
1102
976
816
627
545
480
440
364
285
166
18
-157
-326
-486
-556
-547
-534
-510
-578
-671
-853
-1026
-1123
-1132
-1019
-937
-918
-1024
-1250
-1390
-1470
-1518
-1469
-1426
-1339
-1283
-1220
-1257
-1461
-1646
-1762
-1694
-1525
-1227
-1133
-1220
-1276
-1311
-1271
-1237
-1105
-1005
-881
-721
-668
-675
-714
-690
-596
-439
-204
14
150
62
-64
-154
-57
71
375
711
900
966
953
897
680
561
540
637
773
932
1143
1243
1275
1196
1079
997
969
1078
1169
1233
1055
790
460
359
579
967
1481
1741
1883
1722
1537
1417
1409
1556
1706
1952
2168
2253
2119
1798
1385
883
600
512
601
728
736
669
342
10
-456
-871
-1169
-1259
-1097
-886
-677
-659
-817
-1055
-1210
-1235
-1156
-989
-802
-688
-631
-644
-695
-879
-1065
-1251
-1319
-1344
-1286
-1234
-1237
-1344
-1504
-1692
-1807
-1843
-1811
-1650
-1543
-1407
-1395
-1497
-1619
-1681
-1660
-1539
-1357
-1176
-1086
-1075
-960
-765
-507
-272
-130
-89
-165
-247
-192
-41
173
363
492
555
452
430
304
352
461
699
930
1076
1075
828
653
431
400
348
432
577
777
1096
1233
1356
1043
475
-279
-737
-428
384
1691
2627
3149
2885
2201
1581
1258
1476
1865
2559
3235
3769
3897
3521
2812
1769
926
468
663
1170
1641
1863
1635
950
-241
-1474
-2345
-2438
-1872
-847
41
334
-57
-927
-1655
-1987
-1808
-1339
-704
-119
140
145
-212
-767
-1399
-1825
-1851
-1516
-1052
-824
-863
-1338
-1969
-2657
-3106
-3196
-2992
-2558
-2198
-1982
-2095
-2427
-2789
-2924
-2758
-2351
-1787
-1306
-991
-957
-987
-965
-807
-468
19
474
758
783
608
406
265
282
380
536
752
887
1117
1067
1053
781
665
693
791
1113
1159
1354
1077
960
592
343
130
70
424
856
1399
1213
386
-934
-1753
-1469
-223
1620
2942
3557
3147
2435
1890
1672
1836
2138
2864
3710
4478
4686
4222
3134
1660
520
5
332
951
1601
1915
1699
918
-459
-1849
-2931
-3410
-3218
-2444
-1453
-598
-402
-638
-1062
-1377
-1352
-934
-131
635
1139
1332
1271
904
271
-432
-1037
-1427
-1617
-1614
-1588
-1717
-2084
-2649
-3140
-3494
-3545
-3377
-3065
-2713
-2531
-2518
-2590
-2627
-2549
-2329
-1922
-1419
-997
-718
-519
-279
26
374
743
1017
1093
1062
922
861
825
880
888
817
700
555
433
329
305
183
157
61
288
518
852
1012
901
690
229
46
-189
-29
256
648
1013
599
-365
-2054
-2966
-2693
-1150
1105
2873
3921
3551
2729
1833
1427
1497
1923
2892
4016
5084
5371
4892
3542
1727
180
-698
-409
435
1434
2060
1952
1115
-516
-2234
-3589
-4020
-3605
-2435
-1019
51
437
97
-252
-511
-306
206
972
1800
2320
2538
2292
1761
882
-86
-980
-1587
-1901
-2088
-2170
-2412
-2772
-3292
-3787
-3983
-3933
-3607
-3158
-2714
-2448
-2401
-2431
-2455
-2289
-1965
-1474
-984
-585
-301
-179
-62
163
570
1001
1313
1544
1525
1296
898
421
60
-281
-290
-254
-77
-14
-141
-268
-574
-594
-561
-164
405
1037
1427
1506
1240
899
491
328
248
281
499
696
1157
549
-744
-2882
-4121
-3632
-1806
1035
3088
4367
3971
2834
1782
1062
1199
1643
3026
4537
5701
5992
5120
3490
1224
-664
-1635
-1292
-191
1047
1983
1919
1011
-823
-2843
-4113
-4587
-3814
-2531
-709
756
1376
1381
946
782
742
1129
1764
2490
2969
3081
2792
1956
744
-685
-1992
-2801
-3152
-3069
-3018
-2974
-3106
-3545
-3908
-4091
-3829
-3426
-2885
-2196
-1680
-1427
-1514
-1677
-1843
-1885
-1680
-1285
-774
-388
-21
221
413
623
738
857
976
1183
1194
884
438
-210
-863
-1325
-1323
-920
-675
-486
-468
-470
-379
-138
433
964
1425
1704
1715
1524
1252
874
563
137
187
293
744
374
-1071
-3216
-5054
-4650
-2983
69
2683
4521
4928
3842
2749
1741
1578
2021
3198
4937
6182
6740
6055
4392
1888
-624
-2120
-2448
-1527
-201
1223
1876
1361
-208
-2458
-4179
-4735
-4047
-2411
-667
1103
2208
2543
2516
1967
1500
926
881
1336
2048
2827
2973
2483
1143
-564
-2247
-3535
-3977
-3927
-3470
-3103
-2738
-2834
-3332
-3774
-4030
-3794
-3394
-2615
-1766
-1155
-925
-1039
-1293
-1641
-1806
-1587
-1065
-441
115
457
596
621
677
778
914
1021
1009
748
234
-384
-980
-1454
-1596
-1416
-1196
-846
-732
-554
-448
-262
264
819
1468
1870
2055
1806
1304
768
200
-97
-314
21
418
907
407
-1698
-4316
-6636
-6083
-4049
-440
3091
5441
6328
4991
3574
2094
1550
1896
3177
5245
6765
7503
6777
4747
1670
-1595
-3596
-4291
-3346
-1583
496
1916
1742
297
-2121
-4055
-4710
-3733
-1332
1063
3019
3618
3374
2690
2064
1857
1769
2018
2164
2644
2943
2731
1815
257
-1450
-3152
-4190
-4345
-3915
-3385
-3203
-3230
-3626
-4090
-4177
-3815
-2961
-2031
-1089
-476
-389
-599
-1010
-1383
-1693
-1735
-1486
-1174
-786
-442
-154
-117
-159
-78
114
526
1024
1384
1313
685
-187
-1135
-1753
-1984
-1803
-1536
-1182
-854
-629
-360
-167
369
779
1337
1902
2266
2371
1974
1590
1089
485
102
-188
-27
-94
-87
-1435
-3720
-6115
-7039
-5412
-2852
1047
4196
6395
6350
4927
3676
2575
2374
2878
4455
6138
6976
7007
5634
3150
-248
-3229
-4774
-4992
-3665
-1631
664
1810
1446
-2
-1944
-3121
-3126
-1616
913
3215
4534
4655
4187
3587
2825
2350
1853
1312
665
413
453
66
-681
-1788
-2906
-4048
-4524
-3997
-3177
-2631
-2522
-2590
-2934
-3272
-3097
-2542
-1879
-1469
-1260
-1399
-1894
-2288
-2458
-2363
-2133
-1726
-1210
-768
-343
35
281
182
104
230
442
819
1018
982
246
-729
-1552
-2185
-2304
-2155
-1665
-1330
-1049
-764
-268
311
963
1559
1955
2136
2166
2206
1969
1717
1493
1045
438
-75
-238
-52
-68
-67
-1747
-4353
-6936
-7362
-5316
-2187
2054
5501
7538
6932
5485
4146
3099
2687
3155
4847
6245
7055
7013
5694
2996
-980
-4139
-5940
-6011
-4364
-1690
1381
2906
2789
1273
-626
-1865
-2024
-464
1977
4536
6085
6048
5114
3276
1650
156
-791
-1256
-1444
-890
-406
71
-278
-1139
-2423
-3805
-4324
-4025
-2778
-1802
-1254
-1357
-2232
-3221
-4011
-4025
-3800
-3400
-2858
-2543
-2369
-2491
-2377
-2090
-1884
-1696
-1494
-1103
-793
-403
-153
-115
-227
-487
-502
-504
-371
-479
-849
-1396
-2021
-2386
-2709
-2531
-2167
-1596
-1044
-446
322
984
1450
1727
1952
2106
2110
1977
1959
1783
1704
1502
1223
876
385
120
-110
-305
-1585
-4107
-6547
-7507
-5919
-2954
1244
5269
7841
7956
6681
5319
4110
3445
3556
4943
6321
7141
7196
6181
3766
-116
-3768
-5913
-6378
-5106
-2526
933
3485
4115
3141
1441
-86
-880
-308
1634
4097
5989
6633
5997
4296
1891
-351
-2009
-2822
-2898
-2221
-1209
-342
-15
-379
-1281
-2529
-3302
-3451
-2807
-1861
-1097
-919
-1675
-2805
-3955
-4712
-4953
-4844
-4289
-3756
-3330
-2953
-2495
-2016
-1738
-1630
-1596
-1397
-1141
-768
-402
-103
-163
-655
-1210
-1659
-1927
-2057
-2018
-1902
-1981
-2246
-2626
-2743
-2457
-1994
-1286
-374
684
1553
2139
2448
2454
2063
1616
1334
1530
1955
2332
2696
2473
1980
978
53
-457
-898
-1189
-2898
-4971
-6516
-6369
-3958
-662
3425
6702
8135
7816
6496
5479
4730
4320
4864
5858
6585
6760
6211
4630
1634
-2270
-5199
-6609
-6236
-4231
-1130
2289
3999
3743
2352
615
-480
-720
484
2728
4852
6238
6565
5590
2774
-591
-3532
-4884
-4881
-3434
-968
796
1517
976
-382
-2137
-3724
-4209
-3648
-2460
-975
87
106
-1157
-3196
-5222
-6572
-6835
-5855
-4183
-2374
-933
-255
-275
-941
-1701
-2156
-2133
-1479
-508
597
1350
1280
436
-972
-2259
-3031
-3109
-2593
-1797
-1230
-1150
-1477
-2012
-2157
-2055
-1422
-547
547
1734
2588
3223
3400
2989
2354
1906
1816
1899
1966
2380
2621
2331
1590
489
-256
-1117
-1608
-2383
-4466
-6179
-7105
-5496
-2540
1123
5362
7884
8530
7300
5769
4882
4054
4094
4942
6011
6569
6258
5097
2672
-992
-4685
-6832
-7256
-5752
-2975
491
3297
3851
2884
1100
-381
-947
-505
1585
3938
5758
6557
6109
4197
922
-2271
-4291
-4923
-4340
-2604
-737
318
394
-214
-1224
-2538
-3215
-3018
-2270
-1375
-587
-190
-853
-2377
-4102
-5431
-5983
-5700
-4721
-3399
-2159
-1225
-721
-625
-739
-811
-751
-477
-61
523
949
959
388
-656
-1746
-2676
-3120
-3097
-2792
-2355
-1991
-1705
-1353
-912
-401
-35
181
472
817
1369
2065
2685
2890
2697
2298
1826
1444
1335
1553
1854
2069
2014
1498
581
-207
-924
-1340
-2296
-4824
-7068
-8231
-6804
-3479
505
5279
7979
8435
6990
5197
4487
3784
4042
5156
6465
7235
6716
5348
2679
-1293
-5169
-7329
-7367
-5513
-2540
877
3492
3757
2461
522
-865
-1061
-177
2243
4743
6522
7116
6402
4767
1755
-1357
-3645
-4527
-3854
-2356
-387
865
813
-90
-1346
-2371
-2851
-2656
-1910
-1151
-427
-5
-367
-1579
-3274
-4795
-5701
-5944
-5112
-3678
-2155
-1018
-526
-424
-623
-805
-744
-443
143
743
956
693
-85
-1141
-2322
-3281
-3782
-3862
-3570
-3090
-2553
-2173
-1911
-1613
-1312
-861
-389
330
1110
1956
2597
2894
2839
2122
1421
778
559
821
1143
1604
1788
1657
1066
111
-763
-1325
-1653
-2427
-4582
-6805
-7807
-6660
-3531
337
4784
7491
7836
6560
4952
4423
4263
4781
6115
7412
7876
7073
5307
2471
-1327
-4936
-6786
-6580
-4740
-1939
932
2926
2865
1441
-211
-1142
-763
639
3149
5616
7084
7201
6198
4560
2370
-10
-2215
-3510
-3830
-3002
-1534
14
981
642
-495
-2005
-2966
-3063
-2560
-1532
-591
50
-46
-942
-2228
-3724
-4971
-5778
-5604
-4368
-2536
-864
194
623
380
-267
-826
-854
-378
332
882
957
439
-708
-2129
-3544
-4509
-4619
-4185
-3323
-2395
-1688
-1301
-1362
-1287
-985
-499
379
1373
2369
2968
2852
2471
1658
719
274
182
737
1252
1469
1609
1138
434
-390
-1109
-1261
-1529
-1798
-3167
-5571
-7312
-7591
-5178
-1803
2139
5829
7344
7004
5290
4275
4126
4248
5291
6699
7718
7437
5829
3451
209
-3302
-5666
-6052
-4699
-2387
-118
1751
2236
1174
-290
-1307
-928
424
2568
5095
6794
7197
6196
4636
2917
1140
-466
-1394
-1620
-1440
-910
-512
-371
-1061
-2174
-3057
-3372
-2775
-1907
-918
-285
-239
-657
-1551
-2437
-3178
-3717
-3981
-3786
-3017
-2062
-1305
-997
-1088
-1225
-1297
-1202
-776
-98
631
869
462
-323
-1372
-2511
-3614
-4189
-4109
-3647
-2997
-2302
-1703
-1535
-1619
-1660
-1406
-671
189
1320
2235
2713
2743
2311
1879
1375
1024
994
1212
1299
1173
1042
727
422
-52
-335
-265
-590
-946
-2419
-4974
-7024
-7784
-5607
-2198
1657
5454
6936
6504
4546
3203
3289
3724
5245
7140
8471
8325
6527
3985
751
-2746
-5071
-5441
-4113
-1907
-65
1192
1207
-229
-1887
-2825
-1948
110
2550
5127
6682
6708
5237
3437
2293
1421
1153
965
468
-177
-1274
-2053
-2668
-2996
-2911
-2997
-2693
-2146
-1615
-1469
-1669
-1636
-1780
-2072
-1997
-1590
-1544
-2041
-2587
-2935
-3051
-2778
-2095
-1495
-922
-472
-306
-465
-608
-357
-190
-236
-299
-527
-1141
-2140
-2959
-3362
-3441
-3046
-2367
-1709
-1234
-1152
-1165
-1109
-733
22
838
1828
2590
2887
2719
2232
1838
1349
1031
925
964
936
1065
1112
805
283
-374
-621
-1153
-1610
-3469
-5846
-7380
-7265
-4315
-1057
2693
5353
5451
4085
2103
2086
3051
4487
6677
8361
8967
7614
5358
2701
-219
-2801
-4005
-3396
-1826
-174
513
487
-692
-2550
-3768
-3495
-1175
1545
3961
5680
5907
4800
2991
2128
2342
2873
3555
3238
2077
393
-1167
-1912
-2353
-2087
-1944
-2241
-2345
-2254
-1998
-2376
-2827
-2678
-2562
-2328
-1720
-1092
-1223
-2124
-2981
-3225
-2907
-1956
-879
-447
-517
-915
-1347
-1760
-1686
-1001
-511
-244
-241
-604
-1384
-2366
-3015
-3280
-3006
-2201
-1394
-967
-991
-1402
-1950
-2024
-1537
-555
556
1460
2151
2194
2052
1764
1513
1436
1579
1881
1948
1950
1702
1072
262
-493
-711
-824
-800
-1496
-4005
-6275
-7483
-5961
-2798
532
4044
5267
4449
2478
1560
2582
3860
5766
7572
8610
8151
6352
4324
2017
-215
-1940
-2147
-1137
98
644
297
-604
-2304
-3766
-3941
-2284
278
2133
3409
3547
2709
1514
1010
1860
3156
4349
4755
3772
1362
-1015
-2615
-2872
-1998
-681
371
-261
-1559
-2731
-3730
-4373
-4253
-2967
-2018
-1716
-1512
-1625
-2358
-3477
-3962
-3788
-2916
-1546
-390
19
-313
-874
-1510
-1660
-1044
-73
517
539
177
-865
-1961
-2473
-2446
-2074
-1522
-807
-573
-890
-1303
-1615
-1802
-1412
-419
574
1395
1756
1684
1381
1038
1075
1381
1938
2538
2802
2805
2472
2062
1326
533
-52
-355
-483
-740
-2060
-4668
-6801
-7289
-5154
-2123
941
3483
3617
2159
431
608
2489
4350
6416
7697
7870
6593
4713
3267
1877
742
66
310
872
942
288
-665
-1607
-2665
-3177
-2472
-761
544
893
852
316
-293
-431
562
2254
3476
3867
3272
1690
-136
-1103
-848
306
1540
2306
1758
-199
-2135
-3289
-3596
-3357
-2591
-1716
-1871
-2717
-3496
-3989
-4213
-4139
-3559
-2798
-1973
-1267
-1032
-1122
-1189
-1152
-991
-394
495
986
768
137
-609
-1367
-1660
-1339
-879
-579
-406
-476
-957
-1484
-1724
-1771
-1476
-760
59
490
576
540
416
373
613
1157
1661
2072
2383
2606
2647
2561
2262
1689
967
567
184
-250
-1496
-3966
-5963
-6643
-4752
-1971
461
2367
2098
596
-1000
-673
1755
4021
5914
6822
6766
5640
4082
3501
3285
2963
2465
2205
2218
1784
886
146
-403
-958
-1518
-1612
-953
-467
-627
-962
-1226
-1215
-1002
-249
988
1801
1845
1435
359
-684
-789
141
1726
2728
3206
2515
527
-1289
-2018
-1752
-1507
-1341
-1375
-2344
-3578
-4378
-4451
-4226
-4049
-3779
-3871
-3717
-3149
-2638
-2130
-1446
-821
-504
-355
16
332
329
440
364
6
-105
-308
-211
-312
-456
-74
-391
-553
-679
-743
-652
-802
-503
-56
53
210
500
587
415
413
544
775
1213
1928
2404
2766
2876
2486
1667
930
599
224
-410
-2175
-4144
-5341
-4482
-2345
-536
970
1106
49
-1417
-1576
447
2664
4231
4997
5106
4621
3599
3316
3553
3592
3319
2873
2711
2479
1837
1159
799
487
3
-651
-875
-811
-1071
-1282
-1332
-1030
-861
-692
-317
-102
-134
-233
-389
-806
-791
-173
940
1705
2138
2264
1400
342
-93
299
445
88
-313
-1314
-2547
-3313
-3286
-2960
-3056
-3390
-4014
-4526
-4284
-3486
-2493
-1638
-977
-843
-1055
-955
-512
-61
359
773
770
372
81
-38
-287
-336
87
433
390
274
32
-368
-615
-360
109
320
523
442
155
-94
-115
-33
66
536
1185
1618
1893
2126
1874
1262
701
617
608
577
-533
-2624
-4519
-4869
-3111
-1332
234
1075
430
-1117
-2114
-982
1141
2663
3609
3888
3664
3023
2725
3131
3410
3376
2982
2694
2632
2289
1779
1533
1534
1275
552
-106
-344
-711
-978
-897
-522
-346
-538
-689
-903
-1182
-1101
-657
-1
181
-454
-891
-1056
-266
868
1886
2427
1763
757
-81
-305
-195
-249
-312
-1059
-1996
-2258
-2405
-2553
-3167
-3721
-3958
-3971
-3273
-2419
-1854
-1647
-1598
-1507
-1245
-575
144
407
291
107
-165
-338
-203
31
296
554
762
606
235
37
-217
-228
118
757
1073
872
579
152
-317
-460
-100
320
710
986
1197
1159
1059
1087
847
674
580
468
-136
-1935
-3648
-4386
-3364
-1516
-231
540
255
-769
-1828
-1609
400
2099
2802
3067
3124
3066
2654
2881
3503
3491
3064
2731
2917
2904
2472
2308
2308
2193
1638
815
315
-40
-377
-391
-104
74
-117
-639
-1078
-1313
-1436
-1072
-574
-294
-1154
-2052
-1917
-730
1104
2182
2663
1791
169
-486
-84
808
1014
529
-341
-1841
-2349
-2011
-1893
-2398
-3359
-3906
-4214
-3685
-2611
-2033
-1995
-2172
-2185
-2104
-1614
-752
-259
-315
-470
-659
-948
-904
-496
-130
287
710
685
82
-274
-121
129
642
1168
1311
854
252
19
-111
-92
88
175
224
317
600
835
950
949
733
465
559
593
606
-596
-2605
-4079
-3940
-2054
-598
242
321
-412
-1500
-1950
-618
1433
2331
2579
2592
2839
2883
2672
3168
3560
3454
3046
3059
3422
3184
2751
2829
3131
2990
2173
1368
886
435
344
763
1105
894
118
-805
-1281
-1422
-1077
-710
-544
-1336
-2787
-3149
-2046
31
1428
2073
1576
7
-844
-283
928
1544
1171
305
-1164
-2081
-1709
-1327
-1614
-2502
-3178
-3676
-3656
-2783
-2186
-2204
-2342
-2387
-2408
-2208
-1616
-1107
-1074
-1209
-1311
-1633
-1793
-1397
-966
-469
200
481
31
-462
-288
84
702
1503
1841
1358
609
338
339
412
718
728
338
136
363
589
786
1054
1083
618
510
612
616
-164
-1849
-3311
-3758
-2188
-684
-242
-383
-911
-1663
-2107
-1011
1000
1763
1621
1630
1947
2394
2578
3156
3505
3303
2967
2798
3097
3327
3197
3250
3607
3551
2809
1681
1189
1076
1074
1443
1737
1333
328
-633
-987
-964
-763
-422
-640
-1360
-3048
-4047
-3504
-1710
254
1063
918
-188
-1271
-1021
306
1565
1696
791
-357
-1495
-1400
-554
-381
-1015
-2113
-2916
-3296
-2891
-2039
-1722
-1867
-2080
-2171
-2112
-1771
-1188
-848
-1035
-1350
-1769
-2193
-2108
-1534
-830
-156
196
-8
-637
-679
-11
687
1378
1743
1521
999
701
876
1220
1232
1014
544
233
397
734
1019
1069
1007
796
487
626
728
618
-648
-2322
-3362
-2978
-1548
-879
-802
-1059
-1504
-2151
-2131
-914
415
616
578
943
1534
1829
1915
2459
2784
2697
2476
2692
3147
3187
3136
3538
3900
3526
2673
2006
1965
2091
2245
2466
2285
1501
560
-35
0
162
180
-136
-941
-2256
-3638
-3752
-2626
-1099
-190
-123
-790
-1692
-1724
-670
551
1083
736
-151
-1026
-1284
-584
-16
-338
-1154
-1944
-2459
-2387
-1697
-1253
-1345
-1603
-1806
-1946
-1707
-1187
-811
-895
-1325
-1815
-2316
-2396
-1969
-1425
-1046
-766
-840
-1237
-1307
-743
-11
501
919
964
758
686
866
1158
1243
1078
711
404
517
945
1162
1219
1200
1008
737
625
981
1096
1108
-85
-1853
-2926
-2455
-997
-481
-315
-508
-1256
-2346
-2500
-1260
134
348
407
625
767
936
955
1629
2294
2353
2218
2404
2885
2909
2791
3312
3847
3534
2791
2393
2598
2761
2716
2961
2724
1901
1141
838
950
1047
804
526
-181
-1018
-2120
-3544
-3517
-2691
-1219
-549
-929
-1452
-2276
-2446
-1339
224
923
-9
-1309
-1810
-1781
-697
54
-209
-1074
-2103
-2491
-2166
-1240
-387
-556
-1191
-1294
-1178
-869
-514
-348
-595
-1353
-1761
-1925
-1948
-1535
-1095
-982
-1028
-1114
-1236
-1392
-977
-251
166
525
737
686
476
581
832
850
865
916
872
806
998
1143
1056
913
967
817
800
1107
1397
405
-1309
-2135
-2019
-997
-330
-78
-339
-1182
-2116
-2431
-1566
-205
71
-185
-186
-102
46
7
766
1657
1675
1472
1713
2114
2111
2022
2545
3269
3229
2806
2500
2561
2706
2601
2838
2985
2618
2050
1628
1579
1583
1349
1136
688
-26
-1066
-2341
-2600
-2197
-1274
-719
-984
-1442
-2072
-2302
-1674
-579
12
-475
-1377
-1721
-1610
-1028
-515
-525
-947
-1581
-1898
-1677
-1015
-400
-421
-792
-815
-569
-340
-192
-251
-537
-1025
-1395
-1419
-1290
-1086
-959
-996
-997
-950
-993
-1038
-772
-269
37
248
435
351
132
22
207
457
615
715
770
792
796
740
761
874
861
840
899
1113
1090
704
-478
-1530
-1892
-1312
-246
-32
-279
-906
-1684
-2205
-1840
-643
152
-204
-709
-913
-781
-326
223
1099
1420
1029
667
711
1227
1595
1949
2605
2986
2737
2226
2028
2317
2599
2691
2997
2979
2448
1958
1766
1900
1949
1642
1249
651
-30
-543
-1424
-1628
-1434
-960
-761
-1165
-1247
-1543
-1873
-1568
-771
-357
-887
-1656
-1634
-1633
-1291
-592
-430
-722
-1346
-1751
-1632
-1021
-268
-153
-489
-478
-376
-548
-550
-387
-364
-792
-1144
-998
-965
-987
-900
-917
-920
-812
-840
-911
-732
-283
-220
-331
-95
-109
-342
-321
24
213
209
305
369
250
230
495
627
715
918
918
823
737
731
389
-657
-1229
-1186
-557
-28
-70
-329
-715
-1169
-1496
-1217
-242
110
-430
-575
-237
109
224
532
1176
1142
518
509
1161
1726
1770
1964
2541
2667
2218
1990
2239
2639
2696
2677
2968
2893
2385
1967
1977
2068
1836
1451
1304
789
211
-523
-1219
-1227
-977
-554
-583
-799
-1108
-1616
-1819
-1235
-549
-645
-1417
-1875
-1914
-1978
-1493
-852
-816
-1338
-1818
-1921
-1559
-857
-427
-592
-902
-772
-810
-893
-760
-673
-864
-1269
-1252
-964
-925
-1004
-961
-1006
-868
-733
-640
-535
-400
-292
-493
-461
-175
-220
-395
-311
-122
-127
-35
208
388
292
300
359
350
485
753
893
891
885
807
217
-821
-1219
-998
-274
174
201
-62
-503
-1146
-1434
-793
206
453
-14
-75
144
112
132
717
1353
1120
558
752
1326
1541
1565
2026
2562
2423
2037
2072
2415
2623
2650
2750
2889
2559
1964
1821
1927
1936
1624
1374
1122
557
-66
-795
-1008
-751
-232
18
-280
-815
-1335
-1593
-1249
-485
-247
-915
-1856
-2150
-2030
-1548
-837
-616
-1098
-1786
-2063
-1804
-1115
-377
-323
-857
-1151
-1084
-1004
-1014
-835
-727
-1074
-1362
-1238
-909
-839
-856
-793
-724
-694
-672
-600
-383
-154
-213
-345
-332
-200
-317
-428
-249
-85
-95
-87
85
170
106
78
191
329
526
604
590
635
608
503
-253
-1063
-1312
-916
-182
222
222
-144
-711
-1286
-1225
-362
621
604
82
-93
-108
-138
122
927
1418
1002
569
811
1159
1244
1523
2237
2615
2288
1891
1853
2028
2175
2433
2719
2709
2145
1555
1382
1421
1436
1350
1352
953
182
-410
-628
-502
-147
226
164
-368
-1014
-1210
-983
-654
-395
-643
-1417
-2014
-2028
-1663
-1124
-764
-848
-1393
-1839
-1776
-1410
-809
-416
-591
-1002
-1202
-1020
-873
-897
-723
-727
-1035
-1232
-1056
-714
-698
-674
-565
-494
-436
-369
-195
-74
12
-24
-104
-42
25
-91
-177
-51
51
72
153
212
107
19
99
339
498
587
623
520
418
345
-218
-924
-1081
-484
127
217
119
-152
-647
-1074
-853
-16
639
409
-48
-111
20
113
402
1027
1268
825
446
753
1242
1401
1533
1959
2103
1681
1344
1462
1741
1862
1950
2088
1919
1457
1087
1071
1200
1098
898
780
574
216
-24
-377
-751
-948
-645
-196
-188
-396
-669
-1000
-1200
-975
-632
-786
-1388
-1686
-1628
-1481
-1109
-659
-721
-1346
-1717
-1503
-1046
-636
-386
-495
-898
-1108
-906
-626
-509
-482
-585
-874
-1090
-884
-529
-406
-418
-362
-345
-370
-269
-46
178
192
145
116
150
76
32
134
259
266
212
219
156
79
148
355
438
386
371
340
190
-299
-904
-1148
-697
40
291
46
-346
-706
-1063
-915
-107
603
405
-144
-288
-133
53
340
856
954
638
391
663
1077
1400
1706
1933
1972
1733
1624
1726
1890
1988
2080
2092
1799
1352
1185
1293
1246
1211
1095
795
332
5
33
39
-49
-22
89
-61
-391
-505
-346
-396
-635
-689
-718
-1049
-1545
-1559
-1193
-1014
-1194
-1294
-1272
-1372
-1474
-1235
-803
-768
-956
-1055
-1014
-1038
-975
-756
-688
-912
-1150
-1199
-1102
-996
-871
-642
-593
-729
-767
-551
-261
-53
95
95
3
-86
-29
67
158
259
292
255
265
325
358
408
373
369
397
414
449
433
439
231
-228
-627
-610
-125
276
349
93
-286
-556
-556
-211
252
447
162
-172
-324
-186
96
440
669
553
288
280
556
815
1083
1360
1559
1425
1225
1237
1374
1492
1562
1673
1580
1206
899
895
987
962
846
711
333
-94
-190
148
446
391
174
-34
-346
-566
-378
-33
-3
-435
-808
-915
-1016
-1173
-1059
-879
-957
-1248
-1348
-1126
-954
-892
-849
-758
-791
-839
-783
-591
-448
-476
-535
-643
-718
-737
-636
-515
-516
-536
-531
-495
-382
-187
76
290
321
385
426
391
360
429
504
493
480
491
418
284
236
285
369
387
350
333
353
317
268
182
65
-125
-396
-540
-511
-330
-161
-175
-338
-529
-660
-649
-421
-223
-220
-390
-504
-444
-383
-277
-68
58
18
-109
-101
106
368
575
771
852
734
669
759
967
1144
1258
1271
1140
891
718
697
752
710
630
546
345
198
212
381
481
477
367
102
-142
-155
98
270
153
-176
-504
-765
-909
-840
-587
-444
-554
-747
-780
-630
-493
-444
-358
-291
-354
-394
-358
-226
-147
-270
-443
-526
-523
-490
-465
-434
-356
-356
-403
-325
-115
144
243
267
240
149
88
107
228
339
205
47
9
-24
4
118
274
209
-23
-152
-108
-60
20
70
107
88
-10
-99
-191
-285
-381
-402
-336
-217
-98
-50
-91
-241
-402
-526
-451
-221
-121
-132
-205
-222
-217
-223
-146
11
120
92
64
122
169
191
300
524
707
726
712
771
839
851
802
730
622
462
381
474
639
677
578
462
396
398
473
531
498
441
403
379
312
191
-6
-215
-307
-313
-289
-252
-269
-295
-305
-262
-122
-51
-110
-177
-220
-197
-199
-195
-146
-190
-281
-346
-331
-253
-269
-342
-376
-401
-427
-304
-72
167
221
79
-14
-109
-154
-65
58
74
-100
-310
-445
-467
-379
-229
-116
-200
-350
-445
-506
-502
-388
-244
-195
-314
-479
-540
-542
-545
-483
-426
-414
-525
-546
-438
-294
-282
-342
-370
-378
-390
-363
-294
-258
-270
-314
-310
-257
-187
-73
4
17
46
65
78
129
266
466
594
711
774
780
720
612
583
629
724
754
825
921
968
969
979
1067
1101
1098
1078
1092
1056
1007
973
913
791
633
510
428
424
400
371
367
395
392
356
364
404
298
163
124
153
64
-52
-48
-82
-139
-260
-351
-394
-521
-631
-623
-567
-489
-484
-476
-472
-522
-616
-646
-650
-639
-677
-720
-767
-852
-926
-986
-981
-941
-892
-894
-919
-946
-946
-954
-928
-867
-780
-730
-759
-721
-684
-625
-631
-632
-560
-534
-544
-485
-367
-338
-325
-309
-221
-143
-103
-26
-9
-13
-29
11
93
156
233
295
329
319
365
462
524
621
706
773
837
881
951
997
999
951
861
821
814
851
887
971
1003
935
838
769
807
838
850
843
779
645
551
486
461
447
331
227
139
76
69
87
142
199
191
172
180
205
171
159
206
186
133
75
72
73
2
-47
-116
-189
-242
-267
-252
-201
-166
-164
-180
-195
-245
-284
-281
-307
-311
-363
-439
-537
-613
-637
-635
-630
-614
-656
-685
-756
-774
-818
-802
-753
-726
-692
-726
-746
-763
-729
-705
-665
-633
-629
-638
-647
-617
-580
-550
-530
-513
-440
-374
-362
-333
-350
-377
-374
-306
-217
-144
-85
-51
-8
38
89
156
238
275
340
404
473
528
560
616
614
613
653
704
751
827
829
845
795
738
720
765
852
880
876
830
749
623
568
591
564
504
427
308
286
281
344
446
497
494
435
385
311
329
322
344
366
340
259
174
154
115
96
85
99
87
52
27
12
15
29
21
-4
-14
-60
-108
-106
-118
-102
-145
-213
-294
-389
-480
-504
-491
-496
-520
-564
-657
-740
-771
-785
-777
-748
-750
-753
-782
-806
-802
-830
-793
-758
-760
-785
-809
-798
-757
-731
-702
-634
-595
-600
-575
-552
-519
-444
-390
-324
-302
-254
-214
-173
-95
5
113
175
221
244
295
369
463
539
597
577
528
519
555
596
657
679
715
695
635
614
637
716
737
760
715
617
561
510
517
537
486
387
282
200
208
257
316
381
368
320
285
260
285
344
397
436
442
370
263
181
139
148
183
212
233
208
167
158
157
197
218
242
216
176
141
138
162
152
178
125
63
-45
-115
-151
-171
-177
-237
-297
-385
-468
-526
-551
-592
-629
-653
-675
-748
-788
-764
-771
-772
-760
-775
-847
-881
-917
-910
-898
-908
-916
-932
-903
-867
-794
-732
-695
-682
-689
-651
-610
-546
-460
-396
-330
-248
-176
-100
-34
46
144
203
293
354
383
407
434
494
522
559
613
653
675
687
736
780
808
846
845
809
733
701
687
683
701
678
589
513
483
492
548
588
656
622
556
503
435
413
405
388
372
371
341
281
219
180
138
164
186
191
207
176
148
104
100
85
79
38
37
48
55
58
59
81
30
-47
-103
-138
-166
-167
-165
-158
-227
-300
-379
-442
-467
-484
-503
-525
-567
-590
-667
-691
-665
-677
-701
-696
-711
-740
-793
-806
-770
-784
-784
-804
-789
-777
-764
-705
-673
-609
-618
-604
-554
-484
-398
-335
-304
-274
-218
-152
-64
28
118
200
288
313
343
364
374
407
403
432
463
481
507
509
562
605
620
663
677
663
629
598
590
575
527
484
404
377
333
335
364
384
367
371
373
322
345
358
369
335
297
248
215
175
125
123
128
127
135
139
114
112
107
97
91
99
100
105
96
120
147
151
154
143
145
102
82
78
50
38
31
36
4
-46
-89
-155
-195
-225
-283
-288
-275
-280
-312
-346
-363
-397
-431
-465
-488
-526
-593
-637
-636
-616
-633
-652
-645
-654
-667
-655
-644
-602
-617
-636
-606
-549
-489
-448
-402
-367
-332
-289
-246
-203
-157
-109
-58
-8
9
43
78
107
141
199
247
295
339
351
370
373
399
412
445
436
449
456
450
435
411
411
415
436
435
456
503
530
505
490
469
433
412
442
446
471
461
415
377
310
261
210
203
201
195
183
172
186
157
161
155
111
109
77
88
86
94
76
53
14
-20
-23
-48
-77
-106
-110
-144
-167
-173
-190
-217
-254
-280
-286
-324
-339
-313
-329
-362
-409
-430
-418
-437
-424
-412
-439
-484
-523
-528
-504
-488
-482
-502
-487
-499
-518
-465
-433
-413
-386
-351
-304
-268
-243
-205
-190
-149
-126
-109
-95
-54
-16
27
67
98
109
92
103
145
187
225
269
318
322
324
346
344
370
420
435
408
386
355
307
319
344
404
426
388
382
377
377
388
412
412
434
407
409
430
410
404
320
296
263
225
229
216
176
146
106
75
51
60
79
81
94
93
85
46
25
13
-20
-69
-88
-110
-141
-166
-178
-179
-156
-144
-143
-160
-199
-225
-304
-337
-380
-380
-409
-389
-391
-436
-448
-478
-489
-493
-488
-469
-475
-509
-516
-515
-516
-503
-494
-459
-429
-417
-397
-336
-324
-264
-211
-210
-164
-143
-98
-76
-34
-4
26
48
73
104
154
197
223
239
242
251
215
246
288
294
303
342
359
363
348
367
397
401
387
380
337
282
255
284
309
338
360
349
320
325
332
311
339
318
280
276
268
240
283
265
240
210
179
146
115
118
132
132
117
98
68
66
32
32
37
3
6
-16
-17
-26
-21
-29
-48
-44
-95
-117
-148
-171
-187
-166
-174
-210
-213
-246
-281
-287
-297
-285
-269
-309
-309
-343
-383
-412
-425
-444
-447
-428
-453
-470
-493
-490
-491
-465
-412
-374
-354
-349
-309
-316
-286
-252
-209
-196
-178
-172
-159
-109
-75
-28
27
55
92
128
169
204
228
253
245
261
277
306
307
324
307
289
312
292
315
330
340
363
376
382
361
355
329
315
296
296
275
234
212
188
184
189
225
212
216
229
183
186
182
169
157
148
124
119
95
72
74
47
29
16
40
60
72
86
103
76
63
32
16
2
8
20
25
16
-3
-35
-74
-49
-70
-45
-55
-76
-103
-151
-210
-248
-262
-312
-294
-315
-314
-346
-372
-400
-433
-431
-468
-471
-494
-512
-534
-572
-572
-559
-525
-503
-468
-456
-445
-411
-403
-347
-289
-242
-208
-166
-140
-90
-18
-7
29
46
72
117
177
261
302
344
336
342
341
360
389
443
476
480
501
505
496
510
487
477
489
461
445
406
406
395
394
383
375
355
312
284
256
261
246
232
221
187
147
119
83
71
47
7
-21
-67
-49
-76
-51
-28
-14
-22
-24
-20
-56
-78
-104
-106
-100
-104
-141
-154
-159
-149
-150
-123
-103
-99
-130
-114
-115
-121
-143
-159
-180
-239
-246
-269
-265
-244
-260
-271
-264
-310
-317
-349
-358
-367
-384
-384
-417
-422
-439
-429
-395
-354
-307
-274
-254
-233
-237
-227
-208
-187
-153
-165
-155
-137
-112
-84
-25
40
99
142
151
165
177
185
195
205
239
239
244
277
295
286
315
328
330
334
365
397
430
432
416
399
344
321
297
297
295
326
295
275
250
216
171
185
181
171
184
183
175
138
139
113
84
65
39
-15
-29
-36
-38
-29
-44
-54
-50
-55
-64
-79
-73
-87
-69
-79
-81
-80
-90
-63
-54
-17
-25
-37
-39
-24
-40
-61
-46
-71
-78
-79
-98
-96
-101
-122
-123
-132
-144
-165
-182
-189
-215
-252
-282
-314
-337
-341
-318
-300
-293
-256
-257
-248
-270
-268
-247
-283
-243
-222
-214
-203
-218
-215
-195
-175
-154
-107
-83
-66
-45
-22
-8
24
52
98
112
119
137
160
152
136
164
189
180
211
241
266
303
313
321
309
305
298
277
280
290
278
289
292
253
254
245
214
225
219
201
186
192
165
149
129
131
108
103
75
53
43
23
19
18
39
35
24
21
22
-4
-11
-26
-41
-60
-63
-62
-48
-31
-39
-65
-106
-147
-134
-142
-145
-133
-131
-138
-157
-170
-179
-189
-195
-172
-198
-167
-177
-220
-228
-226
-229
-244
-248
-190
-137
-129
-390
-987
-1344
-1127
-345
449
699
378
-135
-379
-273
61
302
297
247
286
344
307
132
-103
-197
-21
345
617
614
317
-100
-296
-185
-4
138
144
91
91
115
56
-129
-350
-378
-168
185
487
554
404
127
-98
-146
16
237
383
449
408
248
121
66
84
155
252
344
388
290
180
58
7
2
30
84
152
159
68
-79
-185
-247
-240
-120
1
125
132
133
72
-7
-85
-74
-7
58
102
105
83
-39
-106
-108
-42
66
134
166
139
43
-18
-64
-104
-135
-124
-161
-190
-238
-299
-347
-396
-381
-395
-337
-305
-314
-370
-398
-416
-447
-428
-378
-338
-317
-274
-278
-256
-294
-321
-321
-292
-176
-106
-48
-87
-131
-132
-109
-48
-54
-4
-17
-20
-10
-12
6
91
145
153
189
179
173
164
193
250
263
309
342
339
313
304
336
393
400
395
391
336
316
276
264
271
302
329
317
320
321
301
296
282
256
261
277
294
268
266
254
208
164
165
165
180
191
194
189
160
120
81
79
117
140
141
97
-22
-46
-87
-101
-126
-162
-171
-204
-181
-167
-172
-180
-191
-224
-274
-292
-306
-310
-329
-332
-380
-391
-391
-430
-423
-415
-401
-394
-394
-382
-419
-477
-460
-448
-388
-377
-384
-372
-397
-379
-376
-322
-319
-293
-290
-276
-236
-214
-196
-198
-164
-143
-89
-51
1
59
82
88
113
132
182
218
269
295
298
298
302
320
309
339
330
345
343
331
333
331
311
327
334
338
342
333
342
366
373
342
332
298
282
289
244
231
182
149
132
165
241
282
280
222
160
160
171
195
228
241
247
225
160
43
-32
-43
7
56
93
76
17
-57
-95
-85
-96
-90
-71
-64
-75
-103
-129
-173
-197
-200
-202
-186
-193
-229
-285
-335
-362
-389
-402
-396
-362
-342
-321
-315
-355
-370
-400
-369
-337
-292
-276
-309
-347
-405
-432
-437
-391
-351
-316
-291
-231
-217
-223
-181
-127
-46
20
57
95
82
65
58
73
91
133
153
172
197
169
204
221
272
252
264
277
294
316
298
295
293
304
308
341
329
310
249
222
219
235
251
292
298
303
285
235
231
163
156
145
158
178
185
190
108
58
32
45
59
96
88
79
17
-28
-48
-74
-90
-69
-52
-28
-58
-75
-71
-119
-117
-137
-116
-127
-113
-122
-114
-134
-165
-179
-158
-116
-116
-90
-107
-119
-165
-189
-195
-182
-170
-151
-146
-163
-200
-258
-275
-329
-307
-306
-263
-234
-237
-237
-253
-240
-211
-160
-145
-101
-110
-90
-109
-129
-160
-145
-92
-61
27
63
101
98
110
113
145
222
268
332
323
298
265
232
220
242
275
285
285
268
223
190
215
251
259
271
263
257
221
173
152
119
90
66
50
37
21
-5
-36
-32
-30
-6
-10
3
-15
-41
-45
-61
-56
-55
-6
-23
-36
-77
-102
-103
-78
-59
-61
-27
-40
-36
-27
-47
-68
-61
-68
-59
-30
-22
-12
-8
-29
-42
-44
-3
8
38
36
31
31
13
-18
-52
-54
-86
-82
-104
-110
-126
-138
-152
-155
-152
-148
-143
-145
-125
-116
-95
-96
-108
-137
-166
-141
-141
-113
-132
-110
-98
-100
-87
-69
-74
-82
-78
-64
-34
-17
-8
4
35
49
82
93
116
131
120
109
71
55
31
47
47
37
86
96
119
126
148
171
177
165
167
170
189
213
213
194
183
165
106
86
61
77
86
113
125
132
135
119
138
110
104
96
78
78
59
37
34
-28
-25
-61
-53
-63
-57
-43
-51
-33
-33
-23
-9
-3
3
16
36
29
11
11
-7
-5
5
4
-29
-58
-95
-114
-97
-87
-70
-81
-87
-132
-166
-190
-205
-161
-129
-86
-77
-99
-151
-164
-196
-221
-243
-222
-218
-203
-198
-228
-222
-217
-170
-150
-100
-68
-30
-25
-41
-32
-40
-44
-21
-13
-19
6
20
12
0
30
28
54
78
103
131
139
179
181
167
176
161
134
101
81
64
55
58
63
77
77
94
111
126
137
124
131
138
119
128
131
95
86
78
76
64
43
36
49
64
67
57
49
32
35
77
107
129
151
116
86
53
47
19
15
16
30
25
2
1
-43
-44
-34
-11
10
28
24
-9
-39
-65
-113
-135
-148
-133
-137
-115
-100
-96
-86
-64
-70
-71
-68
-65
-65
-44
-14
-12
9
12
-7
-27
-58
-53
-42
-29
-9
-25
-5
-27
-23
-45
-13
-27
-26
-17
-25
-53
-78
-57
-65
-48
-39
-31
-43
-55
-88
-80
-91
-73
-49
-50
-49
-52
-48
-45
-64
-93
-86
-85
-66
-45
-4
3
18
-7
-31
-67
-73
-52
-61
-25
-24
-13
-41
-55
-42
-30
0
36
49
73
68
65
80
49
62
57
52
65
84
102
106
109
118
155
156
184
178
206
199
203
216
207
216
193
198
165
162
148
138
130
141
138
143
171
149
141
96
53
13
-35
-72
-110
-116
-115
-148
-141
-141
-128
-113
-101
-92
-106
-126
-142
-174
-185
-183
-177
-165
-159
-131
-148
-150
-139
-144
-132
-91
-60
-48
-34
-24
14
2
-8
-40
-47
-66
-71
-49
-19
-10
3
23
21
10
-15
-14
-23
-17
-16
-19
-29
-77
-104
-116
-103
-56
-21
17
49
39
47
39
12
-6
-14
-5
5
-1
-7
-12
-15
-3
25
68
109
131
165
167
197
177
172
149
125
113
86
74
36
15
-5
9
6
36
45
93
119
154
153
150
164
136
108
82
52
17
-8
-39
-69
-83
-85
-91
-88
-84
-74
-19
7
19
22
2
-24
-52
-59
-89
-81
-88
-91
-128
-157
-154
-136
-126
-112
-85
-74
-61
-65
-49
-62
-53
-44
-28
-24
-17
-12
-23
-12
-29
-40
-36
-10
-40
-39
-12
-8
-28
-37
-37
-34
-42
-27
-18
-4
25
40
67
70
48
60
36
28
32
13
-9
-35
-48
-77
-59
-58
-40
-16
14
63
71
105
98
63
80
88
86
74
48
39
-1
-16
-19
-12
1
36
69
84
99
93
111
104
113
113
124
125
115
108
88
85
65
72
61
90
100
127
147
144
122
109
96
86
54
35
19
-24
-36
-49
-74
-76
-100
-98
-87
-80
-88
-87
-91
-109
-106
-146
-131
-146
-128
-133
-119
-141
-128
-135
-149
-140
-134
-118
-88
-69
-50
-63
-94
-114
-131
-149
-146
-117
-131
-103
-93
-91
-105
-83
-82
-71
-54
-29
-12
-1
20
24
24
10
2
-11
-28
-54
-51
-45
-46
-34
-33
-7
19
61
62
80
96
123
140
147
153
120
121
113
98
103
104
99
137
149
153
170
168
172
183
197
207
203
189
181
158
156
144
133
132
111
114
99
92
89
62
58
32
13
-14
10
15
38
44
31
27
-10
-30
-58
-65
-78
-79
-83
-94
-133
-150
-169
-191
-197
-182
-173
-142
-129
-118
-101
-117
-127
-140
-121
-137
-137
-125
-126
-148
-153
-158
-167
-161
-170
-120
-81
-60
-35
-25
5
24
44
38
40
30
11
0
-23
-44
-47
-44
-59
-61
-66
-42
-19
1
34
77
99
95
103
74
61
50
23
18
4
-12
-16
-11
-18
-13
4
19
28
52
48
56
53
71
78
84
92
86
97
114
115
125
125
99
96
64
56
49
63
95
130
185
225
255
258
244
222
189
148
126
89
76
37
21
4
-6
14
30
48
44
72
61
30
-9
-40
-91
-109
-123
-149
-175
-157
-171
-188
-197
-220
-224
-228
-197
-156
-103
-91
-72
-102
-131
-168
-186
-202
-207
-205
-191
-166
-185
-177
-169
-153
-137
-105
-64
-42
-40
-27
-37
-47
-46
-43
-62
-69
-38
-41
-27
-44
-58
-68
-72
-48
3
71
126
152
188
200
171
155
126
117
100
133
161
156
160
159
123
131
118
110
101
121
131
132
169
175
190
196
202
187
165
139
111
87
67
46
29
31
24
32
30
27
48
44
56
48
61
63
58
63
55
33
-6
-15
-63
-80
-95
-112
-100
-106
-93
-68
-53
-41
-42
-31
-39
-44
-49
-26
-24
-30
-39
-60
-77
-127
-144
-152
-153
-153
-131
-96
-101
-93
-77
-62
-47
-24
-6
26
25
20
13
-33
-49
-76
-94
-95
-93
-79
-81
-63
-50
-48
-55
-53
-61
-65
-43
-45
-29
-36
-44
-68
-110
-124
-147
-125
-130
-119
-92
-84
-52
-53
-36
-52
-60
-57
-57
-76
-65
-45
-33
-17
15
14
24
39
25
43
52
86
95
116
149
148
145
146
135
140
161
169
198
217
226
213
181
152
162
147
183
202
220
238
213
203
168
149
146
135
139
119
82
50
23
7
2
15
45
95
102
88
77
22
-15
-50
-58
-76
-75
-69
-95
-70
-90
-77
-67
-57
-60
-46
-44
-57
-55
-99
-125
-141
-128
-129
-101
-103
-101
-83
-97
-96
-131
-118
-123
-121
-121
-111
-112
-120
-91
-89
-71
-67
-67
-80
-82
-83
-90
-105
-81
-87
-57
-39
-80
-144
-130
-97
-161
-101
-1
-44
-89
-55
-47
-97
-61
28
28
23
123
115
78
73
49
13
-19
9
-3
25
42
42
32
40
65
79
125
190
224
212
218
189
124
122
115
87
72
71
28
25
37
51
91
123
135
126
109
93
75
55
51
63
52
54
36
1
-22
-51
-54
-69
-59
-52
-23
-29
-12
8
13
6
9
0
-19
-41
-83
-96
-123
-129
-139
-136
-140
-140
-123
-98
-86
-64
-42
-16
11
16
2
-13
-22
-25
-45
-63
-66
-54
-49
-35
-30
-22
-28
-21
-4
-34
-16
-15
7
32
47
69
63
53
43
31
5
7
0
4
18
14
16
9
1
-21
-15
22
45
63
77
91
65
85
95
86
78
90
80
72
56
39
28
17
26
32
51
69
83
90
95
97
96
95
109
89
95
107
80
46
1
-20
-69
-71
-67
-59
-36
-12
-38
-28
-36
-66
-34
-36
-11
-22
-15
-37
-75
-113
-136
-150
-147
-160
-158
-144
-146
-137
-135
-113
-122
-72
-55
-29
-2
4
5
-34
-52
-80
-120
-153
-155
-168
-134
-122
-84
-69
-35
-19
-17
6
23
33
48
76
70
43
12
11
-8
-25
-20
-40
-28
-25
-18
14
45
68
84
124
94
89
75
89
83
80
99
84
71
55
49
26
23
11
26
37
48
73
72
81
83
86
83
73
98
75
69
65
50
51
43
38
46
42
53
49
60
73
66
68
68
78
60
76
69
79
68
59
59
50
56
28
20
8
13
14
5
-5
-20
-30
-42
-34
2
-2
36
54
32
7
-20
-56
-125
-118
-137
-148
-133
-135
-137
-128
-107
-65
-57
-36
-13
-18
-2
-17
-35
-52
-73
-100
-105
-120
-123
-106
-115
-112
-101
-98
-95
-78
-52
-28
6
23
27
-2
-32
-88
-140
-168
-171
-182
-139
-106
-68
-34
-33
-33
-5
5
39
99
118
133
129
97
42
-6
-59
-85
-62
-37
-3
47
72
77
89
81
110
118
164
163
191
174
122
109
47
30
-2
14
27
54
70
105
99
109
118
110
111
101
100
76
65
37
16
6
-10
-25
4
2
15
24
25
11
6
5
1
16
-2
5
-4
-22
-23
-42
-44
-68
-66
-43
-40
-18
-13
-9
-17
-26
-35
-36
-62
-76
-76
-80
-71
-47
-23
-39
-12
-25
-20
-8
-19
-49
-63
-80
-118
-103
-104
-87
-67
-39
-5
28
42
37
33
20
17
4
-12
-41
-62
-78
-75
-54
-54
-38
-42
-10
1
17
33
20
32
34
49
49
48
70
59
25
25
-3
-21
-27
-39
-28
2
39
58
53
35
33
22
38
41
57
68
52
59
30
27
25
21
25
42
42
59
57
55
55
37
16
13
26
-8
-19
-18
2
10
30
49
60
53
68
65
65
68
79
87
77
74
74
50
9
-17
-32
-32
-27
-15
-11
8
4
14
-11
-28
-35
-37
-39
-27
-25
-26
-44
-70
-105
-139
-162
-192
-193
-173
-142
-95
-68
-78
-78
-99
-107
-141
-141
-134
-105
-88
-94
-104
-121
-143
-144
-140
-123
-117
-94
-74
-72
-56
-56
-48
-33
-7
8
30
38
35
24
30
48
53
37
52
67
88
100
106
133
129
141
176
194
206
230
238
230
215
200
170
171
147
126
115
102
81
79
88
78
97
100
88
78
76
69
66
67
63
43
55
80
90
88
66
49
20
-11
-26
-54
-53
-61
-52
-43
-58
-51
-60
-73
-84
-73
-64
-50
-24
1
19
24
12
1
-35
-57
-95
-141
-174
-202
-232
-197
-158
-106
-47
-17
26
28
41
49
39
21
9
-15
-40
-70
-121
-150
-189
-204
-220
-213
-224
-203
-164
-140
-92
-51
-17
2
11
-7
-1
-28
-38
-63
-85
-113
-133
-126
-125
-94
-85
-33
3
54
85
115
118
122
88
80
72
22
17
-18
-40
-55
-57
-31
-18
18
63
86
129
144
170
194
196
209
198
170
140
114
97
83
80
80
58
73
69
66
75
66
81
98
133
163
193
188
157
122
90
37
32
32
5
8
-23
-47
-61
-39
-35
-2
6
25
40
47
37
18
5
-9
-3
-21
-19
-29
-34
-61
-92
-115
-127
-125
-110
-108
-95
-74
-64
-57
-58
-31
-39
-16
-9
-3
-23
-51
-90
-139
-167
-184
-164
-142
-115
-96
-63
-54
-31
-10
11
26
43
38
33
22
-14
-26
-81
-87
-114
-100
-108
-81
-42
-18
19
51
77
87
115
112
121
121
107
88
93
70
64
53
33
11
3
3
13
21
16
40
67
70
92
84
73
55
16
-23
-37
-54
-59
-63
-78
-65
-78
-61
-66
-49
-16
-14
20
-2
-17
-50
-66
-91
-104
-88
-87
-78
-75
-87
-80
-67
-70
-62
-32
-9
12
5
20
25
9
31
11
29
18
24
40
41
58
88
107
107
116
126
115
120
112
105
100
113
130
113
136
121
101
89
65
44
22
19
29
21
30
12
-4
-14
-37
-25
-17
-16
23
30
16
-1
-7
-28
-38
-29
-43
-66
-83
-102
-125
-126
-139
-126
-103
-96
-73
-61
-75
-62
-83
-81
-62
-25
-15
-15
-5
-24
-35
-45
-44
-61
-73
-69
-50
-12
-6
21
25
8
28
39
52
64
83
79
64
48
35
22
11
14
19
6
22
32
26
40
34
43
69
81
104
122
119
116
112
103
87
67
55
42
24
11
1
11
14
2
17
12
25
27
33
45
29
17
3
-28
-57
-87
-96
-110
-133
-149
-153
-162
-162
-156
-148
-135
-136
-110
-99
-74
-77
-89
-84
-125
-130
-117
-129
-120
-117
-106
-107
-97
-55
-53
-52
-30
-26
-26
0
29
32
48
68
73
75
89
89
109
102
103
101
115
116
125
141
150
154
163
183
169
187
183
163
133
127
111
104
114
116
117
104
109
88
74
74
63
66
67
54
55
53
20
12
-18
-17
-38
-41
-36
-48
-58
-60
-74
-80
-97
-104
-86
-103
-93
-92
-96
-98
-116
-120
-120
-122
-117
-99
-100
-112
-104
-103
-127
-135
-139
-125
-112
-90
-56
-45
-38
-36
-30
-48
-33
-34
-11
-4
-3
3
-22
-32
-41
-35
-30
-12
-9
14
27
54
67
62
52
49
52
54
84
114
113
117
101
75
60
64
52
48
44
28
25
51
62
50
46
30
19
7
28
60
44
50
30
25
26
35
51
14
21
-7
-23
-27
-26
-18
-22
6
10
3
3
15
9
-15
-31
-62
-104
-102
-96
-93
-61
-59
-40
-28
-13
15
28
32
33
34
42
43
29
19
11
0
-12
-6
-3
-5
1
-17
-5
-18
18
22
40
52
40
45
21
31
15
7
2
2
-25
-8
-30
-41
-39
-45
-34
-26
12
24
30
16
29
14
16
18
10
3
-13
-8
-22
-10
-19
-48
-61
-88
-97
-100
-73
-44
-6
20
21
32
14
20
4
-30
-41
-56
-47
-48
-31
5
4
17
36
48
37
46
58
30
41
44
29
25
-9
-23
-51
-72
-79
-68
-52
-31
-32
-6
10
24
39
58
77
85
101
99
98
66
54
5
7
-38
-26
-21
-18
1
-12
-3
-19
1
29
48
60
49
51
17
-12
-10
-18
-44
-36
-43
-66
-35
-32
-27
-46
-38
-48
-18
18
50
49
39
37
0
10
13
3
-20
-41
-63
-57
-56
-56
-35
-52
-33
-10
-2
35
57
78
85
65
55
47
41
52
54
59
49
16
20
12
28
33
46
35
47
57
58
80
44
26
16
6
1
8
3
-3
-28
-45
-73
-87
-91
-105
-89
-73
-56
-37
-18
-23
-27
-38
-41
-70
-57
-68
-103
-102
-127
-129
-130
-98
-73
-65
-64
-54
-40
-45
-21
1
12
16
22
13
13
6
9
-4
6
6
25
52
72
85
102
102
100
110
88
108
72
61
40
39
52
75
74
76
46
27
13
-4
41
34
52
53
40
44
32
27
21
42
34
42
53
50
16
-10
-33
-73
-69
-56
-48
-43
-30
-24
-39
-32
-44
-59
-74
-68
-68
-68
-62
-54
-49
-35
-18
-19
-35
-44
-54
-51
-34
-19
12
25
26
7
2
-3
-14
-1
16
27
43
45
52
43
35
38
31
41
25
26
14
22
10
3
-5
-24
-10
-26
-12
-12
1
10
6
7
13
27
25
19
26
9
7
-11
-24
-42
-54
-30
-8
20
24
28
10
10
16
25
40
48
63
56
49
36
26
28
30
52
52
61
54
61
61
39
40
30
26
12
0
-21
-42
-55
-62
-58
-66
-71
-80
-86
-82
-72
-71
-60
-56
-48
-52
-87
-108
-137
-148
-161
-175
-160
-166
-151
-151
-131
-120
-112
-109
-102
-91
-60
-30
-2
-1
1
15
0
19
25
14
3
17
29
52
95
125
143
158
187
190
202
196
193
180
172
183
182
161
181
165
185
170
163
155
137
135
91
90
57
40
24
12
-4
-23
-33
-44
-44
-44
-30
-13
-22
-29
-39
-41
-48
-75
-78
-97
-129
-129
-135
-113
-116
-117
-108
-107
-109
-103
-66
-46
-40
-58
-31
-24
2
21
37
35
33
51
60
67
43
32
-16
-11
-19
-9
3
17
7
4
19
4
-2
4
15
0
-10
-17
-34
-70
-92
-89
-76
-65
-69
-43
-54
-58
-85
-95
-100
-107
-114
-109
-96
-116
-96
-102
-84
-73
-50
-51
-24
-18
-1
25
46
33
30
43
26
41
75
70
75
82
81
84
91
98
96
98
104
114
120
127
129
130
121
94
86
101
103
110
93
74
51
36
41
38
47
42
30
30
26
41
38
37
18
-4
-5
-18
-20
-38
-56
-62
-86
-112
-92
-94
-79
-71
-53
-53
-57
-46
-58
-79
-87
-88
-79
-62
-9
12
4
7
-17
-23
-19
-10
-24
-36
-51
-45
-40
-36
-18
-44
-57
-91
-94
-87
-74
-33
-11
18
-2
-7
-16
0
-12
4
29
16
35
36
51
67
78
71
50
53
46
50
69
83
92
76
71
62
65
56
48
40
41
45
38
42
28
34
35
48
68
84
64
69
63
41
45
29
2
-33
-49
-68
-54
-47
-37
-57
-43
-61
-74
-79
-75
-70
-86
-81
-109
-118
-148
-144
-145
-145
-128
-127
-122
-85
-66
-37
-13
-3
4
8
26
26
36
29
22
6
-3
-3
12
13
33
32
37
43
32
32
47
44
73
87
88
90
77
55
36
29
33
66
105
128
114
118
96
83
71
78
82
71
52
34
19
-2
-12
-27
-33
-12
10
24
28
11
-7
-33
-31
-43
-41
-8
-24
-29
-49
-50
-60
-48
-58
-78
-105
-114
-108
-95
-32
-17
-3
-35
-40
-55
-74
-54
-61
-72
-82
-56
-52
-28
-17
-21
-1
-16
1
12
10
17
-19
-28
-29
-26
-32
-34
-22
-13
-7
8
38
63
58
68
46
52
36
22
30
41
32
32
51
39
68
48
60
42
40
26
28
36
34
51
43
67
62
83
94
84
57
38
-2
-22
-18
-29
-28
-48
-23
-34
-24
-8
-14
7
2
29
10
7
-10
-12
-27
-33
-26
-13
3
-6
-11
-23
-33
-41
-12
-19
-12
-23
-33
-57
-68
-66
-65
-47
-40
-16
-30
-6
-17
2
-3
3
3
-19
-32
-50
-41
-51
-30
-37
-51
-41
-58
-33
-19
5
11
4
2
-5
5
2
32
27
41
46
52
58
78
87
97
100
88
99
97
91
100
92
103
97
87
94
81
62
42
34
27
5
-2
-10
-16
-11
-24
-30
-41
-71
-72
-86
-94
-87
-86
-112
-118
-134
-132
-130
-133
-115
-129
-106
-83
-45
-35
-36
-56
-69
-72
-82
-65
-73
-77
-73
-68
-58
-37
-14
-4
1
4
5
23
39
52
84
111
117
131
141
141
137
147
153
140
146
116
113
105
90
86
97
97
94
92
59
50
29
8
-7
-16
-15
-23
-28
-30
-46
-31
-15
-23
-3
-9
-3
0
-20
-26
-26
-50
-47
-51
-65
-51
-60
-65
-68
-57
-60
-61
-60
-44
-46
-28
-11
-14
-11
-13
-19
-14
-10
-16
3
3
3
-2
22
49
77
71
64
59
43
33
45
47
44
17
13
-22
-49
-53
-75
-84
-76
-85
-84
-88
-86
-50
-54
-17
-18
-7
-31
-36
-28
-55
-50
-77
-66
-61
-37
-13
17
36
39
51
72
69
79
87
87
76
67
57
22
6
-8
-20
-29
-16
-4
33
23
27
22
38
39
53
46
50
42
37
30
15
33
3
10
-5
-12
-14
-15
2
-7
-15
-32
-38
-40
-36
-28
-40
-57
-76
-82
-82
-76
-64
-73
-46
-41
-9
19
45
50
59
47
49
37
39
45
26
21
12
18
12
31
32
40
49
60
69
60
72
60
43
14
-15
-32
-19
-30
-15
-18
-8
26
20
63
89
97
70
76
63
58
47
34
16
18
29
8
29
16
-2
-20
-27
-36
-36
-20
-22
-30
-55
-84
-105
-104
-106
-93
-101
-95
-104
-97
-102
-93
-63
-64
-56
-59
-46
-51
-28
-29
-36
-51
-57
-88
-100
-82
-100
-89
-65
-52
-50
-22
-17
0
3
18
3
14
23
8
21
5
17
28
45
65
81
74
81
91
102
104
131
138
115
108
89
92
92
84
79
78
52
49
44
49
49
39
57
64
67
67
72
70
46
32
35
26
38
45
48
38
46
44
55
54
50
42
12
8
-22
-18
-23
-30
-46
-48
-75
-86
-103
-99
-96
-90
-76
-70
-88
-86
-95
-118
-109
-114
-105
-89
-95
-102
-109
-124
-109
-117
-82
-50
-47
-48
-68
-65
-80
-52
-40
-26
-14
-9
-8
-1
6
-8
-9
-9
-11
-6
8
30
31
35
46
20
35
14
36
54
74
90
108
138
132
135
121
115
117
115
116
122
107
91
76
60
44
41
27
18
6
-6
9
6
-5
-14
-33
-46
-43
-39
-25
-34
-28
-26
-17
-15
-24
-9
-15
-15
-5
-11
-5
-36
-25
-46
-69
-56
-60
-59
-70
-72
-71
-76
-66
-38
-12
-10
13
26
23
39
44
42
18
30
18
20
29
23
22
-4
16
12
32
44
42
52
37
41
33
40
25
19
12
1
1
-9
-20
-24
-20
-36
-44
-43
-55
-53
-62
-63
-64
-71
-61
-43
-34
-16
0
8
10
9
13
7
15
19
9
-6
-21
-29
-36
-31
-22
0
16
38
40
44
46
40
43
40
43
27
28
35
27
35
36
31
22
30
48
65
76
80
82
53
41
11
6
-17
-21
-28
-34
-33
-37
-31
-25
-33
-37
-49
-68
-62
-79
-75
-76
-51
-73
-43
-32
-64
-45
-52
-71
-60
-48
-57
-27
-30
-7
-10
-16
-8
-2
13
18
36
45
43
25
26
-6
-9
12
21
39
24
50
41
20
29
42
39
50
61
54
32
11
3
-14
4
13
38
30
32
14
9
13
-1
6
18
17
13
8
6
-14
-32
-24
-43
-28
-24
-12
-1
29
15
24
30
20
34
27
29
4
-9
4
-6
3
9
15
14
-3
13
10
26
30
24
27
9
13
-2
2
1
-12
-19
-11
-15
-8
-9
-5
-4
-19
-10
-15
-16
-24
-14
-34
-28
-36
-52
-53
-60
-59
-48
-39
-27
-5
-8
-3
-15
-14
-11
-28
-13
-22
-31
-31
-21
-24
-17
-16
-17
-17
-22
5
41
72
82
104
99
84
68
64
49
38
22
13
-2
-1
5
-4
19
18
16
39
36
48
20
16
3
-13
-28
-30
-40
-35
-36
-62
-59
-77
-73
-88
-83
-88
-77
-87
-79
-77
-82
-65
-60
-54
-62
-58
-63
-54
-39
-36
-34
-29
-24
-26
-8
-6
31
34
58
72
76
77
59
80
60
90
99
120
113
123
100
116
118
125
134
127
120
121
141
124
138
109
89
51
33
29
13
10
-9
3
-8
-19
-6
-7
-9
-22
-22
-26
-36
-39
-53
-64
-78
-78
-80
-90
-90
-106
-104
-108
-108
-103
-94
-86
-110
-102
-99
-96
-81
-55
-51
-28
-15
-8
-7
-7
-15
-27
-41
-35
-38
-42
-35
-31
-27
-26
-19
-17
-6
21
35
49
46
32
11
5
6
4
7
7
6
-4
2
7
6
4
0
2
4
-5
17
10
37
44
66
71
53
55
44
45
50
52
57
55
44
44
22
17
9
21
44
66
87
79
62
53
35
40
39
51
46
54
44
58
50
42
46
13
1
-6
-22
-10
-10
-22
-22
-35
-46
-60
-67
-81
-80
-74
-93
-79
-75
-70
-76
-85
-78
-80
-73
-51
-26
-15
-4
8
4
3
7
-1
1
2
17
22
26
36
24
55
42
63
77
88
87
86
76
65
65
55
48
34
19
-2
0
-32
-28
-21
-25
-28
-27
-35
-35
-35
-48
-45
-46
-61
-61
-65
-83
-81
-90
-109
-112
-122
-121
-107
-105
-92
-85
-92
-98
-108
-97
-93
-75
-62
-32
-10
-21
-2
-5
5
20
44
56
72
66
72
67
73
64
66
88
96
99
108
121
120
120
108
117
101
118
136
130
131
105
107
87
87
79
79
69
75
52
46
29
16
12
0
-1
-12
-23
-33
-9
-1
6
18
7
-12
-25
-53
-55
-68
-52
-43
-15
3
-9
-25
-45
-57
-78
-66
-63
-61
-47
-49
-36
-32
-27
-28
-38
-38
-43
-35
-22
-20
-23
-18
-18
-37
-40
-37
-40
-30
-31
-35
-62
-57
-56
-58
-59
-50
-48
-61
-45
-41
-44
-30
-39
-34
-39
-37
-18
-25
-7
-23
-20
-19
-8
-13
12
25
27
24
36
47
50
53
46
35
26
27
28
33
48
53
62
64
56
51
36
44
37
43
39
30
33
30
38
41
47
34
43
36
29
24
10
-2
-12
-12
-22
-5
-4
10
-20
-20
-33
-50
-42
-40
-41
-41
-38
-29
-33
-32
-16
-9
15
19
29
18
25
17
13
15
26
21
16
36
28
42
39
54
62
46
64
48
44
37
32
31
25
34
14
43
34
38
51
47
52
32
27
14
5
-12
-18
-30
-45
-56
-58
-80
-88
-90
-96
-100
-88
-86
-79
-69
-72
-53
-66
-70
-67
-70
-77
-60
-78
-67
-60
-45
-34
-19
3
-1
9
-12
-25
-38
-46
-42
-37
-34
-19
1
30
48
55
54
57
52
56
56
64
69
71
59
69
62
59
67
54
67
67
65
57
71
58
59
70
65
62
49
23
18
-19
-9
-3
-7
6
-9
-5
-19
-35
-56
-52
-49
-42
-34
-37
-52
-56
-75
-71
-72
-68
-70
-73
-66
-58
-62
-47
-38
-40
-35
-52
-66
-62
-65
-39
-22
-1
6
2
5
-7
-14
-22
-12
-5
17
24
24
27
29
37
47
60
64
75
84
74
81
60
53
54
39
51
59
60
74
70
52
59
46
41
44
46
57
48
42
31
30
29
36
52
54
38
41
35
38
42
28
23
7
7
-11
-8
-7
-8
-27
-23
-36
-63
-60
-57
-50
-39
-38
-33
-48
-59
-57
-74
-56
-48
-57
-34
-33
-36
-42
-52
-70
-58
-58
-44
-38
-10
-14
7
11
-4
-9
-31
-21
-44
-27
-50
-30
-48
-44
-39
-36
-7
-18
-15
-34
-47
-44
-46
-19
7
19
0
5
-33
-43
-47
-36
-23
-6
15
7
17
0
0
0
18
10
5
-1
-4
-11
-14
-7
-8
1
2
4
4
20
8
36
25
33
32
34
27
16
25
20
25
27
52
52
53
63
74
66
78
73
60
68
61
59
45
37
42
43
45
62
60
61
68
72
75
67
59
62
39
47
37
27
33
28
31
11
14
-1
-15
-14
-4
-12
3
-9
-2
-1
-20
-13
-10
-13
-2
-7
-15
-27
-44
-61
-69
-65
-61
-56
-51
-30
-16
-22
-22
-26
-37
-30
-54
-58
-67
-85
-79
-76
-70
-69
-73
-58
-55
-43
-40
-30
-39
-60
-52
-68
-55
-51
-40
-44
-33
-36
-52
-59
-77
-75
-80
-71
-59
-58
-29
2
-5
0
16
3
4
8
17
15
18
30
31
20
23
24
19
32
40
53
50
46
35
36
48
36
48
59
63
69
63
66
57
70
59
51
51
44
64
69
75
85
75
64
58
50
26
36
59
36
54
88
55
66
61
48
32
11
29
5
12
13
-10
-17
-20
-22
-21
-11
0
-19
-4
-11
-27
-32
-44
-38
-48
-57
-51
-56
-55
-58
-45
-49
-40
-29
-33
-32
-55
-41
-46
-46
-31
-7
-13
-25
-10
-29
-61
-52
-42
-49
-33
-31
-14
-18
-16
-1
8
9
25
19
15
7
-13
-14
-23
-26
-26
-13
-9
2
-8
1
12
-2
20
26
31
47
46
52
31
25
16
13
10
-6
-3
-12
-15
15
39
33
41
59
16
-3
-9
9
-1
-2
38
22
23
27
18
-7
-1
-9
-16
-5
-2
-5
-18
-12
-28
-65
-55
-50
-63
-55
-60
-40
-49
-61
-39
-26
-17
-13
2
9
-1
-5
1
-10
-10
-11
-12
-25
2
-7
1
16
11
17
16
22
15
22
15
18
29
17
27
23
10
5
8
15
29
40
47
56
33
40
35
40
33
41
59
52
71
74
63
66
45
47
39
36
35
33
35
15
18
2
13
3
10
25
15
39
35
21
17
2
-13
-27
-31
-39
-43
-47
-58
-59
-61
-56
-55
-58
-62
-42
-41
-42
-50
-60
-86
-93
-96
-95
-89
-89
-66
-84
-72
-54
-44
-25
-49
-45
-49
-53
-52
-21
7
20
36
54
34
21
10
6
32
53
68
67
53
22
-5
-23
-24
-16
27
48
72
81
76
63
38
8
3
4
-2
39
43
66
70
64
62
45
28
6
3
-2
17
16
23
16
10
-4
-16
-20
-28
-37
-31
-37
-43
-37
-52
-41
-46
-42
-25
-10
-6
-8
7
7
1
-11
-15
-20
-34
-24
-32
-21
-39
-40
-19
1
10
22
31
42
61
45
53
46
45
23
25
23
5
10
9
33
57
63
74
91
97
92
95
91
67
70
48
55
42
36
29
24
8
9
4
13
6
-8
10
-8
-4
-2
-8
-8
-8
-15
-39
-61
-83
-93
-103
-122
-132
-132
-116
-106
-82
-71
-67
-55
-72
-75
-86
-77
-94
-88
-65
-69
-83
-81
-92
-119
-121
-120
-105
-83
-57
-23
-4
6
7
2
-23
-31
-23
-41
-44
-41
-22
-13
5
19
32
49
56
63
76
95
100
104
106
96
89
83
89
100
93
113
111
130
137
144
166
163
163
168
152
136
123
120
121
131
128
130
131
112
87
79
62
47
36
34
18
15
22
22
13
5
-22
-54
-90
-116
-130
-155
-125
-136
-130
-120
-131
-134
-147
-142
-142
-118
-109
-91
-91
-103
-123
-139
-159
-168
-163
-158
-138
-115
-88
-58
-56
-33
-38
-33
-23
-41
-18
-19
-16
-17
-13
-7
-13
-3
16
21
27
55
70
72
68
74
75
58
50
60
69
64
61
55
38
32
48
47
47
55
48
44
63
49
49
61
45
59
47
36
29
16
15
-1
14
18
8
13
2
-1
-6
10
17
26
44
52
49
36
34
7
-7
-10
-14
-17
-11
-14
-9
-5
4
18
36
55
48
47
22
11
6
6
6
4
28
16
12
-1
-13
-13
-25
-8
-8
-1
-3
-34
-40
-63
-72
-76
-72
-75
-90
-76
-95
-95
-95
-87
-62
-75
-63
-54
-49
-56
-25
-26
-31
-22
-28
-32
-40
-39
-47
-46
-41
-41
-23
-12
0
22
35
59
70
78
91
99
104
119
118
134
132
110
98
84
71
52
57
66
80
96
109
124
106
89
68
56
31
35
37
33
25
13
11
-26
-33
-41
-52
-48
-39
-41
-31
-35
-38
-39
-51
-57
-63
-67
-78
-87
-101
-125
-128
-132
-126
-118
-107
-90
-80
-80
-64
-73
-82
-83
-72
-72
-55
-42
-42
-56
-67
-76
-91
-98
-82
-63
-48
-9
-20
-2
-2
-13
-16
-13
-20
-5
-2
24
26
46
45
42
57
58
86
87
113
109
110
115
126
137
132
144
146
134
125
117
85
85
90
85
92
108
126
132
132
139
134
115
103
87
78
65
49
46
47
44
22
23
13
1
-14
-21
-18
-35
-39
-57
-63
-72
-78
-83
-96
-96
-126
-131
-128
-137
-134
-121
-110
-105
-100
-101
-108
-114
-130
-124
-131
-125
-109
-101
-110
-82
-106
-113
-100
-93
-74
-62
-31
-21
-18
-18
-5
-18
3
6
22
29
47
72
90
113
108
125
111
104
99
99
101
100
104
96
85
80
74
58
62
79
78
79
81
70
37
38
22
12
16
12
22
8
-7
-14
-35
-57
-55
-68
-64
-53
-47
-39
-41
-49
-56
-68
-75
-74
-76
-75
-74
-61
-54
-62
-46
-45
-39
-25
-5
16
22
33
26
19
13
18
15
16
28
21
24
26
17
23
26
18
21
7
8
21
26
22
28
26
19
22
25
18
14
24
13
6
17
10
24
22
24
40
38
40
27
15
-8
6
-7
-13
-4
-1
6
10
6
2
12
17
19
34
48
49
57
50
34
18
16
16
12
22
8
8
-13
-18
-24
-38
-14
-22
-10
-10
-10
-17
-23
-31
-47
-49
-55
-43
-47
-38
-33
-22
-15
-35
-33
-41
-37
-31
-31
-28
-38
-42
-59
-86
-88
-96
-89
-82
-70
-49
-48
-41
-38
-36
-37
-33
-30
-20
-16
3
15
10
14
11
1
5
10
20
22
19
24
1
1
-10
-31
-28
-32
-12
7
13
17
23
9
10
32
35
65
67
81
63
57
47
28
39
34
50
61
75
71
58
44
40
48
59
70
79
81
76
52
42
51
46
55
65
83
81
88
73
59
48
46
47
56
66
75
68
68
47
35
4
-1
3
-12
-2
-12
-18
-18
-18
-17
-20
-23
-27
-46
-57
-68
-59
-71
-73
-62
-61
-56
-67
-69
-69
-74
-79
-84
-78
-96
-95
-89
-92
-75
-80
-81
-90
-93
-86
-87
-64
-72
-62
-70
-80
-67
-88
-89
-82
-73
-44
-42
-22
-24
-27
-31
-39
-21
-33
-6
1
6
13
19
7
1
12
11
21
47
44
57
56
54
57
57
64
74
99
94
96
92
83
57
27
28
29
33
41
45
52
45
31
28
11
31
24
49
53
59
55
45
30
3
12
-5
3
8
17
12
8
11
-1
-3
3
0
7
10
16
14
20
9
4
-2
-10
5
18
22
46
64
51
51
51
48
44
45
55
68
58
42
28
-6
-19
-28
-22
6
24
35
44
27
9
-2
-23
-13
-11
-6
12
12
0
-3
-19
-27
-29
-27
-31
-29
-26
-37
-49
-56
-59
-81
-64
-81
-81
-73
-80
-72
-73
-73
-86
-96
-105
-111
-110
-91
-74
-59
-74
-76
-94
-90
-96
-98
-72
-50
-52
-49
-74
-81
-87
-93
-79
-51
-29
-29
-12
-8
-13
-28
-10
-4
15
38
69
69
86
76
67
79
85
86
92
99
92
94
81
70
67
60
65
67
79
83
81
86
84
89
75
79
87
87
98
99
107
94
85
76
72
70
61
65
57
65
59
43
45
32
21
30
22
15
24
19
23
28
24
8
-8
-22
-35
-36
-45
-28
-20
-32
-20
-38
-50
-76
-79
-66
-73
-63
-70
-75
-92
-100
-88
-86
-89
-82
-75
-86
-95
-82
-79
-69
-56
-27
-4
-10
-14
-13
-27
-32
-24
-12
-22
-21
-16
-44
-44
-33
-34
-24
-16
-8
-21
-17
-10
-5
3
20
21
32
32
28
36
27
29
29
31
17
-9
-22
-35
-40
-31
-16
-7
5
2
-2
-1
6
18
21
19
4
-11
-26
-33
-44
-37
-25
-14
-7
-2
-3
4
6
23
45
67
62
54
38
30
22
13
20
17
24
13
18
23
26
50
76
99
99
110
114
97
100
99
105
115
106
102
87
77
66
54
41
31
33
33
35
22
16
22
13
12
22
15
17
5
-19
-28
-34
-28
-19
-21
-28
-59
-65
-69
-83
-76
-75
-61
-74
-79
-86
-96
-106
-114
-108
-121
-133
-136
-148
-150
-140
-135
-108
-113
-92
-88
-90
-74
-62
-45
-35
-23
-40
-43
-54
-58
-53
-58
-30
-26
-20
-13
-20
-7
-14
-7
5
3
-1
18
13
9
31
41
69
77
107
113
116
106
119
118
114
123
117
113
95
86
71
72
57
60
51
39
50
51
64
79
97
102
105
109
83
83
81
73
72
76
80
43
36
21
8
12
9
6
-12
-14
-31
-26
-34
-36
-25
-13
-23
-44
-51
-64
-62
-58
-47
-38
-28
-13
-18
-33
-22
-29
-12
-17
-1
-3
-22
-29
-33
-49
-43
-50
-45
-47
-53
-51
-57
-54
-62
-41
-31
-12
5
4
-6
-13
-17
-20
-16
-33
-43
-37
-47
-49
-36
-29
-26
-35
-32
-42
-56
-56
-61
-44
-33
-35
-56
-55
-57
-53
-22
-11
5
28
26
28
14
9
4
8
7
12
3
-3
5
3
-11
4
9
-3
1
6
13
7
28
22
24
13
11
-4
-3
12
31
56
71
85
84
79
69
76
77
89
81
78
66
37
13
-10
-18
-6
3
21
39
45
48
51
53
38
44
44
52
50
34
27
16
10
13
23
22
3
0
-14
-11
-22
-16
-9
-15
-16
-30
-29
-44
-51
-60
-52
-51
-64
-55
-51
-42
-39
-3
14
17
24
13
16
12
25
26
27
17
-15
-38
-55
-61
-58
-59
-51
-40
-33
-26
-32
-17
-19
-10
1
16
24
29
37
22
22
18
20
2
11
6
10
7
6
9
-4
-13
-11
-18
-31
-24
-34
-46
-43
-47
-50
-53
-60
-67
-46
-31
-8
-6
6
-6
-13
-24
-12
-6
5
25
10
-4
-23
-36
-52
-42
-21
-1
7
13
14
8
21
32
44
56
41
46
35
49
52
67
71
72
65
41
34
33
32
27
39
25
14
0
-17
-27
-42
-41
-43
-47
-41
-35
-39
-29
-38
-31
-13
-2
15
16
14
8
-6
4
1
14
11
-7
-24
-26
-25
-24
-4
18
29
39
44
27
30
24
50
54
65
75
68
64
60
49
52
54
49
51
39
34
32
32
37
31
23
8
-2
-33
-39
-46
-47
-41
-29
-41
-63
-54
-86
-76
-78
-60
-49
-37
-30
-34
-37
-36
-30
-31
-16
-6
-10
-24
-37
-39
-55
-56
-33
-26
-21
-15
-4
-21
-7
8
18
26
45
51
46
48
37
37
34
39
28
26
41
41
54
47
42
33
15
12
6
13
15
14
0
-21
-36
-52
-66
-66
-69
-42
-43
-30
-35
-44
-59
-58
-41
-35
-12
-6
-3
-28
-52
-71
-84
-85
-80
-68
-46
-43
-27
-11
-12
3
16
11
19
32
40
44
60
56
51
56
42
30
45
55
55
73
74
72
57
58
37
28
28
9
18
14
-6
-2
-11
-13
-21
-24
-14
-8
17
6
21
18
9
20
30
45
55
37
24
10
-16
-14
-15
-3
-13
-2
-5
2
11
24
42
60
79
86
85
73
64
64
53
51
59
51
48
44
52
36
44
28
35
20
14
1
-10
-10
-28
-22
-43
-60
-61
-90
-96
-97
-105
-98
-92
-79
-75
-98
-88
-84
-78
-60
-56
-45
-62
-75
-77
-82
-78
-75
-68
-74
-66
-63
-42
-24
-14
-4
-3
-2
-14
-19
-21
3
4
7
10
-5
-10
-15
-7
7
14
20
28
20
12
9
7
-3
-16
-7
2
5
-2
-10
-21
-26
-15
-3
18
18
42
22
25
-4
6
12
9
29
29
40
32
49
49
58
59
61
56
56
47
56
57
57
62
61
70
64
77
77
88
100
98
111
101
99
110
115
102
90
82
70
57
28
36
33
35
40
42
26
14
6
-15
-25
-32
-40
-40
-26
-47
-45
-65
-68
-71
-68
-74
-60
-66
-92
-101
-117
-114
-111
-100
-83
-81
-68
-73
-71
-72
-67
-58
-64
-65
-73
-74
-69
-71
-41
-40
-33
-18
-11
-4
9
22
27
4
10
-1
-21
-24
-35
-41
-34
-32
-31
-46
-63
-79
-88
-79
-55
-33
-23
-10
-25
-36
-59
-53
-53
-36
-8
13
24
21
18
-1
2
0
19
41
47
63
62
82
82
98
107
104
100
106
104
95
111
111
116
118
112
105
116
122
121
125
128
111
94
81
62
43
31
35
31
34
29
24
4
-1
-7
1
5
10
19
13
-3
-21
-39
-36
-37
-26
-25
-31
-41
-42
-52
-46
-43
-40
-38
-47
-45
-53
-44
-38
-21
-25
-11
-33
-34
-35
-32
-27
-16
-6
-26
-25
-47
-42
-37
-25
-19
-16
-7
-20
-27
-44
-55
-55
-47
-59
-54
-67
-69
-87
-99
-105
-108
-95
-88
-72
-72
-65
-80
-95
-98
-94
-91
-85
-69
-56
-38
-30
-28
-17
-22
-29
-15
-11
-4
32
45
50
57
59
43
28
55
49
81
92
111
102
92
102
98
112
109
125
135
121
111
106
94
105
100
107
89
78
73
58
50
44
39
28
32
5
17
-1
5
-7
-6
-8
-13
0
-23
-31
-35
-31
-46
-35
-28
-22
-24
-10
-11
5
13
24
38
32
31
11
15
13
20
17
14
11
-7
1
-13
-4
10
14
26
27
24
5
3
4
6
-1
-15
-32
-60
-85
-100
-112
-107
-107
-94
-76
-74
-68
-63
-54
-49
-53
-42
-40
-58
-58
-65
-56
-47
-47
-44
-49
-50
-49
-40
-19
4
25
38
37
28
24
25
35
52
65
57
44
43
26
23
25
37
36
53
60
56
38
16
21
1
18
18
-1
-2
-35
-28
-34
-36
-31
-38
-44
-56
-45
-55
-42
-42
-38
-33
-60
-41
-72
-68
-65
-56
-38
-33
-21
-28
-28
-18
-16
4
7
22
32
35
39
22
46
42
60
70
92
98
99
97
76
63
77
89
84
87
96
89
78
81
71
85
76
92
67
45
29
11
17
8
18
8
1
-14
-20
-17
-27
-18
-25
-28
-26
-34
-26
-34
-26
-22
-8
-6
-19
-32
-36
-46
-32
-10
-1
7
12
18
-1
9
3
-10
-3
4
3
9
-5
-20
-35
-40
-47
-35
-30
-32
-23
-27
-24
-29
-24
-16
-15
-18
-26
-40
-68
-71
-87
-91
-85
-84
-87
-81
-85
-78
-70
-66
-50
-59
-44
-62
-70
-70
-64
-56
-31
-12
-9
-9
-4
0
1
20
38
54
62
73
78
77
76
72
78
67
84
79
73
76
86
90
100
118
111
108
94
88
68
70
59
53
39
36
17
9
-7
-18
-18
-16
-8
-2
-14
-20
-31
-46
-35
-26
-27
-35
-50
-59
-70
-78
-75
-71
-62
-57
-44
-49
-39
-42
-25
-21
-13
10
8
19
5
1
-6
7
21
34
54
64
51
27
37
45
65
74
91
81
58
43
21
19
27
47
49
33
11
-19
-39
-27
-4
32
41
23
-13
-53
-76
-69
-51
-31
3
-3
-8
-33
-56
-67
-55
-33
-25
-1
-20
-47
-70
-71
-57
-42
-10
-10
-9
-16
-33
-20
-19
1
28
16
18
13
-13
-25
-20
-9
-10
-1
-2
-9
-36
-42
-17
-4
15
33
28
24
4
-9
-12
-5
-2
-3
-2
-21
-37
-38
-30
-20
-9
-3
4
-16
-17
-14
-15
2
14
15
11
9
1
6
6
13
12
2
-5
-5
-19
-16
7
13
25
13
22
-2
-12
-8
1
13
20
7
6
-2
-13
2
16
38
53
69
58
54
43
31
40
53
72
71
70
54
41
33
41
47
64
68
55
44
31
23
20
44
51
57
58
53
36
19
12
7
19
14
13
3
-11
-21
-18
-19
-14
-19
-12
-25
-34
-30
-42
-32
-38
-31
-34
-35
-53
-54
-56
-54
-53
-58
-58
-48
-50
-49
-43
-41
-31
-30
-34
-34
-58
-68
-53
-53
-47
-48
-49
-54
-58
-60
-39
-50
-28
-13
-28
-14
-13
-17
-28
-22
-13
-8
15
14
19
7
7
-2
0
-16
-11
-6
-2
7
-1
3
-1
9
-4
6
11
17
22
15
2
-7
-19
-22
-23
-15
-10
-3
5
2
12
11
5
5
-1
7
25
18
32
38
23
36
46
64
66
65
87
68
72
68
60
65
72
91
100
101
91
71
61
66
64
68
60
63
55
44
46
36
26
14
12
22
13
9
9
4
3
0
-11
-30
-32
-55
-59
-56
-49
-43
-38
-28
-38
-52
-68
-79
-83
-78
-81
-60
-67
-56
-46
-35
-31
-18
-13
-25
-16
-25
-24
-16
-7
-6
12
15
-4
-19
-25
-29
-32
-28
-10
-7
-1
-8
-12
-15
-30
-19
-25
-25
-8
-5
-10
-11
-15
-32
-37
-31
-34
-45
-38
-47
-42
-42
-38
-28
-32
-31
-27
-41
-52
-50
-53
-41
-41
-20
-2
2
11
11
24
27
37
38
43
32
38
52
48
54
63
69
68
68
80
78
71
78
63
59
59
70
77
91
85
89
71
66
78
71
69
64
45
25
17
1
6
-1
-8
-11
-10
-15
-27
-35
-31
-23
-20
-6
-1
-13
-26
-53
-53
-67
-61
-67
-54
-35
-27
-23
-15
-7
-20
-17
-5
5
3
11
9
-5
-14
-16
-18
-7
1
7
11
19
5
8
21
14
10
10
10
16
25
26
28
23
21
11
1
-7
-14
-10
-22
-18
-29
-39
-52
-58
-65
-49
-38
-36
-33
-30
-37
-53
-57
-62
-59
-49
-29
-34
-26
-34
-43
-39
-32
-34
-21
-15
-13
-6
-9
3
-4
7
2
9
4
-6
0
5
14
16
17
17
-5
-1
0
1
8
13
15
19
14
16
18
6
1
-14
-22
-24
-18
-27
-20
-26
-30
-15
-14
-11
-2
3
0
12
26
19
24
24
21
23
36
41
50
60
62
60
69
75
74
81
85
86
95
95
88
84
85
88
75
81
84
71
69
69
79
73
83
85
65
53
39
46
44
51
57
38
18
-2
-10
-28
-29
-26
-37
-48
-50
-58
-72
-77
-79
-79
-72
-66
-60
-79
-81
-99
-106
-104
-105
-105
-109
-91
-99
-95
-95
-107
-100
-97
-89
-90
-88
-90
-88
-80
-85
-67
-78
-67
-76
-67
-71
-58
-42
-37
-23
-18
0
-16
-5
-13
-13
7
9
17
24
11
19
1
6
0
14
27
35
40
37
37
32
51
47
67
78
71
78
78
79
76
88
77
78
84
90
106
91
92
87
81
72
82
82
72
75
72
66
73
60
75
77
78
70
47
38
14
21
18
24
19
37
35
18
19
1
-16
-10
-6
-15
-18
-29
-36
-54
-53
-62
-72
-76
-81
-83
-81
-83
-89
-65
-56
-51
-33
-32
-35
-50
-47
-50
-42
-30
-47
-41
-45
-43
-52
-39
-37
-39
-26
-25
-18
-26
-24
