0
0
-1
0
0
0
0
-1
0
0
0
0
0
0
0
0
0
0
0
0
0
0
-1
0
0
0
0
0
0
0
0
0
1
0
-1
0
0
0
0
0
0
0
0
0
0
0
0
0
0
0
0
0
0
0
-1
0
0
0
0
0
0
0
0
0
0
0
0
0
1
0
0
0
0
0
0
0
1
0
0
0
1
1
0
0
0
-1
1
1
0
0
0
0
0
0
0
1
0
0
0
1
0
0
0
0
0
-1
0
0
0
0
0
0
0
0
0
0
-1
-1
-1
0
0
0
0
-1
0
0
0
0
0
0
0
0
0
1
0
1
0
0
0
0
0
0
1
-1
0
1
-1
0
0
0
0
0
0
0
-1
0
0
0
-1
0
-1
0
0
0
0
0
-1
0
0
0
0
0
0
-1
0
0
0
0
0
0
0
0
-1
-1
0
0
0
0
0
1
0
0
0
0
0
-1
0
0
0
0
0
0
0
0
0
1
0
1
0
0
1
-1
1
0
0
0
-1
-1
0
0
0
-1
0
-1
0
0
0
-1
0
0
0
0
1
0
0
0
0
0
0
1
0
1
0
0
0
0
0
0
1
0
0
0
1
1
0
0
0
0
0
0
0
0
-1
1
0
0
0
0
0
0
0
1
0
0
-1
0
0
0
-1
-1
0
0
1
0
-1
0
0
0
0
0
0
-1
-1
0
0
-1
1
0
1
0
0
0
0
0
0
1
0
0
0
-1
0
0
0
0
0
1
-1
0
0
0
0
0
0
0
0
0
1
0
0
0
0
0
0
-1
0
0
-1
0
0
-1
0
0
0
0
0
0
0
0
1
0
0
-1
1
0
0
-1
-1
0
0
0
1
-1
0
0
0
-1
1
0
0
0
1
-1
0
0
0
0
0
0
0
0
0
0
0
-1
0
0
0
0
0
0
0
0
0
0
1
-1
0
0
-1
1
0
0
0
0
0
0
0
0
0
0
0
0
0
0
-1
0
0
0
0
0
0
0
-1
0
0
0
-1
0
0
-1
-1
0
0
0
0
0
1
1
-1
0
-1
0
0
0
0
0
0
0
0
1
0
0
0
0
-1
1
0
0
1
0
0
0
0
0
1
1
0
0
0
0
0
-1
0
-1
1
0
1
0
0
1
0
0
1
0
0
0
1
-1
-1
1
0
0
0
-1
0
0
1
0
0
0
0
0
0
-1
0
0
0
-1
0
0
1
1
-1
0
0
0
0
0
0
0
0
0
-1
1
0
0
1
0
0
0
0
1
-1
0
0
0
0
-1
1
0
0
-1
0
0
0
0
0
-1
0
-1
1
0
0
1
0
0
0
0
0
0
0
0
-1
0
0
0
1
0
1
0
0
0
0
-1
0
0
1
1
0
0
0
-1
-1
0
0
0
-1
0
0
1
0
1
0
0
1
0
0
1
0
0
0
0
0
0
0
0
0
0
0
-1
1
0
0
0
0
0
0
0
0
0
0
-1
0
-1
0
0
0
0
0
-1
0
0
0
1
0
0
0
0
0
0
0
0
0
-1
1
1
-1
0
0
0
0
0
0
0
0
0
0
0
0
0
-1
0
0
0
0
0
0
0
0
-1
0
0
0
0
-1
0
-1
0
0
0
0
0
-1
0
0
-1
0
0
0
1
0
0
0
0
0
0
1
0
0
0
0
0
1
0
0
0
1
1
0
0
0
0
0
0
0
0
1
1
1
0
0
-1
0
0
0
-1
-1
0
0
0
0
0
0
0
0
0
0
0
0
0
0
0
0
0
0
0
0
0
1
1
1
0
-1
0
0
0
0
0
0
1
-1
-1
0
0
0
0
0
1
0
-1
0
0
0
0
0
0
0
0
-1
0
0
0
0
1
0
0
0
0
0
-1
1
1
0
0
0
0
1
0
0
0
0
0
0
0
0
0
0
0
0
1
0
0
0
0
0
0
1
0
0
0
0
0
0
0
0
0
0
1
0
-1
0
0
0
0
-1
0
0
0
0
0
0
-1
0
0
-1
0
0
0
-1
1
0
0
0
0
0
0
0
0
0
0
0
0
0
-1
0
-1
0
0
0
0
0
0
0
0
0
1
0
0
0
0
0
0
0
0
0
0
0
1
0
0
0
0
0
0
0
0
0
-1
0
0
1
0
0
0
0
0
0
0
1
0
0
0
0
0
0
-1
0
1
0
0
0
0
0
0
0
0
-1
0
0
0
0
0
0
0
0
1
0
-1
0
1
0
0
-1
0
0
0
0
-1
0
0
0
0
1
0
0
0
0
0
0
0
0
-1
0
0
0
0
0
0
0
0
0
1
0
0
0
0
0
1
0
0
1
0
1
-1
0
0
0
0
0
0
0
0
-1
0
-1
-1
0
0
0
0
0
0
0
0
0
0
-1
0
-1
0
0
0
0
0
0
-1
0
0
0
0
0
0
0
0
0
0
0
0
0
0
0
0
0
1
1
0
-1
0
0
0
0
0
0
0
0
0
0
0
0
0
0
0
0
1
0
0
0
0
0
1
0
0
0
0
0
0
0
-1
-1
0
0
0
0
0
-1
-1
0
0
0
-1
1
0
0
-1
0
0
0
0
0
0
0
0
0
0
0
0
0
0
0
0
1
0
0
-1
0
0
0
0
0
0
1
0
0
-1
-1
0
0
0
0
-1
0
0
0
0
0
1
0
0
1
0
1
0
0
0
0
0
0
-1
0
0
0
0
0
0
1
0
0
0
0
0
0
-1
-1
0
-1
0
0
0
0
0
0
0
0
0
0
0
0
0
0
-1
0
0
0
0
1
0
0
0
0
0
0
0
0
0
0
-1
1
-1
0
0
0
0
0
0
0
0
1
0
1
0
0
0
1
-1
0
0
0
0
0
0
0
0
0
0
-1
0
0
0
0
1
1
0
1
0
0
0
0
0
0
0
0
0
0
-1
-1
-1
-1
0
0
0
0
0
-1
0
0
0
0
0
-1
0
-1
0
1
0
0
1
0
0
-1
0
-1
0
0
0
-1
0
1
-1
0
0
0
0
-1
0
1
0
-1
1
1
0
1
-1
0
0
1
0
0
-1
1
0
0
1
0
0
0
0
1
0
0
0
0
1
0
-1
0
-1
0
1
0
1
-1
0
1
0
0
0
0
0
-1
0
0
0
0
0
0
0
0
0
0
-1
0
1
0
1
0
-1
0
0
1
0
0
0
0
0
0
-1
0
-1
0
0
0
0
0
0
0
1
0
1
0
0
0
0
0
-1
0
0
0
0
0
-1
0
0
0
0
0
0
1
0
0
0
0
1
0
0
0
0
0
0
0
0
0
-1
0
1
0
0
0
0
0
0
0
0
0
0
0
0
0
0
0
-1
1
0
0
0
-1
0
0
0
1
0
0
0
-1
0
0
0
0
1
1
0
1
0
0
-1
0
-1
0
0
0
0
0
0
0
0
0
0
0
0
0
1
0
0
0
0
0
0
0
0
0
0
0
0
0
0
0
0
0
0
1
0
0
0
1
0
0
0
0
0
0
0
0
1
1
0
0
1
0
0
0
0
0
1
0
0
-1
1
0
-1
-1
0
0
0
0
0
1
0
1
0
0
0
1
0
-1
0
-1
0
0
-1
0
0
0
-1
0
0
0
0
0
0
0
0
1
-1
0
0
0
0
-1
0
0
0
0
0
1
0
0
0
0
0
0
0
0
1
1
0
0
0
0
0
0
0
0
0
1
0
-1
0
0
0
0
0
0
0
0
0
0
1
0
1
1
1
0
0
0
0
0
0
0
0
0
0
0
0
-1
0
0
0
-1
0
-1
0
0
0
0
0
0
0
-1
1
-1
-1
-1
-2
-1
0
1
1
1
0
1
1
0
0
0
0
1
1
1
0
1
1
1
1
0
1
1
0
1
0
0
0
0
0
0
-1
0
-1
0
-1
0
-1
-1
-1
-1
0
-1
-1
-1
0
-1
-1
-1
-1
-1
-1
-1
-1
-1
-1
0
-1
-1
0
0
-1
0
-1
-1
-1
-1
0
0
1
1
0
0
1
-1
1
1
1
0
0
1
1
1
0
1
1
1
1
0
1
1
1
1
1
1
1
1
1
1
1
1
1
1
1
0
0
0
1
0
0
1
1
1
1
0
0
0
1
0
0
-1
0
-1
-1
-1
-1
-1
-1
0
0
-1
-1
0
-1
0
0
0
-1
-1
-1
0
0
-1
0
-1
-1
0
0
0
0
0
-1
0
0
0
0
0
0
-1
0
0
-1
-1
0
0
-1
-1
0
0
0
-1
0
-1
-1
-1
0
0
0
0
-1
-1
-1
-1
0
0
0
0
0
0
0
0
1
0
0
0
1
0
1
0
0
0
0
0
1
0
1
0
0
0
1
1
1
1
1
2
1
0
1
0
1
1
0
1
1
1
1
1
1
1
1
2
1
2
1
1
2
1
1
1
1
1
1
1
1
1
1
1
0
0
0
0
1
0
0
0
0
0
1
0
-1
-1
-2
-1
-1
-1
-2
-1
-2
-2
-2
-3
-2
-2
-3
-3
-2
-2
-1
-2
-2
-2
-2
-3
-3
-2
-1
-2
-4
-3
-3
-3
-2
-2
-1
0
1
2
1
0
0
0
0
-1
-1
0
0
1
2
3
3
5
5
5
6
4
4
4
1
3
2
0
2
2
1
1
1
2
-1
0
1
1
2
2
4
5
5
5
5
3
1
-1
-3
-4
-6
-8
-9
-10
-11
-8
-6
-6
-2
1
3
0
5
6
4
0
1
-2
-7
-5
-8
-7
-8
-7
-10
-9
-9
-3
-2
0
3
5
5
6
3
0
2
3
0
-2
-4
-2
-4
-11
-11
-8
-6
1
1
5
2
5
2
-3
-4
-3
-1
0
6
1
2
-2
-6
-10
-6
0
-2
6
12
11
13
13
11
20
14
15
7
7
-4
-5
-10
-9
-12
-13
-3
-15
-1
-5
4
7
8
21
11
11
13
17
11
9
29
18
15
14
7
3
8
9
5
7
-15
1
-32
-6
0
-1
9
25
50
57
88
101
98
106
68
24
-2
-37
-70
-65
-60
-55
-40
-25
-24
-36
-35
-36
-49
-39
-33
-46
-46
-46
-45
-39
-55
-40
-53
-52
-53
-61
-66
-67
-59
-55
-43
-45
-37
-19
-5
3
31
46
28
29
14
7
8
12
39
41
56
83
72
82
86
94
95
112
122
111
95
69
45
39
17
21
24
21
44
38
34
24
20
11
26
16
32
15
13
-3
-25
-50
-47
-90
-115
-108
-118
-95
-113
-89
-93
-97
-91
-110
-100
-105
-93
-91
-64
-51
-65
-45
-69
-71
-79
-73
-67
-82
-70
-55
-69
-56
-39
-38
0
29
49
52
58
68
52
70
53
50
40
32
42
52
59
73
114
111
121
115
106
103
91
93
99
116
109
112
95
90
67
67
63
32
42
40
60
64
70
57
49
51
47
49
47
61
47
36
35
8
-2
-27
-32
-49
-48
-47
-65
-64
-79
-71
-73
-45
-36
-25
-12
-14
-32
-49
-48
-54
-78
-95
-80
-89
-97
-92
-80
-94
-96
-92
-83
-81
-68
-34
-10
5
-14
-1
-30
-56
-56
-63
-66
-70
-52
-56
-57
-40
-23
-3
3
11
20
3
10
29
20
41
43
56
29
25
12
1
19
3
45
45
48
74
64
75
89
95
89
79
71
42
24
22
4
-3
11
23
24
38
48
43
23
40
46
43
44
29
24
19
-1
16
4
-16
-21
-59
-80
-96
-75
-69
-63
-30
-30
-26
-29
-27
-38
-47
-45
-24
-49
-26
-25
-48
-37
-78
-91
-92
-97
-96
-71
-61
-51
-24
-26
-6
-6
6
14
21
43
46
47
46
20
4
8
9
12
25
32
33
56
67
57
75
58
76
89
85
91
105
119
114
109
90
64
25
22
15
12
17
36
44
39
61
74
76
74
61
64
58
46
35
26
4
-12
-25
-32
-44
-49
-52
-62
-33
-19
-13
-2
-10
1
-22
-21
-46
-57
-66
-89
-87
-101
-109
-107
-96
-104
-84
-69
-67
-62
-42
-33
-28
-20
-16
-16
-22
-28
-42
-55
-88
-86
-100
-100
-92
-59
-51
-26
1
15
40
36
42
31
27
30
8
-8
-16
-25
-20
-34
-39
-25
-7
2
20
38
61
65
62
50
45
38
28
21
15
28
27
45
63
47
59
50
51
33
14
25
25
40
35
53
42
40
25
29
-4
0
-23
-31
-21
-45
-46
-68
-43
-37
-15
7
29
62
61
71
66
43
20
13
10
1
10
6
9
-20
6
-7
-15
-20
5
5
-1
33
32
41
45
61
52
45
51
40
18
13
-1
-37
-49
-60
-65
-82
-77
-63
-63
-50
-32
-28
-21
-2
0
6
9
-8
3
-29
-10
-30
-26
-13
-28
-40
-31
5
16
60
78
88
78
83
71
58
46
31
43
11
6
-10
-31
-19
-24
-5
14
37
87
58
79
63
41
24
-4
-10
-26
-22
-27
-37
-51
-62
-64
-95
-103
-102
-94
-75
-73
-61
-33
-51
-54
-61
-79
-76
-99
-95
-101
-91
-105
-94
-81
-93
-74
-53
-36
-25
-7
9
34
32
24
33
40
27
25
46
24
46
45
33
43
30
40
50
53
91
78
129
127
150
120
128
107
80
57
32
26
26
49
44
68
47
33
12
19
3
13
24
35
42
29
31
6
20
-2
15
12
-3
-16
-43
-74
-99
-91
-95
-82
-60
-57
-54
-34
-22
-13
-8
-10
-24
-31
-31
-53
-58
-64
-60
-66
-52
-53
-45
-31
-32
-19
-6
24
14
17
22
28
43
42
50
46
41
38
47
34
29
30
15
10
-5
5
-6
20
16
38
64
67
52
34
38
18
8
16
18
13
37
1
12
-14
-8
-27
-29
-24
-35
-6
-15
-6
-14
-10
-16
-1
-13
-1
-9
-18
-19
-36
-44
-45
-39
-39
-15
-15
13
2
27
15
21
28
30
33
20
11
7
3
-14
-32
-46
-32
-45
-43
-32
-22
4
13
38
51
48
55
50
35
21
18
-15
-44
-72
-87
-77
-119
-82
-100
-57
-35
4
10
18
31
17
24
-4
-14
-23
-29
-47
-45
-68
-64
-93
-111
-124
-106
-89
-60
-17
12
44
28
59
40
26
20
33
41
26
39
5
13
4
6
3
33
48
71
72
84
97
81
84
86
88
70
74
66
56
51
33
23
25
42
37
56
80
67
57
58
62
53
65
62
65
54
36
51
16
16
-21
-4
-21
-37
-42
-40
-38
-15
6
28
39
47
53
51
61
29
26
-10
-28
-46
-64
-70
-73
-85
-65
-65
-62
-55
-39
-51
-45
-41
-46
-20
-42
-40
-40
-47
-60
-71
-77
-103
-92
-91
-96
-104
-102
-99
-99
-76
-73
-63
-39
-32
-30
-32
-24
-20
-25
0
-10
13
10
0
18
11
26
20
44
60
67
64
62
69
61
66
66
55
60
68
38
51
30
19
20
54
45
31
31
41
45
23
56
41
64
33
47
28
6
-6
-34
-43
-82
-83
-82
-77
-75
-53
-32
-29
-12
-46
-32
-37
-37
-44
-32
-17
-2
-3
4
-18
-27
-50
-50
-68
-71
-53
-73
-49
-52
-24
-14
-2
30
41
67
95
101
101
102
105
87
91
93
87
75
94
91
95
84
94
90
79
82
66
61
54
68
61
59
57
56
51
41
23
33
50
43
56
62
32
7
-17
-41
-55
-69
-62
-53
-56
-48
-54
-67
-80
-98
-89
-77
-75
-56
-28
-39
-39
-41
-55
-65
-96
-83
-87
-79
-81
-76
-83
-80
-68
-81
-58
-56
-34
-37
-35
-43
-47
-23
-52
-31
-33
-28
-16
-33
-9
-28
-28
-38
-27
-11
-26
2
19
18
17
37
27
29
31
42
57
61
69
63
58
31
25
47
27
-2
21
2
17
43
53
61
68
70
65
38
37
34
29
25
5
-1
-32
-16
-32
-18
-23
-19
13
15
16
38
61
65
52
52
41
20
15
-6
4
-21
-8
-15
-21
-8
-12
-7
14
31
53
59
60
42
23
-8
-24
-56
-77
-75
-61
-29
-30
-26
-31
-22
-22
-13
-24
-15
-35
-36
-52
-48
-46
-30
-26
-34
-2
-12
-18
-7
-17
-4
-9
6
-1
-1
-6
-7
6
12
15
31
39
35
39
14
22
18
4
14
32
31
42
46
85
72
73
95
86
76
58
21
15
-12
-11
-8
11
21
14
41
23
18
-10
16
11
19
25
33
29
11
-4
-26
-36
-53
-33
-47
-28
-47
-38
-41
-40
-56
-59
-59
-90
-72
-67
-43
-51
-43
-51
-75
-62
-71
-69
-59
-54
-41
-34
-25
-37
-52
-58
-64
-59
-40
-27
-23
-6
-3
4
24
13
44
44
69
56
50
49
17
22
-12
0
-14
-11
5
-7
1
14
27
25
35
30
11
31
37
30
32
41
43
39
18
20
36
37
43
47
36
37
47
32
35
30
36
38
24
5
2
2
-3
12
34
48
38
61
52
46
44
32
59
29
40
10
1
-18
-37
-34
-73
-50
-62
-47
-46
-17
4
-7
8
3
3
-19
-9
-19
-41
-50
-58
-62
-80
-71
-73
-80
-71
-61
-64
-57
-23
7
28
33
43
28
27
39
33
23
35
20
-6
13
-16
-22
-22
-16
17
6
25
20
34
5
14
24
14
22
12
26
25
16
15
10
5
12
2
28
29
41
41
53
48
39
36
19
5
-13
3
-15
-19
-16
-24
-17
-24
-15
-11
7
13
4
14
6
-6
-16
-29
-31
-37
-37
-41
-41
-49
-53
-64
-81
-88
-99
-96
-85
-61
-59
-29
-30
-34
-30
-38
-40
-47
-5
-17
-3
-12
-13
-16
-42
-15
-21
-12
1
19
33
27
15
24
11
20
17
29
36
41
58
64
74
71
58
39
57
53
79
56
75
60
53
86
67
87
64
62
66
57
75
83
86
88
74
93
69
43
39
18
17
14
21
5
14
8
-13
-7
-15
-28
-25
-30
-45
-40
-44
-37
-57
-72
-62
-82
-104
-100
-111
-104
-109
-76
-75
-88
-60
-71
-64
-74
-38
-41
-19
-16
-26
-39
-49
-63
-64
-65
-44
-45
-1
-2
16
21
27
51
49
81
66
85
61
64
45
39
32
26
29
36
23
10
22
-10
-5
-12
-3
10
16
14
20
19
17
-12
-8
-13
-14
-16
8
11
-14
-6
-26
-28
-33
-14
-13
-14
-4
4
-4
-3
-25
-28
-36
-28
-24
-42
-14
-13
-12
10
11
14
1
-3
-10
-23
-11
-23
-18
-14
-21
-14
16
15
27
32
52
45
40
60
48
64
34
33
32
27
24
44
50
37
38
43
15
20
18
5
29
30
38
45
45
53
35
25
18
23
7
16
10
-2
17
5
9
4
0
-23
-24
-54
-50
-55
-44
-50
-52
-53
-53
-69
-41
-48
-22
-12
-19
-8
-17
-26
-32
-52
-66
-55
-48
-46
-37
-14
-11
0
-22
-24
-30
-19
-11
17
57
31
78
78
56
45
26
32
16
3
6
4
6
-4
31
27
39
41
21
23
22
7
-19
-19
-51
-28
-58
-30
-21
-37
-5
-41
-27
-37
-42
-48
-39
-36
-25
-2
2
-6
0
-11
-18
-28
-45
-39
-29
-25
-16
-4
6
6
15
36
9
23
30
23
37
48
64
54
48
43
20
20
11
28
57
75
64
59
53
27
33
7
26
43
72
82
96
64
41
10
-26
-9
-18
0
12
14
4
-41
-54
-71
-67
-61
-69
-49
-59
-57
-61
-64
-48
-53
-46
-49
-41
-57
-38
-49
-62
-47
-52
-40
-19
-13
0
4
-19
-6
0
2
18
43
51
43
42
38
23
33
34
39
41
34
33
39
39
30
45
43
30
29
31
20
8
-10
-4
-27
2
12
7
13
13
17
-13
2
-4
3
24
36
29
31
12
-1
-13
-10
-4
-19
-8
7
6
21
6
7
7
28
27
28
27
-10
1
-21
-22
-45
-36
-34
-31
-24
-27
-19
-49
-39
-42
-37
-31
-23
-18
-43
-36
-53
-75
-79
-67
-51
-63
-49
-48
-54
-69
-50
-67
-62
-37
-14
4
-2
-5
-33
-29
-55
-44
-28
-54
-18
-5
3
16
42
49
68
90
105
124
100
95
79
45
61
58
63
75
75
72
73
62
63
55
58
77
64
66
55
67
68
56
66
65
41
50
44
29
2
-3
-6
-17
-37
-46
-26
-34
-43
-30
-9
-26
-17
-20
-6
-29
-21
-30
-21
-25
-36
-27
-42
-32
-46
-37
-34
-24
-42
-18
-21
-24
-24
-11
-3
-3
-13
-17
-7
-31
-40
-51
-57
-51
-42
-30
-24
-15
-26
-24
-33
-48
-30
-46
-20
-23
-13
-10
-5
2
-9
-13
-12
-29
-54
-47
-37
-9
1
41
34
62
52
53
53
38
50
37
60
49
33
44
12
-10
-23
-20
-12
-12
38
41
39
42
25
-11
-39
-22
-32
-15
-2
6
-10
-16
-25
-43
-48
-42
-36
-31
-36
-51
-31
-42
-44
-26
-32
-11
-9
-6
-4
-7
-15
-24
-9
-19
-3
-8
1
9
33
31
59
70
77
97
63
86
68
57
43
46
47
35
35
34
30
28
34
61
61
64
80
94
82
78
72
58
61
29
31
10
-2
-26
-19
-36
-37
-35
-33
-34
-37
-30
-65
-52
-52
-52
-43
-15
-22
-6
-28
-33
-29
-47
-59
-62
-47
-57
-35
-14
-12
-13
2
2
14
13
25
20
8
1
-1
-8
-20
-9
3
2
-2
-9
-13
-23
-39
-28
-48
-30
-24
-33
-40
-38
-42
-35
-25
-19
2
4
5
-8
-1
-28
-37
-58
-52
-32
-29
-6
1
-7
-30
-11
-23
-11
-22
5
11
12
24
6
-11
-1
-5
-1
17
-3
3
-4
8
3
5
14
4
12
31
37
48
52
65
57
45
47
34
18
27
27
25
18
13
17
-4
-3
-12
2
17
22
47
48
51
40
36
6
4
13
-5
5
3
3
-18
1
-15
-10
4
29
39
31
37
51
36
22
23
-1
4
3
11
10
-22
-18
-31
-54
-65
-50
-24
-15
11
8
2
-7
-27
-32
-33
-24
-11
-10
-16
-16
-28
-27
-36
-24
-10
4
29
42
27
34
6
6
-18
-26
-13
-2
0
2
23
13
23
29
34
49
46
39
36
31
33
17
21
-6
-1
-8
-14
-2
-17
-3
11
3
11
7
10
-4
-15
-17
-18
-19
-17
-7
-4
-6
-16
1
-30
-50
-59
-69
-79
-77
-58
-48
-46
-35
-34
-31
-21
-19
-15
-21
-11
-42
-34
-30
-52
-42
-48
-24
-22
-22
-13
-1
-6
-9
8
15
23
21
26
50
36
58
36
34
27
15
20
-11
5
-8
-26
-23
-13
-1
-5
-3
20
13
2
21
20
14
15
13
8
-16
-29
-20
-29
-45
-19
-10
16
-3
-9
-11
0
11
28
46
52
70
46
39
47
33
34
46
44
45
60
44
53
42
48
69
63
57
47
58
40
51
51
40
48
43
20
29
13
-9
5
7
11
3
12
2
-1
10
15
8
5
2
-12
-28
-20
-29
-26
-14
-3
-19
-28
-27
-43
-49
-34
-5
-12
-24
-27
-29
-37
-37
-47
-28
-42
-34
-26
-38
-53
-58
-56
-58
-39
-37
-8
6
-9
-2
-12
-21
-22
-31
-21
-39
-19
-28
-32
-53
-44
-44
-51
-23
-41
-3
5
6
12
-11
-5
-10
-7
-12
-11
-13
-13
2
-39
-29
-38
-58
-50
-28
-17
1
0
-2
-8
-21
-13
-20
-8
-5
-8
7
14
3
0
-2
7
7
3
9
-13
-9
1
2
8
22
42
21
35
21
12
12
26
50
41
84
71
71
73
72
67
67
63
59
60
55
63
63
70
67
87
90
104
99
98
94
73
57
49
48
51
38
52
26
29
27
6
6
24
26
27
21
16
-2
-19
-32
-32
-34
-53
-42
-68
-49
-84
-90
-88
-95
-96
-67
-52
-51
-62
-54
-84
-102
-90
-88
-89
-55
-53
-54
-43
-48
-61
-85
-70
-58
-45
-35
-27
-22
-15
-32
-18
-8
-13
-26
-22
-43
-28
-36
-24
-3
43
29
29
56
48
37
39
52
25
32
18
21
18
7
10
31
31
22
27
23
33
26
36
49
72
70
80
69
50
26
-9
8
-23
-7
-6
17
4
13
18
30
8
7
10
-16
-14
-28
-16
-37
-22
-15
5
-4
18
9
-9
-13
-23
-22
-30
-38
-61
-34
-43
-44
-56
-46
-48
-69
-54
-68
-61
-89
-48
-48
-59
-18
-32
-20
-9
-7
9
22
13
37
26
25
24
11
13
0
13
12
44
64
67
84
92
89
91
83
70
70
81
72
103
100
111
110
107
91
76
72
47
69
56
71
73
59
47
29
22
-1
-27
-32
-28
-15
-23
-9
-30
-28
-25
-34
-39
-32
-40
-24
-24
-37
-59
-73
-95
-107
-108
-98
-88
-82
-66
-62
-53
-56
-55
-65
-75
-65
-75
-58
-68
-53
-48
-56
-63
-80
-79
-106
-59
-58
-19
-1
17
15
26
17
-9
-3
-25
-26
-27
-16
-43
-26
-26
-13
11
35
39
48
51
54
49
51
56
56
60
64
59
82
89
58
70
45
48
34
40
31
53
43
33
52
46
49
55
75
43
65
78
58
52
38
34
6
-6
-19
-33
-27
-37
-26
-16
-9
-14
-14
-23
-30
-36
-53
-41
-41
-49
-41
-32
-15
-38
-34
-27
-50
-33
-39
-51
-59
-73
-77
-80
-64
-56
-36
-18
-9
-13
-13
-22
-17
-9
-17
-14
-18
-19
-11
-27
6
3
10
26
41
58
62
82
79
65
61
54
36
56
47
71
92
100
106
93
71
65
53
49
46
50
79
76
87
87
78
69
83
54
27
27
-23
-48
-66
-73
-89
-76
-44
-32
-37
-27
-20
-12
-37
-27
-28
-62
-63
-58
-67
-71
-59
-77
-105
-108
-102
-100
-94
-79
-43
-17
-21
-24
-31
-34
-52
-33
-38
-43
-40
-51
-27
-64
-62
-63
-85
-58
-57
-5
7
18
50
36
37
29
43
12
11
12
2
-4
-2
0
-13
21
16
49
77
83
95
92
101
80
89
93
79
67
59
63
50
20
2
-13
-38
-36
-24
-16
9
27
41
53
61
57
46
32
13
15
0
1
-4
-48
-59
-75
-70
-93
-80
-62
-51
-24
-15
-12
-25
-37
-15
-13
-20
6
3
19
1
-2
0
-19
-7
-14
-11
1
3
16
-8
9
8
-1
29
43
56
52
76
58
41
18
3
-4
-24
0
15
31
42
79
66
86
84
75
69
75
77
86
55
48
32
9
-15
-28
-35
-51
-37
-41
-39
-32
-24
-27
-21
-21
-12
-3
15
-15
-12
-33
-62
-79
-79
-123
-141
-139
-178
-154
-137
-91
-41
-6
34
56
36
52
27
8
-33
-32
-55
-80
-59
-61
-77
-49
-25
-13
0
26
47
61
76
73
72
54
56
37
5
-1
-16
-44
-57
-64
-33
-42
-1
35
62
95
100
103
70
61
43
31
40
37
32
13
9
-19
-48
-59
-50
-41
-21
5
24
52
62
58
66
48
43
29
12
-7
-28
-20
-27
-37
-31
-22
-29
-36
-47
-57
-53
-42
-32
-12
-23
-23
-7
-20
-22
-24
-20
-2
-1
8
18
8
8
1
5
7
-2
15
8
22
21
44
62
73
84
90
80
89
97
59
35
28
34
13
40
49
45
58
47
52
30
38
42
30
24
33
26
16
14
4
-2
-29
-23
-52
-82
-92
-117
-110
-120
-117
-90
-86
-54
-22
-19
12
27
6
-5
-5
-68
-77
-102
-113
-129
-133
-138
-146
-119
-114
-82
-63
-11
-6
36
32
54
60
53
60
54
74
41
51
16
15
8
-2
17
27
44
69
108
134
167
158
157
129
97
64
20
14
19
9
10
29
9
18
38
29
33
42
32
25
12
-7
-23
-52
-54
-62
-76
-73
-98
-86
-125
-144
-144
-137
-135
-125
-80
-72
-27
2
2
10
16
18
-3
-18
-22
-56
-84
-95
-113
-132
-134
-119
-64
-35
28
86
118
136
158
144
107
102
66
40
10
-9
-4
-30
-22
1
3
41
52
87
111
124
129
119
122
111
109
85
67
58
28
15
4
11
-1
16
30
47
60
59
86
100
105
110
78
47
7
-51
-61
-83
-80
-69
-51
-29
-2
-18
-24
-35
-62
-68
-90
-85
-108
-81
-86
-78
-58
-49
-55
-50
-55
-59
-80
-95
-99
-107
-89
-93
-60
-72
-64
-62
-56
-37
-17
6
20
36
52
61
58
51
36
32
36
41
47
40
35
27
15
-10
-22
0
2
29
71
99
135
131
130
122
104
58
39
7
-16
-25
-22
-8
3
18
23
40
29
21
5
9
3
-5
12
-13
-15
-43
-83
-89
-127
-132
-146
-157
-158
-174
-160
-155
-101
-92
-36
-19
-15
-12
-49
-55
-104
-85
-88
-59
-82
-49
-58
-65
-22
5
47
66
95
116
118
128
112
104
105
79
76
66
62
53
64
85
87
108
151
159
166
155
164
161
139
138
148
142
116
98
92
56
19
14
8
-4
-7
-4
16
37
24
51
52
45
40
20
-13
-25
-43
-73
-86
-88
-120
-126
-131
-127
-154
-151
-150
-169
-162
-153
-118
-106
-68
-46
-30
-28
-34
-42
-64
-80
-97
-102
-119
-119
-129
-107
-116
-101
-71
-45
-7
35
60
72
86
81
86
56
45
26
11
5
4
0
8
16
33
48
52
69
76
103
111
140
150
163
154
136
103
65
28
-14
-27
-60
-52
-39
-34
-20
2
21
30
41
54
60
62
61
37
8
-20
-43
-64
-77
-127
-134
-178
-197
-199
-196
-170
-129
-86
-48
-1
41
49
48
54
11
-17
-40
-71
-89
-97
-82
-80
-41
-25
-15
11
7
64
82
117
122
126
123
103
112
79
66
56
32
32
35
54
78
102
129
150
159
179
174
157
158
118
111
115
89
68
40
10
-14
-44
-30
-46
-31
-18
-26
-11
5
1
5
-2
-24
-35
-41
-64
-75
-80
-122
-134
-135
-159
-164
-154
-156
-170
-184
-166
-170
-170
-136
-95
-77
-40
-17
1
-9
-13
-22
-61
-48
-61
-38
-55
-35
-33
-38
-6
8
27
64
92
106
103
88
86
72
58
57
76
74
92
89
97
89
90
106
116
119
131
141
134
113
101
69
47
28
10
-25
-61
-76
-76
-73
-81
-43
-11
-4
5
24
15
-2
-10
-17
-50
-89
-106
-130
-140
-151
-140
-120
-92
-78
-64
-57
-82
-94
-138
-113
-140
-103
-69
-48
-9
24
43
53
68
54
70
53
45
33
19
16
-1
-5
3
12
43
59
76
102
123
135
142
110
92
94
83
67
79
88
102
100
110
113
106
105
111
111
93
107
105
75
47
19
1
-25
-45
-58
-68
-71
-77
-35
-47
-51
-20
0
-14
-5
20
10
1
-10
-43
-63
-94
-124
-129
-137
-132
-147
-111
-115
-154
-155
-161
-159
-151
-115
-76
-45
-19
2
14
14
-2
-11
-25
-40
-43
-49
-56
-55
-58
-45
-19
-2
40
55
109
135
130
121
73
40
11
-12
-20
8
4
37
57
97
104
107
143
133
120
115
106
67
38
22
-24
-32
-50
-60
-60
-46
-36
-37
-18
-16
-4
6
22
45
46
60
55
61
37
5
-30
-70
-89
-122
-150
-148
-134
-117
-74
-40
-26
-7
-5
-35
-55
-52
-57
-59
-34
-8
-10
24
41
55
58
68
80
54
33
10
-8
-32
-39
-17
-16
34
51
85
111
110
111
99
83
78
49
57
62
65
74
63
87
83
91
87
93
75
58
82
57
29
11
-24
-40
-55
-51
-51
-27
-39
2
-9
-18
-17
-35
-27
-40
-12
-6
-9
-9
-37
-40
-69
-92
-116
-114
-130
-141
-118
-128
-138
-124
-110
-91
-79
-41
-6
-22
-8
-15
-17
-38
-33
-43
-36
-23
5
-9
-7
16
-24
-5
-19
-7
1
4
24
22
42
63
74
77
62
61
30
20
-5
8
9
20
60
55
69
78
85
75
75
79
82
56
48
48
13
-25
-31
-63
-73
-51
-49
-27
3
36
30
45
40
22
14
27
23
12
18
21
1
-3
-25
-52
-84
-86
-94
-106
-90
-66
-58
-55
-64
-47
-36
-28
5
3
28
26
35
34
24
29
41
43
56
48
38
33
1
-17
-37
-30
-63
-27
-7
13
28
75
88
86
96
92
94
47
40
11
-6
-37
-32
-33
-34
-13
35
72
80
115
115
114
88
63
52
15
-5
-14
-22
-38
-27
-45
-34
-29
-11
-19
-19
-15
-17
-16
-3
18
1
19
-22
-7
-34
-60
-80
-116
-134
-158
-157
-154
-137
-129
-88
-50
-33
-2
22
21
32
26
42
21
23
18
-6
-6
-11
-42
-38
-44
-46
-25
-17
19
28
57
58
70
51
64
51
27
22
20
12
-10
-7
-24
-25
-17
-10
27
40
49
64
57
57
33
49
28
16
13
-15
-34
-33
-52
-55
-53
-27
-43
-31
-17
-11
31
9
43
52
57
55
75
57
36
17
-34
-54
-81
-90
-98
-83
-91
-75
-42
-17
2
30
53
47
60
49
41
2
-3
-18
-31
-30
-19
-4
-1
7
23
26
39
64
69
77
84
87
64
47
26
30
7
3
11
10
13
14
28
30
40
31
47
46
30
37
29
7
-8
2
-4
-10
-2
4
8
1
-8
-2
-17
-29
-24
-36
-39
-35
-31
-35
-49
-37
-33
-36
-49
-40
-44
-57
-39
-36
-39
-37
-54
-60
-73
-88
-94
-80
-68
-42
-28
-12
3
10
8
13
25
-8
13
4
-6
-29
-7
-16
-5
7
25
38
47
50
29
18
19
4
-11
4
22
55
59
71
55
34
27
11
1
-1
-2
18
18
14
24
30
33
22
16
10
5
30
21
45
40
47
24
6
-9
-16
-29
-42
-32
-31
-18
-14
-20
-7
9
4
14
12
-13
-48
-46
-71
-102
-104
-116
-95
-92
-85
-61
-23
-21
9
42
46
36
41
42
13
-4
-16
-31
-52
-43
-38
-38
-8
9
23
52
64
70
79
61
71
65
67
74
58
55
59
38
43
49
54
64
67
68
97
106
113
111
121
100
75
46
28
6
-13
-6
-27
5
14
6
19
38
44
44
24
10
1
-38
-53
-62
-88
-96
-97
-89
-101
-94
-93
-84
-90
-86
-95
-118
-117
-140
-136
-160
-122
-127
-126
-104
-93
-64
-57
-37
-30
-28
-13
-37
-49
-73
-87
-58
-63
-20
-27
0
10
12
25
21
42
32
32
40
49
40
64
81
97
118
120
133
135
129
114
128
125
116
97
91
66
50
58
31
39
39
46
59
57
50
31
43
12
-1
11
3
3
-14
-14
-35
-22
-28
-30
-36
-42
-33
-55
-23
-45
-16
-26
-31
-58
-61
-76
-91
-84
-83
-56
-46
-27
-9
-9
-6
-25
-34
-30
-31
-24
-19
-5
-18
7
19
22
40
31
38
35
17
21
-2
6
-16
-25
-9
-8
19
9
56
45
72
73
85
73
65
86
64
52
35
-2
-18
-21
-62
-25
-11
18
42
61
71
68
88
66
72
55
19
5
-19
-54
-56
-72
-75
-89
-81
-73
-63
-41
-32
-13
-1
3
-18
-28
-63
-96
-99
-102
-83
-92
-70
-67
-77
-54
-55
-42
-28
-26
-38
-29
-40
-51
-37
-33
-3
16
16
45
50
21
1
-16
-42
-55
-50
-50
-34
11
27
64
105
125
137
137
142
119
116
89
78
56
32
30
19
4
16
16
23
51
43
74
82
98
86
100
76
56
31
-1
-14
-40
-35
-84
-75
-73
-79
-70
-41
-25
-28
4
-14
-34
-43
-70
-94
-96
-91
-102
-86
-82
-52
-43
-34
-7
-4
-6
-24
-24
-54
-49
-54
-38
-26
-2
-7
4
-3
-25
-14
4
33
18
40
35
2
-20
8
-7
34
67
87
133
118
135
115
97
82
46
54
33
34
21
11
6
-22
-13
-2
9
41
90
106
135
132
120
94
71
27
7
-33
-77
-82
-91
-94
-96
-62
-31
-4
22
52
42
34
-14
-30
-68
-99
-110
-128
-113
-116
-82
-63
-38
-17
-1
20
19
23
24
22
17
-1
-35
-56
-63
-90
-91
-72
-57
-45
-26
-20
-36
-35
-36
-32
-40
-5
2
3
2
-3
-7
-27
-19
9
25
24
41
36
38
36
29
15
5
-13
-27
-41
-50
-42
-39
-23
14
49
83
96
91
98
77
64
39
1
4
-28
-21
-19
-20
-22
-10
14
-5
9
11
-9
-10
-20
-32
-29
-33
-19
-20
7
33
58
63
82
82
68
48
37
7
-7
-23
-8
-17
-16
10
-5
14
7
19
28
22
2
-2
-2
-24
-26
-14
14
33
59
63
89
100
74
83
71
53
45
23
14
-14
-7
-14
-14
-10
-4
-7
-4
6
10
28
45
79
88
114
80
65
16
-23
-57
-59
-62
-62
-49
-55
-39
-32
-13
14
32
41
32
-1
-35
-65
-121
-150
-149
-152
-133
-119
-69
-52
-32
-22
-21
-38
-50
-53
-63
-73
-90
-91
-114
-128
-119
-118
-97
-85
-82
-64
-44
-34
-26
-13
-21
2
17
41
58
51
62
39
52
56
44
52
43
47
40
38
45
11
38
34
39
62
72
78
72
77
70
70
68
73
81
69
70
67
41
39
21
7
-14
-1
-16
3
0
23
33
44
63
52
46
47
22
-14
-23
-34
-43
-57
-23
-1
19
28
64
67
69
56
33
25
15
-11
-11
-13
-22
-27
-18
-12
-5
-8
-20
-22
-61
-59
-64
-63
-42
-48
-30
-18
9
1
34
44
27
47
37
7
-19
-26
-73
-65
-74
-78
-75
-55
-45
-18
-7
22
36
32
52
66
69
61
62
32
9
-21
-40
-71
-81
-77
-69
-60
-15
30
47
81
117
114
86
102
68
20
-29
-37
-56
-84
-82
-60
-49
-7
32
56
74
74
74
48
23
-8
-17
-31
-46
-36
-40
-38
-39
-67
-35
-47
-41
-55
-60
-58
-48
-49
-46
-37
-38
-32
-42
-37
-50
-71
-84
-81
-82
-67
-83
-56
-71
-54
-36
-15
-6
-3
15
12
12
-6
-20
-38
-27
-6
-4
11
38
39
49
36
45
26
20
37
49
39
73
82
73
96
87
78
88
80
65
81
67
67
43
45
27
53
74
109
130
129
135
104
104
36
32
13
1
-5
-11
3
-2
18
6
19
-10
-7
12
-19
-22
-26
-4
-12
2
-11
-2
-10
-12
-14
-32
-19
-50
-46
-68
-48
-66
-67
-50
-68
-39
-35
-13
-8
14
5
4
12
2
-11
-10
-6
-2
-7
-19
-8
-15
-35
-25
-15
-18
7
2
13
0
15
8
-16
-19
-21
-38
-55
-40
-65
-85
-89
-75
-86
-81
-30
-20
7
1
24
-7
-24
-17
-56
-55
-47
-52
-68
-56
-60
-41
-38
-36
-28
-28
-55
-24
-45
-27
-5
-2
25
27
22
17
6
11
17
16
22
10
20
10
18
30
25
46
43
56
74
73
85
73
72
72
72
48
49
41
27
28
36
35
56
53
60
79
70
99
91
89
51
34
21
-5
-13
-25
9
6
17
21
14
11
-9
8
-4
21
29
29
50
49
41
17
-29
-55
-96
-141
-115
-109
-90
-89
-53
-61
-44
-31
-38
-7
-16
6
8
-19
-28
-58
-76
-70
-68
-47
-35
-35
-12
-24
1
14
31
44
51
57
42
38
4
17
-5
11
30
51
77
105
101
84
74
72
62
51
80
73
76
71
87
62
56
62
29
21
22
-16
-6
-33
-44
-39
-49
-26
-37
-41
-23
-24
-43
-39
-53
-66
-98
-91
-134
-136
-143
-153
-128
-134
-100
-93
-82
-91
-82
-84
-98
-84
-89
-68
-50
-25
-25
2
-15
-27
-32
-58
-32
-46
-49
-22
5
30
28
58
78
66
68
71
73
65
44
54
38
65
77
79
111
115
112
128
139
120
120
98
81
58
35
27
32
29
46
31
53
44
6
7
-8
-23
-6
-11
-21
-6
-27
-52
-53
-54
-63
-60
-44
-33
-19
8
-16
-7
-36
-43
-53
-66
-67
-85
-63
-71
-62
-55
-50
-30
-13
8
26
36
27
46
27
47
42
48
49
40
45
14
27
21
36
40
64
93
94
119
114
116
110
107
89
82
76
75
78
64
70
55
33
28
-12
-26
-26
-27
-26
6
13
9
33
22
22
-6
-17
-25
-71
-103
-120
-163
-170
-171
-168
-141
-136
-86
-87
-73
-67
-69
-84
-85
-107
-140
-159
-160
-167
-180
-143
-121
-83
-68
-42
-48
-35
-43
-34
-39
-37
-10
-20
-8
-11
-19
-17
22
36
42
60
88
86
88
98
105
96
92
105
110
127
154
189
170
190
170
152
129
100
80
84
77
78
76
71
59
46
51
44
69
52
56
67
47
31
17
-5
-23
-35
-42
-36
-65
-73
-89
-108
-104
-122
-109
-91
-69
-79
-73
-56
-84
-91
-100
-106
-112
-118
-113
-107
-113
-92
-66
-55
-31
-15
-13
-21
-39
-52
-62
-65
-53
-37
9
12
35
50
50
47
47
63
75
106
140
147
167
161
160
154
144
145
142
124
95
94
76
65
71
80
86
87
89
73
67
52
35
20
18
19
8
32
51
11
34
12
-10
-44
-62
-82
-98
-111
-117
-131
-161
-151
-170
-175
-164
-138
-112
-89
-78
-71
-68
-93
-93
-98
-98
-76
-88
-79
-92
-93
-98
-96
-77
-53
-29
-13
-9
-4
-4
-24
-25
-30
-37
15
25
44
68
66
79
76
86
75
77
65
61
62
62
79
57
88
100
70
64
65
52
41
55
65
52
63
39
40
31
41
58
72
66
63
73
47
36
24
1
-24
-63
-75
-108
-140
-130
-124
-104
-76
-44
-50
-22
-20
-28
-35
-30
-29
-49
-33
-59
-51
-59
-83
-84
-76
-61
-58
-31
-2
18
44
58
56
55
61
47
57
59
43
53
45
52
65
63
83
99
109
116
134
138
133
104
121
107
104
96
94
72
46
28
16
29
23
24
29
33
-1
-2
-38
-62
-71
-44
-43
-41
-28
-45
-65
-45
-48
-41
-35
-47
-60
-112
-107
-126
-134
-139
-143
-134
-128
-105
-104
-120
-84
-63
-13
7
15
6
-12
-52
-57
-87
-83
-41
-34
-6
-9
26
16
29
40
34
52
51
58
59
47
37
22
13
-15
-24
-10
5
27
41
77
86
86
72
76
58
56
67
58
48
28
15
-1
-19
-38
-33
-34
-27
-21
-7
8
-8
7
-17
-1
-8
-5
-17
-18
-30
-44
-31
-37
-50
-52
-39
-55
-53
-76
-49
-45
-26
4
15
19
20
11
1
8
-14
1
1
17
13
13
14
-17
-7
-32
-40
4
14
52
61
92
86
95
76
50
50
20
30
34
33
56
63
77
81
82
114
119
121
112
127
113
79
85
56
37
23
8
-19
-17
-21
-29
-23
-20
-5
-10
9
-1
5
-4
-14
-28
-41
-64
-92
-87
-95
-91
-81
-98
-110
-108
-140
-133
-149
-138
-114
-101
-90
-69
-76
-85
-83
-77
-65
-55
-59
-35
-29
-28
-18
-12
-1
-9
-6
8
12
5
18
18
33
49
82
71
67
97
64
67
61
81
99
90
117
129
121
101
107
108
77
78
49
38
15
-14
-37
-49
-49
-40
-8
4
17
32
37
28
20
0
-20
-33
-54
-78
-49
-81
-91
-111
-116
-116
-103
-81
-71
-68
-69
-74
-92
-75
-67
-61
-39
-27
-22
-31
-48
-47
-56
-45
-43
-11
5
19
33
28
34
29
40
35
47
57
64
60
48
51
58
61
84
95
107
109
124
109
93
92
97
117
126
122
112
117
78
78
60
49
56
41
49
45
49
39
39
25
1
20
13
7
4
2
-22
-26
-48
-79
-73
-93
-88
-88
-68
-57
-82
-61
-80
-108
-94
-94
-100
-106
-109
-122
-130
-124
-123
-104
-82
-59
-55
-50
-58
-70
-80
-82
-63
-36
2
5
33
6
18
-14
-13
-20
-19
6
13
43
37
72
68
89
81
90
99
107
92
93
88
50
48
47
39
29
36
39
42
34
21
30
33
41
58
51
34
14
-7
-43
-23
-42
-18
3
2
7
-14
8
-29
-28
-28
-47
-21
-55
-55
-66
-63
-56
-63
-43
-35
-30
-33
-16
-25
-40
-62
-44
-55
-62
-56
-46
-45
-33
-17
-6
-2
27
31
36
46
46
50
33
39
24
13
29
47
62
79
76
93
88
82
66
76
53
63
76
84
69
58
42
29
35
20
29
31
11
2
-3
-33
-27
-30
-46
-31
-24
-22
-13
-23
-50
-53
-63
-46
-72
-53
-72
-52
-57
-54
-33
-42
-29
-34
-18
-29
-21
-32
-32
-75
-64
-69
-69
-44
-45
-2
0
29
23
27
48
50
83
85
83
74
56
30
18
-1
2
16
28
59
48
68
62
72
69
61
72
35
33
0
6
-16
-12
-21
6
19
22
25
7
-4
-40
-28
-46
-34
-48
-32
-48
-75
-74
-86
-82
-81
-60
-83
-77
-89
-112
-103
-89
-74
-50
-44
-25
-27
-29
-40
-54
-43
-20
-45
-21
-8
-11
1
10
18
8
5
-10
-8
9
18
27
52
72
82
77
93
75
63
64
56
67
37
54
40
53
58
52
70
75
72
62
69
56
58
58
51
65
74
88
90
96
82
53
50
23
13
3
-8
-1
-2
-2
-11
-11
-13
-20
-22
-47
-49
-51
-90
-63
-66
-66
-42
-47
-46
-67
-66
-61
-49
-48
-40
-28
-37
-43
-49
-75
-96
-107
-143
-156
-150
-120
-96
-29
6
16
50
51
53
35
50
32
37
40
29
36
8
8
1
9
4
23
42
45
64
82
111
100
123
111
117
116
81
80
35
33
-2
12
-14
17
33
24
38
38
41
19
20
-12
-18
-19
-47
-64
-72
-118
-141
-146
-155
-147
-102
-84
-48
-25
-18
-31
-36
-60
-52
-38
-51
-42
-38
-82
-91
-100
-99
-95
-87
-63
-47
-37
-8
15
32
38
56
79
74
71
65
68
53
58
48
44
38
28
33
15
28
22
41
17
52
54
72
74
95
113
108
126
109
109
80
81
62
45
37
25
9
22
24
45
36
36
41
32
20
6
-8
-19
-38
-33
-56
-26
-46
-17
-16
6
16
-2
26
5
-3
-25
-27
-55
-73
-75
-84
-84
-78
-73
-41
-40
-42
-13
-2
5
1
2
-11
-18
-33
-39
-38
-54
-58
-37
-22
-14
-3
11
-9
-14
-18
-10
-15
-11
-4
-14
-22
-10
-25
-10
5
9
44
65
76
68
64
16
21
-9
-38
-39
-36
-58
-47
-51
-66
-67
-48
-20
-17
-11
6
31
13
20
-2
-16
-18
-35
5
-28
2
-22
-15
-72
-63
-53
-76
-30
-18
14
26
36
34
42
24
16
25
40
15
31
27
25
24
6
27
24
41
43
45
34
32
24
33
37
42
65
59
80
71
84
67
69
52
38
34
12
21
4
12
-1
38
35
42
58
53
37
11
-14
-41
-55
-70
-61
-46
-37
-34
-12
-29
-28
-14
1
3
13
20
15
-10
-33
-31
-43
-51
-39
-52
-41
-47
-42
-35
-49
-25
-18
7
32
36
53
42
30
11
0
-6
-20
-8
-4
7
23
18
14
5
-10
-10
-21
-38
-22
-20
-28
-14
-10
-24
17
11
46
49
37
37
-1
-26
-27
-44
-62
-46
-53
-39
-65
-55
-53
-56
-44
-38
-4
-5
-1
8
-13
-13
-13
-4
-15
11
26
30
38
15
5
4
10
-6
-1
1
17
24
25
16
-6
-13
-21
-7
-7
13
14
16
28
11
36
5
47
17
22
-5
-19
-48
-72
-47
-57
-19
-14
4
-4
21
14
4
3
-19
-20
-21
-15
-3
-5
30
23
20
58
41
33
35
4
7
15
10
12
20
2
13
18
23
27
35
24
31
45
25
32
39
32
5
23
17
9
18
-7
23
28
41
59
60
57
55
44
48
35
36
25
1
-8
0
-37
-34
-9
-17
-10
-8
3
-11
1
-16
-4
12
3
24
15
20
13
-21
-34
-38
-39
-71
-57
-50
-61
-68
-50
-51
-57
-34
-46
-38
-47
-51
-31
-30
-27
-18
-8
-18
-18
-26
-36
-55
-47
-30
-36
-25
-22
-28
-30
-31
8
0
8
20
26
26
19
18
4
5
-9
4
11
-2
-5
8
-10
31
16
30
18
-1
-11
-13
5
4
34
19
22
2
-9
-29
-28
-28
-22
16
3
43
7
12
17
7
50
61
73
108
130
93
72
40
4
-38
-45
-16
-39
-28
-26
-16
-22
-38
-33
-16
2
7
23
42
32
27
20
14
24
2
13
-11
-20
-38
-55
-77
-68
-67
-48
-6
-1
12
4
7
16
23
25
13
8
-15
-25
-35
-50
-39
-35
-23
-5
9
16
9
27
42
27
36
33
39
32
12
13
26
-9
-15
11
29
38
52
76
84
93
75
85
89
73
85
70
62
47
37
33
21
16
15
8
-15
-29
-27
-48
-50
-24
-19
-31
-2
7
5
6
-11
-15
-48
-61
-82
-103
-103
-122
-124
-119
-106
-101
-80
-86
-64
-61
-33
-20
-3
-8
-24
-10
-26
-55
-52
-60
-77
-64
-62
-70
-40
-44
-40
-9
24
38
63
70
63
53
15
7
8
-41
-23
-18
-31
-11
-1
23
14
43
65
68
93
87
91
96
86
72
41
32
24
14
-9
6
19
21
25
47
52
48
61
67
82
65
61
43
17
-3
-40
-27
-41
-29
-11
-10
14
-17
-14
-24
-30
-37
-21
-53
-68
-46
-62
-44
-30
-13
-28
-27
-27
-30
-51
-29
-23
-25
-14
-23
-5
-24
-6
-2
2
33
41
38
55
45
32
40
33
26
19
24
19
45
31
26
43
27
35
48
56
71
60
68
55
49
52
30
21
30
28
21
24
-10
0
-6
-20
1
6
20
9
6
4
13
7
-1
11
-6
-8
-24
-42
-37
-74
-73
-47
-58
-64
-50
-49
-54
-50
-64
-48
-58
-56
-56
-76
-80
-84
-53
-59
-65
-36
-43
-61
-38
-33
-49
-45
-48
-53
-40
-24
-20
-2
6
13
4
15
-1
-15
3
-17
-8
18
26
29
28
27
39
26
45
49
53
48
38
25
-5
-15
-18
-1
12
27
24
4
-8
-20
-9
-22
-5
9
22
38
60
56
49
42
47
48
18
13
-12
-11
-11
7
39
22
25
16
19
-2
-5
7
4
-8
-3
6
0
-3
2
24
14
27
42
63
50
65
30
33
21
1
13
3
18
27
40
33
39
43
33
38
48
37
42
39
35
32
30
59
43
37
54
41
28
4
30
-8
-18
-9
-8
-20
-32
-13
-24
-32
-18
-8
-33
-49
-58
-75
-90
-99
-78
-94
-69
-46
-42
-50
-33
-50
-54
-47
-82
-78
-80
-119
-109
-94
-118
-86
-86
-55
-49
-25
-11
-3
12
17
19
17
4
1
7
-1
16
6
10
13
13
25
13
27
26
23
15
30
45
47
72
74
73
65
52
27
2
4
14
10
6
15
24
15
-4
3
0
6
21
27
13
-4
3
-20
-33
-43
-54
-36
-48
-31
-8
-5
-11
4
4
16
17
21
17
-6
-21
-21
-29
-41
-19
-37
-7
3
-18
2
-9
12
20
56
71
65
76
42
13
18
-5
-7
10
23
41
43
66
55
44
69
77
90
93
89
73
53
28
12
15
21
22
41
60
51
88
67
70
34
32
23
11
3
3
6
-13
-14
7
-9
-27
-16
-8
-23
-31
-25
-47
-44
-46
-61
-75
-81
-93
-93
-94
-69
-64
-49
-58
-71
-82
-112
-94
-128
-102
-96
-93
-87
-87
-84
-112
-105
-109
-91
-79
-80
-68
-51
-38
5
43
49
58
48
24
14
-8
-3
-15
-29
-13
1
9
17
42
60
84
79
119
114
113
120
86
76
77
84
64
85
85
86
83
86
90
73
76
74
74
41
72
38
58
49
24
29
6
5
1
6
6
15
-28
-35
-54
-76
-78
-97
-73
-80
-47
-33
-33
-33
-24
-64
-55
-56
-74
-71
-111
-116
-126
-130
-116
-93
-71
-31
8
18
16
27
18
-9
-27
-25
-30
-21
-4
10
10
12
18
16
31
32
45
62
85
92
96
88
79
58
53
70
76
86
96
102
80
79
59
37
43
56
60
76
71
74
49
36
21
-3
-6
-18
-2
-24
-15
-32
-25
-26
-20
12
6
9
-12
-37
-52
-58
-69
-69
-55
-72
-78
-75
-89
-94
-105
-52
-51
-37
-31
-21
-37
-57
-68
-72
-55
-84
-39
-33
-13
-41
-19
-2
-13
4
-1
14
-35
-24
-34
-30
-20
-10
9
31
61
69
90
94
73
65
55
31
28
4
6
7
14
19
32
42
25
38
21
28
26
34
28
8
2
-25
-50
-38
-29
-31
-8
-29
-32
-50
-47
-37
-51
-50
-70
-47
-62
-51
-16
-36
-33
-52
-49
-51
-52
-35
-19
-11
-15
-4
-9
-10
3
3
22
30
22
32
38
45
59
52
58
45
58
41
62
70
82
106
95
105
78
99
83
83
106
85
105
97
81
56
33
15
-18
-2
5
43
61
71
89
66
77
49
36
30
14
19
0
-17
-32
-37
-43
-38
-28
-22
-38
-27
-50
-43
-49
-69
-75
-115
-107
-139
-134
-104
-116
-78
-99
-68
-90
-88
-74
-80
-52
-78
-65
-61
-83
-77
-92
-112
-99
-98
-57
-44
-11
-9
-12
-39
-53
-27
-35
5
37
39
22
33
38
48
62
64
60
69
52
41
34
34
29
49
39
54
35
40
24
16
25
38
39
45
78
69
98
85
80
57
26
20
-14
-8
0
22
49
35
44
17
-12
-25
-40
-55
-54
-60
-57
-49
-35
-19
-30
-45
-61
-68
-42
-5
71
73
68
43
-19
-56
-101
-71
-58
-15
28
71
60
64
53
11
-17
1
60
76
159
147
175
106
64
56
5
15
40
112
102
96
101
39
0
0
24
49
87
109
78
72
24
17
-46
-55
-21
-20
-37
-73
-20
-59
-85
-58
-97
-128
-150
-126
-125
-138
-113
-98
-102
-141
-149
-173
-190
-177
-189
-146
-163
-125
-123
-119
-92
-72
-50
-51
-17
-57
-33
-49
-64
-59
-54
-58
-25
25
32
68
61
74
59
71
118
146
175
176
174
133
111
79
110
116
132
160
159
179
134
107
102
88
87
121
162
152
157
133
118
65
50
44
43
54
86
76
46
7
-32
-85
-86
-104
-83
-87
-102
-97
-93
-75
-83
-61
-100
-100
-116
-132
-138
-128
-138
-153
-136
-160
-138
-116
-106
-74
-85
-73
-103
-80
-98
-90
-76
-66
-12
-58
-14
-58
-39
-22
-31
17
6
61
38
78
63
59
96
62
97
88
126
143
139
137
116
115
90
99
99
121
149
175
194
171
164
143
132
109
139
137
144
94
94
69
26
20
12
-11
-35
-30
-35
-44
-42
-44
-71
-80
-91
-79
-100
-95
-86
-116
-113
-115
-92
-95
-119
-113
-156
-164
-174
-162
-150
-140
-132
-148
-180
-186
-173
-155
-128
-118
-103
-138
-129
-140
-106
-136
-131
-111
-115
-62
22
61
59
33
-3
-24
-38
37
30
66
25
41
6
34
53
81
133
76
121
84
119
123
145
176
167
198
175
202
157
176
197
223
256
279
320
280
294
230
236
214
190
227
222
243
246
283
253
233
173
141
110
78
78
51
70
43
24
-15
-38
-79
-108
-133
-128
-132
-156
-131
-148
-157
-179
-198
-214
-219
-219
-239
-237
-267
-305
-382
-457
-485
-525
-518
-495
-483
-438
-416
-399
-412
-415
-451
-439
-393
-350
-277
-245
-221
-210
-250
-253
-252
-224
-202
-181
-123
-115
-50
-43
8
4
21
55
97
181
243
328
323
353
324
344
394
454
581
599
592
496
392
324
354
473
601
749
829
847
804
729
621
580
572
590
712
770
834
771
643
480
329
247
227
274
304
349
310
221
80
-83
-187
-257
-271
-237
-215
-193
-225
-291
-407
-493
-576
-629
-618
-609
-595
-639
-698
-776
-850
-883
-871
-914
-878
-870
-871
-896
-938
-931
-969
-876
-761
-659
-591
-528
-509
-537
-515
-493
-452
-379
-291
-180
-116
-71
-83
-92
-115
-74
8
125
255
355
405
445
450
433
443
439
473
463
515
511
530
557
573
582
595
617
615
594
612
620
635
653
676
676
633
608
533
445
392
394
407
455
477
481
451
378
314
283
292
257
291
286
262
241
206
163
86
40
12
12
40
67
117
109
99
67
42
18
4
4
0
-16
-46
-73
-139
-190
-240
-277
-329
-348
-369
-377
-400
-414
-440
-453
-496
-525
-520
-568
-593
-610
-632
-673
-711
-738
-789
-816
-837
-845
-845
-809
-792
-756
-739
-723
-681
-670
-652
-639
-624
-580
-508
-467
-387
-321
-284
-217
-170
-132
-67
-19
35
87
171
260
338
401
457
512
560
602
666
729
801
841
882
908
915
910
921
931
931
945
965
959
945
923
865
815
768
743
718
686
664
638
611
551
509
425
349
280
173
111
30
-8
-63
-118
-132
-198
-213
-263
-281
-328
-374
-419
-451
-492
-523
-513
-527
-551
-549
-576
-566
-549
-551
-523
-519
-460
-473
-476
-495
-459
-452
-411
-370
-337
-334
-322
-299
-282
-256
-237
-188
-158
-141
-113
-95
-85
-57
-46
-44
-27
4
23
46
64
75
46
37
47
59
57
53
43
14
19
-13
-19
3
5
18
24
36
50
74
103
107
111
63
35
-11
-41
-35
1
37
41
15
-36
-9
-25
24
79
112
123
101
85
33
-14
-11
58
88
132
104
19
-37
20
135
285
387
366
266
137
41
44
60
73
63
60
82
121
141
153
121
108
150
235
312
346
318
244
201
187
198
175
147
143
118
126
159
156
181
197
221
231
229
221
132
-22
-149
-201
-119
35
234
297
193
13
-53
-105
-165
-59
12
-29
-94
-37
-159
-134
-114
-241
-314
-454
-487
-291
-51
-103
-28
-125
-345
-455
-451
-468
-506
-424
-428
-370
-340
-378
-499
-518
-600
-455
-253
-345
-419
-373
-302
-376
-429
-378
-361
-346
-224
-278
-394
-383
-216
-78
26
230
286
131
-122
-204
-176
-43
58
64
90
40
132
249
287
266
329
421
436
414
423
451
356
300
135
-91
-108
100
474
782
947
922
691
388
275
353
532
759
932
1085
1071
944
768
500
277
188
327
517
720
787
686
484
199
-27
-142
-151
-42
97
233
260
111
-163
-487
-697
-710
-464
-74
272
421
304
9
-330
-544
-551
-422
-206
-57
-42
-136
-365
-633
-908
-1028
-996
-819
-579
-415
-334
-450
-663
-870
-1005
-1058
-1019
-896
-782
-727
-716
-719
-707
-619
-474
-346
-336
-413
-517
-590
-548
-438
-278
-127
-63
-40
-147
-262
-370
-384
-309
-151
44
161
199
70
-74
-295
-295
-184
130
486
822
1110
1117
794
11
-957
-1607
-1397
-283
1261
2537
3008
2515
1411
337
-175
13
748
1761
2702
3221
3094
2381
1215
1
-700
-648
157
1254
2143
2374
1950
1019
-75
-899
-1249
-928
-175
662
1085
786
-173
-1423
-2271
-2383
-1729
-735
207
787
866
663
222
-239
-624
-679
-313
199
608
583
55
-864
-1714
-2257
-2307
-2006
-1563
-1082
-851
-839
-1040
-1350
-1585
-1610
-1306
-913
-537
-420
-652
-993
-1288
-1357
-1128
-670
-162
226
381
245
-72
-403
-539
-379
18
443
686
617
356
-73
-372
-579
-517
-345
-95
262
377
415
181
51
-37
98
373
656
1008
1219
1127
462
-734
-1842
-2134
-1353
378
2055
3114
3008
2058
915
95
44
509
1465
2503
3348
3631
3132
1956
476
-652
-987
-392
787
1943
2557
2438
1619
392
-763
-1507
-1494
-817
221
1068
1301
843
-142
-1272
-2195
-2596
-2225
-1101
417
1634
1984
1206
-222
-1424
-1808
-1250
-210
706
1071
774
-62
-1095
-2105
-2830
-3032
-2589
-1720
-841
-410
-650
-1373
-2131
-2517
-2305
-1601
-766
-74
129
-107
-673
-1236
-1532
-1378
-691
202
978
1339
1235
762
201
-209
-330
-146
199
566
728
643
267
-168
-540
-649
-506
-124
257
560
640
554
356
111
33
146
347
632
876
1124
947
154
-1235
-2601
-2869
-1974
89
1977
3187
3065
1996
707
-265
-403
36
1111
2394
3485
3836
3222
1871
170
-1083
-1408
-669
659
2004
2757
2670
1875
547
-742
-1597
-1598
-787
330
1289
1604
1120
-66
-1573
-2728
-2992
-2060
-188
1873
3191
3186
2083
441
-986
-1700
-1506
-743
166
811
809
64
-1278
-2726
-3796
-4005
-3318
-2017
-712
14
-12
-684
-1559
-2270
-2411
-1976
-1146
-327
178
114
-447
-1209
-1780
-1774
-1173
-214
772
1472
1665
1432
818
96
-445
-577
-259
265
655
666
230
-377
-844
-987
-799
-401
95
537
914
1085
1018
798
515
384
416
661
991
1337
1598
1082
-262
-2255
-3617
-3485
-1721
889
3005
3984
3334
1893
262
-790
-877
-38
1564
3191
4261
4219
2978
1007
-983
-2158
-2157
-1013
700
2165
2714
2176
865
-723
-1944
-2409
-1787
-529
942
1967
2163
1379
-261
-1887
-2925
-2760
-1545
339
2037
2941
2799
1673
238
-1019
-1532
-1229
-343
627
1073
764
-245
-1645
-2957
-3679
-3591
-2840
-1717
-698
-108
-166
-689
-1365
-1751
-1609
-967
-49
646
822
475
-254
-1123
-1603
-1544
-948
-65
877
1432
1378
876
138
-495
-798
-659
-348
-84
21
-68
-312
-730
-947
-1008
-857
-547
-61
426
711
899
879
864
705
715
736
990
1304
1717
1556
204
-2088
-4457
-5100
-3828
-899
2007
4008
4346
3124
1205
-607
-1325
-869
805
3000
4788
5371
4483
2465
-58
-2189
-3095
-2466
-696
1338
2767
3001
2043
343
-1545
-2862
-2985
-1754
179
1996
2992
2853
1505
-532
-2312
-3344
-2775
-978
1734
3852
4678
3957
1902
-361
-2267
-2839
-2341
-1027
361
1003
699
-637
-2338
-3861
-4653
-4308
-2992
-1128
489
1324
1106
133
-1086
-1896
-1925
-1280
-237
676
1010
597
-408
-1509
-2159
-2081
-1271
-77
1093
1855
1895
1191
155
-733
-1137
-1020
-639
-231
-211
-444
-867
-1174
-1302
-1189
-747
-160
516
938
1251
1294
1259
1257
1272
1411
1519
1731
1696
1498
402
-1708
-4204
-5774
-5184
-2792
614
3440
4934
4534
2651
428
-1056
-1067
291
2516
4642
5753
5503
3879
1271
-1513
-3426
-3731
-2561
-563
1386
2479
2278
1010
-865
-2606
-3498
-2852
-1022
1119
2764
3433
3062
1561
-386
-2398
-3250
-2716
-663
1962
3852
4499
3331
1227
-1323
-3053
-3616
-2952
-1473
-119
619
271
-790
-2325
-3825
-4540
-4088
-2554
-551
1196
2146
1918
882
-377
-1275
-1512
-1004
-33
753
944
497
-330
-1281
-1825
-1638
-827
319
1390
2051
1902
1060
71
-690
-1096
-1069
-710
-446
-391
-545
-815
-1092
-1263
-1141
-724
-84
636
1261
1597
1517
1377
1241
1197
1233
1260
1399
1251
1082
-262
-2844
-5683
-7182
-5913
-3099
834
3976
5657
5060
2664
309
-1277
-957
673
3115
5303
6289
5930
3783
503
-2738
-4744
-4766
-3390
-1048
1282
2546
2495
1106
-838
-2645
-3325
-2238
-65
2408
4235
5084
4596
2995
811
-1279
-2575
-2761
-1604
207
2007
2817
2305
648
-1427
-3045
-3708
-3199
-1904
-418
575
868
407
-663
-1973
-3052
-3282
-2642
-1445
-165
643
689
68
-725
-1302
-1504
-1246
-706
-169
110
11
-293
-643
-820
-613
-198
272
767
1080
1026
468
-240
-840
-1320
-1472
-1272
-894
-583
-464
-424
-409
-338
-176
188
527
817
1111
1394
1557
1596
1573
1557
1457
1460
1527
1403
633
-1962
-5103
-7559
-7340
-4765
-912
3108
5677
6185
4227
1574
-566
-989
141
2358
4904
6513
6818
5086
1800
-2003
-4985
-5964
-5171
-2977
-278
1801
2571
1760
-29
-1865
-2978
-2526
-649
1953
4348
5679
5753
4383
2262
-267
-2426
-3482
-3168
-1574
480
1978
1883
377
-1791
-3579
-4296
-3709
-2010
-77
1341
1976
1841
1092
-279
-1687
-2603
-2727
-1947
-785
174
301
-337
-1322
-2180
-2433
-2058
-1182
-257
473
747
673
378
178
156
250
480
701
886
777
278
-511
-1232
-1748
-1897
-1691
-1147
-585
-231
-136
-74
-16
131
377
708
1065
1351
1571
1416
1081
629
327
406
669
1176
1632
1703
729
-2397
-5936
-8363
-7929
-4899
-614
3962
6875
7158
4923
1743
-702
-1487
-459
2042
4796
6781
7234
5427
1796
-2541
-5999
-7365
-6681
-4186
-905
1852
3242
2804
1090
-969
-2370
-2110
-298
2471
5216
6834
6852
5334
2822
92
-2479
-4303
-4790
-3865
-1694
663
2091
1966
178
-2313
-4558
-5463
-4272
-1629
1537
4034
5141
4630
2415
-604
-3248
-4691
-4524
-3032
-1093
394
714
-75
-1528
-3079
-3951
-3826
-2551
-628
1342
2694
3125
2706
1617
319
-681
-978
-701
-237
14
-175
-883
-1987
-2999
-3342
-2902
-1668
-144
1175
1963
2039
1534
792
330
310
688
1200
1694
1925
1856
1458
952
555
293
418
585
6
-2530
-5592
-7679
-7461
-4815
-795
3769
6861
7515
5791
3047
807
-320
234
2250
4618
6472
6726
4959
1467
-2765
-6182
-7783
-7294
-5076
-1967
893
2674
2819
1686
60
-1103
-909
615
3054
5535
7037
7067
5480
2933
-19
-2690
-4415
-5436
-5509
-4610
-2971
-1299
-28
625
422
-361
-1042
-818
216
1684
3144
3932
3512
1814
-447
-2728
-4588
-5553
-5477
-4535
-3313
-1948
-847
-206
-68
-194
-151
114
681
1415
2042
2457
2342
1547
237
-1153
-2118
-2651
-2674
-2254
-1630
-1225
-1189
-1289
-1364
-1084
-601
80
819
1308
1529
1369
1059
810
560
460
460
572
875
1107
1348
1545
1523
1549
1311
707
-906
-4336
-7415
-9013
-7791
-4151
372
5098
7635
7515
5326
2398
552
-76
1082
3453
5791
7224
6743
4234
139
-4390
-7730
-8820
-7674
-4773
-1152
1978
3714
3516
2017
267
-793
-288
1530
4204
6653
7723
7149
4992
1993
-1022
-3696
-5530
-6499
-6203
-4596
-2436
-205
1290
1892
1452
438
-289
-275
489
1535
2491
2870
2427
1088
-864
-3082
-4914
-5872
-5795
-4803
-3302
-1659
-283
580
878
722
470
359
458
770
1206
1666
1707
1101
-76
-1472
-2551
-3252
-3414
-3008
-2311
-1642
-1297
-1057
-817
-452
-163
176
605
921
1236
1458
1552
1358
1034
605
390
361
502
773
930
1151
1204
1305
1190
280
-2208
-5762
-8443
-8928
-6500
-2158
2914
7102
8695
7653
4874
2059
277
46
1627
4056
6239
7051
5829
2665
-1775
-6077
-8756
-9055
-7055
-3541
365
3429
4709
4055
2204
294
-593
102
2178
4915
7033
7700
6591
3964
714
-2323
-4366
-5423
-6030
-6042
-5259
-4030
-2376
-426
1297
2261
2381
2194
1938
1819
2016
2253
2212
1471
178
-1408
-3273
-5070
-6378
-6865
-6494
-5294
-3279
-944
1097
2465
2910
2713
2152
1557
1301
1359
1676
1687
958
-351
-2004
-3552
-4734
-5173
-4555
-3253
-1649
-193
874
1507
1550
1429
1226
1150
1283
1481
1585
1456
1160
636
222
-134
-252
-67
365
896
1306
1590
1634
1045
-981
-3951
-6843
-8090
-6957
-3750
834
5000
7446
7497
5668
3300
1308
569
1307
3029
4927
5979
5572
3377
-270
-4283
-7427
-8744
-7881
-5269
-1761
1547
3680
4161
3283
1764
587
428
1532
3527
5542
6761
6499
4760
2036
-1099
-3797
-6273
-7751
-7415
-5659
-2973
-615
1257
1936
1595
1107
949
1508
2303
3088
3359
2744
1427
-364
-2464
-4611
-6182
-6728
-6279
-5128
-3577
-2069
-833
207
1134
1851
2349
2696
2789
2589
2117
1537
873
-147
-1334
-2406
-3252
-3747
-3838
-3493
-2885
-1937
-968
-134
693
1325
1714
1885
1828
1789
1565
1287
1134
940
845
591
402
309
174
233
372
605
880
1135
739
-1092
-3905
-6474
-7278
-5925
-2734
1544
5442
7500
7188
5436
3365
1632
898
1446
2924
4513
5263
4652
2438
-984
-4596
-7217
-8065
-7085
-4588
-1429
1426
3198
3663
3062
1961
1063
953
1907
3532
5054
5823
5429
3794
1345
-1325
-3486
-5265
-6774
-7236
-6577
-4854
-2623
-157
1883
2894
3178
3004
2754
2466
2232
2006
1525
588
-702
-2130
-3723
-5192
-6110
-6262
-5710
-4586
-3058
-1405
234
1819
3064
3801
3883
3512
2736
1693
763
22
-504
-1097
-1601
-2130
-2722
-3172
-3326
-2957
-2235
-1230
-153
780
1601
2045
2119
1996
1680
1415
1119
985
1020
1065
964
676
385
114
17
168
578
1149
1286
19
-2894
-6078
-7902
-7334
-4470
-237
4193
7017
7261
5526
3129
1349
557
1086
2668
4420
5502
5204
3255
-76
-3845
-6844
-8167
-7614
-5402
-2333
524
2329
2813
2284
1345
596
653
1708
3374
5010
5914
5745
4403
2174
-323
-2319
-3468
-3926
-4613
-5432
-5800
-5665
-4377
-2148
660
3116
4544
5116
4678
3812
2723
1665
757
-234
-964
-1557
-2329
-3458
-4689
-5647
-6102
-5704
-4375
-2324
-37
2063
3769
4733
4842
4173
3040
1832
728
-45
-551
-960
-1338
-1846
-2640
-3334
-3702
-3592
-2913
-1990
-800
293
1186
1853
2207
2281
2214
1961
1654
1341
1020
994
616
228
-281
-692
-719
-620
82
788
665
-1478
-4724
-7115
-7550
-5504
-1813
2786
6402
7463
6254
3783
1650
385
401
1898
3874
5448
5738
4364
1445
-2505
-5946
-7821
-7706
-5785
-2827
58
1927
2340
1731
854
208
446
1717
3573
5244
6026
5843
4535
2335
-81
-1977
-3062
-3823
-4399
-4757
-4753
-4602
-3868
-2396
-538
1376
2840
3941
4388
4157
3487
2362
1072
-249
-1327
-2132
-2886
-3666
-4339
-4841
-5015
-4649
-3694
-2252
-624
973
2333
3262
3703
3683
3218
2472
1523
565
-311
-1005
-1385
-1595
-1766
-1929
-2140
-2234
-2205
-1910
-1385
-810
-246
201
760
1316
1902
2404
2628
2488
1918
1366
834
430
261
206
209
145
228
395
-49
-2510
-5638
-7713
-7694
-5302
-1591
3007
6368
7070
5631
3366
1676
693
937
2600
4559
5815
5721
4016
746
-3362
-6558
-7820
-7090
-4876
-1896
558
1617
1274
229
-584
-852
79
2050
4302
5974
6415
5679
3906
1442
-785
-2186
-2420
-2376
-2290
-2273
-3067
-4055
-4708
-4345
-2936
-1045
1221
3240
4516
4819
4284
3272
1768
246
-841
-1512
-2004
-2495
-3069
-3747
-4414
-4755
-4396
-3480
-2114
-477
991
2256
3155
3524
3544
3165
2565
1756
779
-97
-834
-1420
-1886
-2267
-2597
-2786
-2615
-2069
-1422
-886
-433
-177
5
407
1040
1961
2768
3123
3073
2396
1463
502
-352
-673
-778
-316
338
645
-620
-3728
-6463
-7726
-6605
-3801
91
4206
6257
5949
4247
2658
1632
1085
1832
3543
5197
5873
5184
3050
-551
-4407
-6742
-6925
-5428
-2936
-495
910
903
-94
-1081
-1454
-872
884
3230
5234
6266
6217
5132
3048
799
-815
-1449
-1495
-1549
-1585
-2360
-3514
-4498
-4860
-3898
-2376
-388
1471
2797
3620
3553
3173
2461
1551
779
61
-554
-1286
-2385
-3623
-4714
-5296
-5050
-4070
-2591
-1151
-39
720
1346
1777
2097
2407
2687
2620
2114
1381
492
-518
-1564
-2255
-2600
-2688
-2579
-2194
-1551
-1093
-835
-720
-498
-211
170
967
1947
2820
3302
3333
2875
1885
751
-180
-596
-382
128
35
-2127
-5019
-6805
-6604
-4360
-1296
2197
4498
4654
3365
2052
1889
2192
2971
4376
5633
6142
5453
3649
843
-2498
-4928
-5623
-4738
-2838
-869
239
98
-1105
-2321
-2824
-2300
-589
1860
4130
5444
5577
4776
3389
1799
539
11
-15
55
-204
-1205
-2561
-3848
-4371
-3974
-3075
-2118
-1327
-704
-126
621
1572
2249
2324
2149
1800
1415
857
-115
-1368
-2833
-4024
-4297
-3885
-3139
-2461
-1979
-1692
-1444
-687
441
1426
2065
2643
3003
2813
2144
1270
472
-407
-1117
-1458
-1572
-1783
-2251
-2417
-2222
-1714
-1070
-326
357
781
1149
1504
1993
2424
2722
2618
2264
1698
1051
666
326
-90
-2021
-4725
-6424
-6454
-4265
-1289
1875
3974
3778
2219
595
375
1148
2409
4458
6227
6708
5929
4210
1675
-1402
-3918
-4461
-3379
-1838
-455
134
-254
-1627
-3041
-3417
-2904
-1437
732
2789
4247
4530
3991
2994
1739
803
588
1047
1498
1333
390
-1210
-3074
-4252
-4323
-3574
-2447
-1474
-631
-115
57
231
411
544
486
550
1042
1459
1394
700
-550
-1919
-3135
-3670
-3453
-2983
-2535
-2204
-1794
-1257
-618
126
851
1359
1670
1892
1976
1761
1260
713
374
17
-466
-884
-1405
-1980
-2465
-2422
-1888
-1106
-286
415
1176
1658
1913
1929
1848
1775
1545
1455
1297
1323
1332
491
-2032
-4840
-6072
-5234
-2691
132
2769
3927
2726
546
-750
-187
1214
2875
4837
6134
6038
4700
2925
1092
-763
-1921
-1725
-823
-131
-113
-884
-1913
-2830
-3154
-2619
-1594
-384
692
1457
1919
2090
2111
2104
2089
2198
2210
2147
1841
709
-675
-1779
-2584
-2923
-3036
-2638
-2160
-1816
-1277
-896
-618
-654
-624
-245
49
404
782
909
681
175
-347
-859
-1472
-1910
-2187
-2336
-2341
-2261
-2099
-1867
-1446
-793
-18
743
1309
1526
1503
1423
1235
959
793
746
502
-211
-921
-1415
-1769
-1876
-1534
-898
-398
22
580
1124
1540
1820
1827
1814
1657
1583
1415
1051
-446
-3327
-5159
-5155
-2970
-102
2123
3487
2783
676
-1060
-1008
353
1799
3406
4906
5176
4202
2928
1520
199
-533
-13
1340
1941
1568
371
-1317
-2696
-3136
-2506
-1587
-878
-474
-542
-718
-521
103
1000
1911
2729
3119
3050
2302
1168
30
-713
-1007
-1324
-1245
-1096
-1250
-1652
-1855
-1535
-1365
-1414
-1244
-996
-919
-910
-638
-286
-257
-285
-193
-375
-732
-1052
-1298
-1467
-1420
-1001
-681
-583
-690
-1140
-1616
-1640
-1191
-679
-192
471
1031
1061
913
902
760
381
180
21
-221
-369
-396
-356
-409
-189
156
310
377
643
940
1020
1139
1588
1524
957
-835
-3467
-4658
-3977
-1241
1447
3006
3457
1973
-306
-1489
-355
1879
3204
4008
4341
3294
1666
501
173
332
720
1796
2724
2533
1573
234
-877
-1202
-747
-121
-135
-566
-1161
-1866
-2042
-1483
-732
1
670
1307
1646
1634
1560
1148
759
662
707
566
257
-166
-829
-1588
-1969
-1762
-1611
-1690
-1601
-1463
-1602
-1697
-1453
-1153
-1104
-1046
-815
-819
-943
-997
-1054
-1202
-1099
-776
-628
-534
-367
-441
-818
-1022
-782
-586
-561
-386
-252
-208
-97
191
243
-17
-159
-139
-133
257
851
1163
1025
865
817
741
745
917
1224
1318
1039
801
-426
-3074
-4720
-4501
-2260
217
1884
2611
1839
235
-647
453
2576
3847
4171
4217
3516
2565
1727
1259
906
337
327
711
951
774
222
-182
125
745
1162
1086
568
-224
-1262
-1670
-1058
-470
-310
-294
-299
-380
-649
-366
-10
72
564
1068
1184
1072
934
788
351
130
342
23
-865
-1841
-2422
-2761
-2948
-2421
-1724
-1633
-1702
-1771
-1911
-1885
-1508
-900
-593
-332
-36
-227
-699
-902
-850
-932
-947
-540
-182
-406
-561
-349
-385
-452
-294
-139
-281
-416
-347
-265
-128
129
537
815
1132
1400
1469
1334
1265
1243
1056
947
982
-631
-2794
-3503
-2428
-261
1060
1623
1259
-338
-1995
-1854
348
2713
3745
4204
4118
3191
2201
1812
1940
1910
1904
2265
2533
1931
688
-527
-907
-511
168
686
537
-146
-1073
-1659
-1282
-434
111
370
383
83
-448
-551
-419
-875
-1225
-729
267
1097
1369
1124
208
-928
-1059
-167
810
1205
1115
460
-848
-1943
-2190
-2274
-2702
-2850
-2721
-2556
-2421
-2294
-2283
-2366
-2068
-1384
-644
25
335
78
-334
-321
-93
-204
-289
-127
-115
-224
-84
104
-492
-1331
-1435
-966
-328
453
1254
1631
1295
1039
995
824
560
642
1044
1365
749
-1239
-2769
-2887
-1354
271
1442
2027
1401
-30
-902
125
1865
2538
2388
2350
1834
1212
1360
1915
2135
1896
1954
2121
2056
1912
1698
1608
1597
1643
1430
606
-392
-1001
-998
-573
-156
-167
-741
-1392
-1912
-1952
-1211
-311
165
-286
-822
-827
-569
202
1116
1589
1265
728
658
663
389
77
-372
-902
-1392
-1421
-862
-653
-961
-1415
-1781
-2130
-2288
-2336
-2435
-2593
-2485
-2091
-1668
-1357
-1408
-1486
-1361
-1063
-742
-485
-215
21
181
407
635
519
38
-510
-731
-380
96
615
894
741
578
523
649
731
959
1047
909
-597
-2398
-2876
-1758
130
1073
1476
1099
-91
-1339
-1094
525
1905
2185
2427
2661
2088
1692
1641
2041
2165
2138
2368
2315
1812
1038
709
941
1434
1594
1233
642
160
29
230
647
659
137
-330
-471
-494
-461
-454
-1268
-2432
-2772
-1900
-1026
-476
159
359
121
5
756
1649
1790
1585
1425
920
313
124
71
-296
-759
-983
-1484
-2104
-2409
-2428
-2296
-1794
-1123
-1046
-1450
-1759
-1975
-2138
-1903
-1307
-936
-984
-957
-862
-928
-947
-908
-1089
-1239
-728
-8
458
605
904
1070
847
905
1197
1315
1240
1104
647
99
-1628
-3135
-3088
-1324
1059
1784
1378
370
-941
-1932
-1117
1057
2680
2315
1415
991
542
565
912
1669
1975
1770
1651
1802
1870
1901
2200
2793
3184
2748
1769
725
187
78
200
396
114
-677
-1236
-1112
-728
-404
-477
-914
-1603
-1930
-1510
-808
-75
419
471
-42
-626
-623
-195
197
600
896
707
199
-127
-109
-96
-124
-158
-429
-802
-923
-811
-760
-687
-695
-983
-1508
-1876
-1992
-2146
-2180
-1940
-1616
-1535
-1525
-1349
-1037
-934
-824
-687
-690
-480
-81
589
1125
1402
1300
1011
499
152
-21
184
788
1246
890
-981
-2047
-1664
-60
1192
1611
1487
736
-405
-774
399
1538
1789
1165
925
598
254
254
571
1020
1175
1251
1359
1434
1127
1098
1580
2304
2426
1741
1041
664
802
1326
1848
1653
522
-608
-964
-801
-499
-328
-626
-1482
-2464
-2476
-1842
-1286
-807
-311
-238
-534
-682
-387
-12
76
381
693
732
256
-224
-432
-594
-695
-528
-430
-674
-827
-909
-977
-925
-637
-484
-654
-891
-1007
-1119
-1235
-1136
-1061
-1122
-1317
-1417
-1511
-1578
-1499
-1302
-992
-589
-122
265
707
1208
1436
1310
1301
1270
1350
1378
1496
1053
-871
-2156
-1716
-241
628
692
613
386
-294
-328
1025
2249
2264
1451
1361
1377
1120
1121
1324
1318
977
618
438
487
256
355
951
1738
1919
1254
703
636
778
995
1238
1136
324
-603
-491
-41
-189
-667
-957
-1302
-1964
-2034
-1205
-568
-617
-697
-715
-863
-985
-773
-345
-176
-270
-270
-319
-494
-557
-502
-499
-627
-552
-481
-603
-609
-617
-773
-831
-648
-471
-415
-378
-471
-952
-1275
-1148
-1012
-1066
-1057
-1043
-1298
-1570
-1361
-777
-499
-269
177
583
655
855
1184
1137
830
964
1497
1625
1404
-23
-1136
-896
422
1645
1639
1189
573
25
-15
1081
1962
1890
989
614
906
952
1216
1350
1251
939
977
1218
1401
1250
1038
1245
1628
1936
1452
672
315
424
539
494
325
-146
-721
-981
-583
-492
-780
-1424
-1952
-2080
-1795
-1117
-998
-1225
-1305
-1131
-895
-304
180
82
-597
-1048
-869
-633
-402
-271
-270
-684
-1118
-1213
-1046
-890
-820
-730
-841
-927
-936
-1024
-1112
-996
-778
-804
-870
-986
-1194
-1382
-1361
-1207
-1090
-1066
-1025
-1024
-932
-519
-109
409
714
1017
1239
1143
1015
1258
1377
1398
588
-546
-437
502
1671
1800
1480
1217
1016
900
1566
2588
2780
1923
1168
1507
1733
1794
1757
1689
1344
988
1046
1414
1639
1381
1326
1550
1782
1556
1206
1121
1222
1325
1307
961
253
-524
-776
-511
-308
-851
-1741
-2457
-2914
-2565
-1791
-1127
-1258
-1716
-1852
-1504
-1007
-696
-832
-1207
-1373
-1231
-666
-479
-718
-1190
-1527
-1337
-756
-216
-261
-726
-1287
-1484
-1222
-583
-242
-551
-1075
-1591
-1922
-1923
-1641
-1319
-1317
-1609
-1757
-1841
-1918
-1753
-1309
-802
-484
-140
257
450
404
428
775
1258
1701
1656
1161
-246
-972
-246
1349
2580
2511
1833
1168
1014
1304
2516
3393
3330
2333
1736
1939
1958
2015
2041
2102
1792
1641
1845
2331
2232
1696
1756
2085
2171
1766
1555
1544
1516
1410
1347
966
356
-198
-333
-89
-308
-798
-1797
-2611
-2605
-1839
-1217
-1303
-1841
-2302
-2366
-2004
-1195
-804
-1103
-1920
-2299
-1968
-1435
-1022
-1080
-1595
-2020
-1932
-1597
-1149
-799
-761
-964
-1001
-739
-723
-1058
-1259
-1347
-1441
-1368
-1123
-1148
-1593
-2129
-2216
-2002
-1773
-1428
-1242
-1263
-1296
-1082
-760
-413
-117
133
95
272
828
1195
861
-448
-855
37
1582
2500
2407
1886
1394
1220
1584
2885
3791
3499
2354
2236
2846
3081
3051
2919
2830
2191
1771
2086
2685
2491
1990
2056
2372
2341
1870
1746
1786
1771
1726
1702
1545
1056
573
377
458
-55
-1052
-1870
-2158
-1885
-1499
-1190
-1297
-1714
-2188
-2145
-1688
-1230
-1261
-1714
-1898
-1859
-1637
-1485
-1506
-1844
-2203
-2378
-2173
-1706
-1421
-1383
-1559
-1490
-1371
-1171
-889
-805
-987
-1256
-1435
-1473
-1455
-1515
-1528
-1735
-1957
-2058
-2051
-2019
-2076
-2068
-1834
-1426
-958
-464
-363
-399
-417
-101
173
317
-335
-1078
-847
42
1205
1617
1651
1221
886
969
2028
3109
3300
2873
2542
2875
2896
3203
3559
3575
3141
2792
2873
3039
2988
2708
2663
2690
2706
2502
2350
2424
2314
2037
1889
1771
1373
981
877
984
671
-311
-1229
-1572
-1512
-1094
-639
-594
-1064
-1556
-1494
-1090
-733
-643
-1058
-1691
-1952
-1812
-1451
-1360
-1662
-2051
-2314
-2303
-1927
-1545
-1502
-1673
-1782
-1590
-1476
-1418
-1451
-1623
-1718
-1777
-1721
-1628
-1672
-1869
-2144
-2341
-2273
-2049
-1749
-1533
-1689
-1902
-1927
-1586
-1256
-1042
-838
-553
-387
-522
-707
-1601
-2133
-1583
-205
793
958
872
792
702
842
1947
3023
3292
2700
2622
3090
3169
3168
3214
3279
2907
2674
2905
3452
3474
3112
3093
3336
3470
3087
2973
3059
2954
2526
2149
1899
1490
1029
991
1213
898
-14
-1109
-1576
-1486
-820
-274
-199
-701
-1343
-1539
-1202
-666
-639
-972
-1560
-1700
-1601
-1290
-1099
-1320
-1874
-2322
-2038
-1482
-1043
-1081
-1221
-1640
-1884
-1759
-1544
-1479
-1737
-2023
-2197
-2170
-2050
-1919
-2007
-2207
-2457
-2520
-2314
-2037
-1812
-1687
-1571
-1411
-1346
-1410
-1452
-1458
-1069
-548
-279
-684
-1851
-2267
-1554
-295
489
700
506
292
230
847
2092
2734
2642
2092
2192
2572
2849
3067
3152
2887
2563
2657
3002
3433
3485
3687
3875
3925
3828
3567
3323
3123
2973
2849
2679
2067
1468
1161
1042
820
219
-632
-1195
-1202
-747
-243
-180
-578
-1065
-1208
-929
-689
-731
-932
-1395
-1531
-1286
-997
-1033
-1496
-1921
-2008
-1862
-1572
-1141
-1133
-1425
-1683
-1560
-1143
-932
-922
-1063
-1384
-1744
-1898
-1924
-1777
-1788
-2049
-2236
-2391
-2314
-2159
-2020
-2001
-1953
-1804
-1523
-1225
-1143
-1123
-1184
-917
-744
-781
-1452
-2115
-1986
-1016
130
427
315
-80
-196
-75
888
1880
2217
1798
1414
1924
2459
2815
2821
2816
2470
2290
2562
3075
3223
2963
3002
3207
3411
3335
3281
3113
2923
2721
2564
2500
2138
1769
1582
1585
1352
711
-340
-909
-803
-298
-19
-360
-827
-1214
-1191
-952
-595
-809
-1261
-1698
-1579
-897
-443
-467
-1196
-1834
-2065
-1694
-1175
-759
-889
-1344
-1642
-1458
-825
-615
-779
-1207
-1442
-1618
-1581
-1345
-1317
-1713
-2251
-2399
-2267
-1995
-1724
-1563
-1696
-1816
-1706
-1425
-1278
-1222
-1230
-998
-795
-796
-1325
-1991
-1982
-1189
-178
281
215
-232
-516
-486
311
1285
1702
1491
1133
1322
1767
2272
2579
2576
2297
2197
2402
2777
2981
2910
2879
2865
3026
3119
3118
2992
2790
2635
2514
2342
2081
1945
1814
1653
1322
815
244
-241
-345
-66
231
5
-562
-1046
-1030
-831
-669
-598
-776
-1215
-1502
-1276
-932
-828
-1122
-1444
-1608
-1479
-1230
-962
-934
-1222
-1535
-1700
-1476
-1197
-993
-1032
-1276
-1485
-1607
-1580
-1480
-1442
-1647
-1854
-1887
-1747
-1611
-1527
-1506
-1522
-1543
-1435
-1324
-1244
-1243
-1146
-892
-601
-624
-1201
-1641
-1497
-643
104
452
308
5
-185
15
803
1516
1715
1353
1184
1337
1660
1934
2090
2020
1860
2020
2391
2694
2564
2331
2251
2414
2615
2754
2805
2655
2449
2298
2358
2274
1969
1642
1569
1504
1231
471
-427
-734
-317
448
699
187
-662
-1106
-927
-358
-50
-261
-775
-1419
-1460
-1003
-500
-541
-1260
-1862
-1785
-1251
-811
-636
-874
-1236
-1493
-1288
-827
-722
-1045
-1381
-1505
-1472
-1337
-1291
-1350
-1631
-1885
-1918
-1773
-1624
-1666
-1745
-1712
-1540
-1289
-1066
-1037
-1187
-1299
-1114
-773
-594
-893
-1332
-1363
-833
-52
470
538
149
-203
-138
538
1276
1593
1433
1067
1043
1282
1728
1933
1828
1515
1460
1816
2357
2611
2471
2323
2267
2374
2452
2513
2428
2182
1945
1911
1927
1780
1505
1235
1011
720
461
188
-6
68
433
737
572
58
-418
-566
-430
-230
-261
-516
-905
-1163
-1065
-842
-741
-947
-1381
-1629
-1431
-1003
-675
-619
-790
-996
-1169
-1128
-959
-934
-1146
-1358
-1505
-1537
-1560
-1634
-1659
-1807
-1933
-1889
-1675
-1444
-1410
-1413
-1285
-1072
-937
-829
-778
-858
-1005
-1001
-816
-555
-632
-1014
-1206
-857
-140
386
558
365
166
215
598
1149
1527
1512
1293
1188
1264
1530
1704
1832
1777
1722
1772
1964
2102
2041
1959
1902
2075
2227
2196
2016
1774
1582
1590
1706
1675
1342
950
733
578
479
361
332
246
206
209
185
-13
-236
-254
-245
-245
-382
-473
-685
-852
-882
-781
-686
-809
-1015
-1130
-1083
-954
-774
-695
-759
-1008
-1221
-1268
-1165
-1194
-1296
-1417
-1592
-1723
-1766
-1658
-1547
-1438
-1332
-1255
-1277
-1265
-1226
-1139
-1113
-1073
-997
-966
-891
-821
-636
-561
-529
-511
-485
-444
-359
-229
-154
-57
172
574
849
908
785
690
703
864
1125
1350
1333
1158
1007
1049
1252
1441
1543
1483
1316
1295
1492
1705
1794
1724
1637
1539
1468
1419
1367
1334
1279
1223
1163
1054
878
708
554
340
39
-296
-467
-312
34
379
376
21
-438
-570
-343
25
194
-32
-419
-834
-915
-672
-394
-442
-728
-1025
-1107
-979
-799
-707
-775
-871
-975
-963
-952
-966
-1049
-1147
-1276
-1359
-1309
-1310
-1271
-1233
-1282
-1354
-1383
-1277
-1049
-913
-751
-669
-716
-680
-524
-402
-367
-371
-214
-11
119
146
14
-118
-153
-6
198
395
405
397
508
642
929
1075
992
786
698
934
1274
1514
1484
1233
969
876
1026
1279
1393
1219
994
893
909
1100
1244
1232
1077
933
901
925
913
836
770
644
540
437
308
107
-201
-362
-267
21
294
319
47
-355
-605
-466
-161
-41
-222
-523
-730
-720
-582
-480
-537
-817
-1055
-1047
-880
-717
-679
-695
-778
-861
-970
-928
-879
-900
-933
-971
-892
-967
-1193
-1418
-1356
-1140
-918
-779
-754
-738
-795
-620
-446
-310
-351
-362
-301
-283
-224
-164
-1
56
139
181
225
300
244
257
373
611
772
775
706
674
651
737
842
850
770
674
685
781
932
1009
981
856
760
794
944
1064
1094
1045
913
766
683
673
705
701
680
621
520
427
333
307
345
337
310
235
131
-20
-221
-388
-386
-188
34
181
40
-287
-513
-445
-195
-64
-222
-551
-785
-803
-627
-460
-445
-635
-919
-1039
-881
-618
-396
-319
-379
-500
-585
-537
-485
-497
-595
-691
-738
-745
-652
-632
-761
-867
-713
-558
-429
-366
-323
-322
-391
-258
-126
-17
-61
-112
-119
-101
-8
160
209
31
-104
-136
83
292
408
407
272
318
449
610
728
717
561
371
334
423
503
543
535
529
488
472
501
511
487
499
594
673
659
552
486
430
469
477
433
286
130
54
58
156
234
224
120
15
-65
-38
6
8
-84
-199
-263
-227
-147
-98
-158
-252
-351
-318
-204
-141
-174
-255
-260
-199
-76
7
-46
-178
-317
-334
-257
-122
-41
-120
-107
-150
-236
-348
-393
-327
-261
-150
-53
-11
-118
-279
-366
-369
-282
-166
-126
-113
-376
-495
-448
-298
-248
-347
-310
-363
-210
-76
140
21
-155
-199
-118
55
118
196
91
-35
-82
58
156
182
186
166
165
165
295
336
303
288
312
402
467
464
325
196
125
150
218
216
216
174
105
80
130
160
117
73
39
83
106
134
102
-25
-96
-83
8
73
61
-6
-57
-35
56
85
119
84
37
29
87
194
244
230
127
98
175
298
372
377
282
181
90
51
101
127
129
93
55
0
-46
-59
-63
-89
-221
-338
-405
-431
-363
-321
-254
-273
-330
-415
-466
-499
-512
-439
-387
-357
-378
-440
-436
-366
-304
-290
-277
-247
-246
-235
-154
-48
-5
-31
-78
-86
-121
-149
-179
-131
-10
122
197
146
35
-51
-77
-21
79
72
9
-103
-167
-75
41
105
133
101
41
22
92
125
49
-27
-40
39
104
143
175
213
250
262
340
411
487
531
560
636
671
633
567
537
587
617
602
559
543
504
492
515
551
555
488
410
369
312
221
173
171
142
69
-7
-89
-203
-271
-292
-329
-323
-372
-398
-417
-457
-491
-515
-508
-456
-458
-498
-507
-502
-462
-431
-373
-358
-379
-388
-400
-383
-345
-303
-283
-309
-346
-368
-398
-367
-327
-242
-223
-266
-306
-328
-337
-341
-297
-277
-307
-392
-446
-441
-411
-362
-301
-264
-250
-219
-207
-128
-84
-47
-28
16
85
112
149
176
258
266
300
334
398
436
506
597
669
765
784
784
802
806
836
836
820
821
808
792
796
776
752
685
673
663
595
520
451
392
330
273
196
109
-6
-87
-179
-192
-233
-266
-313
-361
-343
-327
-311
-363
-378
-377
-366
-327
-262
-254
-308
-387
-426
-449
-455
-396
-392
-372
-408
-431
-408
-350
-338
-352
-325
-328
-307
-340
-360
-335
-365
-409
-471
-521
-576
-615
-636
-569
-528
-504
-467
-424
-386
-332
-253
-190
-138
-104
-75
-37
-7
-11
5
1
2
13
81
181
279
370
492
553
618
715
744
741
718
713
725
715
737
757
740
711
695
675
659
629
646
674
685
678
612
514
449
433
417
399
363
248
115
33
-21
-33
-53
-124
-233
-315
-340
-337
-305
-252
-224
-234
-243
-255
-272
-308
-307
-308
-296
-323
-402
-463
-512
-544
-512
-451
-402
-375
-413
-424
-435
-475
-506
-487
-505
-555
-597
-662
-691
-732
-726
-722
-742
-743
-714
-644
-534
-408
-281
-213
-203
-235
-238
-232
-175
-87
-27
-8
-3
51
90
171
228
326
397
458
510
616
710
757
808
812
832
823
788
750
769
759
748
737
747
721
719
748
782
799
792
767
742
710
684
647
562
481
391
300
222
188
174
100
46
13
-25
-70
-87
-83
-79
-112
-136
-192
-226
-249
-287
-299
-319
-328
-390
-436
-496
-528
-527
-571
-565
-616
-655
-654
-642
-620
-626
-645
-644
-662
-715
-728
-772
-745
-774
-777
-805
-810
-820
-834
-831
-790
-726
-669
-614
-557
-507
-440
-355
-262
-169
-110
-61
-34
17
81
160
243
330
405
463
497
542
615
662
707
762
804
865
911
937
964
975
966
931
875
860
865
851
880
862
815
757
688
706
711
707
675
612
544
480
453
409
372
308
208
164
109
54
2
-29
-66
-96
-126
-153
-195
-258
-309
-346
-376
-440
-495
-526
-534
-577
-598
-624
-689
-715
-752
-766
-774
-786
-809
-792
-779
-752
-747
-780
-803
-811
-841
-847
-827
-839
-844
-844
-825
-748
-703
-653
-604
-558
-510
-447
-349
-251
-153
-74
-42
10
41
77
131
201
293
342
401
435
494
530
613
716
795
850
912
949
983
1028
1047
1065
1052
996
935
898
873
852
863
855
834
808
802
811
802
798
754
729
678
616
537
468
387
295
230
163
110
62
39
14
-12
-44
-92
-116
-158
-216
-264
-311
-356
-455
-535
-576
-624
-662
-681
-710
-740
-784
-807
-833
-837
-835
-863
-879
-917
-952
-1021
-1056
-1051
-1029
-985
-946
-909
-885
-859
-817
-752
-690
-647
-608
-587
-573
-566
-499
-439
-372
-316
-264
-196
-135
-15
74
192
252
328
363
390
471
532
601
648
688
701
717
726
751
806
878
928
942
943
944
928
921
957
964
977
963
969
961
940
901
850
794
696
635
597
550
509
459
409
372
343
328
302
278
224
186
152
105
53
3
-65
-127
-206
-297
-356
-413
-422
-468
-482
-516
-554
-589
-645
-713
-770
-789
-853
-884
-891
-904
-927
-944
-945
-949
-984
-997
-983
-982
-970
-912
-865
-811
-790
-778
-736
-710
-669
-619
-534
-433
-341
-260
-185
-170
-129
-52
7
120
200
262
287
312
338
371
427
468
505
541
594
628
674
713
731
761
782
808
834
875
906
905
934
913
905
898
881
905
869
829
771
692
637
622
616
613
584
562
534
522
487
442
388
345
247
188
152
99
75
-6
-69
-174
-238
-293
-332
-354
-400
-471
-545
-581
-633
-647
-676
-715
-748
-826
-882
-918
-969
-1018
-1049
-1035
-1068
-1076
-1070
-1048
-1004
-999
-957
-918
-905
-873
-846
-800
-732
-691
-627
-570
-518
-474
-436
-364
-274
-197
-73
9
93
162
198
227
280
332
406
475
525
590
613
635
643
707
739
782
802
801
850
855
886
916
903
886
875
884
898
943
946
929
898
883
848
823
813
789
757
711
682
634
594
555
503
445
386
357
316
266
188
103
16
-48
-119
-195
-265
-301
-337
-369
-416
-462
-510
-611
-674
-722
-764
-815
-871
-914
-948
-978
-1028
-1032
-1048
-1056
-1052
-1018
-991
-1001
-986
-935
-921
-874
-842
-862
-826
-829
-789
-722
-651
-575
-516
-439
-381
-322
-278
-212
-116
-64
22
112
169
229
259
293
323
362
430
453
522
591
638
672
706
713
707
721
748
777
782
801
832
854
861
891
914
931
916
902
874
855
820
782
769
757
706
684
658
612
566
541
496
466
446
425
362
283
198
104
22
-33
-73
-103
-130
-200
-298
-388
-470
-532
-574
-652
-714
-753
-799
-841
-853
-857
-871
-885
-881
-916
-938
-959
-986
-1001
-993
-980
-947
-886
-864
-837
-815
-790
-766
-723
-648
-588
-508
-429
-397
-343
-299
-255
-196
-148
-104
-40
15
53
116
185
243
314
358
393
443
483
543
580
618
636
660
669
730
741
747
743
724
733
747
790
816
850
850
850
837
852
854
842
820
781
754
720
696
639
584
526
445
420
388
383
367
312
266
208
169
122
74
19
-70
-148
-254
-354
-435
-507
-548
-591
-601
-637
-649
-679
-692
-711
-736
-759
-784
-803
-840
-862
-903
-921
-925
-926
-912
-865
-820
-787
-745
-712
-673
-626
-571
-515
-482
-446
-415
-371
-340
-304
-246
-215
-178
-145
-122
-77
-52
19
90
133
199
222
256
287
340
375
431
489
483
502
488
480
466
473
491
510
531
571
614
648
676
711
720
733
762
772
763
754
718
637
574
508
473
466
482
474
483
473
463
439
375
351
303
267
236
212
164
97
23
-59
-129
-175
-208
-244
-252
-277
-299
-365
-436
-493
-546
-569
-565
-560
-583
-608
-634
-645
-671
-672
-671
-672
-667
-646
-650
-636
-652
-630
-618
-588
-552
-519
-474
-470
-421
-399
-357
-307
-249
-182
-182
-157
-135
-132
-102
-89
-62
-33
-9
29
71
136
195
235
297
320
355
380
356
372
351
381
399
421
441
462
468
470
492
515
575
608
639
642
661
621
601
575
562
538
505
483
443
402
383
373
353
339
323
314
287
247
210
166
106
46
-26
-86
-125
-137
-160
-179
-207
-267
-323
-356
-375
-398
-412
-402
-421
-456
-489
-521
-562
-582
-589
-610
-574
-588
-578
-575
-573
-570
-555
-531
-509
-467
-436
-430
-412
-388
-362
-360
-310
-279
-248
-211
-177
-148
-151
-123
-109
-112
-96
-62
-29
21
63
122
161
215
255
301
326
338
323
316
327
324
343
366
374
401
428
472
527
563
610
634
638
595
556
549
535
537
547
539
521
500
465
474
452
439
404
351
313
271
258
239
231
193
144
116
75
32
-13
-71
-106
-156
-210
-235
-275
-281
-310
-337
-362
-381
-424
-445
-477
-477
-503
-527
-528
-526
-500
-481
-452
-495
-497
-520
-540
-539
-548
-538
-530
-502
-494
-428
-373
-334
-299
-278
-257
-237
-202
-187
-182
-152
-136
-126
-85
-81
-63
-39
-19
36
49
59
84
82
110
117
159
182
203
256
324
384
412
439
448
446
482
510
553
619
677
626
221
-574
-1117
-911
-93
817
1377
1511
1111
578
240
240
419
765
1225
1431
1158
521
-220
-906
-1129
-622
261
935
1033
536
-238
-873
-1042
-671
-91
396
648
644
266
-450
-1116
-1472
-1301
-695
39
515
461
-33
-714
-1126
-1101
-716
-146
274
407
181
-232
-629
-864
-892
-600
-129
251
318
15
-391
-706
-763
-450
21
416
516
267
-128
-484
-611
-451
-110
228
407
345
117
-221
-449
-425
-166
215
546
695
537
208
-150
-336
-248
38
374
589
619
429
151
-47
-66
79
294
495
547
467
271
80
-8
-22
110
260
364
353
237
78
-31
-32
55
208
308
309
205
69
-15
-31
25
104
170
187
187
143
85
-9
-98
-50
1
90
131
89
9
-93
-136
-180
-140
-86
-36
1
6
-28
-82
-107
-153
-145
-124
-84
-95
-161
-244
-349
-373
-357
-292
-287
-265
-253
-296
-313
-353
-352
-343
-317
-279
-262
-272
-288
-333
-376
-374
-318
-246
-160
-124
-135
-129
-122
-133
-87
-76
4
83
85
100
37
8
5
21
112
214
309
305
272
189
170
204
241
288
260
278
248
240
255
302
349
383
410
394
368
328
280
280
271
287
293
287
266
216
218
221
256
271
254
236
239
221
195
213
173
151
138
100
66
2
-63
-103
-125
-102
-71
-35
-37
-86
-129
-176
-212
-237
-248
-216
-219
-251
-280
-340
-382
-367
-333
-299
-278
-283
-329
-377
-407
-412
-373
-340
-269
-259
-257
-287
-326
-349
-324
-268
-242
-193
-204
-213
-200
-207
-157
-107
-73
-6
9
16
-23
-71
-106
-122
-41
64
157
199
173
160
169
166
187
267
334
379
373
320
233
154
149
208
336
396
421
353
270
237
221
297
363
415
423
361
270
162
106
100
141
209
293
328
296
220
135
109
62
51
31
57
53
18
-57
-111
-116
-138
-116
-61
-1
-6
-71
-146
-228
-270
-271
-249
-206
-197
-228
-287
-376
-447
-442
-383
-283
-207
-189
-195
-292
-372
-358
-333
-252
-199
-155
-172
-242
-285
-312
-255
-158
-72
-10
4
-56
-124
-170
-150
-94
-20
67
119
93
24
-28
-62
-32
38
145
198
195
137
90
78
56
109
193
276
321
337
301
207
119
88
145
222
307
343
347
320
247
214
233
263
308
363
362
325
236
196
157
189
234
293
308
271
217
136
102
49
51
71
118
140
123
97
25
-60
-126
-170
-170
-163
-144
-141
-128
-153
-198
-195
-243
-298
-315
-321
-341
-374
-379
-425
-452
-451
-430
-399
-353
-318
-307
-314
-336
-358
-417
-418
-405
-368
-323
-295
-259
-266
-240
-239
-208
-157
-122
-77
-57
-73
-100
-102
-89
-44
44
129
186
199
208
161
127
158
197
248
300
303
286
289
261
288
337
423
476
509
500
445
409
385
413
462
518
555
546
477
393
340
325
368
433
469
452
393
289
207
185
173
200
212
220
157
71
-26
-87
-126
-138
-123
-131
-148
-211
-233
-278
-302
-283
-281
-298
-343
-401
-445
-497
-484
-459
-455
-457
-480
-523
-550
-571
-549
-510
-478
-466
-478
-517
-574
-571
-554
-462
-373
-300
-283
-300
-332
-350
-320
-258
-174
-114
-62
-41
-76
-92
-99
-67
2
95
198
237
219
216
202
240
297
391
459
490
525
490
477
445
466
486
542
570
586
588
522
515
518
563
609
626
618
583
532
483
474
470
463
467
432
400
332
257
226
183
171
144
122
74
22
-36
-74
-96
-106
-151
-149
-205
-263
-298
-377
-432
-454
-437
-456
-459
-473
-509
-530
-535
-546
-542
-543
-538
-556
-610
-661
-690
-652
-606
-498
-435
-406
-440
-475
-504
-497
-441
-370
-284
-259
-276
-323
-352
-348
-306
-211
-105
-24
10
26
44
41
67
145
213
255
284
275
275
266
277
300
345
381
431
464
462
472
493
539
599
632
641
638
621
573
537
513
482
510
502
495
500
487
441
431
436
430
436
425
403
331
283
214
161
120
88
56
44
25
0
-7
-66
-120
-165
-215
-224
-256
-271
-263
-275
-273
-313
-362
-431
-461
-462
-445
-415
-438
-466
-523
-580
-614
-601
-577
-507
-480
-476
-468
-491
-524
-524
-509
-476
-425
-397
-398
-419
-429
-398
-370
-350
-261
-238
-213
-188
-179
-154
-105
-65
-38
10
27
60
68
110
176
226
296
330
346
347
370
381
416
438
515
538
549
553
527
511
510
545
560
589
589
589
561
535
545
527
545
549
497
489
444
380
325
298
304
291
276
230
190
125
88
62
37
3
-25
-53
-89
-163
-194
-250
-274
-288
-287
-304
-318
-344
-404
-454
-478
-455
-446
-427
-439
-454
-486
-520
-539
-531
-516
-483
-455
-436
-452
-472
-480
-483
-417
-371
-335
-300
-297
-276
-285
-274
-264
-228
-203
-163
-146
-116
-74
-53
-13
29
88
105
154
179
208
218
227
264
279
299
324
313
304
325
319
330
367
390
422
421
418
416
423
437
447
473
469
442
408
392
359
344
356
360
361
336
309
303
260
262
268
263
242
207
170
92
46
-3
-9
-39
-42
-68
-80
-114
-156
-168
-192
-200
-238
-272
-332
-369
-409
-434
-444
-456
-429
-442
-431
-447
-438
-465
-489
-484
-495
-479
-486
-482
-500
-501
-507
-469
-432
-406
-367
-325
-294
-289
-266
-276
-226
-218
-187
-133
-94
-56
-24
12
29
74
117
159
189
226
261
276
292
302
331
359
393
411
436
455
451
470
470
485
482
506
496
500
501
502
498
489
498
492
483
464
462
429
406
381
358
316
293
282
216
202
175
130
121
91
70
31
8
-45
-62
-92
-114
-138
-176
-222
-243
-264
-287
-306
-331
-345
-352
-365
-369
-398
-410
-432
-463
-468
-464
-450
-451
-413
-419
-407
-422
-427
-421
-404
-381
-365
-376
-373
-398
-392
-359
-338
-272
-257
-234
-219
-203
-180
-153
-124
-87
-56
-31
-15
-22
-33
-14
-2
43
108
124
170
214
221
250
251
258
251
275
294
312
342
345
349
372
402
408
402
408
409
389
382
358
361
333
332
337
363
367
362
378
383
380
375
354
312
252
211
172
118
112
85
53
46
21
6
-24
-21
-10
-8
3
-23
-51
-104
-163
-214
-258
-282
-298
-322
-359
-387
-407
-430
-434
-406
-390
-352
-345
-319
-319
-352
-351
-361
-337
-338
-301
-290
-272
-317
-325
-358
-356
-325
-279
-192
-161
-72
-57
-45
-44
-42
-10
3
51
62
86
73
66
68
81
93
151
212
246
276
270
277
275
287
307
349
364
366
357
339
327
311
302
294
300
299
291
282
282
273
285
296
285
264
196
173
106
71
54
44
70
53
62
57
23
6
1
-29
-37
-54
-65
-109
-172
-221
-248
-271
-266
-232
-231
-213
-225
-248
-264
-273
-276
-285
-283
-286
-298
-315
-320
-310
-288
-254
-241
-228
-221
-234
-251
-246
-235
-246
-234
-194
-150
-107
-79
-43
-51
-52
-60
-72
-77
-62
-33
-20
-7
13
52
52
67
96
100
112
132
138
170
164
182
202
195
221
224
234
231
255
267
248
285
304
307
305
309
306
291
267
262
236
241
238
234
254
253
250
214
202
164
155
128
133
129
140
126
111
112
64
71
33
19
-14
-15
-43
-65
-81
-99
-121
-137
-146
-174
-179
-201
-216
-224
-225
-218
-236
-231
-228
-248
-248
-261
-279
-289
-282
-274
-273
-272
-272
-267
-261
-239
-220
-208
-192
-202
-211
-220
-201
-214
-200
-187
-155
-141
-109
-79
-79
-54
-38
-31
-14
-8
17
26
38
47
33
57
38
50
102
128
175
196
203
215
205
213
214
234
244
244
263
258
255
253
241
242
261
261
251
265
255
232
219
208
215
205
211
216
203
193
166
135
95
68
52
53
31
18
22
-1
-18
-29
-49
-33
-69
-100
-116
-173
-178
-206
-203
-210
-208
-221
-242
-258
-273
-301
-299
-289
-272
-255
-260
-250
-254
-265
-257
-250
-237
-230
-226
-225
-227
-206
-208
-176
-142
-112
-70
-53
-44
-44
-45
-53
-35
-6
44
81
118
130
146
146
156
175
190
230
230
260
248
246
252
244
236
251
264
249
255
274
251
257
267
257
255
235
230
191
178
158
153
129
152
138
109
77
59
37
-1
8
10
32
35
35
11
-14
-41
-52
-89
-80
-74
-85
-80
-106
-106
-120
-116
-140
-155
-152
-150
-141
-148
-147
-152
-180
-184
-184
-204
-208
-188
-188
-193
-169
-184
-176
-196
-175
-196
-201
-171
-189
-171
-176
-175
-180
-184
-188
-172
-140
-101
-79
-75
-59
-65
-94
-112
-95
-83
-70
-31
-3
5
5
16
17
34
52
82
102
131
155
159
169
177
186
201
190
205
206
204
209
207
209
205
204
221
262
260
271
273
276
257
251
238
234
218
206
181
154
140
119
113
92
86
76
55
34
19
3
1
17
7
-7
-20
-52
-69
-104
-121
-137
-123
-126
-129
-123
-142
-151
-160
-155
-150
-134
-115
-117
-137
-150
-166
-188
-186
-169
-148
-140
-113
-121
-130
-152
-160
-159
-153
-133
-105
-87
-79
-69
-47
-63
-64
-35
-47
-31
-40
-18
-38
-34
-22
-29
-19
-20
11
5
26
62
77
101
91
87
65
36
19
10
20
43
41
67
96
91
101
115
123
109
124
132
127
114
104
87
90
81
84
89
95
74
85
76
73
64
55
70
44
49
56
53
61
65
68
60
69
28
23
17
-5
11
-18
-1
-9
-28
-38
-51
-69
-76
-73
-82
-72
-68
-66
-85
-106
-128
-150
-145
-143
-123
-108
-96
-111
-123
-142
-184
-183
-181
-178
-155
-129
-127
-119
-139
-124
-110
-100
-82
-59
-55
-53
-50
-46
-37
-39
-23
-6
11
9
43
46
66
95
103
141
147
172
178
170
176
162
160
137
143
161
160
172
179
181
183
180
201
187
195
180
176
184
149
148
137
115
124
113
92
94
82
68
32
26
2
-16
-27
-45
-48
-34
-35
-20
-12
-13
-40
-33
-49
-87
-120
-132
-140
-167
-162
-168
-171
-174
-175
-179
-196
-177
-181
-172
-172
-149
-147
-139
-146
-147
-144
-140
-138
-134
-105
-123
-105
-98
-109
-94
-98
-82
-69
-60
-21
-7
23
37
54
80
81
99
85
94
91
67
71
75
61
73
83
83
86
105
112
95
96
88
86
72
71
70
80
54
48
49
21
22
4
25
34
39
46
46
57
40
41
20
42
50
35
45
48
41
51
46
43
29
29
23
-1
2
-2
29
26
48
49
41
47
26
17
2
-1
-8
4
-7
-32
-24
-39
-61
-54
-52
-50
-56
-50
-57
-69
-61
-76
-71
-58
-44
-53
-85
-91
-113
-122
-109
-102
-83
-64
-63
-61
-49
-38
-52
-38
-22
-35
-23
-29
-51
-48
-51
-33
-15
-12
10
7
18
19
23
23
23
21
24
43
71
75
94
114
117
115
92
65
48
43
60
71
90
108
108
106
96
91
90
89
78
95
85
80
87
85
84
66
78
76
73
76
72
57
30
6
-4
-14
-20
-3
-14
-24
-23
-27
-37
-52
-63
-52
-65
-71
-71
-98
-125
-151
-164
-153
-153
-146
-127
-112
-106
-117
-98
-93
-130
-124
-114
-133
-154
-116
-134
-150
-130
-123
-119
-120
-113
-117
-110
-67
-40
-47
-36
-47
-62
-23
-15
1
-20
-27
8
70
-15
50
152
7
25
48
79
30
54
181
99
141
200
121
128
162
100
107
162
145
155
179
186
144
149
172
138
169
198
231
218
220
201
160
131
75
90
73
85
115
122
116
83
74
53
41
25
19
24
-3
-21
1
-27
-69
-68
-105
-137
-120
-108
-101
-98
-99
-86
-118
-144
-161
-184
-193
-182
-196
-188
-189
-196
-199
-224
-209
-194
-196
-171
-158
-174
-190
-188
-194
-199
-171
-154
-126
-108
-85
-91
-81
-96
-98
-80
-60
-66
-39
-12
0
29
43
47
55
83
110
115
120
132
125
131
133
149
154
172
194
207
229
247
258
242
237
215
191
181
196
174
180
190
175
156
141
131
104
91
102
102
105
126
103
84
37
6
-45
-69
-94
-85
-99
-80
-57
-81
-85
-83
-92
-114
-103
-108
-118
-133
-136
-132
-132
-137
-145
-140
-159
-169
-155
-159
-134
-125
-109
-82
-80
-86
-76
-76
-71
-66
-59
-61
-60
-60
-57
-49
-40
-22
-7
33
3
30
29
24
20
24
8
6
5
-9
8
-16
1
4
27
3
30
49
33
43
53
41
43
63
66
71
52
43
34
28
23
26
16
43
48
56
65
57
87
90
111
121
131
150
122
105
90
79
72
81
76
88
83
83
77
73
79
95
120
125
133
115
97
62
48
7
-20
-21
-40
-43
-29
-28
-33
-30
-37
-42
-62
-75
-88
-109
-118
-134
-138
-149
-169
-173
-179
-165
-170
-164
-150
-143
-124
-131
-119
-171
-184
-189
-201
-194
-185
-155
-143
-127
-115
-112
-126
-126
-115
-100
-85
-74
-49
-48
-24
-10
1
25
22
46
28
26
58
66
69
96
102
134
145
169
186
218
213
224
229
222
215
199
199
195
201
192
213
211
191
209
202
201
220
203
194
184
162
141
133
118
81
89
72
58
56
47
41
21
10
-11
-34
-56
-92
-100
-109
-131
-115
-124
-140
-135
-150
-169
-172
-182
-163
-169
-174
-171
-186
-201
-235
-249
-250
-267
-248
-237
-206
-200
-177
-164
-170
-161
-183
-174
-171
-157
-160
-128
-115
-104
-97
-88
-45
-50
-19
3
17
25
36
43
73
85
100
117
133
134
133
162
155
187
220
240
251
258
241
240
214
208
221
217
220
218
235
214
219
213
195
197
165
172
132
123
95
80
77
95
83
56
56
28
19
-14
-31
-48
-70
-75
-72
-98
-108
-134
-150
-181
-173
-181
-180
-146
-169
-146
-151
-153
-164
-177
-188
-201
-215
-213
-233
-221
-211
-207
-201
-183
-179
-175
-135
-129
-119
-101
-105
-100
-110
-114
-107
-122
-95
-76
-71
-46
-12
-6
24
37
57
84
82
92
101
117
110
143
154
157
169
166
169
159
166
199
196
202
223
230
229
221
221
200
212
199
199
210
185
188
167
172
152
138
132
132
130
98
103
76
63
45
26
15
2
3
-10
-32
-37
-60
-68
-82
-69
-69
-61
-75
-66
-88
-122
-125
-157
-179
-206
-203
-212
-218
-232
-235
-237
-222
-211
-176
-154
-151
-128
-146
-145
-153
-160
-185
-192
-202
-191
-180
-179
-159
-144
-137
-112
-82
-73
-43
-17
-1
17
33
33
40
36
48
29
55
60
53
67
60
80
91
128
142
156
165
178
167
160
159
140
130
142
135
146
152
147
156
165
167
171
180
166
160
139
142
135
102
115
96
97
103
98
103
73
83
68
75
76
67
56
38
39
15
19
-10
-3
-23
-38
-42
-52
-69
-90
-93
-95
-112
-111
-110
-123
-106
-120
-126
-128
-127
-155
-148
-164
-174
-179
-193
-203
-224
-198
-220
-201
-184
-148
-137
-115
-85
-91
-77
-86
-78
-89
-97
-93
-111
-102
-103
-96
-63
-55
-34
-10
10
55
62
86
87
82
95
102
101
100
115
114
129
135
129
149
126
128
133
148
157
168
166
159
174
158
170
180
165
156
168
143
133
132
110
93
96
57
45
24
23
29
42
58
72
81
48
50
19
14
-12
-32
-48
-64
-74
-99
-110
-119
-101
-101
-95
-94
-74
-102
-104
-116
-120
-122
-137
-127
-136
-139
-146
-140
-154
-149
-153
-150
-152
-149
-157
-151
-161
-140
-127
-119
-83
-90
-49
-64
-49
-60
-49
-54
-62
-50
-50
-44
-42
-30
-16
9
37
60
82
100
104
104
98
102
81
91
64
87
84
103
117
129
148
150
163
166
179
176
187
170
162
143
135
129
117
118
124
125
133
134
128
115
127
124
103
96
92
74
70
55
31
16
-7
-16
-20
-30
-21
-39
-30
-36
-44
-50
-55
-85
-89
-100
-115
-123
-128
-130
-134
-134
-130
-145
-133
-127
-133
-116
-125
-115
-111
-107
-130
-131
-154
-141
-145
-137
-107
-100
-68
-54
-48
-48
-41
-47
-67
-63
-73
-79
-60
-65
-49
-17
-2
7
16
25
20
38
51
55
60
60
61
77
80
81
109
114
133
135
145
138
125
115
107
83
72
78
74
74
87
109
92
87
89
63
48
45
42
18
20
7
-5
-10
-18
-37
-49
-49
-61
-58
-46
-52
-51
-35
-58
-75
-63
-96
-95
-84
-79
-69
-67
-68
-71
-86
-96
-88
-91
-70
-59
-37
-11
-5
19
24
15
10
13
4
-28
-23
-34
-37
-41
-30
-12
-8
28
39
92
99
102
117
102
84
75
62
57
48
35
36
25
27
30
28
58
72
90
103
113
121
109
105
65
46
33
-2
-12
2
-21
15
25
39
62
58
65
41
42
45
35
28
23
-8
-4
-17
-26
-14
-34
-39
-40
-35
-33
-36
-13
-3
6
17
8
9
0
-22
-39
-49
-72
-98
-101
-111
-113
-117
-99
-100
-96
-97
-96
-82
-108
-94
-91
-88
-84
-72
-93
-93
-101
-109
-108
-121
-114
-103
-102
-87
-79
-83
-58
-59
-32
-29
-15
-15
9
11
24
30
16
9
7
-13
-3
4
11
28
34
64
88
108
116
143
129
141
136
128
109
100
93
77
77
67
46
72
54
86
91
100
127
124
123
106
88
78
63
50
69
54
50
31
20
24
16
26
35
42
39
33
27
3
-7
-4
-4
3
13
-6
-15
-26
-50
-45
-48
-33
-54
-43
-64
-67
-84
-91
-79
-59
-38
-8
17
11
16
-13
-5
-16
-30
-54
-75
-73
-87
-83
-82
-56
-71
-52
-14
-20
-1
9
10
3
-1
-11
-15
-36
-19
-25
-11
-16
3
10
12
20
8
5
-6
7
5
6
5
20
25
32
37
36
29
14
12
5
-22
-38
-41
-67
-51
-56
-35
-1
13
20
27
28
8
-12
-26
-44
-45
-46
-49
-49
-53
-31
-43
-33
-31
-14
-12
-9
-1
1
-2
-5
-7
-13
-25
-12
-15
-29
-7
-9
-1
13
14
30
32
32
47
53
44
37
25
28
31
27
33
34
42
51
68
64
64
50
34
30
16
25
32
21
25
37
25
38
27
33
14
4
0
-30
-49
-38
-49
-42
-35
-16
-29
-18
-17
-26
-17
-28
-14
-27
-15
-8
-6
-3
-2
6
5
-13
-19
-18
-22
-19
-13
-12
-3
5
27
43
48
68
72
71
60
58
46
58
80
64
73
84
66
57
44
35
37
43
53
50
62
64
45
37
30
12
-7
-4
-18
-23
-26
-17
-21
-28
-21
-25
-17
-38
-20
-38
-45
-40
-58
-53
-72
-67
-60
-61
-62
-57
-44
-64
-78
-77
-77
-84
-86
-72
-74
-69
-67
-57
-56
-47
-23
-19
-6
-23
-14
-26
-36
-45
-67
-81
-86
-92
-93
-67
-65
-46
-35
5
-22
-23
-36
-37
-56
-43
-54
-84
-58
-61
-62
-45
-33
-24
14
31
45
51
46
46
44
47
44
70
85
90
82
87
77
67
74
86
104
114
123
127
130
129
130
151
136
141
161
155
149
142
116
110
81
61
54
41
42
56
78
70
79
69
39
23
22
5
6
3
-16
-31
-47
-71
-77
-76
-73
-71
-57
-50
-54
-73
-80
-84
-80
-76
-65
-68
-63
-77
-73
-77
-99
-76
-76
-49
-52
-51
-42
-60
-54
-62
-60
-43
-33
-27
-11
-14
5
5
-29
-41
-35
-35
-47
-20
-16
14
17
22
11
22
-17
-18
-41
-47
-49
-47
-38
-31
-7
-13
13
17
10
12
24
21
12
18
23
11
1
-10
-5
-13
-6
18
25
51
65
78
93
83
79
56
56
54
25
33
35
24
19
24
39
52
66
61
68
49
41
29
12
-5
-25
-27
-42
-53
-66
-65
-64
-49
-34
-37
-27
-28
-30
-41
-37
-36
-58
-54
-79
-88
-85
-88
-74
-71
-56
-54
-59
-49
-52
-35
-30
-3
5
14
13
-15
-4
-41
-39
-39
-33
-17
-13
9
9
36
22
46
63
74
82
94
79
74
69
69
57
54
64
61
58
81
78
86
86
85
90
101
112
127
132
123
111
92
93
61
65
39
42
47
40
36
35
33
26
31
44
27
51
35
37
26
9
2
-26
-32
-44
-45
-70
-75
-82
-91
-97
-92
-92
-77
-73
-80
-71
-90
-104
-115
-129
-137
-140
-136
-154
-153
-152
-146
-146
-151
-118
-107
-111
-96
-111
-97
-112
-106
-98
-106
-94
-99
-94
-95
-82
-68
-40
-17
4
8
35
43
39
45
50
59
61
79
85
93
96
103
113
116
119
132
162
161
166
155
157
133
128
141
126
142
131
156
160
150
143
117
114
102
102
103
102
107
75
71
52
21
14
3
-12
-20
-20
-5
-29
-22
-39
-40
-41
-37
-46
-62
-63
-87
-82
-108
-113
-106
-95
-102
-105
-96
-107
-97
-105
-87
-93
-102
-95
-122
-89
-103
-90
-84
-80
-96
-95
-96
-104
-104
-101
-83
-71
-52
-54
-34
-46
-32
-25
-8
6
17
10
34
17
14
6
9
12
23
33
61
77
76
95
102
96
92
98
84
96
88
103
98
113
120
119
116
124
120
123
109
93
106
94
92
74
69
57
42
48
51
52
33
52
30
6
-14
-32
-32
-51
-56
-55
-58
-64
-41
-59
-44
-55
-54
-51
-52
-45
-49
-43
-70
-84
-103
-102
-107
-98
-93
-76
-76
-61
-67
-54
-37
-15
-21
-15
-12
-45
-73
-81
-75
-92
-79
-63
-31
-37
-16
0
0
6
9
5
-7
-18
-48
-33
-59
-70
-69
-61
-49
-21
11
30
62
67
81
75
67
62
48
51
53
42
42
44
55
62
74
91
91
91
94
97
90
99
96
88
79
82
77
56
54
57
48
36
34
21
11
10
8
14
18
10
3
-1
11
11
15
26
2
-1
-18
-44
-59
-71
-93
-88
-85
-70
-78
-69
-68
-74
-62
-63
-49
-60
-47
-47
-64
-57
-61
-68
-69
-81
-79
-69
-72
-53
-37
-40
-23
-17
-15
-22
-11
-22
-17
-25
-10
-23
-5
1
3
22
28
43
53
59
59
73
77
77
81
84
86
109
101
106
98
74
70
54
44
46
55
73
70
74
85
71
74
73
83
77
87
73
61
28
13
-3
-22
-17
-10
-28
-29
-30
-28
-33
-25
-15
-18
-3
-27
-20
-58
-75
-87
-106
-119
-125
-119
-119
-110
-102
-82
-70
-71
-83
-98
-101
-116
-120
-119
-131
-139
-139
-139
-147
-130
-127
-115
-106
-89
-80
-65
-50
-44
-33
-29
-13
2
-10
4
-9
0
0
6
34
55
67
78
112
107
124
146
154
158
169
178
166
163
161
158
163
169
165
155
164
159
163
149
161
166
166
166
168
143
124
87
69
37
23
3
-13
-9
-46
-26
-50
-56
-57
-69
-68
-68
-62
-86
-87
-92
-111
-104
-108
-124
-110
-119
-111
-119
-113
-123
-118
-88
-72
-56
-43
-33
-30
-25
-10
2
7
29
36
19
3
-13
-30
-42
-40
-16
0
5
43
42
40
48
35
40
19
11
12
-14
-7
-19
-44
-39
-76
-60
-66
-70
-56
-48
-48
-54
-54
-58
-60
-70
-73
-77
-59
-58
-45
-35
-34
-29
-28
-31
-33
-28
-31
-16
-19
-10
-13
9
18
13
24
39
50
48
62
36
45
27
34
50
44
48
59
61
59
64
82
86
99
99
81
89
45
46
15
4
13
6
27
29
40
39
50
48
44
41
39
36
22
11
-4
3
3
2
-5
-18
-31
-26
-13
-11
13
27
39
54
48
57
22
19
13
-11
-4
-7
4
-9
4
9
12
8
27
11
14
33
26
32
27
19
-12
-18
-37
-37
-47
-66
-47
-55
-45
-40
-29
-44
-41
-44
-66
-55
-65
-68
-66
-82
-82
-78
-89
-104
-88
-81
-66
-40
-24
-14
-18
-19
-13
-5
-12
4
0
-6
-12
-12
3
16
36
46
67
52
49
34
27
33
24
44
51
64
71
59
53
49
63
54
54
62
23
28
-5
-24
-18
-32
-10
-7
17
30
22
17
14
-6
-24
-43
-47
-76
-83
-90
-102
-75
-77
-52
-48
-23
-23
-11
-12
-26
-39
-53
-58
-63
-67
-62
-60
-50
-20
-14
11
7
31
33
32
21
27
4
4
11
5
24
30
32
52
68
87
95
91
78
63
76
61
67
61
63
57
55
68
54
57
54
48
46
41
48
46
47
47
78
74
95
84
93
85
69
79
47
39
19
21
13
16
4
4
12
21
24
32
32
13
18
18
18
3
-29
-55
-87
-108
-108
-121
-111
-115
-113
-126
-127
-113
-133
-135
-138
-140
-162
-165
-162
-165
-148
-148
-142
-138
-144
-140
-121
-100
-79
-72
-63
-61
-89
-78
-63
-57
-49
-21
-2
-3
19
12
40
46
65
87
92
105
98
97
106
110
117
131
139
132
125
126
124
107
98
108
86
91
82
97
95
106
120
116
136
114
95
78
46
32
15
11
-1
-10
-7
-14
-20
-3
2
-3
16
11
13
-21
-22
-25
-41
-42
-41
-34
-50
-56
-68
-85
-112
-103
-105
-82
-52
-29
-12
14
11
15
30
13
26
10
-4
-9
-15
-26
-25
-14
-18
7
15
16
1
-22
-20
-28
-14
-13
-17
-7
-8
-4
1
-12
1
-12
-5
-29
-25
-62
-84
-79
-97
-67
-74
-49
-42
-36
-14
-1
28
40
45
43
31
19
13
-13
-12
-4
25
23
50
62
73
76
96
97
102
125
105
111
82
68
42
34
46
52
54
76
79
73
43
10
1
-38
-27
-33
1
6
9
4
-12
-23
-35
-20
-41
-39
-64
-62
-69
-101
-98
-115
-112
-109
-99
-85
-73
-65
-56
-74
-90
-105
-101
-121
-122
-130
-129
-123
-114
-88
-76
-52
-25
-10
-2
6
-5
-23
-28
-33
-47
-25
-16
-27
-30
-26
-22
-5
11
31
69
74
110
121
124
127
135
122
122
116
120
112
84
98
90
101
91
108
116
104
107
94
94
98
96
111
104
110
106
109
110
86
91
63
61
58
48
36
25
34
19
19
21
35
41
51
38
34
-1
-31
-36
-48
-53
-68
-78
-93
-114
-114
-111
-115
-94
-79
-71
-79
-102
-103
-140
-153
-159
-159
-148
-155
-146
-162
-156
-144
-131
-128
-118
-111
-120
-112
-106
-108
-83
-72
-62
-35
-32
-13
-11
31
43
51
65
68
57
42
31
9
30
30
49
51
80
92
102
125
111
100
98
83
75
62
52
45
47
52
48
67
66
64
86
98
89
104
94
90
88
66
61
