0
0
-1
0
0
0
0
-1
0
0
0
0
0
0
0
0
0
0
0
0
0
0
-1
0
0
0
0
0
0
0
0
0
1
0
-1
0
0
0
0
0
0
0
0
0
0
0
0
0
0
0
0
0
0
0
-1
0
0
0
0
0
0
0
0
0
0
0
0
0
1
0
0
0
0
0
0
0
1
0
0
0
1
1
0
0
0
-1
1
1
0
0
0
0
0
0
0
1
0
0
0
1
0
0
0
0
0
-1
0
0
0
0
0
0
0
0
0
0
-1
-1
-1
0
0
0
0
-1
0
0
0
0
0
0
0
0
0
1
0
1
0
0
0
0
0
0
1
-1
0
1
-1
0
0
0
0
0
0
0
-1
0
0
0
-1
0
-1
0
0
0
0
0
-1
0
0
0
0
0
0
-1
0
0
0
0
0
0
0
0
-1
-1
0
0
0
0
0
1
0
0
0
0
0
-1
0
0
0
0
0
0
0
0
0
1
0
1
0
0
1
-1
1
0
0
0
-1
-1
0
0
0
-1
0
-1
0
0
0
-1
0
0
0
0
1
0
0
0
0
0
0
1
0
1
0
0
0
0
0
0
1
0
0
0
1
1
0
0
0
0
0
0
0
0
-1
1
0
0
0
0
0
0
0
1
0
0
-1
0
0
0
-1
-1
0
0
1
0
-1
0
0
0
0
0
0
-1
-1
0
0
-1
1
0
1
0
0
0
0
0
0
1
0
0
0
-1
0
0
0
0
0
1
-1
0
0
0
0
0
0
0
0
0
1
0
0
0
0
0
0
-1
0
0
-1
0
0
-1
0
0
0
0
0
0
0
0
1
0
0
-1
1
0
0
-1
-1
0
0
0
1
-1
0
0
0
-1
1
0
0
0
1
-1
0
0
0
0
0
0
0
0
0
0
0
-1
0
0
0
0
0
0
0
0
0
0
1
-1
0
0
-1
1
0
0
0
0
0
0
0
0
0
0
0
0
0
0
-1
0
0
0
0
0
0
0
-1
0
0
0
-1
0
0
-1
-1
0
0
0
0
0
1
1
-1
0
-1
0
0
0
0
0
0
0
0
1
0
0
0
0
-1
1
0
0
1
0
0
0
0
0
1
1
0
0
0
0
0
-1
0
-1
1
0
1
0
0
1
0
0
1
0
0
0
1
-1
-1
1
0
0
0
-1
0
0
1
0
0
0
0
0
0
-1
0
0
0
-1
0
0
1
1
-1
0
0
0
0
0
0
0
0
0
-1
1
0
0
1
0
0
0
0
1
-1
0
0
0
0
-1
1
0
0
-1
0
0
0
0
0
-1
0
-1
1
0
0
1
0
0
0
0
0
0
0
0
-1
0
0
0
1
0
1
0
0
0
0
-1
0
0
1
1
0
0
0
-1
-1
0
0
0
-1
0
0
1
0
1
0
0
1
0
0
1
0
0
0
0
0
0
0
0
0
0
0
-1
1
0
0
0
0
0
0
0
0
0
0
-1
0
-1
0
0
0
0
0
-1
0
0
0
1
0
0
0
0
0
0
0
0
0
-1
1
1
-1
0
0
0
0
0
0
0
0
0
0
0
0
0
-1
0
0
0
0
0
0
0
0
-1
0
0
0
0
-1
0
-1
0
0
0
0
0
-1
0
0
-1
0
0
0
1
0
0
0
0
0
0
1
0
0
0
0
0
1
0
0
0
1
1
0
0
0
0
0
0
0
0
1
1
1
0
0
-1
0
0
0
-1
-1
0
0
0
0
0
0
0
0
0
0
0
0
0
0
0
0
0
0
0
0
0
1
1
1
0
-1
0
0
0
0
0
0
1
-1
-1
0
0
0
0
0
1
0
-1
0
0
0
0
0
0
0
0
-1
0
0
0
0
1
0
0
0
0
0
-1
1
1
0
0
0
0
1
0
0
0
0
0
0
0
0
0
0
0
0
1
0
0
0
0
0
0
1
0
0
0
0
0
0
0
0
0
0
1
0
-1
0
0
0
0
-1
0
0
0
0
0
0
-1
0
0
-1
0
0
0
-1
1
0
0
0
0
0
0
0
0
0
0
0
0
0
-1
0
-1
0
0
0
0
0
0
0
0
0
1
0
0
0
0
0
0
0
0
0
0
0
1
0
0
0
0
0
0
0
0
0
-1
0
0
1
0
0
0
0
0
0
0
1
0
0
0
0
0
0
-1
0
1
0
0
0
0
0
0
0
0
-1
0
0
0
0
0
0
0
0
1
0
-1
0
1
0
0
-1
0
0
0
0
-1
0
0
0
0
1
0
0
0
0
0
0
0
0
-1
0
0
0
0
0
0
0
0
0
1
0
0
0
0
0
1
0
0
1
0
1
-1
0
0
0
0
0
0
0
0
-1
0
-1
-1
0
0
0
0
0
0
0
0
0
0
-1
0
-1
0
0
0
0
0
0
-1
0
0
0
0
0
0
0
0
0
0
0
0
0
0
0
0
0
1
1
0
-1
0
0
0
0
0
0
0
0
0
0
0
0
0
0
0
0
1
0
0
0
0
0
1
0
0
0
0
0
0
0
-1
-1
0
0
0
0
0
-1
-1
0
0
0
-1
1
0
0
-1
0
0
0
0
0
0
0
0
0
0
0
0
0
0
0
0
1
0
0
-1
0
0
0
0
0
0
1
0
0
-1
-1
0
0
0
0
-1
0
0
0
0
0
1
0
0
1
0
1
0
0
0
0
0
0
-1
0
0
0
0
0
0
1
0
0
0
0
0
0
-1
-1
0
-1
0
0
0
0
0
0
0
0
0
0
0
0
0
0
-1
0
0
0
0
1
0
0
0
0
0
0
0
0
0
0
-1
1
-1
0
0
0
0
0
0
0
0
1
0
1
0
0
0
1
-1
0
0
0
0
0
0
0
0
0
0
-1
0
0
0
0
1
1
0
1
0
0
0
0
0
0
0
0
0
0
-1
-1
-1
-1
0
0
0
0
0
-1
0
0
0
0
0
-1
0
-1
0
1
0
0
1
0
0
-1
0
-1
0
0
0
-1
0
1
-1
0
0
0
0
-1
0
1
0
-1
1
1
0
1
-1
0
0
1
0
0
-1
1
0
0
1
0
0
0
0
1
0
0
0
0
1
0
-1
0
-1
0
1
0
1
-1
0
1
0
0
0
0
0
-1
0
0
0
0
0
0
0
0
0
0
-1
0
1
0
1
0
-1
0
0
1
0
0
0
0
0
0
-1
0
-1
0
0
0
0
0
0
0
1
0
1
0
0
0
0
0
-1
0
0
0
0
0
-1
0
0
0
0
0
0
1
0
0
0
0
1
0
0
0
0
0
0
0
0
0
-1
0
1
0
0
0
0
0
0
0
0
0
0
0
0
0
0
0
-1
1
0
0
0
-1
0
0
0
1
0
0
0
-1
0
0
0
0
1
1
0
1
0
0
-1
0
-1
0
0
0
0
0
0
0
0
0
0
0
0
0
1
0
0
0
0
0
0
0
0
0
0
0
0
0
0
0
0
0
0
1
0
0
0
1
0
0
0
0
0
0
0
0
1
1
0
0
1
0
0
0
0
0
1
0
0
-1
1
0
-1
-1
0
0
0
0
0
1
0
1
0
0
0
1
0
-1
0
-1
0
0
-1
0
0
0
-1
0
0
0
0
0
0
0
0
1
-1
0
0
0
0
-1
0
0
0
0
0
1
0
0
0
0
0
0
0
0
1
1
0
0
0
0
0
0
0
0
0
1
0
-1
0
0
0
0
0
0
0
0
0
0
1
0
1
0
1
0
0
0
0
0
0
0
0
0
0
0
0
-1
0
0
0
-1
0
-1
0
0
0
0
0
0
0
0
1
-1
-1
-1
-2
-1
0
1
1
1
0
1
1
0
0
0
0
1
1
1
0
1
1
1
1
0
1
1
0
1
1
0
0
0
0
0
-1
0
-1
0
-1
0
-1
-1
-1
-1
0
-1
-1
-1
0
-1
-1
-1
-1
-1
-1
-1
-1
-1
-1
0
-1
-1
0
0
-1
0
-1
-1
-1
-1
0
0
1
1
0
0
1
-1
1
1
1
0
0
1
1
1
1
1
1
1
1
0
1
1
1
1
1
1
1
1
1
1
1
1
1
1
1
0
0
0
1
0
0
1
1
1
1
0
0
0
0
0
0
-1
0
-1
-1
-1
-1
-1
-1
0
-1
-1
-1
0
-1
-1
0
0
-1
-1
-1
0
0
-1
0
-1
-1
0
0
0
0
-1
-1
0
0
0
0
0
0
-1
0
0
-1
-1
0
0
-1
-1
0
0
0
-1
0
-1
-1
-1
0
0
0
0
-1
-1
-1
0
0
0
0
0
0
0
0
0
1
0
0
0
1
0
1
0
0
0
0
0
1
1
1
0
0
0
1
1
1
1
1
1
1
0
1
0
1
1
0
1
1
1
1
1
1
0
1
1
0
1
0
1
2
1
1
1
1
1
0
0
0
0
0
1
1
1
1
1
1
1
0
0
0
-1
1
0
-1
0
-1
0
0
0
-1
0
-1
-1
-1
-1
-1
-1
-2
-2
-2
-1
-1
-1
-1
-1
-2
-3
-2
-2
-1
-2
-2
-2
-1
-2
-1
-2
-1
0
-1
0
-1
-1
-2
-2
-2
-2
-2
1
2
1
0
0
-2
-1
0
-1
0
0
1
2
2
2
1
1
0
1
0
0
1
1
0
0
0
0
0
1
1
3
3
5
3
5
4
2
1
1
0
-3
0
-1
-2
0
2
1
2
2
4
2
2
2
0
-1
-3
-3
-8
-7
-7
-6
-7
-4
-4
-3
-3
-1
-2
-3
-4
-6
-3
-2
-3
-2
-3
-8
-7
-9
-6
-3
2
0
2
6
2
5
3
4
5
6
5
-2
-3
2
-2
-2
2
-2
0
-3
8
7
6
7
8
4
-1
5
-2
1
5
1
7
12
10
10
3
5
10
6
15
22
9
18
20
11
18
6
14
4
-9
2
5
-1
17
8
14
2
6
15
-3
10
10
-3
-5
-12
-11
-20
-7
-1
2
8
0
9
-12
-22
-36
-11
-19
-22
-2
-15
-36
-19
-21
-31
-21
-29
-34
-56
-50
-42
-40
-48
-39
-30
-33
-38
-19
-19
-21
-22
-4
1
0
-5
-12
-14
10
-8
11
11
25
42
48
51
54
53
52
71
48
54
63
46
58
51
65
49
60
61
32
43
23
33
41
35
29
34
9
5
-15
-23
-26
-23
2
20
14
-4
-2
-2
-24
-35
-15
-7
-22
-34
-39
-55
-57
-57
-43
-52
-47
-31
-15
-30
-8
-22
-10
2
-29
-14
-45
-29
-36
-56
-51
-69
-62
-58
-38
-31
-15
3
2
9
-3
-14
-2
-10
9
4
15
6
-16
-32
-44
-52
-36
-25
12
15
24
55
55
51
43
66
64
38
35
25
-3
9
1
3
2
9
9
30
-3
27
29
23
38
41
52
50
45
37
18
2
9
-1
10
-1
5
16
40
35
30
39
43
53
69
53
43
45
46
38
9
7
11
-18
-23
-25
-20
-23
10
9
26
32
32
16
-6
-5
-16
-15
-24
-17
-35
-37
-74
-72
-87
-92
-97
-91
-74
-66
-37
-47
-44
-46
-75
-105
-105
-110
-92
-76
-52
-60
-43
-59
-53
-43
-66
-57
-46
-40
-28
-28
-2
-1
-25
8
4
-6
4
38
49
61
78
88
83
84
77
79
105
103
123
113
137
120
108
112
73
105
87
122
116
126
126
99
97
59
37
33
22
42
39
35
21
1
3
-19
-21
-30
-13
-19
-1
-15
-16
-56
-74
-82
-91
-102
-91
-81
-85
-86
-101
-103
-108
-94
-88
-92
-73
-94
-89
-86
-82
-93
-91
-89
-109
-112
-98
-92
-107
-62
-39
-40
-20
-18
9
-7
-28
-15
-1
18
27
41
53
54
60
51
55
60
48
77
84
100
93
104
107
95
79
94
82
85
69
62
76
68
70
47
47
36
29
47
40
48
53
50
48
34
19
15
14
-4
11
-2
-19
-13
-4
-10
-5
8
-2
7
-31
-38
-58
-67
-55
-65
-42
-77
-55
-58
-88
-71
-71
-67
-59
-52
-46
-50
-69
-64
-83
-77
-63
-46
-29
-55
-47
-10
-29
-20
-6
12
-5
5
10
-6
16
2
13
18
14
9
18
8
17
27
41
51
52
73
71
73
68
61
32
26
23
37
17
31
35
28
31
36
61
44
74
50
75
61
64
48
52
35
21
5
-12
-17
-23
5
3
18
2
26
20
-10
10
-5
8
-23
-13
-12
-1
1
-10
-5
-40
-53
-78
-74
-89
-85
-53
-48
-49
-38
-41
-66
-53
-61
-55
-51
-35
-29
-62
-58
-85
-98
-90
-80
-58
-36
-40
-20
-34
-35
-24
-21
-2
-2
11
32
15
22
15
4
-9
-4
-2
3
13
17
47
51
78
56
42
43
29
46
41
34
46
32
41
47
28
46
36
41
44
31
24
17
24
24
34
41
31
21
21
18
38
40
63
63
76
46
50
56
31
7
15
18
-11
-6
15
15
28
65
72
82
77
44
29
7
-15
-15
-26
-22
-17
-23
-48
-56
-69
-69
-74
-64
-59
-47
-38
-24
-35
-36
-34
-57
-64
-69
-75
-92
-115
-104
-119
-103
-89
-64
-57
-51
-47
-54
-50
-24
-17
-28
-6
-9
-8
-14
-37
-52
-34
-25
-15
-13
3
8
4
46
38
56
81
79
105
110
103
95
61
60
39
42
51
51
51
84
75
75
68
74
78
73
106
101
83
73
60
34
24
6
5
1
-2
12
-25
-16
-43
-26
-16
-19
1
1
-7
-36
-28
-48
-56
-64
-49
-56
-48
-51
-62
-63
-57
-61
-68
-55
-79
-63
-76
-67
-74
-63
-74
-59
-72
-56
-68
-58
-39
-58
-8
-25
-8
-25
-22
-21
-18
-17
-5
15
16
24
48
39
43
60
54
56
48
79
75
61
61
56
59
40
48
52
47
60
59
59
69
59
74
72
70
43
60
62
43
42
37
18
-2
-15
-25
-39
-37
-21
-35
-23
-33
-9
-19
-12
-35
-32
-32
-54
-68
-78
-63
-75
-56
-67
-48
-59
-42
-41
-40
-29
-35
-26
-41
-35
-13
11
14
-10
-6
2
-4
7
17
13
26
41
42
44
37
44
26
43
27
34
24
11
31
16
22
31
42
17
40
43
29
20
14
3
1
4
2
5
-7
-9
-2
4
-3
9
-11
3
-2
6
9
10
8
4
11
10
-4
-4
-7
-2
-4
-5
-4
-12
3
-14
-16
-15
0
-10
-12
3
0
-25
-13
-16
-45
-42
-44
-36
-34
-47
-34
-43
-41
-26
-31
-27
-21
-45
-32
-42
-27
11
-23
-7
-15
-30
-25
-31
-48
-39
-16
-17
-3
-3
4
-1
-7
-7
-2
1
1
3
-10
-3
-2
-1
15
15
25
30
54
49
72
46
33
47
17
28
36
48
56
49
56
51
67
53
61
59
59
71
67
59
30
49
18
23
25
19
20
6
-7
0
4
-8
-1
9
4
-18
-8
-19
-10
-19
-1
-21
-21
-36
-52
-26
-51
-41
-40
-36
-33
-41
-58
-41
-34
-39
-33
-13
-9
4
0
-7
-6
-24
-23
-40
-40
-51
-42
-35
-30
-32
-42
-17
-9
-10
5
26
35
27
23
28
-3
-10
-5
-16
-7
15
33
32
28
45
36
31
56
42
69
66
67
59
20
14
-7
4
5
-5
15
6
-12
-4
-3
-8
-5
14
32
-7
10
-25
-21
-25
-32
-8
-32
-23
-38
-36
-38
-72
-64
-71
-57
-31
-17
-26
-20
-42
-48
-58
-58
-43
-41
-20
-16
-6
-20
-13
-26
-37
-28
-28
-7
4
15
17
36
43
22
17
-9
2
21
29
33
49
48
63
50
48
52
46
29
34
37
43
48
55
59
61
61
79
63
63
73
72
68
53
49
11
7
6
4
2
-1
11
14
20
15
17
10
5
-13
-25
-39
-33
-47
-33
-38
-37
-28
-45
-22
-65
-48
-52
-62
-30
-24
-37
-49
-58
-52
-69
-75
-42
-25
-6
11
4
-5
-26
-49
-50
-55
-51
-25
-27
-28
-44
-60
-43
-35
-29
-20
-7
7
-6
-27
-30
-48
-56
-53
-31
-9
9
33
17
16
4
5
13
16
53
55
87
66
72
62
66
61
70
64
57
89
78
79
69
73
71
83
62
80
75
76
75
75
73
52
59
58
44
30
46
27
14
5
-1
15
20
13
7
8
-26
-16
-29
-38
-46
-14
-52
-50
-34
-66
-83
-96
-85
-80
-91
-82
-56
-90
-75
-95
-104
-103
-101
-99
-108
-101
-102
-91
-92
-99
-95
-90
-88
-82
-66
-70
-75
-75
-53
-51
-47
-32
-41
-38
-44
-33
-17
-8
16
37
61
56
90
64
76
63
56
73
81
95
110
114
103
117
116
135
132
125
122
116
126
117
98
103
85
93
83
91
81
76
83
89
90
67
58
26
21
-4
8
7
1
18
12
9
4
7
-23
-36
-37
-36
-25
-26
-21
-45
-26
-53
-46
-64
-80
-89
-99
-78
-55
-57
-46
-33
-46
-43
-66
-59
-66
-69
-66
-74
-56
-55
-68
-55
-81
-66
-65
-53
-38
-24
-30
-23
-5
-17
-21
-34
-21
-33
-33
-39
-44
-54
-52
-39
-26
-11
12
33
23
27
32
4
16
20
18
38
42
39
34
15
17
20
10
16
20
27
24
35
34
39
35
43
43
54
70
41
42
7
24
13
3
20
27
18
46
37
42
49
35
40
29
34
18
36
17
39
21
16
0
-33
-10
-54
-37
-36
-46
-29
-29
-39
-39
-42
-54
-42
-34
-39
-40
-38
-34
-49
-44
-37
-47
-43
-46
-41
-25
2
9
22
35
46
44
51
42
53
59
55
32
52
56
43
49
46
70
54
86
74
71
59
64
63
42
50
38
49
46
38
16
11
6
-6
-9
-4
6
-1
10
-9
-1
-4
-20
-26
-36
-34
-28
-30
-41
-46
-54
-49
-54
-56
-37
-57
-50
-64
-69
-70
-90
-87
-102
-104
-114
-102
-102
-94
-104
-81
-95
-88
-83
-96
-99
-92
-84
-64
-61
-63
-60
-89
-61
-60
-59
-20
-20
5
36
53
49
55
71
79
96
98
101
92
122
109
113
148
125
133
134
97
98
90
101
112
120
125
114
129
81
107
105
95
101
91
84
75
55
53
29
25
28
8
30
6
21
23
13
11
0
-12
-39
-33
-45
-56
-44
-53
-64
-64
-86
-97
-103
-97
-101
-115
-104
-93
-90
-89
-80
-72
-91
-81
-90
-127
-118
-124
-121
-94
-82
-59
-46
-27
-55
-44
-39
-37
-31
-16
-12
-7
8
-10
2
-21
-3
10
10
20
26
40
36
41
59
58
70
87
88
84
94
91
73
66
59
46
59
65
82
109
106
113
119
95
74
61
65
41
43
43
56
27
36
29
15
-1
-34
-23
-50
-28
-50
-45
-27
-36
-49
-72
-74
-81
-93
-90
-95
-91
-92
-95
-84
-95
-106
-85
-81
-77
-67
-62
-62
-65
-58
-57
-52
-23
-12
-6
-5
14
-6
-9
-4
-3
14
18
33
34
44
73
63
98
86
87
110
94
111
86
94
100
86
91
92
62
65
44
49
39
30
41
34
56
74
74
70
75
40
17
0
-33
-22
-11
-18
-12
8
-4
-28
-43
-63
-71
-57
-81
-58
-47
-48
-25
-37
-53
-58
-75
-80
-91
-81
-85
-74
-66
-65
-52
-54
-56
-48
-65
-58
-50
-43
-32
-40
-34
-34
-41
-8
-8
11
13
16
15
12
19
8
30
25
12
11
2
-11
6
1
24
44
41
37
42
28
28
17
30
36
24
41
30
34
26
38
22
33
50
49
73
48
54
66
61
54
83
68
41
42
47
20
27
35
21
16
15
32
31
35
20
12
2
1
-14
-32
-44
-54
-32
-32
-56
-35
-44
-80
-80
-77
-93
-80
-55
-56
-44
-38
-41
-48
-49
-61
-46
-66
-57
-48
-16
-15
-14
-5
-30
-57
-61
-54
-67
-38
-27
9
24
36
41
31
26
1
0
-25
6
-1
21
30
44
34
37
39
23
48
37
59
86
87
82
78
79
81
48
58
42
39
41
49
56
57
40
59
43
38
31
59
42
51
35
31
29
2
11
0
-20
-28
-52
-41
-53
-57
-35
-42
-19
-47
-45
-53
-60
-62
-63
-52
-49
-43
-42
-40
-46
-55
-69
-59
-42
-46
-33
-21
-17
-24
-26
-13
-7
-15
24
20
25
23
21
21
-7
16
17
13
19
25
9
1
-11
-41
-46
-47
-20
-16
-2
32
28
21
7
-21
-35
-56
-66
-45
-39
-35
-24
-11
-24
-29
-18
-38
-22
-22
9
5
30
21
17
11
0
18
4
16
17
15
13
17
23
24
28
35
49
49
45
66
60
55
51
55
54
46
50
35
47
29
34
57
63
63
63
66
50
41
27
19
20
23
44
22
16
5
4
-27
-17
-17
-21
-11
-29
-18
-30
-24
-38
-37
-25
-10
-5
0
-6
-22
-38
-48
-50
-55
-13
-7
0
-13
-15
-42
-61
-55
-65
-44
-29
-12
-23
-20
-35
-43
-39
-43
-19
-34
-15
-6
-27
-30
-24
-33
-36
-11
-31
-16
-45
-29
3
4
39
39
38
25
21
11
-18
-17
-21
-16
-12
14
27
11
19
20
33
11
12
33
19
45
55
72
53
62
49
29
19
7
-12
15
-2
6
24
21
27
6
3
0
-7
-2
-25
-24
-8
-13
-15
-21
-10
-37
-21
-41
-45
-68
-47
-55
-39
-24
-24
-5
-13
-3
-19
-22
-23
-50
-83
-79
-78
-52
-43
8
28
28
32
6
15
8
9
41
55
47
61
51
46
41
32
44
49
43
72
47
69
71
71
71
57
70
38
59
52
36
60
52
36
25
36
26
42
64
61
50
50
44
32
35
15
22
18
24
13
14
-7
-17
-27
-32
-39
-15
-24
-46
-41
-69
-41
-55
-21
-35
-40
-52
-63
-94
-118
-116
-124
-105
-94
-94
-105
-101
-106
-99
-99
-85
-81
-76
-79
-65
-100
-106
-94
-106
-80
-77
-57
-29
-33
-24
0
-1
10
17
24
11
21
43
36
13
37
15
17
35
52
56
58
92
66
58
66
72
53
45
59
61
53
67
62
37
48
64
79
81
97
105
93
101
107
85
95
98
96
108
92
76
67
59
41
43
72
64
76
58
59
53
28
27
-3
3
-5
0
-11
2
-21
-41
-42
-66
-67
-76
-77
-63
-66
-67
-61
-75
-77
-77
-60
-53
-51
-61
-77
-85
-98
-97
-113
-90
-83
-81
-89
-59
-56
-63
-38
-58
-43
-56
-39
-48
-46
-67
-59
-44
-61
-44
-53
-39
-31
-24
-15
-5
-3
5
22
6
24
28
49
42
62
72
67
87
66
70
58
73
84
72
85
90
72
56
64
52
33
59
45
62
57
60
37
31
41
10
22
6
-15
-48
-61
-68
-59
-41
-42
-19
-26
-17
-13
-31
-37
-37
-29
-30
-37
-14
-24
-27
-14
-15
-22
-20
5
-9
-13
0
23
24
51
70
77
67
28
39
14
11
26
24
31
45
32
11
10
-11
4
-4
17
19
34
51
28
25
5
-15
-14
-16
-11
17
-3
4
-14
-41
-38
-48
-23
-36
-19
-24
1
-16
-5
-14
-10
-18
-25
-32
-48
-51
-56
-50
-59
-37
-27
-35
-44
-39
-38
-60
-38
-47
-32
-21
-11
-2
-18
-10
-4
4
9
32
40
32
41
21
30
9
10
27
23
49
35
51
24
35
14
13
38
32
55
36
30
7
-4
-9
-7
-11
-5
11
11
15
-2
-21
-23
-3
-9
10
13
12
9
-12
2
-12
-13
-10
-17
-2
-28
-8
2
-18
21
30
42
45
35
38
33
12
13
18
18
22
8
29
5
-4
-15
-21
-27
-33
-41
-28
-18
-16
-8
-2
-30
-32
-31
-22
5
-23
-5
-26
-19
-32
-45
-34
-42
-25
-31
-1
7
8
20
19
25
18
30
18
8
22
27
18
7
9
-12
-7
-1
-16
23
41
42
46
53
24
7
-2
-12
-3
3
4
31
21
30
2
3
-11
10
9
19
43
40
38
18
-16
-7
-21
-15
-15
-31
-5
-23
-8
-31
-10
-17
-21
-10
-1
-4
-17
-24
-24
-46
-53
-63
-66
-62
-41
-45
-33
-33
-51
-45
-58
-46
-33
-24
-27
-19
1
-9
-14
6
-7
-3
12
1
7
14
20
41
62
63
90
72
62
68
34
32
40
36
19
34
51
46
58
31
40
38
23
31
18
28
3
10
-4
5
-1
6
10
-29
-22
-44
-55
-52
-57
-53
-42
-24
-34
-27
-37
-32
-19
-21
-19
-1
2
-11
7
8
-4
3
4
3
-12
3
13
12
17
24
52
18
29
19
-2
-1
-27
0
-13
-2
-1
-3
-1
4
13
14
31
22
24
29
11
-1
-12
-4
-22
-17
-10
-7
-17
-1
-13
-22
-7
-20
-17
-3
14
20
43
26
29
20
-10
-3
-2
6
12
28
21
19
16
13
7
-6
10
-1
29
19
0
-5
-24
-38
-47
-42
-30
-18
-10
6
-4
8
-7
-12
-20
3
-10
-1
5
10
-18
-21
-17
-50
-42
-44
-33
-33
-24
-6
8
-1
-7
2
-23
-10
-1
16
6
10
8
-7
-14
-28
-25
-31
-22
-7
5
26
25
21
35
53
21
25
38
13
25
26
31
10
17
12
-6
-2
7
31
37
37
46
59
21
8
-10
-24
-42
-36
-5
-19
-8
-23
-40
-58
-63
-56
-63
-41
-16
-19
-15
-22
-10
-34
-36
-36
-28
-43
-39
-23
-26
-11
14
22
40
36
53
45
47
59
34
44
36
53
31
58
50
56
60
55
47
57
78
58
72
76
63
60
55
52
33
51
43
47
45
30
40
13
15
9
9
13
22
7
-6
-30
-35
-43
-40
-46
-74
-55
-72
-53
-47
-59
-56
-60
-58
-70
-52
-84
-108
-105
-118
-124
-116
-110
-103
-101
-93
-72
-73
-97
-89
-86
-94
-73
-64
-47
-41
-35
-27
-37
-21
-21
-17
-13
5
27
39
37
61
63
50
45
45
60
71
90
99
109
89
94
91
87
86
96
104
91
98
106
97
86
75
62
57
60
78
61
75
80
75
69
44
66
24
31
4
-7
-7
4
15
26
21
17
-9
-25
-37
-33
-15
-10
-19
-18
-15
-28
-39
-62
-52
-76
-63
-72
-74
-71
-62
-75
-81
-78
-88
-74
-81
-73
-89
-94
-94
-81
-76
-68
-49
-45
-26
-31
-40
-37
-51
-38
-30
-16
15
26
52
68
56
47
46
21
19
26
17
55
70
73
68
65
47
18
41
8
46
49
84
86
86
90
53
47
18
22
-4
21
21
25
38
44
55
33
57
26
17
-1
-15
-23
-30
-41
-43
-39
-67
-51
-53
-65
-66
-46
-54
-63
-59
-75
-84
-95
-92
-96
-78
-75
-73
-74
-68
-81
-74
-83
-63
-60
-44
-26
-6
7
6
16
-5
-6
10
24
40
47
64
56
66
54
54
62
44
78
71
104
90
94
93
94
93
95
95
92
97
78
77
35
46
31
40
55
32
45
44
28
22
30
47
31
28
10
-17
-19
-24
-38
-34
-17
-28
-19
-20
-31
-36
-53
-31
-53
-47
-48
-48
-38
-52
-51
-41
-56
-63
-62
-69
-68
-75
-79
-81
-83
-75
-48
-59
-30
-41
-34
-38
-37
-28
-22
-15
-25
-12
-17
9
14
17
28
26
14
22
21
12
24
6
38
25
10
28
32
20
29
32
9
9
5
3
-3
8
21
3
27
29
21
27
33
25
32
38
41
49
41
43
19
10
15
-12
-12
-1
-1
13
18
20
5
-2
18
13
5
-2
-4
-18
-22
-19
-14
-22
-7
-15
-26
-17
-29
-25
-19
-12
-16
14
-2
0
22
-5
4
13
4
-8
-2
-16
-6
-7
-8
-7
-12
10
-3
30
35
31
27
12
5
-35
-20
-25
-31
-12
19
6
-11
-18
-53
-60
-75
-48
-33
-24
-11
-1
10
13
26
20
25
11
41
38
35
36
26
22
-4
15
23
20
33
44
24
45
31
51
42
43
32
41
28
10
18
-3
6
-5
-4
-8
-8
-5
-4
3
-2
18
6
12
12
3
-16
-30
-20
-52
-31
-30
-25
-36
-35
-24
-17
-22
-38
-31
-51
-53
-39
-49
-41
-47
-28
-55
-64
-85
-85
-85
-71
-55
-39
-12
-4
-21
-31
-32
-53
-58
-45
-47
-56
-38
-31
-28
0
16
17
46
34
19
17
12
25
40
57
50
74
68
54
54
63
44
71
95
87
109
114
127
105
101
103
91
49
36
41
44
59
78
67
78
83
68
54
34
16
2
23
10
26
21
33
24
15
-14
-22
-33
-28
-22
-17
-16
-27
-52
-47
-75
-71
-77
-89
-78
-99
-94
-81
-76
-82
-74
-64
-50
-72
-38
-67
-62
-62
-48
-74
-51
-25
-40
-37
-37
-31
-37
-7
-20
6
-1
-1
9
7
-10
-29
-3
-4
3
4
3
-8
-10
1
-5
26
26
49
57
39
26
26
-3
-33
-31
-15
-2
18
40
39
47
41
22
6
9
12
18
26
38
25
30
23
33
8
9
29
14
20
18
30
8
32
20
15
16
-7
18
-2
7
20
12
29
5
3
-16
-3
-2
-1
39
33
46
32
29
2
-20
-42
-42
-34
-22
-4
5
12
-15
-39
-55
-52
-73
-46
-11
-5
0
10
-5
-37
-39
-41
-43
-11
-11
0
-4
-4
-8
-18
-16
3
4
9
-3
20
5
20
9
19
30
12
16
23
56
44
48
62
63
31
39
48
41
67
84
78
89
80
61
41
35
36
16
37
8
34
24
0
2
-18
-19
-32
-13
-16
-18
-11
-19
-24
-34
-52
-71
-74
-90
-98
-93
-87
-87
-74
-53
-67
-61
-65
-54
-70
-74
-54
-51
-26
-44
-49
-59
-68
-62
-71
-48
-41
-25
-17
-7
-19
-10
-4
13
28
11
33
35
41
36
26
34
18
2
15
13
23
20
31
9
21
18
6
31
13
32
27
39
35
48
45
39
61
50
57
26
37
9
-10
-3
5
21
45
67
63
84
58
31
36
20
12
26
21
47
43
42
36
15
1
3
-12
2
14
10
32
28
21
-6
-12
-26
-40
-28
-35
-40
-33
-25
-20
-15
-2
-7
-10
7
-13
3
-20
7
-6
-26
-13
-13
-11
-15
16
3
17
-6
7
-13
-27
-15
-8
7
-5
8
12
-20
-38
-37
-48
-75
-44
-40
-49
-22
-21
-30
-24
0
-39
-19
-47
-37
-66
-64
-34
-38
-19
-20
2
-10
5
2
18
-2
-1
2
-3
-7
8
19
28
36
46
43
35
41
19
18
6
12
15
31
33
31
30
42
35
10
14
14
-13
-9
6
6
27
25
29
14
9
-6
-20
0
6
13
23
15
16
-3
-15
-38
-17
-16
-32
2
1
-15
-22
-15
-30
-20
-12
-28
-21
-39
-37
-44
-47
-43
-36
-33
-35
-19
-29
-14
-11
9
5
33
24
7
9
8
12
-13
30
36
30
57
58
60
30
31
17
22
38
48
72
78
82
63
60
32
8
15
8
10
12
46
38
48
48
24
38
14
25
-1
6
-6
-15
-4
-13
-28
-41
-43
-42
-34
-43
-23
-24
-23
-34
-44
-36
-48
-40
-46
-49
-39
-47
-44
-51
-64
-48
-50
-47
-31
-41
-38
-42
-42
-26
-35
-15
-20
-6
-15
-20
-17
-22
-24
-17
-15
-1
27
18
27
7
15
-2
8
-2
17
33
29
26
32
-6
19
27
26
38
26
46
31
42
49
45
48
43
21
30
7
-7
-7
-15
6
17
40
62
56
46
34
24
12
4
-10
6
-10
-7
-2
-25
-4
-7
-1
-14
1
11
19
16
23
8
-7
-1
-12
-11
-24
-7
-33
-25
-28
-31
-34
-26
2
-3
28
5
13
1
-11
-19
-48
-48
-52
-34
-43
-37
-8
-19
-18
-9
-18
-15
-32
-4
-4
-16
6
-4
-2
-16
-8
-28
-38
-37
-30
-3
-19
27
30
39
29
39
33
7
0
6
16
9
29
30
38
46
53
59
51
50
25
51
26
36
46
28
36
24
35
6
8
8
-8
-14
-4
-10
0
-4
19
12
6
3
-2
-20
-49
-52
-55
-31
-35
-14
-35
-22
-10
-36
-23
-30
-26
-37
-25
-29
-51
-20
-33
-41
-55
-35
-57
-60
-50
-58
-43
-38
-8
6
9
19
-3
-8
-9
-22
-5
2
13
15
30
27
39
37
39
15
17
23
26
33
27
55
48
48
50
46
32
27
31
30
59
37
52
45
37
36
36
41
47
73
60
81
63
66
37
31
23
4
32
19
23
19
24
10
-12
-4
-34
-23
-19
-25
-27
-24
-32
-50
-52
-59
-69
-84
-83
-68
-89
-79
-51
-65
-72
-70
-83
-99
-95
-79
-70
-88
-79
-81
-80
-84
-80
-63
-48
-42
-40
-19
-16
-28
-37
-29
-22
-19
-2
14
11
-2
19
5
-3
12
14
33
71
90
104
107
106
103
85
96
90
91
105
105
110
104
99
102
75
84
73
80
89
90
90
69
71
48
50
29
9
17
10
-2
-10
-9
-16
-49
-36
-35
-41
-14
-23
-3
-37
-50
-53
-81
-81
-74
-76
-81
-65
-66
-58
-63
-48
-57
-51
-61
-74
-69
-87
-83
-92
-47
-33
-32
-31
-25
-49
-33
-23
-22
-13
-10
-3
15
24
6
9
8
12
17
27
48
56
48
65
58
48
52
36
59
59
80
104
87
79
41
46
10
30
11
16
42
25
35
31
24
6
14
-3
-12
-20
-1
2
13
36
19
-26
-11
-26
-61
-65
-82
-73
-74
-48
-53
-37
-14
-9
-10
7
-12
-45
-40
-66
-79
-78
-71
-58
-50
-50
-36
-35
-26
-43
-44
-37
-22
-15
-3
9
15
32
6
9
2
-22
-30
-33
-12
-13
3
33
53
66
61
72
58
59
40
39
55
35
50
50
47
33
21
10
17
25
52
64
74
60
57
56
40
47
25
19
31
18
15
1
11
-2
-2
22
12
20
18
17
-2
7
11
18
20
28
10
13
6
-30
-25
-38
-23
-27
4
-9
4
-3
10
-17
-35
-26
-39
-43
-44
-46
-50
-30
-51
-43
-62
-53
-54
-64
-34
-48
-31
-34
-44
-51
-45
-71
-53
-52
-46
-35
-47
-29
-19
-3
-9
15
29
46
49
43
37
25
8
2
-9
-12
-2
11
5
12
30
31
49
33
39
20
13
3
-25
-22
-34
-32
-34
-21
-3
-2
16
19
8
22
26
1
-5
3
19
34
30
24
20
9
-13
-26
-32
-28
-10
-1
21
20
28
31
11
8
16
44
47
60
64
54
62
53
46
16
-4
-22
-29
-27
-23
-1
-24
-3
-6
14
25
25
56
54
83
76
47
32
-7
-45
-39
-36
-13
-11
17
18
10
16
12
-13
-35
-15
-19
-12
13
1
-21
-29
-51
-74
-91
-95
-89
-88
-78
-49
-35
-18
-13
-5
-19
-8
-5
1
-10
-14
-24
-42
-37
-43
-45
-6
-2
0
24
29
42
28
30
34
44
38
65
57
62
36
27
1
-17
-27
-37
-14
-10
-4
0
-5
2
42
43
62
68
53
64
31
5
-17
-27
-18
-34
-7
-2
23
30
22
25
23
19
10
30
24
45
54
53
52
44
18
-16
-48
-83
-99
-98
-88
-78
-55
-41
-11
-13
1
-9
4
10
-7
5
-21
-54
-73
-72
-73
-74
-67
-62
-32
13
32
41
44
62
32
23
34
43
28
36
6
1
-13
-32
-47
-54
-31
-20
6
54
54
62
76
80
65
51
37
-3
-10
-20
-27
-21
-26
-42
-13
-31
-14
-25
-20
-12
-4
-10
3
19
45
53
51
51
23
9
-23
-29
-41
-24
2
-1
0
11
11
-27
-22
-21
-6
-6
16
40
27
27
53
57
36
45
58
34
-14
1
-14
-36
-37
-7
-8
15
60
69
59
49
56
20
7
-1
-20
-58
-43
-64
-64
-78
-59
-60
-70
-28
-18
14
12
38
38
14
8
-14
-31
-48
-91
-83
-82
-73
-69
-49
-27
-41
-20
-8
17
6
27
35
61
37
61
41
23
15
-25
5
9
3
29
70
41
65
70
27
18
-8
-39
-19
-13
13
22
26
59
47
66
60
91
76
38
39
33
-7
-40
-20
-39
-39
-46
-42
-49
-50
-26
-8
-2
3
13
27
0
-15
-37
-65
-72
-86
-83
-93
-84
-87
-92
-79
-74
-70
-65
-48
-41
-21
-16
-29
-33
-20
-44
-43
-28
-36
-36
-7
11
46
80
104
101
71
66
64
79
62
73
96
102
110
99
86
88
56
46
39
40
20
30
10
29
58
44
50
83
110
112
109
99
95
79
44
42
45
16
18
-2
-26
-54
-80
-89
-74
-68
-80
-37
-31
-32
-48
-69
-87
-97
-123
-114
-119
-116
-109
-81
-100
-102
-78
-97
-90
-98
-82
-71
-68
-68
-41
-42
-49
-73
-75
-78
-76
-39
-28
24
54
76
111
86
104
69
75
65
66
112
109
122
93
109
102
77
56
76
84
72
67
66
53
36
44
29
70
68
53
37
29
18
-6
-26
-36
-5
-20
2
-4
12
-14
9
2
-33
-27
-34
-89
-388
-610
-631
-363
-276
-130
269
637
548
299
378
423
71
-431
-396
-250
-391
-542
-422
-368
-626
-699
-258
209
475
673
954
1039
851
657
566
305
-68
-273
-301
-285
-184
-80
-69
-122
-107
-54
-101
-180
-141
-63
-70
-36
223
385
316
165
155
152
-53
-208
-246
-220
-324
-318
-196
-9
-27
-21
4
80
15
-2
51
97
118
144
194
130
10
-194
-395
-604
-669
-679
-658
-613
-444
-227
-73
50
219
318
317
289
346
440
450
453
463
480
418
332
306
242
114
-6
-7
-17
14
11
45
115
127
180
225
284
260
212
182
137
105
60
6
-14
-25
-46
-10
-19
3
-56
-94
-188
-212
-255
-304
-340
-320
-273
-263
-161
-117
-107
-197
-175
-230
-279
-337
-291
-292
-365
-426
-480
-471
-536
-541
-398
-253
-74
11
168
273
296
185
138
144
33
-44
-93
-15
35
38
105
257
310
296
318
399
378
284
290
327
299
190
-113
-477
-836
-1030
-1054
-908
-366
278
776
1193
1641
1906
1800
1431
1111
750
240
-157
-292
-285
-372
-461
-277
-124
-110
-160
-44
18
-68
-78
76
183
170
148
188
230
135
100
105
113
156
285
448
548
442
224
-158
-629
-1101
-1443
-1705
-1832
-1634
-1203
-735
-206
330
712
770
629
453
85
-397
-687
-785
-837
-817
-602
-472
-518
-665
-717
-719
-724
-740
-1057
-1498
-1975
-1959
-1694
-1024
64
1353
2428
2960
3355
3550
3178
2203
1278
511
-229
-847
-863
-487
-373
-332
-75
257
182
-142
-206
-170
-209
-185
408
1186
1651
1767
1975
2047
1687
940
377
79
-299
-550
-409
66
301
281
268
327
146
-219
-551
-722
-804
-871
-756
-480
-278
-269
-463
-617
-766
-942
-1112
-1109
-969
-746
-442
8
576
938
781
230
-361
-1013
-1705
-2205
-2132
-1728
-1323
-847
-38
749
906
706
580
358
-297
-1019
-1307
-1442
-1830
-2037
-1591
-832
-717
-1092
-1431
-1316
-1290
-1034
-8
1395
2578
3232
3838
4358
4444
3788
2753
1643
654
-397
-1187
-1370
-1309
-1290
-1271
-835
-177
250
405
560
795
983
965
1112
1642
1952
1921
1823
2128
2152
1563
793
180
-425
-1310
-1967
-1866
-1402
-1142
-781
89
1006
1276
1157
1161
998
418
-252
-540
-644
-1046
-1403
-1344
-1257
-1451
-1682
-1672
-1609
-1598
-1319
-773
-153
202
382
607
769
748
494
-121
-1013
-1920
-2680
-3254
-3337
-2794
-1969
-1165
-115
1065
2035
2465
2450
2066
1201
-2
-1187
-2096
-2770
-3120
-3002
-2368
-1652
-1335
-1513
-1847
-1752
-1408
-641
579
2218
3830
4751
5146
5490
5528
4553
2871
1338
374
-819
-1795
-1833
-1277
-1057
-1060
-374
588
886
607
594
825
665
323
753
1565
1949
1856
2123
2701
2505
1725
1100
523
-490
-1579
-2042
-1822
-1533
-1115
-319
689
1429
1636
1613
1345
749
-5
-693
-1213
-1532
-1752
-1765
-1649
-1493
-1349
-1392
-1555
-1644
-1569
-1444
-1221
-736
-231
29
185
310
356
-27
-550
-1029
-1697
-2495
-3082
-3208
-2934
-2330
-1500
-381
744
1496
2016
2367
2367
1830
982
79
-981
-1876
-2558
-2850
-2784
-2486
-1848
-1505
-1926
-2728
-2967
-2369
-1569
-493
1631
4154
5591
5960
6487
7134
6196
3855
1967
899
-501
-2141
-2408
-1390
-982
-1303
-726
735
1196
414
63
551
437
-330
131
1603
2325
2195
2708
3825
3811
2843
2002
1361
73
-1565
-2249
-2171
-2204
-2058
-1155
-43
756
1244
1578
1347
670
120
-316
-797
-1192
-1173
-1051
-1192
-1342
-1273
-1505
-2229
-2834
-2879
-2758
-2734
-2222
-1143
-275
145
587
1008
756
-151
-1109
-1851
-2720
-3751
-4091
-3861
-3503
-2729
-1463
-148
1037
1909
2496
2644
2445
1897
1014
288
-448
-936
-1152
-1147
-925
-603
-425
-218
81
-332
-2195
-4295
-4640
-3835
-2957
-1335
2081
5629
7070
7162
8122
8873
6954
3562
1638
881
-721
-2416
-1845
-6
176
-765
-87
1406
788
-1285
-1777
-1032
-1595
-2323
-718
1960
2940
2883
3843
5069
4571
2681
1380
619
-1066
-2911
-3223
-2622
-2352
-2113
-1178
-19
616
798
624
119
-479
-838
-1015
-1056
-889
-578
-486
-877
-1164
-1398
-2201
-3420
-4006
-3824
-3560
-3073
-2010
-652
190
597
1195
1551
927
-253
-1222
-1934
-2791
-3552
-3619
-3317
-3051
-2577
-1646
-410
649
1376
1980
2472
2741
2708
2458
2127
1634
1049
368
68
159
-9
-198
-309
-41
-103
-86
-452
-2314
-4430
-5450
-4204
-3146
-1761
1507
5189
6942
6765
7503
9183
8039
4341
2408
2121
962
-1546
-1792
216
-54
-2180
-2355
-343
-353
-2969
-3448
-1648
-1462
-2524
-957
2571
3906
2923
3407
5219
5008
2733
1277
1001
-526
-2806
-3369
-2574
-2494
-2964
-2505
-1378
-750
-507
-342
-243
-213
-159
3
30
-132
-257
-772
-1762
-2364
-2444
-3014
-4000
-4217
-3407
-2696
-2294
-1257
168
743
451
558
967
506
-629
-1210
-1228
-1536
-2017
-1915
-1695
-2000
-2275
-1809
-866
-339
121
1105
2063
2467
2776
3475
3434
2732
2138
1873
1298
289
153
47
-251
-301
85
671
457
-130
-409
-2235
-4770
-6231
-5201
-3650
-2813
176
4485
7251
7658
8088
9798
9226
5220
2360
1568
215
-2637
-3759
-2034
-1590
-3088
-2981
-762
160
-1825
-2566
-808
-380
-1753
-1072
1880
3110
2256
2569
4591
4742
2941
1676
1500
270
-2161
-3136
-2749
-2940
-3540
-3131
-1813
-926
-481
418
967
808
563
294
-205
-1093
-1898
-2356
-3028
-3597
-3501
-3218
-3194
-3153
-2396
-1545
-1086
-550
105
480
394
471
890
910
376
27
-55
-466
-1270
-1972
-2477
-3206
-3742
-3301
-2232
-993
256
1651
2891
3685
3981
4247
3944
3137
2214
1361
854
22
-419
-418
-287
-126
544
1259
1519
1262
588
-151
-2638
-5348
-6931
-6465
-4997
-3647
-35
4408
7369
8467
9070
9974
8994
5120
2092
734
-795
-2843
-3685
-2038
-1088
-1784
-1634
-245
324
-1537
-3033
-2452
-2331
-3263
-2753
-4
2018
2388
3308
5402
5860
4197
2539
1647
274
-2288
-3367
-2846
-2763
-3147
-2594
-1158
-303
-426
38
422
-254
-929
-1016
-761
-1191
-1718
-1383
-1147
-1616
-1958
-1784
-1839
-2740
-3122
-2342
-1565
-1201
-486
746
1678
1845
2020
2086
1366
72
-1139
-1951
-2886
-3789
-4097
-3915
-3586
-2797
-1279
457
1678
2683
3604
4135
3902
3487
3036
2176
1078
332
399
434
441
611
958
1040
656
687
667
411
-320
-1270
-2187
-4614
-6540
-7189
-5937
-4281
-2461
1401
5385
7525
8320
9018
9610
8155
4706
2531
1206
-593
-2664
-3292
-2002
-1729
-2488
-1993
-659
-513
-1961
-2475
-1708
-1885
-2701
-1922
176
1597
1944
3105
5064
5680
4625
3766
3157
1520
-1240
-2914
-2978
-3545
-4356
-3812
-2297
-1247
-874
10
1073
995
191
-257
-488
-1256
-2130
-2325
-2009
-2030
-2034
-1579
-985
-885
-1048
-749
-343
-442
-610
-256
119
78
80
105
25
-272
-724
-1283
-1827
-2209
-2603
-2964
-2809
-2035
-1007
11
1281
2700
3739
4027
3920
3668
2918
1592
287
-443
-628
-753
-641
135
967
1466
1694
2048
1916
1275
60
-1499
-3094
-5749
-7706
-8436
-7143
-4856
-2353
1781
5825
8340
9315
9517
9594
8045
4535
1908
324
-1082
-2539
-2952
-1608
-916
-1297
-1002
-118
-45
-1714
-2958
-2856
-3280
-4178
-3583
-1227
718
1762
3451
5977
7049
6148
4997
3951
2161
-1249
-3530
-4059
-4461
-4989
-4522
-2360
-314
437
1105
1963
1915
696
-776
-1395
-1919
-2574
-2654
-1857
-729
-95
-32
183
129
-504
-1440
-2113
-2257
-2332
-2219
-1562
-429
674
1252
1498
1515
1108
69
-1186
-2158
-2769
-3405
-3366
-2264
-772
560
1695
3011
3754
3520
2743
1937
1159
-7
-840
-743
-188
228
689
1473
2002
2056
1724
1615
794
-107
-1318
-2439
-3930
-6536
-7792
-7797
-6021
-4069
-1393
2597
5772
7306
7980
8616
8856
6911
3899
2395
1217
-252
-1517
-1363
-341
-822
-1488
-934
-238
-1102
-3050
-3573
-3416
-4323
-4879
-3307
-865
567
1689
4289
6956
7559
6650
5938
4886
2340
-840
-2581
-3422
-4683
-5407
-4342
-2487
-929
149
1164
1887
1644
866
185
-415
-1067
-1531
-1544
-994
-335
33
-96
-540
-937
-1485
-2385
-3118
-3252
-2987
-2647
-1797
-176
1355
1889
2086
2285
1897
643
-593
-1475
-2521
-3494
-3640
-2712
-1552
-673
348
1768
2587
2589
2214
2020
1290
-3
-551
-301
193
293
1007
1991
2537
2326
2053
1906
978
-346
-1900
-2877
-4833
-7346
-8518
-8056
-5992
-4187
-1227
3084
6173
7424
8101
9026
9080
6550
3885
2826
1591
-156
-1264
-701
38
-915
-1456
-810
-580
-2037
-3814
-3913
-4065
-5191
-5220
-3016
-698
489
2107
5119
7200
7285
6899
6353
4627
1330
-1315
-2348
-3386
-4415
-4130
-2760
-1413
-663
455
1471
1325
651
18
-522
-1262
-1839
-1675
-1280
-1078
-544
152
222
-356
-817
-1119
-1983
-2831
-2780
-2465
-2224
-1629
-122
1121
1523
1942
2366
2111
1084
157
-384
-1336
-2680
-3084
-2686
-2230
-1967
-1144
230
912
1159
1643
2269
2185
1567
1293
1509
1369
1032
1100
1411
1387
877
635
728
172
-560
-1515
-2316
-3786
-6112
-7466
-7473
-6039
-4606
-2239
1435
4653
6372
7353
8377
8952
7258
4729
3309
2085
320
-1290
-1381
-760
-1375
-1854
-1111
-336
-1008
-2471
-2825
-2997
-4165
-4900
-3719
-1894
-917
363
3081
5682
6599
6926
7045
6186
3469
643
-839
-2218
-3622
-4291
-3324
-1956
-1127
-111
1257
1809
1414
595
2
-678
-1661
-2195
-2137
-1890
-1520
-1037
-412
-106
-57
-172
-587
-1093
-1448
-1861
-1972
-1694
-1019
-355
194
894
1408
1583
1240
870
429
-485
-1596
-2180
-2372
-2642
-2780
-2282
-1351
-747
-198
725
1540
1834
1773
2113
2403
2114
1703
1572
1489
1006
524
369
338
-104
-484
-742
-1190
-2078
-3925
-5504
-6750
-6683
-5760
-4535
-2105
753
3315
5102
6510
8113
8726
7333
5738
4578
3131
1174
-532
-698
-889
-1723
-1812
-812
-38
-842
-1594
-1572
-2059
-3489
-4113
-3332
-2602
-2413
-1133
1375
3548
4734
5795
6857
6369
4587
2883
1640
-249
-2235
-2874
-2699
-2464
-2032
-1067
198
584
513
600
198
-676
-1734
-2480
-2774
-3126
-2899
-2244
-1546
-773
-2
585
703
464
82
-541
-1344
-1756
-1898
-1917
-1758
-1030
-79
596
1250
1769
1841
1251
427
-387
-1390
-2624
-3315
-3396
-3270
-2726
-1580
31
1291
2253
3211
3829
3724
3020
2444
1757
782
-76
-358
-330
-390
-325
123
349
-104
-1121
-2563
-4080
-5495
-5873
-5657
-4976
-3440
-1276
941
2810
4663
6778
7706
7213
6659
6029
4762
2745
1164
576
-332
-1377
-1564
-778
-447
-902
-839
-384
-729
-1800
-2365
-2419
-2903
-3724
-3370
-2128
-1006
153
1908
3908
4928
5154
5406
5384
4117
2510
1486
580
-675
-1666
-1742
-1604
-1658
-1646
-1119
-782
-1068
-1441
-1636
-1879
-2417
-2702
-2580
-2320
-2006
-1524
-890
-368
-161
-68
-94
-263
-473
-721
-901
-873
-569
-124
302
886
1539
1830
1747
1462
1023
124
-980
-1973
-2605
-3064
-3335
-3098
-2548
-1819
-1085
-167
729
1275
1655
1992
2125
1977
1848
1808
1702
1524
1450
1530
1366
794
213
-477
-1680
-3074
-4084
-4381
-4644
-4600
-3702
-2258
-937
63
1291
2773
3579
3767
4009
4222
3982
3231
2770
2682
2120
1361
983
994
902
559
632
950
883
547
473
588
245
-443
-869
-1082
-1372
-1752
-1770
-1372
-1092
-932
-532
143
739
1200
1678
2227
2611
2633
2604
2333
1907
1254
533
-162
-837
-1415
-1855
-2051
-2165
-2167
-2094
-1943
-1845
-1810
-1938
-2045
-2078
-2121
-2093
-1980
-1687
-1253
-797
-394
89
541
888
1061
1224
1294
1016
656
187
-208
-684
-1025
-1105
-1081
-1143
-1138
-878
-757
-772
-908
-966
-1032
-1184
-1193
-891
-374
64
656
1286
1806
2085
2052
1959
1640
1205
723
305
10
-196
-362
-382
-331
-338
-291
-309
-399
-449
-429
-298
-81
222
514
847
1160
1369
1375
1282
1029
645
282
-36
-291
-425
-385
-216
76
442
964
1412
1776
1986
1984
1917
1666
1282
842
374
29
-279
-353
-212
29
429
838
1225
1486
1581
1536
1263
831
322
-158
-496
-742
-871
-805
-768
-759
-753
-811
-947
-1262
-1668
-1979
-2192
-2327
-2269
-1973
-1567
-1161
-633
-61
378
545
579
500
156
-297
-679
-996
-1295
-1590
-1551
-1259
-950
-634
-299
-52
7
-264
-639
-1007
-1497
-2002
-2261
-2170
-1920
-1432
-731
84
798
1331
1728
1905
1800
1496
1153
793
514
265
222
269
314
404
474
513
431
314
205
144
126
121
218
398
595
803
928
973
963
826
656
536
434
332
274
447
606
768
971
1230
1438
1393
1284
1156
852
368
-107
-452
-715
-923
-902
-591
-186
172
631
1071
1345
1390
1325
1205
878
489
212
141
93
133
344
601
645
672
679
501
116
-366
-681
-1071
-1415
-1568
-1519
-1395
-1237
-990
-670
-347
-229
-181
-143
-172
-366
-594
-699
-866
-1031
-1030
-892
-728
-558
-412
-365
-499
-795
-1197
-1663
-2177
-2653
-2912
-2928
-2680
-2277
-1685
-989
-386
174
617
869
910
815
600
429
297
190
186
209
294
354
406
433
444
373
252
237
206
253
369
452
674
945
1130
1275
1370
1335
1191
950
707
493
347
306
437
739
1152
1541
1828
2050
2113
1933
1566
1124
673
174
-277
-500
-483
-403
-255
-15
242
424
429
394
257
40
-251
-469
-541
-460
-301
-30
311
576
776
802
678
401
-34
-497
-966
-1315
-1521
-1597
-1506
-1293
-968
-631
-298
-13
160
185
155
89
-7
-159
-250
-169
-30
162
412
750
975
983
827
539
111
-564
-1297
-1899
-2363
-2604
-2537
-2164
-1591
-950
-248
363
806
1010
995
733
378
30
-237
-382
-461
-426
-268
-143
-96
6
70
-25
-246
-385
-522
-642
-697
-608
-416
-200
59
313
436
431
312
105
-127
-454
-657
-709
-603
-401
38
528
943
1315
1486
1499
1367
1026
635
250
-134
-343
-377
-309
-104
182
412
601
716
761
614
362
102
-135
-320
-352
-231
51
437
793
1248
1585
1770
1658
1388
1056
543
3
-490
-844
-1147
-1300
-1246
-1033
-767
-499
-208
40
232
295
351
346
221
167
212
335
496
706
965
1148
1179
1088
894
530
-32
-639
-1105
-1419
-1578
-1551
-1290
-841
-394
61
488
778
855
699
425
113
-184
-492
-647
-682
-610
-539
-426
-254
-122
-67
-137
-192
-286
-450
-577
-682
-707
-727
-706
-530
-384
-314
-325
-282
-337
-537
-734
-825
-840
-836
-681
-395
-43
223
405
591
661
546
388
164
-108
-337
-469
-448
-418
-281
-112
80
192
260
263
179
-31
-201
-338
-411
-399
-303
-33
198
490
799
1033
1131
1068
981
815
584
331
152
36
-141
-218
-173
-97
-5
55
163
297
368
432
533
600
695
812
958
1130
1271
1397
1406
1362
1189
922
595
219
-168
-500
-682
-791
-777
-647
-473
-229
77
313
558
690
748
692
528
358
103
-125
-367
-566
-670
-742
-750
-657
-544
-414
-317
-283
-279
-376
-533
-686
-822
-914
-935
-879
-785
-683
-582
-511
-461
-514
-609
-650
-704
-754
-666
-542
-404
-263
-96
45
99
159
53
-107
-235
-379
-487
-516
-439
-338
-234
-77
112
218
205
153
134
53
-31
-17
75
198
342
538
772
936
981
965
943
845
678
534
443
269
83
-3
-32
-44
-91
-106
-125
-138
-173
-190
-181
-146
-75
0
214
445
680
885
1011
1032
992
796
523
211
-155
-411
-629
-681
-633
-537
-405
-173
48
200
333
431
464
435
356
303
284
176
91
102
111
82
91
138
164
145
112
119
85
4
-107
-184
-238
-339
-367
-315
-293
-287
-281
-249
-282
-349
-404
-470
-536
-584
-582
-516
-449
-363
-219
-50
91
142
162
164
38
-109
-172
-218
-283
-329
-247
-233
-196
-173
-182
-249
-296
-382
-400
-345
-331
-257
-111
83
267
418
582
691
685
686
642
563
408
267
94
-74
-155
-193
-206
-230
-209
-172
-193
-218
-204
-153
-124
-23
141
332
526
657
750
746
651
471
196
-60
-311
-540
-650
-662
-600
-549
-410
-269
-182
-144
-105
-91
-167
-323
-392
-404
-423
-402
-300
-70
68
223
411
551
614
602
592
566
510
377
288
238
175
94
136
260
292
381
478
562
610
584
543
489
356
181
88
49
-63
-84
-26
60
144
231
329
315
268
182
56
-46
-166
-287
-346
-322
-375
-378
-349
-360
-395
-477
-463
-504
-561
-562
-520
-471
-403
-239
-95
2
67
104
162
185
125
19
-20
-134
-281
-402
-459
-565
-698
-728
-778
-765
-774
-737
-640
-488
-315
-53
196
391
546
628
628
524
365
186
-5
-162
-226
-261
-219
-184
-74
33
91
148
171
179
99
30
18
-23
-94
-80
-48
22
69
144
279
343
388
408
425
447
416
350
335
297
231
206
197
240
287
359
458
567
661
744
790
759
704
540
369
237
121
46
15
66
168
267
389
510
582
584
530
437
325
155
0
-121
-229
-311
-361
-426
-510
-581
-655
-693
-741
-729
-712
-680
-616
-523
-441
-378
-336
-310
-270
-282
-338
-356
-411
-451
-525
-558
-591
-593
-644
-685
-708
-777
-818
-848
-821
-715
-606
-412
-136
81
273
395
488
452
330
189
52
-73
-174
-193
-77
15
114
272
385
427
448
427
372
299
238
193
173
186
189
251
299
295
331
349
334
336
318
324
286
288
318
305
354
368
362
437
450
461
505
527
569
574
597
578
535
431
357
234
130
54
0
15
50
101
155
233
271
256
236
221
166
81
71
36
-37
-117
-196
-263
-360
-437
-505
-506
-532
-497
-449
-372
-283
-254
-154
-94
-58
-51
-30
-66
-177
-266
-368
-454
-558
-622
-608
-589
-599
-541
-542
-585
-595
-640
-652
-644
-569
-479
-370
-207
-71
19
77
79
0
-93
-197
-298
-350
-344
-305
-238
-131
-46
23
58
88
53
60
50
35
72
53
121
199
287
343
487
574
610
640
626
585
501
377
288
204
145
114
128
178
232
318
401
507
561
603
639
621
560
539
456
362
291
228
181
173
158
169
189
193
176
186
184
207
170
161
128
110
87
49
44
-23
-49
-109
-192
-281
-404
-497
-513
-511
-458
-371
-262
-164
-78
36
99
126
146
104
17
-76
-131
-246
-341
-425
-455
-479
-514
-545
-503
-515
-511
-499
-441
-370
-315
-266
-209
-126
-130
-112
-143
-158
-233
-313
-298
-308
-325
-274
-231
-190
-149
-118
-95
-102
-89
-96
-80
-46
5
3
22
69
73
76
122
172
143
155
174
219
178
178
194
213
208
213
276
287
336
380
454
512
573
610
618
625
601
579
518
448
386
319
265
242
235
223
238
236
233
223
196
164
123
86
60
53
70
57
61
76
49
-7
-59
-145
-255
-358
-467
-491
-544
-542
-499
-421
-290
-194
-76
45
103
92
83
25
-70
-163
-242
-319
-401
-401
-387
-409
-412
-394
-398
-373
-368
-317
-238
-186
-115
-48
19
30
8
-4
-47
-95
-123
-119
-110
-90
-66
-66
-75
-120
-137
-216
-243
-218
-178
-121
-38
64
145
204
224
255
246
180
129
64
22
-30
-64
-72
-39
30
80
145
227
293
327
359
404
456
474
477
518
493
447
413
360
285
253
232
225
218
205
222
232
251
272
324
335
363
326
308
250
176
151
86
60
21
-8
-35
-122
-199
-283
-385
-484
-508
-526
-519
-501
-438
-361
-287
-206
-183
-142
-169
-203
-259
-313
-382
-432
-487
-538
-532
-544
-507
-501
-468
-417
-377
-300
-265
-207
-148
-97
-86
-59
-13
-36
-28
13
29
85
114
167
241
247
250
255
219
160
110
33
25
19
10
94
150
248
358
423
472
483
473
409
331
270
185
139
131
136
137
172
209
227
247
269
273
297
327
353
367
397
432
418
420
403
331
242
181
79
-27
-94
-121
-171
-172
-152
-127
-76
-56
-24
-38
-42
-88
-94
-170
-197
-225
-259
-286
-321
-373
-434
-444
-533
-554
-589
-594
-574
-509
-447
-349
-250
-197
-121
-126
-126
-175
-237
-271
-332
-376
-365
-360
-345
-343
-295
-253
-226
-186
-143
-101
-78
-26
15
62
77
88
126
139
158
185
233
279
308
366
378
405
398
372
355
367
318
313
329
339
350
384
429
471
490
502
496
436
389
339
280
228
191
185
185
188
208
232
249
226
223
215
173
129
131
134
94
86
86
65
24
-39
-67
-140
-202
-262
-313
-331
-360
-377
-354
-325
-314
-256
-228
-243
-216
-233
-268
-313
-305
-308
-342
-331
-334
-332
-354
-389
-369
-401
-427
-405
-398
-345
-281
-214
-148
-87
-21
12
1
-15
-54
-92
-143
-147
-153
-139
-151
-151
-148
-165
-136
-112
-76
-25
17
74
99
86
94
55
76
71
90
152
214
258
309
353
382
353
314
323
236
188
151
126
129
142
204
306
387
469
555
568
552
525
455
365
280
189
108
87
79
114
161
212
242
273
261
239
197
185
149
118
108
123
129
112
96
61
14
-70
-145
-224
-275
-333
-353
-329
-288
-238
-175
-127
-98
-89
-92
-143
-203
-257
-308
-364
-407
-426
-463
-496
-504
-487
-516
-473
-461
-438
-376
-310
-256
-201
-147
-124
-89
-66
-70
-82
-73
-84
-74
-80
-67
-70
-72
-78
-77
-45
-58
-39
-1
14
53
85
120
136
153
138
122
110
84
79
91
80
98
137
129
151
156
163
153
140
99
69
28
31
26
57
135
184
204
240
302
287
265
244
214
166
80
70
97
80
102
153
195
192
217
237
255
263
298
329
344
383
388
376
353
332
297
235
183
120
74
5
-24
-39
-64
-42
-20
3
44
79
93
79
46
12
-31
-99
-138
-157
-221
-260
-314
-338
-379
-420
-442
-438
-410
-381
-337
-304
-267
-264
-272
-263
-271
-311
-316
-344
-319
-327
-316
-297
-290
-286
-327
-290
-312
-305
-319
-270
-251
-239
-184
-192
-161
-157
-143
-107
-82
-53
-25
17
53
62
97
90
83
98
58
48
19
-15
0
17
65
136
210
296
346
350
366
312
256
206
142
98
71
84
113
171
220
287
317
330
339
326
332
313
331
365
377
404
424
440
451
448
447
422
376
317
258
208
149
143
147
141
177
216
245
238
257
255
215
191
152
120
91
81
55
0
-26
-68
-130
-174
-243
-283
-313
-337
-356
-359
-367
-367
-373
-388
-368
-389
-397
-423
-427
-461
-472
-467
-486
-507
-502
-510
-533
-485
-488
-459
-439
-436
-417
-389
-371
-387
-337
-334
-331
-321
-303
-269
-216
-196
-120
-40
-49
4
-6
-21
-52
-78
-107
-67
-28
39
139
234
305
335
358
353
310
263
249
230
220
204
208
227
271
294
333
390
439
434
436
415
398
392
388
423
453
478
517
509
483
486
420
391
320
269
238
220
213
214
275
292
312
321
312
286
245
227
201
155
122
118
90
90
71
33
-4
-15
-62
-112
-127
-157
-198
-229
-218
-235
-255
-256
-252
-295
-336
-354
-411
-444
-476
-512
-525
-528
-542
-566
-573
-540
-542
-532
-489
-460
-435
-432
-418
-420
-423
-458
-450
-447
-439
-389
-349
-317
-277
-218
-197
-169
-122
-95
-91
-84
-75
-41
2
31
93
165
205
273
300
307
294
269
241
234
197
184
226
219
248
299
353
370
418
407
415
368
316
302
278
285
310
354
389
446
437
438
443
371
322
300
242
231
217
235
248
245
252
259
227
200
182
144
86
53
20
1
-16
-18
-4
-4
16
4
8
-18
-41
-62
-86
-107
-114
-108
-104
-116
-121
-103
-131
-158
-181
-214
-230
-267
-265
-256
-241
-269
-260
-261
-287
-276
-282
-262
-239
-214
-230
-244
-262
-305
-343
-349
-343
-340
-309
-325
-297
-277
-273
-248
-226
-206
-228
-219
-218
-218
-217
-183
-151
-113
-45
-2
18
41
33
38
33
30
32
41
73
112
146
201
244
238
244
230
243
232
229
234
267
269
279
312
315
337
327
330
337
330
313
331
325
298
295
279
237
213
182
161
133
123
138
133
107
93
94
76
50
22
13
4
5
-5
-11
1
-18
-47
-44
-52
-49
-35
-29
-44
-46
-46
-80
-100
-106
-127
-131
-121
-128
-166
-164
-188
-214
-223
-192
-164
-161
-109
-78
-52
-51
-40
-54
-70
-100
-121
-153
-196
-214
-228
-227
-185
-173
-158
-136
-117
-115
-125
-109
-100
-78
-64
-55
-51
-51
-52
-61
-44
-46
-47
-39
-41
-42
-31
-10
-4
11
56
59
55
75
69
55
58
55
31
14
43
74
80
117
180
176
183
205
193
170
151
145
164
155
165
174
174
160
143
151
143
120
109
122
115
132
119
143
128
107
103
55
12
-24
-68
-108
-109
-122
-103
-93
-78
-32
-46
-47
-27
-39
-59
-78
-90
-118
-135
-160
-170
-213
-222
-227
-217
-196
-179
-125
-91
-56
-45
4
19
-1
-2
8
-28
-65
-47
-76
-93
-100
-75
-72
-42
-2
30
63
79
95
102
122
128
132
124
140
134
126
102
74
77
37
50
36
30
36
34
68
84
117
122
149
128
122
100
79
53
27
26
26
46
46
43
24
21
-5
-4
-12
-19
-3
18
20
41
17
9
3
-13
-35
-47
-62
-110
-114
-131
-167
-171
-165
-181
-186
-175
-171
-178
-158
-124
-93
-94
-72
-66
-73
-96
-128
-120
-130
-132
-100
-89
-81
-80
-84
-65
-92
-92
-52
-54
-51
-44
-26
-15
6
12
28
59
74
68
94
126
128
124
147
159
148
162
189
181
175
180
175
155
130
115
109
128
134
125
155
182
176
193
185
185
169
158
142
134
118
103
71
56
87
59
79
68
58
48
3
-12
-50
-77
-99
-140
-136
-121
-112
-94
-91
-76
-77
-99
-96
-124
-141
-161
-165
-160
-179
-173
-158
-149
-161
-156
-146
-155
-169
-152
-152
-120
-129
-122
-115
-114
-135
-137
-130
-135
-131
-118
-105
-89
-54
-44
-2
-8
11
-5
-19
-5
-29
-9
8
-10
23
29
36
47
42
66
53
58
62
70
75
110
127
127
174
146
145
129
112
126
141
164
156
181
175
178
170
179
203
211
219
221
201
187
177
155
118
96
80
54
56
45
41
44
39
44
46
35
31
3
2
-31
-24
-32
-27
-15
-38
-23
-64
-104
-142
-182
-209
-207
-192
-186
-167
-158
-139
-121
-121
-132
-113
-99
-105
-127
-144
-150
-190
-193
-231
-239
-234
-230
-223
-206
-175
-151
-120
-97
-75
-53
-38
-39
-44
-18
-28
-42
-29
-44
-27
-24
-11
-11
-8
6
23
59
82
120
135
163
141
155
147
134
144
146
152
137
156
155
158
184
201
230
252
278
265
231
215
177
123
95
91
87
68
82
82
99
95
74
70
51
59
52
34
23
36
57
19
26
-3
-17
-30
-54
-67
-88
-91
-98
-108
-97
-84
-98
-94
-109
-105
-117
-133
-142
-148
-133
-147
-155
-143
-147
-174
-178
-164
-150
-127
-91
-60
-36
13
-19
-26
-32
-85
-120
-133
-145
-178
-174
-153
-159
-141
-113
-89
-63
-43
-26
15
31
43
76
94
121
128
124
100
92
75
57
41
27
28
14
14
18
29
60
89
107
119
146
163
161
164
166
163
145
133
134
105
103
109
104
117
129
147
139
125
110
94
67
37
52
38
32
20
17
17
-14
-5
-30
-27
-26
-19
-36
-46
-37
-69
-62
-80
-87
-92
-141
-149
-130
-151
-143
-114
-76
-83
-55
-31
-44
-57
-59
-78
-114
-119
-122
-124
-98
-72
-64
-56
-30
-42
-30
-1
2
16
22
44
62
53
23
13
-8
-40
-35
-53
-70
-39
-50
-19
10
15
39
68
56
48
55
31
18
10
-4
14
13
30
18
32
7
-10
-22
-37
-50
-52
-46
-59
-38
-61
-61
-69
-51
-39
-43
-4
35
47
50
45
45
42
38
55
56
76
86
83
61
72
73
52
61
70
62
62
72
93
112
110
137
140
135
123
100
115
89
63
60
48
59
28
40
18
9
16
15
23
18
29
25
14
14
2
-16
-33
-53
-59
-89
-89
-92
-97
-80
-107
-110
-104
-97
-113
-87
-78
-92
-87
-92
-100
-117
-119
-135
-137
-120
-120
-115
-98
-103
-88
-76
-54
-52
-36
-21
-24
-6
12
45
21
50
51
43
48
53
53
29
20
16
5
2
0
4
-1
-33
-6
25
9
7
45
58
61
45
49
37
31
23
41
44
40
26
18
23
-6
9
-2
21
14
12
-5
5
14
0
5
27
47
53
75
96
105
84
86
68
43
28
28
30
26
14
24
35
42
58
58
70
77
81
60
37
15
-21
-29
-48
-37
-43
-48
-40
-42
-56
-77
-53
-54
-38
-40
-18
-14
-16
-4
-21
-28
-44
-58
-84
-79
-87
-100
-81
-73
-86
-90
-81
-74
-80
-77
-56
-26
-36
6
24
35
60
37
60
44
38
39
29
34
31
37
51
22
8
-4
-14
-27
-41
-1
8
15
40
44
56
43
30
46
54
43
50
67
71
72
66
41
33
-5
-6
-23
-16
8
17
67
79
87
90
75
46
32
29
22
1
3
-18
-54
-74
-86
-78
-63
-40
-5
13
41
44
54
39
47
23
11
-9
-50
-86
-101
-110
-130
-132
-119
-99
-100
-72
-83
-55
-81
-91
-78
-95
-89
-94
-103
-106
-107
-119
-132
-148
-143
-132
-132
-114
-68
-51
-10
22
44
48
64
65
54
71
64
76
87
101
95
112
107
115
113
135
151
170
185
181
180
174
163
140
129
102
118
124
119
128
132
150
151
152
166
140
113
105
86
67
62
64
35
15
-20
-38
-58
-73
-65
-68
-56
-48
-45
-79
-88
-72
-99
-106
-101
-118
-122
-161
-168
-184
-200
-180
-188
-188
-170
-171
-174
-153
-152
-131
-127
-113
-97
-104
-79
-86
-92
-86
-85
-70
-79
-73
-74
-43
-56
-26
-13
-16
2
-2
41
69
75
73
99
80
69
80
84
74
86
85
108
112
122
123
119
125
113
128
85
95
88
91
96
93
104
109
124
90
91
84
63
56
47
27
7
16
4
1
-2
17
10
10
17
13
16
10
27
23
20
24
-1
-37
-62
-110
-128
-117
-135
-118
-104
-64
-67
-74
-56
-69
-91
-84
-47
-40
-3
18
61
74
73
56
13
4
-49
-26
-77
-45
-237
-161
-74
-127
-29
8
40
89
5
14
90
-31
102
117
128
132
112
106
10
1
-15
-57
5
40
66
104
54
19
-55
-117
-104
-43
12
85
87
77
22
-49
-77
-191
-192
-177
-153
-76
33
126
170
128
88
24
-86
-109
-105
-84
-29
1
0
32
12
-30
-36
-84
-116
-130
-158
-148
-109
-92
-52
-1
4
-5
4
-4
-12
1
22
12
25
28
15
5
-5
-23
-34
-25
-6
48
88
133
157
140
119
94
74
69
98
130
140
154
166
176
164
157
151
118
89
77
60
81
68
51
51
31
23
35
60
74
86
106
70
75
54
11
0
-59
-82
-115
-82
-34
25
82
122
121
65
-4
-104
-206
-242
-219
-194
-133
-72
-15
-54
-102
-142
-172
-224
-244
-217
-225
-187
-169
-128
-121
-114
-85
-57
-8
-39
-69
-57
-103
-139
-135
-154
-152
-104
-103
-41
9
16
38
49
25
-8
-52
-69
-91
-96
-88
-53
-19
-1
31
70
77
100
100
120
118
89
53
14
-31
-58
-43
-28
43
93
196
230
263
251
223
189
153
105
95
79
122
135
147
177
167
177
158
149
147
146
156
118
114
99
78
91
109
104
112
124
145
143
103
114
69
26
-40
-18
-49
-31
-8
22
68
50
49
-1
-28
-119
-158
-219
-242
-199
-193
-177
-141
-157
-137
-111
-135
-113
-110
-137
-145
-213
-231
-264
-292
-256
-230
-180
-145
-94
-68
-73
-69
-83
-106
-110
-135
-143
-134
-133
-116
-122
-135
-143
-129
-124
-110
-81
-63
-34
-13
29
32
57
43
61
97
78
90
83
107
79
62
96
98
125
142
184
181
187
204
204
217
207
195
191
170
145
126
157
138
152
141
126
158
132
113
104
112
124
141
153
151
139
109
84
67
60
51
63
63
51
59
23
8
-38
-43
-61
-65
-52
-48
-59
-44
-69
-78
-89
-147
-164
-170
-188
-167
-159
-157
-149
-150
-153
-145
-150
-145
-146
-166
-146
-136
-113
-96
-84
-76
-69
-50
-54
-79
-66
-74
-66
-77
-71
-70
-86
-66
-51
-13
-3
45
29
42
17
-25
-10
-23
13
59
94
125
146
131
125
92
73
74
72
66
77
79
62
40
41
32
36
46
22
17
15
8
17
21
33
34
18
-3
2
-12
-5
0
23
23
-6
-4
-19
-26
-63
-39
-25
-27
-12
-6
0
0
3
-23
-7
-34
-14
-16
-14
25
45
47
47
70
64
64
70
58
41
41
35
25
28
36
41
69
79
100
93
92
79
51
42
14
22
27
43
58
41
40
39
43
29
26
50
44
45
17
16
-5
-39
-50
-70
-75
-88
-120
-131
-136
-165
-144
-110
-99
-95
-82
-68
-88
-75
-74
-75
-69
-94
-101
-107
-113
-120
-102
-96
-55
-63
-49
-66
-89
-111
-99
-93
-84
-51
-59
-32
-34
-31
-35
-13
-20
-30
-28
-26
-19
-5
-2
29
70
73
104
101
112
94
89
107
91
64
70
93
77
90
93
117
103
114
111
98
115
110
113
122
148
150
134
129
112
86
59
42
39
44
57
69
82
89
89
71
68
46
23
5
16
7
-27
5
13
-13
-2
-10
-33
-54
-53
-57
-65
-43
-39
-21
-9
-9
-36
-44
-71
-81
-100
-106
-134
-125
-122
-130
-86
-63
-58
-43
-31
-27
-36
-36
-45
-40
-62
-66
-71
-99
-119
-114
-98
-110
-76
-65
-66
-67
-49
-63
-58
-22
9
21
33
26
-12
-18
-64
-62
-61
-68
-51
-35
-29
-24
-13
-1
5
21
30
34
32
14
-12
-12
-1
19
35
52
49
33
24
2
7
0
33
56
90
99
96
96
87
75
71
63
75
80
81
92
84
102
82
116
106
108
122
100
86
61
49
68
76
84
87
87
61
31
24
5
-8
0
17
27
43
28
28
10
-2
-29
-19
-35
-25
-21
-11
-8
-9
-11
-28
-31
-56
-44
-50
-45
-57
-41
-53
-48
-57
-56
-77
-61
-87
-80
-74
-111
-78
-91
-79
-61
-65
-50
-50
-47
-58
-64
-64
-70
-77
-72
-51
-33
-25
-18
-19
-30
-25
-49
-59
-85
-113
-100
-113
-89
-66
-62
-37
-21
-18
-28
-37
-6
-1
12
17
27
21
-11
-3
-20
-11
-1
29
61
52
75
94
68
75
57
68
61
70
89
108
111
117
108
76
67
47
55
52
78
91
115
130
148
147
150
147
86
96
77
53
28
17
22
17
47
73
106
129
134
140
130
78
62
62
42
20
12
-10
-38
-53
-76
-102
-110
-92
-74
-61
-56
-56
-64
-85
-95
-96
-119
-122
-122
-124
-108
-119
-139
-155
-173
-153
-174
-153
-146
-142
-137
-110
-93
-93
-90
-96
-78
-87
-76
-83
-77
-96
-108
-96
-80
-73
-52
-20
5
27
34
33
23
15
26
30
34
59
60
75
57
53
93
84
94
117
93
89
83
81
76
85
98
105
107
98
111
85
72
88
89
78
78
78
78
70
70
84
106
104
123
130
98
98
66
57
23
42
25
20
21
24
28
17
35
38
48
31
33
27
7
-20
-23
-42
-37
-45
-42
-41
-43
-27
-34
-26
-29
-24
-36
-37
-59
-56
-60
-87
-73
-104
-103
-89
-114
-104
-104
-101
-110
-134
-130
-145
-146
-142
-125
-118
-123
-121
-128
-116
-130
-123
-105
-81
-89
-51
-43
-26
-26
-33
-28
-38
-28
-25
-21
-23
1
18
35
38
62
88
75
83
105
109
108
96
93
95
83
81
95
86
76
111
107
115
118
124
147
159
167
177
186
169
165
140
138
104
104
68
61
65
44
33
9
11
-11
-5
10
22
25
27
28
14
-3
-16
-35
-42
-54
-51
-64
-88
-92
-96
-99
-101
-82
-67
-75
-65
-67
-77
-90
-75
-104
-95
-110
-110
-86
-92
-73
-82
-67
-52
-60
-68
-66
-74
-91
-93
-94
-97
-86
-63
-58
-52
-58
-51
-52
-59
-62
-47
-28
-27
-10
18
14
11
44
60
57
52
43
34
27
25
41
51
61
73
79
80
95
73
61
70
81
94
99
120
114
107
111
92
67
63
34
28
29
20
25
26
20
43
36
41
51
42
38
15
10
-2
-44
-30
-34
-53
-33
-29
-11
-19
-2
-7
4
-4
-39
-29
-49
-49
-63
-53
-50
-55
-36
-24
-12
-10
-8
6
-6
-11
-14
-20
-7
-20
-18
0
-14
-10
-16
-12
22
19
50
62
54
52
40
18
11
-4
-9
-13
-8
-1
-1
-19
-7
1
17
38
44
68
56
66
34
32
26
6
0
-24
-32
-48
-63
-68
-78
-64
-39
-30
5
6
12
19
3
-1
-31
-30
-54
-59
-75
-89
-92
-86
-94
-107
-78
-93
-81
-82
-77
-59
-57
-46
-23
-24
-12
-4
-16
-30
-44
-52
-67
-73
-92
-64
-51
-10
13
16
50
37
30
21
29
46
73
87
89
106
98
98
72
75
79
75
106
103
126
110
109
115
97
105
111
123
130
127
111
102
97
82
72
76
63
75
59
65
51
46
45
32
30
4
4
-10
-17
-35
-42
-42
-50
-44
-51
-62
-62
-78
-71
-86
-74
-92
-73
-83
-76
-72
-73
-55
-69
-83
-80
-112
-116
-125
-116
-100
-82
-76
-59
-54
-64
-66
-82
-72
-61
-51
-37
-23
-27
-26
-23
-44
-57
-44
-42
-48
-40
-6
-11
-1
27
41
45
48
49
37
37
25
20
26
14
20
34
37
42
25
52
65
40
69
77
63
63
69
70
61
42
39
41
19
45
49
60
56
67
59
44
52
31
24
26
26
36
29
48
40
35
37
13
6
-16
-17
-17
-15
-13
-2
21
12
24
26
1
-10
-26
-38
-39
-62
-43
-59
-59
-79
-65
-73
-85
-75
-76
-62
-55
-33
-32
-27
-41
-38
-45
-43
-30
-16
-4
7
24
20
-2
-10
-14
-17
-2
1
17
7
16
11
15
13
6
-7
-22
-12
1
25
25
41
19
4
3
-1
2
8
25
38
49
52
51
47
47
44
48
46
51
34
25
4
2
-4
-12
6
2
16
19
24
23
22
25
32
34
29
36
24
5
-20
-28
-46
-64
-50
-44
-36
-32
-27
-20
-20
-18
-10
-7
-6
-9
-29
-52
-57
-61
-65
-54
-28
-2
-8
4
5
-13
-36
-61
-54
-44
-41
-20
3
11
7
3
7
13
11
4
-1
-9
-14
-6
-2
1
18
38
57
66
62
30
6
-16
-19
2
7
43
51
81
77
63
49
37
27
12
18
18
15
17
8
3
-10
-13
-17
-27
-30
-35
-16
-37
-45
-44
-44
-62
-40
-33
-8
1
2
9
-20
-19
-45
-54
-71
-54
-61
-38
-12
-6
5
19
33
13
17
10
-6
-24
-19
-1
-9
-1
24
18
14
21
26
50
47
59
60
56
54
28
13
14
18
29
42
38
53
31
27
30
30
19
24
46
53
66
82
86
62
49
25
10
-6
3
10
4
36
21
33
6
-19
-15
-47
-46
-39
-18
-37
-17
-33
-42
-68
-63
-62
-68
-62
-54
-33
-50
-39
-62
-55
-67
-50
-55
-58
-58
-57
-70
-71
-64
-59
-30
-25
-16
-6
-6
-10
-13
-22
-27
-36
-29
-20
-29
-14
-4
-3
6
16
17
23
21
-1
2
-31
-34
-35
-26
-24
6
21
41
51
69
81
69
83
79
75
73
57
50
51
53
33
35
44
39
42
32
34
26
26
14
3
14
10
24
26
22
35
28
35
27
17
28
-2
6
-8
-9
-7
-1
3
8
32
34
43
33
47
16
15
-10
-15
-34
-24
-6
-15
-5
-18
-26
-23
-36
-25
-17
2
-2
-9
18
-6
-5
-9
-5
-36
-35
-44
-47
-64
-59
-69
-70
-43
-40
-28
-34
-31
-43
-58
-65
-67
-67
-63
-68
-80
-59
-76
-68
-66
-42
-30
-19
-5
-14
-13
-11
-6
-9
26
25
47
45
46
47
40
31
32
30
15
30
42
39
45
57
67
68
73
83
88
102
98
111
128
112
92
60
43
18
-3
6
22
53
63
72
69
73
61
52
32
34
22
18
-14
-25
-26
-55
-41
-52
-40
-24
-21
-21
-46
-52
-62
-71
-86
-76
-82
-72
-91
-92
-109
-119
-116
-139
-126
-119
-106
-72
-54
-41
-38
-27
-28
-41
-40
-59
-48
-51
-26
-14
2
-10
-6
-5
-27
-9
2
25
33
55
63
47
38
8
29
31
31
77
76
81
83
92
95
92
104
97
116
122
116
117
96
82
68
74
54
74
77
80
71
51
37
24
20
24
15
22
32
28
36
5
-9
-31
-38
-73
-67
-72
-71
-75
-86
-83
-80
-67
-64
-48
-48
-44
-63
-55
-84
-101
-93
-113
-104
-90
-88
-96
-95
-91
-80
-77
-54
-46
-33
-30
-27
-41
-42
-55
-74
-82
-68
-69
-62
-40
-24
-12
26
60
91
94
105
107
95
85
77
66
53
74
69
69
76
70
86
84
78
107
86
109
105
97
103
89
99
80
93
88
71
36
28
41
7
3
25
24
34
27
33
24
5
11
-13
-18
-23
-33
-23
-32
-42
-43
-65
-62
-84
-88
-77
-73
-62
-63
-53
-55
-33
-56
-73
-57
-92
-81
-81
-93
-86
-89
-86
-74
-77
-88
-87
-77
-75
-65
-49
-46
-31
-31
-46
-35
-18
-17
-10
-5
8
17
17
21
26
27
24
47
45
40
49
58
54
66
78
66
79
69
63
68
76
68
86
89
85
80
84
71
64
59
55
39
49
61
43
56
65
31
30
25
22
-2
-7
-4
-8
-21
-31
-20
-42
-32
-24
-15
-12
-9
-18
-13
-30
-40
-54
-72
-72
-77
-70
-73
-63
-55
-62
-64
-65
-68
-58
-61
-48
-29
-32
-11
-23
-8
-27
-41
-36
-50
-37
-15
4
8
18
16
23
16
23
28
47
46
31
49
31
-2
-3
-2
-2
12
27
34
41
34
36
37
15
17
7
12
23
38
53
61
59
46
45
25
14
-5
-16
-17
-27
-14
-5
12
4
15
29
20
24
24
21
5
-8
-11
-2
-23
-21
-26
-28
-27
-10
5
3
-5
-7
-14
-8
-5
12
34
50
52
42
36
17
2
-1
-29
-7
-15
-5
13
5
7
0
-3
-29
-14
-21
-26
-22
-1
-2
-8
-4
-43
-82
-88
-97
-88
-77
-63
-41
-30
-36
-20
-18
-28
-25
-42
-28
-33
-48
-48
-45
-41
-26
4
-6
11
5
0
-3
0
5
-6
6
25
20
24
28
24
5
8
8
-5
13
34
45
60
74
85
83
79
74
43
52
44
56
66
71
84
79
90
68
83
49
41
14
11
7
7
13
11
15
1
14
-7
-1
4
7
10
8
-4
-12
-35
-28
-42
-46
-35
-43
-50
-42
-51
-60
-66
-67
-60
-70
-66
-60
-59
-64
-60
-49
-66
-70
-67
-64
-80
-68
-57
-55
-36
-29
-22
-25
-13
-17
-2
11
4
11
-2
-10
-5
-20
1
15
42
55
73
90
84
66
62
49
44
70
68
85
87
90
97
93
68
82
58
40
38
40
39
40
70
52
50
54
46
37
28
22
-4
-12
-18
-12
-25
-22
-19
-22
-33
-42
-45
-56
-55
-57
-34
-36
-45
-45
-51
-76
-61
-75
-79
-68
-79
-78
-96
-98
-95
-81
-69
-63
-49
-28
-23
-24
-33
-30
-50
-38
-26
-32
-26
-13
-13
-16
6
14
19
24
37
29
26
19
25
22
23
52
75
88
86
77
50
28
29
32
34
52
48
64
76
65
56
55
42
37
38
48
44
47
47
31
61
33
27
44
17
31
27
14
4
1
7
-4
29
31
10
11
-10
-28
-40
-62
-57
-49
-60
-43
-30
-42
-45
-49
-63
-75
-77
-67
-68
-71
-69
-49
-51
-47
-42
-36
-31
-25
-7
1
2
-10
-5
-21
-23
-17
-10
15
4
27
20
10
5
8
31
26
47
62
59
52
44
26
4
8
8
10
10
33
10
27
17
17
13
16
25
35
39
43
55
42
37
13
8
-9
-13
-3
-14
-13
-27
-30
-35
-44
-50
-52
-64
-66
-68
-65
-64
-75
-47
-29
-44
-19
-2
-13
-17
-12
6
-11
11
2
1
5
8
11
23
30
44
41
25
19
34
16
40
45
41
45
56
34
28
11
1
17
13
39
47
32
41
58
33
24
7
1
-10
5
-16
-5
-8
-9
3
-6
5
0
0
-13
4
-10
-3
-6
-29
-18
-33
-38
-33
-30
-31
-26
-10
-24
-27
-33
-44
-54
-35
-40
-44
-35
-29
-17
-22
-4
9
14
20
16
18
5
0
-8
-10
-13
1
-11
-2
-4
-4
-7
-2
-3
10
27
42
65
51
57
54
33
17
25
15
9
13
25
29
34
30
47
48
29
43
32
25
28
29
6
-4
-10
-10
-9
-31
-2
5
9
22
23
43
13
8
10
-4
-16
-25
-38
-24
-44
-44
-36
-57
-65
-71
-59
-47
-58
-27
-23
-28
-22
-25
-35
-21
-50
-37
-45
-41
-21
-34
-17
-40
-37
-34
-24
-13
-6
4
7
-9
-17
-12
-29
-19
-15
6
8
20
23
23
3
-9
3
21
18
44
72
58
66
57
47
18
9
15
4
32
49
44
50
39
27
30
24
34
36
41
45
44
39
41
24
4
4
-22
-31
-24
-24
-29
-14
-1
-2
17
19
17
17
21
8
2
14
4
3
4
19
-14
-3
-6
-11
-16
-12
-11
-8
-13
-10
-13
-4
-27
-13
-22
-38
-39
-38
-46
-56
-33
-39
-41
-33
-29
-19
-5
7
-6
21
1
-3
-4
-27
-17
-41
-38
-30
-28
-7
-4
5
31
18
25
16
14
-1
-15
6
8
22
23
36
41
24
19
21
9
16
19
15
0
14
-7
-3
22
14
39
27
22
25
20
27
19
24
-2
-8
-8
0
-1
-16
-12
-32
-41
-59
-33
-20
-2
12
34
34
13
7
-12
-19
-36
-16
-11
-6
3
16
-2
-5
-3
-6
1
2
36
27
38
45
18
2
-5
-34
-19
-34
-4
-11
-25
-21
-38
-32
-48
-33
-23
-5
-7
14
5
-9
-16
-12
-19
-10
-1
-5
-7
-13
-19
-20
-18
-17
11
-6
15
15
23
10
15
16
2
6
13
11
1
1
-22
-14
-25
-21
-15
-19
-1
-10
9
19
8
31
23
18
13
20
6
7
-9
16
18
13
45
30
29
25
23
26
34
38
27
38
32
28
18
14
19
13
30
25
51
40
20
21
8
2
-6
7
-5
9
3
17
24
3
-10
-12
-30
-33
-9
-23
-15
-29
-18
-44
-41
-38
-52
-11
-27
-16
-26
-53
-61
-82
-76
-67
-56
-39
-22
-18
-27
-26
-52
-59
-54
-53
-34
-31
-16
-12
-9
4
-20
2
-25
-27
-7
-21
-14
19
12
27
33
38
46
51
48
58
53
41
65
51
69
63
52
77
56
59
69
66
71
92
90
86
103
88
93
82
76
72
64
46
36
30
25
8
6
-11
-2
-28
-32
-37
-50
-51
-65
-49
-75
-53
-69
-70
-92
-89
-96
-113
-103
-120
-105
-117
-103
-85
-91
-83
-70
-88
-76
-84
-84
-85
-91
-85
-90
-78
-62
-57
-49
-50
-44
-34
-27
-9
-1
10
24
39
30
38
26
28
33
21
40
62
79
109
113
112
110
94
82
86
106
110
115
121
135
130
135
102
100
86
77
71
72
68
75
74
83
102
77
85
52
41
46
31
35
33
10
3
-8
-26
-41
-52
-56
-45
-44
-34
-34
-24
-34
-26
-36
-73
-73
-107
-114
-122
-114
-121
-105
-100
-110
-88
-81
-98
-88
-84
-101
-90
-107
-93
-68
-78
-53
-40
-44
-52
-50
-54
-58
-61
-49
-55
-18
-14
-3
9
5
5
13
17
18
24
23
21
37
47
57
65
78
105
98
104
110
92
81
74
85
93
92
104
87
91
83
84
76
76
86
87
81
64
52
11
0
-2
-15
4
-7
13
11
21
9
19
3
-11
-21
-26
-37
-54
-55
-51
-62
-84
-77
-97
-85
-93
-77
-85
-87
-95
-95
-102
-114
-93
-95
-76
-60
-41
-47
-51
-47
-53
-57
-43
-49
-37
-21
-2
17
13
41
38
30
37
51
47
49
50
60
66
82
93
102
94
97
105
104
80
79
82
77
67
59
65
41
41
22
33
19
24
17
29
34
38
50
51
45
37
17
16
-14
-11
-30
-33
-24
-40
-30
-54
-46
-57
-64
-59
-62
-67
-51
-52
-49
-44
-47
-57
-62
-59
-77
-87
-87
-101
-84
-98
-86
-77
-53
-23
-27
-5
-7
-16
-13
-13
-5
-4
-2
9
10
14
17
27
14
23
35
55
66
72
73
63
56
55
42
38
48
38
57
50
36
36
19
19
7
31
21
37
36
42
27
11
24
4
10
2
19
22
21
-3
-12
-33
-40
-39
-35
-14
-12
20
8
-1
-13
-28
-29
-47
-36
-46
-26
-7
-8
-4
-8
1
-28
-14
-27
-40
-37
-44
-43
-30
-22
-19
-13
-1
-7
-2
-5
-15
-12
-13
-3
-5
-12
-2
-3
7
20
21
24
31
25
20
11
15
10
15
12
6
10
-11
-5
-3
-15
-11
2
2
1
16
-4
4
-6
-9
-23
-11
3
7
23
26
23
42
42
21
23
18
10
4
11
39
44
32
51
38
42
35
37
42
9
33
30
24
47
56
52
42
34
10
-7
-14
-26
-21
-24
-29
-13
-11
-15
20
46
17
-15
-44
-61
-98
-96
-85
-74
-35
-33
-28
-30
-40
-66
-62
-82
-93
-70
-73
-44
-34
-17
-14
-13
-15
-46
-57
-59
-42
-24
-4
25
30
49
44
46
21
3
-24
-26
-15
-26
4
23
23
21
29
33
30
7
26
27
35
46
36
40
22
25
31
35
52
53
57
48
61
37
33
34
11
43
38
29
24
0
-22
-25
-29
-21
9
22
43
34
25
4
-22
-29
-27
-20
-10
11
4
5
-8
-10
-11
-20
-9
-10
-5
-17
-22
-11
-9
0
25
23
25
18
16
8
-3
-13
-8
-4
-7
19
15
15
13
-1
-3
-10
-24
-15
-6
-10
-10
-18
-8
-30
-31
-40
-52
-50
-61
-48
-57
-42
-51
-36
-45
-27
-24
-20
-14
-6
-5
-8
-19
-34
-26
-54
-35
-59
-39
-36
-17
-18
12
14
16
34
23
33
19
41
32
27
35
26
22
20
38
46
52
71
63
63
71
69
63
68
70
74
76
75
60
58
52
43
40
40
34
28
39
33
39
46
34
36
27
3
-7
-25
-38
-36
-37
-47
-55
-54
-69
-73
-69
-62
-50
-39
-30
-40
-59
-60
-79
-92
-88
-83
-79
-73
-66
-62
-53
-48
-49
-52
-46
-50
-51
-37
-36
-38
-43
-29
-26
-15
-6
1
9
13
20
22
14
13
15
20
43
46
31
46
42
24
39
57
59
57
71
65
72
56
60
56
41
32
33
27
19
2
16
-3
10
18
11
31
11
28
-8
10
2
-2
-14
-4
-9
-22
-10
-25
-34
-27
-19
-20
2
4
19
21
17
16
5
-2
-11
-3
0
-8
8
12
2
-11
-10
-8
3
3
16
28
27
36
31
12
32
21
25
34
32
17
11
5
0
2
5
27
25
24
16
17
3
-17
-3
6
3
7
10
-2
-22
-34
-45
-51
-53
-38
-28
-21
-16
-22
-32
-46
-55
-69
-55
-71
-52
-49
-50
-53
-68
-63
-80
-58
-57
-50
-43
-28
-37
-27
-29
-35
-34
-35
-20
-18
-5
-15
-8
-11
-18
-17
-22
2
-4
2
21
17
19
42
51
39
52
57
60
37
55
44
40
43
61
71
64
74
80
77
68
86
80
84
64
84
85
53
73
64
58
62
71
72
60
57
63
43
31
36
23
9
0
-3
-4
-9
-16
-16
-11
-22
-14
-14
-35
-45
-55
-61
-65
-71
-64
-74
-80
-90
-81
-96
-103
-96
-113
-101
-108
-87
-92
-98
-83
-68
-76
-68
-45
-63
-78
-64
-86
-81
-71
-56
-31
-18
-6
-1
11
19
-2
5
29
29
43
48
51
48
37
41
35
35
27
39
46
54
77
76
73
73
76
61
62
85
65
64
66
64
69
55
68
65
61
75
64
49
66
52
44
40
25
9
-1
-1
11
-1
3
6
13
13
9
23
25
28
9
11
6
2
-10
-13
-8
-14
-25
-14
-30
-42
-35
-44
-44
-29
-48
-46
-51
-33
-33
-40
-28
-47
-51
-64
-60
-75
-78
-93
-93
-98
-104
-84
-45
-31
-37
-33
-28
-47
-47
-44
-39
-23
-3
-14
-17
-12
-27
-24
-36
-25
-16
-22
-5
5
29
52
57
58
41
39
26
8
-5
12
8
22
16
23
19
20
40
33
31
57
50
32
42
44
55
46
43
35
8
17
8
27
29
30
42
45
47
35
25
26
25
14
27
38
52
39
50
44
32
34
17
6
-5
6
3
8
23
18
34
35
33
22
30
25
23
24
19
14
-2
-2
-31
-32
-42
-42
-48
-25
-18
-16
-22
-37
-46
-54
-58
-68
-66
-77
-73
-78
-88
-89
-80
-91
-96
-85
-74
-70
-52
-40
-38
-36
-33
-34
-50
-48
-59
-44
-54
-32
-37
-9
11
17
33
41
52
64
67
59
71
57
51
45
52
45
45
49
76
53
77
66
56
68
57
62
56
62
45
32
28
14
6
3
14
-13
1
-1
-7
3
-12
-19
-17
-28
-28
-39
-47
-40
-32
-17
-22
-21
-32
-52
-57
-60
-61
-52
-53
-33
-18
-15
-11
-20
-25
-20
-13
-5
-7
-5
-3
1
15
6
16
25
20
34
29
31
9
8
8
12
24
46
58
72
82
72
52
22
17
-6
11
10
24
22
14
30
-1
24
9
24
26
15
32
18
20
20
25
3
7
-12
-11
-11
-18
-5
-3
10
2
9
20
7
8
3
17
12
0
-11
-17
-21
-25
-16
-17
-5
-20
-5
-9
-13
-15
-18
-3
3
-1
-9
-14
-25
-27
-29
-41
-44
-48
-47
-53
-47
-32
-12
-22
-11
-21
-31
-39
-49
-50
-64
-57
-50
-48
-49
-58
-49
-69
-53
-55
-49
-28
-16
1
16
36
39
34
26
22
20
16
17
27
13
24
24
32
35
36
42
50
46
51
46
45
53
50
43
26
36
16
14
12
5
17
16
32
30
36
28
32
19
19
16
11
15
7
-6
4
-17
-29
-41
-54
-44
-48
-24
0
5
2
-2
12
-2
-8
2
5
-2
2
4
-27
-9
-15
-2
6
19
24
23
19
1
16
-1
24
10
20
27
26
20
23
-1
3
-18
-10
-8
-3
18
18
43
28
39
1
14
1
3
7
3
16
6
-5
-18
-20
-49
-29
-34
-25
-9
-14
-4
-29
-13
-10
-14
-6
-12
3
-18
-27
-22
-33
-37
-10
-6
8
-3
5
12
-6
1
-3
-6
-15
2
-1
-5
-5
2
8
-1
14
-6
-8
-16
-10
-6
-8
5
9
1
10
10
-7
-4
-27
-21
-38
-30
-33
-35
-24
-30
-32
-32
-18
-31
-23
-29
-20
-25
-13
-28
-29
-17
-31
-26
-38
-24
-20
-14
2
8
1
-1
-9
-6
-8
-3
25
25
30
38
38
27
31
24
28
28
51
56
63
64
56
61
53
61
64
63
56
57
57
54
40
34
28
43
45
45
52
57
41
54
43
28
37
25
9
8
15
13
19
13
-4
-18
-29
-30
-38
-38
-28
-28
-25
-26
-34
-51
-43
-52
-48
-36
-30
-34
-25
-27
-31
-33
-42
-52
-50
-62
-60
-47
-45
-52
-39
-30
-17
-21
-26
-32
-50
-43
-26
-29
-12
-2
2
12
9
16
6
1
-10
0
-13
4
9
8
16
12
4
6
-4
-12
-13
-8
-15
-2
1
-5
0
-21
5
-14
14
12
19
20
13
19
6
9
-2
12
20
28
21
32
32
32
36
54
35
29
31
24
16
24
33
23
29
3
5
4
3
9
3
11
3
20
19
11
9
3
0
-14
-18
-20
-17
-17
-20
-14
-32
-20
-28
-23
-12
-10
1
-23
-11
-36
-27
-27
-15
12
16
13
0
5
-6
-8
-10
3
16
15
28
36
30
14
2
0
12
15
23
35
25
31
28
18
17
13
18
16
26
16
4
-1
-18
-22
-14
-10
-15
-12
0
-8
-20
-19
-27
-28
-32
-13
-24
-23
-25
-45
-52
-69
-57
-49
-40
-29
-30
-13
-23
-21
-36
-45
-40
-47
-36
-32
-19
-19
-10
5
-6
9
-4
-2
-8
11
15
19
33
34
42
40
55
48
59
45
41
43
43
58
68
66
74
82
78
72
79
64
59
47
45
43
33
43
21
45
41
35
33
20
11
-5
-11
-18
-18
-6
-15
-22
-21
-32
-49
-51
-57
-65
-55
-58
-48
-49
-47
-53
-72
-73
-69
-78
-73
-60
-50
-56
-55
-58
-49
-58
-57
-32
-36
-13
-2
-12
5
-30
-31
-30
-39
-16
-19
-3
1
10
-2
1
17
3
17
25
32
31
35
30
16
26
32
31
35
40
42
48
32
17
20
10
7
8
33
19
14
15
13
2
14
19
17
30
22
38
24
29
13
1
6
7
20
19
42
34
48
46
56
56
56
47
39
15
10
25
11
26
28
26
11
8
14
-6
-1
4
0
16
2
5
-13
-25
-40
-37
-40
-46
-51
-38
-37
-47
-43
-51
-50
-56
-42
-47
-43
-39
-38
-35
-29
-46
-43
-49
-60
-47
-59
-40
-42
-37
-36
-30
-24
-21
-20
-21
-17
-7
-6
1
14
11
11
16
4
2
-2
3
13
23
17
30
28
30
25
28
46
30
32
13
24
16
10
32
30
26
36
35
38
44
41
51
57
46
56
58
35
24
12
7
6
3
11
8
14
12
23
18
3
12
-9
9
9
4
13
3
-6
-8
-17
-31
-20
-14
-19
-24
-15
-41
-19
-25
-20
-17
-6
-5
-13
-12
-15
-8
-28
-33
-42
-32
-32
-38
-22
-35
-26
-29
-19
-32
-19
-20
-26
-18
-21
-16
-38
-20
-33
-19
-11
-27
-13
-1
-18
-15
-20
-20
-17
-2
29
31
17
22
24
1
10
16
26
25
37
42
42
32
40
35
32
23
30
23
5
23
23
43
54
74
64
68
44
41
34
37
29
37
41
18
13
-8
-13
-30
-20
-30
-22
-18
-12
-20
-30
-27
-32
-31
-41
-26
-57
-58
-60
-52
-60
-57
-50
-58
-42
-36
-40
-39
-27
-29
-26
-17
-3
-11
-14
2
-12
-5
-3
13
-2
9
10
22
31
16
19
27
21
25
51
47
62
50
63
46
47
47
47
40
35
41
38
33
31
45
30
38
42
40
50
49
32
29
35
30
15
7
-9
-16
-22
-29
-26
-23
-25
-25
-24
-19
-25
-25
-37
-20
-40
-30
-41
-65
-51
-75
-64
-78
-69
-68
-65
-47
-44
-41
-34
-50
-42
-50
-41
-47
-35
-41
-44
-45
-45
-44
-45
-19
-44
-15
-11
9
9
3
13
-13
4
13
13
21
34
37
26
38
31
25
33
19
36
37
40
43
37
38
42
38
58
58
66
78
66
63
42
45
49
51
46
63
61
45
35
27
17
15
16
37
37
42
46
41
24
1
-1
-10
-11
-13
-7
-12
-14
-1
-24
-15
-22
-13
-6
2
8
-31
-20
-49
-64
-61
-60
-55
-34
-23
-29
-27
-37
-41
-60
-46
-31
-29
-13
-18
-14
-15
-6
-27
-20
-27
-35
-29
-32
-24
-18
-6
5
3
8
-6
-6
2
-14
3
7
8
0
19
6
-6
-1
-13
-9
-16
3
-1
-7
2
-16
-5
4
19
27
32
31
26
1
-2
-8
-9
10
5
19
16
7
7
8
-7
-2
13
11
8
17
0
11
3
4
13
14
12
0
19
14
20
21
24
33
23
18
8
-22
-15
-20
-23
4
13
24
36
38
8
-8
-12
-20
-25
-8
-4
4
12
4
10
-4
-3
-10
-14
-18
-11
-18
-13
-6
1
3
2
-9
-10
-31
-32
-25
-33
-27
-18
-15
-3
7
5
4
14
16
9
17
21
17
23
19
28
24
30
25
24
13
10
11
-4
-4
2
11
20
28
23
31
15
13
7
-9
-3
4
-1
0
4
5
-1
2
-8
-19
-9
-14
-16
-11
-15
0
-9
-23
-25
-36
-31
-38
-32
-25
-31
-31
-29
-32
-27
-41
-39
-22
-12
2
6
9
-5
1
-23
-16
-32
-30
-28
-12
-1
6
19
6
13
6
-10
3
10
18
28
31
33
22
20
14
13
21
22
14
25
24
15
23
22
19
15
25
38
22
20
1
9
0
7
13
34
25
28
30
16
13
11
19
-1
14
4
-2
-3
-13
-22
-9
-9
9
5
9
2
-11
-8
-9
-3
-8
-13
-18
-26
-40
-38
-41
-41
-35
-30
-21
-22
-27
-29
-22
-35
-23
-30
-34
-37
-43
-33
-52
-36
-30
-35
-26
-16
-1
13
13
18
17
24
7
5
5
4
-1
2
26
17
19
20
11
3
33
23
42
44
41
53
45
41
29
27
21
25
30
29
53
55
42
49
36
37
29
34
48
54
41
33
26
15
1
-13
-6
-15
-10
-19
-9
-18
-20
-21
-9
-13
-28
-25
-27
-30
-31
-43
-36
-41
-51
-50
-48
-50
-42
-45
-36
-27
-34
-30
-36
-34
-41
-47
-56
-34
-37
-29
-20
-24
-10
-15
-8
-15
-2
-21
-1
-3
16
20
25
16
8
16
9
18
6
24
16
11
25
27
40
33
42
27
30
24
3
16
15
18
30
41
33
26
31
36
21
19
16
7
-1
3
-1
-3
-1
2
7
-3
6
9
6
-3
-15
-6
-11
-2
-4
2
-15
-12
-10
-26
-20
-36
-20
-29
-27
-25
-22
-12
-29
-15
-25
-8
-14
-8
-4
-6
-3
-7
-3
-4
6
2
16
1
29
25
32
38
39
27
41
39
35
26
22
31
23
12
19
13
1
12
4
22
23
30
28
38
32
26
24
11
3
-5
1
-11
-15
-5
-19
-21
-11
-10
-27
-24
-21
-33
-24
-22
-24
-27
-29
-32
-34
-63
-58
-65
-52
-44
-39
-6
-28
-13
-8
-14
-21
-25
-15
-31
-5
-8
-9
-3
-15
-5
-14
-1
-8
3
8
20
16
20
15
0
11
-1
13
9
11
5
12
8
11
15
-4
16
8
8
21
10
19
5
11
4
-3
-5
-4
12
7
27
19
31
24
16
16
18
20
9
13
5
1
11
14
10
15
32
33
30
33
10
7
16
14
37
25
17
17
-10
-22
-29
-38
-6
-6
17
19
13
18
3
-9
-21
-14
-17
-12
-19
-15
-13
-20
-18
-17
-22
-2
-4
-8
-5
-6
-16
-16
-8
-8
-14
-10
-10
-26
-30
-42
-39
-35
-28
-15
-4
0
-8
-20
-4
-16
-21
-25
-18
-17
-11
-12
-17
-14
-17
-7
-2
-1
13
8
-12
-3
-6
3
10
20
24
34
26
25
15
22
19
26
42
32
45
43
43
28
31
35
28
37
42
44
30
27
21
22
24
32
23
44
40
32
24
9
3
-18
-14
-12
-10
-20
-6
-9
-8
-2
-4
-11
-12
-1
-26
-15
-28
-34
-35
-36
-47
-44
-37
-41
-47
-32
-30
-27
-27
-29
-47
-43
-46
-57
-44
-35
-29
-32
-37
-46
-46
-56
-37
-39
-23
-17
-1
-17
-12
-14
-22
-20
-4
11
20
37
26
27
23
15
5
16
16
28
42
53
49
41
41
45
30
32
41
40
56
51
62
54
44
38
34
21
34
47
44
53
48
42
37
25
19
20
21
18
35
24
16
5
2
-13
-26
-14
-15
1
-5
10
-7
-17
-23
-26
-22
-28
-19
-16
-10
-29
-20
-32
-23
-45
-43
-47
-41
-48
-45
-37
-32
-34
-35
-45
-58
-54
-61
-55
-59
-44
-49
-45
-43
-43
-38
-23
-19
-19
-24
-11
-19
-16
-4
9
27
41
45
51
43
37
33
28
32
33
38
42
47
56
49
44
41
31
40
23
34
54
47
48
43
30
25
18
19
13
10
11
12
1
7
-9
-3
-3
-8
-4
3
-5
-19
-6
-14
-19
-16
-13
-16
-12
-9
-18
-14
-26
-32
-27
-35
-19
-24
-12
-11
-18
4
-5
-3
-7
-25
-9
-24
-18
-14
-14
-17
0
-4
-10
-8
-6
-11
-10
-3
-19
4
-5
1
6
-5
-7
-9
-15
-28
-25
-17
-5
-6
-2
18
19
7
14
9
5
-1
5
7
-6
6
5
8
4
23
11
14
20
16
23
19
22
18
25
27
31
25
17
-4
-8
-7
6
2
7
18
17
21
19
25
8
16
12
21
26
25
33
27
14
5
3
-5
-16
-8
-3
-8
-9
5
-10
-25
-25
-15
-11
-15
12
-5
-3
-14
-26
-29
-32
-21
-18
-6
1
-7
-5
-19
-23
-29
-32
-19
-9
-13
13
5
-8
-8
-17
-20
-24
-11
-4
0
-1
13
-5
-6
-12
-18
-15
-13
-17
-10
-8
2
7
7
3
-1
7
0
-11
14
10
11
8
20
14
2
2
2
2
-8
10
13
25
8
18
12
12
19
20
12
24
28
-6
6
10
7
9
26
23
28
27
19
12
1
-16
-11
3
-15
-18
-20
-28
-20
-23
-32
-24
-12
-19
-27
-18
-29
-36
-35
-39
-32
-33
-33
-35
-20
-26
-29
-15
-13
-12
-10
18
12
6
8
10
1
2
13
2
12
16
18
33
13
31
33
22
45
29
42
46
49
52
53
55
54
50
60
51
42
37
37
43
32
36
46
39
26
43
44
36
39
25
23
12
14
6
-5
-15
-15
-27
-27
-47
-40
-36
-59
-41
-39
-42
-49
-49
-45
-58
-64
-58
-63
-66
-68
-54
-38
-67
-56
-55
-64
-63
-73
-67
-63
-75
-49
-45
-33
-33
-33
-28
-47
-35
-38
-39
-18
-16
-5
15
12
16
16
10
-4
15
16
30
34
29
51
40
40
40
51
54
60
58
63
66
58
68
55
68
61
62
56
52
52
44
48
53
52
52
64
51
45
37
34
37
43
40
39
26
22
9
11
-1
-2
-10
-8
-5
-16
-16
-35
-29
-36
-31
-37
-34
-36
-48
-48
-43
-58
-63
-47
-54
-43
-31
-27
-13
-26
-31
-35
-39
-43
-45
