61
63
44
5
-38
-65
-59
-35
-5
31
50
48
27
7
3
5
16
15
10
6
-11
-31
-44
-35
-22
-7
23
27
27
38
31
28
28
27
28
24
23
17
13
8
7
5
7
15
7
4
-2
-8
5
20
40
39
25
8
-13
-39
-62
-44
-8
28
49
40
10
-17
-49
-63
-42
-8
32
53
54
29
-3
-35
-65
-65
-49
-32
0
26
22
15
-1
-28
-38
-33
-9
22
41
49
40
24
8
2
9
16
19
7
-1
1
-9
-11
-10
-11
-4
2
3
-18
-36
-29
-21
-12
-9
-6
-5
-25
-42
-55
-60
-55
-42
-19
-4
5
11
23
28
19
11
-9
-30
-37
-33
-30
-20
-6
1
6
10
19
25
23
20
24
41
54
57
39
3
-17
-47
-58
-34
-8
23
29
26
16
-6
3
20
25
34
40
29
3
-24
-44
-50
-40
-23
-6
11
19
0
-13
-20
-21
9
35
53
75
80
64
34
-4
-26
-35
-29
-10
6
31
34
24
26
18
20
33
32
22
22
12
6
10
-4
-21
-30
-35
-34
-28
-18
-3
12
23
26
21
16
15
1
-22
-29
-25
-14
3
21
27
14
6
-10
-28
-33
-40
-26
-10
0
14
27
31
8
-13
-24
-43
-39
-13
7
28
33
23
11
-13
-32
-33
-16
17
51
70
81
71
45
21
0
-14
-12
-7
-9
-7
-9
-11
-13
-12
-3
1
8
11
6
-3
-16
-11
5
1
-5
2
-3
-17
-29
-34
-35
-42
-33
-5
22
40
48
53
55
38
17
11
14
14
21
32
30
30
36
33
12
-3
-4
12
40
58
88
90
57
21
-25
-64
-78
-66
-40
-12
4
6
10
8
-5
-5
14
33
51
58
59
52
16
-10
-34
-57
-46
-20
0
13
11
-6
-15
-23
-18
7
21
48
53
32
16
-20
-48
-65
-78
-67
-49
-15
24
50
51
42
32
4
-1
1
9
34
65
89
75
41
-10
-59
-91
-99
-69
-27
14
48
60
55
14
-43
-73
-97
-107
-88
-55
-10
29
42
14
-21
-46
-63
-59
-51
-27
1
18
37
55
52
38
15
-22
-48
-54
-40
-10
18
40
56
64
47
9
-35
-55
-59
-51
-18
22
53
70
64
29
-28
-75
-107
-100
-62
-17
24
50
73
63
14
-24
-73
-101
-81
-57
-17
36
76
83
65
26
-45
-96
-105
-92
-48
24
90
125
123
80
17
-56
-105
-98
-62
-12
49
79
68
40
-14
-56
-67
-65
-48
-13
16
37
58
61
63
48
35
26
0
-25
-54
-75
-61
-42
-1
48
70
76
41
-17
-69
-96
-75
-23
33
67
80
58
1
-64
-117
-145
-132
-64
19
89
127
123
94
42
-15
-53
-57
-35
0
35
57
66
59
25
-14
-43
-61
-60
-42
3
48
73
79
60
18
-42
-94
-104
-100
-76
-25
25
52
55
24
-27
-62
-75
-55
-17
28
69
77
58
11
-42
-80
-90
-58
-15
11
30
40
32
17
13
25
33
42
44
28
0
-24
-23
-5
29
61
69
65
46
7
-25
-42
-27
6
40
69
83
67
3
-54
-108
-136
-95
-51
11
65
74
51
-6
-64
-96
-90
-64
-7
47
76
89
61
19
-24
-54
-66
-57
-14
33
73
95
97
75
30
-17
-49
-56
-33
11
55
94
102
75
39
-21
-72
-92
-79
-40
4
35
47
36
-11
-60
-88
-111
-93
-36
17
66
97
88
63
26
-5
-22
-30
-21
-7
11
14
8
0
1
15
23
33
32
18
1
-17
-18
-7
12
22
17
-10
-36
-57
-79
-58
-23
-1
28
47
42
29
10
-13
-15
-18
-5
17
24
25
3
-23
-54
-66
-41
-13
11
20
7
-26
-60
-77
-68
-50
-26
-1
-1
-23
-49
-65
-61
-42
-8
27
56
57
41
6
-36
-47
-33
13
63
106
119
89
43
-7
-49
-70
-52
-2
41
80
91
61
16
-38
-88
-102
-81
-42
-13
1
9
1
-19
-37
-50
-45
-30
-19
-3
12
31
53
52
36
19
-3
-24
-26
-17
1
34
65
82
83
56
14
-24
-54
-66
-33
4
28
45
31
1
-28
-56
-62
-44
-22
14
39
41
40
8
-34
-50
-45
-22
3
15
21
30
17
6
6
-1
2
-10
-18
-29
-45
-38
-27
-22
8
21
4
5
-8
-23
-33
-38
-15
-7
11
35
28
21
8
-5
-7
-7
-1
-4
9
17
4
-5
10
40
57
64
35
-6
-30
-61
-58
-29
-12
13
25
6
-22
-58
-89
-88
-63
-19
21
52
63
19
-15
-40
-60
-40
-1
47
74
76
49
9
-15
-31
-16
21
55
92
105
76
44
3
-41
-60
-53
-27
15
52
49
24
-8
-43
-72
-80
-56
-33
3
34
43
57
56
32
10
5
0
3
26
41
62
56
27
22
10
-16
-20
-14
-22
-15
2
10
10
-8
-18
-29
-31
-26
-15
-2
-8
-1
-14
-24
-24
-22
-2
14
28
29
42
35
17
2
-12
7
23
48
67
56
46
27
-18
-41
-43
-37
-13
16
40
37
14
-22
-69
-101
-111
-84
-40
8
48
59
50
21
11
-18
-32
-17
0
36
47
55
51
34
26
11
13
12
8
17
24
23
27
20
10
14
10
-9
-32
-46
-64
-61
-45
-30
-4
-11
-28
-52
-60
-52
-52
-22
-4
15
40
34
28
15
8
20
19
33
48
49
44
22
4
-14
-26
-29
-26
-12
12
25
10
-16
-49
-75
-83
-92
-87
-54
-20
3
5
-6
-9
-22
-31
-37
-40
-26
-11
25
53
74
101
83
72
52
9
-10
-21
-6
17
31
52
58
40
3
-34
-67
-88
-90
-61
-25
-2
23
23
7
-18
-42
-59
-73
-70
-50
-29
-10
19
34
63
70
55
55
18
-1
-5
-13
-1
22
48
68
73
63
26
-23
-61
-109
-112
-77
-37
25
46
43
20
-39
-109
-159
-159
-128
-64
9
72
108
108
79
33
-17
-68
-70
-39
17
63
81
107
85
45
7
-35
-57
-68
-35
-2
17
48
42
22
0
-28
-43
-58
-43
-33
-39
-21
-22
-14
-6
-8
13
8
12
18
12
13
9
27
34
48
69
69
68
47
21
-8
-35
-38
-36
-16
5
14
22
15
9
-5
-20
-27
-38
-41
-48
-26
1
-6
6
-3
-20
-16
-26
-24
-15
-6
3
14
25
16
20
16
16
29
18
17
13
8
5
-15
-12
-16
-13
2
5
14
0
-11
-13
-20
-14
-20
-4
20
33
53
43
21
5
-25
-27
-32
-46
-28
-22
6
25
22
35
7
-16
-47
-77
-60
-49
-16
37
73
83
83
53
17
-15
-49
-38
-15
25
76
102
110
79
33
-7
-53
-58
-43
-25
21
53
55
56
39
12
-10
-32
-52
-54
-44
-42
-26
-13
-5
5
12
6
-32
-39
-60
-64
-30
-4
44
67
88
91
83
68
11
-13
-20
-20
11
28
39
49
34
20
-1
-19
-40
-43
-33
-49
-29
-10
-17
-11
-18
-22
-33
-30
-42
-62
-50
-61
-41
1
20
50
45
30
16
-14
-5
1
3
26
32
46
60
54
37
18
4
-15
-28
-31
-15
0
-3
6
-4
-19
-29
-53
-59
-59
-59
-66
-54
-29
-30
-21
-9
-10
8
25
27
40
34
11
-5
-8
12
32
62
82
90
97
82
50
21
-5
-34
-37
-34
-16
5
16
16
-13
-38
-71
-86
-90
-85
-53
-28
-2
7
4
-9
-30
-40
-59
-42
-3
20
49
61
59
59
42
37
36
34
43
45
51
44
16
-7
-9
-6
-3
5
8
0
-23
-44
-58
-71
-75
-56
-35
-17
-8
-16
-27
-45
-60
-60
-43
-14
18
48
61
61
45
20
4
2
11
20
42
60
68
84
70
55
43
16
3
-1
-9
-11
0
-5
-12
-17
-39
-48
-61
-59
-55
-46
-17
1
11
10
8
-14
-25
-21
-27
-17
-10
1
12
30
54
60
62
57
40
26
11
1
-2
10
15
9
25
24
2
-7
-29
-47
-47
-50
-38
-29
-24
-30
-34
-25
-33
-34
-24
-5
2
8
27
30
35
30
36
34
32
42
22
9
-8
-19
-10
-4
24
41
42
52
37
20
3
-6
-12
-30
-15
-14
-16
-2
-20
-20
-32
-43
-31
-34
-22
-21
-12
5
6
26
32
26
12
-6
-24
-43
-24
-8
13
48
58
75
69
47
32
-1
-11
-14
-13
12
19
24
35
27
9
-3
-10
-24
-33
-29
-20
-12
0
20
30
16
-13
-46
-65
-77
-70
-30
-3
24
43
56
58
33
13
-19
-26
-16
-23
-8
17
45
44
36
39
17
-3
-17
-28
-30
-20
-5
13
16
16
13
-15
-47
-73
-84
-89
-76
-28
9
34
44
39
15
-14
-31
-55
-55
-37
-6
39
63
58
37
21
-6
-14
-18
-12
8
21
34
31
32
14
-7
-14
-30
-33
-25
-21
-15
-3
2
6
5
6
7
-10
-33
-66
-85
-76
-52
-18
10
25
32
29
12
10
-8
-27
-15
-7
14
25
44
59
41
28
4
-4
-8
-11
1
9
15
7
5
2
-9
-22
-42
-39
-43
-34
-20
-21
-3
-2
-12
-7
-11
-13
-16
-22
-14
3
11
10
17
23
26
31
35
51
55
43
30
18
24
26
32
29
17
6
-12
-11
-18
-21
-20
-21
-9
-14
-7
-5
-22
-9
-12
-15
-12
-10
11
10
9
7
9
31
40
56
56
43
29
13
14
0
-5
13
27
45
30
24
37
19
15
4
2
-8
-20
-2
-15
-20
-19
-27
-26
-27
-23
-32
-16
-21
-26
-5
-10
-2
11
19
30
16
6
4
0
11
27
39
41
31
27
30
18
3
-8
-20
-20
0
9
23
37
22
13
-10
-25
-36
-43
-26
-35
-27
-14
-3
10
1
-9
-29
-29
-34
-32
-1
26
57
53
48
37
14
18
12
4
7
13
30
52
59
57
46
27
12
-9
-21
-21
-15
-18
-6
3
5
9
-9
-15
-34
-40
-32
-29
7
24
32
31
31
31
5
-14
-30
-33
-39
-23
15
23
39
38
23
17
5
4
-2
0
8
6
14
31
32
24
-3
-27
-34
-38
-23
0
12
7
5
3
-7
3
-8
-22
-30
-37
-20
-12
-1
4
-14
-23
-23
-21
-25
-15
0
-3
-10
-5
5
8
0
-4
-18
-33
-19
-16
-16
-3
0
6
-3
-4
-5
-24
-13
-9
-6
-1
-7
-9
-14
-14
-20
-29
-30
-24
-23
-26
-25
-30
-31
-25
-25
-29
-23
-22
-6
-7
-21
-18
-43
-44
-35
-31
-9
-11
3
13
12
16
17
10
-4
-11
-15
-13
-7
-7
6
13
14
21
17
17
17
-7
-12
-17
-11
1
1
20
5
-2
-3
-15
-14
-22
-21
-19
0
13
16
36
27
10
-6
-22
-22
-23
-14
-1
16
27
27
20
5
-11
-11
-6
-7
4
21
22
19
20
11
-5
-13
-18
-25
-25
-24
-23
-18
-1
5
-3
9
14
1
-10
-16
-18
-10
-3
12
21
20
34
28
18
4
-16
-11
-6
13
16
19
29
11
-6
-15
-16
-8
-1
23
36
35
39
18
0
-17
-36
-34
-40
-35
-15
-4
-6
-3
-1
-10
-13
-15
-12
-15
-20
-19
-18
-10
-3
-10
-7
-8
-14
-4
1
8
24
28
27
25
12
5
7
0
-6
-9
-6
-8
-4
7
14
13
13
14
2
-3
-10
-14
-3
-2
5
11
-4
-13
-15
-23
-20
-9
4
23
34
46
50
41
18
-7
-15
-25
-20
-3
19
34
35
33
20
7
9
11
7
7
4
10
16
17
20
13
7
-9
-6
-5
-5
20
25
32
34
19
15
-7
-24
-32
-39
-38
-31
-8
18
41
43
37
29
3
-5
-19
-29
-18
-3
22
33
26
21
10
-5
-11
-14
-7
0
8
15
15
9
-3
-6
-22
-42
-52
-38
-5
12
33
38
19
20
16
8
11
3
-11
-10
-14
-9
0
9
15
-3
-16
-25
-30
-20
-4
6
4
5
-8
-16
-21
-30
-28
-36
-32
-18
-14
4
20
23
32
38
25
13
-1
-16
-4
-1
8
13
2
3
4
-9
-22
-19
-15
-11
-5
-4
5
9
10
0
-19
-37
-53
-41
-22
-13
0
2
4
12
3
-2
0
-10
-8
-1
-6
7
10
5
15
12
3
0
-7
3
7
5
21
30
25
20
4
-19
-20
-22
-17
-3
-6
1
7
5
7
1
-7
-17
-21
-15
3
11
-1
3
5
-3
2
7
13
-5
-8
-6
-6
21
25
32
30
9
4
-3
-6
5
11
18
16
14
13
8
16
9
-6
-14
-17
-15
-14
-3
8
6
-14
-21
-17
-23
-22
-13
-10
-8
-5
-2
3
5
7
3
-10
-6
2
4
13
7
4
22
32
32
32
19
10
13
4
-3
0
-1
-6
-8
0
-1
-1
5
0
-4
-13
-24
-16
-19
-26
-32
-36
-35
-31
-18
-2
7
7
13
14
24
36
38
25
13
12
7
18
20
16
17
11
4
9
22
29
27
17
7
-3
-5
-2
3
3
-3
4
-3
-5
-5
-5
-12
-27
-27
-28
-13
-9
-9
10
13
16
19
20
21
25
24
21
35
39
47
47
29
18
2
2
9
12
10
-8
-11
-7
11
28
17
8
-9
-25
-11
-1
4
10
3
-6
-5
9
10
-2
-2
-6
-14
-22
-25
-4
-5
-17
-16
-23
-23
-22
-19
-13
-13
2
29
29
26
19
4
-6
-6
-5
7
7
-9
2
3
7
19
4
0
-22
-36
-25
-28
-25
-21
-30
-32
-30
-36
-32
-19
-18
-17
-20
-9
11
17
29
24
16
10
0
23
31
18
26
16
11
17
25
35
17
7
-1
-13
-13
-11
-7
-4
-12
-19
-22
-19
-23
-28
-24
-37
-37
-18
-9
3
10
4
0
-8
-7
5
-1
6
12
10
26
24
22
31
21
22
22
21
24
23
29
26
5
-8
-3
-11
-16
-22
-37
-37
-39
-38
-33
-27
-27
-21
-14
-16
-12
-9
-22
-39
-44
-44
-43
-30
-11
-3
-6
-3
3
11
24
18
17
28
29
31
26
28
32
20
19
21
27
25
32
45
40
27
17
9
0
-8
-28
-46
-51
-58
-58
-46
-40
-38
-39
-44
-48
-41
-36
-34
-11
-15
-11
4
2
12
12
21
22
15
26
33
46
56
64
71
69
64
46
24
8
3
3
-4
-7
-6
2
3
-5
0
-6
-25
-28
-44
-44
-28
-29
-25
-16
-17
-22
-18
-20
-11
11
10
7
15
19
19
30
30
18
8
-4
-6
2
10
18
16
25
40
39
40
32
14
-2
-19
-29
-34
-18
-15
-18
-13
-13
-11
-2
0
-1
-2
-7
-2
2
12
25
22
25
24
11
7
8
13
26
28
27
41
37
17
14
7
-5
-7
-9
-12
-8
-2
-10
-15
-14
-25
-31
-32
-31
-32
-32
-19
-12
-4
-2
-11
-14
-16
-14
-5
1
11
13
20
31
26
32
38
37
40
38
34
27
25
25
24
27
24
16
14
7
3
6
-9
-33
-42
-39
-43
-33
-17
-21
-24
-42
-68
-68
-59
-38
-11
-5
4
25
38
39
41
39
28
27
29
45
61
54
61
59
30
18
15
11
9
3
1
-10
-18
-9
-7
-19
-23
-21
-32
-31
-25
-27
-32
-37
-32
-22
-17
-17
-24
-37
-28
-11
-3
0
1
2
-4
-13
-1
6
2
8
-1
2
8
9
36
42
37
41
32
19
16
5
3
-5
-34
-24
-16
-28
-22
-36
-62
-63
-57
-37
-22
-29
-18
-7
-9
-14
-14
-15
-22
-22
-19
-12
-12
-1
7
4
14
12
5
7
0
-3
0
2
9
10
12
4
-15
-24
-20
-21
-21
-15
-15
-12
-20
-15
-4
-14
-28
-32
-28
-12
-8
-13
-4
-2
5
17
15
22
29
14
9
13
6
14
19
2
-1
0
-7
-5
-5
-10
-1
-2
1
4
0
2
-8
-19
-28
-33
-27
-27
-32
-28
-17
-13
0
18
18
24
24
23
25
20
28
17
12
22
8
2
13
8
2
4
3
11
9
2
0
-8
-3
-5
-3
7
1
7
11
11
25
26
25
20
17
20
5
7
3
-6
-7
-19
-10
-7
-7
3
-2
-14
-23
-19
-1
12
9
12
16
16
17
11
21
27
24
26
31
45
47
38
41
30
18
23
15
7
18
12
-7
-9
-9
-13
-14
-22
-26
-28
-17
6
4
9
17
15
25
22
27
38
26
19
14
17
28
25
17
16
18
16
11
12
16
15
7
-8
-12
-8
-8
-11
-14
-17
-25
-37
-31
-25
-28
-12
0
-9
-11
-5
-6
0
5
9
24
32
42
43
33
31
28
23
13
2
4
-3
6
21
7
1
1
-4
-8
-29
-35
-22
-18
-20
-6
-1
-12
-5
-5
-18
-11
3
6
13
27
31
19
7
4
-5
-14
-22
-28
-17
-5
-5
-6
-9
-2
0
-7
-6
-8
-3
1
1
6
11
16
17
6
2
8
-4
-4
9
6
5
15
7
-9
-3
-7
-13
-22
-35
-31
-29
-22
-11
-11
-22
-26
-20
-20
-15
-8
-5
2
7
5
1
12
12
4
11
2
2
4
-6
2
14
19
20
18
13
-9
-30
-45
-56
-57
-52
-33
-22
-4
12
2
-6
-17
-27
-24
-22
-21
-6
3
1
-5
-4
-11
-18
-18
-30
-17
4
4
6
-4
4
-6
-18
-17
-38
-24
-18
-9
15
5
-1
5
12
1
-8
-7
-21
-19
-17
-22
-22
-18
-13
-9
-7
-14
-15
-15
-6
6
7
3
3
5
-1
-5
2
4
-5
-12
-22
-32
-21
-13
-3
8
2
2
-5
-9
-7
-14
-7
-3
-6
1
13
16
15
10
2
10
6
2
9
12
13
6
6
-2
-2
-2
-15
-12
-8
-10
-2
2
1
8
4
6
8
8
15
14
18
15
16
25
33
26
11
10
1
3
2
-9
-10
-9
-1
1
-7
1
4
0
6
11
6
8
15
15
16
14
3
-5
5
10
9
3
-3
14
17
8
-7
-15
-11
-8
1
-6
4
13
9
9
5
5
2
3
-1
-5
-6
-9
-6
-4
0
-1
-7
-17
-13
0
-8
-13
-18
-10
6
11
9
1
-8
-5
0
0
12
12
8
6
16
29
26
26
22
13
11
6
3
7
14
10
5
3
2
5
1
-9
-11
-6
10
11
10
30
21
14
25
18
15
9
6
8
19
38
33
24
27
30
27
21
28
29
25
16
18
25
0
-10
-13
-13
-5
-8
-9
-5
8
9
-1
-9
-16
-12
-16
-18
-26
-25
-12
-6
3
9
8
2
2
5
5
14
14
5
5
15
9
-3
1
-11
-8
-5
-10
-4
-4
2
-8
-15
-9
-1
7
-3
-6
-11
-13
-9
-3
4
-5
-3
2
3
13
15
13
15
10
14
13
11
11
-2
-13
-22
-26
-33
-32
-33
-34
-31
-37
-22
-26
-33
-15
-21
-21
-10
-12
-7
-2
-6
0
10
4
7
5
-3
3
3
-2
-2
0
3
-2
-3
-2
-2
4
3
1
2
2
5
8
9
6
-2
-5
-2
-6
-14
-10
-6
1
14
11
10
10
-5
-8
-18
-22
-11
-16
-12
-7
-8
1
11
10
-2
-4
3
3
6
7
9
14
19
18
20
14
3
6
9
4
1
4
10
8
8
6
0
-6
-6
-3
-10
-5
0
2
13
10
7
6
4
-3
0
18
11
6
17
23
26
19
15
5
1
-3
-10
-8
-8
-5
1
8
10
17
15
6
6
-5
-15
-11
10
19
26
24
10
5
-6
-9
-13
-22
-16
-14
-4
3
2
21
12
-4
-2
-12
-18
-19
-12
-2
-4
0
7
8
8
1
-1
-4
-7
-6
-6
-5
-4
-8
-23
-34
-29
-27
-28
-20
-11
-3
11
10
10
17
16
15
5
-7
-4
-6
-9
6
0
5
15
5
11
7
-1
-3
-8
-17
-15
-1
-3
3
8
2
0
-2
-7
-9
5
14
17
23
21
19
14
1
-10
-18
-17
-11
-3
-6
-2
-2
7
8
-1
0
-9
-4
-8
-4
4
2
16
9
14
13
0
3
-1
-2
4
2
3
10
11
11
17
5
-8
-6
-6
-2
6
7
5
21
24
8
0
1
-3
-12
-13
-11
-11
-12
-14
-9
-19
-28
-30
-34
-26
-21
-16
0
15
13
17
12
1
3
-3
0
2
0
10
13
17
16
9
0
-9
-10
-3
-4
-3
1
-3
2
11
9
4
-7
-8
-8
-18
-14
-8
-6
7
16
7
1
-3
-9
-13
-16
-18
-20
-14
-11
-7
-14
-18
-28
-30
-20
-24
-22
-15
-6
5
6
-4
2
2
-14
-5
-8
-13
-2
-5
-1
-4
-2
11
9
6
-3
-12
-20
-15
-1
0
-1
5
2
-9
-3
-5
-8
-5
-7
-1
-3
-2
3
9
16
17
7
-11
-5
4
1
1
1
-4
5
13
-2
-5
-2
-1
-3
-10
-5
2
5
18
17
8
7
4
-4
-12
-10
-7
7
10
9
16
11
10
6
-9
-3
8
12
19
17
23
24
25
27
11
-3
-9
-2
-4
-6
3
7
11
17
15
7
3
-8
-16
-14
-20
-16
-17
-14
-11
-13
-14
-22
-15
-23
-33
-16
-13
-14
-6
0
4
3
5
4
-6
-11
-12
-14
1
18
13
7
13
10
5
7
-3
-5
-4
-7
0
-1
6
7
-11
-10
-6
-17
-15
-11
-13
-13
-9
-4
-3
4
7
4
-5
-16
-9
-14
-21
-7
8
12
14
22
16
5
-1
3
7
7
12
19
27
19
22
32
26
21
14
13
17
16
18
19
14
9
3
6
-1
-12
-9
-8
-7
-1
7
6
-5
-1
-3
-14
-10
-11
-11
-11
-7
2
4
18
31
26
18
11
10
8
3
2
8
2
-2
2
5
10
3
-1
-6
-3
1
0
5
2
1
-5
-8
-10
-12
-7
-16
-16
-12
-11
-12
-7
12
7
7
15
11
10
0
-2
-6
-3
-4
-5
2
-6
-10
-11
-18
-23
-26
-22
-12
-6
-3
3
0
5
-1
-9
2
2
14
17
17
30
21
15
21
16
6
-1
0
-7
-5
6
5
-1
-3
-6
-13
-13
-14
-9
-2
-3
-1
11
23
15
7
6
-4
-5
5
2
0
-4
-9
-2
-4
-4
-1
-4
-7
-11
-8
-5
-8
-6
-3
-2
-5
-2
6
2
5
8
-3
-3
5
15
23
26
10
7
11
-5
2
1
-5
-3
-20
-15
-16
-16
-6
-12
-17
-14
-4
-6
-6
-4
-5
0
7
7
7
9
10
14
18
19
6
-1
-5
-12
0
6
-1
6
4
-5
0
-1
1
-4
-5
5
0
2
8
6
1
-4
-3
4
5
0
-3
-10
-10
-12
-12
-10
-19
-17
-14
-12
-7
-11
-12
-9
-10
-2
-3
-6
-2
-14
-12
-2
-2
9
14
19
28
23
11
9
2
-6
-15
-6
2
-8
-4
-6
-6
-7
-19
-22
-26
-20
-4
0
1
3
5
9
9
6
8
4
-1
8
18
30
30
30
28
20
23
19
18
16
16
17
6
9
9
4
3
5
-2
1
6
-1
-1
-5
-12
-13
-6
-12
-22
-20
-24
-15
-9
-4
3
7
17
19
16
14
13
11
10
3
-5
0
11
15
9
16
26
20
21
17
14
18
8
1
1
3
-5
-10
-4
-5
-18
-14
1
-7
-5
3
-1
3
0
-2
-7
-14
-4
-9
-21
-9
-4
4
16
10
11
11
3
6
2
4
4
-11
-7
-4
-5
5
4
4
-1
-16
-18
-17
-15
-6
-6
-10
-9
-12
0
0
-12
-12
-12
-6
-5
1
10
10
15
19
22
20
12
9
4
4
14
13
18
29
18
20
16
3
0
-2
-6
-11
-7
-14
-15
-9
-15
-22
-24
-23
-19
-11
3
12
13
9
9
12
1
-10
-15
-18
-5
-3
-3
9
15
16
18
26
20
12
12
9
9
7
10
10
11
14
-1
-6
-10
-19
-21
-22
-22
-19
-27
-20
-15
-28
-21
-20
-24
-22
-28
-29
-27
-22
-20
0
10
17
35
35
42
48
40
34
33
30
30
34
35
34
35
32
27
29
20
10
16
10
-9
-7
-3
-4
-6
-13
-13
-5
-11
-16
-18
-33
-34
-31
-33
-20
-11
-4
2
10
11
8
13
5
3
0
-15
-7
7
1
-2
2
3
-3
-9
-6
-6
-13
-20
-23
-22
-21
-18
-21
-16
-11
-12
-12
-25
-28
-27
-34
-44
-44
-34
-33
-25
-18
-20
-21
-22
-21
-12
-15
-17
-4
-5
7
22
28
40
33
33
37
33
31
32
35
31
29
29
30
33
41
37
33
35
34
40
38
28
24
20
3
-16
-9
-17
-34
-35
-40
-47
-37
-33
-48
-47
-48
-50
-46
-32
-11
-3
7
17
19
28
31
29
21
10
-3
-10
-20
-31
-27
-27
-29
-42
-47
-46
-56
-51
-50
-45
-33
-27
-20
-13
-1
1
2
0
-10
-22
-36
-39
-46
-40
-23
-15
-5
12
39
61
87
118
145
163
167
172
170
155
154
158
147
142
120
94
85
64
41
20
-7
-38
-52
-49
-52
-31
-9
1
3
-10
-42
-91
-130
-165
-198
-216
-225
-214
-180
-128
-85
-47
-14
3
9
-2
-23
-40
-52
-63
-55
-48
-40
-9
-1
2
-3
-24
-50
-75
-94
-127
-142
-138
-124
-98
-75
-67
-85
-110
-130
-162
-192
-197
-189
-173
-158
-137
-95
-56
-21
-7
2
0
-20
-3
34
97
194
295
397
479
526
524
491
446
372
289
217
165
133
120
138
161
168
175
175
158
142
109
75
71
92
126
177
237
276
234
103
-75
-260
-410
-523
-604
-649
-636
-604
-536
-389
-211
-26
126
215
219
176
152
141
166
206
249
270
248
206
165
141
92
-19
-166
-318
-434
-482
-451
-347
-208
-65
40
102
155
190
186
125
39
-52
-129
-186
-201
-153
-63
-11
-30
-66
-117
-157
-186
-221
-254
-269
-239
-191
-108
15
150
275
326
298
216
125
67
4
-41
-62
-83
-89
-56
26
119
184
199
152
63
-29
-136
-254
-315
-313
-280
-228
-141
-10
146
266
314
307
258
177
70
-36
-111
-168
-202
-219
-224
-182
-112
-47
5
35
39
37
62
89
150
238
283
309
319
321
336
328
288
199
111
47
-22
-44
2
106
234
337
403
439
439
378
261
136
55
16
-3
5
77
220
362
474
551
559
452
215
-117
-496
-791
-932
-981
-953
-811
-585
-353
-149
-3
73
104
54
-125
-360
-478
-496
-503
-395
-155
83
286
408
389
286
165
-41
-351
-618
-738
-767
-731
-590
-357
-77
168
255
184
114
39
-146
-347
-488
-540
-435
-257
-113
93
395
565
487
316
74
-234
-452
-568
-635
-534
-225
39
190
366
547
597
504
356
195
84
23
4
93
315
548
704
786
758
675
566
372
185
139
169
237
390
568
668
776
857
759
586
478
393
247
174
177
230
395
610
845
1064
1011
402
-503
-1358
-2228
-2939
-3058
-2807
-2500
-1814
-794
47
790
1739
2345
2246
1848
1343
569
-116
-293
-234
-116
162
431
412
291
213
-14
-471
-1031
-1586
-2024
-2154
-1933
-1361
-490
414
1085
1493
1689
1728
1560
1139
536
-183
-902
-1476
-1696
-1502
-1063
-541
-134
-22
-93
-160
-367
-745
-991
-1120
-1391
-1665
-1552
-1037
-313
509
1206
1499
1362
1053
731
413
98
-190
-486
-875
-1247
-1307
-983
-552
-167
152
270
193
169
339
632
998
1394
1604
1527
1380
1324
1266
1094
856
542
200
-50
-137
36
427
833
1031
1040
984
894
803
752
689
567
437
349
394
703
1239
1532
1038
-269
-1728
-2830
-3581
-4082
-4002
-3202
-2302
-1533
-481
1005
2341
3265
3703
3323
2214
1038
192
-471
-713
-424
-27
18
-3
137
165
31
-356
-1074
-1944
-2599
-2970
-2907
-2203
-1020
217
1240
1934
2309
2509
2344
1652
547
-539
-1504
-2300
-2624
-2324
-1749
-1658
-2009
-2142
-1768
-1495
-1377
-901
-269
18
240
881
1552
2071
2497
2514
1700
576
-243
-913
-1482
-1660
-1430
-1141
-882
-544
127
1058
1871
2255
2255
1972
1541
1189
921
737
626
613
504
278
328
774
1187
1244
1018
675
341
94
-49
12
254
454
463
378
509
917
1423
1764
1873
1757
1668
1619
614
-1683
-3635
-4007
-4417
-5767
-5803
-3685
-2008
-1525
141
2555
3456
3579
4146
3611
1707
748
531
-545
-1314
-307
683
282
-67
311
198
-709
-1454
-2175
-3156
-3766
-3738
-3543
-2829
-1079
819
1964
2593
3202
3615
3479
2619
1221
-46
-1071
-2793
-4851
-5234
-3851
-3079
-3011
-1855
-425
-40
341
1254
1557
1544
1793
1638
776
335
941
1369
845
212
216
-61
-833
-1079
-663
-292
-248
-168
77
391
999
1755
1860
1374
1294
1594
1259
617
694
1315
1587
1304
1040
1130
1391
1399
1171
877
612
232
-464
-1058
-944
-217
138
163
425
954
1473
2047
2667
2890
3041
2133
-946
-4643
-5776
-5368
-6567
-7225
-4910
-2323
-2068
-755
2620
4517
4578
5018
4654
1882
22
164
-103
-1152
-285
1501
1204
139
336
883
-98
-1286
-2227
-3595
-4907
-5007
-4133
-3181
-1377
997
2610
2997
3478
4138
4059
2923
819
-1856
-4058
-5115
-5669
-5527
-4239
-2364
-1174
-475
353
1169
1625
1723
1375
393
-302
-260
32
301
1068
2037
2178
1393
610
362
148
-341
-694
-737
-831
-778
-148
669
1218
1788
2068
1488
624
538
937
1053
1061
1221
1322
1223
1314
1545
1819
1992
1735
930
184
114
217
288
467
581
383
148
189
458
755
1245
1982
2422
2295
1105
-1179
-3704
-4935
-5649
-6997
-7359
-5816
-3869
-2660
-480
2536
4683
5552
5893
5249
3290
1595
339
-692
-1321
-851
-195
42
347
793
1034
474
-500
-1968
-3433
-4587
-5263
-5126
-3909
-1848
153
1925
3544
4559
4565
3630
1885
-348
-2515
-4105
-5242
-5512
-4633
-3125
-1835
-545
860
1632
1608
1276
798
-112
-618
-571
-364
125
1205
2050
2039
1996
1931
1297
450
73
-277
-862
-1012
-522
-120
308
1239
1857
1689
1229
999
641
129
17
243
432
484
912
1519
1751
1885
2322
2266
1338
632
471
225
-56
382
946
1079
1270
1748
2540
3235
3786
3610
3327
2843
23
-4612
-8033
-8354
-8992
-10323
-9226
-5755
-3145
-1847
1308
4807
6597
6685
6515
4793
2042
673
-16
-892
-1281
401
1448
1166
866
1340
1110
-602
-2351
-4221
-5757
-6737
-6521
-5778
-4005
-1095
1836
3655
4859
6204
6376
4969
2056
-998
-3664
-5228
-6104
-6147
-4545
-2363
-1097
-739
506
1768
1843
1116
811
179
-861
-793
144
954
1674
2862
3091
2049
1215
1181
759
-215
-520
-537
-970
-1174
-406
463
883
1280
1472
873
58
112
527
543
520
1042
1420
1209
1393
2029
2364
2272
2131
1811
1004
451
465
717
830
956
1275
1396
1350
1069
973
1273
1513
1377
725
-1358
-5080
-8253
-8678
-8193
-8646
-7436
-3999
-1488
-773
1335
4744
6445
6491
6213
4796
2028
247
-288
-883
-1033
283
1186
701
369
825
744
-648
-2153
-3424
-4477
-5304
-5358
-4312
-2248
435
2579
3875
4610
4993
4693
3004
304
-2519
-4718
-6015
-6584
-5907
-3840
-1568
-201
797
1934
2900
2956
2355
1726
638
-434
-909
-610
107
1088
2062
2181
1610
980
678
456
246
155
-42
-624
-1016
-696
-47
631
1043
1149
635
-3
-104
29
340
1023
1741
1887
1786
1909
2265
2381
2474
2475
1802
948
134
-285
-318
174
802
787
518
311
696
1287
2110
2738
2972
3310
1559
-2963
-7677
-8829
-8048
-9248
-9692
-6687
-3067
-2182
-700
3163
6122
6519
6170
5236
2160
-37
-441
-513
-970
152
1934
1590
990
1566
2204
837
-1154
-2905
-4798
-6494
-6790
-5679
-4100
-1549
1268
3188
3382
3601
4459
3903
973
-2175
-3635
-4586
-5544
-5197
-2832
-673
331
946
1599
2063
1951
1503
798
-175
-1092
-1302
-836
233
1683
3055
3417
2639
1714
1253
855
166
-83
-108
-559
-1124
-776
86
742
1510
2089
1781
751
491
930
861
802
1324
1858
1686
1635
2388
2926
2937
2781
2570
1703
632
219
53
34
-73
154
388
333
802
1409
2269
2542
1396
-1670
-5673
-8331
-9577
-9817
-9280
-6836
-3691
-1198
801
3063
5498
6554
6336
4484
2167
-252
-2048
-3069
-3071
-1523
213
1410
1612
1961
2301
2080
650
-1568
-3752
-5584
-6613
-6659
-5220
-2774
393
2948
4510
4988
4951
4417
2342
-853
-3994
-5585
-6398
-6552
-5006
-1738
1168
2557
2846
2999
3340
2663
1313
-160
-1038
-1671
-2196
-1670
92
2072
3387
3858
3128
1910
1055
572
-161
-525
-129
-46
-458
-213
974
1717
1883
1803
1373
434
-299
-123
25
168
945
1999
2521
2655
3389
4429
4392
3311
1955
956
-8
-904
-1175
-1106
-188
790
1274
1391
1873
2572
3387
3146
-399
-6065
-10315
-10446
-11167
-12495
-10037
-4686
-1497
-742
2582
6653
8138
7492
6793
3838
-143
-2355
-3066
-3475
-2785
394
2137
2116
2145
3188
3029
1195
-750
-2984
-5641
-7999
-8369
-7378
-4790
-1133
2447
4425
5025
5691
5800
3978
640
-2247
-4331
-6089
-7511
-6560
-3318
-105
1682
2157
2632
2997
2420
1429
750
148
-610
-1100
-793
155
1577
3274
4147
3375
2000
1077
-11
-1170
-1202
-360
-258
-770
-52
1243
2023
2488
2697
2215
919
212
-78
-447
-63
1137
2096
2253
2537
3438
4102
3980
3558
2637
1371
48
-816
-861
-533
614
1514
2187
2707
3250
3952
2041
-2717
-8079
-9812
-10330
-12803
-13299
-9552
-4975
-3401
-697
4437
8297
8842
8675
7292
3352
-200
-2115
-3128
-4450
-3151
-429
960
1114
2101
3860
3667
1677
-1277
-4037
-6914
-8667
-8852
-7476
-4549
-1040
2073
4162
5579
6657
6916
4651
870
-2838
-5142
-6930
-7977
-6235
-2804
21
1437
2959
3971
3618
2923
2471
905
-1437
-2206
-1568
-912
91
2526
4625
4607
3607
2756
1748
390
-675
-1248
-1768
-1819
-973
125
1137
2495
3939
4100
2899
1747
1123
272
-583
-668
-263
494
1736
3244
4109
4534
5143
4826
3454
2183
1604
816
-116
-707
-585
244
1783
4124
3472
-341
-5427
-8058
-9216
-12785
-14508
-12166
-8047
-6679
-5113
102
5815
8258
9024
9279
6850
3160
-115
-1822
-3719
-3936
-2408
-1196
-584
781
3523
4542
3675
1727
-395
-3821
-7654
-9771
-9720
-8260
-5987
-2853
433
3214
5782
7804
6689
3518
487
-1552
-4609
-7599
-6893
-4017
-2055
-1141
1246
4129
4950
3902
3278
2538
377
-2006
-2624
-1692
-762
974
3451
4925
4658
4409
4453
2841
434
-836
-1587
-2991
-3333
-1350
866
2048
3460
5076
4685
3126
2501
1943
210
-1403
-1345
-1071
-1191
119
2823
4624
5082
5648
5913
4691
3113
2852
2425
1300
815
1254
2191
1111
-1649
-5013
-6815
-7428
-10165
-12501
-11531
-8625
-7456
-5780
-1375
3214
5260
6293
7037
5204
2483
475
-754
-2384
-2660
-1296
-393
-229
660
2726
3441
2961
1771
29
-2716
-5733
-7614
-8431
-7831
-6114
-3959
-2030
12
2527
4459
4591
3511
1927
93
-2374
-4875
-5450
-4328
-2614
-1341
60
2354
4086
4084
3236
2756
2148
391
-1494
-1930
-1443
-752
417
2108
3453
4142
4692
4604
3414
2225
1358
-175
-1993
-2324
-1200
-260
622
2589
4415
4499
4109
3877
2932
1026
-516
-1090
-1727
-1856
-558
1606
3131
4085
5278
6023
5697
4600
4193
3846
2903
2492
1169
-2016
-5798
-6341
-5280
-7803
-10490
-9362
-7066
-7959
-8325
-4230
315
1854
3112
5005
4551
3052
2540
2132
-289
-1958
-1358
-1360
-2406
-1765
1311
3027
3023
2929
2571
721
-1923
-3592
-5136
-6753
-7130
-6235
-5329
-4689
-2880
-200
1252
1290
925
693
-538
-2376
-2878
-2220
-1896
-2209
-1500
436
1905
2523
3262
3412
2542
1646
1330
837
80
587
1513
1430
1063
1812
2671
2495
2442
2624
2198
1248
976
1294
1353
1639
2354
2627
2277
2320
2665
2547
1976
1592
1328
539
-252
-302
209
614
1068
1866
2468
2801
3385
3915
4246
4330
4707
4651
2447
-849
-3832
-4751
-5492
-7504
-8523
-7810
-6856
-6965
-5653
-2527
-59
894
1993
2449
871
-423
-393
-642
-2114
-2460
-1501
-1379
-1692
-374
2303
3844
3985
3800
3223
1776
128
-1103
-2313
-3633
-4340
-4764
-5522
-5728
-4298
-2477
-2472
-2873
-2344
-1825
-2434
-3194
-2560
-1522
-1043
-884
-245
675
1672
2647
3149
2635
1531
1379
1736
1200
433
1189
2510
2562
2088
2766
3758
3512
3015
2591
1385
-159
-564
-259
-441
-28
1597
2554
2242
2745
4157
4349
3074
2389
1929
649
-370
-453
-155
8
836
1593
1281
1376
2601
3523
3373
3137
3668
3213
1054
-1124
-1731
-1320
-2124
-3490
-4060
-3863
-4267
-4732
-3858
-2568
-1797
-1343
-770
-1073
-1982
-2025
-1519
-2293
-4110
-4787
-4373
-4527
-4574
-2764
-3
1970
2889
3931
4771
4688
4324
3636
2392
918
-59
-925
-2076
-2586
-1988
-1521
-2116
-2814
-2933
-2999
-3341
-3476
-3340
-3174
-3048
-2648
-1844
-760
473
1130
950
278
-150
43
159
6
212
1129
1985
1955
1900
3096
4655
4949
4183
3410
2876
1782
668
509
688
517
132
187
608
1281
2353
3104
3157
2735
1974
980
-11
-333
-92
-55
-236
-512
-762
-776
-497
174
875
1197
1204
923
845
1004
1299
1895
2222
1873
1194
922
697
253
89
158
-242
-1053
-1263
-1438
-2195
-2699
-2364
-2215
-3077
-4032
-4372
-4628
-4906
-4582
-3719
-2871
-2273
-1489
-470
462
1136
1370
1382
1396
1152
498
-116
-154
-25
-306
-513
-416
-217
-169
-45
10
-419
-788
-877
-1090
-1650
-1725
-1177
-1029
-1527
-1781
-1342
-951
-775
-298
142
63
73
518
947
1104
1810
2952
3085
2244
1768
1979
1770
1224
1181
1316
882
381
776
1527
2065
2705
3505
3564
2760
2253
2135
1749
1084
694
501
-175
-879
-896
-559
-318
-77
255
229
-135
-178
34
-48
-58
404
757
443
89
368
812
986
782
644
745
779
552
-137
-910
-1429
-1770
-2380
-3277
-3618
-3347
-3124
-3204
-3199
-2594
-2030
-1878
-1779
-1503
-1027
-845
-672
-465
-439
-216
234
587
447
307
543
536
142
-67
93
91
-177
-225
-126
-220
-241
88
238
-180
-528
-648
-1170
-1805
-1643
-985
-823
-802
-267
167
-11
-73
583
1060
976
889
940
986
983
1190
1385
1396
1365
1251
1169
1369
1756
2036
2289
2623
2772
2702
2665
2564
2284
1842
1220
245
-723
-1149
-1236
-1357
-1376
-936
-474
-253
-89
172
312
236
107
-137
-399
-627
-508
-223
68
455
813
1063
1152
1070
713
293
-93
-522
-1082
-1518
-1647
-1717
-1750
-1663
-1497
-1389
-1361
-1416
-1482
-1474
-1332
-1222
-1260
-1180
-1096
-1144
-1148
-1019
-667
-378
-233
-56
10
149
244
246
253
242
346
271
278
612
808
677
407
233
-156
-688
-779
-628
-655
-740
-637
-552
-584
-366
71
206
190
342
353
103
-26
360
706
643
516
516
639
604
718
1067
1367
1533
1584
1749
1962
2161
2401
2626
2488
1927
1267
613
28
-467
-837
-1054
-1152
-1149
-981
-532
7
346
477
532
432
99
-201
-383
-547
-585
-336
116
484
826
1224
1246
931
579
263
-206
-840
-1151
-1293
-1534
-1560
-1113
-519
-257
-253
-173
-116
-256
-403
-603
-837
-963
-892
-999
-1419
-1491
-1033
-741
-1022
-1075
-598
-277
-419
-474
-196
-10
170
441
578
515
506
520
130
-399
-533
-456
-651
-1049
-1221
-1111
-972
-824
-485
-98
173
318
305
274
202
242
298
124
21
79
381
625
607
839
1283
1567
1523
1456
1657
1703
1481
1343
1352
1299
988
818
893
745
396
108
-17
-203
-457
-387
-28
120
109
210
261
122
-48
-22
-162
-438
-532
-545
-726
-832
-424
0
188
351
649
702
353
79
-160
-617
-1097
-1119
-878
-830
-747
-183
346
499
565
690
617
220
18
-180
-690
-1132
-1118
-1048
-1191
-1050
-483
-109
-217
-203
36
96
-76
-99
-103
-358
-513
-371
-268
-345
-237
61
9
-481
-746
-712
-773
-956
-905
-657
-572
-447
-152
132
287
486
738
701
292
-93
-130
-20
-47
-137
19
479
942
1241
1539
1800
1904
1818
1431
781
163
-35
-45
-325
-559
-259
167
162
177
625
1015
935
721
668
487
122
-39
-86
-284
-386
-284
-318
-587
-647
-401
-346
-471
-395
-196
-106
-30
221
385
269
127
-42
-324
-693
-800
-611
-467
-332
-96
218
421
526
552
491
265
14
-111
-408
-768
-784
-469
-337
-306
15
442
531
482
697
654
243
-19
-106
-466
-885
-808
-607
-735
-902
-703
-480
-514
-585
-587
-583
-588
-607
-686
-696
-453
-136
30
191
332
346
232
156
131
1
71
351
613
668
728
1003
1167
1238
1310
1302
992
539
213
-65
-299
-322
-116
58
111
185
492
745
810
834
710
401
-115
-510
-688
-782
-611
-344
-219
-187
-117
56
157
210
280
145
-164
-378
-493
-550
-413
-107
61
-81
-206
-134
-135
-169
-26
153
170
72
96
126
40
93
154
-19
-400
-592
-586
-764
-861
-597
-330
-346
-181
250
519
451
410
395
6
-362
-426
-398
-545
-584
-292
-202
-472
-624
-452
-246
-243
-247
-66
-2
-62
-87
-122
-128
-52
67
85
50
138
159
-20
-27
187
369
437
577
847
976
958
911
795
624
451
219
4
63
432
762
816
894
1119
1156
937
713
581
381
34
-362
-634
-647
-423
-171
-81
-73
-52
-75
-255
-432
-439
-456
-556
-750
-894
-848
-695
-410
-159
-66
64
141
-30
-278
-261
-1
118
90
235
470
576
539
432
273
65
-64
-264
-550
-621
-410
-302
-518
-559
-193
86
-48
-146
-26
-123
-556
-838
-905
-1102
-1101
-796
-656
-847
-804
-426
-280
-385
-289
-26
-146
-358
-238
10
131
152
152
-31
-224
-210
-197
-236
10
425
572
445
471
750
903
906
838
661
341
102
7
-23
103
376
668
759
873
1085
1317
1466
1461
1349
1041
679
324
123
117
249
389
434
489
522
596
654
550
274
-88
-539
-995
-1228
-1192
-987
-783
-622
-461
-351
-248
-133
-35
-24
-110
-185
-346
-454
-329
-31
248
348
345
303
247
153
22
-173
-300
-388
-539
-629
-569
-419
-372
-324
-203
-172
-317
-495
-650
-889
-1176
-1392
-1563
-1678
-1410
-898
-509
-252
70
355
228
-93
-182
-110
-172
-210
-73
30
56
180
471
586
531
540
555
414
213
216
200
139
220
339
269
122
212
361
229
-3
81
187
137
214
482
768
853
900
896
770
705
704
660
573
562
621
603
539
619
786
806
722
672
561
334
57
-182
-372
-487
-575
-786
-948
-797
-485
-302
-225
-8
209
77
-148
-155
-71
-29
0
55
21
-25
80
234
304
306
267
161
41
-11
-33
-122
-168
-118
-126
-194
-265
-275
-324
-497
-700
-1005
-1317
-1426
-1358
-1167
-939
-662
-371
-207
-129
-146
-162
-12
78
-68
-256
-252
-112
-33
102
393
551
616
672
588
414
238
146
-54
-330
-436
-457
-397
-199
28
107
61
-8
-102
-207
-225
-130
-30
33
77
194
345
464
608
699
670
582
554
550
529
587
714
752
693
673
673
574
460
459
355
31
-247
-276
-284
-374
-312
-105
24
-55
-116
-131
-231
-335
-316
-191
-238
-253
-70
32
45
153
310
322
229
282
364
229
106
117
84
-33
-149
-184
-190
-185
-111
-206
-430
-529
-589
-717
-917
-978
-883
-800
-745
-632
-398
-186
-77
-50
-62
-154
-231
-212
-224
-229
-137
41
151
259
522
772
870
867
770
491
121
-171
-378
-555
-622
-519
-441
-418
-291
-116
-57
-122
-111
-133
-301
-406
-374
-233
-70
171
448
662
839
1007
1069
969
888
789
570
321
276
389
468
533
628
724
616
383
186
-11
-218
-387
-425
-404
-351
-211
-22
53
30
6
-92
-268
-376
-367
-374
-429
-408
-265
-126
-14
175
353
436
477
501
468
371
266
126
-35
-149
-227
-350
-472
-481
-424
-374
-424
-436
-411
-446
-470
-485
-479
-547
-598
-579
-576
-531
-448
-333
-213
-105
-30
-30
-41
97
310
374
385
432
467
438
356
354
336
180
27
-103
-239
-319
-329
-288
-299
-339
-371
-449
-484
-442
-395
-376
-342
-239
-158
-116
78
302
403
473
566
635
578
577
671
601
439
424
506
494
456
575
671
532
407
362
209
-4
-73
68
151
122
195
286
274
200
131
56
-106
-241
-255
-321
-396
-243
-19
95
171
319
483
529
542
531
362
72
-139
-270
-348
-340
-206
-1
74
65
-32
-167
-290
-391
-449
-594
-630
-576
-637
-716
-707
-635
-582
-588
-558
-459
-394
-277
-147
-17
179
301
350
330
303
281
121
-22
-11
23
15
13
96
208
156
-4
-190
-370
-452
-528
-593
-605
-567
-442
-394
-340
-205
-104
-2
45
57
7
-88
-39
75
169
226
282
349
377
434
506
490
405
373
343
291
239
249
364
406
381
368
408
495
570
565
442
288
165
40
-51
-5
107
175
143
129
150
109
162
295
333
270
214
170
81
-49
-116
-105
-147
-161
-146
-144
-142
-116
-22
-19
-122
-220
-314
-420
-490
-540
-569
-567
-550
-460
-393
-382
-341
-274
-222
-268
-333
-361
-289
-67
81
125
155
196
215
193
185
216
256
223
132
-2
-87
-39
17
32
8
-62
-151
-253
-289
-273
-269
-261
-226
-140
-94
-74
-40
-62
-132
-199
-234
-186
-109
28
227
287
293
308
270
233
230
341
421
371
316
285
266
235
272
371
425
396
317
265
223
201
178
157
160
111
2
-76
-26
35
48
65
49
-21
-68
-58
-79
-127
-215
-296
-343
-339
-254
-162
-60
0
-14
-90
-212
-305
-318
-273
-250
-267
-293
-291
-294
-303
-307
-324
-304
-273
-224
-172
-148
-101
-79
-131
-197
-220
-209
-151
-6
184
300
342
353
301
213
137
85
55
45
71
132
213
298
366
413
428
361
222
53
-91
-150
-189
-213
-190
-160
-131
-80
1
87
155
198
187
131
95
112
152
209
255
270
251
243
290
294
276
307
304
252
212
241
300
304
282
254
170
108
105
99
100
97
101
69
-45
-156
-202
-191
-175
-151
-96
-82
-163
-257
-305
-360
-420
-456
-467
-465
-454
-404
-325
-223
-155
-203
-333
-442
-468
-483
-504
-454
-349
-280
-260
-215
-127
-63
-84
-158
-220
-258
-241
-155
-49
65
160
180
119
75
127
179
208
232
243
254
259
284
318
332
364
376
335
255
150
92
40
-27
-40
-45
-78
-107
-42
40
44
94
212
318
361
387
414
385
331
289
301
306
314
376
419
419
385
321
214
145
174
218
243
269
284
223
174
126
43
-1
-25
-6
-45
-115
-109
-113
-134
-164
-179
-164
-172
-182
-174
-226
-319
-370
-404
-430
-422
-318
-206
-219
-192
-101
-88
-144
-224
-306
-430
-555
-581
-624
-637
-514
-376
-351
-423
-388
-322
-379
-393
-330
-267
-272
-300
-203
-125
-159
-123
-16
90
239
387
457
451
416
431
394
285
282
299
256
205
170
110
22
7
33
-2
-3
87
137
104
85
141
140
116
217
391
489
422
384
393
326
286
320
331
302
335
365
355
310
285
320
251
137
95
72
6
-33
2
28
56
90
88
38
-4
-30
-95
-169
-181
-111
-75
-98
-118
-150
-185
-201
-242
-305
-330
-350
-380
-388
-315
-209
-196
-208
-164
-131
-195
-301
-347
-363
-344
-334
-309
-240
-200
-169
-209
-321
-398
-377
-310
-281
-240
-164
-83
-103
-189
-190
-155
-138
-57
138
301
343
349
332
242
155
129
120
159
213
269
214
43
-45
-51
-57
-60
25
131
223
285
282
207
130
125
98
121
210
332
425
424
411
407
381
331
362
416
456
513
519
487
406
314
190
70
27
11
30
20
-2
-54
-131
-199
-291
-314
-239
-163
-126
-86
-81
-104
-147
-259
-341
-367
-316
-195
-100
-27
19
25
-8
-37
-68
-112
-120
-83
-121
-235
-288
-292
-272
-257
-188
-98
-89
-116
-158
-232
-354
-433
-454
-452
-409
-339
-256
-174
-116
-105
-117
-125
-94
-37
5
53
118
158
158
176
192
215
218
229
230
188
151
57
-7
-34
-55
-45
-28
40
99
141
147
119
148
188
198
198
192
175
162
138
142
166
209
312
392
439
462
479
445
366
306
249
178
116
112
59
-22
-92
-149
-179
-241
-252
-223
-156
-84
-47
-15
-48
-87
-124
-168
-187
-152
-94
-47
21
57
84
83
40
6
-38
-77
-92
-88
-117
-126
-87
-90
-151
-168
-137
-170
-227
-291
-311
-314
-303
-224
-175
-174
-186
-121
-124
-170
-131
-115
-127
-155
-130
-63
9
40
84
170
191
155
81
40
0
-19
7
15
6
-16
-15
-34
-78
-80
-51
-57
-51
4
29
-13
-93
-106
-94
-126
-130
-46
113
224
304
365
361
317
267
263
244
218
283
338
304
300
347
325
245
180
132
55
-59
-160
-192
-189
-191
-186
-203
-220
-204
-160
-122
-97
-49
-12
15
4
-23
-5
14
27
37
22
5
36
56
34
57
98
91
44
5
16
45
12
-47
-78
-109
-145
-155
-161
-154
-85
-75
-118
-135
-96
-7
21
6
7
1
-39
-85
-126
-131
-85
-45
14
52
115
163
132
94
65
42
-25
-87
-81
-37
-14
15
55
27
14
11
-12
-52
-84
-76
-91
-115
-80
-44
-90
-117
-94
-107
-136
-112
-48
-5
64
122
111
37
-42
-50
-61
-78
3
119
189
236
253
227
133
39
-8
-62
-87
-82
-54
-15
16
75
116
115
90
61
55
46
31
33
59
45
14
22
35
32
44
76
47
16
13
0
-12
1
41
37
9
16
72
104
117
154
142
102
89
89
90
98
131
155
129
124
164
163
147
143
110
38
-47
-101
-111
-71
-29
5
34
40
18
-53
-123
-137
-157
-192
-205
-226
-230
-201
-172
-131
-76
-33
-27
-58
-100
-129
-163
-200
-191
-171
-165
-135
-72
-35
-35
-36
-42
-74
-101
-103
-101
-89
-63
-80
-112
-73
-15
27
81
126
136
99
64
31
-44
-101
-90
-51
-25
18
99
123
118
174
181
105
33
21
32
2
10
73
130
167
200
210
132
17
-30
-85
-153
-143
-88
-23
-12
9
67
62
54
88
148
169
140
132
131
99
68
106
145
137
167
202
166
104
61
19
-56
-111
-82
-67
-105
-105
-48
-5
9
40
56
29
-12
-57
-137
-232
-252
-226
-189
-145
-86
-23
-11
-41
-55
-75
-134
-186
-207
-204
-165
-138
-138
-111
-81
-71
-54
-48
-49
-21
-21
-54
-93
-113
-49
7
53
145
197
200
174
164
166
150
135
125
109
70
34
22
18
-12
-41
-56
-45
-8
23
49
42
18
-25
-44
-42
-18
67
123
137
109
77
48
-15
-48
-21
25
32
53
91
105
126
140
125
102
114
127
116
76
51
48
24
-17
-31
-18
-36
-60
-114
-181
-226
-265
-250
-219
-192
-142
-90
-96
-131
-118
-105
-73
-37
-14
16
-3
-50
-81
-114
-169
-170
-115
-70
-16
55
86
72
43
28
34
3
-1
12
4
-19
-72
-81
-87
-71
-13
-3
-22
-54
-80
-68
-50
-12
68
123
160
191
215
201
155
174
210
233
224
248
283
199
152
142
121
125
156
202
219
220
218
212
153
85
57
11
-67
-90
-88
-83
-52
-70
-40
-19
3
27
-4
9
-27
-37
-62
-73
-37
-32
36
47
40
28
14
-14
-116
-152
-134
-181
-233
-259
-277
-239
-231
-219
-257
-271
-194
-207
-258
-272
-190
-146
-168
-155
-142
-120
-101
-84
-107
-116
-107
-148
-172
-140
-121
-78
-42
6
60
28
62
-26
-128
-148
-192
-146
-231
-210
-121
-101
29
105
226
291
314
340
268
261
276
283
262
274
351
352
370
411
371
317
225
183
131
4
13
-9
-46
-25
6
111
112
133
198
171
163
111
78
51
14
50
15
12
56
97
153
166
235
229
163
134
25
-53
-134
-209
-256
-274
-143
-99
-108
-63
-82
-100
-175
-218
-246
-342
-307
-284
-305
-258
-180
-84
-94
-65
22
-22
-57
-75
-93
-117
-149
-113
-157
-209
-181
-158
-175
-176
-77
-25
-44
-21
32
63
37
45
82
71
142
191
158
157
129
103
36
-3
70
123
188
249
284
313
307
250
172
125
93
46
-4
-21
14
80
165
248
257
252
216
147
99
33
43
39
37
77
96
116
96
79
46
5
-30
-52
-66
-103
-112
-128
-162
-145
-114
-75
-92
-129
-118
-186
-232
-274
-306
-252
-225
-151
-132
-128
-98
-140
-171
-202
-253
-327
-315
-301
-305
-276
-226
-142
-97
-8
8
-27
-88
-176
-235
-319
-336
-333
-285
-212
-119
-13
24
67
63
56
17
-29
-28
-58
-50
-43
1
96
197
296
355
396
403
369
298
267
258
233
257
253
259
252
239
308
352
407
412
416
399
269
182
64
-27
-75
-78
-27
31
179
275
342
411
461
436
309
219
130
-11
-160
-148
-80
-27
78
163
254
284
298
239
123
74
-17
-163
-270
-281
-269
-263
-219
-174
-157
-129
-75
-82
-91
-117
-213
-316
-413
-443
-456
-445
-397
-336
-315
-296
-192
-137
-96
-64
-42
-46
-124
-153
-175
-184
-188
-259
-313
-382
-384
-371
-423
-365
-291
-255
-236
-169
-48
-56
-91
-103
-150
-200
-236
-208
-137
-48
53
126
183
275
309
274
255
254
220
177
220
268
311
308
277
261
217
221
181
148
177
193
176
188
294
330
301
289
264
163
44
62
72
39
83
146
156
150
224
269
229
229
184
64
21
56
78
46
69
125
103
66
65
70
53
36
-4
-67
-83
-98
-135
-160
-173
-194
-252
-265
-237
-233
-227
-218
-205
-220
-256
-247
-226
-208
-195
-183
-171
-162
-136
-133
-122
-72
-56
-105
-148
-156
-162
-244
-306
-253
-249
-235
-191
-163
-91
-73
-59
-57
-47
7
-15
-65
-88
-60
-29
-11
94
194
238
297
336
357
320
233
174
115
103
121
127
145
145
113
45
43
128
157
152
190
226
181
157
195
169
140
98
29
-10
-5
69
75
44
141
210
190
218
281
284
199
115
61
-10
-15
51
68
78
100
90
56
87
144
117
48
-38
-95
-196
-282
-291
-323
-314
-279
-193
-103
-54
5
33
66
85
75
13
-51
-113
-234
-293
-300
-262
-183
-123
-77
-52
-55
-121
-176
-219
-242
-266
-305
-278
-201
-127
-87
-30
33
48
29
42
101
124
106
39
-21
-26
1
48
71
101
110
38
-38
-50
-21
12
31
66
105
112
102
106
97
62
56
9
-12
9
-9
23
64
110
158
165
200
224
212
169
115
69
51
77
105
147
178
164
119
69
60
54
50
111
157
151
116
76
32
-27
-60
-75
-106
-165
-178
-179
-175
-107
-66
-54
-44
-21
6
8
25
45
23
-36
-39
16
68
97
88
59
-25
-100
-130
-143
-113
-115
-159
-206
-258
-301
-320
-292
-242
-196
-147
-102
-89
-98
-107
-134
-168
-175
-168
-184
-175
-141
-99
-52
-37
-13
16
43
89
119
142
166
165
145
139
118
101
92
69
34
-18
-36
13
81
163
233
215
142
32
-80
-127
-126
-74
-22
23
103
157
169
180
166
90
-31
-95
-79
-43
-14
42
122
162
191
212
223
231
190
125
40
1
32
48
57
69
43
-15
-74
-102
-81
-37
3
44
76
122
145
133
117
56
-26
-101
-131
-126
-113
-61
-10
3
-42
-67
-49
-87
-129
-171
-199
-211
-205
-144
-117
-81
-10
21
3
-10
34
48
41
88
124
103
48
-16
-67
-105
-117
-107
-100
-57
-5
11
22
25
40
8
-43
-60
-64
-34
-15
30
79
81
59
33
34
35
53
66
72
99
106
103
117
102
89
101
81
76
82
89
76
19
4
-28
-70
-80
-77
-47
-42
-19
14
0
-58
-116
-149
-183
-211
-220
-196
-159
-136
-111
-67
-7
35
61
63
75
84
91
122
142
167
166
131
112
96
67
47
28
-12
-51
-66
-77
-62
-41
-63
-95
-140
-150
-154
-165
-144
-175
-197
-207
-207
-165
-135
-97
-77
-65
-38
-20
-6
36
71
97
120
121
143
163
182
197
192
195
166
129
87
60
32
-20
-13
4
15
39
40
51
30
-7
-20
-42
-61
-62
-53
-24
21
47
52
44
37
23
-7
-4
33
56
55
70
86
91
90
85
86
60
33
11
-17
-5
-9
-33
-38
-53
-82
-106
-82
-43
-49
-70
-77
-101
-149
-166
-164
-187
-176
-150
-111
-51
2
67
81
72
74
29
-6
-8
-6
-36
-79
-75
-68
-53
-15
2
3
-13
-19
-40
-77
-94
-122
-148
-159
-147
-120
-105
-86
-71
-49
-47
-66
-72
-64
-56
-58
-37
19
75
108
128
135
111
74
62
63
90
140
183
257
324
377
409
356
266
121
-42
-171
-228
-193
-120
21
169
322
460
490
451
341
146
-106
-359
-512
-540
-475
-304
-57
190
402
511
533
462
287
67
-175
-370
-482
-497
-428
-267
-56
134
292
349
363
321
199
61
-101
-231
-329
-369
-309
-231
-129
5
98
129
114
76
12
-79
-168
-241
-286
-304
-282
-234
-191
-137
-91
-76
-80
-74
-55
-57
-74
-63
-54
-64
-100
-136
-144
-146
-122
-85
-12
95
201
274
311
328
287
205
103
28
-3
-36
-39
-9
50
105
134
156
175
182
163
147
122
77
20
-36
-51
-34
-20
-6
36
79
107
140
159
175
175
165
145
99
78
77
67
71
95
134
178
206
216
203
147
74
3
-62
-93
-120
-118
-76
-62
-60
-68
-81
-100
-141
-169
-204
-246
-291
-308
-289
-252
-192
-152
-142
-144
-140
-147
-165
-166
-152
-128
-105
-79
-34
1
11
8
-30
-109
-167
-189
-204
-199
-173
-137
-103
-83
-58
-33
-10
-11
-31
-51
-83
-86
-69
-42
-15
-11
-1
6
18
72
131
175
218
244
251
240
213
210
207
172
169
167
140
148
154
141
118
95
102
100
105
145
170
184
175
146
135
116
98
80
61
53
48
59
89
110
136
157
169
171
158
131
101
82
51
38
36
26
32
41
45
43
40
32
6
-39
-91
-139
-178
-230
-236
-218
-218
-207
-192
-159
-134
-144
-158
-187
-222
-233
-243
-243
-240
-224
-199
-203
-188
-162
-147
-148
-158
-164
-174
-171
-162
-143
-109
-74
-22
6
13
25
24
-6
-54
-80
-98
-119
-101
-46
19
69
102
134
119
74
60
24
-9
-17
-8
15
28
74
120
140
153
166
177
161
152
159
159
168
177
203
253
309
358
381
381
353
267
151
48
-38
-83
-90
-28
82
208
349
436
442
380
250
80
-102
-245
-314
-339
-300
-194
-76
41
149
230
229
161
80
-32
-129
-201
-238
-238
-212
-145
-67
12
71
110
101
46
-5
-70
-133
-198
-262
-304
-324
-319
-302
-267
-234
-223
-200
-179
-179
-180
-178
-180
-188
-222
-226
-206
-192
-155
-129
-101
-67
-28
30
81
109
136
149
104
74
73
74
70
78
98
102
121
139
161
163
138
100
35
15
15
30
73
99
121
121
117
142
141
115
111
108
98
104
122
153
172
185
190
171
165
175
183
167
160
171
156
153
145
142
118
76
47
-2
-1
4
-6
21
38
54
52
39
29
-8
-67
-137
-198
-227
-238
-218
-186
-156
-117
-101
-91
-90
-119
-148
-183
-212
-229
-235
-216
-195
-185
-170
-145
-126
-126
-125
-113
-107
-119
-127
-118
-122
-112
-86
-73
-75
-62
-56
-77
-56
-3
17
15
42
63
60
68
56
38
6
-22
-19
-13
15
49
76
104
108
107
110
105
98
93
78
55
49
70
85
103
134
153
158
154
155
144
113
84
49
8
6
46
83
118
173
218
215
210
204
157
102
37
-30
-56
-59
-55
-19
21
50
71
58
51
34
-18
-50
-74
-100
-109
-97
-82
-81
-82
-71
-55
-71
-70
-54
-65
-87
-94
-107
-147
-156
-161
-170
-167
-164
-149
-143
-126
-123
-127
-124
-130
-116
-106
-89
-57
-50
-61
-66
-83
-108
-95
-81
-78
-56
-15
28
56
74
98
99
70
52
16
-11
-3
1
30
56
67
86
81
77
67
54
42
32
31
14
10
24
37
38
56
83
90
90
107
124
112
116
135
143
149
169
183
182
184
156
113
81
60
50
45
53
67
70
66
75
80
58
36
1
-49
-73
-94
-111
-88
-66
-37
-7
3
9
-6
-43
-82
-116
-155
-167
-174
-177
-143
-114
-79
-47
-32
-20
-27
-41
-57
-76
-85
-104
-104
-103
-122
-115
-113
-126
-104
-73
-59
-44
-13
23
22
9
3
-20
-55
-74
-78
-74
-45
-9
8
30
60
83
71
38
18
-5
-33
-36
-22
5
30
56
73
75
91
93
90
87
85
98
111
132
146
142
126
93
79
53
34
54
56
81
105
110
120
98
76
47
7
-14
-44
-58
-57
-45
-17
-18
0
20
6
8
-13
-41
-41
-67
-77
-62
-45
-27
-34
-24
-19
-42
-53
-72
-91
-113
-122
-107
-106
-106
-100
-100
-100
-112
-121
-126
-128
-126
-128
-121
-98
-78
-63
-53
-30
-10
-6
1
11
14
18
24
32
42
39
39
28
24
27
21
10
12
27
24
33
53
51
62
82
84
85
96
104
90
83
90
97
100
100
113
125
121
123
107
89
110
105
98
99
75
77
56
41
43
17
22
29
26
35
46
73
69
59
54
31
12
-16
-11
-21
-38
-25
-19
-5
-13
-22
-15
-43
-42
-38
-65
-69
-92
-111
-124
-151
-155
-161
-155
-149
-136
-108
-99
-94
-98
-105
-106
-123
-116
-105
-106
-96
-92
-80
-70
-68
-50
-44
-29
-14
-16
-21
-29
-26
-41
-58
-63
-75
-71
-47
-25
-17
-4
6
10
12
20
30
23
25
25
32
49
66
93
105
122
142
137
135
128
132
133
117
125
129
115
101
114
108
80
98
99
88
100
84
94
98
82
94
72
56
65
59
76
85
83
84
81
70
54
63
47
19
12
-8
-10
-21
-43
-52
-58
-65
-76
-71
-64
-77
-86
-82
-81
-84
-82
-83
-79
-74
-81
-77
-58
-57
-72
-82
-86
-97
-119
-128
-127
-128
-120
-129
-122
-111
-120
-111
-108
-128
-135
-125
-123
-102
-74
-55
-28
-17
-5
19
13
5
17
8
10
33
29
45
77
77
84
87
92
106
118
140
115
105
114
82
78
94
95
95
92
104
105
99
92
65
63
68
57
60
77
97
100
103
104
98
98
77
73
74
36
29
38
29
40
40
32
39
27
11
6
7
8
1
-23
-26
-16
-56
-68
-57
-91
-82
-72
-85
-75
-80
-81
-73
-88
-103
-111
-122
-152
-165
-168
-177
-157
-147
-137
-108
-103
-93
-78
-92
-97
-92
-109
-111
-106
-116
-87
-66
-68
-24
-7
-12
4
-11
-12
-6
-34
-38
-30
-30
-20
-4
28
46
39
56
50
54
57
33
69
70
51
84
82
89
96
72
94
118
82
67
101
87
94
117
76
144
152
42
131
141
77
131
71
83
134
60
75
91
46
22
18
30
9
6
-2
1
15
-23
-6
5
-14
4
-6
0
-4
-33
-24
-33
-43
-42
-37
-12
-15
-5
5
-17
-33
-48
-65
-77
-97
-107
-82
-87
-94
-87
-97
-102
-106
-125
-138
-130
-133
-142
-133
-132
-136
-142
-127
-100
-105
-103
-80
-69
-60
-55
-40
-14
-12
-17
-4
25
28
34
73
79
74
67
57
77
73
51
57
59
55
49
50
71
80
71
64
67
61
36
39
48
37
33
50
56
50
74
75
77
84
54
72
77
52
64
55
54
47
44
60
50
60
68
66
76
74
63
52
55
36
28
40
19
19
27
20
34
29
17
11
-16
-35
-55
-84
-84
-100
-124
-126
-129
-133
-119
-105
-106
-108
-106
-97
-93
-90
-88
-73
-51
-50
-35
-14
8
19
14
31
32
38
25
-1
16
-5
-21
-9
-24
-26
-40
-41
-43
-53
-54
-58
-35
-30
-36
-1
17
8
17
23
27
32
31
40
56
75
86
97
108
119
116
106
103
80
74
82
61
66
60
50
61
40
40
40
18
23
6
-8
10
3
-5
7
4
-6
15
15
0
23
16
-5
-5
-15
-15
-6
-7
-15
-13
-5
4
13
-3
-6
6
-7
-37
-39
-31
-42
-43
-39
-31
-28
-47
-47
-43
-64
-80
-88
-96
-100
-103
-102
-81
-74
-88
-82
-82
-83
-74
-73
-67
-57
-50
-43
-35
-27
-10
7
5
18
34
29
47
51
39
58
51
47
58
52
55
55
52
38
27
25
1
8
17
-8
-5
-2
-12
-3
-9
-16
-14
-15
-17
-15
2
6
17
35
43
69
56
52
77
60
66
78
63
81
87
79
79
58
37
23
21
6
-4
3
-8
-6
-10
-25
-30
-33
-44
-42
-36
-28
-23
-26
-15
-30
-34
-18
-27
-24
-29
-31
-43
-48
-37
-45
-38
-31
-36
-26
-32
-28
-14
-21
-19
-21
-22
-15
-7
-4
-9
-4
-6
-10
-20
-40
-30
-30
-44
-24
-19
-25
-19
-7
1
-14
-17
-15
-12
-12
-23
-2
1
4
24
38
56
56
55
66
72
64
53
56
69
56
51
67
71
70
61
47
42
31
24
24
27
19
2
9
13
-2
-7
-11
-17
-24
-8
0
2
7
-1
4
9
2
-3
-2
-10
-12
-3
-6
-3
12
13
29
39
22
13
-1
-5
0
-23
-22
-11
-22
-18
-17
-11
-3
-20
-26
-26
-41
-45
-46
-48
-49
-56
-48
-41
-38
-21
-10
-12
1
5
3
-2
-16
-13
-7
-1
0
1
18
35
36
36
37
31
14
-2
-8
2
-2
-8
7
4
4
8
12
20
9
1
3
7
8
14
26
22
24
30
29
33
42
46
51
59
53
39
43
38
29
40
24
19
40
34
31
23
1
3
2
-9
-13
-20
-26
-25
-32
-35
-29
-43
-47
-51
-68
-60
-51
-56
-50
-39
-39
-32
-27
-33
-22
-28
-32
-20
-28
-20
-12
-11
-19
-28
-11
-11
-20
-14
-14
-14
-18
-20
-14
-19
-19
-20
-26
-20
-18
-21
-22
-29
-35
-39
-45
-40
-40
-49
-46
-45
-32
-34
-38
-17
-22
-32
-26
-22
-17
-8
-3
12
38
52
56
78
85
66
72
74
65
64
61
66
69
68
63
65
62
48
41
26
8
10
-3
-12
-5
-30
-27
-29
-51
-23
-16
-27
-6
-15
-20
0
-15
-20
-4
0
6
17
32
35
23
23
21
11
15
10
12
20
6
4
9
11
6
-2
-18
-25
-23
-30
-30
-33
-27
-20
-23
-15
-14
-24
-26
-32
-37
-41
-45
-33
-28
-37
-37
-38
-34
-27
-25
-18
-11
-5
3
18
24
19
18
16
13
15
22
17
14
7
1
6
3
-5
4
11
3
13
18
18
20
4
16
17
-1
12
18
12
26
36
37
43
40
36
29
22
18
15
22
27
40
38
35
38
31
37
38
35
31
40
52
40
40
31
14
14
-6
-9
4
-8
13
17
9
25
2
-7
0
-12
-8
-3
-3
12
20
15
22
23
25
21
8
6
3
-2
-2
3
4
-11
-21
-25
-36
-39
-42
-47
-42
-35
-36
-41
-28
-32
-44
-27
-34
-37
-23
-24
-23
-19
-19
-32
-29
-17
-29
-21
-10
-10
-3
2
6
6
5
-5
-13
-15
-21
-8
-8
-10
-4
-13
-22
-18
-14
-13
-10
-16
-10
4
14
19
10
12
19
12
19
13
9
21
19
30
37
43
60
49
40
42
21
17
18
-3
2
9
10
18
18
22
25
20
20
24
11
14
8
-10
-4
-18
-24
-13
-13
-10
-3
-2
1
-1
-7
-9
-18
-21
-19
-21
-23
-21
-19
-24
-25
-21
-24
-31
-22
-15
-19
-22
-28
-29
-29
-32
-32
-33
-33
-27
-33
-33
-26
-39
-42
-41
-41
-34
-37
-34
-32
-37
-29
-29
-30
-22
-25
-23
-20
-22
-15
-4
14
18
11
18
12
11
25
19
17
17
20
33
48
63
48
39
35
23
21
13
18
24
28
37
30
33
38
32
27
17
24
32
22
30
32
31
39
23
24
33
20
24
25
28
32
24
31
32
22
25
20
8
7
3
0
8
1
-5
-4
-20
-22
-23
-39
-29
-20
-31
-21
-17
-21
-21
-27
-25
-31
-37
-35
-31
-24
-20
-12
-14
-19
-16
-24
-26
-20
-15
-17
-17
-2
-7
4
19
7
17
17
17
15
11
11
9
10
5
7
-1
-1
9
4
0
-4
-13
-13
-3
-3
0
-1
-5
0
5
17
21
18
22
23
35
37
33
42
42
43
44
45
43
53
54
39
38
27
27
26
19
22
17
27
27
19
24
17
5
-5
-7
3
0
-5
2
-5
-2
-6
-11
-2
-9
-9
-11
-13
-3
-8
-10
-11
-11
-10
-15
-17
-17
-16
-13
-21
-23
-13
-23
-29
-31
-34
-26
-22
-20
-18
-25
-27
-27
-28
-37
-35
-25
-30
-26
-22
-28
-18
-28
-25
-15
-22
-7
-5
-8
-7
-18
-18
-13
-13
-15
-6
5
11
23
22
25
34
32
29
24
16
15
24
20
25
16
20
34
30
42
46
40
45
49
43
38
27
21
24
22
24
8
14
16
3
17
12
14
25
22
12
7
12
4
-5
-7
-6
-4
-9
1
8
3
2
-5
-6
-7
-21
-15
-19
-35
-33
-44
-48
-35
-40
-34
-30
-32
-23
-21
-16
-17
-27
-22
-30
-31
-32
-43
-30
-29
-30
-28
-31
-21
-16
-22
-21
-14
-16
-17
-10
-1
0
-11
-12
-7
-5
-5
-3
7
7
4
6
-2
-3
12
6
1
4
7
10
-3
1
6
9
15
15
21
28
26
17
9
17
19
5
0
4
-2
3
7
8
16
14
8
17
26
16
11
8
1
3
22
27
11
13
22
20
22
17
9
7
-4
-8
-15
-16
-14
-19
-7
-7
-21
-26
-26
-33
-33
-34
-32
-28
-30
-18
-11
-8
-1
-5
-12
-7
-10
-13
-1
-1
-1
-6
0
16
17
12
2
-14
-20
-18
-17
-15
-12
-13
-11
-10
-11
-11
-11
-8
-5
-8
-4
3
-2
6
15
18
22
21
25
26
17
12
8
14
21
11
10
15
12
17
21
16
14
19
23
16
16
11
1
1
-1
-2
5
13
12
12
14
20
18
8
4
2
-2
-9
-15
-16
1
18
12
16
16
14
18
17
12
-1
-4
-3
-8
-8
-2
-4
-15
-5
-6
-12
-10
-16
-21
-29
-34
-35
-29
-21
-27
-28
-24
-20
-17
-27
-23
-22
-30
-19
-16
-13
-9
-14
-19
-23
-10
-5
-21
-18
-14
-6
0
0
12
9
13
13
4
11
18
18
17
14
12
10
9
4
-7
-1
-2
-1
3
-4
5
-4
-6
12
1
1
6
0
6
12
14
18
21
24
19
15
16
14
22
22
21
33
32
35
44
31
21
26
21
23
27
18
23
23
11
-2
6
-2
-14
-2
-8
-11
-12
-12
-17
-24
-23
-22
-20
-30
-30
-34
-35
-19
-20
-19
-20
-17
-11
-26
-24
-9
-10
-8
-4
-11
-22
-19
-21
-31
-27
-23
-18
-19
-12
-4
-17
-15
-21
-24
-17
-22
-23
-30
-22
-10
-15
-6
-11
-10
3
-13
-13
-8
-15
-4
-12
-12
0
14
28
21
23
19
15
32
30
30
27
25
36
19
14
22
26
22
6
18
27
16
18
17
0
-2
3
-2
-6
-5
-16
-23
-11
-5
-3
11
18
11
8
22
20
16
23
17
18
8
6
13
13
14
4
12
21
20
11
-1
-1
-10
-16
-12
-18
-16
-17
-24
-29
-34
-32
-28
-28
-28
-27
-26
-20
-18
-21
-29
-33
-33
-26
-15
0
2
-8
4
13
9
18
20
13
12
17
13
17
23
25
24
17
30
29
19
23
7
-7
-4
-5
10
10
3
10
0
0
9
5
11
17
17
21
30
28
25
21
22
26
22
24
21
18
20
24
30
32
41
42
35
33
32
28
22
17
11
12
15
13
17
19
7
-11
-13
-4
-13
-18
-21
-31
-30
-28
-21
-10
-7
-16
-31
-32
-22
-23
-29
-26
-27
-36
-36
-13
0
1
7
11
16
19
23
29
20
17
7
-6
-6
-5
-1
-17
-21
-21
-32
-32
-30
-18
-21
-32
-32
-43
-38
-27
-24
-19
-21
-20
-14
-2
6
9
11
7
19
31
31
32
16
15
22
12
17
16
10
15
13
12
13
15
13
11
16
8
1
-6
-23
-16
-17
-21
-13
-12
-8
-4
-9
-15
-6
-11
-25
-12
-14
-10
-9
-16
1
4
9
12
16
33
21
19
24
17
22
28
19
11
13
12
17
11
1
0
-14
-20
-18
-26
-32
-35
-27
-27
-29
-19
-20
-22
-25
-22
-14
-20
-9
-9
-12
-12
-21
-12
-1
-5
-12
0
-1
-8
-2
-4
4
8
5
3
1
11
3
-9
-11
-11
-8
-15
-5
-2
-18
-18
-10
-11
-15
-8
-2
-5
-13
-19
-21
-19
-13
-13
-13
-3
9
6
16
21
20
32
21
20
26
33
43
39
36
36
36
31
33
37
23
28
20
-4
-8
-13
-6
-10
-14
-3
-16
-14
-4
-10
-8
-8
-1
-10
-24
-14
-16
-13
-1
6
9
6
7
7
12
29
27
13
6
19
17
12
20
-1
-11
-4
-1
6
6
-3
-14
-18
-5
-6
-9
-14
-25
-26
-31
-31
-34
-37
-35
-44
-32
-22
-20
-7
-15
-20
-6
-5
-1
11
20
30
26
22
31
30
29
41
38
29
39
35
30
43
35
25
21
14
13
12
9
2
-9
-10
-7
-9
-13
-18
-15
-10
-11
-8
3
3
3
4
1
10
9
4
12
22
22
27
30
18
15
20
13
8
12
15
19
13
12
10
10
12
10
4
-9
-19
-21
-14
-17
-17
-17
-30
-28
-25
-33
-41
-34
-29
-42
-36
-27
-26
-16
-21
-13
2
1
7
11
16
18
22
29
29
34
40
39
34
26
24
21
7
-7
-13
-7
-11
-13
-21
-36
-27
-21
-31
-25
-17
-24
-19
-10
-17
-28
-22
-16
-11
-4
-3
11
18
25
24
9
13
17
28
22
20
27
10
11
15
10
12
3
-1
-4
-10
-15
-20
-11
-13
-12
-10
-28
-18
-25
-36
-21
-36
-30
-28
-35
-23
-15
-4
-2
3
9
5
10
21
26
22
28
31
29
34
34
35
35
23
19
15
13
15
1
-8
-14
-24
-33
-44
-42
-43
-40
-44
-47
-27
-27
-22
-13
-16
0
2
-2
8
12
19
14
11
18
14
10
19
18
10
19
22
14
16
24
17
7
8
-4
-16
-22
-32
-20
-26
-27
-15
-34
-34
-34
-37
-35
-38
-38
-40
-46
-38
-21
-22
-18
-17
-20
-17
-12
-8
3
27
24
20
37
31
27
39
35
35
38
21
22
30
23
17
7
6
9
7
3
-8
-5
-11
-12
-8
-17
-23
-29
-33
-28
-24
-21
-20
-17
-16
-13
2
8
6
5
13
25
19
14
16
16
21
21
14
20
24
22
19
17
16
7
-4
-2
-5
-15
-17
-17
-13
-14
-25
-29
-29
-24
-28
-29
-28
-40
-33
-21
-11
6
13
4
11
21
19
23
23
38
53
39
40
58
59
48
50
36
29
27
17
11
-2
1
5
5
2
-16
-14
-5
-7
-14
-20
-16
-21
-24
-15
-14
-9
-6
-7
6
4
6
14
12
13
12
11
12
19
18
10
21
24
20
25
22
23
26
6
-4
6
-5
-12
0
4
5
3
-18
-24
-20
-25
-17
-29
-38
-35
-30
-23
-27
-14
-7
-6
-6
-11
-1
1
0
1
-9
-2
19
25
39
42
32
34
25
22
31
34
29
23
22
21
17
14
17
8
-7
-5
0
-11
-22
-17
-27
-29
-16
-15
-24
-21
-9
0
0
-10
-9
-11
-20
-10
-1
1
7
12
26
37
40
31
26
23
15
12
-3
-1
9
8
12
8
7
18
5
-1
0
-15
-22
-23
-14
-25
-29
-19
-34
-27
-18
-18
0
-4
-16
-9
0
1
0
5
9
11
20
31
27
15
16
21
28
31
19
14
21
26
19
17
14
14
23
21
15
19
9
-7
-5
-1
-9
-11
-11
-22
-17
-14
-23
-25
-31
-26
-35
-40
-36
-32
-20
-14
-12
-7
2
-1
-3
7
10
20
12
-8
6
16
18
29
24
8
6
9
11
9
-3
-23
-23
-19
-27
-30
-38
-30
-23
-36
-32
-26
-28
-25
-32
-32
-28
-23
-18
-8
-8
-12
-4
-3
-7
4
16
10
10
22
21
19
24
23
25
25
22
19
10
4
10
17
9
3
7
9
10
1
1
-2
-15
-7
-11
-23
-13
-8
-13
-20
-16
-7
-5
-14
-22
-15
-7
-9
-7
0
2
5
14
27
23
21
17
6
11
12
17
10
2
1
-8
2
4
-1
-6
-9
-11
-22
-17
-6
-17
-29
-23
-13
-14
-19
-19
-19
-11
-2
3
19
16
7
15
15
19
29
27
24
24
13
10
27
23
20
19
8
8
6
4
-4
-5
7
-3
-2
-8
-15
-15
-18
-18
-24
-28
-23
-21
-24
-24
-21
-8
2
1
4
10
14
19
21
19
15
1
3
9
10
15
9
4
16
21
12
16
9
-6
-9
-15
-14
-15
-17
-20
-21
-11
-12
-12
-6
-5
1
5
-4
-2
1
-1
6
7
15
12
4
22
27
25
27
18
23
28
18
23
30
25
21
24
21
13
19
20
12
7
-9
-18
-2
0
-4
4
-1
-8
-6
-9
-6
-5
-8
-10
-20
-19
-12
-10
0
2
3
13
9
2
10
11
10
6
3
1
0
8
11
11
3
1
6
6
2
-3
-8
-21
-29
-27
-16
-4
-4
-2
0
-6
-2
2
0
-4
-6
-8
-15
-15
-6
-1
-2
-6
-8
-10
0
8
-1
7
8
1
-2
-2
-6
-12
-8
-6
-5
-8
-6
-8
-9
-6
-9
2
5
1
2
-5
-10
-13
-14
-14
-25
-28
-17
-18
-26
-5
-4
-26
-8
-6
-14
-8
-7
-9
-11
-2
-6
-11
-4
-8
-1
2
-12
-12
-15
-18
-14
-21
-13
-7
-9
-6
-11
-9
1
1
-8
-7
2
5
3
4
13
9
8
7
11
17
8
9
14
12
7
6
14
13
16
16
9
4
-3
-3
5
6
5
2
-1
4
-5
1
-5
-10
2
-4
2
-4
-10
3
-4
-7
3
4
-9
-6
-5
-18
-2
-1
-10
1
-14
-10
-11
-12
2
-16
-11
-7
-17
-15
-12
-6
-12
-9
-8
-21
-11
4
5
0
-8
-3
-2
1
10
5
3
2
-3
-3
2
-2
-3
8
6
-6
-7
-8
-13
-8
-6
-7
-2
-9
-10
-10
-14
-10
-17
-23
-17
-10
-9
-5
6
5
6
9
7
8
1
3
15
16
11
14
19
20
28
33
27
16
14
19
18
11
4
2
3
4
9
7
8
12
6
8
11
5
4
3
-2
6
8
-1
5
10
4
5
7
4
2
6
2
-6
-7
-8
0
3
6
2
-5
-5
-10
2
1
3
4
-5
1
-11
-3
13
0
5
-3
-8
10
10
10
15
15
15
11
9
0
-4
0
-1
4
13
12
5
-1
0
-8
-15
-7
-11
-12
3
1
-5
3
-1
-11
-17
-20
-16
-6
-4
0
19
20
11
21
9
-8
-4
-2
5
14
23
30
15
2
10
5
-2
-3
4
11
12
18
3
-8
-10
-26
-22
-20
-16
-8
-12
-3
-10
-25
-21
-28
-27
-16
-16
-6
7
18
17
8
1
-4
-2
-9
-11
-1
5
-1
-1
13
2
-10
-10
-6
0
8
23
26
20
22
22
12
3
5
-3
-10
0
9
18
9
4
-3
-7
2
-9
-3
4
1
10
7
1
3
5
12
6
-3
-2
-8
1
12
7
8
9
6
1
-8
-16
-15
-16
-14
-4
-9
-15
-8
-13
-26
-21
-20
-16
-1
5
11
9
-2
-22
-36
-41
-34
-3
13
18
28
17
7
-4
-9
-16
-17
4
11
26
40
31
23
9
-4
-20
-31
-16
3
21
21
5
3
-7
-18
-25
-23
-15
-18
-15
-9
-10
-18
-19
-12
-15
-7
10
5
0
-8
-20
-24
-20
4
25
48
59
55
41
12
-5
-21
-28
-9
25
55
67
65
37
-7
-42
-68
-61
-38
-14
19
40
30
13
-10
-49
-71
-66
-52
-26
16
50
57
46
21
-17
-42
-49
-45
-21
20
58
72
73
58
8
-20
-35
-34
-6
19
39
55
59
44
24
10
2
-5
-2
-4
-2
15
25
24
14
6
2
-2
15
17
0
-11
-28
-29
-17
-9
8
12
20
16
-1
-1
-25
-35
-16
-8
4
-1
-8
-19
-34
-38
-48
-29
-2
-3
3
-8
-28
-26
-27
-27
-13
5
9
20
35
18
-9
-38
-41
-17
9
30
37
38
22
0
-21
-37
-26
-1
35
63
72
62
23
-12
-41
-61
-50
-25
9
41
46
27
-10
-43
-66
-82
-75
-47
-8
24
41
28
0
-15
-32
-45
-38
-13
20
42
45
40
14
-4
-2
-3
13
14
22
37
17
4
9
1
-2
8
29
32
30
23
1
-20
-40
-46
-36
-10
11
27
43
25
-7
-19
-40
-60
-43
-14
17
31
26
28
9
-18
-33
-37
-25
-4
27
55
74
70
40
-4
-38
-51
-43
4
52
83
100
77
26
-18
-46
-64
-58
-24
16
46
68
75
50
0
-49
-76
-81
-48
-5
28
47
53
45
14
-20
-43
-42
-27
-11
13
21
24
28
30
18
-2
-15
-34
-54
-48
-21
10
24
40
50
27
-3
-28
-56
-69
-54
-28
11
53
62
62
40
-7
-43
-71
-76
-49
-8
43
75
82
59
18
-20
-67
-82
-62
-40
3
49
60
45
22
-12
-49
-65
-64
-49
-22
-2
18
24
14
-5
-19
-31
-41
-30
-21
-16
2
7
1
2
-1
6
16
17
23
19
11
4
-2
-2
10
28
43
42
25
4
-33
-47
-44
-44
-10
22
37
35
33
31
0
-15
-30
-35
-14
2
32
38
21
16
-9
-31
-35
-29
-16
1
9
2
-2
7
11
-1
-7
0
0
-4
3
-1
-7
-10
0
22
27
20
16
16
13
1
-4
-14
-15
-2
10
22
40
49
35
23
1
-22
-32
-33
-23
-5
21
30
21
10
-7
-26
-26
-22
-28
-23
-14
-12
-9
3
14
14
19
8
-9
-31
-55
-53
-45
-20
14
46
69
54
18
-23
-63
-92
-95
-55
8
77
120
116
72
-3
-79
-118
-116
-72
-2
64
102
108
77
18
-32
-67
-85
-75
-40
9
41
63
67
43
-2
-51
-70
-72
-50
-21
9
43
64
67
37
-3
-39
-55
-48
-30
5
38
63
67
52
18
-26
-47
-41
-8
13
26
33
23
14
-8
-3
17
32
51
45
23
-11
-52
-64
-54
-18
18
35
55
42
4
-22
-46
-50
-33
-1
32
63
70
46
9
-25
-50
-49
-19
7
36
54
43
38
30
9
-3
-6
1
10
15
12
6
4
-3
0
2
-15
-20
-19
-19
-23
-32
-36
-31
-15
4
18
31
37
17
-4
-20
-34
-37
-38
-10
23
35
42
28
6
-17
-29
-17
0
8
16
15
-4
-28
-36
-45
-42
-15
4
16
12
-15
-35
-48
-61
-56
-30
-10
5
2
-12
-30
-44
-36
-27
-7
28
47
46
19
6
7
-2
-2
-2
2
12
25
33
38
36
