0
0
-1
0
0
0
0
-1
0
0
0
0
0
0
0
0
0
0
0
0
0
0
-1
0
0
0
0
0
0
0
0
0
1
0
-1
0
0
0
0
0
0
0
0
0
0
0
0
0
0
0
0
0
0
0
-1
0
0
0
0
0
0
0
0
0
0
0
0
0
1
0
0
0
0
0
0
0
1
0
0
0
1
1
0
0
0
-1
1
1
0
0
0
0
0
0
0
1
0
0
0
1
0
0
0
0
0
-1
0
0
0
0
0
0
0
0
0
0
-1
-1
-1
0
0
0
0
-1
0
0
0
0
0
0
0
0
0
1
0
1
0
0
0
0
0
0
1
-1
0
1
-1
0
0
0
0
0
0
0
-1
0
0
0
-1
0
-1
0
0
0
0
0
-1
0
0
0
0
0
0
-1
0
0
0
0
0
0
0
0
-1
-1
0
0
0
0
0
1
0
0
0
0
0
-1
0
0
0
0
0
0
0
0
0
1
0
1
0
0
1
-1
1
0
0
0
-1
-1
0
0
0
-1
0
-1
0
0
0
-1
0
0
0
0
1
0
0
0
0
0
0
1
0
1
0
0
0
0
0
0
1
0
0
0
1
1
0
0
0
0
0
0
0
0
-1
1
0
0
0
0
0
0
0
1
0
0
-1
0
0
0
-1
-1
0
1
1
0
-2
-1
-1
-1
0
1
1
2
2
1
1
-1
1
0
-1
1
3
1
3
3
2
3
1
2
0
-1
2
2
2
1
1
0
-5
-3
-3
-3
-1
1
0
-2
-4
-4
-3
-1
0
-3
1
0
-4
-8
-8
-4
-2
-1
0
-3
-4
-4
-7
-12
-9
-4
-3
-4
1
5
2
1
1
-2
-3
-6
-3
4
4
4
6
-2
-5
-11
-15
-11
-1
5
-4
-2
4
-5
-9
-17
-15
-9
-10
-8
-8
-6
0
-1
-7
-10
-12
-13
-17
-15
-4
1
3
-4
-10
-15
-27
-30
-21
-7
-8
-12
-6
0
0
-4
-7
3
4
-8
-10
-7
-10
-6
-1
1
3
3
-5
-6
-4
-9
1
-3
-23
-15
-2
-18
-26
-5
-8
-19
-12
3
4
-12
-7
-3
-7
-19
-28
-19
-18
-14
-9
-3
4
3
-4
-2
-8
-12
-4
-14
-15
-1
-2
-8
-2
5
4
17
9
-2
6
5
4
13
26
7
-4
13
8
-8
-15
-15
1
16
8
3
0
-15
-13
0
4
-1
11
-4
-28
-21
-25
-35
-33
-8
-4
-18
-2
-3
-15
-20
-36
-44
-39
-32
-14
-15
-18
1
3
-12
-28
-13
3
-14
-24
-21
3
11
7
-4
-22
-14
-19
-9
12
3
-18
-18
-3
-7
11
21
13
9
7
5
-23
-43
-53
-82
-155
-165
-209
-162
-145
-72
824
1419
1309
1350
1311
1225
1122
997
929
866
767
698
686
678
691
665
669
677
662
674
630
542
516
534
524
523
483
401
338
272
252
216
153
145
165
180
179
151
114
106
98
63
54
67
54
27
-15
-39
-60
-89
-63
-49
-61
-51
-47
-61
-69
-61
-103
-134
-126
-155
-162
-157
-150
-174
-240
-262
-265
-278
-252
-211
-208
-235
-283
-277
-260
-305
-292
-261
-232
-215
-183
-147
-199
-208
-183
-182
-171
-233
-300
-312
-347
-394
-395
-372
-356
-329
-316
-310
-302
-304
-288
-279
-277
-253
-237
-245
-261
-291
-277
-290
-316
-274
-241
-209
-223
-203
-162
-233
-271
-227
-254
-315
-299
-293
-296
-263
-263
-308
-325
-298
-277
-268
-259
-244
-225
-207
-212
-189
-172
-173
-161
-173
-126
-119
-161
-138
-125
-130
-143
-138
-139
-138
-161
-203
-177
-143
-137
-177
-207
-180
-169
-209
-238
-246
-239
-199
-190
-173
-126
-125
-112
-85
-88
-77
-96
-126
-102
-86
-66
-39
-22
3
17
1
-37
-40
-11
-14
-49
-52
-54
-62
-76
-100
-78
-48
-20
-6
10
4
-34
6
11
-29
-8
-18
-30
-44
-63
-77
-124
-152
-155
-132
-111
-102
-112
-119
-87
-76
-100
-113
-93
-101
-91
-46
-41
-13
15
20
24
39
87
102
72
53
58
67
63
53
28
-1
-21
-10
-4
-16
-26
-58
-67
-71
-75
-68
-21
12
-38
-70
-104
-93
-89
-119
-91
-79
-55
-29
-43
-18
43
46
56
102
101
104
111
117
102
67
70
60
37
16
-20
-41
-50
-48
-45
-25
-34
-72
-66
-77
-95
-72
-74
-68
-42
-51
-12
60
110
150
151
128
135
167
148
142
131
99
93
51
33
44
31
45
41
11
31
32
17
35
51
73
61
25
7
14
0
-43
-22
4
0
22
22
24
42
54
59
86
102
80
71
79
104
129
118
101
105
114
111
68
32
39
33
56
120
131
130
123
105
91
66
62
56
40
17
26
39
53
117
117
98
75
13
-8
-46
-66
-58
-122
-115
-66
-96
-53
4
0
14
40
67
80
82
103
108
112
122
94
83
89
78
74
88
106
131
152
170
181
130
99
96
84
75
39
33
24
-14
-22
-25
-30
-37
-50
-51
-62
-53
-24
-23
-17
-22
-55
-91
-98
-76
-71
-62
-31
7
31
53
67
84
105
77
55
51
3
-32
-37
-40
-31
-20
-34
-25
-26
-69
-56
-29
-40
-32
-23
-33
-35
0
28
10
13
24
17
32
58
61
72
63
40
59
50
42
30
-9
-11
-23
-18
-32
-83
-86
-80
-80
-85
-46
-7
-5
7
-1
-11
-30
-39
-46
-58
-56
-65
-72
-69
-64
-67
-72
-59
-43
-33
-20
-11
-27
-31
-36
-60
-61
-38
-34
-53
-57
-49
-38
-42
-42
-34
-19
-13
-19
-2
-14
-13
2
-16
-39
-54
-53
-55
-60
-75
-86
-86
-85
-84
-70
-73
-83
-62
-56
-62
-88
-133
-125
-110
-124
-114
-98
-87
-81
-70
-55
-51
-49
-57
-54
-28
1
-4
0
-12
-33
-33
-28
-10
-15
-6
-1
19
47
51
62
61
63
37
-9
-29
-43
-58
-77
-84
-75
-45
-17
2
14
13
22
6
8
29
23
23
26
41
45
37
34
34
66
58
30
37
31
19
4
-20
-59
-85
-94
-77
-54
-65
-52
-22
7
45
79
108
111
100
85
82
93
88
64
36
24
-10
-27
1
14
6
14
24
32
49
52
60
59
38
40
34
32
42
32
31
45
69
81
87
110
105
83
82
82
56
54
58
45
42
21
10
14
6
10
36
49
61
77
81
95
96
84
77
64
68
79
74
79
84
74
79
80
58
42
40
56
46
0
-8
-3
-11
-15
-24
-18
-35
-17
18
0
35
51
45
53
30
30
25
36
61
51
51
37
21
34
45
44
40
33
20
11
4
14
22
28
55
49
34
33
20
13
15
12
17
34
26
8
-7
-26
-47
-48
-49
-54
-35
-35
-47
-34
-22
-18
-16
-12
-1
12
15
21
33
16
15
28
14
9
6
-8
-21
-22
-22
-27
-22
-12
-21
-33
-36
-59
-48
-16
-20
-26
-12
12
14
11
11
-2
-17
-20
-10
-8
-8
-8
-20
-30
-37
-47
-52
-72
-85
-74
-91
-85
-70
-74
-59
-66
-65
-47
-50
-53
-50
-46
-38
-51
-45
-44
-57
-66
-82
-71
-83
-82
-52
-70
-80
-76
-74
-84
-96
-94
-98
-80
-71
-89
-75
-51
-35
-13
-5
-11
-11
-23
-35
-36
-33
-18
-22
-22
-15
-11
-17
-25
-17
-32
-40
-44
-59
-58
-65
-81
-80
-71
-72
-61
-58
-57
-35
-41
-48
-33
-33
-34
-33
-34
-38
-39
-45
-63
-49
-30
-23
-15
-11
-3
-4
1
15
15
19
27
43
56
62
70
70
72
74
62
44
31
17
20
42
47
41
37
30
1
-20
-23
-25
-32
-41
-40
-22
-10
-2
15
17
19
37
57
67
61
53
46
39
60
93
93
75
58
39
23
32
24
6
23
9
16
46
40
54
63
67
80
102
115
105
105
96
96
98
92
107
83
71
87
65
52
40
12
0
5
11
2
-25
-49
-52
-39
-9
10
16
31
48
54
60
95
93
73
75
77
82
80
71
26
-5
5
30
58
42
29
28
41
61
70
75
58
56
56
70
82
46
46
73
73
67
60
41
27
35
46
46
34
-4
-19
-5
-14
-17
1
-12
-36
-58
-70
-32
-9
-2
24
15
8
34
47
49
36
16
23
35
37
35
20
13
30
50
64
60
31
-4
-15
30
54
54
32
-2
7
45
88
88
89
75
43
39
13
2
0
-23
-40
-54
-60
-67
-79
-93
-96
-93
-93
-67
-69
-84
-85
-76
-32
13
29
-6
-42
-63
-68
-42
-38
-47
-52
-70
-72
-51
-38
-43
-48
-60
-50
-26
-12
-15
-17
-5
-6
16
26
-4
-5
-16
-41
-24
-2
3
3
-13
-41
-66
-82
-72
-63
-86
-93
-88
-80
-86
-98
-89
-94
-82
-95
-101
-68
-88
-100
-99
-98
-94
-104
-81
-69
-75
-62
-61
-69
-63
-56
-40
-36
-55
-78
-77
-64
-56
-37
-37
-46
-32
-7
7
-1
-18
-45
-43
-21
-27
-44
-66
-72
-49
-27
-24
-32
-44
-45
-39
-44
-27
-8
-6
-4
3
12
6
8
12
11
27
19
6
5
0
-20
-27
-14
1
13
-7
-26
-37
-62
-60
-33
-35
-38
-36
-34
-11
4
12
26
19
38
71
53
53
35
20
65
76
63
61
62
67
74
95
102
83
60
51
52
43
39
29
11
-3
-14
-14
-12
8
13
-4
-19
-35
-35
-15
10
28
21
11
19
29
28
37
38
15
7
34
49
47
53
32
22
27
14
9
28
45
36
51
71
85
94
107
115
99
94
103
108
96
90
109
112
101
100
93
84
73
68
69
59
35
25
27
24
12
-6
-1
-2
-10
-1
-1
-26
-32
1
31
51
51
41
23
22
40
57
82
64
30
51
70
80
69
56
52
48
57
76
105
78
60
76
60
75
83
79
73
44
49
57
69
71
64
64
26
11
33
31
12
-14
-25
-11
11
29
25
17
7
7
9
10
19
-13
-38
-20
13
31
39
36
20
21
32
42
41
43
43
40
43
53
77
81
72
60
54
83
99
79
52
30
-8
-13
5
-10
-18
-47
-65
-48
-56
-59
-70
-94
-96
-88
-84
-99
-111
-129
-135
-102
-93
-75
-53
-57
-50
-44
-34
-13
-21
-40
-40
-52
-64
-57
-52
-64
-70
-59
-45
-48
-66
-52
-54
-68
-57
-46
-35
-39
-40
-44
-54
-50
-42
-37
-60
-80
-87
-85
-86
-98
-87
-98
-110
-109
-124
-128
-125
-117
-122
-115
-117
-127
-125
-120
-109
-115
-113
-103
-103
-93
-79
-71
-81
-89
-86
-86
-89
-88
-76
-61
-61
-58
-33
-41
-33
-8
-16
-11
-10
-21
-28
-27
-12
-15
-24
-31
-38
-36
-49
-66
-62
-61
-62
-57
-67
-56
-38
-42
-44
-38
-36
-36
-26
-27
-22
-8
-20
-28
-21
-23
-12
4
-13
-19
2
4
3
4
1
-5
3
11
25
41
40
61
92
118
111
94
110
106
111
132
126
122
105
77
83
86
71
72
71
49
48
61
52
45
42
41
49
34
21
32
23
17
26
32
40
36
23
30
36
35
49
52
31
12
16
31
32
50
61
47
52
73
100
109
114
103
74
73
76
73
76
69
71
71
49
65
76
64
79
74
66
88
110
112
91
65
51
57
83
89
61
20
-4
-8
14
32
31
-5
-37
-28
-12
-2
-12
-17
-31
-28
7
25
31
10
8
39
40
45
75
65
54
75
91
89
72
69
71
65
70
80
84
79
80
75
65
65
66
57
51
46
37
53
61
38
24
10
1
3
15
11
-20
-41
-41
-22
-8
-2
-7
-9
-12
-27
-11
-3
-23
-29
-33
1
31
25
25
19
17
21
26
18
2
-9
-14
-17
-23
-23
-26
-28
-36
-35
-17
-1
13
18
10
-10
1
9
7
9
-15
-32
-35
-33
-27
-30
-51
-63
-66
-67
-70
-79
-98
-111
-99
-76
-81
-85
-84
-105
-115
-112
-104
-106
-120
-112
-105
-106
-102
-103
-101
-97
-103
-96
-76
-77
-82
-78
-77
-63
-36
-21
-11
-11
-15
-17
-13
-3
-5
-22
-50
-58
-66
-67
-55
-78
-83
-91
-115
-98
-92
-99
-100
-103
-87
-64
-63
-85
-94
-92
-91
-71
-66
-59
-55
-54
-41
-37
-30
-28
-35
-38
-40
-40
-33
-17
-3
3
5
3
8
15
14
20
13
13
13
12
28
27
22
28
29
33
34
30
20
24
25
4
3
8
0
-5
1
4
6
20
16
15
20
14
2
-5
0
-7
-23
-24
-35
-31
-10
-12
-6
2
-8
-9
-4
-6
8
12
17
36
40
55
72
72
79
88
88
84
89
101
87
79
97
82
63
60
42
34
19
8
9
-10
-13
-8
-10
-18
-27
-20
-27
-29
-31
-51
-41
-31
-26
-24
-31
-24
-13
16
37
51
48
35
46
57
74
82
88
65
45
50
47
67
77
60
56
59
53
54
66
57
38
32
22
21
23
16
20
16
18
24
15
13
14
26
26
24
34
15
0
-3
-5
15
25
6
-9
-14
-8
0
2
15
16
5
8
14
21
31
39
28
22
39
54
65
73
76
67
60
68
88
101
97
95
89
110
125
103
104
103
79
58
42
32
28
15
9
28
29
17
16
0
-19
-11
-7
-28
-28
-26
-36
-32
-20
-15
-22
-18
-3
6
9
25
32
19
26
33
37
34
26
24
21
21
23
17
18
23
27
31
38
35
24
21
7
-8
-18
-18
-22
-19
-16
-33
-34
-32
-27
-18
-28
-25
-26
-25
-19
-24
-25
-44
-51
-63
-72
-56
-76
-77
-61
-59
-53
-67
-64
-55
-63
-52
-39
-44
-60
-61
-63
-60
-47
-62
-49
-38
-47
-30
-25
-28
-22
-18
-20
-26
-36
-53
-57
-50
-62
-71
-63
-61
-49
-42
-39
-36
-35
-21
-17
-37
-57
-46
-45
-52
-51
-75
-82
-85
-74
-48
-38
-43
-63
-57
-39
-25
-22
-25
-21
-22
-13
0
9
14
-7
-7
13
18
33
39
36
38
29
28
29
19
23
11
-8
-14
-28
-28
-23
-34
-37
-31
-18
-8
-3
1
-5
-9
-7
2
8
-1
-7
-8
-16
-13
-1
0
-4
-3
-2
3
4
3
12
8
-5
14
18
8
-1
-3
1
-10
-12
-14
-20
-16
-18
-20
-10
-2
-1
-6
-13
-26
-23
-10
3
11
6
3
16
38
41
36
40
27
14
15
5
6
2
-3
-9
-26
-27
-17
-14
-20
-22
-31
-35
-32
-26
-22
-23
-28
-33
-32
-26
-8
-15
-23
-20
-19
7
20
11
15
26
33
37
54
55
51
49
36
49
49
41
41
37
41
35
34
38
48
49
47
61
58
60
52
29
16
7
7
4
3
6
0
2
3
20
24
9
-1
-14
-10
0
-7
2
6
-3
2
26
40
43
58
49
45
64
71
79
89
96
92
88
100
116
118
106
88
71
66
69
61
51
37
31
37
28
34
33
25
21
11
14
8
1
-5
-24
-29
-28
-31
-36
-45
-53
-47
-31
-43
-46
-45
-54
-39
-39
-20
7
4
21
29
40
48
44
61
56
35
32
25
19
29
48
43
37
35
33
37
35
37
39
24
24
24
14
10
-1
-13
-19
-26
-39
-59
-63
-75
-84
-79
-82
-76
-77
-92
-92
-81
-76
-82
-74
-65
-59
-56
-52
-39
-35
-40
-43
-36
-32
-20
0
6
10
13
18
28
35
34
13
-5
-2
-10
-4
4
-20
-22
-18
-11
-3
-2
8
-8
-21
-24
-33
-40
-49
-45
-58
-72
-71
-80
-82
-71
-68
-70
-72
-84
-80
-69
-67
-71
-82
-76
-65
-59
-42
-35
-33
-22
-16
5
21
18
30
30
26
25
13
17
15
13
9
-1
-3
-2
5
-4
-11
-10
-7
-6
-14
-18
-34
-46
-46
-46
-45
-46
-56
-55
-50
-38
-20
-12
-31
-46
-44
-51
-58
-63
-65
-65
-71
-60
-43
-46
-43
-25
-16
-14
-3
10
22
38
44
46
40
41
44
35
30
13
3
4
-8
-5
-4
-10
-9
-12
-13
-7
-9
-15
-4
-6
-18
3
13
7
31
42
38
37
29
35
36
39
41
29
25
19
28
34
26
28
23
22
25
23
24
23
22
27
30
32
34
52
65
70
79
79
77
82
86
73
64
63
57
60
69
69
70
80
86
89
85
76
77
74
66
61
42
30
40
40
51
60
61
59
48
49
55
60
58
51
50
41
39
47
47
39
43
57
57
64
76
75
82
74
71
78
69
72
61
50
55
45
45
51
42
48
54
55
59
47
30
20
20
25
26
21
17
7
10
11
8
18
17
14
24
33
40
38
33
27
15
8
-5
-6
-6
-23
-33
-31
-23
-22
-17
-11
-17
-11
-11
-11
12
11
-4
-10
-12
-2
2
-8
-15
-5
7
16
9
-2
0
-14
-22
-18
-28
-41
-57
-54
-56
-57
-48
-52
-42
-37
-39
-40
-39
-32
-42
-36
-34
-57
-59
-53
-50
-43
-39
-43
-44
-42
-39
-29
-24
-34
-32
-28
-35
-42
-44
-51
-55
-59
-60
-56
-50
-49
-44
-40
-44
-34
-37
-48
-40
-43
-51
-43
-36
-36
-45
-41
-37
-41
-34
-34
-36
-28
-22
-16
-6
-7
-11
-7
-11
-22
-21
-30
-46
-54
-62
-56
-48
-40
-37
-37
-23
-24
-23
-14
-12
-15
-22
-22
-28
-28
-34
-34
-38
-58
-43
-43
-42
-27
-33
-29
-21
-24
-30
-28
-14
-14
-24
-28
-22
-9
-5
7
21
21
30
35
36
39
33
19
0
-6
-2
-2
-5
-10
-13
-6
-4
-2
6
9
11
11
6
5
-5
-2
0
-12
-9
-12
-10
-3
5
19
27
39
53
53
45
39
37
35
38
35
25
17
7
-4
-16
-21
-12
3
19
23
30
53
69
62
55
49
30
23
26
38
50
49
44
32
34
34
39
51
51
40
49
70
61
50
44
34
18
14
40
31
21
25
15
24
23
17
19
15
22
32
50
53
43
43
38
41
47
56
72
74
84
87
77
72
66
57
47
36
36
41
47
44
40
33
22
14
6
12
17
28
30
26
28
16
5
-13
-21
-10
-5
2
4
9
19
16
22
7
-7
-7
-15
-6
-9
-3
-1
-5
8
-11
-18
-30
-54
-55
-61
-53
-43
-22
-9
-11
-11
-18
-16
-29
-34
-23
-26
-5
15
9
7
9
-10
-30
-34
-42
-44
-30
-25
-19
-10
-20
-31
-42
-54
-43
-32
-22
-12
-15
-23
-51
-68
-90
-99
-96
-88
-59
-37
-13
-3
-17
-36
-47
-25
-3
31
76
85
69
25
-22
-73
-115
-113
-88
-41
9
37
49
20
-31
-72
-103
-110
-86
-28
20
54
64
22
-26
-74
-92
-80
-64
-10
43
67
71
45
-1
-64
-82
-85
-78
-21
32
76
89
65
26
-19
-43
-49
-34
6
45
66
52
15
-24
-53
-74
-61
-29
-7
7
16
17
6
-5
-3
-4
4
24
29
35
20
-20
-43
-68
-80
-59
-16
22
40
62
69
52
33
18
5
-17
-41
-55
-46
-35
-19
14
23
19
7
-28
-57
-78
-80
-47
-7
35
71
84
64
-3
-76
-113
-118
-83
-6
92
145
145
108
28
-57
-124
-130
-73
9
102
175
196
164
98
6
-62
-85
-78
-29
39
100
119
92
22
-68
-127
-157
-135
-56
22
68
88
87
58
16
-8
-25
-29
-21
-13
13
38
38
30
24
34
38
33
52
61
50
27
2
0
-2
26
70
90
93
69
31
-16
-46
-30
6
50
102
119
110
66
-4
-50
-80
-75
-38
27
95
131
132
71
3
-46
-88
-86
-40
39
89
91
86
50
-7
-43
-51
-23
8
55
113
144
154
123
70
19
-29
-40
-9
10
12
4
-23
-51
-62
-41
-10
1
3
2
-8
-23
-49
-68
-77
-79
-76
-57
-6
37
62
60
47
14
-34
-40
-21
14
50
57
42
-8
-61
-83
-86
-65
-15
45
55
35
3
-66
-138
-185
-199
-185
-131
-28
48
75
59
-20
-111
-192
-199
-119
-31
55
122
132
73
-16
-79
-110
-86
-34
13
82
117
86
29
-19
-40
-70
-89
-57
-31
-18
6
10
-5
-35
-43
-52
-78
-83
-76
-81
-89
-62
-28
-32
-46
-72
-122
-162
-164
-113
-24
74
160
199
163
90
3
-82
-101
-67
4
90
137
157
136
59
3
-14
-19
13
62
84
84
61
32
-19
-65
-64
-77
-91
-82
-89
-104
-113
-106
-71
-61
-48
-38
-70
-84
-77
-28
36
97
144
119
55
-31
-102
-127
-106
-10
98
179
227
221
155
37
-47
-83
-81
-12
79
121
88
18
-55
-120
-154
-122
-70
-47
-31
-36
-84
-159
-196
-157
-79
3
77
111
75
-17
-117
-180
-177
-96
23
144
223
232
193
88
-10
-56
-62
-14
50
137
183
159
95
6
-79
-150
-167
-148
-119
-37
58
116
134
93
6
-125
-250
-307
-284
-156
29
196
319
337
253
97
-73
-182
-196
-97
65
234
340
358
280
119
-39
-133
-143
-87
-7
93
179
184
131
48
-13
-58
-94
-73
-40
-25
-32
-46
-45
-30
-3
45
91
105
84
30
-17
-38
-8
70
152
236
276
240
155
54
-16
-56
-52
24
127
205
249
260
212
108
4
-97
-148
-132
-47
104
207
252
242
139
-2
-115
-158
-143
-99
-24
56
87
85
61
16
-22
-50
-42
-15
-9
13
41
32
4
6
28
26
23
52
75
50
25
21
22
56
98
125
146
138
93
20
-63
-99
-116
-124
-69
-16
-5
-3
-28
-57
-68
-100
-148
-187
-211
-200
-135
-60
-16
17
36
12
-43
-80
-102
-95
-27
71
134
131
87
22
-63
-110
-82
-34
0
31
42
11
-47
-104
-140
-126
-87
-43
-17
-31
-53
-96
-131
-129
-96
-33
31
101
122
54
-38
-95
-123
-135
-75
27
103
118
78
45
-25
-109
-109
-76
-33
6
7
-9
-47
-84
-104
-105
-103
-101
-75
-55
-47
-43
-33
-11
-3
2
-16
-55
-75
-76
-41
3
45
73
62
31
9
-2
-13
-16
21
68
49
6
-7
-21
-32
-10
28
54
77
80
52
-30
-114
-148
-161
-125
-30
57
66
12
-52
-131
-187
-181
-153
-115
-65
-2
23
-43
-107
-137
-155
-160
-107
-32
5
19
21
30
29
18
5
8
52
95
118
126
125
103
51
-17
-65
-115
-148
-88
7
84
129
109
13
-130
-238
-283
-304
-260
-139
-15
47
42
3
-85
-198
-249
-220
-174
-142
-65
38
85
108
106
39
-31
-47
-22
23
72
130
173
164
152
102
25
-32
-85
-94
-37
40
114
174
171
149
90
-9
-83
-112
-80
-22
43
84
89
63
28
-8
-14
15
4
13
59
82
87
97
119
126
114
61
-17
-78
-97
-58
44
159
248
285
236
114
-27
-100
-119
-86
29
165
247
253
196
92
-36
-103
-68
0
106
244
314
288
213
124
53
13
25
90
153
199
200
140
69
2
-41
-54
-42
1
54
64
47
36
21
-7
-43
-59
-51
-41
-41
-29
-25
-3
41
44
22
13
-5
-44
-57
-36
-1
45
110
178
194
153
81
-21
-97
-116
-75
-38
-19
22
35
24
13
20
4
-26
5
38
39
3
-56
-80
-109
-117
-89
-54
-29
-25
-33
-83
-167
-224
-220
-158
-53
52
97
54
-39
-117
-163
-144
-90
-11
101
163
154
84
7
-76
-164
-171
-107
-2
119
172
162
148
116
40
-39
-60
-36
-30
-12
29
37
14
0
6
-29
-80
-82
-69
-70
-39
44
94
71
23
-12
-62
-139
-176
-119
-45
-18
16
33
-14
-81
-108
-113
-118
-74
8
50
61
46
15
-39
-87
-67
-37
-13
12
19
3
-8
12
6
-3
5
-10
-31
-57
-71
-71
-67
-26
51
113
90
24
-33
-124
-195
-212
-181
-97
-25
15
31
10
-48
-108
-147
-145
-118
-128
-137
-118
-78
-32
-2
16
31
12
-27
-41
-72
-94
-82
-54
-31
-43
-70
-104
-116
-91
-49
-15
0
-6
-31
-50
-62
-66
-49
-8
63
138
157
118
66
-5
-84
-100
-63
-32
15
56
43
-33
-111
-151
-171
-142
-68
50
139
109
52
0
-93
-173
-181
-140
-71
18
97
157
138
41
-45
-94
-107
-90
-13
104
201
300
337
284
188
66
-21
-57
-27
54
127
178
183
138
81
18
-23
-29
-3
51
70
100
96
57
53
44
35
46
83
59
-15
-33
-28
-21
29
101
152
171
128
36
-78
-141
-116
-44
61
172
234
227
143
45
-28
-98
-91
6
119
213
271
252
191
115
34
-11
-32
15
67
76
92
97
62
21
1
-47
-68
-63
-46
-13
7
65
100
74
18
-35
-65
-80
-28
87
185
218
219
205
104
-13
-42
-59
-51
-4
40
47
-26
-68
-41
-29
-7
41
66
57
20
-17
-40
-52
-27
34
118
146
99
-8
-129
-209
-237
-157
-26
122
236
230
171
56
-94
-163
-141
-52
66
171
223
196
95
-36
-120
-147
-151
-111
-25
53
90
94
76
17
-74
-101
-69
-52
-4
65
106
88
26
-13
-96
-163
-157
-133
-94
-65
-45
-6
11
-13
-24
-47
-89
-112
-93
-59
-33
14
62
62
38
30
7
-16
-18
-34
-23
28
66
128
195
228
182
40
-71
-183
-266
-230
-148
-44
42
41
-10
-106
-241
-342
-364
-296
-197
-77
8
20
1
-49
-91
-151
-161
-90
-32
47
107
135
137
49
-25
-57
-87
-93
-75
-32
11
49
71
86
47
-20
-80
-161
-186
-148
-97
-49
48
158
139
62
-26
-148
-233
-229
-141
-55
12
78
92
37
-46
-110
-154
-167
-138
-70
20
80
105
117
68
-17
-91
-164
-215
-245
-174
-45
58
164
192
140
64
-19
-85
-148
-141
-50
56
140
156
114
26
-90
-174
-202
-129
-9
88
192
226
187
98
-20
-63
-71
-47
7
60
91
85
57
-6
-54
-59
-60
-60
-41
3
33
16
18
19
-6
-34
-71
-133
-143
-101
-50
64
177
227
213
172
94
-33
-136
-138
-64
67
248
373
392
328
214
66
-79
-185
-193
-129
-25
107
183
204
126
13
-77
-172
-212
-167
-95
-18
103
190
188
145
57
-46
-114
-138
-80
37
148
242
292
265
165
10
-124
-208
-262
-206
-79
15
109
144
115
65
-56
-119
-132
-163
-94
-5
53
154
189
166
138
69
-10
-101
-154
-152
-58
87
211
312
327
298
158
-2
-79
-183
-208
-117
-16
138
255
257
215
52
-131
-272
-340
-288
-191
-80
21
85
47
-20
-107
-191
-192
-177
-101
-4
78
127
168
174
93
58
1
-57
-37
10
110
181
267
312
207
155
64
-31
39
50
77
122
103
72
43
9
-70
-82
-124
-137
-115
-125
-115
-130
-146
-179
-188
-148
-61
-15
53
107
86
43
-51
-45
-6
25
91
157
147
107
103
98
172
188
139
121
28
-75
-74
-109
-130
-63
-93
-77
-60
-92
-98
-169
-176
-211
-198
-114
-59
40
106
144
148
115
74
-30
-67
-62
-48
71
113
176
240
201
163
48
-68
-154
-263
-294
-218
-132
-38
28
33
-43
-164
-283
-350
-262
-188
-52
74
81
108
29
-31
-62
-94
-58
-10
94
174
215
245
214
134
29
-72
-112
-82
-20
32
54
67
7
-54
-111
-189
-170
-182
-134
-65
-40
4
-1
20
9
-1
-20
-52
-35
-5
21
-7
-42
-75
-95
-94
-84
-28
10
-2
16
-1
-68
-125
-109
-60
-20
93
139
140
82
-36
-49
-67
-43
65
120
179
218
190
128
31
-44
-132
-173
-128
-62
43
114
145
114
60
-36
-109
-45
-45
-23
38
24
17
12
-19
-80
-121
-139
-138
-102
-44
22
71
106
125
105
48
-36
-117
-124
-105
-69
19
92
160
161
99
70
22
30
62
68
161
178
195
190
105
31
-91
-126
-133
-79
-23
-4
73
56
-1
-58
-125
-177
-164
-109
-73
-9
20
42
46
30
-9
-55
-41
-61
-26
50
90
90
116
104
64
101
55
70
113
67
31
9
-27
-62
-41
-4
45
89
107
75
45
-48
-128
-107
-90
-16
51
150
154
89
105
-20
-80
-65
-70
44
143
228
274
229
156
40
-71
-180
-186
-116
-89
3
40
43
59
-8
-69
-101
-102
-114
-105
-34
14
31
-7
-4
-8
-83
-53
-39
16
94
83
132
124
80
84
69
42
63
86
78
111
118
140
132
56
73
83
49
57
37
-6
-17
-58
-87
-90
-125
-149
-146
-187
-185
-185
-247
-174
-167
-145
-48
-56
-13
31
37
44
44
25
-4
-10
9
48
80
147
170
165
172
152
99
59
12
-63
-35
-1
-35
-14
-1
-101
-161
-208
-241
-230
-208
-103
-41
26
60
48
55
-19
-81
-100
-99
-53
7
47
28
-4
3
1
1
29
43
85
101
99
100
13
-74
-153
-183
-208
-200
-123
-109
-17
21
-12
3
-36
-29
-24
-9
81
141
182
158
88
36
-47
-93
-105
-82
-47
-23
68
92
51
49
-17
-55
-44
-62
-27
-20
8
32
-41
-41
-74
-85
-55
-73
4
41
51
95
78
47
34
28
-10
-16
-39
-103
-109
-111
-114
-78
-74
-89
-42
-21
-20
15
61
83
53
77
72
37
64
131
103
33
44
-26
-6
-23
-59
23
-7
40
73
45
35
-18
-31
-77
-109
-76
-65
-45
13
57
90
37
14
48
15
10
16
73
56
-1
37
5
-23
9
11
-20
-59
-93
-99
-85
-92
-38
5
-3
21
2
-15
-34
-43
16
50
85
111
119
130
88
85
95
86
110
113
114
88
51
33
-15
-35
-17
-12
4
5
-41
-61
-88
-119
-136
-92
-24
-3
40
33
58
37
-23
7
27
73
101
138
183
167
126
90
33
-45
-22
7
-50
-40
18
41
72
14
-5
-19
-154
-157
-118
-61
-21
30
152
129
70
30
-14
-31
6
60
132
216
188
177
150
80
32
49
39
-7
92
61
10
18
-80
-112
-150
-144
-92
-49
17
-4
14
61
-18
-52
-19
-54
-68
-35
-34
-38
35
56
52
78
4
2
-24
-57
-2
9
63
86
120
149
63
24
42
10
-7
10
23
45
74
58
56
46
-27
-29
-31
-53
-64
-96
-95
-116
-118
-98
-146
-161
-147
-214
-209
-132
-111
-68
4
15
-2
7
0
5
25
24
73
118
145
134
72
92
56
3
21
-13
5
46
7
-37
-52
-60
-97
-103
-80
-82
-65
-123
-151
-123
-145
-102
-78
-19
17
-27
-13
-43
-33
-13
-69
-69
-18
46
60
80
101
80
60
-20
-66
-74
-110
-95
-40
-7
38
69
50
16
-47
-93
-127
-81
-7
22
47
39
54
2
-53
-82
-127
-84
-52
-27
31
31
-18
-31
-46
-60
-47
-34
12
24
1
-54
-71
-3
13
46
91
76
83
32
-19
-6
-52
-30
-2
31
105
25
-17
-21
-66
-72
-113
-112
-67
-36
-7
-31
-22
17
-29
-41
-13
-28
-46
-15
27
27
111
139
126
138
88
45
-16
-27
-43
-37
1
4
88
80
-8
-64
-123
-122
-141
-119
-30
7
30
39
22
13
-30
-35
4
24
72
77
114
119
43
20
0
11
5
0
10
4
-17
-13
38
26
-2
-40
-34
-44
-50
-25
-45
4
50
40
37
43
50
59
16
38
59
69
141
81
82
59
-34
-15
-24
-10
58
40
22
25
-37
-76
-133
-104
-33
-20
27
-3
0
-9
-27
14
-1
42
114
127
126
138
96
64
63
46
44
35
65
46
8
-33
-59
-21
1
12
8
71
30
-71
-55
-73
-57
-8
12
83
90
36
63
46
11
32
47
73
96
112
91
81
43
26
31
-18
-20
-42
-73
-103
-135
-83
-57
-42
35
19
-29
-43
-103
-99
-88
-60
20
62
109
117
69
9
-1
12
2
46
81
62
63
42
-33
-83
-81
-37
-20
6
30
17
59
3
-13
8
-64
-24
-27
-26
0
-48
-5
30
31
60
27
-31
-73
-101
-90
-109
-88
-30
-29
-3
-27
-64
-83
-117
-125
-99
-50
-30
40
77
67
68
35
26
30
48
64
87
121
108
97
64
29
49
23
-63
-75
-67
-126
-86
-44
-39
5
-24
-6
-31
-126
-138
-164
-157
-146
-93
-1
5
50
80
60
33
-16
-29
-31
-9
-28
4
58
15
38
36
-23
-9
-9
-42
-34
-20
23
72
73
67
44
82
61
13
47
-2
-21
-5
-30
-13
-5
4
37
34
11
-23
-33
-33
-49
-25
-50
-64
-31
-28
-9
-14
-1
-30
-19
3
-19
55
51
56
103
47
9
-5
-59
-43
-37
-90
-26
-12
-21
29
7
32
53
25
34
-16
-34
-11
-53
-18
-8
10
80
90
116
113
84
32
-7
-13
-36
-7
37
49
91
91
62
31
-30
-25
-24
-40
-24
-18
-6
-17
-5
-31
-60
-39
-95
-118
-91
-81
-47
-46
-21
22
12
32
32
7
10
-5
18
46
96
160
140
141
139
73
17
-9
-45
-43
10
21
77
135
106
91
35
-56
-92
-110
-134
-95
-20
21
58
53
49
18
-28
-20
-64
-62
-56
-52
47
46
60
70
-21
-22
-68
-61
-17
-52
-25
-21
23
44
32
87
99
62
45
33
-6
-5
45
23
20
41
18
82
65
27
59
20
29
9
0
43
2
-3
1
-56
-49
-58
-73
-21
-12
7
34
33
47
29
24
41
44
13
-3
1
-26
-46
-73
-81
-64
-52
-47
-35
-13
-3
-5
-17
-9
-29
-28
-8
-9
-9
-36
-24
2
-5
-6
27
19
8
44
56
43
28
33
13
16
14
-15
6
-7
-36
-56
-50
-20
-14
18
7
-22
-28
-62
-57
-53
-71
-37
10
-16
-34
-21
-41
-35
-55
-87
-72
-53
-65
-43
17
4
-25
-29
-38
-8
4
-25
-10
-14
-13
-17
-23
8
3
50
82
57
77
39
20
47
11
32
56
-6
-13
9
4
1
4
5
-9
-26
-59
-60
-28
-25
-34
-36
-49
-104
-119
-96
-91
-72
-33
12
53
75
72
75
49
-3
-27
-8
-2
30
89
86
80
28
-25
-45
-56
-22
12
59
103
112
82
39
-13
-53
-51
-51
-5
44
56
63
57
44
12
14
16
-3
-16
-11
-26
-64
-63
-93
-88
-64
-88
-71
-24
8
40
80
87
78
85
121
107
65
71
23
28
49
35
87
73
48
20
-42
-62
-104
-104
-83
-90
-96
-103
-107
-86
-53
-35
1
2
-5
27
20
46
92
87
147
146
82
102
79
19
32
25
29
67
52
46
3
-59
-85
-99
-104
-114
-91
-68
-77
-75
-42
-55
-87
-81
-70
-41
-18
-36
-26
-18
-12
44
37
59
80
55
73
32
33
34
47
83
84
125
87
42
20
-30
-33
1
28
49
96
90
70
36
-10
-21
-50
-53
-28
-31
4
8
-25
0
-42
-73
-57
-63
-58
-52
-48
-72
-74
-75
-51
-33
-27
30
27
50
71
27
77
124
112
147
152
114
128
91
58
61
50
67
41
44
47
4
22
18
-32
-66
-104
-147
-149
-151
-144
-116
-102
-69
-28
-23
-12
-3
23
67
65
73
77
54
37
29
24
12
-16
-14
15
0
11
-1
-31
-23
-63
-61
-8
-33
-47
-48
-78
-81
-103
-66
-33
7
89
70
46
30
-22
-52
-60
-50
-13
9
6
5
6
1
4
-6
-25
-13
-12
-28
-78
-83
-63
-86
-67
-47
-39
-35
-38
1
21
-13
-4
36
57
45
27
18
-42
-95
-98
-72
-54
-62
-49
-33
-33
-50
-44
-16
-18
6
5
-2
25
2
-6
12
14
61
125
123
134
137
105
118
91
79
64
48
64
1
-23
-43
-45
-26
-47
-33
-82
-121
-120
-100
-79
-87
-82
-72
-45
-42
-53
-5
24
29
95
134
130
115
103
123
102
73
63
54
62
76
75
87
92
61
47
57
59
32
32
14
-32
-49
-97
-71
-32
-45
-28
-27
-26
-37
-42
-64
-77
-24
-11
5
27
-27
-66
-47
-34
-29
9
33
53
72
30
9
13
-2
2
58
91
52
49
51
31
15
7
36
71
48
25
52
23
-44
-46
-63
-61
-13
-19
18
15
-45
-54
-75
-71
-53
-21
-7
-4
7
-13
-41
-27
-31
-42
35
39
38
66
17
1
26
34
39
93
78
18
44
10
-12
-38
-66
-26
-9
26
40
80
100
46
24
24
-17
-20
25
17
45
1
-30
29
-3
15
40
39
35
5
17
37
28
14
44
70
49
1
-27
-48
-70
-48
-29
-8
29
44
36
34
20
-14
-5
9
19
15
3
11
8
8
-9
5
36
7
-17
15
3
-15
1
-18
-20
-37
-26
-11
-37
-59
-70
-35
6
21
24
9
-22
-21
5
11
7
-14
-25
2
3
-4
12
-2
-13
-15
-35
-41
-59
-114
-135
-106
-96
-92
-61
-31
-18
-23
-35
-14
1
-48
-58
-23
-24
-21
-11
-30
-54
-44
-22
-4
15
29
14
19
3
-39
-40
-67
-61
-58
-79
-60
-42
-22
-10
-24
-47
-46
-32
-31
3
21
-33
-41
-35
-84
-103
-67
-30
-7
38
39
-13
-26
-20
-13
13
29
18
10
14
-17
-39
-26
-17
-11
15
57
39
3
5
-13
-26
7
41
38
50
19
-8
24
13
-8
-22
-44
-29
7
13
6
-10
-34
-20
-7
21
55
20
3
-22
-74
-70
-71
-46
7
38
57
81
105
128
123
99
90
56
62
55
8
2
-14
-72
-77
-49
-47
7
74
88
96
109
49
-6
-22
-75
-106
-120
-127
-105
-48
6
52
106
145
178
145
97
62
9
-20
-20
3
10
30
58
53
25
10
12
28
34
1
21
26
24
58
42
18
3
-29
-55
-45
-62
-60
-17
3
34
44
37
31
2
7
-3
-12
23
4
-17
5
16
13
15
24
-7
-3
46
55
87
106
83
71
42
19
6
16
6
-5
21
1
23
24
25
60
31
13
-8
-19
-26
-31
-58
-54
-32
-72
-67
-30
-20
-27
-1
35
42
33
37
70
77
58
40
56
45
12
37
37
21
28
42
52
44
47
52
27
29
42
15
-6
-36
-46
-49
-55
-24
-8
-3
12
28
17
8
-14
-49
-50
-79
-51
23
42
43
51
40
-6
-1
14
9
21
38
58
56
36
24
-13
-22
-4
-22
13
33
-9
-26
-44
-65
-69
-37
-48
-58
-61
-88
-68
-58
-45
-27
-2
31
5
-7
-25
-68
-70
-72
-45
17
34
26
49
40
-6
-8
-4
-38
-68
-69
-65
-28
-2
-11
-53
-101
-91
-111
-114
-108
-101
-70
-51
-36
-62
-74
-88
-98
-103
-93
-62
-67
-67
-57
-57
-44
-8
10
63
99
32
2
-9
-39
-43
-37
-8
17
44
48
38
40
22
8
-24
-24
-19
-46
-45
-75
-102
-106
-92
-38
-3
-1
-4
-8
-52
-73
-46
-72
-83
-54
-55
-70
-70
-73
-51
-10
-15
-4
47
82
83
106
134
102
101
94
41
27
-4
-8
6
21
74
84
75
65
42
-1
-27
0
-17
-33
-38
-23
4
12
63
70
-22
-90
-107
-102
-47
10
47
47
7
-5
16
48
36
46
105
116
141
164
169
171
128
82
36
-1
-36
-62
-76
-43
7
17
4
-21
-29
-68
-76
-28
-8
33
66
24
-2
7
-4
-7
-10
-20
-2
53
108
151
184
157
112
72
47
37
5
-2
-8
-4
6
4
33
41
43
28
-12
-11
-23
-27
-11
-7
-12
-25
-34
-34
-28
-38
-14
40
37
47
77
57
66
68
44
9
-43
-61
-88
-82
-41
17
103
150
143
105
55
1
-23
-17
19
72
123
140
106
86
63
26
-3
3
-1
-20
-29
-49
-47
-49
-31
6
10
34
15
-37
-79
-117
-92
-70
-43
12
39
76
97
102
108
105
103
98
88
101
87
46
19
1
10
20
57
83
72
25
-27
-37
-76
-98
-137
-159
-143
-149
-102
-46
4
42
82
113
116
118
45
-33
-59
-81
-80
-58
-40
-4
16
4
-9
-18
-14
-9
18
22
16
27
51
74
23
20
24
-33
-52
-32
-28
-49
-52
-62
-70
-83
-72
-31
-8
24
8
4
-10
-82
-102
-101
-88
-55
-44
-26
-17
-32
-46
-66
-89
-81
-61
-27
6
56
88
66
83
81
55
45
25
-11
-36
-33
-64
-72
-49
-71
-55
-22
-51
-90
-96
-101
-126
-116
-64
-40
-39
-61
-71
-75
-79
-37
10
66
80
96
109
53
51
28
6
27
25
57
47
43
40
10
17
10
11
16
-15
-42
-46
-43
-40
-51
-60
-77
-91
-57
-30
-12
-5
-10
-24
-63
-48
-19
-28
-21
2
34
29
9
-3
-8
17
30
38
36
35
12
-13
-9
-7
9
18
16
36
47
46
41
35
45
45
44
53
49
33
8
-17
-20
-26
-53
-56
-57
-81
-58
-37
-24
-1
14
25
-1
-36
-63
-73
-67
-40
2
40
68
62
75
87
112
155
184
193
143
62
-19
-38
-44
-45
17
57
65
55
18
-45
-81
-96
-92
-36
11
47
60
41
10
-25
-35
-19
-24
-46
-13
34
76
109
117
124
59
37
46
16
35
15
0
25
42
61
59
57
56
60
63
56
34
3
-2
-30
-49
-53
-85
-55
-3
8
17
16
6
8
6
18
35
26
34
35
7
5
32
54
83
107
92
84
83
47
19
25
14
-10
-12
0
9
6
10
15
23
25
2
-10
-16
-28
-42
-57
-63
-55
-45
-28
-13
-37
-66
-75
-95
-112
-88
-52
-12
4
5
34
77
108
117
105
71
39
-7
-14
21
33
62
99
90
84
50
-1
-28
-60
-73
-68
-49
-45
-81
-126
-146
-157
-153
-136
-115
-90
-85
-69
-75
-104
-98
-58
-14
20
42
45
41
26
19
23
32
39
21
31
51
42
48
59
88
87
48
37
14
-31
-66
-113
-165
-152
-122
-111
-33
12
2
16
12
3
-18
-48
-64
-99
-127
-132
-135
-101
-75
-67
-18
14
24
24
35
54
49
51
54
51
14
-26
-31
-26
-10
-10
-6
-1
-17
-3
24
36
41
19
-4
-37
-80
-101
-129
-144
-156
-149
-100
-49
12
37
50
83
66
58
51
16
25
-12
-24
8
-3
3
5
33
37
13
15
-2
2
-10
-14
-12
-54
-75
-111
-134
-121
-88
-13
30
53
82
81
97
109
70
46
21
-9
-11
-21
-29
-57
-73
-26
31
72
98
70
31
24
-4
-16
-3
9
35
39
33
33
46
50
60
80
87
104
88
62
35
-11
-40
-70
-86
-80
-62
-61
-62
-28
-8
24
41
40
77
107
110
91
45
-14
-29
-36
-6
58
87
107
97
86
55
35
47
33
49
70
77
75
58
40
-14
-31
-18
-6
57
94
115
104
71
73
42
12
0
-32
-47
-42
-31
7
14
9
36
63
100
86
47
39
0
-38
-52
-29
1
6
28
23
33
18
-13
-14
-42
-8
13
13
28
19
16
-26
-62
-55
-10
68
102
115
154
142
85
27
-15
-26
-45
-27
-2
-3
22
6
-1
11
4
8
-5
21
28
6
-25
-78
-102
-108
-85
-53
-9
51
60
44
29
-2
-7
-16
-31
-35
-60
-58
-42
-35
-8
11
2
-28
-68
-79
-80
-75
-70
-79
-42
-15
-29
-22
18
37
28
26
-5
-45
-56
-82
-83
-58
-40
-52
-96
-86
-62
-52
-16
11
-15
-22
-38
-109
-139
-155
-139
-83
-36
17
55
57
34
4
-19
-31
-49
-63
-49
-31
-38
-40
-25
-25
-30
-38
-45
-47
-50
-39
-42
-46
-58
-69
-39
-27
-17
7
10
-21
-25
-27
-57
-52
-39
-42
-38
-35
-41
-30
-33
-24
8
12
15
-2
-32
-62
-105
-105
-71
-64
-66
-56
-41
-49
-74
-80
-78
-89
-85
-64
-55
-55
-55
-75
-95
-73
-43
-18
27
58
55
65
52
13
23
32
26
38
53
55
48
39
39
39
38
57
56
32
18
-26
-55
-15
11
12
15
-2
-26
-48
-76
-77
-54
-42
-13
-23
-45
-30
-59
-64
-26
-2
46
68
46
22
-1
14
31
36
55
69
52
43
54
35
56
77
60
92
129
107
102
85
21
-6
-31
-32
-4
3
55
98
91
98
63
18
10
-4
3
32
14
-25
-41
-56
-43
-21
28
107
118
106
99
47
20
47
55
71
106
103
89
95
120
136
157
175
157
125
74
29
-1
2
44
45
47
52
41
86
131
144
136
102
66
14
-3
21
61
76
79
57
5
-9
-17
-30
-32
-30
-16
-5
1
7
13
32
29
-3
-10
4
19
30
30
6
-33
-66
-92
-100
-70
-7
40
62
69
25
-2
8
-22
-36
-24
-38
-37
-27
-18
31
56
56
65
47
43
59
59
62
67
30
6
21
-5
-7
8
-17
-17
-2
5
17
15
11
-27
-85
-110
-145
-175
-165
-139
-113
-78
-56
-62
-25
16
15
13
-5
3
14
14
24
1
3
13
-9
2
27
16
1
-15
-19
-10
2
19
-7
-22
-27
-37
-49
-63
-53
-82
-104
-120
-153
-157
-184
-181
-152
-132
-118
-115
-92
-74
-79
-64
-27
-24
-55
-79
-98
-102
-76
-49
-41
-4
30
26
44
52
40
35
15
-16
-40
-35
-45
-68
-32
-17
-25
-19
-38
-72
-95
-104
-109
-87
-98
-126
-131
-170
-157
-124
-119
-88
-72
-76
-66
-50
-38
-14
-12
-22
-7
12
15
5
18
47
102
171
206
206
178
147
108
65
32
5
4
1
3
23
27
65
100
82
71
45
1
-45
-73
-60
-43
-12
23
35
48
53
52
33
16
-3
-57
-89
-119
-128
-78
-46
-11
17
13
28
27
-5
-39
-66
-79
-88
-90
-97
-87
-55
-49
-34
13
57
84
61
28
1
-56
-93
-128
-151
-153
-161
-160
-175
-173
-136
-117
-98
-80
-93
-112
-99
-58
2
56
60
66
85
67
57
65
98
164
206
247
288
317
345
345
337
306
256
218
177
160
182
238
311
354
378
381
345
302
260
210
136
45
15
48
116
210
299
367
395
387
341
269
190
33
-150
-371
-612
-744
-863
-860
-693
-503
-277
-62
123
300
426
500
514
476
378
268
186
124
119
93
29
-9
-80
-153
-211
-307
-380
-457
-557
-604
-596
-481
-323
-157
38
192
318
380
360
282
129
-15
-181
-321
-408
-505
-514
-471
-379
-240
-147
-71
-13
0
-14
-15
-14
26
107
166
245
299
271
240
205
142
111
89
53
32
18
38
37
2
21
40
35
45
69
104
118
95
61
48
37
34
45
20
7
1
-27
-15
-16
-37
-41
-78
-80
-75
-100
-58
9
63
108
124
120
114
83
32
-9
-12
8
18
-8
-53
-36
1
34
86
103
100
36
-44
-66
-63
-14
31
15
-49
-117
-179
-203
-177
-136
-68
2
42
78
61
-39
-117
-167
-156
-126
-158
-124
-72
-45
-20
-36
-41
-47
-24
11
-18
-61
-74
-62
-38
-8
39
57
48
47
5
-40
-60
-76
-44
4
47
99
143
135
88
31
-4
-11
-21
-18
-39
-84
-97
-128
-161
-165
-151
-103
-92
-114
-95
-77
-30
61
130
208
251
241
239
213
162
110
36
-50
-93
-105
-114
-51
23
47
36
-21
-73
-116
-171
-196
-217
-226
-197
-183
-144
-78
-36
-3
-5
-28
-81
-154
-193
-217
-221
-150
-62
9
101
153
155
144
98
28
-55
-118
-145
-147
-77
36
150
221
217
185
150
95
22
-40
-95
-137
-130
-117
-77
18
124
220
260
282
303
247
160
105
72
28
5
38
85
132
163
153
148
178
151
105
77
34
31
47
81
152
239
308
326
332
318
281
229
139
49
-7
-55
-107
-115
-80
-48
-40
-45
-59
-91
-105
-113
-139
-177
-193
-153
-102
-50
-1
-2
-19
-17
-17
-34
-65
-117
-174
-195
-194
-178
-111
-33
25
75
74
20
-30
-67
-78
-80
-79
-48
-49
-73
-80
-109
-111
-55
-13
1
-14
-69
-70
-45
-41
-38
-50
-19
21
-5
-25
-25
-38
-42
-71
-114
-148
-157
-128
-105
-77
-37
-5
-19
-42
-27
-55
-119
-188
-250
-297
-346
-341
-288
-235
-152
-84
-56
-51
-49
-24
-60
-101
-95
-124
-111
-50
18
117
175
193
165
112
83
34
13
74
162
222
288
340
335
318
263
191
119
59
95
138
188
324
420
471
497
494
495
413
275
235
240
225
236
295
388
478
570
665
735
785
835
863
884
830
601
257
-170
-702
-1309
-1950
-2430
-2607
-2573
-2317
-1809
-1038
-107
687
1286
1746
1972
1873
1531
1086
619
191
-141
-326
-403
-356
-177
-45
-32
-98
-303
-681
-1133
-1510
-1709
-1760
-1610
-1149
-516
154
813
1359
1666
1645
1383
1010
483
-174
-758
-1152
-1360
-1349
-1089
-688
-287
62
280
289
145
-48
-243
-428
-534
-473
-292
-53
273
683
981
1040
928
727
422
-16
-385
-573
-687
-850
-1027
-1062
-978
-896
-785
-538
-199
78
280
437
469
420
383
370
301
195
143
28
-89
-73
30
120
142
189
229
168
119
179
304
437
579
765
928
990
973
920
839
688
474
307
193
85
44
132
306
512
758
958
1069
1139
1177
1180
1079
965
961
844
452
10
-303
-689
-1226
-1532
-1574
-1659
-1815
-1828
-1651
-1462
-1166
-639
-84
372
822
1181
1324
1396
1461
1382
1147
853
547
170
-285
-622
-802
-934
-1059
-1150
-1194
-1246
-1261
-1161
-1021
-883
-667
-407
-160
53
229
397
501
478
344
162
-61
-307
-591
-897
-1145
-1304
-1341
-1267
-1120
-882
-554
-293
-131
23
21
-269
-671
-875
-932
-1049
-980
-532
60
566
1028
1505
1789
1695
1283
736
53
-704
-1270
-1625
-1709
-1432
-923
-351
242
902
1441
1635
1638
1679
1567
1169
779
531
294
146
218
388
564
715
779
780
778
830
923
968
954
957
1027
1134
1331
1751
2284
2496
1998
872
-485
-2047
-3895
-5457
-5953
-5562
-4911
-3766
-1809
428
2261
3794
5110
5518
4848
3741
2379
710
-603
-1074
-1086
-946
-426
299
662
668
606
254
-664
-1758
-2640
-3377
-3867
-3614
-2447
-881
746
2462
3912
4530
4252
3440
2234
592
-1117
-2376
-3124
-3538
-3409
-2596
-1520
-551
345
1040
1069
428
-290
-843
-1482
-2007
-1888
-1241
-574
125
1002
1604
1620
1321
763
-256
-1440
-2202
-2527
-2613
-2235
-1325
-349
365
960
1370
1370
1125
846
424
-120
-416
-327
-69
276
787
1289
1486
1385
1214
986
574
179
9
7
71
206
465
756
934
1001
1037
964
720
454
370
489
776
1237
1984
2998
3697
3265
1627
-311
-2184
-4533
-6964
-7963
-7269
-6075
-4680
-2262
973
3708
5598
6917
7149
5905
3924
1828
-401
-2202
-2740
-2224
-1480
-556
697
1593
1610
1190
525
-841
-2746
-4310
-5193
-5608
-5169
-3393
-852
1533
3597
5314
6037
5411
3968
2157
71
-1968
-3410
-4142
-4344
-3754
-2270
-600
596
1498
2109
1833
601
-762
-1637
-2250
-2693
-2575
-1694
-499
616
1667
2584
3091
2899
2028
693
-754
-1945
-2638
-2744
-2257
-1237
12
1085
1920
2570
2859
2636
2041
1309
471
-358
-898
-1007
-727
-197
318
640
789
783
596
353
317
425
406
409
681
924
921
1075
1496
1676
1507
1449
1667
2037
2481
2291
558
-1808
-3299
-4741
-7329
-9078
-7796
-5416
-4329
-2855
744
4200
5580
6477
7597
7062
4686
2507
755
-1517
-2967
-2372
-1384
-1175
-386
1172
1544
559
-68
-551
-2348
-4500
-5381
-5612
-5785
-4587
-1594
1414
3587
5799
7660
7565
5735
3712
1559
-1358
-4184
-5808
-6406
-6298
-5156
-3141
-1159
550
2123
2853
2194
1092
438
-381
-1683
-2290
-1602
-545
329
1442
2719
3380
3203
2454
1104
-670
-2127
-3012
-3623
-3722
-2887
-1484
-195
1125
2663
3711
3833
3484
2826
1706
522
-125
-319
-487
-335
227
574
601
843
1174
962
410
104
29
-100
0
607
1271
1644
2020
2329
2220
1961
2035
2347
2556
2674
1849
-787
-3678
-5053
-6436
-9106
-10033
-7289
-4332
-3569
-1757
2716
6049
6518
7023
8009
6514
3087
785
-681
-2755
-3677
-2267
-893
-684
213
1816
1811
485
-94
-667
-2972
-5434
-6027
-5931
-5882
-4077
-275
2912
4709
6667
8246
7396
4774
2460
-35
-3589
-6514
-7356
-7278
-6856
-4910
-1948
149
1387
2595
2638
962
-522
-857
-1420
-2277
-1555
636
2338
3249
4281
4847
4009
2261
280
-2036
-4231
-5301
-5328
-4738
-3212
-705
1704
3213
4323
5163
4850
3455
2095
974
-340
-1283
-1178
-577
-31
728
1721
2150
1936
1786
1512
613
-406
-727
-668
-739
-452
602
1845
2590
3168
3826
4094
3785
3613
3432
1195
-3067
-6099
-6746
-8292
-11166
-10596
-5985
-2726
-2303
201
5325
7904
7225
7288
7742
5207
1491
-292
-1524
-3488
-3525
-1130
154
-201
695
2382
1772
-219
-1068
-1906
-4399
-6445
-6324
-5637
-4816
-2140
1931
4611
5919
7542
8403
6520
3226
934
-1214
-4565
-7427
-7712
-6502
-5481
-3912
-1201
1130
1867
1584
758
-667
-1851
-1910
-1455
-958
380
2657
4246
4431
4399
4257
2753
-103
-2689
-4383
-5739
-6288
-5204
-3025
-861
1151
3055
4208
4262
3863
3344
2258
839
-184
-604
-670
-348
514
1632
2409
2439
1923
1235
547
-170
-794
-1137
-1232
-1106
-683
16
846
1825
2849
3659
3806
3528
3545
3991
3491
424
-3565
-5734
-6577
-9091
-11793
-10169
-5684
-3304
-2443
1335
6446
8449
8183
8622
8242
5060
1669
-233
-2125
-4003
-3479
-1372
-452
-105
1417
2656
1728
94
-884
-2344
-4940
-6611
-6481
-5906
-4734
-1571
2537
5141
6768
8693
9172
6411
2713
431
-2075
-6088
-8687
-7739
-5898
-5106
-3367
188
2619
2588
1924
1374
59
-1434
-1668
-1231
-841
349
2358
3600
3765
3896
3482
1403
-1395
-3303
-4652
-5886
-5721
-3702
-1440
166
2016
3879
4335
3664
3178
2570
822
-968
-1553
-1549
-1465
-630
1013
2233
2575
2522
2199
1411
615
205
-283
-954
-1194
-792
-423
-18
1003
2338
3136
3392
3564
3821
4330
3210
-842
-5182
-6750
-7836
-11641
-13575
-9551
-4449
-3079
-1071
4845
9284
9427
9305
9981
7736
3543
877
-1175
-3783
-4344
-2078
-324
211
1889
3684
2767
637
-475
-2110
-5529
-8043
-8189
-8000
-7442
-4284
837
4760
7383
10179
11855
10193
6395
3088
22
-3810
-7440
-8998
-8650
-7373
-5384
-2822
-291
1702
2799
2138
168
-1248
-1371
-1440
-1373
182
2682
4192
4559
4853
4571
3044
728
-1628
-3946
-5614
-5991
-5280
-3765
-1410
1439
3300
3813
3812
3479
2373
993
186
-539
-1427
-1461
-407
477
1171
2540
3655
3160
1846
1142
507
-648
-1093
-410
93
131
817
1770
1821
1749
2611
3446
3119
2841
2006
-1414
-5731
-7660
-8534
-11706
-13294
-9438
-4692
-3395
-1281
4892
9588
9897
9835
10624
8194
3286
352
-1322
-3923
-5095
-2867
-653
-315
934
3392
3701
1908
621
-862
-4240
-7474
-8216
-8040
-7664
-4925
80
4028
6213
8821
11008
9989
6547
3506
635
-3308
-6849
-8208
-8108
-7336
-5231
-2267
25
1608
3083
3180
1225
-674
-1270
-1922
-2730
-1842
738
2893
3939
4737
4919
3799
1810
-279
-2429
-4330
-5221
-5088
-4232
-2521
-9
2100
3283
4047
4327
3493
1875
767
103
-763
-1312
-738
300
896
1543
2392
2662
2120
1473
855
-44
-684
-560
-172
-11
528
1524
2191
2322
2594
3128
3189
2660
738
-2956
-6684
-8573
-10005
-12542
-12812
-8875
-4550
-2655
125
5500
9388
10056
10104
10077
7535
3435
533
-1643
-3865
-4199
-2128
-484
-156
1004
2951
3029
1395
73
-1223
-4048
-7150
-8294
-7911
-6775
-4123
233
4182
6766
8751
9879
8704
5508
2468
-159
-3385
-6643
-7908
-7289
-6166
-4375
-1709
720
1922
2369
1865
336
-961
-1205
-1157
-1143
0
2007
3374
3798
4209
4157
2757
586
-1620
-3631
-5025
-5020
-4045
-2695
-709
1760
3334
3491
3615
3899
3251
1699
528
-184
-1070
-1471
-953
2
1124
2527
3422
3091
2425
2112
1651
677
90
371
614
364
126
595
1353
1953
2552
3054
2362
-999
-5439
-8200
-9226
-10984
-12548
-10200
-5495
-2895
-1854
1987
7115
9158
9025
9226
8434
4843
1123
-990
-2695
-3728
-2645
-630
69
402
1531
2039
1021
31
-463
-2034
-4569
-6204
-6480
-6137
-4697
-1498
2216
4886
6719
8054
8013
5934
2947
446
-1855
-4565
-6663
-6854
-5872
-4964
-3614
-1235
692
1066
798
648
111
-470
-141
740
1514
2498
3886
4404
3578
2473
1546
-93
-2316
-3762
-4289
-4506
-4074
-2179
138
1819
3314
4566
4555
3295
2142
1324
279
-690
-794
-460
-275
291
1381
2355
2743
2946
3095
2566
1443
708
684
724
743
1261
1896
1754
1340
1828
2749
2514
143
-3531
-6752
-9267
-12230
-14564
-13031
-8225
-4251
-1925
1738
6483
8821
8831
8951
8717
6147
2238
-934
-3142
-4254
-3523
-1412
483
1807
2963
3338
2130
36
-1712
-3258
-5303
-7277
-7964
-7181
-5231
-2076
1989
5647
8092
9632
9918
7724
3764
552
-1710
-4659
-7547
-7606
-5541
-4400
-3880
-1816
797
1353
402
-176
-447
-1038
-1018
57
1419
3038
5058
6414
5870
4279
2677
439
-2678
-5166
-5944
-5860
-5209
-3449
-768
1760
3675
5228
5827
5197
3873
2241
210
-1657
-2235
-1702
-797
301
1810
3261
3909
3885
3634
3193
2376
1470
787
243
-47
219
827
1428
2097
2919
2304
-1025
-4995
-7416
-9562
-12967
-14417
-11612
-7732
-5402
-2066
3680
7997
9311
9928
10155
7736
3624
585
-1644
-3844
-4470
-2806
-1029
50
1603
3224
3008
1350
59
-1234
-3669
-6469
-7955
-8092
-7234
-5012
-1488
2402
5883
8563
9821
9034
6493
3431
515
-2529
-5577
-7036
-6380
-5116
-4180
-2777
-727
393
303
108
50
-276
-268
541
1484
2328
3451
4619
4868
4095
3011
1542
-782
-3395
-4966
-5107
-4418
-2987
-687
1933
4072
5283
5396
4650
3591
2321
592
-1288
-2389
-2563
-2159
-1101
733
2953
4736
5736
5927
5519
4711
3574
2477
1496
713
21
-258
389
1482
1577
-554
-3568
-5833
-8311
-12233
-14611
-12491
-8776
-6700
-4358
835
5763
7521
8169
9216
8661
5575
2211
-612
-3289
-4672
-3658
-1938
-768
1060
3340
3851
2171
682
-210
-2489
-5983
-8150
-8516
-8333
-7119
-3806
511
3997
6710
8580
8325
6120
3909
1729
-1560
-4698
-5725
-5571
-5900
-5355
-2662
16
769
1046
1807
1584
164
-436
89
303
645
2103
3273
3002
2702
2994
2338
337
-1278
-2021
-2775
-3337
-2555
-706
1042
2629
4065
4874
4722
4284
3693
2362
556
-847
-1623
-2274
-2190
-776
1240
2951
4425
5724
6172
6048
5740
4959
3737
2609
2025
1576
556
-1664
-4284
-5720
-6732
-9232
-11803
-10999
-8026
-6485
-5428
-1692
3111
5287
5851
6836
6769
4338
1570
-263
-2316
-3949
-3272
-1365
-528
237
2306
3755
2905
1386
480
-1223
-4106
-6445
-7646
-8209
-7565
-5178
-2226
259
2948
5562
6379
5354
4235
3082
480
-2839
-4663
-5112
-5620
-5603
-4026
-1749
7
1410
2411
2545
2284
2336
2005
893
519
1226
1373
661
773
1505
1084
-187
-526
-323
-948
-1473
-812
169
622
1571
3050
3698
3637
3891
3734
2088
374
-312
-1034
-2194
-2260
-897
303
1348
3209
4934
5574
6028
6720
6146
4328
3551
3626
2246
-1052
-3847
-5195
-6553
-8522
-9933
-9108
-6977
-5286
-4320
-2536
561
3165
4391
4824
5132
4566
2870
795
-963
-2064
-2371
-2022
-1535
-885
340
1895
2703
2593
2234
1511
-406
-3103
-5152
-6270
-7008
-7001
-5496
-3031
-734
1178
2984
4149
4197
3371
2052
266
-1677
-3158
-3999
-4435
-4397
-3442
-2030
-665
634
1837
2455
2460
2455
2153
1232
414
534
884
646
481
930
1149
526
-16
67
65
-250
-87
654
1186
1647
2622
3546
3816
3812
3696
2816
1262
122
-526
-1268
-1760
-1390
-528
285
1344
2732
3945
4770
5232
5438
5325
4418
1997
-1314
-3861
-5661
-7924
-9974
-9452
-6939
-4915
-3502
-851
2612
4492
4912
5011
4597
2940
584
-1674
-3682
-4817
-4574
-3419
-2125
-420
1655
3243
3921
4149
4152
3428
1781
-482
-2801
-4656
-5812
-6322
-5872
-4204
-2160
-820
-90
563
791
196
-643
-1179
-1595
-2168
-2833
-3233
-2931
-1749
-355
772
2076
3359
3457
2272
1270
1007
459
-456
-665
-115
159
108
550
1363
1980
2330
2514
2030
928
-30
-634
-995
-1032
-258
937
1880
2641
3557
4443
4742
4539
3992
3058
1702
321
-755
-1381
-1219
-334
695
1463
2359
3369
4022
3993
3074
1353
-853
-3031
-5495
-7902
-8559
-7109
-5262
-4049
-2080
817
2788
3402
4071
4874
4201
2237
127
-2062
-4302
-5465
-5115
-4641
-4287
-3030
-1307
-527
-172
1314
3307
4175
4172
4293
3905
2386
740
-248
-1099
-2056
-2627
-2977
-3643
-4153
-3799
-3155
-2915
-2470
-1591
-1247
-1797
-2153
-1660
-1263
-1303
-964
-51
522
546
918
1633
1864
1586
1536
1677
1511
1158
1123
1306
1319
1238
1334
1525
1494
1245
921
768
662
425
218
373
779
854
841
1271
1842
1928
1848
2080
2180
1713
1234
1149
1007
829
1059
1542
1507
1260
1362
1514
1344
891
600
287
-81
-686
-1603
-2224
-2121
-1692
-1819
-1931
-1245
-383
-201
-128
556
1021
632
26
-357
-1253
-2735
-3799
-4291
-4962
-5475
-5015
-4077
-3412
-2520
-718
1093
2004
2631
3434
3685
2955
2105
1700
1278
664
214
-21
-357
-661
-779
-780
-530
-81
226
66
-315
-667
-1116
-1552
-1860
-2098
-2174
-1930
-1581
-1538
-1510
-900
-75
330
581
1056
1339
1154
933
992
1014
953
1227
1391
1031
757
828
624
91
96
569
638
492
893
1614
2030
2478
3198
3512
3137
2529
1978
1259
531
194
63
-100
-129
147
450
723
1134
1585
1621
1059
289
-497
-1330
-2124
-2497
-2149
-1476
-942
-357
385
985
1101
966
815
318
-629
-1690
-2533
-3262
-3792
-3880
-3615
-3346
-3016
-2356
-1713
-1269
-800
-262
-152
-387
-236
236
472
501
761
963
750
512
502
358
-4
-26
299
275
-60
48
568
730
547
613
747
369
-272
-590
-698
-983
-1276
-1293
-1167
-1065
-861
-363
122
414
692
854
707
343
225
375
383
336
583
978
1147
1290
1646
1951
1946
1870
1904
1745
1408
1200
1162
1063
1028
1322
1568
1440
1278
1282
1000
307
-130
-137
-204
-410
-318
42
139
92
293
544
506
376
342
135
-310
-754
-1097
-1317
-1282
-1014
-802
-622
-393
-475
-951
-1518
-1882
-2353
-3016
-3322
-3240
-3106
-3025
-2552
-1745
-1095
-662
-250
239
494
494
387
330
329
103
-356
-761
-711
-469
-420
-293
130
648
866
851
888
1076
1236
1148
1056
1145
1220
962
509
175
-50
-341
-620
-737
-778
-807
-897
-877
-588
-188
113
287
486
648
593
406
268
201
146
159
277
400
591
974
1384
1580
1778
2130
2268
2044
1756
1633
1477
1233
1119
912
472
112
38
60
-83
-191
-77
4
-81
0
402
779
989
1235
1348
969
380
8
-295
-733
-919
-745
-701
-969
-1123
-998
-1016
-1245
-1463
-1632
-2008
-2556
-2943
-3116
-3025
-2657
-2090
-1567
-1084
-449
179
600
798
853
733
397
-70
-573
-1036
-1384
-1456
-1179
-800
-465
-29
584
1075
1279
1479
1716
1707
1413
1142
899
408
-155
-395
-393
-533
-742
-650
-435
-431
-484
-393
-305
-267
-58
226
275
246
394
458
291
172
113
-125
-272
62
439
514
714
1283
1700
1657
1690
1918
1819
1394
1094
861
375
-85
-265
-348
-366
-179
129
357
545
808
1002
1058
1088
1079
839
448
216
92
-88
-175
33
319
374
337
325
230
95
28
-95
-395
-678
-893
-1326
-1842
-2063
-2025
-1998
-1943
-1652
-1278
-964
-640
-251
109
304
329
120
-283
-659
-925
-1129
-1160
-967
-753
-609
-372
-119
47
337
773
1021
905
806
744
390
20
36
200
-12
-282
-213
-270
-708
-909
-588
-365
-320
31
449
342
39
151
166
-298
-424
-7
98
-258
-316
53
226
278
709
1291
1632
1795
1866
1690
1267
786
180
-548
-1075
-1304
-1491
-1650
-1384
-689
59
713
1320
1828
2139
2174
1854
1313
817
392
-188
-791
-1097
-1085
-989
-863
-562
-142
253
497
590
611
634
555
265
-161
-544
-715
-818
-894
-841
-667
-487
-451
-504
-448
-275
-138
-97
-79
-33
-132
-351
-479
-475
-478
-557
-527
-405
-272
-110
164
514
774
987
1072
906
526
137
-180
-609
-1041
-1192
-1104
-1039
-1013
-784
-338
37
222
387
535
493
354
258
140
-59
-206
-180
-205
-279
-85
291
518
577
725
875
814
692
789
1019
1070
927
737
562
345
96
-193
-562
-814
-948
-1063
-1098
-940
-480
15
298
526
847
1004
747
396
194
-89
-599
-958
-920
-792
-565
17
658
940
1036
1144
956
406
-41
-230
-545
-987
-1138
-1045
-979
-884
-569
-162
120
400
593
529
339
211
107
-65
-188
-291
-418
-463
-398
-352
-270
-32
227
388
531
722
830
812
811
865
792
574
359
166
-94
-457
-773
-966
-1062
-1065
-1005
-911
-821
-790
-763
-633
-417
-272
-208
-27
217
286
191
105
50
1
16
124
269
433
640
825
964
1077
1131
1053
872
642
395
192
-22
-287
-496
-481
-233
50
407
903
1304
1370
1088
654
133
-439
-921
-1212
-1350
-1363
-1200
-947
-628
-200
309
726
885
840
680
397
-24
-417
-641
-781
-921
-960
-816
-667
-574
-389
-70
189
295
406
498
465
319
142
-18
-128
-88
36
102
200
432
669
727
672
603
427
133
-147
-299
-353
-260
-78
-19
-39
-23
-26
-161
-321
-363
-376
-511
-696
-747
-731
-696
-523
-268
-109
-92
-135
-228
-485
-731
-704
-614
-625
-520
-149
248
473
684
974
1231
1329
1285
1132
889
616
338
30
-272
-356
-283
-196
-37
298
736
954
963
960
939
782
470
127
-160
-365
-564
-712
-702
-554
-348
-196
-107
-70
-83
-129
-164
-171
-197
-254
-409
-666
-900
-952
-847
-738
-552
-152
232
322
291
393
457
269
42
-58
-113
-201
-216
-124
-12
164
325
381
348
386
473
409
301
284
270
141
35
110
208
125
-23
-72
-219
-579
-899
-984
-921
-843
-634
-323
-130
-4
185
354
285
67
-70
-233
-537
-840
-915
-792
-595
-296
61
355
514
607
648
556
405
332
265
83
-51
50
233
329
495
820
1000
925
812
774
683
494
427
445
418
374
284
123
-5
31
74
-4
-77
-46
-20
-57
67
311
418
332
203
26
-376
-770
-913
-972
-1151
-1306
-1167
-958
-858
-621
-143
296
446
481
496
303
-65
-321
-369
-386
-347
-171
-16
18
17
106
190
218
303
399
359
158
39
49
15
-8
81
197
136
-36
-156
-286
-444
-592
-689
-759
-782
-660
-454
-213
73
327
393
296
197
105
-64
-264
-329
-335
-358
-278
-56
261
551
795
900
800
607
316
-90
-459
-582
-510
-387
-155
212
584
807
976
1185
1202
927
618
419
157
-171
-236
-50
62
146
398
686
781
802
879
835
589
360
223
-14
-269
-323
-267
-309
-399
-369
-367
-566
-766
-775
-798
-883
-775
-508
-344
-316
-204
-25
-24
-141
-102
7
-58
-223
-256
-220
-295
-338
-226
-79
3
75
179
247
283
329
326
250
158
93
-9
-210
-390
-493
-571
-643
-611
-401
-200
-85
39
159
161
24
-102
-183
-313
-488
-621
-634
-572
-514
-373
-103
148
286
366
429
399
284
216
204
117
-10
-80
-128
-212
-242
-111
68
202
311
360
334
255
208
250
297
342
454
565
577
559
617
729
825
910
998
985
816
642
487
260
57
-4
-41
-179
-281
-334
-484
-671
-678
-547
-518
-511
-344
-171
-155
-165
-80
-1
11
2
-37
-138
-236
-302
-384
-425
-350
-232
-164
-37
180
336
412
474
507
418
264
139
-45
-285
-426
-463
-538
-616
-537
-338
-211
-162
-80
18
-18
-148
-216
-255
-309
-337
-336
-395
-470
-420
-303
-224
-116
60
168
120
-5
-67
-16
59
97
118
130
117
-8
-185
-250
-213
-180
-183
-149
-93
-72
-71
-86
-100
-97
-33
41
35
9
82
203
264
439
789
1073
1176
1200
1233
1140
897
696
543
346
136
-10
-155
-281
-288
-209
-156
-105
33
122
91
6
-56
-124
-243
-279
-237
-153
-42
88
194
198
123
26
-94
-225
-297
-292
-224
-111
32
225
423
546
605
563
413
233
13
-237
-402
-429
-417
-429
-398
-301
-211
-168
-126
-64
-44
-82
-165
-295
-430
-516
-547
-547
-499
-397
-289
-227
-113
84
261
343
299
196
-11
-281
-505
-652
-674
-606
-444
-226
-42
94
196
199
72
-72
-155
-223
-316
-357
-305
-285
-334
-319
-203
-48
123
329
556
653
633
613
548
428
345
368
406
345
268
299
343
321
285
254
197
110
83
87
97
162
264
312
255
222
251
223
116
52
60
-3
-130
-178
-100
15
123
301
469
532
476
335
149
-58
-194
-259
-278
-225
-66
136
217
235
244
183
41
-88
-149
-202
-242
-278
-356
-518
-671
-698
-651
-610
-518
-327
-144
-68
-31
44
63
-9
-63
-88
-161
-300
-356
-315
-305
-266
-187
-116
-78
-75
-71
-119
-236
-295
-270
-269
-292
-266
-180
-142
-235
-312
-313
-259
-177
-86
26
95
108
63
6
-55
-87
-39
37
95
147
236
303
353
395
412
404
379
409
400
383
408
421
413
380
331
237
193
204
239
293
308
323
320
300
279
289
290
275
284
267
241
224
233
205
59
-105
-208
-238
-265
-248
-131
21
96
74
72
44
-64
-220
-317
-326
-367
-361
-306
-227
-131
-65
-29
-44
-35
-69
-168
-262
-305
-262
-256
-319
-367
-334
-309
-312
-251
-129
-18
50
140
156
146
136
71
-24
-205
-265
-245
-269
-227
-113
28
72
79
67
12
-14
-13
-24
-73
-176
-311
-444
-561
-533
-400
-301
-209
-73
85
195
308
426
474
403
290
222
181
177
280
450
535
562
594
598
430
220
115
37
-3
-51
-32
20
53
133
211
321
415
433
355
178
37
-8
-14
-4
24
65
61
4
-7
29
31
-20
-98
-177
-287
-401
-450
-471
-431
-325
-155
-50
-47
47
154
170
33
-90
-157
-321
-469
-497
-379
-274
-175
-25
47
37
36
71
23
-84
-133
-103
-121
-186
-148
-63
1
15
99
216
200
171
152
129
68
33
39
-44
-137
-229
-283
-377
-450
-390
-302
-234
-203
-91
22
64
29
48
139
164
250
348
431
410
358
344
268
211
149
189
244
253
303
342
339
207
66
-44
-123
-139
-78
86
248
333
342
345
258
165
102
-5
4
37
47
-18
-118
-125
-114
-82
-111
-80
-45
-115
-159
-215
-214
-223
-252
-279
-303
-234
-200
-154
-107
-103
-140
-275
-399
-434
-406
-350
-252
-155
-104
-87
-53
-19
-66
-30
47
12
-93
-186
-135
-113
-89
25
163
299
341
469
517
528
498
341
224
61
19
10
25
2
-41
-82
-230
-205
-157
-91
-103
-131
-103
-144
-117
-163
-107
-78
-38
97
187
324
314
325
298
245
280
249
222
153
97
54
47
89
155
168
79
-3
-20
67
108
196
286
284
281
170
82
-19
-126
-187
-247
-234
-257
-235
-221
-257
-202
-239
-275
-280
-264
-176
-208
-184
-116
-78
-109
-216
-193
-259
-369
-340
-324
-341
-368
-313
-214
-175
-148
-83
-57
-28
9
45
78
-11
-11
-28
-55
55
122
252
339
392
445
393
361
296
246
204
150
158
113
54
-7
-32
21
20
59
103
103
107
40
87
140
99
74
-29
-24
14
60
128
150
249
257
234
181
189
225
168
164
131
141
126
115
118
84
118
129
108
57
32
-14
-129
-197
-182
-141
-219
-287
-288
-311
-265
-176
6
81
30
-11
-201
-335
-338
-249
-90
0
63
93
57
54
-10
-149
-252
-406
-494
-577
-574
-361
-198
-68
7
46
22
-121
-205
-265
-383
-471
-465
-395
-319
-257
-142
-35
-2
105
205
262
282
311
417
375
346
391
357
281
165
134
185
222
279
323
257
197
142
116
161
123
124
105
106
134
162
293
305
276
157
55
-21
-138
-73
-59
74
207
214
300
288
327
241
115
117
42
31
6
6
84
68
48
68
-11
-62
-153
-323
-403
-495
-399
-302
-246
-129
-158
-142
-171
-156
-117
-77
12
16
102
86
57
96
33
-61
-205
-295
-292
-319
-281
-200
-248
-285
-387
-414
-349
-319
-168
-162
-125
-92
-74
-23
-113
-37
-108
-178
-156
-193
-70
-46
25
81
105
186
172
143
106
137
130
99
150
214
247
245
203
164
171
172
266
313
259
242
169
124
106
109
161
149
163
192
193
184
186
207
189
161
109
137
143
107
155
162
177
178
164
155
133
118
136
137
72
65
28
-50
-96
-102
-110
-141
-173
-219
-209
-260
-306
-317
-351
-314
-323
-259
-161
-66
57
27
-15
-79
-119
-96
-131
-97
-70
-92
-110
-196
-238
-208
-226
-177
-113
-67
-16
-35
-75
-181
-265
-332
-397
-370
-306
-167
-82
-36
59
104
132
118
110
124
75
60
72
122
173
118
164
159
79
112
149
215
210
222
219
154
172
80
86
79
-39
-5
-44
-9
0
-33
8
-67
-19
-5
-9
86
101
108
85
81
142
200
247
233
231
289
241
208
190
183
189
111
127
99
62
22
-75
-99
-174
-239
-256
-240
-253
-279
-217
-246
-234
-130
-116
-22
12
1
84
97
106
41
-73
-124
-205
-228
-180
-130
-25
18
54
104
66
49
2
-75
-150
-196
-173
-126
-58
10
92
192
177
118
70
-1
-2
-45
-39
30
12
59
110
163
222
240
254
208
166
86
26
-35
-111
-125
-125
-96
-128
-113
-89
-115
-138
-165
-109
-106
-112
-90
-126
-93
-23
33
104
123
105
91
6
32
84
7
-35
-133
-137
-138
-170
-19
59
112
142
129
118
75
20
-62
-115
-158
-129
-47
24
87
142
159
99
32
-45
-57
-70
-109
-56
13
69
97
125
101
63
18
-44
-5
3
40
66
67
63
-25
-9
-15
-38
-14
-10
60
65
38
40
10
-30
-122
-147
-86
-60
17
84
150
281
285
270
253
221
186
59
42
49
55
100
74
91
116
113
36
-22
-71
-163
-158
-153
-118
-92
-88
-30
-60
-98
-132
-193
-203
-265
-284
-221
-229
-209
-169
-125
-111
-164
-90
-36
-22
17
2
23
-23
-52
-69
-136
-148
-177
-84
-1
39
133
122
90
56
-7
-71
-74
-35
5
81
164
244
249
242
214
184
209
178
153
81
-34
-69
-127
-144
-119
-147
-143
-124
-72
5
38
42
34
9
26
81
92
102
70
60
27
-40
-4
20
33
-1
-14
78
114
122
143
202
223
187
227
304
307
257
207
134
73
-24
-90
-102
-152
-184
-183
-151
-138
-142
-132
-172
-173
-138
-108
-33
0
17
32
25
17
-40
-86
-145
-190
-171
-168
-167
-197
-204
-193
-199
-196
-241
-231
-229
-232
-173
-128
-33
-8
-29
-33
-95
-68
-68
-67
54
105
170
190
170
208
166
124
104
148
192
178
259
293
297
299
205
145
55
-23
-47
-57
-37
-76
-87
-75
-94
-80
-50
-20
42
111
199
248
216
198
109
63
-1
-89
-52
-53
-18
36
75
116
152
205
207
197
144
123
102
96
137
103
102
58
-41
-78
-140
-179
-178
-208
-212
-167
-96
-47
-18
28
17
-36
-101
-148
-151
-160
-176
-178
-162
-163
-163
-155
-158
-173
-216
-218
-221
-233
-241
-254
-259
-280
-219
-129
-32
58
65
104
116
47
32
21
-9
2
-19
2
59
81
125
120
153
170
153
185
160
189
206
178
205
194
181
149
120
152
157
142
141
130
128
97
46
33
24
29
51
114
147
122
117
63
44
5
-51
-46
-58
-40
-16
19
58
97
104
84
54
8
-6
-65
-137
-176
-163
-147
-143
-108
-93
-70
-103
-118
-100
-128
-123
-122
-95
-71
-35
54
87
115
118
90
73
-14
-83
-136
-251
-272
-257
-222
-168
-146
-72
-61
-68
-83
-153
-156
-188
-218
-219
-224
-170
-107
-58
-16
30
78
87
95
90
64
59
55
57
84
135
191
187
215
278
285
261
202
159
112
69
31
-8
20
50
89
114
115
144
128
119
119
95
94
86
96
66
29
61
59
53
24
-46
-110
-148
-178
-175
-133
-91
-33
-42
-24
11
16
19
-48
-73
-137
-200
-209
-227
-205
-216
-203
-157
-109
-70
-43
-35
-28
-14
-49
-43
10
69
75
69
67
54
79
27
33
66
7
-40
-81
-70
-105
-197
-210
-151
-66
-94
-158
-117
-83
-108
-181
-213
-147
-98
-57
-9
55
173
231
266
277
277
296
211
169
110
27
-16
-63
19
81
109
180
208
237
215
134
100
38
-22
-21
-19
34
61
79
114
114
117
127
165
172
131
137
178
129
58
29
4
-7
-64
-84
-43
-29
-11
6
-5
-43
-110
-204
-239
-213
-202
-156
-120
-86
-33
-78
-134
-193
-242
-253
-302
-271
-224
-155
-66
-57
-28
-14
-13
-7
3
31
16
13
15
48
82
10
22
44
-7
5
-39
-30
-40
-109
-68
-99
-96
-76
-98
-51
-93
-100
-100
-126
-98
-97
-12
35
88
189
202
212
147
86
18
-7
33
27
100
169
276
343
308
352
307
235
189
139
151
98
89
111
82
70
33
46
39
3
44
45
63
87
116
158
146
158
135
69
9
-68
-111
-121
-116
-56
-12
-1
40
56
40
20
2
-40
-84
-115
-93
-67
-94
-85
-147
-201
-245
-323
-286
-262
-192
-87
-56
5
0
-11
-25
-83
-80
-131
-129
-73
-61
-23
-9
27
54
43
30
17
-10
-45
-50
-76
-120
-168
-193
-163
-118
-65
-11
15
33
48
99
172
198
207
189
168
166
146
133
124
95
32
24
82
143
204
243
308
321
245
194
126
66
23
-12
-12
3
52
49
-1
-25
-39
-19
-21
-2
47
82
124
138
144
53
-33
-59
-136
-144
-131
-86
-29
-34
20
62
89
130
166
184
131
84
22
-58
-133
-205
-229
-248
-249
-257
-260
-182
-144
-125
-111
-153
-192
-256
-316
-333
-354
-301
-231
-211
-174
-113
-19
13
3
33
-2
-64
-96
-99
-60
-21
12
36
-5
-50
-110
-176
-150
-120
-57
-27
33
149
159
200
191
117
16
-133
-157
-189
-156
-63
-10
102
173
304
355
346
367
301
202
50
-4
-76
-106
-24
3
117
172
248
294
233
271
216
157
117
42
34
-31
-10
32
5
24
-7
5
0
2
64
33
82
150
145
77
-4
17
-63
-120
-121
-152
-148
-182
-128
-117
-175
-154
-155
-135
-169
-167
-127
-144
-105
-153
-191
-142
-147
-148
-153
-112
-21
-24
-26
0
5
6
-25
-18
-45
-78
-56
-50
-7
-7
-56
-85
-132
-199
-210
-181
-167
-143
-110
-59
-20
10
60
102
62
-29
-40
-18
-47
-63
-34
0
-17
-55
-44
-14
15
51
105
137
155
185
172
179
166
133
92
27
40
33
48
142
189
240
257
234
180
122
133
140
108
93
133
153
97
68
107
116
37
-47
-90
-79
5
84
180
306
358
288
154
92
1
-151
-272
-323
-282
-232
-94
112
262
346
341
251
103
-35
-166
-271
-326
-332
-281
-235
-126
48
198
307
318
292
200
50
-62
-193
-253
-257
-283
-290
-261
-142
-45
9
78
46
-16
-103
-169
-148
-117
-4
80
99
121
112
44
-54
-106
-201
-278
-284
-261
-196
-115
39
170
224
265
245
172
80
15
-7
-92
-165
-142
-80
44
176
315
398
355
271
102
-36
-73
-90
-70
-70
13
80
63
67
66
53
-52
-155
-204
-178
-111
-21
155
264
304
238
113
26
-83
-187
-247
-202
-137
-96
22
143
228
253
201
112
-44
-166
-251
-299
-275
-268
-198
-77
15
98
135
160
136
0
-144
-238
-248
-235
-201
-105
-24
35
28
48
58
-7
-51
-134
-213
-267
-255
-196
-169
-112
-78
-67
-34
13
76
84
61
45
-7
-69
-105
-99
-76
-47
-17
-29
-20
-9
-43
-63
-65
-35
-8
-13
16
46
59
45
4
-48
-93
-96
-71
3
55
95
150
185
200
165
189
176
105
36
-52
-80
-119
-122
-58
-27
2
43
63
77
76
32
-4
-7
-27
-65
-106
-122
-108
-132
-161
-124
-79
-56
-13
49
112
148
176
200
170
124
54
-64
-177
-269
-342
-341
-272
-139
9
145
302
384
346
220
93
-15
-130
-208
-252
-241
-199
-109
22
95
137
117
16
-90
-204
-280
-309
-248
-140
-78
17
122
156
151
125
68
-17
-134
-173
-166
-148
-41
55
140
182
174
203
166
81
55
32
-9
-35
-5
50
93
146
174
191
198
173
167
168
175
173
141
121
98
70
20
33
86
75
101
98
74
93
123
170
167
140
122
125
122
88
132
173
151
118
88
96
99
86
93
110
129
116
81
66
30
-11
-62
-98
-64
-61
-27
17
-23
-26
-41
-57
-65
-73
-45
-32
-2
-7
-15
-30
-71
-89
-111
-106
-97
-62
-32
-24
9
39
32
-12
-43
-65
-111
-206
-237
-185
-160
-88
19
83
110
110
50
-32
-88
-171
-254
-344
-371
-297
-202
-88
-1
91
135
76
12
-68
-112
-138
-156
-151
-117
-9
80
122
181
267
289
258
256
242
209
145
63
14
-8
1
37
47
52
51
17
-11
-3
39
67
74
61
57
39
-33
-70
-72
-84
-120
-123
-94
-67
16
71
75
86
54
11
-37
-70
-60
-66
-78
-90
-83
-77
-26
47
60
77
71
64
61
34
40
45
33
-22
-93
-145
-176
-151
-105
-47
-4
-2
-7
-24
-44
-54
-67
-87
-137
-195
-246
-241
-150
-70
17
117
160
200
189
142
93
9
-77
-180
-233
-249
-204
-97
-15
108
196
204
202
149
80
18
-37
-82
-107
-97
-96
-80
-33
38
115
153
171
205
188
120
46
-34
-69
-83
-88
-75
-78
-62
-56
-39
-52
-89
-80
-79
-64
-48
-14
20
11
-3
-37
-36
-33
-60
-69
-120
-153
-162
-175
-145
-125
-116
-80
-69
-88
-105
-138
-190
-207
-181
-157
-130
-93
-56
-30
-31
-35
-39
-72
-91
-112
-138
-122
-92
-59
-17
45
94
91
86
60
-4
-53
-83
-105
-88
-38
13
75
123
145
159
167
155
115
91
50
3
-18
-20
-4
0
36
53
68
112
132
159
184
209
196
167
165
178
202
205
204
200
219
218
171
171
191
156
124
114
94
93
105
95
94
97
86
98
93
71
45
-12
-57
-92
-78
-27
1
44
66
54
33
-22
-51
-57
-62
-71
-77
-51
-64
-68
-52
-49
-42
-69
-82
-102
-130
-140
-168
-173
-181
-177
-136
-111
-100
-97
-101
-103
-108
-119
-145
-152
-154
-189
-203
-187
-170
-144
-101
-45
-13
21
59
79
108
103
103
129
111
80
91
82
36
16
13
35
59
96
157
177
174
158
128
83
48
26
1
-14
-21
-1
1
8
78
127
141
154
189
225
210
201
206
184
153
105
74
82
92
120
153
156
162
160
152
123
91
56
20
41
26
14
28
23
47
44
37
33
19
-8
-40
-47
-55
-57
-50
-55
-63
-70
-84
-114
-167
-198
-207
-226
-216
-176
-141
-95
-29
18
17
8
-23
-73
-119
-168
-205
-220
-201
-179
-124
-43
-5
31
43
19
-25
-85
-115
-130
-135
-127
-112
-55
34
90
150
203
175
129
74
5
-32
-62
-84
-100
-90
-33
25
78
104
105
99
55
4
-16
-33
-40
-30
-27
-19
17
63
89
112
123
113
112
100
77
63
54
17
-7
-23
-45
-58
-72
-58
-62
-53
-21
-5
16
27
-3
-45
-53
-79
-100
-93
-108
-102
-69
-46
-23
10
39
20
-32
-69
-119
-178
-190
-170
-145
-125
-132
-130
-148
-174
-158
-142
-140
-145
-142
-139
-141
-144
-127
-123
-165
-161
-162
-187
-185
-185
-162
-132
-119
-103
-93
-64
-13
12
29
32
15
7
8
21
47
69
107
133
141
156
157
170
181
171
148
142
111
54
50
50
38
31
24
3
-5
13
14
13
38
45
34
40
34
54
71
92
103
100
130
133
144
182
191
201
207
200
177
151
143
110
72
61
19
-17
-19
-21
-8
17
44
58
51
51
39
-4
-27
-50
-88
-116
-125
-141
-134
-124
-134
-115
-97
-87
-91
-98
-105
-110
-116
-144
-147
-133
-137
-126
-121
-107
-64
-55
-55
-51
-53
-63
-68
-77
-100
-112
-139
-165
-159
-130
-121
-98
-25
-8
-4
13
18
53
63
77
108
113
125
134
133
123
107
78
65
48
11
38
63
72
110
128
138
139
120
103
83
66
58
43
40
41
37
60
86
75
69
70
79
87
74
84
96
109
113
97
105
126
131
134
134
123
114
111
108
116
122
111
115
115
95
96
72
62
65
41
17
-11
-30
-50
-57
-59
-58
-37
-38
-44
-48
-53
-57
-96
-118
-118
-109
-97
-100
-85
-56
-25
8
36
50
50
40
25
11
-1
1
-4
-27
-43
-67
-89
-93
-89
-71
-67
-61
-42
-36
-4
15
12
10
11
31
12
2
33
48
56
55
52
34
3
0
4
16
33
19
16
25
33
47
55
51
39
24
7
0
14
33
30
37
37
20
8
-14
-21
-30
-52
-68
-85
-87
-99
-116
-104
-90
-97
-101
-100
-99
-102
-104
-92
-82
-76
-69
-69
-56
-40
-22
-9
-5
4
12
18
5
2
6
-1
-25
-41
-42
-49
-53
-59
-77
-73
-82
-109
-98
-92
-78
-60
-66
-59
-54
-56
-67
-64
-49
-44
-55
-57
-53
-45
-26
-36
-39
-23
-7
21
44
61
59
48
44
45
61
85
94
107
131
139
144
154
153
166
156
123
106
81
83
92
89
93
70
60
55
64
73
62
56
52
62
74
73
76
60
16
-12
-43
-60
-43
-41
-20
8
18
28
27
21
8
-3
-8
-33
-44
-36
-55
-61
-54
-72
-81
-68
-61
-75
-83
-92
-96
-94
-100
-102
-103
-95
-89
-91
-90
-102
-97
-89
-93
-80
-65
-58
-62
-49
-38
-40
-35
-31
-27
-8
2
-6
-5
-28
-51
-42
-54
-45
-18
-12
-17
-19
-16
-16
-24
-43
-42
-43
-51
-37
-20
13
59
79
90
115
133
144
170
184
184
181
157
134
127
117
118
126
115
100
109
116
113
131
134
114
106
81
61
65
51
50
69
69
60
48
41
19
-2
-14
-29
-30
-30
-43
-39
-19
-7
7
-4
-17
-27
-47
-45
-40
-41
-20
-9
-14
-4
-4
-13
-11
-7
-9
-22
-35
-46
-58
-46
-40
-36
-31
-48
-69
-67
-51
-47
-47
-54
-66
-72
-78
-65
-46
-41
-35
-28
-35
-28
-21
-16
-3
11
32
25
19
36
42
53
66
69
53
50
48
14
7
8
8
21
14
35
57
65
78
94
105
84
64
50
36
26
16
22
28
32
55
76
80
77
61
17
-26
-61
-96
-111
-107
-76
-36
-20
-33
-39
-40
-67
-58
-66
-99
-81
-76
-83
-80
-70
-50
-36
-18
-5
-3
-22
-43
-50
-60
-68
-66
-52
-51
-60
-50
-50
-56
-69
-91
-102
-116
-119
-109
-93
-69
-65
-53
-35
-30
-13
5
8
-13
-42
-57
-77
-85
-78
-59
-35
-11
3
3
14
16
16
23
29
34
42
38
32
47
74
82
75
80
58
36
46
59
80
95
94
100
115
116
107
114
114
93
84
80
68
73
89
91
81
84
71
42
30
11
22
35
11
-9
-24
-27
-27
-24
-7
-1
10
20
23
25
16
19
33
34
31
21
8
2
-17
-33
-24
-27
-30
-28
-34
-20
-13
-17
-18
-29
-36
-68
-89
-87
-101
-108
-108
-111
-106
-105
-113
-101
-94
-99
-104
-118
-131
-141
-132
-129
-128
-101
-84
-101
-106
-103
-97
-76
-50
-10
-4
-4
11
17
35
53
67
53
35
38
46
56
39
41
48
22
-3
5
14
6
34
61
69
80
66
67
69
55
65
62
66
91
112
127
124
128
124
94
67
57
42
12
1
1
3
19
11
6
25
14
8
17
13
9
9
14
14
22
26
15
8
14
16
0
0
9
4
4
0
-1
12
28
24
15
5
-8
-29
-42
-45
-55
-67
-86
-95
-90
-95
-97
-99
-87
-62
-49
-41
-37
-50
-78
-86
-108
-139
-137
-134
-121
-94
-75
-40
-6
15
42
50
30
10
8
2
-13
-19
-6
25
37
55
84
73
62
52
22
18
22
8
7
19
37
51
55
50
37
36
31
23
35
39
40
32
39
65
58
66
68
44
33
12
14
14
15
35
27
47
40
15
34
11
8
33
19
8
7
-8
-31
-57
-80
-91
-94
-85
-77
-70
-53
-27
-15
-1
24
24
18
10
12
28
25
25
30
39
32
23
48
50
33
35
26
27
28
18
20
13
2
-17
-36
-53
-52
-38
-40
-27
-27
-31
-33
-44
-51
-64
-72
-63
-58
-34
-15
-3
19
12
23
40
36
39
49
56
63
67
83
99
105
117
110
103
83
56
51
33
29
32
44
65
72
87
87
69
60
45
32
23
17
14
6
0
-10
-15
-32
-60
-69
-83
-96
-99
-91
-72
-57
-35
-17
-26
-23
-30
-66
-76
-77
-69
-49
-31
3
28
48
61
55
66
59
37
31
27
41
63
69
66
77
70
51
28
12
0
-19
-21
-23
-29
-11
-13
-25
-39
-73
-84
-98
-113
-99
-93
-86
-62
-25
-5
-9
0
7
6
11
7
0
-5
-12
-12
-9
-8
16
29
26
49
44
40
52
47
51
54
45
25
11
0
3
10
-6
-21
-23
-32
-40
-29
-7
-1
-5
10
9
-1
4
-6
-14
-28
-53
-65
-68
-71
-66
-58
-45
-18
12
18
20
22
8
-9
-36
-38
-24
-22
-26
-16
1
5
4
3
-3
-13
-25
-30
-18
7
6
5
17
24
37
31
42
50
39
41
32
31
43
47
37
37
41
38
28
16
19
8
-21
-32
-28
-24
-12
-15
-14
-1
6
16
22
40
46
37
25
12
-1
-12
-23
-37
-33
-27
-16
-10
6
20
28
53
53
45
46
19
-4
-16
-27
-27
-34
-35
-17
3
5
-2
6
1
-17
-34
-37
-41
-42
-34
-31
-25
-26
-31
-30
-34
-22
-26
-49
-51
-50
-50
-40
-41
-32
-25
-36
-29
-24
-24
-20
-20
-22
-22
-21
-11
-5
-9
-7
-19
-24
-19
-27
-33
-36
-42
-50
-41
-28
-31
-25
-7
15
30
46
65
79
81
65
74
77
65
85
89
78
84
91
91
88
81
63
56
51
28
9
9
-5
-14
-4
-12
-23
-26
-25
-30
-30
-22
-21
-26
-28
-21
-17
-12
-14
-13
-1
4
6
18
22
21
29
37
41
43
44
37
19
22
21
15
23
34
57
59
59
56
32
23
17
3
-3
-3
-1
3
-6
-23
-28
-40
-51
-50
-63
-73
-82
-89
-86
-89
-73
-57
-59
-65
-63
-63
-70
-65
-62
-56
-53
-45
-22
-20
-19
-3
5
9
16
34
42
39
47
51
52
47
48
44
22
25
39
43
50
38
32
30
11
0
-9
-19
-24
-38
-42
-34
-34
-38
-46
-41
-37
-51
-56
-52
-57
-55
-39
-5
15
10
17
15
2
-3
-4
1
8
26
44
61
80
76
81
86
68
57
39
33
38
47
67
77
80
78
75
70
72
76
73
69
59
54
52
46
35
24
10
5
4
-7
-17
-26
-33
-36
-36
-36
-40
-53
-60
-62
-60
-57
-58
-46
-40
-39
-25
-1
1
-8
-2
6
17
26
51
60
46
30
21
6
-4
-10
-18
-11
-21
-31
-27
-24
-23
-27
-31
-31
-42
-55
-50
-45
-43
-46
-53
-57
-52
-63
-65
-62
-70
-71
-78
-72
-69
-72
-56
-59
-63
-74
-88
-87
-96
-96
-85
-85
-68
-51
-49
-36
-20
-11
1
14
17
27
31
27
34
43
53
67
71
69
69
72
73
77
76
71
51
37
45
40
33
29
32
32
17
8
9
10
2
-13
-13
-7
0
4
1
15
20
14
4
-11
-14
-8
-15
-21
-13
-13
-19
-15
2
18
19
22
29
36
37
29
27
24
15
18
18
26
46
41
39
53
60
59
40
42
74
68
53
54
36
14
8
20
33
12
-16
-22
-22
-17
-18
-29
-49
-66
-81
-92
-83
-92
-118
-123
-105
-73
-64
-62
-46
-44
-28
-1
23
18
-8
-5
18
37
43
55
55
55
63
88
113
97
70
79
96
88
84
77
56
51
58
64
62
43
36
26
7
2
4
0
-20
-33
-25
-10
-1
-20
-36
-34
-35
-40
-33
-33
-55
-68
-62
-48
-31
-40
-50
-41
-24
-8
-22
-20
-24
-47
-52
-20
6
3
11
2
-9
19
52
64
69
56
32
32
33
30
30
24
1
-1
18
10
2
-5
-8
-7
-20
-16
-20
-40
-62
-79
-63
-55
-55
-74
-89
-71
-47
-20
-8
-16
-28
-32
-34
-19
5
0
-3
4
-3
3
25
38
34
23
22
33
47
55
66
66
60
62
86
107
93
78
64
50
45
42
49
52
47
52
59
70
72
56
37
26
9
0
3
-1
-12
-24
-23
-24
-31
-25
-27
-44
-65
-57
-48
-50
-43
-45
-51
-50
-46
-35
-15
-28
-46
-25
-17
-27
-15
1
-5
-13
-14
-7
-9
-11
-4
-23
-31
-23
-29
-25
-15
-20
-36
-28
-11
-29
-36
-26
-44
-62
-60
-73
-75
-74
-81
-67
-64
-63
-56
-49
-43
-57
-63
-64
-69
-82
-74
-54
-52
-39
-17
4
8
2
8
8
5
-7
-9
-1
5
11
29
56
58
59
71
86
75
63
76
78
72
70
83
91
86
75
74
88
72
50
41
41
27
15
19
20
17
6
18
15
-6
-12
-15
-16
-27
-27
-29
-40
-37
-27
-6
9
23
35
39
43
47
51
40
33
25
25
39
52
35
9
10
6
0
-12
-6
10
1
0
9
5
1
7
3
0
-13
-28
-20
-20
-22
-15
-13
-15
4
24
22
19
5
7
5
-17
-22
-16
-10
-32
-47
-25
-4
-11
-16
-15
-28
-29
-18
-23
-31
-36
-36
-15
9
15
7
7
7
1
9
13
4
-2
-1
-4
-8
9
14
-6
-28
-37
-21
-5
-13
-26
-43
-52
-50
-54
-44
-51
-62
-54
-34
-6
-7
-13
-21
-45
-54
-54
-44
-32
-42
-48
-43
-20
5
9
4
-17
-30
-24
-22
-27
-31
-36
-37
-44
-37
-9
-3
-11
-9
4
14
15
12
17
28
13
2
26
45
34
27
32
47
55
54
59
46
26
31
45
49
42
22
25
37
41
66
80
59
32
16
29
42
35
30
26
29
35
48
73
72
51
48
61
58
50
52
53
37
25
27
29
40
29
20
15
-2
-1
8
10
-2
-11
-14
-25
-34
-22
-12
-12
-10
-20
-32
-20
-14
-31
-30
-39
-64
-71
-65
-59
-78
-91
-69
-64
-80
-75
-67
-81
-82
-83
-82
-82
-88
-87
-98
-101
-110
-120
-102
-102
-107
-93
-81
-72
-48
-40
-44
-47
-48
-52
-61
-61
-61
-66
-54
-48
-61
-68
-61
-58
-64
-38
-11
-16
-26
-18
-1
11
22
29
29
20
24
30
32
35
26
20
22
36
45
57
60
44
48
46
41
54
58
37
34
51
54
65
71
67
61
74
98
105
101
92
98
105
102
112
113
96
80
77
91
102
106
100
89
86
83
93
85
46
27
26
26
38
31
15
18
17
17
32
32
14
8
14
14
23
40
36
0
-24
-15
0
17
28
15
1
5
11
38
45
19
10
-5
3
35
46
21
9
17
7
27
51
39
24
27
37
41
42
58
61
30
36
58
64
61
41
20
8
19
26
6
-16
-25
-25
-12
16
17
8
11
8
15
23
15
13
-5
-24
-14
5
21
10
11
27
17
21
39
23
-16
-35
-29
-28
-27
-19
-17
-20
-23
-17
-15
-24
-36
-48
-59
-73
-73
-61
-61
-74
-78
-71
-60
-48
-41
-49
-44
-37
-47
-49
-38
-28
-37
-48
-25
-4
-18
-28
-28
-41
-57
-63
-61
-70
-62
-50
-47
-40
-46
-45
-40
-34
-40
-43
-39
-41
-31
-28
-15
-1
1
-1
-12
-3
6
10
19
32
41
44
55
73
89
78
56
33
3
0
1
-2
7
9
22
31
27
36
51
45
19
5
-12
-42
-50
-51
-54
-51
-41
-32
-24
-10
-19
-36
-40
-41
-52
-57
-60
-74
-87
-75
-50
-53
-57
-51
-50
-46
-37
-37
-60
-72
-72
-88
-90
-85
-84
-70
-64
-59
-56
-57
-55
-69
-76
-72
-76
-84
-109
-129
-121
-125
-124
-108
-113
-115
-112
-117
-122
-121
-118
-114
-104
-89
-65
-47
-31
-26
-47
-51
-48
-60
-56
-40
-30
-12
9
32
60
62
63
61
35
17
3
1
23
31
33
48
62
66
64
69
60
25
11
12
14
45
79
107
127
134
141
139
130
101
68
40
22
19
32
63
93
124
139
144
148
122
70
18
-15
-28
-29
-11
25
40
63
105
115
99
93
81
55
28
22
41
59
65
68
86
100
101
114
115
92
53
24
11
9
26
43
54
63
72
77
74
53
19
-8
-18
-26
-17
6
8
14
27
27
33
26
0
-18
-26
-34
-51
-40
-14
-9
-9
7
23
20
3
-12
-8
2
18
41
69
97
96
100
127
131
106
83
63
44
47
74
97
102
104
91
72
67
60
27
-14
-48
-86
-96
-92
-107
-107
-83
-66
-57
-54
-42
-29
-48
-57
-44
-31
-24
-28
-8
12
7
23
37
44
58
62
66
63
57
53
54
55
51
51
39
34
18
-14
-15
-18
-34
-43
-60
-68
-69
-86
-89
-70
-76
-73
-44
-22
-14
-14
1
7
-18
-32
-27
-44
-42
-18
-3
21
44
60
73
75
70
45
16
1
-17
-32
-30
-33
-37
-28
-5
14
13
2
-14
-32
-50
-64
-48
-34
-32
-29
-16
-14
-24
-4
13
1
-7
-7
-15
-11
-2
-5
2
13
16
11
-3
-26
-42
-58
-78
-90
-92
-74
-74
-82
-72
-69
-75
-82
-100
-128
-141
-141
-153
-164
-151
-138
-137
-117
-105
-103
-101
-93
-86
-96
-101
-102
-104
-93
-63
-32
-13
1
-16
-37
-52
-73
-72
-65
-68
-36
10
28
37
42
24
-13
-47
-78
-116
-146
-151
-149
-148
-120
-68
-27
-3
2
-1
-20
-64
-96
-111
-111
-94
-58
-27
16
63
85
102
98
85
70
51
35
28
40
52
74
89
90
112
121
99
77
61
26
-5
-10
-22
-21
-7
8
28
27
35
37
24
20
-8
-24
-13
-12
-10
-3
10
24
48
72
87
90
84
85
80
77
75
75
82
80
67
51
42
26
7
11
34
50
50
54
66
63
50
39
31
14
3
17
29
34
49
60
44
34
56
60
56
64
61
50
38
22
7
5
-6
-8
13
29
52
57
51
52
45
35
23
17
24
25
23
27
41
59
56
50
42
20
1
-5
-4
2
32
49
59
70
52
22
-8
-26
-43
-49
-36
-26
-6
30
46
49
55
46
36
19
1
-9
-20
-22
-15
7
24
34
36
32
28
15
4
-18
-38
-42
-45
-22
-2
7
32
54
63
68
70
58
46
37
23
23
23
28
36
41
62
72
73
70
43
13
-17
-14
8
20
49
67
74
85
92
77
26
-15
-48
-74
-65
-40
-20
4
13
3
17
29
23
12
-8
-20
-36
-58
-66
-74
-79
-59
-27
-1
23
40
47
55
59
46
15
-25
-69
-112
-118
-81
-49
-12
29
52
60
47
26
-3
-35
-49
-45
-34
-23
-17
-3
17
20
30
36
11
3
10
-5
-27
-51
-75
-80
-73
-77
-52
-33
-44
-52
-71
-75
-72
-84
-95
-88
-80
-92
-95
-82
-73
-87
-101
-98
-98
-94
-85
-82
-68
-54
-39
-23
-22
-24
-20
-16
-36
-42
-28
-13
-2
-11
17
37
29
34
23
3
-11
-20
-25
-19
-16
-15
1
5
2
-19
-39
-31
-54
-78
-75
-88
-87
-80
-74
-46
-29
-15
-10
-15
-8
-8
-12
-6
-4
6
5
9
17
22
27
29
44
53
59
71
64
52
49
52
42
41
63
67
61
65
66
46
32
35
33
33
37
24
16
22
17
5
0
-16
-36
-48
-55
-53
-35
-28
-30
-13
3
18
37
60
70
78
75
69
73
54
46
28
2
7
12
26
37
48
58
49
46
56
57
51
39
27
23
18
7
-1
-9
-7
-3
-1
2
10
25
36
60
77
58
29
10
-13
-37
-44
-59
-87
-96
-83
-58
-19
24
60
79
66
48
30
14
-7
-29
-42
-44
-19
10
50
70
73
82
69
66
60
34
19
5
-13
-18
-15
-11
-7
0
2
7
12
26
24
11
18
1
-2
-9
-24
-27
-32
-19
-9
-18
-7
-1
-2
9
10
17
16
14
28
18
17
34
32
36
34
22
18
9
3
-4
-8
-12
-12
-4
21
43
62
76
65
55
30
-11
-30
-46
-53
-48
-33
1
31
37
44
53
45
35
26
10
-10
-20
-11
-3
-3
-13
-22
-31
-24
-15
-25
-17
-18
-14
-10
-16
-19
-40
-40
-47
-67
-54
-45
-33
-12
15
32
43
45
23
13
-1
-24
-37
-44
-46
-58
-72
-61
-34
-30
-33
-15
-12
-26
-36
-35
-44
-65
-70
-57
-30
-5
17
30
23
11
-2
-30
-32
-28
-46
-47
-42
-35
-12
2
17
32
26
3
-19
-35
-48
-75
-103
-100
-82
-63
-45
-37
-15
-1
-14
-25
-24
-9
-21
-40
-24
-30
-39
-43
-55
-38
-26
-16
5
18
41
42
37
37
14
6
-2
-10
-14
-28
-41
-50
-49
-44
-19
18
37
27
20
17
-17
-36
-33
-44
-42
-30
-19
1
28
57
81
85
69
38
8
-21
-52
-63
-59
-38
5
36
50
61
71
60
33
23
15
-6
-18
-24
-34
-29
-8
-4
-1
7
18
26
22
20
7
-6
-5
-37
-45
-26
-36
-26
-19
-22
8
26
33
47
38
22
16
6
-3
-21
-43
-42
-35
-26
-7
31
58
53
63
63
30
10
-9
-37
-43
-41
-32
-25
-37
-44
-30
-24
-39
-37
-39
-65
-66
-43
-8
22
31
31
20
3
-17
-30
-16
-3
-25
-34
-30
-34
-13
6
0
14
19
8
12
8
10
15
-3
-17
-9
-2
7
15
11
9
14
11
3
19
31
30
38
46
44
33
32
39
35
22
11
30
55
55
61
69
60
39
16
-8
-17
-14
-26
-27
-3
4
2
12
16
17
17
18
11
15
36
34
46
53
44
42
22
14
15
28
51
67
72
80
78
67
71
58
45
23
-11
-26
-32
-15
2
16
31
41
45
36
30
30
19
1
-19
-34
-28
-21
-19
-13
-6
8
24
28
26
26
18
4
4
6
15
24
15
19
19
-12
-29
-27
-35
-42
-29
-16
-10
9
14
27
47
30
11
-6
-30
-51
-77
-81
-73
-65
-44
-13
7
7
5
11
-9
-36
-43
-51
-51
-42
-40
-54
-67
-61
-52
-25
6
24
34
33
21
3
0
7
11
0
-15
-20
-26
-15
19
60
92
91
83
64
21
-13
-46
-62
-56
-58
-49
-21
-4
2
-3
-38
-70
-81
-86
-79
-60
-37
-39
-38
-35
-49
-24
1
19
25
32
39
14
4
4
11
23
41
62
61
73
92
97
78
51
33
7
-22
-33
-25
-16
-5
6
16
14
16
33
36
34
23
-13
-58
-88
-104
-104
-87
-71
-49
-37
-12
33
51
69
66
22
-33
-84
-99
-86
-51
8
48
65
82
72
39
9
-14
-23
-24
-4
19
21
29
24
7
-15
-31
-25
-22
-17
2
13
8
-10
-30
-44
-53
-55
-49
-57
-54
-49
-65
-69
-61
-75
-85
-69
-43
-10
15
48
65
58
43
9
-11
-14
0
39
74
90
83
65
28
5
20
43
72
106
117
81
35
-9
-60
-92
-79
-45
2
50
70
67
36
-6
-56
-86
-84
-73
-40
-8
8
23
28
18
10
7
7
10
10
31
60
82
101
102
88
63
46
47
41
41
50
51
51
47
27
24
31
24
29
24
5
-7
-24
-28
-30
-34
-44
-56
-39
-11
9
26
20
-5
-30
-31
-6
47
98
123
133
104
57
-2
-51
-53
-49
-16
40
92
115
86
39
-32
-130
-200
-202
-154
-76
21
93
113
78
-2
-90
-150
-165
-123
-58
13
88
122
103
66
32
2
-21
-25
-12
9
49
90
98
102
85
35
-24
-62
-89
-101
-72
-16
47
71
57
17
-45
-92
-137
-140
-108
-80
-17
35
37
20
-23
-78
-106
-94
-70
-51
-23
0
-1
7
21
38
58
55
46
24
-2
8
35
62
83
110
108
65
24
-22
-62
-81
-70
-33
8
46
48
10
-40
-77
-86
-76
-40
14
52
54
10
-40
-85
-106
-67
-31
10
63
59
56
44
13
9
-5
-16
-3
21
48
67
78
80
56
14
-5
-14
-12
6
21
31
24
10
6
3
-2
-24
-72
-101
-106
-102
-61
-11
11
18
-18
-68
-89
-96
-84
-50
-10
24
47
61
63
59
69
79
69
44
7
-42
-92
-94
-43
17
89
151
169
132
49
-52
-161
-233
-235
-167
-49
66
131
124
42
-83
-193
-238
-185
-61
78
184
209
145
24
-90
-161
-168
-112
-18
68
116
134
115
66
24
-6
-24
-43
-52
-41
-29
11
30
12
7
-9
-28
-58
-86
-75
-42
-24
4
47
58
21
-31
-76
-114
-123
-105
-54
16
66
117
146
121
91
67
35
7
8
3
-9
5
24
56
90
93
67
19
-43
-94
-112
-93
-31
35
73
83
43
-32
-102
-139
-148
-111
-42
20
66
64
27
-34
-92
-95
-65
7
102
150
158
130
66
-18
-74
-83
-67
-20
36
72
93
76
33
10
1
-2
-1
21
35
20
-1
-44
-77
-109
-132
-128
-117
-83
-57
-26
-1
-4
8
8
5
15
25
30
5
-20
-40
-57
-46
-20
18
43
68
91
93
79
32
-11
-47
-50
-21
2
27
44
31
-31
-98
-147
-177
-146
-85
-22
34
52
30
-13
-76
-147
-188
-184
-117
-9
115
211
230
197
107
8
-41
-37
9
78
144
174
131
48
-33
-103
-127
-90
-25
47
111
134
105
41
-48
-137
-194
-198
-154
-74
-2
40
58
27
-26
-74
-99
-80
-36
21
69
76
57
39
49
93
124
139
138
115
80
33
2
-3
11
48
100
153
184
163
81
-19
-110
-169
-150
-76
24
111
157
147
76
-5
-75
-113
-109
-88
-40
-4
-6
-29
-56
-65
-54
-23
33
75
80
75
52
12
-23
-16
13
32
67
98
110
99
73
58
47
48
53
44
21
1
-33
-64
-63
-38
-6
24
35
12
-21
-74
-107
-110
-100
-65
-41
-46
-63
-80
-86
-69
-56
-19
23
27
28
13
-8
-28
-44
-33
9
73
117
131
125
97
57
18
-2
-14
-20
-31
-59
-94
-105
-82
-63
-39
11
38
36
11
-33
-72
-86
-67
-38
3
49
68
56
37
21
2
-3
10
14
13
7
-10
-18
-14
-14
-7
26
53
55
41
4
-29
-45
-43
-6
38
72
70
40
23
8
0
6
25
32
23
21
-6
-28
-31
-20
5
39
68
75
89
75
48
39
33
24
-4
-27
-61
-89
-94
-77
-44
-14
11
25
32
25
20
28
35
46
44
24
4
-17
-39
-44
-37
-16
-8
-13
-10
-7
-5
9
28
27
31
37
43
32
-1
-21
-50
-55
-41
-33
-21
-16
-27
-49
-78
-104
-98
-81
-58
-29
4
24
34
49
40
46
59
41
8
-27
-66
-104
-102
-67
-26
24
70
99
94
60
8
-54
-113
-146
-144
-117
-73
-7
50
61
48
25
-4
-21
-26
-6
24
42
49
39
-1
-65
-112
-138
-128
-61
12
51
70
60
16
-24
-43
-47
-17
26
59
59
35
21
-11
-42
-32
-11
17
58
87
86
75
43
2
-27
-51
-55
-58
-57
-64
-71
-45
-13
13
32
36
41
25
14
22
26
47
70
90
100
94
86
57
19
-13
-29
-37
-32
-4
29
54
57
54
48
20
19
25
14
14
23
32
43
62
58
15
-20
-38
-52
-23
22
40
51
47
15
-3
-19
-27
-4
16
26
19
-1
-40
-88
-102
-77
-32
13
55
92
107
97
74
48
23
26
17
5
12
1
-16
-49
-86
-93
-84
-50
-2
40
62
62
37
-2
-42
-61
-53
-38
-23
-20
-27
-46
-65
-66
-67
-53
-22
5
9
0
-13
-32
-60
-74
-69
-57
-19
9
18
26
10
5
9
6
15
34
42
59
99
110
88
67
42
3
-31
-49
-68
-92
-111
-135
-144
-138
-140
-127
-110
-98
-82
-67
-37
4
37
79
113
122
102
73
52
31
20
8
24
50
68
78
70
76
78
73
58
32
11
-11
-18
-6
4
6
-1
-9
-12
-18
-13
-8
4
9
-5
0
-19
-65
-80
-87
-102
-97
-62
-7
59
108
116
86
40
-4
-38
-33
-4
43
95
104
101
88
48
26
15
19
38
39
50
60
64
67
57
35
-7
-50
-85
-125
-127
-109
-104
-80
-55
-42
-34
-38
-42
-51
-73
-98
-113
-120
-117
-84
-33
21
60
90
100
90
72
34
1
-15
-21
9
83
133
152
140
72
0
-72
-116
-94
-50
-2
43
58
24
-48
-117
-186
-220
-195
-133
-54
15
43
26
-12
-69
-126
-150
-136
-95
-33
35
71
58
27
0
-25
-21
27
88
131
156
151
119
78
23
-21
-41
-35
-11
31
65
83
100
66
-4
-77
-132
-149
-126
-62
-2
35
55
43
15
-9
-14
14
35
44
50
32
11
-2
-22
-24
-5
-15
-34
-46
-60
-56
-22
33
97
144
169
170
117
54
2
-43
-33
5
58
108
121
107
65
-3
-66
-82
-55
-8
42
78
76
38
-13
-53
-72
-86
-57
-21
-6
15
10
-3
-11
-29
-45
-45
-46
-52
-46
-8
39
83
111
102
79
36
-26
-58
-64
-53
-33
-18
-15
-38
-55
-68
-60
-24
15
34
45
55
32
-10
-28
-31
-38
-41
-39
-41
-61
-77
-87
-86
-44
1
46
88
99
64
-3
-48
-69
-57
-12
45
98
93
48
-17
-102
-136
-110
-52
25
95
118
83
24
-47
-102
-111
-77
-7
63
97
84
12
-66
-125
-161
-144
-89
-5
53
83
85
53
20
-9
-21
-19
7
60
94
106
103
64
10
-38
-85
-91
-60
-26
20
72
115
127
126
97
47
8
-37
-80
-91
-92
-77
-32
4
34
46
20
-21
-50
-60
-74
-61
-24
10
60
104
114
113
100
58
19
-4
-10
14
53
106
143
145
95
15
-56
-122
-148
-132
-83
-14
56
91
76
46
-7
-50
-60
-34
14
42
60
66
23
-24
-37
-62
-64
-42
-17
22
46
57
57
57
47
29
7
-7
0
-1
8
11
-8
-24
-17
-11
-26
-30
-41
-79
-102
-114
-114
-61
21
89
125
114
68
-3
-61
-79
-78
-69
-44
-18
1
18
28
42
42
8
-27
-43
-45
-22
37
89
115
116
84
37
-4
-16
-8
-1
11
11
3
-5
2
1
-17
-47
-89
-118
-120
-81
-22
49
92
93
59
-14
-97
-163
-160
-136
-82
9
50
67
66
54
22
-8
-8
-6
32
106
182
231
238
174
67
-43
-128
-144
-143
-97
-35
2
41
62
79
80
76
38
-6
-30
-48
-53
-63
-57
-85
-104
-97
-106
-101
-87
-51
-24
18
59
71
81
57
42
39
42
66
95
82
39
-11
-58
-72
-75
-42
-13
2
13
-6
-11
-24
-9
7
34
74
91
86
32
-14
-95
-139
-130
-106
-14
66
110
105
72
9
-52
-92
-132
-113
-74
-15
54
85
90
66
28
0
-6
-14
-35
-71
-78
-74
-24
59
99
123
75
-17
-106
-156
-137
-81
-9
37
70
77
76
73
42
3
-17
-23
-13
31
41
30
15
3
4
22
48
16
-16
-74
-106
-62
-18
49
67
60
13
-39
-59
-76
-53
-63
-39
21
67
108
123
88
-5
-78
-111
-61
-1
46
58
13
-33
-75
-25
-1
28
52
19
26
-14
-8
-2
9
22
-17
15
24
28
24
26
14
-9
26
24
28
17
16
18
12
28
22
1
-11
-5
-58
-61
-80
-125
-91
-94
-30
12
47
98
73
31
-79
-131
-168
-147
-68
-18
56
80
138
153
139
123
65
19
-15
6
42
117
147
111
41
-58
-110
-137
-83
-17
30
46
49
57
-5
-61
-157
-210
-238
-245
-152
-84
-2
36
39
26
31
66
57
87
61
25
65
79
125
146
108
73
8
-18
-34
-18
11
-3
19
14
33
30
13
14
-23
-52
-72
-91
-110
-91
-76
-20
22
56
55
15
-27
-118
-68
-41
-3
41
20
59
36
95
102
103
133
59
66
61
110
153
150
85
-53
-119
-177
-133
-8
82
100
46
-78
-160
-142
-114
-47
-46
-81
-95
-102
-63
-21
36
16
-35
-63
-66
25
79
177
167
49
47
-20
-16
46
106
137
129
136
116
69
-31
-93
-155
-148
-120
-62
-5
-37
-11
-72
-58
-68
-93
-70
-107
-33
-40
-13
9
-26
-67
-133
-105
-76
10
90
162
147
97
80
46
82
110
110
41
29
-51
-106
-44
-68
-2
1
-18
-21
-76
-60
-42
-15
-7
25
46
4
-45
-77
-111
-142
-108
-50
33
38
50
32
-34
48
39
62
89
35
18
-31
31
19
-10
23
-16
-1
17
82
130
101
78
44
3
21
14
-16
-47
-142
-163
-183
-127
-7
25
30
11
8
-20
26
63
32
77
88
126
147
116
86
-34
-99
-104
-73
14
34
53
-31
-113
-62
-30
98
108
24
11
-126
-133
-53
-28
28
-33
-111
-107
-130
-74
17
63
68
22
56
90
151
177
138
59
-71
-30
-44
-57
10
-63
-144
-149
-116
-66
-12
48
86
9
-15
59
48
111
147
78
53
-10
-5
31
-29
-64
-92
-104
-52
-14
15
-18
-78
-94
-83
8
74
75
82
47
-46
-95
-54
-10
-4
-7
-45
-52
-35
0
55
39
70
72
65
133
120
125
52
-7
42
6
47
51
-17
-64
-159
-154
-156
-145
-26
-23
-37
4
29
84
58
66
10
-58
7
-2
69
61
24
4
-90
-6
4
49
102
46
78
-15
24
159
125
140
58
-39
-71
-194
-104
-50
-70
-6
-72
-12
7
38
41
-18
42
-40
36
103
135
208
82
52
-41
-82
-29
-65
-33
-72
-87
-75
-142
-62
0
-5
33
-40
30
58
59
170
48
71
65
11
30
-48
22
-34
-86
-19
25
89
40
2
-48
-101
-103
-128
-116
-133
-149
-76
-8
58
98
74
23
-93
-90
11
45
113
117
70
8
-80
-5
35
2
1
-55
-49
10
75
113
118
50
-61
-133
-188
-113
-110
-128
-21
-86
-107
2
43
109
31
-24
46
-3
73
118
50
68
0
-9
-35
-49
75
39
3
-47
-91
-78
-16
88
31
-5
-8
15
72
106
75
-8
-48
-86
-48
-6
19
-12
-19
-19
-111
-144
-81
73
60
84
83
68
96
50
140
-308
-341
85
125
147
-169
-131
10
93
330
148
-12
-48
-83
106
188
41
88
5
-99
11
-56
-49
45
-47
-112
-194
-387
-315
-105
61
4
-164
44
107
62
192
66
-24
25
-13
-21
-60
112
290
95
12
-79
-115
27
137
303
102
-37
45
-67
-13
38
-9
-104
-169
-71
-47
-18
-24
-73
-14
43
76
51
68
50
-64
-28
35
36
27
90
181
114
60
117
166
78
-48
-73
-105
-116
-49
-3
64
110
19
-11
-12
-39
-54
-74
2
28
33
12
-33
-29
-25
119
149
58
-12
-94
-75
-132
-70
44
23
64
-11
-102
-59
-75
-78
-72
-97
-82
-123
-81
11
18
-3
-36
-80
-133
-124
-94
-3
-33
-89
-63
-128
-116
-120
-67
62
63
63
119
148
133
119
122
160
83
-34
-9
-24
-63
-16
14
56
141
135
118
61
5
64
90
134
174
175
149
90
70
26
-19
-4
13
28
94
215
170
29
43
30
31
73
60
98
11
-64
-50
-99
-41
2
24
78
88
68
58
68
7
14
14
19
28
-66
-71
-127
-175
-152
-163
-147
-189
-139
-87
-133
-97
-72
-114
-144
-144
-189
-223
-183
-137
-125
-118
-137
-169
-111
-82
-129
-172
-226
-227
-106
-76
-106
-37
-55
-33
-7
3
11
-60
-8
9
17
48
37
-2
-114
-114
-96
-17
40
-23
-13
-30
-69
-6
96
83
134
177
101
102
79
67
106
95
125
161
104
82
15
13
59
-55
-14
51
61
105
60
64
61
53
31
-43
-40
-41
-61
-46
-26
-31
-56
-26
-16
-35
-8
-15
-2
-2
-93
-137
-67
-53
-43
4
-33
-54
-72
-65
-24
20
53
13
23
-6
-79
-31
-21
-67
-30
18
18
-31
-80
-78
-94
-88
11
57
45
0
-8
33
-6
4
29
6
-47
-58
-38
-40
34
11
-25
-14
-20
26
13
88
156
141
165
96
61
72
78
119
121
93
61
83
110
103
95
125
132
84
97
93
87
104
54
72
74
11
18
-37
-95
-73
-90
-57
-53
-112
-40
-2
12
72
19
-15
-86
-196
-192
-197
-175
-91
-89
-40
29
66
195
232
194
187
147
100
68
42
42
71
81
73
21
-51
-31
18
48
63
43
18
-27
0
-23
-57
-42
-69
-20
-44
-91
-73
-47
20
45
74
91
76
97
96
90
65
12
-12
-53
-83
-50
4
79
136
113
84
62
65
100
165
200
167
140
133
80
24
37
19
-6
-49
-77
-50
-60
-9
64
109
157
93
44
38
-13
-1
7
-13
-48
-125
-149
-128
-164
-139
-40
-14
21
3
-2
54
16
23
56
16
-8
-46
-57
-24
-21
-51
-73
-65
-80
-65
-28
-44
-51
-30
18
-12
-97
-77
-53
-31
10
18
17
-4
-14
-7
16
-4
-18
-11
-68
-69
-75
-70
1
-15
-8
-24
-71
-33
-49
-53
-16
-24
4
6
-48
-39
-28
-36
-54
-87
-89
-107
-134
-118
-99
-85
-82
-72
-57
-31
-6
-16
44
49
21
32
5
27
34
90
105
0
-30
-58
-93
-55
-24
-3
26
24
-12
-69
-78
-48
-65
-56
-38
-71
-73
-58
-70
-72
-57
-29
36
12
-61
7
37
22
19
-30
-35
-53
-54
27
28
47
90
29
37
31
34
144
164
154
140
102
32
-49
-53
-59
-26
-2
35
27
-4
32
-22
4
18
2
38
12
45
67
80
101
74
54
30
-30
-48
-37
-28
48
57
-8
-13
33
62
60
27
-62
-124
-191
-180
-125
-109
0
37
34
29
-31
-1
10
-37
-23
-11
-5
39
9
-37
-20
-38
-53
-52
-51
-40
-61
-20
16
-10
26
62
48
32
13
7
54
78
56
59
40
27
-4
-14
10
-46
-58
-69
-93
1
48
50
36
-14
-28
-32
27
43
20
72
94
111
78
55
59
-20
-27
-39
-65
-51
-87
-18
54
87
202
199
125
100
75
31
-42
-28
40
39
30
41
-3
-42
-45
-90
-111
-83
-69
-43
-24
16
75
57
72
91
22
2
-14
0
47
2
9
64
46
42
53
62
45
21
41
47
24
68
125
94
73
68
35
-11
-36
2
36
15
42
81
26
4
5
-13
24
44
61
83
57
82
142
163
170
112
50
46
6
-3
45
77
95
87
53
19
3
-25
-43
-77
-80
-52
-9
60
29
50
68
-19
-79
-131
-142
-151
-102
-44
-44
25
40
20
-10
-64
-67
-78
-49
-17
-51
-41
-24
1
36
-12
-7
8
-87
-90
-44
-34
-38
-55
-33
-75
-133
-110
-103
-91
-78
-80
-61
-40
-42
-29
-18
-45
-54
-29
-42
-68
-97
-79
-13
-28
15
64
63
131
120
67
33
13
52
38
-2
22
6
5
60
55
17
-33
-50
-50
-87
-49
44
66
53
73
56
-7
-27
-66
-91
-99
-131
-114
-69
-47
-22
34
58
25
-4
24
59
24
27
40
14
37
23
16
13
-52
-77
-95
-61
18
28
22
20
-18
-18
14
4
-4
-37
-67
-52
-82
-86
-33
-25
-14
-35
-44
15
13
-11
-52
-108
-44
-32
-43
53
12
-15
38
-5
-29
-50
-52
-1
9
30
46
7
-19
-47
-70
-70
-56
-21
8
19
4
-15
-5
-8
24
61
11
-14
3
36
67
75
68
-4
-53
-60
-81
-62
-23
-11
-9
-17
-24
-35
-33
-55
-66
-55
-99
-81
-40
-16
33
18
-28
-58
-57
-5
33
71
79
16
-34
-66
-82
-91
-49
8
33
47
46
55
55
47
37
61
76
110
145
106
63
-14
-49
-48
-82
-102
-127
-110
-55
-23
24
45
8
-15
-31
-25
21
33
21
12
-17
-16
13
37
68
56
60
90
53
79
157
159
147
83
8
-16
-25
7
45
45
60
33
-2
30
-2
-18
22
22
69
69
28
31
-30
-57
-39
-44
-44
-70
-75
-50
-36
-13
28
50
39
41
44
60
92
79
31
-21
-74
-61
1
46
68
53
41
22
1
24
2
-17
4
-13
-3
7
9
21
-11
-8
-27
-64
-38
-29
-17
-20
-33
-5
4
-26
-32
-56
-125
-155
-127
-44
13
16
15
14
5
31
46
18
42
12
-38
-24
-58
-83
-75
-94
-87
-43
11
55
83
115
120
88
59
38
30
57
62
38
36
-20
-59
-43
-54
-20
0
-1
23
23
33
21
-1
26
33
-6
-31
-46
-60
-55
-79
-61
-17
-49
-42
-35
-31
31
60
93
95
37
29
29
1
-2
-17
-43
-38
-11
9
16
20
12
21
47
29
17
14
-2
-2
-13
-24
-73
-113
-109
-119
-110
-78
-77
-64
-21
-21
7
54
101
131
96
60
16
-34
-52
-25
9
13
17
30
36
23
25
44
21
-2
7
3
-11
-37
-58
-80
-97
-111
-114
-78
-30
-23
-20
15
28
29
47
56
43
48
46
35
34
19
-2
0
18
52
39
14
19
3
34
62
30
27
11
-46
-56
-73
-83
-56
-58
-37
-45
-74
-59
-43
-12
21
38
22
6
15
7
-1
-27
-28
-7
-14
18
39
18
17
0
-9
9
34
67
71
75
94
59
12
-2
-18
-29
-35
-34
-18
-23
-4
24
41
46
35
39
17
-19
-39
-60
-94
-113
-89
-52
-21
-2
5
21
2
7
76
122
146
120
77
37
-17
-10
6
-8
4
18
22
44
50
35
34
24
19
36
14
4
8
-12
-33
-47
-48
-57
-52
-39
-32
-40
-38
-11
1
-2
-7
33
55
47
80
77
72
95
84
62
48
13
18
37
22
18
27
40
46
63
96
76
44
31
-25
-76
-97
-103
-83
-90
-115
-105
-88
-77
-26
7
4
-6
-24
-18
-1
24
41
25
-1
-20
-34
-38
-26
-6
11
33
57
66
75
55
40
21
-3
-22
-67
-71
-68
-76
-38
-23
-22
17
35
38
44
28
15
6
-16
-53
-94
-123
-131
-126
-90
-47
-55
-52
-52
-79
-59
-28
-12
24
42
44
49
48
33
14
12
-28
-20
27
41
104
119
97
85
28
14
30
27
52
86
91
83
64
47
31
4
-16
-42
-85
-97
-76
-72
-82
-85
-76
-66
-39
8
15
-8
4
12
7
10
16
17
32
51
52
76
82
69
71
55
36
35
33
19
5
-5
2
16
45
64
35
12
-22
-62
-74
-86
-81
-76
-67
-40
-15
20
43
53
78
75
76
118
108
77
71
42
29
14
-8
-24
-42
-42
-51
-43
-30
-10
2
2
37
29
31
55
35
-2
-34
-49
-55
-48
-36
-61
-91
-86
-80
-62
-24
15
62
101
126
120
104
84
44
9
-12
-6
-5
-21
-38
-45
-44
-68
-39
0
29
60
34
23
15
-9
-31
-72
-89
-134
-145
-129
-118
-78
-66
-29
-19
-36
-13
15
29
19
21
1
-38
-47
-62
-85
-74
-44
-5
38
86
155
189
184
172
157
96
40
5
-62
-81
-82
-104
-103
-104
-110
-118
-94
-53
-11
47
65
57
50
44
18
-6
-18
-64
-90
-103
-99
-47
8
60
104
124
142
160
160
159
134
103
71
31
15
-31
-44
-66
-96
-78
-79
-45
-5
18
21
12
19
12
6
-15
-26
-29
-35
-40
-63
-68
-44
-15
9
38
70
80
89
94
85
83
63
38
31
16
-4
-11
-11
-12
-38
-64
-66
-81
-70
-41
-45
-56
-69
-84
-77
-70
-62
-45
-45
-54
-61
-71
-50
-36
-21
21
25
35
67
65
56
41
17
6
1
-12
-30
-30
-27
-30
-15
-1
15
37
40
50
65
73
69
45
13
-13
