0
0
-1
0
0
0
0
-1
0
0
0
0
0
0
0
0
0
0
0
0
0
0
-1
0
0
0
0
0
0
0
0
0
1
0
-1
0
0
0
0
0
0
0
0
0
0
0
0
0
0
0
0
0
0
0
-1
0
0
0
0
0
0
0
0
0
0
0
0
0
1
0
0
0
0
0
0
0
1
0
0
0
1
1
0
0
0
-1
1
1
0
0
0
0
0
0
0
1
0
0
0
1
0
0
0
0
0
-1
0
0
0
0
0
0
0
0
0
0
-1
-1
-1
0
0
0
0
-1
0
0
0
0
0
0
0
0
0
1
0
1
0
0
0
0
0
0
1
-1
0
1
-1
0
0
0
0
0
0
0
-1
0
0
0
-1
0
-1
0
0
0
0
0
-1
0
0
0
0
0
0
-1
0
0
0
0
0
0
0
0
-1
-1
0
0
0
0
0
1
0
0
0
0
0
-1
0
0
0
0
0
0
0
0
0
1
0
1
0
0
1
-1
1
0
0
0
-1
-1
0
0
0
-1
0
-1
0
0
0
-1
0
0
0
0
1
0
0
0
0
0
0
1
0
1
0
0
0
0
0
0
1
0
0
0
1
1
0
0
0
0
0
0
0
0
-1
1
0
0
0
0
0
0
0
1
0
0
-1
0
0
0
-1
-1
-1
0
0
-1
-2
-2
-3
-2
-2
-1
0
-2
-2
-2
-5
-5
-2
-2
-2
-3
-2
-2
-3
-3
-4
-5
-7
-6
-6
-6
-3
-4
-5
-6
-7
-4
-7
-7
-3
-2
-5
-7
-9
-10
-9
-7
-7
-5
1
1
3
0
-5
-7
-7
-5
-3
1
6
6
4
6
7
0
4
8
5
11
13
9
11
10
8
7
3
5
11
11
10
8
3
6
9
2
2
-1
-1
6
0
-3
0
-9
-10
-10
-9
6
9
0
-7
-14
-25
-21
-15
-14
-4
-7
-15
-14
-11
-4
-3
-10
-10
-14
-16
-6
-5
-2
5
0
-7
-8
-5
6
16
15
10
0
-8
0
8
12
6
2
7
0
-5
0
0
0
3
2
0
1
-6
-10
-11
-14
-18
-24
-18
-13
-11
-7
-21
-21
5
1
-23
-22
-25
-22
-14
-17
-5
-7
-15
-3
-7
-4
2
-6
4
17
-5
-5
13
5
16
26
13
6
8
18
23
28
32
16
11
25
36
23
12
15
19
16
9
7
3
12
-224
-210
-210
-192
-181
-162
-142
-182
-216
-228
-218
-184
-202
-184
-159
-164
-132
-135
-166
-186
-228
-227
-192
-158
-101
-128
-192
-194
-229
-278
-263
-271
-261
-207
-261
-260
-202
-232
-213
-193
-202
-217
-277
-238
-144
-139
-139
-153
-178
-193
-184
-136
-153
-170
-164
-197
-238
-251
-227
-216
-195
-163
-163
-193
-232
-224
-223
-274
-249
-217
-181
-108
-147
-192
-241
-282
-262
-246
-180
-120
-115
-92
-68
-125
-170
-180
-219
-182
-142
-108
-34
-34
-16
-32
-131
-161
-209
-227
-155
-134
-106
-45
-71
-108
-98
-120
-118
-120
-115
-54
-34
-10
-16
-84
-116
-92
-131
-159
-104
-119
-140
-88
-19
20
59
26
-51
-101
-97
-4
-14
-5
49
29
40
29
47
41
-29
-60
-114
-147
-116
-74
-16
9
-19
-76
-135
-150
-104
-37
-29
-27
-33
-59
-7
1
-32
-35
-60
-31
-8
1
65
69
85
120
97
42
-1
34
65
93
128
126
124
76
70
97
44
38
35
20
16
-28
13
52
55
37
-19
14
-7
-67
-25
-22
-23
36
30
6
19
-2
-37
-68
-88
-82
-62
-34
7
72
145
171
130
99
74
3
-33
-40
6
31
-25
-27
-73
-66
-29
-77
13
86
59
70
54
47
79
54
-13
-68
-119
-80
17
69
111
100
68
58
11
3
53
53
92
124
58
39
3
-32
20
16
1
31
3
-5
31
38
83
91
53
50
33
0
-27
-73
-92
-52
-109
-148
-61
-50
5
101
96
118
133
155
196
170
207
236
184
132
94
104
93
101
125
92
80
98
109
92
77
72
-29
-112
-97
-94
-66
-74
-76
-33
-51
-57
-31
36
39
19
30
-10
20
-6
-58
-31
-42
-54
-106
-132
-61
-51
-35
60
79
63
43
25
-11
-75
-23
49
80
54
32
41
-4
-7
2
5
-16
-40
-4
17
72
93
49
16
-59
-115
-120
-150
-133
-122
-159
-159
-154
-110
-89
-70
-13
-15
-22
-35
-15
-5
10
60
19
13
-3
-73
-86
-149
-168
-65
-9
53
109
99
119
83
-16
-81
-124
-141
-115
-93
-92
-33
10
-17
-59
-111
-101
-90
-69
-12
-20
4
-26
-103
-110
-96
-35
-32
-75
-47
-14
-15
11
56
62
72
73
65
43
18
12
-3
-25
-60
-66
-64
-47
-4
-18
-55
-22
30
10
16
30
53
108
105
156
142
64
51
18
-42
-32
47
82
101
81
58
34
6
-28
-109
-150
-204
-176
-79
-59
-50
-51
-84
-81
-43
-25
8
46
54
51
34
6
19
3
-68
-89
-100
-132
-115
-56
-14
40
72
41
35
31
3
-27
-72
-86
-54
-24
37
94
104
92
105
96
25
26
15
-7
62
67
54
74
15
-47
-72
-107
-74
-29
-31
-18
9
30
20
-1
-22
-7
0
-36
-28
-3
1
16
49
-1
-53
-34
-47
-37
10
29
53
83
95
78
45
20
10
27
8
-34
1
30
21
-13
-45
7
69
106
140
151
77
0
-42
-92
-71
-55
-77
-80
-101
-102
-40
22
19
-18
-23
-23
-33
-25
22
66
36
-21
-15
29
82
106
103
92
37
64
151
165
136
104
105
44
-18
-26
-26
18
22
19
66
73
73
92
70
27
21
14
-14
-5
-5
-47
-33
20
34
20
4
-32
-68
-29
-3
16
93
117
154
179
128
102
93
22
-89
-123
-94
-69
-16
60
68
31
-32
-90
-83
-75
-78
-66
-57
-69
-68
-35
-37
-52
-40
-84
-114
-59
-47
-17
69
114
119
120
67
-3
-29
-67
-93
-66
-14
-2
-16
14
39
53
58
25
57
67
-14
-2
33
28
39
39
15
-49
-99
-115
-99
-88
-47
21
63
125
152
123
96
32
-60
-67
-81
-119
-72
2
83
107
91
101
117
126
123
141
149
130
90
45
0
-32
-25
-43
-59
-69
-81
-54
-21
-1
30
68
63
35
-13
-70
-100
-165
-204
-162
-117
-110
-99
-65
-61
-84
-89
-66
-52
-68
-59
5
41
47
107
123
36
-44
-68
-74
-49
4
21
43
12
-39
-13
2
-13
-28
-51
-65
-44
-41
-48
-20
-11
-16
-1
2
4
17
-21
-58
-63
-70
-64
-67
-55
-54
-67
-38
-22
-24
16
58
88
144
165
175
201
158
104
57
-16
-39
-75
-122
-124
-137
-113
-44
-20
1
23
5
17
24
10
33
69
78
66
58
18
-2
-4
-32
-30
-9
-5
12
48
62
76
65
18
15
16
-40
-84
-83
-96
-93
-67
-53
-46
-49
-58
-50
-39
-46
-13
17
4
35
45
10
-23
-40
-41
-79
-140
-174
-166
-153
-115
-56
-20
18
23
11
28
27
16
17
22
39
45
66
101
99
99
68
39
32
29
64
106
148
138
115
94
41
-15
-77
-101
-115
-118
-97
-77
-36
-27
-16
-14
-53
-79
-105
-108
-83
-38
58
150
174
199
232
199
146
134
127
105
95
72
66
85
81
89
70
32
23
7
-14
-3
50
92
83
67
41
9
-23
-67
-84
-73
-59
-73
-92
-72
-70
-84
-70
-83
-88
-51
-49
-28
26
71
118
147
131
101
80
19
-34
-34
-31
-23
15
68
95
77
84
105
82
67
42
25
38
13
9
14
-26
-61
-57
-74
-99
-56
-25
-26
-21
-34
-27
-41
-60
-46
-41
-27
-18
4
30
31
70
102
95
82
59
55
51
58
110
125
150
170
137
96
34
-5
-22
-24
-17
-10
-10
-49
-39
-3
-33
-44
-37
-85
-124
-114
-100
-98
-94
-86
-62
-40
-35
15
49
33
42
36
17
47
84
109
88
38
17
-12
-12
0
-29
-38
-50
-70
-49
-24
-56
-81
-75
-103
-76
-35
-31
-17
-46
-67
-70
-85
-68
-72
-101
-94
-85
-46
5
33
39
35
38
20
-4
-9
13
8
-30
-52
-74
-73
-50
-57
-47
-12
26
90
125
133
125
81
23
-45
-87
-102
-115
-112
-94
-88
-88
-71
-63
-56
-18
12
35
57
45
29
-9
-55
-58
-65
-71
-66
-56
-56
-46
-11
15
32
33
32
41
25
-16
-46
-56
-44
-19
-4
-19
-52
-50
-54
-88
-101
-102
-108
-113
-112
-103
-79
-81
-76
-31
-45
-79
-63
-40
-23
4
35
46
35
46
79
73
47
29
11
1
10
34
54
85
97
88
77
49
37
29
25
15
-5
-20
-51
-60
-55
-60
-70
-78
-59
-43
-31
-12
9
35
76
113
123
121
102
74
41
-8
-28
-3
12
44
96
94
77
75
47
11
18
33
13
8
0
-16
-10
-27
-52
-50
-46
-35
-27
-30
-7
20
13
14
34
43
43
28
37
21
-33
-60
-79
-71
-52
-39
8
46
49
60
66
44
43
53
45
41
57
64
61
71
76
51
19
20
20
27
71
107
111
102
82
32
-15
-49
-99
-104
-63
-40
7
68
101
118
120
118
121
124
132
145
138
123
127
119
77
57
42
12
4
23
49
57
64
71
72
68
56
44
22
11
-17
-47
-59
-88
-79
-50
-47
-45
-51
-44
-22
-10
-10
-1
26
53
61
50
55
51
21
-14
-27
-18
-25
-23
-17
-13
1
3
0
-9
-6
-23
-52
-54
-77
-92
-73
-78
-87
-90
-97
-87
-77
-69
-71
-73
-51
-48
-49
-34
-11
10
3
-10
-11
-11
-14
-12
-23
-39
-29
-30
-44
-18
5
1
1
-8
-15
-20
10
49
36
31
46
50
59
62
63
65
49
24
-11
-51
-68
-81
-93
-87
-74
-61
-38
-25
-32
-39
-37
-22
-9
-29
-38
-36
-41
-17
-36
-67
-63
-62
-61
-50
5
49
56
74
70
42
21
4
-25
-37
-29
-41
-51
-35
-44
-68
-74
-78
-93
-83
-41
-29
-30
-35
-58
-81
-99
-96
-93
-98
-64
-40
-31
-18
-13
15
30
33
53
51
23
-7
-32
-45
-57
-62
-52
-33
-16
-12
22
53
54
80
88
76
69
61
45
37
24
-7
-24
-31
-38
-39
-30
-8
19
42
51
67
75
73
60
53
74
64
50
54
55
51
42
34
33
35
41
57
50
55
101
91
41
22
12
-11
-27
-18
-16
-27
3
42
44
48
53
49
41
43
39
15
13
11
-7
-16
-15
-13
-20
-9
13
17
24
41
56
57
58
59
50
55
72
67
46
52
47
28
28
9
-10
-8
-22
-17
-5
-22
-39
-50
-51
-36
-32
-26
-24
-20
-9
-17
0
8
7
17
6
2
5
31
68
74
69
72
62
58
62
55
63
70
74
96
113
116
96
60
21
-16
-49
-54
-55
-51
-50
-77
-56
-34
-39
-21
-13
4
25
32
36
24
25
8
-21
-38
-44
-33
-31
-11
0
-9
12
26
26
31
40
21
-19
-24
-25
-35
-21
-7
-13
-12
8
19
13
-1
-14
-25
-48
-57
-49
-43
-26
1
0
-11
-9
-13
-23
-29
-24
-19
0
9
6
9
-1
-13
-26
-45
-51
-57
-64
-56
-53
-58
-41
-28
-36
-36
-22
-18
4
44
64
84
106
107
91
74
55
34
10
-12
-28
-28
-19
-32
-46
-45
-50
-64
-69
-92
-102
-83
-87
-72
-63
-60
-30
-20
-20
-15
-7
-8
-22
-40
-46
-25
-19
-30
-20
-19
-33
-54
-68
-67
-77
-72
-40
-29
-32
-22
-17
-21
-10
-20
-55
-59
-49
-26
-1
7
0
-28
-42
-59
-74
-61
-53
-52
-35
-2
31
49
58
59
48
40
31
17
32
54
44
32
37
27
-1
-5
-8
-38
-46
-39
-15
14
36
46
47
51
53
60
74
75
65
53
24
-8
-13
-4
7
-4
-19
-22
-19
-18
3
54
56
48
52
45
55
60
50
38
20
3
2
13
3
-7
2
-18
-45
-41
-42
-47
-48
-55
-55
-51
-50
-41
-30
-33
-45
-60
-72
-67
-65
-58
-51
-35
-16
-2
18
11
-14
-19
-13
-13
-1
18
20
11
16
30
39
49
59
62
55
48
48
51
38
12
5
-5
-30
-26
-15
-32
-45
-39
-40
-28
-11
5
13
-2
-6
-8
1
27
42
39
27
32
56
76
83
95
93
69
62
69
55
35
20
8
0
22
60
56
39
41
35
43
57
62
67
49
34
9
-15
-16
-44
-69
-78
-92
-80
-48
-12
5
2
9
0
-11
12
34
41
51
47
40
50
49
31
-7
-36
-47
-53
-38
-31
-30
-24
-21
-21
-27
-7
17
0
-9
-18
-36
-29
-25
-13
4
-2
-1
18
23
16
23
32
18
9
26
31
18
3
-11
-20
-28
-27
-19
-23
-15
-11
-18
-11
-6
-2
-1
1
12
23
43
68
78
99
126
114
105
102
67
35
13
-8
-26
-26
-24
-49
-53
-57
-74
-71
-64
-52
-40
-19
2
13
35
49
55
59
43
28
16
-2
-10
-14
-8
-15
-30
-26
-28
-32
-34
-38
-40
-47
-57
-60
-61
-67
-64
-65
-81
-69
-55
-50
-34
-21
-4
8
11
16
12
5
-18
-29
-21
-33
-32
-24
-26
-31
-33
-35
-25
-14
-15
-19
-11
-1
-3
12
28
38
47
44
31
13
6
-1
-8
-4
-11
-8
19
23
33
54
60
57
47
44
34
33
44
42
42
29
10
1
-20
-42
-53
-64
-72
-67
-54
-50
-15
21
25
29
36
46
69
86
80
71
72
66
44
23
10
-17
-41
-53
-69
-71
-75
-89
-94
-76
-67
-68
-49
-48
-66
-69
-61
-37
-18
3
0
-27
-20
-11
-25
-31
-22
-28
-44
-32
-12
8
23
19
13
-3
-19
-17
-16
-11
-13
-23
-17
-5
1
3
10
-9
-35
-20
5
15
36
53
62
82
92
90
76
58
46
37
35
30
29
28
28
8
-3
11
6
-2
-4
-2
0
-3
-2
7
6
5
2
-2
16
24
37
48
38
49
62
65
70
77
62
36
24
18
-2
-18
-19
-44
-68
-57
-52
-49
-55
-61
-58
-70
-55
-22
-5
7
9
1
6
11
18
18
0
-4
-1
-4
1
19
37
38
33
30
14
0
-15
-41
-42
-29
-12
5
23
23
3
5
8
2
14
36
55
67
69
83
82
70
74
55
35
34
25
32
45
43
23
13
8
-18
-33
-38
-51
-52
-49
-47
-38
-19
9
21
27
45
44
50
57
59
56
39
28
24
17
6
-10
-25
-21
-16
-5
23
33
37
59
49
10
-14
-40
-70
-98
-117
-113
-111
-114
-107
-102
-98
-92
-79
-78
-71
-60
-61
-50
-23
-9
1
24
27
16
23
35
36
36
45
42
46
60
45
29
26
13
15
0
-27
-40
-52
-52
-65
-59
-42
-31
-11
-5
11
26
27
40
52
55
46
37
27
-2
-7
-1
-31
-52
-44
-38
-32
-31
-34
-22
-20
-29
-15
-1
6
31
45
37
52
96
106
104
121
114
105
97
73
61
44
14
-18
-58
-89
-112
-129
-141
-167
-158
-138
-124
-97
-78
-63
-45
-29
-7
-7
-18
-20
-24
-30
-41
-41
-26
-30
-20
-4
-1
21
30
31
37
40
44
49
55
50
33
5
-7
-15
-29
-26
-21
-15
-6
-4
-4
-16
-25
-35
-48
-57
-66
-64
-43
-37
-33
-13
-5
11
38
58
59
51
54
47
37
42
45
25
0
-7
-23
-29
-22
-14
8
28
48
73
96
82
57
52
24
-8
-3
9
4
-4
15
39
38
44
45
31
4
2
18
21
27
15
-4
-23
-35
-34
-43
-48
-47
-48
-38
-18
-1
18
19
15
18
6
1
7
-4
-15
-21
-30
-32
-27
-17
-8
-15
-13
1
4
10
18
15
4
-4
-7
-20
-24
-19
-23
-30
-22
0
17
33
40
43
31
32
36
20
17
12
7
5
-2
8
25
26
20
32
34
24
24
20
23
13
-5
-11
-21
-36
-34
-27
-38
-29
-2
14
25
50
73
72
75
85
75
50
37
28
0
-14
-6
-15
-14
7
11
19
30
30
37
32
18
9
8
-4
-19
-23
-36
-39
-39
-35
-39
-38
-19
-20
-18
-9
0
0
-2
2
-22
-31
-32
-39
-22
-26
-27
-14
-13
-7
-7
-13
-14
-26
-28
-30
-40
-36
-46
-65
-68
-64
-56
-51
-44
-30
-13
-4
19
40
33
32
33
19
14
13
22
36
42
52
53
55
63
61
54
41
22
14
11
2
-7
-14
-17
-17
-25
-23
-10
-26
-24
6
12
8
21
28
33
42
32
25
12
-10
-10
-21
-21
-9
1
25
36
38
44
47
44
27
15
10
-8
-19
-11
-17
-26
-16
-3
-3
-1
9
7
8
19
15
16
9
1
-3
-22
-48
-73
-77
-70
-81
-80
-67
-62
-47
-45
-48
-54
-54
-34
-33
-33
-5
16
20
28
33
26
25
21
17
14
4
9
14
20
25
21
24
1
-26
-9
-7
-22
-10
5
7
8
25
35
23
12
-8
-19
-23
-21
1
15
9
14
27
27
24
29
32
30
34
37
31
26
21
11
3
-2
-10
1
3
-7
-5
-9
-18
-26
-34
-50
-70
-75
-74
-57
-49
-56
-41
-23
-16
2
16
19
17
20
31
35
37
45
47
32
15
4
3
-14
-38
-41
-48
-49
-46
-27
-5
-6
-17
-20
-13
-12
-21
-23
-25
-34
-26
-21
-27
-24
-12
-11
-27
-32
-16
-16
-27
-18
-21
-12
3
16
50
64
74
92
91
92
95
90
72
54
43
37
24
23
38
46
39
32
38
30
26
20
-1
-17
-25
-21
-23
-29
-35
-51
-48
-47
-52
-40
-43
-39
-18
-16
-12
-2
8
20
30
34
42
56
65
64
58
55
39
18
0
-14
-21
-33
-31
-28
-35
-44
-61
-45
-37
-25
-6
-15
-12
8
21
7
0
-3
-24
-39
-49
-43
-42
-41
-26
-7
8
4
14
20
7
9
0
-3
9
30
50
54
62
63
46
21
6
-3
-11
-10
0
12
14
5
3
-5
-19
-18
-12
-4
12
19
41
64
70
67
58
55
47
46
45
38
30
43
46
28
11
-11
-21
-16
-27
-24
-15
-16
-3
0
-14
-17
-30
-50
-53
-52
-55
-53
-29
0
9
17
23
18
7
7
11
2
-14
-4
9
0
-3
-2
-6
-8
-22
-24
-12
-11
-7
-2
3
6
-7
5
10
5
17
5
-4
-14
-24
-25
-41
-41
-37
-50
-52
-48
-47
-39
-30
-10
-3
-19
-11
-7
-14
0
6
7
13
12
33
44
27
32
44
43
48
43
49
59
45
37
33
19
10
8
11
8
-1
-1
-8
-17
-29
-44
-46
-50
-48
-39
-24
-9
-8
-2
7
7
2
-8
-8
2
5
8
20
19
19
16
-5
-14
-22
-17
-6
0
16
23
31
41
38
27
14
-13
-44
-55
-64
-63
-57
-56
-62
-71
-67
-72
-68
-41
-33
-24
0
13
26
45
55
36
8
3
-3
-9
-7
-10
9
18
13
20
22
21
-4
-1
17
13
19
21
7
-2
14
6
-11
-15
-8
9
6
11
19
23
34
23
5
-4
1
0
-11
11
27
22
31
42
31
22
25
21
13
-3
-14
-3
-2
-12
-3
-1
-5
11
13
31
47
29
34
55
67
49
21
1
-26
-24
-11
0
7
-8
-7
6
9
13
19
26
6
-19
-15
-8
-11
-25
-32
-44
-70
-75
-57
-44
-35
-21
-14
-2
2
-1
-5
-10
2
-11
-33
-41
-58
-59
-48
-21
-10
-15
-8
-1
12
48
74
73
84
83
81
82
50
36
31
15
10
21
24
13
13
10
5
6
13
4
-25
-22
-8
-9
-1
17
19
0
-7
-5
-4
6
9
-4
-11
-23
-12
15
15
16
12
16
18
3
16
19
15
30
47
59
48
27
24
22
11
10
12
4
-8
-11
-9
-12
-10
-2
-6
-11
3
17
12
11
5
-25
-59
-78
-84
-105
-100
-79
-77
-69
-46
-36
-36
-19
-12
-19
-33
-46
-47
-44
-45
-43
-26
-15
-10
-1
-4
-11
12
31
30
38
45
59
70
81
88
79
74
69
64
48
26
34
34
17
10
-2
-6
-10
-15
-14
-23
-26
-25
-27
-38
-51
-58
-59
-57
-58
-58
-66
-69
-64
-54
-38
-29
-24
-22
-21
-15
-3
-5
-6
6
-1
2
12
5
22
37
31
19
8
21
30
33
34
30
34
37
33
16
6
4
1
5
5
-2
-12
-17
-15
-32
-56
-62
-78
-103
-99
-94
-102
-86
-58
-39
-33
-19
-8
-2
16
36
36
19
34
43
20
21
23
5
-8
-12
-15
-11
-1
27
49
53
63
59
59
55
40
39
29
12
8
6
-8
-15
-13
-12
-7
8
13
23
45
47
49
45
23
5
-21
-47
-52
-54
-51
-32
-25
-31
-28
-11
6
2
-7
-7
-6
-12
-18
-10
-7
-14
-14
2
-12
-20
3
0
-2
15
29
50
44
30
33
28
28
32
42
40
24
34
46
47
48
46
40
26
14
7
-1
-2
-6
-20
-23
-22
-30
-32
-31
-30
-21
-13
2
17
10
3
13
13
0
-13
-32
-37
-35
-38
-34
-16
-4
6
33
35
21
43
59
52
49
42
46
41
29
30
28
32
34
31
34
29
22
21
30
30
17
9
1
1
2
-12
-31
-43
-43
-59
-49
-45
-61
-34
-19
-22
-15
-12
1
6
12
32
29
44
53
30
29
18
-2
-15
-23
-31
-39
-32
-34
-35
-22
-20
-4
5
-1
-6
-8
13
39
56
63
58
52
40
32
27
14
0
-9
-17
-20
-25
-24
-16
-35
-56
-55
-64
-78
-58
-41
-49
-41
-30
-37
-42
-33
-24
-32
-23
-5
1
8
5
29
48
37
52
49
39
44
48
49
43
30
3
-20
-29
-40
-53
-61
-57
-52
-41
-11
20
22
10
8
9
-8
-24
-27
-36
-28
-23
-27
-19
-10
4
2
-4
-1
1
9
19
29
17
21
31
15
19
27
29
15
3
3
-2
-3
-13
-9
-18
-28
-16
-14
5
16
7
4
-11
-15
-13
-16
-27
-29
-13
-1
9
13
7
12
13
5
5
4
8
4
-4
-3
-10
-8
7
1
-11
-10
-1
-2
-3
5
-8
-17
-9
-11
-1
15
8
10
24
25
18
9
1
-4
-15
-32
-39
-54
-66
-59
-66
-58
-46
-37
-15
-18
-10
18
31
36
49
61
56
51
61
51
36
38
24
13
32
39
25
12
7
7
7
2
-4
-23
-44
-44
-43
-47
-38
-35
-49
-51
-46
-28
-9
-17
-13
10
33
48
45
53
51
48
47
30
41
31
14
9
5
2
-9
-6
-19
-24
-16
-2
6
3
17
1
-6
13
18
23
31
28
24
33
34
28
12
-18
-45
-53
-58
-57
-44
-53
-51
-21
-3
8
17
31
26
17
29
23
22
25
8
-10
-16
0
4
-1
10
11
1
12
27
26
20
16
7
-5
-10
-17
-22
-27
-23
-11
-20
-20
-9
-13
-22
-14
-3
4
27
38
32
45
46
36
40
20
10
14
11
26
24
20
30
31
20
19
22
9
13
5
-10
-7
-8
-21
-25
-30
-45
-37
-38
-40
-25
-33
-37
-29
-29
-28
-21
-12
-12
-9
6
20
20
15
23
18
15
17
15
11
4
8
4
8
30
25
13
6
-5
-2
-14
-45
-33
-33
-53
-54
-62
-67
-63
-49
-33
-22
-23
-29
-7
2
0
23
16
0
14
22
1
-7
7
7
8
9
6
20
18
22
14
10
30
25
24
20
22
25
18
24
13
9
16
10
6
17
16
3
-2
-13
-29
-33
-38
-47
-37
-35
-40
-31
-34
-28
-14
-12
-3
-6
-12
-2
10
18
25
31
27
21
18
28
31
19
18
19
22
20
14
3
-13
-8
-9
-11
-9
-25
-20
-9
-26
-15
7
8
22
32
25
19
18
19
12
-7
-18
-21
-22
-18
-2
2
-7
5
3
-8
3
5
-21
-15
-5
-24
-25
-31
-42
-45
-38
-40
-45
-21
-5
2
6
16
24
13
16
17
14
16
21
23
20
21
16
7
5
14
17
-7
-11
15
28
30
36
37
16
8
8
-6
-14
-8
-2
-13
-26
-14
-6
-19
-22
-27
-55
-64
-44
-52
-49
-13
-8
-5
-1
18
33
3
9
28
16
8
20
30
13
9
9
-9
-3
8
1
20
37
26
36
49
39
20
1
-14
-18
-20
-20
-21
-20
-11
1
5
-1
5
5
-6
2
16
13
1
14
12
11
22
10
9
12
10
12
6
17
29
21
12
17
13
-10
-7
-13
-24
-20
-23
-10
-2
-1
2
-10
-5
10
15
13
15
19
24
26
27
29
33
26
14
22
24
17
35
33
22
27
13
1
13
15
-2
0
-1
-12
-6
1
0
-1
-9
-14
-9
-9
-16
-24
-31
-33
-25
-10
-5
-10
-24
-29
-29
-33
-19
-13
-15
3
6
-5
14
27
17
23
15
3
11
27
39
39
41
36
33
36
21
12
-3
-28
-34
-35
-32
-22
-21
-31
-24
-19
-15
-10
-26
-25
-27
-31
-24
-28
-32
-25
-22
-27
-2
24
19
15
21
26
12
12
27
2
-11
-1
-14
-5
-7
-19
4
10
6
16
23
20
4
3
1
-12
-10
-8
-17
-2
11
3
6
-5
-16
-12
-10
-14
-14
2
4
-3
2
0
-12
-10
-13
-22
-13
-18
-15
-4
-6
3
-1
-16
-22
-40
-40
-35
-44
-41
-45
-29
-16
-24
-10
1
11
16
11
17
16
15
18
3
-15
0
-4
-5
17
-5
-6
20
5
13
31
18
13
11
-4
-9
-4
-6
-14
-22
-26
-25
-18
0
7
-7
-22
-18
-18
-24
-17
-15
-19
-23
-29
-45
-39
-28
-30
-19
-10
-10
4
7
-6
10
9
-2
6
3
12
12
6
17
25
41
47
33
36
58
51
39
38
21
11
6
-12
-14
-9
-19
-29
-22
-15
-9
-3
-11
-6
3
-7
-7
-1
-10
-20
-24
-33
-36
-22
-8
-14
-12
2
12
29
47
51
46
45
43
34
28
37
42
33
32
31
36
44
53
60
55
55
54
43
32
24
15
15
14
16
16
12
17
12
2
2
6
0
-10
-3
-9
-20
-16
-21
-29
-34
-41
-43
-27
-2
3
4
5
6
21
29
20
21
38
40
35
53
58
52
41
35
43
42
35
38
36
44
55
51
46
38
29
14
9
14
17
20
12
19
25
19
12
-5
-8
-14
-24
-23
-30
-29
-24
-34
-31
-20
-26
-24
-8
-19
-19
1
-12
-19
-6
-12
-7
-2
-4
-2
1
1
-5
-2
-6
-12
1
9
1
15
26
13
35
55
48
50
57
57
45
37
29
11
-11
-20
-20
-24
-39
-50
-43
-45
-47
-58
-64
-56
-69
-65
-70
-88
-83
-76
-72
-68
-60
-59
-48
-36
-34
-22
-5
1
7
26
36
36
40
36
28
24
18
4
3
5
-5
1
10
12
15
9
-2
-5
-5
-6
-7
4
-3
-14
-10
-16
-22
-32
-47
-75
-80
-60
-67
-69
-62
-70
-86
-82
-79
-91
-78
-73
-66
-44
-21
-1
6
24
24
22
37
27
26
34
24
14
14
15
-1
-6
-4
-10
-15
-8
13
22
25
27
17
17
17
3
1
-4
-18
-15
-11
-22
-33
-24
-35
-32
-16
-24
-18
-16
-18
-18
-17
-7
-10
-10
-4
-5
-8
4
-1
-13
-3
-4
-9
-5
-2
-6
-7
2
1
4
11
7
2
4
14
32
35
26
36
44
44
51
50
50
54
47
49
49
53
53
44
37
28
33
22
9
3
-6
-6
-13
-15
-15
-25
-34
-41
-36
-21
-22
-23
-11
2
18
41
51
39
41
46
27
22
40
40
27
33
37
29
34
37
36
34
34
44
65
75
80
95
87
72
76
66
41
25
24
9
3
12
6
6
4
-15
-10
7
6
12
19
15
12
16
19
5
-3
-4
-6
6
14
11
17
31
34
27
31
33
28
36
31
14
17
16
11
20
24
17
22
29
25
33
46
32
23
34
28
15
18
6
3
8
0
9
12
20
33
20
10
10
1
0
-1
-11
-12
-14
-25
-21
-15
-20
-7
0
-18
-9
-3
-14
-1
4
-10
-16
-20
-35
-40
-44
-51
-43
-40
-38
-34
-16
-6
-8
6
16
21
23
25
20
7
14
18
-7
-22
-16
-18
-17
-16
-2
4
1
17
7
8
17
1
-13
-25
-23
-28
-42
-47
-47
-54
-59
-49
-43
-50
-46
-34
-37
-40
-18
-6
-17
-22
-21
-22
-25
-21
-16
-18
-23
-28
-30
-25
-13
-9
-13
-21
-27
-27
-26
-20
-6
-8
-13
0
11
13
8
6
-1
-19
-19
-12
-28
-36
-40
-47
-58
-75
-62
-51
-61
-45
-28
-16
-16
-24
-21
-29
-27
-22
-22
-26
-28
-28
-35
-28
-20
-29
-34
-31
-34
-30
-15
-17
-22
-20
-14
-11
6
11
11
27
4
-14
-14
-15
-15
-3
-3
-12
3
-7
-13
-4
-21
-30
-41
-40
-26
-11
7
18
14
13
24
12
17
34
21
21
25
13
8
-1
-25
-42
-48
-46
-29
-15
-1
28
32
19
26
20
1
4
15
16
22
37
41
36
40
40
36
36
40
39
26
21
18
11
2
-4
-7
-10
-9
-13
7
11
1
3
14
35
45
63
74
70
67
48
21
10
14
14
9
1
-3
4
2
-6
4
1
-7
3
7
7
12
9
9
21
38
45
57
48
37
36
9
5
39
48
45
52
49
25
0
-16
-18
0
15
32
52
69
79
72
62
46
27
8
-16
-27
-20
1
8
-5
-16
-29
-45
-37
-21
1
28
38
45
49
41
36
23
11
-2
-18
-21
-16
7
16
24
36
32
47
73
94
85
60
36
8
-18
-34
-21
6
17
32
33
6
-16
-28
-36
-25
15
40
56
74
57
36
7
-46
-73
-78
-66
-34
-12
19
34
16
5
-11
-23
-15
4
26
29
19
15
8
-14
-30
-33
-51
-57
-31
0
35
65
58
22
-11
-39
-51
-42
-33
-14
-7
-23
-28
-24
-13
-4
-1
9
-1
-23
-26
-40
-59
-59
-65
-62
-38
-24
-10
5
-1
-15
-29
-39
-51
-50
-19
10
14
-3
-25
-58
-94
-98
-83
-66
-32
0
16
18
13
6
-2
-17
-44
-55
-54
-61
-56
-51
-51
-48
-36
-18
-8
-6
-6
14
23
26
38
31
-7
-66
-123
-174
-188
-160
-125
-79
-33
5
29
38
29
6
-3
-14
-23
-3
1
-5
-16
-47
-79
-109
-136
-125
-83
-43
-11
26
47
55
69
55
29
19
2
-21
-34
-41
-39
-29
-20
-10
-4
4
8
17
37
31
10
-6
-27
-54
-68
-70
-72
-67
-47
-40
-39
-29
-20
-10
-1
14
24
27
20
-13
-46
-70
-71
-50
-12
41
93
122
132
99
38
5
-2
-5
6
42
60
41
8
-11
-25
-43
-32
-2
28
57
93
114
116
96
56
27
-7
-34
-49
-55
-60
-65
-40
-10
0
14
40
70
90
97
101
99
89
63
33
1
-13
-3
-5
10
33
38
45
57
66
61
70
90
110
127
108
64
7
-51
-69
-48
-5
45
91
125
130
103
50
2
-12
4
46
96
142
145
107
64
12
-26
-21
11
47
98
128
133
117
70
34
7
-18
-22
-14
4
24
37
48
58
69
88
107
107
93
79
59
42
21
5
10
0
-34
-49
-32
-18
20
82
119
128
116
98
82
78
92
97
91
60
3
-59
-102
-123
-107
-47
13
55
85
88
57
-7
-49
-49
-45
-31
8
38
28
-7
-63
-123
-156
-130
-69
-7
57
98
106
88
42
2
-23
-50
-54
-49
-63
-58
-45
-42
-40
-41
-40
-42
-40
-16
2
-16
-39
-64
-82
-75
-66
-49
-33
-40
-47
-52
-58
-75
-81
-70
-60
-44
-29
-19
-35
-78
-113
-128
-157
-167
-139
-99
-35
15
34
42
9
-42
-91
-145
-167
-141
-99
-53
-22
-7
-10
-56
-135
-209
-241
-215
-148
-54
39
103
99
33
-73
-204
-279
-287
-229
-111
1
80
105
74
0
-95
-167
-189
-165
-113
-35
29
58
52
6
-50
-116
-179
-209
-205
-172
-117
-42
29
70
61
-6
-106
-195
-241
-214
-117
-8
82
139
136
57
-42
-116
-159
-131
-58
25
101
124
103
41
-23
-63
-73
-50
-15
23
38
38
39
32
47
69
75
51
8
-37
-85
-121
-118
-67
-4
59
110
130
95
38
3
-16
5
50
93
124
124
94
56
18
-16
-22
4
48
71
76
87
89
102
129
143
131
97
43
-16
-48
-37
10
58
101
104
54
-8
-53
-56
-14
35
81
129
128
103
79
24
-2
4
14
43
69
79
76
66
64
85
114
139
170
161
116
68
6
-22
-4
44
116
163
164
123
37
-31
-36
-1
57
111
127
84
19
-18
-27
-5
39
74
85
66
33
23
31
44
81
123
146
136
110
75
29
-17
-32
-9
31
76
98
99
79
28
1
-12
-9
32
74
94
86
60
40
29
10
-12
-25
-46
-61
-59
-44
-8
38
67
53
18
-35
-92
-95
-43
31
104
150
148
100
16
-54
-80
-75
-37
6
26
29
-9
-63
-82
-62
-38
-5
39
49
32
3
-37
-67
-85
-75
-37
-7
-8
-24
-63
-118
-141
-130
-86
-22
31
73
77
36
-30
-106
-154
-155
-132
-97
-63
-40
-32
-34
-47
-67
-70
-64
-53
-23
4
39
75
65
16
-54
-153
-221
-232
-196
-130
-56
6
26
14
-49
-132
-155
-145
-105
-43
4
19
-5
-57
-117
-147
-147
-123
-79
-41
-23
-25
-37
-63
-81
-69
-58
-36
-21
-34
-54
-87
-127
-160
-166
-132
-90
-45
-13
-13
-33
-52
-54
-39
-6
20
17
23
23
1
-16
-35
-56
-62
-66
-72
-57
-32
1
43
56
28
-13
-51
-80
-76
-41
4
38
44
11
-37
-80
-117
-121
-84
-40
15
56
68
63
33
3
-27
-41
-19
5
46
88
86
56
15
-25
-46
-23
23
54
98
128
114
84
59
38
55
77
61
67
73
51
29
5
-16
-40
-50
-32
-3
26
41
65
75
44
20
2
3
26
52
74
72
65
64
53
40
48
67
79
92
90
84
89
94
99
100
100
76
36
14
-11
-9
10
13
28
44
25
12
32
41
47
59
66
85
105
110
95
79
58
26
13
4
7
28
36
37
30
8
17
59
90
104
102
83
59
27
15
32
45
94
145
144
120
68
7
-36
-42
-15
19
63
80
80
68
30
-18
-73
-92
-68
-45
3
51
67
69
40
14
8
-1
7
45
93
124
134
121
65
7
-24
-47
-66
-63
-39
-20
-3
4
15
17
-5
-15
-33
-50
-42
-29
-3
40
59
52
51
31
-4
-33
-47
-46
-42
-23
-7
4
3
-14
-45
-90
-103
-109
-103
-47
12
57
72
45
2
-28
-43
-44
-30
-19
-13
-12
-27
-47
-60
-88
-92
-68
-80
-80
-51
-32
-8
22
33
23
1
-19
-32
-62
-94
-101
-83
-43
-16
-7
-16
-41
-69
-96
-92
-80
-68
-55
-62
-84
-113
-142
-139
-104
-76
-37
-18
-21
-30
-62
-75
-68
-50
-33
-9
0
-30
-54
-83
-117
-101
-65
-11
46
66
58
15
-39
-71
-78
-65
-39
-6
10
13
-16
-66
-99
-116
-125
-125
-98
-64
-43
-26
-21
-31
-34
-44
-63
-71
-79
-79
-48
-12
25
49
35
4
-11
-6
-9
-7
4
27
59
66
54
33
-18
-55
-55
-46
-16
29
55
79
105
112
105
98
73
46
25
-11
-25
-20
3
46
56
42
13
-29
-72
-95
-86
-49
5
57
90
79
41
4
-33
-57
-41
-4
42
120
192
209
200
179
144
105
88
73
44
33
23
25
53
64
71
65
44
27
13
19
34
70
139
181
183
149
80
-14
-107
-139
-120
-74
-5
64
92
63
11
-43
-81
-84
-37
31
78
110
112
93
78
63
44
35
25
16
24
46
82
118
147
150
113
59
0
-45
-69
-57
-30
-6
55
80
51
13
-45
-98
-117
-95
-49
3
48
60
50
9
-43
-60
-67
-41
13
39
56
60
65
68
87
108
91
63
27
-18
-34
-14
27
86
157
172
115
25
-75
-149
-167
-121
-39
44
91
68
6
-60
-128
-156
-142
-119
-65
-4
44
70
73
69
51
25
8
-9
-18
-18
-1
21
29
41
58
45
10
-29
-79
-102
-78
-21
42
80
90
56
-28
-123
-193
-224
-194
-116
-43
10
28
-5
-65
-110
-134
-135
-102
-53
-20
-2
-1
1
10
15
19
11
-9
-11
3
12
30
68
79
46
0
-68
-129
-152
-145
-112
-75
-47
-40
-49
-74
-103
-114
-100
-56
-14
20
37
3
-43
-82
-113
-97
-48
-2
28
21
-21
-74
-109
-109
-72
-21
41
86
85
45
-17
-90
-123
-109
-63
11
57
61
51
21
-8
-42
-68
-74
-76
-69
-55
-54
-67
-77
-91
-84
-76
-83
-78
-58
-22
12
40
61
75
68
38
0
-43
-66
-55
-14
53
123
173
190
153
78
6
-49
-62
-28
29
70
73
59
19
-33
-70
-112
-135
-113
-56
0
41
84
79
43
3
-49
-79
-71
-23
44
97
118
108
55
5
-28
-24
28
88
142
180
194
164
128
90
27
-26
-52
-48
-36
-12
30
36
20
-17
-82
-111
-109
-99
-65
-30
-8
7
9
12
29
39
50
56
49
52
59
74
103
119
132
121
89
63
34
30
40
61
79
76
67
37
14
1
-25
-43
-56
-67
-51
-23
1
32
54
51
29
4
-20
-42
-40
-22
18
69
105
132
116
76
43
12
-7
-1
32
81
122
144
143
101
51
18
-3
-6
14
58
97
104
78
34
-15
-54
-65
-74
-75
-52
-53
-36
-10
9
45
59
42
17
-9
-37
-46
-29
7
46
77
97
108
98
74
59
51
48
49
70
96
104
92
61
26
-8
-31
-36
-41
-30
-23
-44
-65
-67
-52
-51
-54
-52
-57
-75
-96
-94
-89
-67
-31
6
40
53
53
37
22
12
22
38
65
97
112
112
77
43
10
-39
-68
-74
-62
-43
-7
22
14
3
-25
-77
-122
-147
-157
-145
-122
-98
-70
-55
-47
-42
-37
-30
-6
22
49
68
53
35
11
-5
16
49
71
67
53
11
-46
-78
-101
-98
-55
-5
37
51
30
-2
-65
-120
-151
-145
-76
-14
37
51
24
-22
-94
-122
-107
-79
-24
27
58
65
51
-3
-72
-138
-171
-162
-127
-64
-9
27
45
24
-19
-63
-93
-105
-81
-35
-10
11
11
-7
-23
-54
-85
-81
-69
-46
-15
-8
-9
-24
-49
-84
-101
-79
-51
-8
19
8
-18
-51
-81
-102
-96
-80
-75
-85
-91
-83
-70
-45
-14
-1
-8
-36
-61
-69
-58
-39
-24
-7
17
25
17
21
-7
-48
-73
-78
-21
36
65
57
18
-28
-71
-78
-70
-38
-2
12
21
13
0
-22
-54
-67
-53
-31
-15
-5
-9
-10
-12
-23
-10
5
20
41
45
44
48
48
42
42
45
50
63
88
95
76
42
-21
-52
-70
-78
-33
25
81
107
117
92
24
-45
-96
-96
-74
-19
49
98
129
100
64
38
4
5
38
86
145
194
208
195
153
93
17
-34
-41
-7
57
101
125
105
55
-2
-87
-103
-98
-88
-37
8
70
118
145
148
127
74
13
-4
-2
32
78
98
107
107
72
49
65
56
69
77
60
66
58
54
67
74
70
73
58
28
30
21
28
44
47
63
63
66
59
41
9
-9
-8
7
52
74
91
92
53
21
-1
1
15
33
60
93
102
92
97
64
48
27
-10
19
50
68
76
61
25
-6
-38
-42
-24
-51
-74
-95
-95
-71
-51
-25
-5
-5
-39
-55
-56
-48
-4
25
68
93
82
50
-17
-68
-91
-64
-25
11
67
77
53
12
-50
-110
-164
-201
-215
-175
-112
-36
30
36
-3
-40
-90
-132
-135
-127
-98
-55
-31
-14
-2
-11
-47
-94
-153
-173
-154
-104
-26
33
79
73
42
5
-73
-106
-109
-100
-58
-25
5
21
-7
-40
-77
-123
-148
-164
-178
-166
-143
-129
-92
-76
-75
-71
-97
-110
-129
-149
-137
-107
-62
-28
-4
9
-16
-52
-73
-111
-111
-89
-78
-52
-33
-19
-19
-9
-27
-60
-75
-108
-100
-80
-60
-46
-53
-61
-90
-105
-98
-75
-63
-64
-70
-80
-41
-2
26
40
5
-23
-43
-45
-24
-7
-11
-22
-31
-44
-45
-58
-68
-87
-114
-113
-70
-9
25
42
39
31
20
13
8
-3
-1
-6
10
42
61
67
47
41
25
-3
2
11
44
90
110
138
142
96
50
-8
-48
-33
-17
9
37
33
27
-5
-32
-46
-66
-75
-61
0
54
120
179
180
162
112
47
30
42
72
127
158
182
208
203
173
134
80
0
-38
-30
-12
32
66
95
103
64
22
-1
-22
-40
-18
29
84
144
180
186
180
156
124
97
88
99
114
140
171
195
189
141
81
14
-24
-19
1
32
60
76
79
84
72
59
43
17
12
22
30
49
81
74
64
62
45
42
14
-12
-18
0
62
136
184
215
220
177
125
68
47
47
45
70
71
67
73
49
14
-24
-66
-98
-98
-66
-25
-7
-4
-19
-53
-73
-70
-54
-38
-29
-33
-39
-34
-20
-3
16
38
53
64
77
73
59
38
27
34
40
30
5
-21
-44
-49
-33
-18
-29
-57
-79
-92
-95
-96
-96
-119
-132
-113
-92
-46
-11
-3
2
-25
-37
-40
-74
-94
-108
-130
-124
-92
-53
-14
19
22
-10
-44
-81
-107
-106
-93
-71
-42
-3
31
15
-13
-53
-87
-101
-113
-100
-75
-56
-41
-38
-62
-85
-109
-125
-124
-121
-91
-56
-20
8
8
-28
-93
-134
-138
-142
-127
-75
-24
25
41
26
-2
-54
-93
-119
-122
-96
-44
1
21
34
8
-37
-71
-92
-112
-109
-69
-53
-50
-38
-21
-32
-62
-79
-98
-115
-129
-119
-93
-59
-29
-17
-27
-51
-53
-61
-37
22
82
142
143
117
75
4
-48
-56
-67
-79
-56
-48
-23
-5
-19
-18
-51
-80
-77
-54
-17
3
29
37
42
70
97
137
153
129
114
76
44
52
47
43
40
27
3
-40
-82
-109
-105
-89
-63
-24
1
25
29
11
1
3
18
44
84
107
115
138
144
157
173
161
155
121
70
36
15
30
59
80
107
125
109
65
19
-26
-61
-55
-31
-2
45
72
72
47
16
-6
-35
-42
-25
6
59
99
140
152
120
101
80
74
97
112
125
152
138
123
120
73
50
20
-10
1
14
44
79
116
112
83
61
9
-35
-53
-56
-27
18
57
95
117
119
98
62
42
29
29
32
46
62
65
67
43
29
12
-4
-3
-10
4
-1
-17
-20
-43
-46
-40
-25
1
17
26
29
36
31
22
7
-9
-5
4
3
18
22
23
50
46
54
51
20
4
-28
-44
-48
-42
-32
-41
-45
-61
-77
-65
-48
-48
-40
-9
-11
-10
-20
-55
-51
-63
-59
-38
-42
-35
-56
-77
-85
-110
-114
-113
-109
-88
-83
-82
-58
-44
-30
-3
11
15
15
18
14
17
16
10
-4
-30
-22
-20
-24
-15
-31
-48
-74
-100
-100
-113
-112
-89
-99
-101
-79
-74
-56
-48
-90
-140
-157
-167
-144
-85
-41
1
8
-26
-58
-103
-101
-59
-44
6
33
37
61
38
49
36
-8
-21
-78
-77
-45
-27
23
38
20
-32
-79
-92
-109
-90
-86
-72
-47
-65
-31
-23
-60
-78
-131
-133
-121
-103
-44
-33
-4
-13
-55
-43
-64
-46
-3
33
82
92
100
74
31
26
10
24
52
81
99
71
59
26
2
5
-18
-6
-18
-47
-44
-67
-63
-55
-75
-79
-78
-73
-67
-43
-18
4
27
19
14
18
8
19
23
38
68
67
88
84
77
100
79
49
18
-13
-28
-35
8
43
57
72
55
32
16
25
40
51
65
51
35
23
20
18
2
-8
-35
-58
-65
-52
4
49
68
73
36
-9
-16
-4
26
72
99
97
86
68
59
61
25
15
23
17
46
85
135
151
135
112
54
5
-12
-9
9
47
65
68
45
8
-7
-27
-17
12
12
28
54
64
73
61
36
12
-16
13
33
43
84
93
94
77
66
37
6
14
21
50
69
97
85
40
29
-8
6
35
36
67
51
33
57
54
55
59
26
32
16
-21
-9
-9
0
12
20
28
61
96
114
144
119
113
90
39
45
10
2
20
1
-25
-61
-93
-104
-116
-122
-108
-115
-87
-44
-9
54
90
101
56
-9
-50
-54
-30
28
103
110
113
83
47
39
-7
-13
-17
-24
-7
12
37
62
33
-47
-106
-168
-174
-128
-70
15
53
31
-3
-27
-68
-72
-55
-66
-40
-40
-51
-57
-73
-71
-104
-125
-123
-101
-83
-46
11
28
60
30
21
26
-2
38
47
58
65
50
38
6
-2
-9
-38
-35
-16
-42
-44
-41
-55
-77
-111
-120
-135
-115
-110
-92
-65
-69
-33
-33
-11
-2
-27
-21
-36
-48
-60
-72
-88
-116
-125
-118
-67
1
63
67
36
-2
-44
-21
29
86
114
111
70
12
-29
-73
-53
-56
-32
4
-19
40
57
37
20
-44
-71
-85
-101
-69
-40
-39
-57
-100
-150
-198
-183
-150
-111
-50
-33
-13
-26
-19
11
7
58
83
80
66
38
66
73
76
76
53
36
13
14
16
17
-3
-48
-85
-111
-110
-87
-31
5
0
-10
-26
-22
-14
-15
6
24
19
31
11
-11
-11
-42
-55
-55
-28
6
36
60
69
76
37
-17
-51
-51
-39
-13
2
3
16
-26
-17
11
4
30
47
59
69
71
57
93
125
100
91
55
25
3
-24
-4
3
13
17
7
20
-2
5
18
27
80
90
92
84
49
14
-20
-28
-19
-8
-3
-5
7
20
44
79
69
50
30
11
22
36
81
91
48
14
2
9
17
52
58
58
62
71
115
123
113
79
37
17
-11
14
44
77
122
107
91
77
52
48
43
45
39
37
34
17
-3
-6
18
23
29
27
-7
-17
-36
-38
0
10
63
73
25
30
-20
-59
-57
-59
-27
-11
23
50
44
67
81
88
84
54
53
67
62
95
138
117
100
79
7
-49
-72
-86
-57
-38
-28
14
29
29
16
-15
-34
-76
-122
-114
-101
-103
-94
-105
-113
-120
-151
-166
-157
-137
-88
-38
-13
17
41
62
94
114
127
115
85
71
45
56
109
148
170
134
68
-4
-70
-104
-115
-99
-97
-93
-115
-154
-145
-148
-153
-156
-165
-162
-177
-178
-146
-112
-85
-85
-52
-26
-47
-36
-34
-22
-8
-18
11
51
96
110
94
85
38
-4
-23
-34
-14
-5
-11
-6
-23
-48
-47
-43
-35
-27
-38
-74
-98
-100
-124
-136
-134
-146
-164
-185
-194
-195
-159
-128
-99
-47
-21
38
69
38
32
34
16
-2
1
-5
-1
17
35
56
61
64
62
54
29
4
-28
-26
-13
-55
-50
-45
-60
-83
-133
-152
-179
-180
-130
-93
-65
-47
-36
-41
-55
-68
-56
-39
-18
28
22
19
19
-5
14
23
42
80
91
78
74
67
54
51
10
-4
7
-12
-9
-21
-50
-39
-36
-39
-14
-8
-6
-9
-26
-47
-85
-97
-103
-106
-105
-104
-57
-19
17
53
95
140
163
211
217
221
229
189
171
145
108
70
44
3
-48
-59
-43
-11
11
30
36
6
-28
-56
-68
-56
-29
14
17
11
34
28
31
40
54
85
104
144
165
180
197
175
135
90
54
27
20
27
42
71
89
112
125
118
118
111
93
89
75
66
52
21
20
-9
-39
-39
-45
-48
-39
18
73
113
142
129
107
81
58
34
4
-29
-47
-33
-6
30
88
134
125
102
62
36
53
45
57
62
44
36
-7
-39
-63
-61
-61
-75
-59
-41
1
32
75
93
62
36
-11
-47
-77
-96
-96
-72
-56
-36
-15
-8
15
6
-20
-36
-35
-19
31
85
102
121
93
43
-18
-63
-52
-53
-12
18
29
57
46
40
6
-46
-82
-99
-119
-159
-156
-154
-156
-157
-159
-132
-131
-137
-134
-130
-108
-60
2
50
68
72
73
50
38
40
52
78
84
87
88
84
79
63
15
-36
-70
-108
-122
-127
-118
-129
-158
-170
-179
-179
-156
-98
-63
-51
-45
-34
5
14
11
6
-24
-64
-95
-76
-44
-23
25
30
18
5
-33
-10
-7
-10
20
34
53
45
27
-5
-49
-67
-81
-73
-66
-44
-5
3
20
33
9
-7
-16
-46
-74
-78
-60
-38
-49
-47
-36
-55
-68
-74
-83
-99
-91
-76
-35
32
58
88
95
48
-2
-23
-18
-5
24
49
60
40
24
28
15
-14
-48
-68
-83
-49
-2
14
26
22
20
4
-8
-12
-13
4
-26
-37
-6
10
30
53
46
-3
-43
-55
-32
-7
17
66
103
109
96
79
69
79
72
71
88
100
102
64
29
8
-21
-33
-40
-54
-70
-67
-65
-66
-43
-18
15
52
64
60
32
18
16
5
24
84
135
150
147
133
93
59
51
47
42
28
5
-15
-63
-106
-113
-89
-57
-41
-22
3
27
36
43
66
91
109
116
108
93
75
51
19
-8
-12
-3
-14
-26
-14
-37
-49
-15
17
48
62
48
31
21
7
22
70
107
142
186
183
156
138
99
64
50
47
65
86
88
91
87
62
66
75
51
60
68
50
39
11
8
-1
-24
-13
-17
-29
-42
-40
-29
-25
-7
5
34
23
8
26
20
35
30
19
6
-59
-130
-172
-198
-224
-221
-190
-175
-153
-122
-106
-72
-55
-65
-59
-39
-7
10
21
6
-38
-82
-152
-184
-195
-226
-209
-178
-154
-116
-88
-68
-51
-66
-102
-122
-133
-126
-99
-60
-35
-30
-9
-12
-31
-56
-77
-72
-71
-66
-46
-17
-6
1
40
94
151
199
225
191
155
134
89
66
60
48
47
49
34
40
76
115
136
142
146
155
175
179
183
192
158
127
134
136
155
179
144
56
-43
-162
-279
-353
-401
-438
-447
-422
-349
-211
-43
130
258
318
308
239
145
45
-26
-99
-186
-232
-251
-241
-198
-170
-148
-132
-155
-204
-234
-246
-258
-248
-211
-166
-96
7
92
121
128
104
38
-43
-158
-247
-281
-305
-322
-298
-241
-189
-134
-75
-28
3
19
24
23
30
55
119
176
204
231
218
205
209
192
180
162
157
164
166
172
189
203
206
215
218
242
283
301
304
264
219
212
205
200
204
210
213
209
208
214
242
298
335
342
316
252
155
2
-175
-366
-552
-700
-823
-888
-854
-721
-512
-239
77
359
563
693
722
651
519
350
175
10
-127
-241
-330
-385
-408
-403
-404
-416
-433
-449
-458
-466
-455
-385
-251
-106
33
188
328
385
356
262
96
-100
-287
-450
-571
-603
-554
-449
-272
-102
35
147
209
235
195
139
151
186
217
279
337
366
342
213
-3
-279
-563
-769
-847
-801
-641
-351
11
385
754
1049
1221
1229
1031
685
306
-9
-213
-282
-222
-81
100
319
537
707
805
784
664
458
224
58
12
70
196
372
527
640
715
718
573
247
-173
-590
-956
-1267
-1421
-1357
-1194
-1011
-804
-552
-260
21
238
348
375
341
303
278
258
292
333
286
182
73
-41
-162
-272
-383
-524
-639
-692
-719
-669
-523
-346
-185
-58
73
202
292
330
340
308
196
60
-76
-212
-319
-413
-511
-599
-640
-629
-559
-444
-319
-191
-34
129
250
346
453
527
519
446
375
340
281
207
131
17
-90
-155
-210
-246
-241
-220
-164
-68
48
175
296
371
345
252
153
87
79
110
149
182
183
155
170
186
132
42
-62
-149
-205
-191
-32
247
518
671
704
657
575
479
370
244
108
1
-82
-101
-23
91
218
322
352
318
280
318
389
386
320
191
-33
-294
-545
-752
-924
-1025
-1033
-1026
-972
-774
-427
-59
228
468
636
731
750
696
614
482
300
85
-128
-259
-278
-242
-236
-255
-278
-352
-468
-552
-555
-529
-484
-376
-218
15
288
520
647
640
526
285
-4
-220
-356
-426
-493
-564
-581
-557
-529
-476
-399
-372
-397
-354
-232
-51
159
309
294
44
-325
-592
-684
-695
-615
-412
-169
89
357
634
890
1000
824
403
-26
-310
-416
-319
-85
199
456
584
640
753
840
770
522
157
-142
-238
-164
47
396
734
867
821
719
639
585
438
151
-108
-189
-76
171
445
658
678
323
-323
-950
-1450
-1888
-2153
-2105
-1840
-1373
-562
440
1324
1972
2276
2097
1541
892
322
-121
-406
-464
-369
-241
-31
225
318
177
-123
-601
-1173
-1543
-1582
-1351
-859
-201
457
1080
1597
1882
1876
1580
1042
307
-497
-1167
-1529
-1575
-1439
-1167
-825
-526
-273
-115
-105
-189
-309
-452
-584
-557
-322
69
548
942
1146
1102
695
-46
-901
-1669
-2187
-2361
-2206
-1727
-930
20
860
1527
2004
2111
1744
1031
216
-489
-979
-1210
-1119
-766
-327
149
593
921
1167
1307
1243
974
643
382
223
176
230
366
539
639
652
677
740
785
703
486
272
147
184
453
813
1006
945
651
22
-865
-1654
-2164
-2570
-2860
-2762
-2271
-1477
-396
805
1813
2409
2577
2338
1744
1121
728
415
106
-12
45
27
-54
-69
-195
-586
-1137
-1681
-2111
-2250
-1984
-1420
-675
185
1016
1652
2049
2208
2072
1536
650
-340
-1257
-1949
-2240
-2134
-1798
-1361
-896
-537
-316
-171
-123
-194
-360
-542
-585
-369
119
753
1347
1794
1946
1454
330
-837
-1709
-2486
-3184
-3415
-2995
-2128
-1010
335
1736
2853
3388
3204
2414
1453
651
-54
-716
-1111
-1051
-693
-215
418
1100
1542
1554
1166
599
67
-283
-420
-393
-202
152
571
1030
1521
1862
1888
1564
950
230
-369
-722
-741
-453
67
758
1399
1753
1681
1102
4
-1419
-2782
-3821
-4389
-4296
-3519
-2328
-902
731
2304
3423
3902
3753
2999
1787
585
-262
-743
-846
-574
-205
-25
50
89
-158
-803
-1576
-2293
-2932
-3195
-2754
-1729
-434
954
2232
3112
3479
3385
2811
1685
236
-1151
-2307
-3028
-3050
-2460
-1614
-756
-49
348
425
288
-49
-545
-1033
-1554
-1976
-1855
-1104
-178
530
1113
1562
1566
1078
535
164
-202
-663
-1140
-1399
-1262
-770
-274
27
341
648
682
583
784
1238
1524
1523
1399
1284
1124
916
686
349
-62
-484
-851
-973
-635
74
830
1331
1571
1632
1564
1427
1177
828
461
78
-271
-351
34
847
1851
2538
2368
1296
-297
-1977
-3502
-4616
-5133
-5058
-4396
-3202
-1519
591
2855
4617
5262
4749
3532
2024
550
-503
-946
-961
-762
-435
-118
196
495
417
-345
-1578
-2873
-3942
-4436
-3965
-2650
-944
771
2267
3471
4289
4616
4282
3150
1321
-790
-2688
-3980
-4284
-3634
-2575
-1541
-688
-109
181
92
-496
-1266
-1828
-2284
-2580
-2121
-658
1219
2763
3683
4080
3886
2916
1408
-206
-1599
-2650
-3446
-3909
-3590
-2349
-845
330
1239
2007
2433
2423
2228
2104
1965
1620
1193
860
677
643
634
473
184
-62
-337
-693
-897
-751
-399
-153
0
311
778
1166
1383
1545
1680
1605
1326
1208
1481
2052
2315
1463
-543
-2577
-3820
-4794
-5793
-5908
-4670
-3208
-2168
-522
2178
4634
5827
5848
4812
2959
1188
-87
-1156
-1591
-1010
-367
-471
-376
516
1081
520
-520
-1617
-3088
-4391
-4504
-3551
-2158
-311
1544
2718
3532
4466
4869
4044
2482
788
-1160
-3125
-4169
-3976
-3164
-2245
-1381
-1139
-1478
-1484
-1120
-1350
-2080
-2232
-1718
-1054
-92
1578
3466
4658
4760
3890
2348
733
-651
-2151
-3612
-4277
-4097
-3685
-2864
-1138
863
2072
2462
2554
2487
2167
1820
1579
1336
1060
821
664
691
1064
1486
1374
681
-4
-373
-592
-716
-528
-176
-81
-230
-148
343
998
1549
1883
1936
1790
1734
1898
2417
3009
2340
-528
-3670
-4947
-5476
-6774
-7099
-5040
-2953
-2307
-873
2497
5405
6566
6731
5644
3120
1032
162
-927
-1833
-878
364
-342
-993
324
1356
328
-908
-1632
-3273
-5110
-5082
-3644
-2148
-98
2323
3443
3567
4509
5401
4349
2257
731
-1032
-3459
-4770
-4175
-2911
-2105
-1826
-1835
-1788
-1526
-1520
-1895
-1939
-1484
-1201
-989
292
2536
4182
4607
4284
3438
2052
301
-1553
-2984
-3566
-3729
-3956
-3659
-2121
14
1527
2212
2537
2528
2037
1481
1222
1114
943
741
579
658
1203
1848
2051
1669
979
196
-516
-858
-778
-569
-505
-403
-163
154
628
1313
1899
2079
1923
1600
1486
2094
3181
3008
359
-3059
-4788
-5512
-7034
-7987
-6338
-3970
-3186
-2149
1136
4847
6849
7584
7055
4677
1994
658
-413
-1626
-1168
228
-135
-1294
-425
1089
593
-686
-1246
-2668
-5100
-5829
-4337
-2571
-719
1849
3670
4034
4731
6017
5723
3676
1688
-289
-3043
-5116
-5347
-4962
-4467
-3160
-2006
-2282
-2573
-1481
-417
-584
-797
-200
393
896
2062
3451
4144
4202
3545
1738
-340
-1498
-2293
-3534
-4224
-3653
-2844
-2128
-578
1609
3011
3298
3175
2705
1819
1186
961
553
166
346
656
624
945
1856
2184
1455
611
136
-403
-845
-722
-218
239
457
425
447
819
1228
1286
1154
1226
1627
2076
1446
-831
-3042
-3668
-4483
-6777
-7646
-5409
-3296
-3066
-1482
2444
5234
5802
6258
6160
4065
1985
1157
-346
-2074
-1319
192
-626
-1393
473
1714
49
-1278
-1069
-2476
-5230
-5523
-3874
-3081
-1880
1095
3265
3762
5149
6798
5753
3197
1813
342
-2589
-4665
-4589
-4381
-4690
-3970
-2573
-2236
-2366
-1495
-617
-886
-1036
-159
739
1399
2636
4076
4673
4390
3566
2049
64
-1467
-2317
-3141
-3837
-3474
-2223
-1048
177
1915
3292
3338
2696
2183
1551
709
361
716
906
722
936
1456
1694
1872
2159
1825
712
-186
-731
-1248
-1174
-224
534
518
540
889
1016
1096
1652
2340
2449
807
-2626
-5597
-5932
-5386
-6557
-7242
-5097
-2832
-2870
-1792
2463
5940
6284
5940
5417
3253
1293
1127
519
-1073
-818
259
-975
-2355
-499
1567
331
-1455
-1449
-2253
-4421
-4476
-2514
-1544
-919
1161
2577
2470
3620
5764
5284
2629
1113
23
-2624
-4876
-4338
-2903
-2781
-2967
-2361
-1959
-1812
-891
-56
-291
-545
-147
118
586
2142
3861
4308
3731
2785
1535
29
-1142
-1786
-2340
-2682
-2587
-2017
-853
1066
2852
3408
3089
2509
1543
523
178
280
242
257
518
790
1321
2232
2819
2642
2064
1317
356
-468
-693
-388
-38
197
255
260
479
916
1368
1897
2035
-253
-4500
-6869
-6334
-6865
-8769
-7532
-3681
-2048
-2029
939
5169
6461
5875
5686
4091
1020
-166
38
-1139
-1845
170
1094
-906
-1168
1328
1429
-1058
-1779
-1783
-4219
-5927
-3845
-1586
-1205
480
3526
4209
3540
4836
5989
3916
1264
-124
-2567
-5612
-5763
-3896
-3485
-3244
-1537
-894
-2159
-1932
390
1057
-277
-290
922
1185
1524
3414
5020
4763
3892
2780
437
-1795
-2144
-2075
-3040
-3178
-1548
-298
252
1999
4244
4430
3050
2261
1703
421
-343
19
60
-371
337
1601
1712
1830
3040
3349
1575
157
360
191
-891
-1099
-459
-803
-1707
-1283
-219
108
944
1930
411
-2666
-3393
-2355
-3403
-4931
-3821
-2238
-2876
-2945
-49
2550
2980
3465
3816
1747
-723
-955
-985
-2574
-2691
-786
-684
-1889
-539
2185
2236
977
1234
877
-1695
-3101
-2160
-1711
-2123
-1013
757
934
1256
3054
3857
2303
802
-130
-2280
-4507
-4344
-3117
-2963
-2501
-786
243
-159
235
1757
1991
594
-220
81
177
256
1222
2241
2356
2127
1949
1201
394
320
168
-669
-1131
-278
585
692
1380
2821
3162
2054
1435
1613
1107
290
424
835
709
873
1882
2620
2663
2997
3237
2643
1891
1633
1223
234
-142
213
105
-364
-891
-2271
-4425
-5774
-6198
-7277
-8029
-6819
-4845
-3401
-1454
1626
3946
4953
5718
5646
3745
1663
809
-206
-1850
-2170
-1092
-959
-1436
-571
603
120
-897
-1261
-2395
-4473
-5285
-4584
-4083
-3336
-1082
1329
2504
3722
5708
6259
4291
1839
-109
-2404
-4781
-5742
-5524
-5004
-3747
-1984
-602
707
2636
4017
3349
1688
901
533
-466
-1107
-226
988
1341
1563
2003
2073
1857
1687
1135
82
-611
-533
-262
256
1622
3163
3555
3000
2761
2722
1956
859
118
-411
-986
-1214
-724
22
733
1534
2177
2156
1632
1397
1437
1301
1326
1867
2688
3878
4762
3790
1296
-488
-1408
-4163
-7895
-9523
-9314
-9696
-9766
-6956
-2892
243
3011
5463
5721
4636
4316
3440
551
-1569
-1117
-1084
-2474
-2015
622
1947
1564
1621
1508
-597
-2992
-4204
-5531
-6870
-6305
-4682
-4062
-2842
764
3948
4444
4365
4562
3382
877
-678
-1739
-3660
-4978
-4771
-4165
-3714
-1968
798
2141
1932
1911
2165
1693
917
705
615
339
304
449
501
1160
2380
2776
1916
1098
1108
994
620
961
1784
1884
1493
1691
2239
2531
2766
2869
2216
1125
528
277
2
161
1274
2262
2301
2263
2709
3171
3200
3345
3109
1221
-1657
-3841
-5054
-6081
-6627
-5995
-4930
-4287
-3485
-1929
-94
1641
3105
3550
2678
1714
1391
799
-80
-69
639
376
-637
-682
36
185
6
148
-282
-1683
-2863
-3363
-3959
-4380
-3826
-3087
-3063
-2734
-1256
258
894
1388
1793
1089
-334
-1178
-1484
-2017
-2345
-2188
-2090
-1996
-1046
438
1342
1782
2220
2203
1238
296
148
93
-276
-397
-201
-78
261
1054
1673
1929
2314
2537
1978
1187
1251
1828
1936
1851
2339
2765
2447
2244
2634
2713
2218
1728
873
-501
-1202
-813
-547
-719
-207
908
1401
1655
2848
4624
5541
5002
3126
460
-1458
-2517
-4208
-6223
-6546
-5655
-5834
-6147
-4217
-1040
1033
2116
2972
2883
1905
1321
767
-704
-1709
-1291
-1437
-2954
-2959
-484
1375
1577
2240
3368
2836
1209
384
-265
-1789
-3175
-3743
-4618
-5395
-4294
-2298
-1477
-1273
-519
-286
-1359
-2042
-1693
-1712
-2351
-2473
-2104
-2011
-1353
558
2176
2547
2700
3084
2664
1468
985
1041
514
-258
-538
-594
-586
224
1510
2095
2212
2525
2413
1542
1062
1479
1570
798
297
618
973
1112
1713
2606
2908
2722
2540
2166
1625
1414
1387
1015
499
512
880
1052
1428
2235
2626
1991
923
-3
-1042
-2166
-3069
-3903
-4506
-4422
-3892
-3307
-2375
-906
322
806
983
1151
826
5
-532
-918
-1679
-2416
-2553
-2507
-2632
-2310
-1554
-984
-542
208
1077
1674
2325
3002
2989
2385
1936
1481
420
-768
-1320
-1902
-2962
-3594
-3362
-2904
-2492
-1775
-1146
-1059
-1064
-915
-1025
-1256
-960
-498
-761
-1134
-580
365
601
400
685
1028
735
223
271
619
730
870
1168
1304
1259
1427
1591
1345
998
921
672
62
-98
595
1191
1158
1348
1941
2086
1771
1708
1631
1027
459
399
201
-209
88
918
1166
936
1176
1531
1241
854
904
808
332
73
11
-228
-341
-30
145
-108
-160
141
153
-221
-331
-252
-450
-738
-1033
-1637
-2362
-2714
-2950
-3440
-3658
-3144
-2487
-2082
-1393
-374
295
538
792
905
675
409
304
52
-310
-323
-96
-32
-63
109
226
30
-115
-154
-446
-858
-935
-763
-842
-1087
-1099
-993
-1049
-1071
-746
-359
-265
-310
-229
8
371
798
1137
1333
1399
1180
716
406
522
769
788
708
662
585
446
523
837
995
991
1051
1146
1137
1261
1750
2195
2176
2013
1959
1605
1038
859
945
627
146
149
248
109
183
609
720
362
174
120
-319
-738
-565
-365
-573
-589
-174
-10
-43
193
307
-40
-471
-747
-1276
-1970
-2256
-2332
-2649
-2853
-2482
-1981
-1871
-1622
-984
-552
-425
-197
154
350
490
706
787
649
547
552
360
-64
-169
126
184
-132
-221
136
333
126
-33
139
190
-159
-471
-473
-431
-603
-818
-936
-974
-921
-797
-560
-199
84
122
85
160
280
354
398
403
331
317
454
693
1020
1449
1778
1782
1720
1789
1722
1342
1038
968
693
250
150
449
674
807
1143
1333
1121
861
752
516
65
-260
-436
-742
-1020
-902
-573
-263
133
518
606
485
464
433
230
64
-7
-143
-320
-401
-485
-735
-946
-1095
-1381
-1730
-1883
-1876
-1971
-2017
-1776
-1518
-1404
-1183
-909
-775
-656
-380
-176
-199
-88
155
154
-34
2
71
-241
-571
-518
-345
-469
-552
-313
-49
170
426
676
762
751
673
459
187
2
-123
-369
-606
-689
-750
-876
-879
-651
-330
-111
19
176
270
277
201
47
-98
-130
-65
-8
82
312
638
871
991
1134
1309
1355
1269
1325
1461
1411
1223
1182
1248
1087
839
753
705
490
162
-83
-243
-355
-297
-128
-58
94
449
645
575
631
887
899
631
463
467
406
213
87
-36
-277
-493
-602
-794
-1099
-1223
-1342
-1662
-1842
-1638
-1287
-1064
-825
-435
-38
165
264
312
113
-170
-330
-549
-900
-1073
-1001
-898
-810
-657
-371
-137
-24
51
139
231
284
282
194
106
-27
-219
-306
-289
-339
-427
-476
-610
-742
-648
-432
-354
-307
-67
128
102
105
320
479
457
567
635
389
181
302
412
349
460
777
911
908
1167
1498
1510
1347
1272
1042
616
370
345
215
24
40
12
-127
23
391
468
335
454
647
509
304
365
451
270
-7
-127
-184
-200
-93
11
19
28
90
86
4
-26
-54
-220
-450
-630
-736
-746
-665
-526
-396
-312
-223
-168
-130
21
184
154
-10
-203
-470
-710
-673
-475
-399
-385
-198
57
63
111
485
661
305
-66
-134
-246
-480
-438
-181
-244
-506
-526
-469
-504
-376
-64
-30
-307
-405
-353
-380
-352
-211
-154
-298
-397
-298
-202
-127
92
336
405
369
446
617
799
954
937
885
861
719
471
272
185
32
-312
-656
-725
-570
-329
-39
288
606
831
928
877
797
759
545
141
-168
-237
-232
-310
-308
-123
41
12
-76
-60
-3
44
45
-81
-235
-252
-189
-209
-257
-211
-143
-163
-285
-386
-417
-334
-255
-304
-297
-183
-159
-244
-219
-58
76
116
131
89
9
80
197
149
81
210
293
108
-20
86
105
-122
-356
-487
-695
-935
-935
-776
-677
-587
-468
-492
-657
-633
-451
-417
-429
-320
-237
-263
-199
82
361
488
536
494
420
421
458
483
527
632
685
629
631
757
819
719
524
254
-35
-227
-324
-452
-495
-325
-105
27
197
506
724
694
560
372
51
-255
-441
-603
-721
-624
-297
-54
132
527
926
959
692
407
137
-188
-447
-566
-715
-755
-535
-281
-110
173
583
682
433
230
102
-178
-476
-553
-594
-696
-641
-407
-231
-83
173
301
169
93
238
245
68
82
223
154
-1
89
223
73
-122
-78
-77
-278
-394
-365
-407
-545
-533
-446
-466
-412
-211
-59
-41
61
312
360
207
210
254
88
-146
-161
-41
46
208
474
671
762
900
1036
960
712
528
383
125
-80
-27
166
283
350
479
611
680
708
681
514
192
-140
-402
-591
-681
-619
-487
-431
-401
-308
-147
0
72
41
-102
-282
-416
-464
-446
-389
-321
-256
-189
-111
16
181
335
407
325
169
93
78
24
-14
-19
-38
-66
-40
62
162
278
350
226
16
-83
-122
-220
-305
-241
-210
-350
-396
-204
-46
-48
-35
-34
-260
-536
-548
-479
-553
-586
-467
-458
-578
-506
-261
-183
-312
-389
-459
-631
-700
-538
-339
-207
2
257
399
512
741
962
980
856
728
561
375
310
359
347
270
282
371
399
437
623
780
726
599
607
615
447
320
371
366
182
31
48
69
21
22
57
-8
-149
-200
-216
-278
-335
-395
-491
-629
-711
-680
-589
-480
-346
-181
-46
38
116
143
98
37
-72
-237
-385
-488
-479
-374
-241
-132
-86
-7
75
56
-43
-84
-91
-185
-284
-264
-193
-144
-24
83
67
-26
-174
-361
-585
-763
-816
-811
-766
-603
-317
-60
124
301
363
273
114
-65
-233
-371
-420
-388
-315
-152
85
249
334
395
362
185
3
-52
-96
-140
-16
209
379
572
868
1116
1141
1023
917
726
452
308
261
150
36
70
140
120
176
312
330
273
305
320
241
211
309
374
292
261
264
55
-230
-348
-444
-646
-745
-667
-615
-595
-416
-122
10
25
141
202
83
33
156
181
30
-17
56
22
-60
2
56
-66
-204
-221
-204
-191
-88
15
0
-50
-24
19
-16
-54
-75
-164
-322
-405
-399
-411
-409
-367
-377
-428
-434
-377
-256
-149
-82
24
118
151
181
227
246
191
105
54
-3
-70
-64
-4
20
-3
12
29
-80
-204
-195
-173
-201
-165
-39
65
145
293
420
466
483
452
308
138
134
171
139
175
325
456
490
559
689
739
693
646
564
376
235
187
110
22
-16
-42
-124
-198
-200
-207
-235
-223
-194
-228
-251
-164
-94
-131
-130
-57
-94
-207
-220
-166
-168
-181
-86
-1
-25
2
91
52
-52
-35
12
-36
-59
5
23
-67
-82
-22
-71
-146
-141
-197
-328
-321
-181
-107
-114
-42
47
-5
-81
-46
-33
-156
-251
-242
-297
-381
-274
-83
-33
-25
95
187
121
43
72
77
-11
-109
-171
-228
-260
-203
-130
-105
-66
-47
-65
-61
-9
35
-4
-58
-81
-103
-58
91
277
431
545
649
711
780
879
881
772
593
389
185
23
-14
2
-32
-95
-124
-110
-77
-13
24
-26
-124
-186
-213
-207
-145
-57
-9
-73
-130
-131
-152
-140
-120
-136
-189
-236
-217
-156
-59
72
160
178
175
139
77
74
96
36
-104
-231
-329
-406
-429
-378
-342
-381
-400
-373
-317
-221
-70
66
75
22
-9
-55
-83
-58
-49
-114
-195
-230
-236
-212
-149
-41
17
-31
-74
-89
-115
-121
-128
-175
-229
-255
-274
-282
-237
-158
-106
-99
-109
-137
-167
-200
-238
-257
-222
-171
-166
-149
-14
208
398
542
667
754
763
717
651
562
456
315
123
-37
-75
-21
37
114
218
294
329
345
343
309
239
180
117
51
70
180
275
295
330
376
303
173
103
53
-55
-153
-146
-101
-35
85
246
392
463
478
428
303
160
39
-83
-201
-267
-299
-314
-285
-196
-101
-67
-75
-104
-199
-320
-382
-383
-394
-433
-427
-335
-212
-104
15
156
219
171
125
101
48
-7
-39
-93
-200
-267
-256
-247
-246
-187
-104
-110
-169
-158
-114
-150
-221
-268
-332
-432
-471
-406
-358
-327
-242
-160
-128
-88
28
127
135
135
179
193
162
213
313
353
355
390
401
336
294
307
308
257
237
272
285
321
441
539
515
483
474
396
277
236
270
239
183
213
290
337
392
477
443
299
188
111
-17
-164
-207
-231
-329
-374
-296
-206
-148
-52
34
19
-36
-15
-17
-142
-244
-276
-355
-475
-521
-512
-523
-482
-359
-255
-202
-107
0
6
-5
25
9
-86
-178
-187
-195
-220
-186
-99
-21
24
62
69
60
66
29
-61
-135
-160
-167
-206
-194
-120
-74
-39
-5
1
-57
-120
-185
-277
-345
-341
-283
-285
-278
-189
-100
-80
-58
26
46
-7
6
109
194
250
329
385
376
334
345
344
270
223
206
156
92
77
92
73
30
22
28
13
8
42
87
87
62
68
49
-9
-35
-40
-58
-85
-100
-85
-72
-69
-61
-76
-128
-177
-201
-244
-271
-249
-233
-224
-206
-175
-138
-123
-121
-124
-156
-188
-186
-163
-141
-120
-101
-95
-54
12
41
54
80
73
8
-46
-34
-27
-29
20
87
117
123
144
154
106
72
63
-7
-81
-83
-46
-12
33
102
128
89
72
67
23
-9
-9
-17
-35
-22
14
27
49
87
71
15
21
88
126
166
247
312
335
386
467
479
437
412
370
263
160
124
93
66
96
153
201
217
203
158
65
-51
-110
-116
-115
-73
-2
29
12
-25
-51
-80
-148
-211
-217
-240
-300
-321
-264
-271
-333
-336
-342
-363
-365
-290
-194
-154
-77
39
57
-35
-89
-101
-177
-250
-237
-201
-217
-200
-113
-64
-79
-61
-33
-77
-121
-79
4
17
38
137
210
291
404
485
484
425
388
311
180
82
39
-7
-84
-77
-2
25
26
46
53
29
38
108
163
182
198
162
85
87
190
255
240
256
299
234
125
142
236
280
280
320
323
222
146
139
100
41
78
167
183
183
269
320
258
235
255
178
32
-43
-18
-34
-103
-93
-77
-157
-216
-170
-130
-151
-170
-226
-344
-456
-488
-469
-467
-451
-439
-445
-453
-432
-369
-357
-383
-386
-374
-377
-375
-324
-259
-209
-199
-204
-182
-155
-137
-129
-114
-88
-55
-52
-77
-63
-14
46
124
246
348
383
384
351
291
217
155
109
63
47
79
95
64
58
43
-12
-50
-64
-56
-42
-15
5
-2
9
56
100
124
150
197
255
270
279
272
215
149
46
-28
-43
-15
27
65
109
125
119
82
47
23
-17
-56
-69
-51
-26
2
-3
-15
3
24
21
-10
-31
-66
-156
-237
-277
-285
-296
-268
-178
-107
-53
-3
0
-83
-174
-235
-316
-372
-357
-324
-310
-259
-157
-82
-79
-78
-47
-94
-175
-192
-208
-252
-243
-166
-91
-11
88
167
197
198
221
239
248
274
272
202
120
93
77
50
40
69
111
116
91
78
73
35
2
-15
-28
-10
67
177
240
261
255
188
60
-13
28
77
98
126
172
137
37
38
95
131
149
176
208
189
188
203
165
110
111
117
42
-26
-15
-46
-166
-228
-202
-186
-178
-89
28
61
47
26
-19
-116
-190
-160
-131
-96
-13
67
76
34
11
-40
-134
-232
-292
-323
-349
-323
-237
-142
-65
18
87
108
95
63
2
-75
-135
-169
-156
-135
-129
-97
-78
-53
6
72
108
113
127
128
117
134
182
229
242
250
262
261
244
186
93
3
-42
-41
1
73
173
260
273
242
194
170
170
179
192
188
165
134
119
112
132
171
196
199
169
166
183
202
223
212
171
109
58
0
-51
-49
-43
-52
-74
-97
-126
-159
-186
-226
-294
-360
-345
-281
-222
-146
-68
-43
-87
-117
-104
-70
5
97
142
92
-13
-105
-186
-256
-258
-225
-226
-232
-214
-172
-158
-144
-113
-129
-160
-171
-176
-198
-226
-218
-222
-232
-201
-127
-85
-89
-90
-106
-115
-103
-55
15
88
150
171
140
94
82
70
81
138
208
255
246
232
216
156
81
39
7
-40
-51
-28
0
26
43
43
18
12
22
29
23
17
47
76
99
137
142
124
116
107
73
64
100
134
169
173
154
114
70
26
-26
-35
-28
-18
-25
-56
-101
-183
-265
-314
-330
-323
-266
-169
-68
24
81
94
61
8
-44
-85
-93
-73
-21
-4
3
42
67
88
95
80
35
-19
-73
-129
-162
-181
-137
-54
5
53
88
62
-10
-79
-126
-130
-94
-20
66
106
99
60
-4
-83
-113
-80
-23
49
126
175
153
83
-1
-59
-47
-16
16
51
66
79
83
52
13
-21
-78
-173
-252
-254
-225
-209
-167
-92
-46
-46
-43
-38
-70
-100
-94
-52
2
55
95
85
54
45
39
45
79
116
120
77
12
-32
-49
-77
-88
-52
-20
-19
-21
-20
-36
-50
-34
16
64
104
141
130
60
-27
-97
-122
-97
-32
48
77
86
119
132
123
117
132
155
153
155
134
77
17
-4
15
44
115
176
196
177
129
83
17
-5
38
100
174
231
253
243
208
158
115
100
103
95
50
5
-14
-27
-60
-83
-79
-57
-30
-12
-1
-4
-8
-27
-104
-162
-117
-34
21
72
113
95
14
-66
-116
-157
-160
-116
-57
-30
-31
-40
-93
-139
-117
-83
-78
-70
-45
-33
-54
-89
-88
-77
-78
-81
-58
-1
43
86
91
32
-33
-85
-104
-91
-44
31
72
89
84
70
67
50
33
15
7
18
32
62
65
44
34
12
7
7
23
56
66
73
68
65
37
6
8
28
82
158
208
211
175
86
-9
-57
-57
-16
40
89
76
43
5
-36
-45
-38
1
43
31
-1
-23
-67
-138
-183
-165
-114
-50
26
106
134
90
19
-77
-187
-219
-170
-108
-58
-36
-47
-101
-176
-199
-190
-166
-114
-69
-59
-100
-122
-121
-145
-142
-88
-38
-26
3
60
42
-39
-64
-53
-66
-55
33
102
106
124
150
161
172
191
201
182
158
158
120
45
-3
-21
-30
-52
-38
3
14
19
57
108
141
165
169
116
39
15
33
54
80
128
136
59
-26
-76
-105
-133
-118
-74
-43
13
73
84
49
-8
-44
-42
-9
14
-25
-101
-181
-256
-335
-374
-315
-219
-165
-134
-83
-45
-47
-65
-59
-42
-5
32
26
-2
-25
-62
-139
-161
-104
-88
-126
-146
-163
-221
-283
-286
-228
-186
-158
-125
-129
-146
-171
-172
-128
-82
-12
45
52
21
-16
2
23
52
134
197
188
138
132
174
226
256
245
287
330
255
109
-5
12
72
86
102
118
148
131
35
-28
-29
38
89
110
121
102
73
-5
-59
-95
-68
42
128
146
72
45
87
106
122
155
233
266
192
105
39
-9
-5
25
63
52
-35
-126
-199
-251
-258
-175
-81
-68
-67
-70
-85
-118
-144
-158
-188
-156
-96
-54
-43
-66
-76
-89
-96
-61
46
96
52
4
-61
-110
-159
-156
-64
-25
-18
-31
-83
-126
-138
-66
9
-6
-30
-37
-42
-68
-71
12
99
164
191
135
67
29
37
22
30
85
127
187
130
57
78
108
118
77
82
122
133
144
129
87
69
103
151
182
212
231
203
129
42
15
11
10
44
68
59
-3
-39
-46
-57
-38
-5
8
-31
-55
-88
-124
-86
-56
-64
-109
-143
-171
-183
-106
-36
25
83
96
70
3
-49
-99
-129
-161
-200
-174
-95
17
71
91
134
97
19
-29
-29
-18
-66
-131
-176
-178
-146
-141
-61
38
48
60
46
31
45
40
32
48
106
136
161
181
197
216
194
227
211
99
34
45
57
34
56
109
133
118
126
151
189
217
174
135
99
60
39
12
17
79
129
120
99
74
71
65
36
41
-6
-45
-51
-60
-40
2
65
12
-55
-26
12
13
-25
-12
-17
-62
-117
-157
-118
-68
-36
-20
1
-1
-76
-157
-202
-236
-277
-299
-315
-310
-282
-255
-229
-214
-211
-229
-203
-140
-58
36
91
67
-31
-105
-198
-289
-297
-235
-196
-164
-73
-77
-142
-104
-15
50
134
245
245
165
90
-2
-98
-157
-132
-71
-44
-18
43
91
116
122
149
202
175
121
77
36
-57
-147
-147
-125
-67
-11
107
263
371
445
427
370
294
150
-13
-144
-217
-251
-244
-143
17
189
327
408
423
347
228
156
113
79
42
-6
-84
-201
-252
-220
-122
24
165
243
201
109
63
46
31
10
9
33
3
-78
-199
-320
-406
-432
-371
-232
-53
81
183
232
194
93
-45
-124
-189
-234
-225
-145
-8
27
-31
-36
17
7
-40
-28
-21
-15
-19
-41
-49
-50
-68
-173
-283
-314
-320
-272
-147
45
206
185
27
-81
-143
-182
-157
1
263
416
465
410
299
137
-45
-128
-159
-88
17
148
302
384
383
246
75
-87
-230
-278
-198
20
215
283
267
212
123
8
-48
-69
-101
-101
-18
96
149
180
196
127
-67
-275
-351
-301
-196
-60
165
344
362
295
220
199
123
0
-95
-210
-283
-342
-355
-283
-238
-247
-296
-306
-202
-99
-42
69
195
192
22
-158
-243
-326
-416
-457
-372
-190
-71
10
115
281
361
180
-46
-132
-95
-55
-50
92
267
261
85
-123
-171
-148
-135
-74
67
255
343
312
287
271
174
5
-162
-243
-253
-183
-52
56
169
192
165
162
190
231
213
205
180
146
119
120
227
323
338
240
136
146
164
155
205
319
307
117
-67
-146
-191
-256
-320
-323
-186
-33
57
152
286
378
260
68
-70
-168
-241
-311
-269
-149
-29
32
36
75
92
48
-53
-129
-132
-109
-75
-38
-26
-90
-197
-303
-340
-291
-226
-145
-82
-87
-152
-218
-230
-223
-214
-189
-150
-148
-185
-224
-227
-183
-117
-87
-95
-23
104
177
178
149
121
53
-36
-90
-92
-81
-87
-85
-62
12
103
125
113
85
4
-124
-249
-276
-209
-65
104
186
179
142
133
101
23
-8
16
18
44
132
220
244
153
59
27
48
31
-9
59
158
208
178
153
218
230
95
-70
-109
-54
-60
-62
61
210
270
213
166
140
54
-45
-118
-110
-71
-62
-71
-92
-62
-23
-5
46
95
121
125
93
49
-13
-24
4
-48
-99
-128
-163
-209
-232
-168
-103
-12
97
141
98
-32
-128
-160
-217
-261
-220
-177
-200
-245
-232
-178
-150
-98
-36
49
190
259
270
201
95
-23
-213
-297
-297
-262
-217
-195
-102
-49
36
175
271
299
218
138
57
-37
-106
-113
-81
-69
-35
32
57
48
71
99
125
164
207
224
264
296
260
207
116
56
4
-48
-37
-43
-30
46
141
178
119
87
71
-50
-80
-12
28
32
16
82
97
47
-7
-56
-73
-64
1
76
178
220
167
56
-76
-133
-109
1
155
315
399
358
234
98
-30
-172
-234
-198
-173
-201
-188
-94
-47
-90
-142
-146
-114
-112
-125
-96
-40
-20
-70
-75
-29
2
19
34
102
180
208
218
201
164
141
81
-12
-55
-68
-87
-108
-49
66
64
-14
-60
-73
-89
-110
-42
72
69
-34
-151
-240
-276
-293
-256
-175
-90
-55
-41
65
170
228
196
149
123
96
64
-4
8
34
7
-67
-37
58
53
34
6
-8
-126
-263
-249
-180
-98
-80
-62
-16
-9
-26
-56
-29
21
5
-58
-121
-132
-120
-80
-56
-61
-62
-98
-84
2
134
218
229
234
172
59
-94
-177
-206
-223
-207
-151
-1
163
231
182
115
21
-80
-187
-265
-255
-225
-177
-187
-178
-136
-93
-42
-30
23
82
101
93
79
41
-45
-107
-141
-145
-81
3
100
161
156
174
180
138
104
114
131
74
-13
-17
31
62
62
65
82
74
25
-26
13
91
77
12
-46
-113
-182
-224
-177
-91
-60
-31
25
90
181
267
355
401
378
332
215
106
9
-62
-76
-71
-14
2
26
53
43
27
-45
-80
-110
-172
-181
-177
-164
-114
-80
-84
-113
-123
-106
-96
-91
-67
20
60
3
-20
8
4
-82
-165
-162
-102
-45
11
76
117
118
52
-40
-115
-157
-188
-190
-130
-62
-13
-4
17
53
53
71
29
-16
4
16
50
37
37
47
0
11
40
61
78
87
136
139
88
46
5
3
-15
-33
-1
20
68
103
143
204
160
89
25
17
100
135
154
167
170
147
58
34
66
85
80
52
68
67
67
79
92
147
158
75
-58
-171
-213
-220
-212
-163
-91
1
38
27
41
38
37
-19
-86
-62
-38
-35
-50
-53
-24
-29
-31
-3
-14
-5
58
108
141
120
83
18
-125
-230
-257
-221
-194
-175
-104
-36
26
57
104
136
65
-42
-112
-151
-145
-90
-30
8
6
4
-5
-44
-51
-48
-30
5
34
80
117
128
139
147
87
-6
-62
-95
-102
-67
41
163
226
240
195
121
30
-23
-55
-63
-24
-18
-7
2
9
7
-40
-83
-81
-39
17
74
138
161
115
57
15
22
77
119
124
113
101
90
39
-47
-71
-52
-62
-119
-146
-125
-147
-151
-159
-161
-134
-164
-178
-172
-155
-113
-110
-114
-91
-70
-82
-90
-84
-92
-94
-83
-73
-64
-53
-36
-19
5
42
63
30
-22
-62
-83
-92
-118
-87
-41
-53
-58
-45
-26
-39
-103
-143
-133
-86
-49
-11
83
161
172
147
124
131
103
86
139
200
249
227
192
172
107
84
55
19
34
105
183
205
216
248
267
175
69
24
-7
-23
-22
44
117
121
110
125
123
88
26
-12
4
25
61
107
101
57
-22
-105
-148
-170
-169
-156
-114
-77
-54
-17
25
69
47
-13
-52
-77
-80
-79
-84
-75
-79
-132
-160
-147
-140
-163
-217
-230
-178
-122
-121
-124
-80
-29
-46
-94
-86
-62
-75
-99
-92
-68
-76
-121
-145
-152
-147
-107
-57
15
102
152
157
140
125
99
48
-15
-25
11
23
43
97
143
141
115
116
111
80
72
84
83
84
113
124
110
96
70
52
39
63
117
119
123
122
85
64
55
64
96
101
122
138
96
55
32
31
58
95
105
85
55
23
29
30
14
23
40
64
83
82
95
94
69
37
-15
-29
-26
-24
11
36
48
-15
-102
-150
-170
-172
-205
-183
-142
-136
-126
-125
-114
-107
-112
-115
-132
-152
-158
-176
-153
-117
-109
-94
-109
-137
-140
-137
-135
-131
-96
-43
-13
-20
-33
-61
-116
-112
-97
-90
-49
-5
53
83
84
70
30
5
-3
8
35
72
88
79
99
128
92
-9
-55
-57
-66
-68
-27
51
99
116
124
146
130
103
122
147
156
110
87
89
54
39
30
33
48
45
73
93
88
106
96
91
54
18
23
3
32
82
127
175
151
109
86
46
-12
-45
-17
13
16
15
28
15
-9
-45
-112
-188
-244
-242
-224
-204
-155
-110
-97
-137
-200
-231
-253
-292
-303
-257
-214
-216
-220
-165
-127
-138
-108
-80
-73
-82
-38
68
104
102
124
135
105
46
14
46
66
73
96
92
89
78
40
24
47
43
-22
-47
-11
26
-7
-22
52
80
62
53
69
90
55
13
-5
-11
31
59
73
81
83
107
94
59
57
64
40
12
53
73
19
-19
-12
29
74
96
128
168
178
153
109
66
35
19
37
54
44
44
48
57
45
16
-19
-82
-115
-145
-179
-197
-206
-192
-176
-141
-98
-52
-19
-10
5
-13
-70
-107
-104
-83
-58
-61
-97
-139
-158
-107
-53
-49
-24
-9
-53
-74
-70
-61
-48
-67
-81
-85
-48
-5
19
62
73
55
9
-25
30
92
125
163
178
191
163
107
71
31
6
13
31
54
78
107
136
123
84
41
38
67
48
53
91
99
103
115
110
64
16
-2
-7
1
26
45
57
98
127
127
71
-14
-52
-56
-47
-56
-30
2
19
56
81
79
37
23
10
-30
-26
-4
8
2
0
-1
-64
-106
-52
2
27
15
-25
-36
-82
-119
-126
-176
-196
-210
-242
-226
-187
-135
-122
-163
-170
-151
-162
-169
-126
-88
-75
-73
-39
-7
-45
-83
-85
-66
-56
-51
-16
22
52
91
131
125
76
46
40
31
47
98
114
105
112
89
59
21
3
55
91
129
185
206
208
185
170
158
104
96
137
145
160
165
118
88
66
76
108
103
107
104
52
-21
-31
-55
-102
-95
-88
-58
-41
-64
-53
-41
-77
-79
-41
-22
3
5
-6
-2
-6
-14
-32
-53
-73
-86
-81
-65
-51
-49
-23
0
-1
-26
-55
-61
-93
-96
-103
-123
-106
-134
-112
-79
-101
-99
-71
-12
30
1
-56
-71
-84
-126
-138
-130
-128
-124
-100
-30
15
-27
-54
-58
-51
-12
18
70
93
81
86
48
46
69
57
91
86
64
85
94
122
145
129
66
-4
-11
10
56
104
121
124
94
38
26
17
16
23
-2
49
86
64
75
80
98
80
16
5
15
-14
-42
-3
45
29
-19
-15
37
62
49
36
29
-7
-39
-46
-17
16
5
11
2
-13
-17
-27
-9
-24
-49
-75
-112
-87
-38
-28
-41
-35
-35
-77
-90
-35
14
10
-13
-5
25
20
-12
-47
-68
-59
-72
-51
24
37
17
-3
-21
-14
-1
-6
-26
-32
-24
-40
-48
-12
-11
-21
-15
-15
0
-24
-20
33
78
92
76
95
111
130
159
183
177
118
84
71
64
78
75
58
46
44
43
60
85
133
179
147
79
29
-16
-75
-80
-59
-73
-78
-91
-48
0
6
31
35
34
4
-6
9
14
40
55
49
-25
-71
-72
-95
-72
-69
-90
-109
-163
-185
-178
-155
-111
-109
-126
-139
-168
-162
-161
-175
-145
-151
-187
-198
-146
-60
-38
-30
-2
6
7
22
51
86
92
45
-8
-84
-119
-74
-38
8
20
4
-7
-21
12
32
62
66
38
43
7
-31
-26
7
50
80
100
91
97
148
170
162
157
106
71
78
93
151
171
162
161
124
98
72
75
98
97
87
98
113
94
98
85
77
77
51
49
15
-4
-6
-28
-35
-52
-51
-43
-43
-48
-52
-67
-88
-58
-30
-46
-71
-61
-62
-86
-68
-36
-32
-20
-6
-22
-16
-27
-55
-68
-130
-171
-191
-193
-151
-98
-47
-49
-86
-104
-106
-115
-119
-108
-128
-174
-172
-127
-106
-88
-68
-60
-52
-46
-6
29
22
15
5
-23
-67
-79
-68
-51
-18
16
66
44
10
29
40
24
24
84
117
116
135
155
139
92
69
34
5
-5
-9
9
14
32
58
44
55
114
115
100
101
105
118
84
93
105
77
61
67
101
116
118
145
158
126
99
86
64
24
-26
-25
-7
-3
22
31
-6
-21
-22
-32
1
18
13
3
-49
-88
-89
-91
-109
-135
-114
-67
-55
-30
15
6
-39
-73
-59
-18
-16
-22
-1
27
27
1
-10
-18
-40
-74
-67
-47
-35
-9
1
9
-13
-76
-107
-91
-59
-76
-82
-31
-30
-76
-92
-64
-36
-32
-12
56
72
58
80
78
60
37
39
67
61
53
91
102
77
92
107
111
105
106
146
91
-6
-49
-88
-99
-93
-71
-27
-3
2
25
27
11
25
65
109
110
109
103
35
-26
-43
-34
-36
-34
-5
12
11
-5
-32
-40
-35
-67
-72
-19
10
13
-11
-38
-57
-110
-155
-132
-72
-39
-52
-58
-42
-86
-134
-150
-152
-149
-177
-141
-79
-80
-106
-86
-39
-28
-21
1
72
118
96
80
61
10
-64
-99
-87
-77
-79
-40
15
10
-22
-59
-67
-49
-42
5
88
135
152
143
88
18
-36
-23
41
98
144
133
132
149
91
45
44
77
117
97
96
117
80
52
71
78
57
9
-3
39
22
-15
12
26
-3
14
37
37
50
-2
-33
-45
-69
-37
-12
45
86
83
89
28
-15
-16
-55
-59
-55
-83
-94
-101
-96
-104
-134
-142
-140
-132
-112
-82
-47
-16
-8
-12
5
-8
-48
-49
-54
-56
-55
-70
-48
-8
-4
-11
8
46
69
90
89
73
58
15
-18
-25
-32
-58
-78
-73
-73
-69
-67
-34
49
81
63
67
62
54
33
22
32
26
33
27
23
24
0
-31
-22
9
19
58
113
138
130
127
107
53
62
64
39
42
52
78
73
49
43
10
-30
-59
-50
-1
2
-7
38
25
-41
-67
-65
-53
-64
-53
-17
-6
14
30
65
95
81
66
55
10
-30
-8
-11
-24
15
14
-6
-17
-13
19
35
32
42
13
-42
-36
-7
14
-29
-62
-50
-77
-90
-58
-8
14
34
67
87
68
9
13
29
-8
-41
-60
-79
-87
-70
-40
-56
-89
-83
-81
-78
-39
-1
31
40
51
75
67
31
-1
13
24
16
50
101
101
57
51
30
-21
-44
-35
-25
-42
-52
-33
-7
-1
-22
-21
-38
-87
-63
-11
-9
-28
-61
-65
-60
-85
-54
-12
-9
-25
-27
20
39
64
100
113
109
68
33
19
3
-33
-67
-78
-51
-29
-31
-22
-32
-48
-57
-74
-69
-34
-6
9
44
53
0
-31
-34
-52
-74
-69
-34
-14
1
43
66
51
56
89
89
49
37
17
-1
1
5
49
59
42
28
25
10
-39
-32
-11
-17
-13
6
6
-9
-5
17
24
0
4
-3
-20
10
27
39
65
60
36
31
26
-4
-7
-3
-13
-25
-24
-17
-37
-53
-68
-78
-75
-77
-49
-2
27
37
59
99
105
73
67
69
54
49
49
41
10
-23
-12
-8
-27
-46
-67
-88
-107
-108
-97
-82
-72
-73
-69
-57
-36
16
48
36
42
43
47
63
42
33
7
-57
-48
-16
-11
-2
-23
-15
-11
-43
-49
-55
-45
-28
-13
-11
-33
-9
16
18
17
-6
-1
9
8
-5
-50
-80
-110
-116
-83
-54
-31
-24
-30
-13
11
-3
-9
22
77
102
84
91
113
86
36
17
-13
-61
-83
-38
46
63
64
83
78
49
30
65
92
92
97
108
113
72
35
42
25
-25
-58
-48
-24
-6
4
16
23
-4
-20
-14
-10
-25
-24
23
50
43
30
44
60
52
67
105
103
75
67
86
87
73
93
77
64
47
-12
-36
-29
-26
-29
-13
-8
-14
-39
-72
-92
-129
-142
-154
-146
-97
-99
-99
-61
-36
-2
23
17
16
36
78
110
97
97
91
68
49
20
12
-2
-23
-27
-32
-33
-48
-73
-63
-64
-91
-75
-65
-78
-82
-78
-54
-39
-21
17
36
20
4
13
5
-17
11
23
-8
-26
-19
1
-5
-31
-23
-4
-19
-22
6
36
29
14
23
12
5
-3
-10
-13
-24
-19
-23
-24
-9
-3
0
-10
-12
16
35
8
3
42
53
34
12
16
-2
-43
-30
5
3
-17
-13
7
-5
-52
-54
-36
-17
23
38
49
39
21
38
31
23
13
-3
1
24
56
56
45
46
41
-2
-34
-18
-7
-9
5
19
-16
-47
-52
-34
-27
-58
-41
-14
7
8
5
40
16
-18
-8
17
36
28
30
48
66
74
84
87
68
44
26
27
20
13
21
13
-20
-14
0
-13
-8
-18
-52
-92
-107
-68
-37
-20
-4
-6
-31
-59
-51
-29
-16
18
43
48
54
59
73
92
93
80
65
38
34
62
73
60
33
-8
-53
-96
-126
-125
-126
-122
-102
-100
-116
-119
-76
-75
-85
-60
-63
-61
-57
-36
5
9
8
15
37
35
-7
-2
30
41
41
53
59
34
-1
-31
-58
-59
-47
-43
-24
-19
-33
-58
-80
-70
-79
-87
-81
-90
-86
-86
-84
-61
-62
-67
-48
-49
-22
-2
3
61
89
104
106
86
94
92
91
86
75
88
70
44
57
51
37
55
57
48
33
3
-18
-26
-18
-12
-30
-34
-42
-61
-59
-44
-31
1
28
43
72
94
111
105
95
91
71
68
53
37
36
47
45
35
57
51
41
35
31
35
42
62
57
47
20
-14
-46
-70
-38
-20
-14
-17
-34
-44
-44
-31
-36
-28
-35
-56
-63
-71
-68
-67
-36
-8
-6
6
17
5
-5
13
36
63
62
47
44
22
-8
-9
7
17
18
10
24
24
27
71
70
42
8
-41
-51
-59
-74
-47
-40
-55
-46
-50
-31
-13
-30
-1
17
4
14
17
4
-2
21
48
37
19
20
21
19
34
67
94
91
95
91
53
46
49
35
4
-31
-32
-38
-53
-67
-60
-37
-62
-89
-96
-96
-83
-65
-25
16
25
12
1
-12
-9
10
25
27
12
14
9
16
31
35
25
-14
-48
-66
-69
-61
-43
-25
-37
-67
-61
-67
-95
-86
-71
-80
-107
-113
-85
-70
-67
-34
-3
-19
-44
-45
-44
-40
2
63
99
104
77
59
39
7
14
31
33
22
23
21
25
56
58
56
49
25
4
-28
-18
28
38
23
11
-6
-24
-50
-63
-47
-10
2
-21
-26
-34
-52
-41
-9
11
20
27
45
45
42
79
94
96
93
55
28
29
46
53
63
60
40
50
63
46
43
46
18
2
-4
-25
-46
-64
-71
-91
-93
-80
-78
-68
-79
-74
-59
-53
-16
-13
-43
-34
-38
-42
-15
-6
15
41
39
32
29
45
40
24
29
34
34
20
27
30
-6
-13
-13
-33
-31
-31
-27
-43
-60
-43
-39
-34
-18
-21
-9
10
16
35
37
38
72
83
95
95
81
91
82
82
82
85
92
88
63
29
16
8
5
5
9
-10
-13
0
-10
23
35
29
16
-18
-16
-31
-28
-12
-18
-13
-18
-12
-18
-27
-20
-17
-5
22
34
21
9
19
22
23
38
26
15
0
-36
-33
-12
1
-7
-42
-60
-71
-69
-69
-72
-48
-32
-36
-52
-43
-29
-59
-73
-64
-67
-60
-54
-51
-27
-14
-9
16
38
27
13
22
8
-3
25
31
32
18
-17
-19
-24
-17
18
14
-23
-9
33
42
27
10
11
16
23
33
52
66
57
65
74
83
82
68
68
54
21
4
12
10
7
13
10
-2
-2
5
13
21
-5
-8
8
-4
12
35
29
15
8
27
37
5
-13
-14
-18
2
14
28
30
25
-1
-49
-46
-40
-45
-44
-58
-80
-114
-122
-95
-93
-112
-106
-80
-50
-32
-17
-15
-23
-10
-19
-29
-22
-37
-48
-52
-62
-30
10
12
22
34
40
40
30
30
20
12
-23
-47
-21
-18
-19
-12
-23
-19
-14
-23
-4
-5
-17
19
26
33
46
10
-31
-48
-24
-1
13
34
48
47
13
16
54
54
50
56
35
33
49
36
41
46
41
28
9
10
8
18
21
11
37
57
53
44
21
-4
-11
-8
-4
-4
-22
-40
-53
-39
0
-8
-14
-3
-16
-37
-39
-26
-18
-21
-51
-76
-59
-39
-43
-49
-11
28
16
4
33
43
2
-20
-21
-31
-24
-29
-47
-66
-84
-63
-48
-42
-17
-14
-27
-45
-31
8
-5
-13
-6
-15
-7
-5
9
46
57
81
94
92
94
60
55
60
31
26
26
32
15
-30
-26
-4
14
47
48
34
2
-24
2
18
37
76
78
48
11
3
23
24
34
44
33
35
23
26
42
40
58
51
29
8
7
3
-16
4
13
-1
-12
-17
-4
13
16
41
81
76
52
33
35
32
6
-8
-31
-51
-55
-43
-17
-17
-21
-11
-22
-43
-55
-74
-76
-80
-103
-113
-115
-106
-96
-88
-66
-41
-19
-28
-28
-2
12
15
19
13
9
5
-2
5
14
37
63
67
39
20
29
8
-12
-14
-13
-10
-26
-37
-19
-8
-2
19
23
13
-12
-14
7
4
7
11
37
40
2
11
36
42
45
55
56
36
18
0
-17
-28
-15
-4
-18
-39
-38
-18
-10
-6
-2
12
10
-21
-27
-18
6
29
41
59
54
39
41
60
73
64
52
35
27
1
-32
-33
-30
-28
-23
-29
-49
-52
-57
-71
-62
-56
-57
-69
-70
-59
-41
-7
-4
-18
-17
-27
-42
-44
-33
2
12
-6
-7
-36
-61
-43
-14
-5
-21
-32
-50
-35
-19
-11
13
10
-4
-17
-20
-4
12
31
49
42
37
31
14
24
19
24
33
9
8
18
21
11
10
20
18
-6
-31
-40
-58
-41
-6
8
-11
-31
-20
-16
7
17
8
14
22
38
55
56
41
48
62
41
13
11
17
18
19
14
18
17
9
1
-3
-15
-34
-20
-9
-17
-38
-64
-71
-56
-35
-34
-27
-35
-55
-41
-17
9
7
-3
5
9
13
11
11
22
22
14
8
11
6
8
14
2
-21
-30
-20
-15
-8
5
7
-8
-6
15
2
-26
-32
-21
-5
4
-3
2
11
12
13
22
35
37
31
25
20
23
20
35
37
-2
-11
7
19
17
28
57
49
31
45
54
45
39
32
32
14
15
33
35
41
40
51
58
53
41
29
37
25
5
-12
-19
-19
-51
-70
-65
-61
-48
-38
-42
-48
-44
-26
-11
-13
-35
-42
-31
-19
-1
21
14
1
12
3
-2
0
-3
24
20
-5
-3
-4
3
5
-7
-18
-24
-28
-34
-27
-14
-14
-14
-2
11
11
17
6
-15
2
23
28
32
30
19
24
29
23
14
7
7
10
7
-1
-4
-8
-18
-29
-34
-17
5
5
5
9
-6
-4
2
-9
-9
0
4
5
16
31
44
62
68
65
63
69
86
71
48
37
25
15
9
9
0
-6
-13
-19
-32
-41
-30
-32
-29
-40
-49
-30
-39
-46
-54
-62
-37
-34
-26
-8
2
33
42
31
20
7
23
18
-12
-23
-28
-20
-27
-47
-47
-47
-50
-33
-14
-10
-18
-19
-15
-23
-23
-15
-21
-39
-49
-26
-9
4
22
32
45
59
59
48
27
6
2
-5
-28
-53
-51
-36
-34
-39
-31
-8
0
7
21
22
14
4
-5
-4
-6
-19
-19
-3
15
25
32
40
26
22
32
42
52
46
38
24
7
5
-9
-38
-47
-61
-59
-36
-28
-15
3
10
1
-6
-9
-17
-4
-3
-16
-19
-15
-1
8
8
13
23
27
31
39
39
42
41
17
-4
-6
-10
-22
-49
-65
-56
-43
-26
-21
-15
-14
-18
-7
-16
-32
-21
-5
-7
-15
-9
-6
-12
-13
-2
23
27
24
32
31
38
49
42
36
13
1
6
-1
-8
-7
-5
7
15
15
23
21
12
7
-3
-7
-7
0
-1
8
21
12
8
-4
-2
10
18
38
41
51
51
39
33
16
17
8
-2
16
21
14
16
12
14
26
17
2
-9
6
7
-6
-19
-38
-18
-14
-25
-23
-29
-33
-40
-28
-19
-11
4
8
17
3
-16
-28
-36
-16
6
16
17
9
0
15
28
27
23
9
18
15
0
12
12
4
1
-17
-31
-50
-49
-18
-26
-31
-30
-26
-22
-33
-18
3
11
7
4
22
21
17
24
35
36
37
31
29
31
13
26
38
36
43
29
27
27
28
25
24
29
19
13
2
6
-3
-20
-25
-25
-10
7
26
23
21
22
17
11
-3
-1
-14
-11
-1
-13
-17
-12
7
15
14
12
10
21
35
48
38
26
2
-16
-17
-26
-29
-28
-25
-40
-43
-30
-36
-38
-52
-50
-40
-50
-58
-47
-36
-22
2
4
6
12
10
11
7
14
20
25
21
13
10
11
13
6
8
4
-16
-29
-36
-32
-29
-37
-44
-49
-46
-30
-24
-25
-7
15
26
20
19
19
10
-2
-30
-30
-34
-39
-28
-27
-27
-34
-40
-35
-21
-13
1
11
-6
-19
-11
1
-3
-6
2
20
20
2
8
14
40
61
51
57
39
21
21
18
12
-10
-7
-5
-23
-30
-28
-4
7
-9
-18
-14
-11
-21
-20
-13
-15
-16
-21
-33
-42
-29
-13
-3
0
-2
6
13
2
-9
15
36
31
17
21
16
-11
-9
8
18
20
21
31
13
-8
-13
-17
-9
-30
-49
-52
-51
-37
-41
-27
-14
-19
7
25
23
22
33
51
49
43
33
31
31
11
17
14
9
25
14
12
5
-8
-5
-10
-22
-44
-49
-49
-68
-68
-43
-21
-10
-9
2
18
23
28
45
52
55
63
62
58
42
37
38
28
30
17
8
8
-9
-10
-10
-14
-18
-21
-29
-52
-59
-47
-24
-16
-30
-18
-6
-12
-11
3
18
3
-3
11
17
28
23
16
17
1
2
4
-4
-15
-14
7
1
7
21
17
19
15
20
31
29
30
30
25
10
-9
-17
-12
-12
-22
-29
-21
-9
-6
4
21
21
30
40
33
32
16
-3
3
5
9
14
6
14
11
18
29
33
37
33
35
20
-9
-27
-34
-33
-43
-44
-39
-30
-15
0
10
7
10
13
11
13
18
10
8
8
-6
-11
-20
-26
-18
-3
5
11
19
20
33
25
28
22
-1
10
4
2
-15
-18
2
-1
16
29
20
12
1
-8
-18
-40
-51
-54
-66
-86
-106
-107
-107
-107
-79
-43
-29
-14
1
12
20
14
15
23
23
23
22
38
44
36
63
76
72
79
77
72
49
22
10
2
-18
-27
-27
-52
-63
-57
-50
-48
-49
-32
-17
-14
-15
-20
-20
-23
-26
-33
-42
-43
-30
-28
-18
-20
-25
-8
-6
14
11
-3
5
-7
-3
2
3
-7
-15
-14
-9
14
17
12
7
12
30
37
39
34
32
17
0
0
-8
2
16
6
-4
-10
-14
-27
-29
-12
-19
-21
-15
-15
-3
-15
-26
-21
-23
-20
-22
-17
-8
-15
-5
9
17
25
37
55
57
55
55
55
54
39
39
34
33
41
32
38
35
24
35
28
18
3
-1
12
-10
-31
-34
-37
-38
-38
-35
-22
-3
-12
-10
14
9
3
20
22
16
20
14
-9
-21
-28
-23
-27
-37
-33
-35
-29
-51
-69
-60
-61
-54
-60
-54
-30
-21
-9
6
7
7
30
45
43
66
73
67
72
61
64
71
74
72
63
64
64
48
32
29
6
-8
-10
-39
-49
-49
-61
-63
-66
-73
-67
-68
-57
-43
-32
-16
-23
-12
-4
1
26
39
52
48
37
39
49
63
70
79
86
73
58
53
53
52
35
25
18
11
5
-14
-35
-48
-36
-24
-33
-40
-46
-60
-43
-37
-30
-20
-40
-29
-18
-12
-2
-6
4
8
6
6
18
18
17
10
-13
-23
-44
-48
-37
-30
-20
-30
-37
-47
-51
-41
-42
-29
-22
-22
-13
-18
-14
-4
1
12
25
35
46
54
53
61
73
74
78
82
79
74
59
52
53
41
20
19
26
9
-5
0
-8
-27
-28
-22
-22
-8
-7
-22
-22
-31
-45
-40
-33
-43
-38
-32
-39
-57
-74
-72
-71
-70
-56
-44
-26
-15
-17
6
9
3
16
25
32
29
35
41
38
36
62
83
83
71
59
84
72
42
27
4
-8
-17
-26
-20
-35
-61
-67
-78
-78
-62
-62
-53
-60
-72
-72
-76
-71
-66
-69
-59
-33
-30
-27
-5
-7
-15
-7
4
2
4
14
8
-2
-18
-19
-17
-9
5
15
20
16
27
45
55
54
58
51
39
31
9
-5
-15
-25
-30
-17
-10
-22
-9
10
13
11
20
29
7
-2
-2
-2
-1
-30
-39
-35
-38
-30
-35
-15
-1
-12
-6
-2
-7
-13
-4
5
-10
-17
-15
-12
-13
-9
7
12
41
68
72
93
83
74
75
70
61
38
31
28
13
-5
1
10
9
13
11
5
-2
-6
-18
-30
-28
-32
-44
-33
-14
-20
-9
-2
-8
-7
-2
-10
-22
-32
-41
-53
-80
-101
-101
-109
-117
-90
-70
-60
-41
-43
-34
-16
4
20
24
41
38
35
56
71
71
70
84
83
77
94
106
105
95
81
77
66
53
38
20
3
-22
-37
-41
-41
-31
-35
-30
-26
-39
-31
-26
-32
-40
-44
-39
-26
-16
-10
-10
-20
-19
-11
4
11
19
16
1
5
3
12
26
26
29
36
38
37
43
51
65
60
54
48
34
31
30
25
8
-14
-13
-12
-21
-28
-27
-27
-33
-24
-25
-28
-31
-37
-28
-27
-20
-18
-22
-21
-23
-14
-4
-1
3
-5
-9
-4
-8
-2
-2
-1
14
10
7
5
10
13
15
27
32
38
52
53
56
51
51
55
38
42
44
44
58
48
35
28
26
14
-1
-6
-17
-1
18
4
12
9
-4
13
26
29
16
6
12
19
20
8
-15
-31
-39
-55
-55
-68
-100
-114
-105
-92
-87
-85
-88
-78
-68
-58
-42
-23
2
-3
-3
25
34
14
7
3
19
27
12
17
22
41
62
60
42
41
42
26
23
11
-8
-24
-17
-4
-31
-42
-35
-43
-41
-40
-47
-40
-15
-9
6
19
13
-16
-69
-76
-58
-33
-26
-50
-60
-53
-9
-3
-12
18
42
44
55
75
54
44
56
45
31
28
18
-2
8
25
34
44
15
0
7
2
-3
1
-30
-43
-22
-43
-52
-47
-26
-7
17
54
29
3
-11
3
42
45
25
-7
-29
-36
-42
-50
-25
-35
-46
0
17
23
33
21
6
-6
-11
23
50
32
26
34
23
1
-9
11
62
67
13
8
33
24
54
74
18
-37
-31
3
-14
-22
17
6
-21
5
19
29
24
8
4
-13
-4
1
5
27
-1
-43
-24
8
-10
-9
7
-4
-47
-60
-36
-58
-55
-43
-50
-74
-109
-78
-47
-44
-21
-19
5
42
30
43
68
79
82
55
84
92
22
39
90
54
22
36
48
13
-27
-30
-72
-78
-32
-23
-3
-21
-61
-48
-23
19
55
20
-11
16
25
22
32
-17
-64
-52
-35
-35
-2
15
-3
-24
-60
-3
32
55
73
14
14
27
42
45
19
4
-7
-73
-5
-140
-441
-158
166
163
-84
-225
-99
9
302
455
196
-71
-33
192
407
330
217
180
-106
-221
-239
-294
-234
-211
-115
-62
-220
-292
-202
-27
29
-110
82
373
284
258
292
118
-4
-69
-165
-250
-142
158
176
-57
-140
-127
-136
20
225
178
33
114
164
86
156
94
-85
-94
3
-7
-70
1
-12
-43
92
179
162
118
46
6
-10
18
44
-17
26
99
12
-19
21
40
14
-105
-136
-187
-227
-123
-108
-99
-92
-163
-191
-167
-81
-1
33
110
165
149
151
157
146
102
69
33
-10
29
23
-78
-140
-139
-80
2
28
57
60
19
-6
-59
-77
-63
-90
-128
-138
-160
-176
-160
-140
-99
-94
-145
-175
-138
-122
-125
-83
-109
-104
-29
-3
-5
7
49
84
102
127
173
140
91
49
-7
20
-24
-63
-80
-116
-106
-76
27
82
86
109
76
22
37
63
69
92
62
36
25
-9
-12
6
34
30
45
92
111
131
101
38
55
78
65
78
69
44
66
64
-2
5
27
-15
25
67
57
78
71
72
89
99
88
36
-21
-13
40
-11
-86
-113
-109
-76
-34
-35
-75
-72
-66
-39
-15
-2
-1
3
-15
-55
-61
-79
-74
-61
-29
2
-9
-36
-17
33
51
-7
-65
-69
-83
-20
22
2
18
-11
-66
-91
-90
-75
-64
-71
-70
-23
1
-63
-94
-36
-16
-21
-16
-9
23
27
50
96
98
91
85
77
67
120
169
144
118
137
165
125
83
78
75
35
-18
-27
34
48
26
64
44
-34
-84
-98
-83
-29
-11
-33
-50
-67
-36
-22
-65
-89
-102
-124
-105
-69
-83
-109
-95
-59
-13
4
-19
-45
-28
13
-3
-19
-1
27
17
-43
-68
-76
-75
-62
-55
-36
-12
-20
-23
6
-9
-43
-51
-15
12
-23
-22
15
35
31
29
13
5
9
-51
-49
-34
-44
-29
-35
-10
15
78
138
125
120
157
193
186
167
152
106
50
51
86
121
92
103
117
91
149
173
161
157
102
53
44
29
11
2
-13
-40
-72
-90
-111
-104
-81
-97
-80
-62
-93
-52
-28
-61
-70
-115
-141
-110
-91
-102
-74
-44
-48
-46
-11
27
-3
-17
-53
-79
-37
-59
-119
-169
-162
-94
-54
-54
-61
-44
-13
16
51
32
2
22
15
-16
-8
31
56
47
37
43
38
67
98
84
79
65
39
6
-32
-61
-30
27
36
36
34
55
82
70
56
75
88
23
20
45
17
34
33
21
17
15
40
52
13
-3
16
14
26
-10
-41
-11
0
-10
-44
-37
-22
-52
-42
-51
-91
-83
-74
-68
-60
-100
-135
-104
-70
-90
-90
-38
-40
-65
-59
-54
-49
-82
-111
-99
-110
-110
-60
-50
-93
-88
-11
26
-9
3
87
142
111
32
36
63
63
111
121
93
102
135
135
124
131
159
131
82
112
92
87
96
41
30
45
74
91
62
43
42
12
12
37
37
52
37
21
13
-10
-30
-32
27
30
-2
48
93
68
48
29
-33
-56
-54
-77
-113
-95
-71
-104
-80
-64
-70
-59
-47
-37
-36
11
26
-25
-59
-47
5
21
14
14
12
10
-1
-5
-19
-5
-7
-38
-19
-19
-32
-47
-91
-116
-102
-60
-47
-67
-60
-26
-53
-72
-31
-27
-28
0
-11
-50
-51
-19
-1
32
69
98
110
108
122
117
117
125
91
34
24
53
54
44
44
29
24
40
9
-8
6
-30
3
68
50
30
2
2
3
-17
-1
-43
-92
-68
-64
-58
-15
-14
-14
-20
-26
32
30
14
25
-2
13
23
6
9
-17
-46
-47
-61
-67
-30
10
29
-14
-50
-5
21
59
60
5
-29
-33
-2
30
57
59
30
-3
16
79
124
100
48
47
50
59
68
37
7
-2
-32
-76
-66
-44
-72
-112
-114
-127
-145
-99
-73
-38
-34
-67
-70
-85
-82
-84
-67
-44
-22
13
17
9
32
57
71
86
77
79
78
15
-17
-17
7
40
36
30
-4
-9
30
36
10
-13
-31
-38
-51
-60
-56
-95
-107
-79
-79
-66
-62
-56
-44
-53
-53
-51
-64
-57
-21
-11
-15
-35
-39
-16
16
92
120
85
53
28
24
46
37
19
32
24
28
19
6
16
39
75
87
93
74
48
28
10
23
3
-36
-55
-55
-32
-18
-17
-31
-49
-17
31
37
42
36
28
-12
-46
-23
-33
-46
-40
-56
-54
-22
8
56
86
86
66
64
73
42
23
-12
-49
-51
-30
1
32
47
35
29
42
59
84
63
21
6
-39
-41
13
24
21
52
64
47
72
98
85
77
44
-29
-69
-54
-64
-82
-96
-110
-111
-108
-67
-39
-25
-7
-2
-17
-20
15
41
4
-49
-30
-20
-16
-19
-21
-26
-51
-23
-3
20
61
48
38
72
79
76
67
16
-16
-5
7
-1
-11
-18
-7
25
40
50
52
25
7
-8
-8
-33
-85
-108
-123
-110
-98
-87
-52
-30
-19
-24
-43
-59
-34
-14
-37
-54
-80
-48
-17
-36
-27
-7
-1
12
41
90
137
138
100
95
109
92
81
81
70
36
-15
-37
-44
-43
-40
-36
-10
20
47
37
53
108
89
68
63
50
12
-20
-28
-65
-85
-88
-77
-53
-29
-15
-2
30
35
13
6
-11
-24
-19
-21
-45
-101
-118
-85
-67
-52
-5
3
7
26
56
98
83
92
109
97
101
101
98
92
69
42
26
-6
-10
13
-6
-5
-5
-49
-57
-39
-24
-18
-40
-51
-59
-83
-42
3
-23
-54
-75
-53
-26
-67
-79
-77
-108
-78
-52
-60
-56
-94
-99
-60
-66
-52
-33
-49
-35
20
51
72
87
41
10
26
50
49
40
67
60
38
35
5
4
16
3
27
36
32
54
44
33
-7
-51
-55
-66
-64
-61
-73
-94
-96
-85
-54
-1
-1
-9
-18
-9
20
-5
-32
-42
-79
-82
-38
-20
-11
3
46
58
52
123
136
127
145
98
54
26
30
67
65
71
59
32
23
30
36
25
37
49
42
21
15
-27
-80
-93
-105
-92
-78
-66
-23
21
65
109
100
82
44
-11
15
-4
-76
-123
-155
-159
-153
-100
-48
-44
-30
-7
14
59
112
114
95
84
60
21
-30
-32
-6
-21
-26
-13
7
65
107
125
132
104
50
5
4
-8
-45
-49
-63
-76
-51
-33
-37
-29
-15
-8
10
56
81
57
37
27
0
-31
-64
-83
-116
-164
-153
-132
-119
-67
-36
-31
-4
-7
-25
-15
9
16
-7
5
5
-10
32
35
25
63
81
82
94
121
122
117
119
103
99
58
34
13
-38
-34
-38
-49
-57
-62
-32
-41
-46
-37
-51
-47
-25
-8
-8
-4
0
1
-1
-5
-4
-11
-16
-41
-46
-21
-37
-38
-9
-17
-23
-8
13
39
44
57
63
64
87
71
48
40
20
6
-8
-29
-17
7
-1
15
34
41
54
29
29
38
20
0
-20
-16
-15
-28
-20
-12
-10
-12
-39
-67
-76
-69
-33
-25
-30
3
-11
-30
-21
-13
3
-3
-18
-9
-12
-38
-38
-57
-59
-29
-29
4
34
49
90
91
73
64
65
80
54
35
19
-22
-3
17
1
12
6
-8
6
23
54
56
16
3
6
-16
-6
3
-16
-11
-16
-19
-2
8
19
10
-5
-4
-10
-14
12
20
12
-15
-56
-86
-141
-140
-109
-85
-39
1
47
75
85
84
76
85
96
72
8
-27
-52
-87
-89
-73
-81
-95
-64
-6
47
117
134
102
65
12
2
-19
-51
-35
0
-3
19
61
64
63
50
56
41
1
18
26
10
3
-29
-58
-77
-116
-144
-165
-151
-111
-64
18
68
48
30
5
-19
-30
-53
-44
-40
-43
-2
28
23
16
9
-5
11
41
47
62
79
81
79
44
-5
-55
-124
-130
-113
-77
-15
14
55
62
63
71
69
59
28
39
23
-13
-19
-23
-39
-69
-105
-154
-144
-119
-113
-70
-47
-26
11
46
98
119
81
8
-50
-61
-75
-81
-63
-87
-84
-48
-34
4
44
67
56
39
54
75
86
71
48
5
-13
-17
-18
19
49
69
55
66
107
96
88
83
33
-13
9
43
55
39
7
-29
-75
-79
-64
-65
-61
-86
-99
-68
-64
-68
-42
-40
-48
-19
-3
13
37
37
43
52
68
82
97
125
141
134
118
120
130
102
41
3
-21
-42
-30
-12
18
46
19
20
30
14
9
1
-26
-43
-28
-15
-20
-19
-5
-18
-31
-49
-67
-72
-107
-107
-83
-51
-13
0
5
13
22
-4
-23
-22
-35
-5
21
21
38
34
10
-13
-37
-50
-40
14
53
58
88
90
47
28
3
-23
-49
-62
-15
20
67
101
80
75
45
10
25
27
8
6
9
16
13
-12
-51
-106
-155
-158
-130
-102
-56
-42
-41
-26
-21
-8
-17
-19
-26
-46
-34
-13
5
32
49
54
85
104
95
77
30
18
11
-12
25
59
66
56
13
-19
-60
-81
-71
-37
-11
2
37
54
68
57
11
-29
-44
3
68
84
83
53
-4
-30
-81
-121
-136
-160
-142
-99
-57
-10
20
28
1
-46
-62
-52
-31
-5
27
40
23
21
17
6
8
9
