0
0
-1
0
0
0
0
-1
0
0
0
0
0
0
0
0
0
0
0
0
0
0
-1
0
0
0
0
0
0
0
0
0
1
0
-1
0
0
0
0
0
0
0
0
0
0
0
0
0
0
0
0
0
0
0
-1
0
0
0
0
0
0
0
0
0
0
0
0
0
1
0
0
0
0
0
0
0
1
0
0
0
1
1
0
0
0
-1
1
1
0
0
0
0
0
0
0
1
0
0
0
1
0
0
0
0
0
-1
0
0
0
0
0
0
0
0
0
0
-1
-1
-1
0
0
0
0
-1
0
0
0
0
0
0
0
0
0
1
0
1
0
0
0
0
0
0
1
-1
0
1
-1
0
0
0
0
0
0
0
-1
0
0
0
-1
0
-1
0
0
0
0
0
-1
0
0
0
0
0
0
-1
0
0
0
0
0
0
0
0
-1
-1
0
0
0
0
0
1
0
0
0
0
0
-1
0
0
0
0
0
0
0
0
0
1
0
1
0
0
1
-1
1
0
0
0
-1
-1
0
0
0
-1
0
-1
0
0
0
-1
0
0
0
0
1
0
0
0
0
0
0
1
0
1
0
0
0
0
0
0
1
0
0
0
1
1
0
0
0
0
0
0
0
0
-1
1
0
0
0
0
0
0
0
1
0
0
-1
0
0
0
-1
-1
-1
0
1
0
-1
0
-1
0
-1
-2
-2
-3
-2
-3
-2
-2
-1
-1
-2
-2
-1
-2
-2
-3
-3
-3
-2
-3
-3
-3
-2
-3
-4
-3
-3
-1
-3
-3
-1
-1
-1
1
-1
-1
1
-2
0
2
-1
2
2
-4
-1
1
-2
-3
-4
-2
0
-1
-1
-1
0
1
1
1
1
0
-6
-6
-3
-8
-5
-4
-8
-5
-4
-9
-10
-8
-7
-10
-11
-11
-9
-2
6
-3
-8
-7
-9
-4
-8
-14
-10
-6
-2
-8
-14
-6
-6
-9
-4
-6
-3
5
2
1
5
0
-3
4
2
-6
1
2
4
4
-6
-3
-6
-8
-1
4
3
-1
-10
-8
1
-3
-5
6
3
-1
-2
-4
-1
-3
-11
-28
-29
-16
-13
-3
0
-9
-13
-16
-12
-11
-19
-12
-12
-14
-7
-8
-7
-6
-11
-17
-23
-10
-11
-5
10
-4
-10
-12
-12
4
-1
-11
-4
7
13
9
-3
-5
-2
-1
1
0
-1
-2
8
10
-10
-12
-5
0
6
-2
5
14
6
-3
-11
-21
-23
-20
-195
-167
-217
-214
-243
-244
-201
-231
-249
-242
-266
-251
-220
-264
-296
-274
-274
-292
-316
-346
-360
-350
-339
-340
-311
-314
-315
-271
-298
-310
-300
-290
-268
-255
-258
-280
-265
-250
-234
-240
-275
-278
-258
-261
-277
-226
-198
-246
-191
-184
-261
-207
-193
-223
-223
-240
-249
-248
-232
-215
-220
-247
-223
-172
-182
-187
-149
-183
-179
-135
-169
-147
-123
-125
-138
-137
-93
-124
-124
-113
-115
-60
-42
-46
-29
-55
-56
-22
-27
-42
-83
-40
-30
-95
-41
14
6
-2
12
27
37
30
-3
5
17
26
56
26
22
12
-23
47
37
1
24
70
82
30
42
49
5
12
74
63
28
55
89
101
58
38
37
-3
16
39
41
51
31
54
55
44
86
68
74
77
35
22
7
-1
4
-3
-13
11
23
-9
0
24
-7
-28
-8
11
12
0
-7
-35
-42
-43
-63
-54
-42
-25
-25
-38
-34
-36
-29
-31
-52
-45
-50
-104
-74
-41
-83
-85
-112
-145
-114
-90
-102
-88
-79
-78
-91
-116
-87
-85
-110
-92
-85
-87
-94
-116
-93
-86
-72
-58
-114
-109
-108
-134
-86
-71
-93
-80
-101
-121
-113
-140
-152
-161
-143
-122
-141
-132
-115
-105
-143
-134
-83
-92
-76
-92
-104
-73
-88
-110
-125
-131
-112
-83
-88
-92
-66
-74
-89
-101
-85
-72
-100
-74
-49
-82
-95
-84
-74
-71
-69
-57
-29
-21
-35
-37
-46
-40
-26
-6
17
12
21
16
8
4
30
61
41
38
10
-18
1
-2
-9
-10
5
3
-10
38
34
-8
35
27
1
49
54
66
75
29
14
22
37
33
50
75
39
52
58
19
25
33
55
82
57
40
61
53
25
33
31
30
43
49
61
44
50
52
20
32
60
46
19
7
21
65
38
18
4
-37
-5
14
5
25
35
25
30
7
12
24
-18
-12
-13
-25
4
12
20
41
31
23
36
23
10
43
59
38
58
36
-4
22
18
20
49
48
28
44
58
33
48
79
78
48
50
81
61
61
91
77
66
98
78
31
50
66
55
76
76
65
103
102
90
79
77
127
133
112
82
82
87
79
112
121
131
146
131
108
102
95
93
111
112
94
86
97
88
93
103
112
121
114
142
123
102
120
90
74
87
100
114
103
94
84
60
71
81
62
39
39
62
36
35
67
48
36
62
33
0
37
30
9
0
-19
4
-10
-48
-48
-48
-49
-43
-37
-40
-39
-25
-57
-82
-54
-84
-98
-88
-87
-67
-78
-94
-104
-118
-123
-94
-90
-115
-100
-107
-125
-130
-138
-125
-109
-117
-116
-123
-132
-117
-116
-109
-99
-125
-136
-117
-153
-161
-130
-143
-138
-143
-136
-145
-150
-118
-119
-123
-132
-121
-110
-128
-146
-146
-131
-138
-133
-120
-111
-92
-90
-88
-97
-135
-138
-120
-124
-108
-86
-95
-98
-101
-84
-51
-58
-86
-88
-58
-47
-64
-51
-35
-51
-48
-34
-15
-18
-32
-14
-5
7
12
6
17
35
39
33
60
84
60
59
70
48
42
65
73
54
63
102
96
89
116
121
101
96
101
95
95
120
118
100
118
105
83
95
105
123
106
108
116
86
113
119
85
104
110
104
101
87
111
102
69
81
74
63
73
63
44
47
39
36
37
18
38
45
12
14
22
24
53
52
30
45
37
-5
-9
14
22
30
31
24
32
30
11
22
34
7
11
21
1
5
13
19
15
5
29
23
-10
-12
2
4
-6
-8
6
-13
-23
-4
-18
-28
-28
-17
-15
-39
-18
-11
-35
-21
-14
-18
-28
-40
-31
-27
-36
-22
-18
-11
-2
-31
-24
-1
-23
-22
-17
-16
-21
-25
-18
-31
-10
-6
-22
-1
-9
-2
31
32
15
1
21
14
2
27
23
27
28
24
51
42
57
77
53
55
63
70
62
65
74
60
65
74
63
57
77
64
50
80
69
55
70
77
54
48
56
65
77
63
51
33
34
39
24
24
9
13
49
15
-27
-14
-11
-16
-5
-17
-34
-15
-25
-57
-52
-32
-21
-39
-44
-32
-38
-21
-24
-48
-48
-59
-59
-57
-61
-55
-47
-62
-89
-82
-78
-81
-63
-67
-68
-49
-55
-71
-81
-68
-53
-84
-91
-70
-67
-63
-59
-58
-65
-62
-67
-76
-75
-74
-62
-63
-71
-71
-68
-74
-79
-65
-71
-79
-64
-79
-92
-81
-82
-87
-77
-87
-90
-79
-97
-93
-81
-77
-86
-97
-93
-98
-85
-70
-62
-61
-66
-59
-42
-42
-56
-52
-51
-61
-47
-30
-21
-17
-10
-2
-4
6
9
19
41
31
43
61
46
39
41
53
60
63
78
97
91
91
95
85
89
75
77
81
68
80
79
72
76
77
86
90
86
74
72
83
64
54
58
42
54
56
53
54
35
31
28
28
32
17
19
8
5
21
8
-1
-8
14
21
-6
-6
-5
-13
-30
-29
-14
-11
-8
-26
-34
-31
-18
-6
-26
-37
-26
-26
-24
-20
-22
-13
-12
-19
-21
-32
-19
-11
-24
-9
-10
-10
18
5
-12
-6
-9
-9
-12
-17
-7
-17
-29
-18
-28
-29
-13
-21
-18
-22
-31
-23
-35
-39
-37
-38
-28
-41
-50
-32
-31
-39
-40
-24
-32
-41
-25
-39
-47
-38
-31
-30
-34
-25
-33
-39
-24
-27
-44
-27
-7
-10
-16
-11
-1
2
3
9
15
30
34
31
33
36
47
46
58
75
76
84
90
88
80
77
93
91
79
87
95
109
97
99
129
116
121
133
112
107
110
90
94
109
93
96
110
101
90
89
79
65
73
65
59
57
58
63
45
44
55
51
42
42
30
12
20
10
-1
13
14
11
5
-2
1
0
-1
1
0
-1
-3
-20
-31
-9
-2
-10
-13
-17
-13
-22
-30
-14
6
-3
-12
-13
-19
-12
-8
1
2
9
14
-10
-18
-21
-11
8
-2
1
2
5
14
-9
-8
1
-7
-15
-33
-21
-16
-22
-22
-23
-36
-41
-26
-38
-43
-37
-42
-44
-51
-65
-83
-73
-80
-83
-55
-68
-85
-70
-68
-84
-79
-60
-60
-63
-73
-82
-79
-74
-61
-60
-57
-60
-64
-65
-68
-50
-55
-43
-26
-53
-53
-35
-29
-22
-26
-8
1
-7
10
12
1
11
22
23
30
38
46
56
42
43
58
58
65
68
66
66
71
66
57
59
54
66
77
69
70
63
55
62
51
44
48
23
30
39
22
30
25
23
8
1
21
7
3
21
6
-1
2
-18
-23
-12
-21
-26
-19
-17
-17
-18
-27
-27
-31
-27
-13
-26
-25
-27
-27
-14
-18
-18
-15
-15
-20
-33
-29
-18
-17
-21
-18
-12
-8
-11
-5
-1
-8
-2
-3
0
1
-10
3
6
3
9
3
7
4
-1
2
-3
-1
-1
-7
-16
-19
-13
-13
-4
0
-4
-1
-7
-14
-19
-25
-9
-12
-30
-21
-35
-41
-29
-29
-21
-28
-25
-33
-39
-29
-33
-39
-46
-42
-45
-46
-36
-34
-28
-23
-21
-12
-8
-4
-4
-11
-2
-4
-4
2
3
13
14
20
21
11
7
4
20
29
18
30
41
25
34
43
45
52
42
41
37
43
45
39
50
52
54
48
46
46
37
41
48
48
32
19
24
21
28
35
22
32
36
23
27
26
24
26
24
19
9
9
3
-2
8
11
11
9
9
11
-1
-7
3
8
14
4
-12
-11
-9
4
5
6
16
12
8
8
0
2
11
13
15
22
21
23
21
7
9
-3
-9
0
3
9
9
17
20
-1
2
1
-8
-2
-3
-6
-12
-12
-6
-20
-29
-20
-31
-34
-14
-33
-41
-24
-30
-39
-39
-40
-40
-44
-50
-48
-59
-56
-42
-48
-51
-50
-48
-44
-45
-43
-34
-31
-40
-48
-53
-47
-46
-44
-36
-47
-37
-29
-34
-10
-3
-15
-6
2
1
1
1
6
14
8
14
29
22
16
22
21
15
21
30
24
22
24
34
37
30
36
27
22
40
29
29
35
9
23
31
22
36
24
28
34
17
17
21
22
20
18
6
3
4
3
12
0
-1
8
-3
-4
-2
-8
-2
-4
-5
-5
-18
-17
-9
-16
-16
-17
-18
-12
-21
-16
-4
-12
-11
-6
-13
-7
-1
-7
-1
0
-5
-6
-9
-12
5
5
3
16
10
0
-3
3
8
6
9
4
-3
1
8
0
1
17
11
4
1
5
12
3
-3
-8
-8
0
-4
-17
-14
-14
-24
-15
-17
-37
-27
-23
-39
-27
-19
-27
-29
-35
-29
-26
-19
-22
-37
-35
-36
-40
-36
-36
-35
-30
-34
-29
-29
-35
-26
-35
-38
-22
-21
-20
-26
-27
-19
-23
-13
-6
-5
-6
-11
-5
-6
4
10
13
18
14
24
27
28
31
34
28
14
30
35
22
34
44
43
45
51
48
51
52
49
45
48
59
52
57
53
47
55
54
51
45
43
53
42
45
48
31
38
34
32
34
21
30
31
25
17
20
23
15
12
18
32
28
13
10
7
0
1
-6
-11
1
4
-4
-4
0
0
5
8
4
7
7
9
10
-5
-3
7
2
-1
2
0
2
18
25
8
5
6
3
10
-1
-2
14
7
14
9
-10
5
6
2
19
21
14
3
-4
4
3
6
9
3
-2
-4
-1
-4
-4
-7
-15
-18
-23
-30
-28
-31
-28
-34
-40
-25
-36
-43
-34
-42
-38
-37
-40
-49
-53
-42
-51
-54
-50
-55
-54
-51
-42
-44
-54
-42
-40
-51
-44
-47
-42
-32
-32
-31
-43
-38
-28
-31
-21
-13
-12
-9
-12
-21
-23
-8
-8
-5
2
-2
6
-1
4
20
10
13
12
6
8
7
13
17
8
8
16
18
8
3
10
9
7
8
15
8
-2
18
16
1
9
9
-8
-2
5
5
7
-1
8
9
-3
-8
-14
-10
-4
-2
-9
-12
-5
-5
-11
-8
-9
-20
-18
-6
-7
-11
-13
-14
-5
-13
-18
-3
-9
-16
-9
-7
-8
6
12
-7
-8
3
-4
-5
7
12
14
6
4
11
2
10
10
2
5
2
0
4
2
4
8
0
6
7
-5
2
5
2
4
-2
0
-6
-4
10
-4
-2
3
-1
-2
-7
-7
-8
-11
-9
-2
-2
1
8
3
-8
-8
-2
4
12
10
11
14
11
20
16
9
12
16
25
27
21
23
26
29
34
26
37
48
38
40
39
35
31
29
36
35
34
38
45
51
51
52
56
54
52
47
46
49
36
32
39
36
41
38
34
38
33
31
33
27
21
21
20
24
21
13
13
7
2
3
8
10
3
5
10
-1
-5
-8
-17
-11
-12
-17
-9
-8
-14
-18
-18
-22
-21
-10
-7
-10
-9
-2
-5
-6
-5
-4
0
-5
-3
1
-6
-5
3
10
6
9
11
-3
-1
7
-2
5
12
-1
0
11
-1
-5
3
-6
-4
5
-4
-14
-18
-19
-16
-14
-19
-14
-14
-24
-24
-28
-25
-23
-34
-31
-29
-24
-21
-29
-30
-36
-34
-31
-37
-32
-35
-24
-23
-46
-33
-28
-37
-32
-28
-28
-31
-21
-28
-41
-27
-22
-28
-19
-13
-7
0
-2
-1
-8
-8
-4
-7
-8
1
6
-2
5
15
12
16
14
13
13
10
22
16
9
21
10
13
21
13
19
17
8
11
8
2
7
10
10
6
3
5
4
4
4
-6
-6
2
2
-4
-4
8
4
7
5
-10
-3
-2
-14
-19
-17
-19
-13
-10
-17
-18
-21
-22
-25
-32
-26
-23
-30
-25
-23
-29
-30
-23
-17
-21
-11
-13
-26
-20
-24
-25
-14
-17
-17
-13
-15
-14
-11
-11
-12
-13
-17
-23
-23
-24
-24
-18
-10
-16
-22
-8
-13
-18
-12
-12
-3
-5
-8
-12
-22
-20
-17
-15
-12
-11
-5
-11
-11
-10
-11
0
7
-1
-3
5
3
6
15
6
5
18
17
11
13
15
20
16
12
23
18
17
30
16
16
32
17
17
26
22
20
21
16
23
16
6
24
18
7
17
12
11
13
8
12
9
2
5
11
13
10
14
10
5
13
12
6
1
11
22
11
11
17
10
8
9
12
12
7
8
9
10
18
17
9
9
10
7
11
14
16
12
14
20
9
18
27
16
16
7
14
14
10
15
13
17
5
9
17
15
14
8
19
6
-10
5
6
2
5
6
5
-1
-12
-8
-4
-14
-6
-9
-19
-4
-7
-24
-22
-16
-20
-14
-5
-14
-24
-18
-15
-18
-18
-13
-7
-10
-12
-10
-11
-2
1
-7
-2
1
-6
-2
1
3
5
4
10
10
8
8
9
15
16
26
29
29
36
40
39
39
49
50
38
37
49
49
39
44
43
35
45
49
40
42
38
37
39
30
31
37
24
17
27
24
20
18
18
22
8
5
8
2
-1
-2
-8
0
1
-6
-4
-11
-22
-22
-20
-18
-23
-29
-16
-11
-23
-20
-15
-19
-23
-30
-27
-27
-27
-11
-17
-27
-27
-32
-28
-31
-32
-26
-30
-29
-38
-36
-37
-48
-35
-33
-44
-37
-40
-53
-48
-42
-44
-48
-47
-50
-51
-50
-49
-58
-69
-68
-68
-72
-69
-60
-62
-67
-54
-59
-78
-70
-75
-92
-85
-82
-85
-74
-76
-77
-77
-78
-63
-78
-91
-69
-67
-74
-64
-65
-72
-67
-61
-57
-59
-48
-31
-40
-44
-32
-31
-27
-17
-20
-17
-18
-14
-5
-8
-2
5
10
22
16
20
33
32
34
32
36
53
52
46
45
50
55
58
63
58
50
61
62
59
66
53
54
66
59
56
59
56
61
67
60
50
59
62
52
61
65
58
66
65
50
50
57
54
50
46
47
59
50
43
49
45
50
56
52
55
52
51
64
56
54
69
62
54
67
69
59
58
61
61
63
64
64
60
57
62
68
67
60
57
62
62
56
61
53
42
54
43
37
50
48
44
35
27
29
26
24
19
20
22
13
11
4
-7
-8
-9
-17
-18
-19
-25
-19
-25
-33
-29
-39
-32
-32
-45
-45
-48
-43
-48
-50
-40
-57
-53
-41
-54
-48
-38
-45
-39
-43
-46
-39
-46
-35
-29
-36
-20
-15
-28
-14
-3
-11
-10
-14
-15
-9
-9
-10
-5
-5
2
14
-2
6
14
-4
13
16
6
7
17
19
8
12
8
3
8
1
1
-1
-5
3
-9
-23
-18
-13
-16
-17
-27
-37
-24
-32
-32
-31
-51
-36
-24
-34
-33
-39
-41
-41
-51
-52
-51
-66
-50
-38
-56
-52
-48
-52
-53
-62
-49
-46
-53
-40
-46
-45
-38
-32
-28
-43
-32
-27
-40
-28
-24
-25
-23
-26
-23
-28
-37
-14
-8
-19
-12
-19
-16
-13
-29
-23
-19
-30
-20
-19
-24
-20
-17
-14
-24
-38
-24
-15
-19
-24
-29
-22
-19
-31
-29
-30
-40
-33
-32
-32
-30
-34
-32
-29
-31
-40
-42
-33
-30
-37
-31
-38
-40
-25
-33
-24
-12
-23
-15
-7
-8
-6
-1
11
12
7
19
21
19
22
31
41
43
51
55
61
67
69
73
69
74
79
84
87
78
77
86
85
93
97
82
101
104
90
95
89
84
91
95
92
94
88
79
85
75
71
82
74
73
71
61
53
53
59
56
57
53
52
47
37
44
36
40
46
44
48
31
21
26
26
18
16
20
20
27
25
26
18
2
15
16
15
22
15
15
21
21
19
12
22
34
17
17
17
12
28
11
7
2
-3
21
18
9
12
-4
-11
0
-10
-18
-13
-9
-19
-36
-38
-35
-38
-38
-45
-48
-49
-54
-60
-76
-78
-77
-85
-88
-92
-86
-84
-96
-106
-99
-100
-105
-101
-111
-107
-101
-113
-112
-104
-98
-100
-95
-91
-97
-100
-89
-79
-84
-82
-74
-68
-61
-59
-56
-50
-50
-43
-36
-32
-31
-31
-26
-18
-10
-4
-3
-4
10
12
11
24
24
19
22
27
29
31
40
41
40
36
43
39
33
37
42
50
51
51
43
35
42
42
43
37
31
40
37
28
40
33
21
27
24
23
18
17
30
20
13
15
19
21
22
20
8
20
25
10
18
21
21
28
22
22
17
21
39
30
28
43
41
41
51
54
44
46
56
50
49
52
52
55
58
57
59
58
57
57
47
46
56
44
46
55
42
42
33
23
22
17
14
13
14
14
5
-7
-9
-16
-25
-22
-30
-40
-47
-47
-43
-58
-61
-61
-73
-79
-80
-86
-89
-78
-90
-95
-86
-97
-104
-100
-107
-106
-99
-98
-94
-93
-101
-105
-97
-97
-96
-88
-93
-90
-79
-76
-75
-69
-63
-70
-60
-50
-55
-56
-56
-45
-45
-44
-40
-46
-33
-19
-28
-29
-20
-16
-17
-9
-9
-17
-19
-18
-18
-16
-4
-2
2
1
-9
1
-3
-3
6
-3
-4
-11
-8
-6
-13
-14
-12
-3
3
-3
-6
-6
-9
2
0
-12
-1
3
7
8
16
23
15
14
17
15
23
33
41
46
46
47
56
59
62
70
65
61
63
62
70
83
82
78
81
87
94
92
92
98
96
94
96
93
98
95
88
94
93
89
90
89
80
76
74
72
72
69
68
55
52
54
54
56
50
47
36
34
29
12
7
9
10
14
7
-7
4
-1
-20
-15
-15
-24
-22
-21
-26
-22
-18
-24
-26
-22
-22
-20
-18
-18
-19
-23
-18
-4
-8
-16
-13
-13
-8
-7
-10
-5
-8
-6
3
1
-2
3
5
11
13
10
13
14
9
6
5
8
8
9
21
19
12
20
15
17
9
5
17
13
19
18
12
4
-2
8
0
3
7
-1
1
-3
-3
-7
-4
-1
-10
-13
-9
-10
-12
-11
-15
-11
-7
-13
-12
-9
-13
-17
-14
-14
-22
-12
-5
-10
3
2
-5
7
12
12
6
11
4
-15
4
10
4
16
12
3
4
0
-3
8
-1
-1
10
-4
-2
-8
-11
-8
-15
-7
-19
-19
-16
-35
-37
-38
-47
-42
-45
-56
-55
-58
-64
-70
-67
-62
-70
-76
-77
-88
-94
-97
-106
-99
-95
-100
-105
-108
-108
-119
-111
-110
-121
-120
-122
-128
-126
-117
-124
-119
-112
-114
-107
-109
-106
-103
-101
-106
-103
-80
-87
-85
-65
-69
-59
-42
-41
-45
-36
-25
-34
-29
-17
-19
-5
6
4
17
17
14
33
39
32
35
44
44
44
57
62
52
59
70
63
63
72
71
61
75
74
66
90
82
77
88
75
79
90
80
77
77
73
77
82
77
79
92
97
91
84
89
83
81
88
86
87
91
92
97
104
106
103
101
100
88
91
95
90
112
112
101
111
110
105
104
109
111
101
106
109
106
113
105
99
113
104
92
91
87
86
80
80
71
62
68
63
56
56
48
40
47
30
19
20
2
-4
-4
-7
-12
-14
-17
-31
-39
-44
-54
-58
-54
-55
-62
-73
-79
-81
-80
-81
-93
-89
-76
-90
-102
-97
-109
-115
-103
-108
-114
-112
-111
-106
-101
-101
-104
-92
-86
-93
-93
-93
-97
-88
-80
-80
-74
-71
-57
-53
-56
-46
-43
-38
-34
-29
-27
-26
-23
-18
-12
-16
-14
-1
3
1
-4
-7
-5
-3
-6
-7
0
-6
-3
-3
-3
-1
-6
2
2
-8
-8
-5
-1
-9
-14
-6
-12
-18
-23
-20
-15
-24
-23
-17
-18
-19
-22
-22
-12
-7
-5
-7
-18
-3
-1
-5
2
0
6
6
3
5
16
18
12
15
28
31
25
33
34
37
34
33
50
50
49
59
53
46
48
56
63
52
57
64
52
53
52
41
48
56
47
38
44
41
34
33
29
24
21
11
1
-2
6
1
-7
-3
-3
-13
-24
-26
-44
-44
-38
-42
-33
-43
-43
-41
-49
-48
-47
-46
-52
-45
-36
-45
-49
-45
-42
-41
-36
-37
-28
-25
-34
-31
-24
-12
-8
-12
-10
-8
1
4
-1
8
24
26
22
26
21
27
37
40
48
55
61
57
55
53
43
48
50
50
50
46
40
32
34
30
18
27
26
18
21
10
11
12
-5
-3
-10
-13
-12
-26
-32
-20
-18
-26
-36
-37
-31
-38
-41
-44
-42
-37
-36
-35
-42
-48
-50
-42
-37
-36
-29
-33
-24
-18
-20
-16
-14
-4
-7
-4
13
8
3
14
15
10
20
24
23
26
31
42
53
60
49
52
56
46
57
56
46
56
63
65
60
60
64
51
51
50
41
45
32
26
33
23
16
11
12
19
1
-10
-8
-20
-22
-36
-48
-43
-43
-39
-46
-41
-44
-61
-61
-72
-68
-66
-83
-79
-76
-74
-63
-67
-75
-71
-73
-74
-74
-70
-62
-59
-54
-52
-58
-41
-36
-50
-31
-22
-28
-18
-16
-9
-10
-6
3
-4
4
22
15
13
29
27
25
27
29
35
42
41
33
39
44
41
43
42
38
42
36
39
44
34
32
31
26
26
19
18
22
20
13
1
3
3
5
10
0
-10
-4
-1
-11
-12
-9
-12
-11
-13
-15
-8
-2
-6
-9
3
5
-11
-11
-4
9
17
12
13
14
17
24
29
25
23
37
40
37
44
51
47
53
52
48
51
54
58
53
52
56
52
46
45
45
44
38
44
44
34
36
36
39
24
4
19
22
14
10
7
2
-6
-7
-17
-24
-11
-25
-36
-24
-20
-28
-50
-54
-49
-55
-59
-62
-61
-58
-63
-64
-66
-77
-70
-69
-74
-66
-66
-72
-79
-73
-64
-61
-54
-54
-46
-41
-39
-41
-48
-44
-37
-33
-35
-35
-24
-21
-23
-14
-7
-9
-10
-5
-8
-15
-8
-4
-3
2
6
10
12
11
9
8
4
4
-1
-5
0
-8
-14
-8
3
2
2
8
-6
-11
-14
-8
-1
-4
-2
-4
-1
3
0
-3
6
4
-4
2
1
4
7
-1
12
22
10
6
16
21
21
19
23
29
35
33
30
33
41
61
64
58
58
55
65
58
53
62
63
67
63
58
63
74
67
60
68
61
56
62
67
55
50
57
55
54
45
44
52
33
35
41
27
23
25
23
18
9
3
5
9
-1
-8
-7
-9
-20
-17
-18
-30
-19
-29
-33
-19
-27
-24
-14
-16
-28
-38
-34
-26
-26
-33
-36
-27
-19
-20
-24
-23
-22
-20
-19
-25
-20
-17
-14
-6
-9
-3
0
1
4
-2
0
4
5
-1
-1
18
20
16
13
9
14
10
12
12
9
8
-1
-3
5
5
7
8
0
0
2
-3
-10
-12
-13
-11
-17
-20
-14
-12
-12
-12
-18
-13
-15
-30
-29
-25
-30
-26
-20
-28
-37
-27
-19
-29
-32
-23
-25
-38
-33
-26
-34
-28
-27
-29
-17
-18
-25
-26
-24
-16
-10
-15
-23
-25
-19
-10
-12
-8
-5
-12
-8
0
-9
-10
1
-2
-7
-5
-2
1
12
12
1
0
8
5
5
10
3
2
7
0
-3
-3
-7
-6
-5
-9
-17
-16
-9
-23
-25
-8
-6
-24
-23
-14
-21
-17
-16
-26
-24
-13
-18
-24
-14
-9
-12
-9
-8
-15
-17
-16
-19
-11
-4
-9
-12
-3
2
-3
-4
-9
-1
5
6
2
2
17
17
16
20
14
19
19
19
24
27
30
29
34
31
26
30
30
31
26
35
34
31
44
46
46
44
44
36
40
43
33
35
31
30
23
23
30
29
33
29
21
27
21
17
18
12
13
12
11
11
13
12
12
16
9
8
10
3
-1
2
3
6
14
10
7
11
7
11
13
6
12
12
10
11
5
2
9
14
8
13
18
18
22
10
9
4
2
6
10
24
16
7
7
8
13
11
3
-6
-6
-1
-3
-19
-19
-8
-9
-4
-8
-12
-15
-8
-9
-25
-19
-19
-17
-11
-12
-13
-23
-21
-17
-19
-24
-28
-35
-31
-21
-28
-35
-26
-18
-21
-23
-25
-26
-27
-28
-27
-26
-25
-19
-14
-12
-12
-15
-11
2
-1
-11
-11
-12
-12
-14
-5
6
8
12
7
4
-1
2
8
3
7
7
-1
1
3
14
14
10
7
-6
0
5
-1
-2
-4
-7
-2
-1
-19
-23
-13
-11
-17
-25
-18
-14
-17
-21
-23
-23
-26
-29
-24
-19
-23
-29
-27
-35
-35
-27
-26
-19
-27
-18
-17
-37
-33
-22
-18
-18
-13
-16
-23
-17
-18
-23
-17
-7
-4
-1
3
1
-1
3
10
13
24
23
11
15
23
25
30
26
21
32
42
36
33
38
40
40
51
43
34
43
48
41
30
30
31
31
35
31
28
26
25
22
21
30
27
24
20
10
10
8
-1
-3
2
-1
-10
-14
-14
-12
-15
-15
-18
-18
-12
-7
-9
-12
-15
-24
-20
-3
-1
-5
-14
-10
-3
-5
-12
-14
-2
2
-2
-1
-5
-3
5
4
4
7
10
14
18
23
30
28
25
37
34
30
27
22
29
32
25
24
29
31
29
17
15
24
24
21
25
30
17
12
9
8
11
4
-5
-22
-14
-9
-19
-18
-12
-21
-36
-30
-31
-39
-41
-35
-38
-46
-42
-48
-56
-55
-54
-55
-58
-58
-53
-45
-45
-51
-43
-48
-53
-47
-45
-35
-28
-28
-37
-35
-18
-16
-27
-23
-18
-11
-11
-15
-14
-16
-10
-6
-5
-1
10
22
13
12
19
16
11
21
34
27
24
29
33
41
37
34
30
24
26
26
23
24
32
31
26
26
25
25
22
20
23
13
13
18
18
14
1
-5
0
2
0
4
4
-7
-13
-17
-16
-12
-13
-17
-20
-20
-13
-17
-15
-15
-16
-15
-22
-17
-20
-24
-19
-22
-17
-9
-5
-6
1
-8
-19
5
14
9
6
3
12
9
-2
10
16
15
25
33
22
2
0
20
31
40
33
13
23
30
29
21
16
23
14
16
23
26
37
37
31
21
12
5
4
7
15
22
12
8
1
-3
-1
-2
2
-9
-9
-3
1
1
-14
-6
2
-4
-2
-12
-12
-7
-14
-15
-18
-16
-8
-6
-3
6
-1
-10
-9
0
3
-8
-1
6
5
9
1
1
12
0
-1
7
-4
0
2
4
22
19
13
9
3
8
-3
-7
-1
9
19
8
7
7
-1
4
10
5
1
2
2
1
-1
8
13
5
-3
-16
-22
-17
-5
-2
-9
-10
-13
-18
-16
-17
-26
-27
-23
-22
-14
-18
-31
-30
-26
-20
-16
-19
-21
-20
-18
-21
-25
-24
-25
-22
-13
-5
-2
-19
-22
-12
-15
-15
-19
-5
5
-6
0
1
-7
-7
6
14
13
12
-4
-4
22
28
20
3
-6
-7
-4
-3
-6
6
6
10
9
-9
-14
-17
-14
-1
6
3
-1
0
-7
-11
-3
2
9
15
8
0
-5
-7
-4
-5
-13
-19
-21
-13
0
-2
0
-3
-7
-3
-8
-12
-7
-3
4
14
15
9
5
4
7
5
0
-1
4
7
9
21
12
7
11
7
2
5
19
19
19
10
8
15
8
17
25
20
16
10
2
4
-5
-11
-8
-6
-4
-12
-8
5
4
-5
-11
-10
-13
-13
-7
-3
-1
-6
-12
-7
-5
-17
-19
-17
-15
-12
-15
-10
-17
-27
-23
-22
-22
-19
-12
-11
-9
-4
-13
-21
-17
-15
-21
-12
-5
-4
1
-6
-4
-6
-7
-6
-8
6
11
14
21
22
21
23
31
31
26
17
10
12
23
27
26
31
32
27
25
25
33
39
32
24
24
27
27
28
27
33
37
26
24
19
16
13
3
8
12
10
9
9
11
11
16
21
4
-5
-12
-17
-8
-7
-5
-2
2
-4
-11
-7
-13
-4
-4
-18
-11
-11
-22
-20
-17
-18
-10
-4
-2
4
2
-3
-8
-10
-4
0
-7
-7
-2
-4
-6
-4
-3
-2
-3
1
10
11
12
3
-2
9
11
16
19
6
5
12
11
5
0
2
3
-8
-8
-12
-9
1
10
11
-6
-17
-19
-11
-6
-12
-18
-16
-2
5
-5
-17
-23
-28
-27
-24
-27
-28
-32
-37
-38
-26
-20
-32
-27
-23
-26
-31
-31
-22
-22
-23
-30
-36
-24
-18
-23
-20
-17
-15
-17
-34
-32
-27
-26
-15
-16
-17
-10
-8
-11
-7
-1
-2
-2
-7
-11
-1
4
1
2
10
16
19
22
13
3
3
9
16
11
4
9
17
21
25
28
20
19
18
19
22
8
3
7
12
21
16
11
14
19
12
7
6
9
19
28
24
12
10
7
10
19
16
10
17
20
0
3
12
16
16
0
1
7
-2
1
4
-2
16
23
9
4
-1
9
20
19
6
1
8
4
2
13
21
13
9
3
-2
14
18
6
-1
4
16
15
11
3
-7
-8
5
6
-5
5
13
7
1
-11
-4
4
-10
-8
-5
-6
-3
-14
-5
5
-1
-14
-21
-8
-12
-23
-29
-30
-25
-13
-13
-29
-39
-39
-32
-35
-32
-27
-23
-17
-17
-13
-21
-16
-13
-18
-15
-15
-19
-24
-12
-7
-13
-17
-14
-14
-15
-5
7
-5
-17
-5
9
15
10
-2
1
19
15
6
8
12
26
18
6
13
15
13
19
14
12
15
11
14
14
18
27
26
20
15
14
15
6
3
18
23
19
13
17
27
28
18
14
14
18
22
12
11
14
17
20
14
9
12
15
11
14
5
2
12
12
14
2
-11
-9
-4
10
11
2
1
-2
6
5
2
16
1
-17
-4
12
9
-4
-11
4
8
-9
-13
-9
-3
1
-8
-19
-16
-7
-2
-2
-13
-8
-7
-13
-13
-21
-18
-12
-15
-17
-26
-24
-13
-15
-14
-15
-14
-17
-22
-20
-14
-8
-12
-22
-20
-13
-14
-18
-13
-16
-16
-9
-15
-20
-14
-12
-9
-5
-11
-12
-10
-5
-7
-10
-5
-11
-4
3
-12
-4
1
-6
-3
-2
3
7
4
2
0
-3
-7
-5
-5
2
24
26
19
12
11
21
17
6
9
7
0
9
11
6
10
10
6
4
9
13
16
12
4
9
15
13
10
6
7
14
13
3
3
15
20
13
1
-2
6
9
8
20
19
8
11
10
9
4
0
3
3
10
11
6
4
12
17
0
1
5
-10
-7
-5
-2
6
4
-5
-15
-7
1
-4
-6
-8
-7
-4
-6
-8
-12
-13
-6
-5
-16
-16
-17
-19
-2
-6
-21
-25
-22
-16
-21
-22
-28
-32
-26
-20
-25
-22
-20
-32
-31
-26
-20
-18
-29
-25
-21
-20
-18
-17
-10
-23
-28
-20
-17
-19
-28
-17
-24
-22
-10
-20
-16
-16
-8
-8
-21
-12
-7
-2
-3
-5
-1
-1
1
10
12
2
-2
-4
-7
0
-1
-5
1
5
9
13
12
7
10
6
8
13
17
19
16
24
33
38
31
23
20
11
16
19
23
24
25
31
28
33
39
35
25
24
32
26
28
34
24
33
34
21
28
34
28
35
37
40
41
45
49
34
38
38
39
47
58
58
47
52
48
37
45
44
37
42
36
29
39
35
27
26
27
30
31
37
41
37
30
17
20
27
18
9
13
12
13
11
6
3
-5
-14
-14
0
-3
-4
5
-7
-9
-17
-27
-22
-20
-20
-22
-28
-27
-17
-23
-36
-39
-41
-40
-49
-49
-41
-45
-46
-43
-41
-45
-50
-46
-51
-55
-50
-54
-68
-70
-55
-53
-64
-61
-56
-60
-62
-58
-55
-58
-55
-47
-51
-45
-38
-44
-44
-39
-34
-37
-43
-42
-35
-21
-23
-28
-26
-34
-38
-35
-27
-20
-32
-34
-20
-18
-18
-7
-11
-14
-8
-5
-6
-7
-8
-11
0
-3
-9
-2
3
2
-5
-4
2
0
-4
7
12
7
10
8
14
21
12
7
15
17
15
16
17
17
18
23
32
25
20
28
17
20
34
29
31
33
29
30
31
28
27
31
27
27
29
25
34
24
15
23
28
36
35
29
27
34
37
30
21
19
31
34
28
26
28
27
32
23
17
21
24
28
19
7
7
14
5
2
16
16
12
8
13
13
1
0
-2
-1
4
-13
-20
-11
-8
-5
-11
-10
-6
-19
-22
-23
-21
-14
-14
-14
-16
-14
-10
-11
-15
-24
-25
-31
-23
-15
-13
-13
-15
-8
-11
-15
-8
-5
-10
-7
-12
-18
-7
-5
5
3
-8
5
7
3
8
6
7
1
-6
7
9
6
16
11
9
20
17
14
17
17
24
19
15
23
19
18
25
28
20
18
32
32
22
16
10
8
13
20
20
26
18
20
26
22
30
22
13
20
24
18
28
21
13
24
16
15
10
7
8
-2
7
6
5
6
6
14
15
10
7
13
9
6
7
8
13
7
4
8
1
-5
0
-4
-3
-2
-11
-20
-21
-11
-9
-15
-16
-13
-13
-19
-25
-29
-28
-25
-30
-31
-26
-29
-39
-42
-50
-53
-39
-35
-51
-56
-56
-59
-58
-52
-47
-49
-51
-47
-47
-55
-57
-54
-54
-48
-46
-48
-51
-54
-54
-58
-50
-44
-43
-36
-36
-30
-27
-35
-37
-32
-34
-36
-31
-28
-24
-20
-18
-10
-9
-9
-7
-9
-8
-4
4
13
17
13
7
11
16
19
18
15
20
28
35
38
34
35
37
33
27
31
32
29
34
30
34
49
47
38
40
41
47
43
44
44
41
44
42
48
45
30
39
38
32
45
47
42
41
40
33
40
42
39
43
34
28
32
42
47
34
27
40
40
25
35
34
24
24
16
26
27
14
19
24
23
23
17
16
18
17
10
2
11
20
10
3
2
-4
-9
-10
-11
-9
-17
-21
-21
-19
-18
-29
-27
-22
-29
-26
-26
-39
-41
-33
-29
-24
-29
-37
-41
-47
-41
-41
-40
-42
-43
-38
-51
-50
-38
-42
-42
-40
-40
-43
-44
-42
-44
-44
-44
-42
-35
-33
-28
-28
-28
-19
-18
-26
-24
-18
-19
-14
0
-4
-10
-10
-14
-2
7
-2
-2
2
7
13
9
7
4
0
5
8
14
19
10
8
11
15
17
10
1
7
12
15
21
17
17
22
21
22
17
13
17
19
20
9
11
20
20
25
16
16
26
28
26
23
25
30
33
29
27
26
29
35
24
23
31
25
32
34
26
31
35
32
33
28
21
30
34
28
32
27
33
41
29
29
34
25
26
33
35
32
33
29
19
20
25
21
14
18
15
9
11
8
11
5
-3
-7
-8
-3
-15
-19
-7
-7
-17
-25
-22
-21
-22
-18
-24
-34
-31
-31
-37
-43
-39
-36
-39
-28
-30
-44
-35
-35
-46
-41
-45
-54
-49
-42
-30
-25
-32
-35
-39
-40
-43
-42
-37
-33
-29
-28
-22
-24
-30
-26
-24
-20
-17
-14
-12
-10
-16
-16
-4
-2
-11
-5
6
-1
-2
2
0
8
14
12
6
11
20
8
3
13
10
6
6
6
9
12
10
7
4
1
-6
-2
3
4
4
2
11
9
-3
-5
-3
-2
-4
-5
-17
-14
-4
-17
-22
-17
-14
-5
-4
-11
-14
-14
-18
-21
-16
-13
-7
-4
-7
2
-5
-14
-11
-21
-20
-14
-18
-18
-23
-19
-7
-2
-4
-10
-4
-4
-12
-6
-1
-6
-2
2
-2
-9
-6
1
1
2
4
2
-3
-2
8
0
-11
2
1
-2
4
1
3
8
4
1
8
11
4
-4
-5
-3
-2
-4
-8
-8
-5
-4
-5
-7
-13
-16
-16
-13
-10
-14
-13
-10
-9
-4
-5
-8
-7
-10
-9
-9
-10
-7
-8
-12
3
0
-5
-3
-6
-7
-7
1
1
3
18
15
7
9
14
19
12
15
19
17
24
19
15
23
24
13
17
30
26
22
22
21
21
28
29
22
23
18
14
26
32
27
24
30
31
29
24
14
18
18
11
12
17
15
12
9
8
15
20
17
18
25
25
19
7
9
20
20
15
7
9
18
14
10
0
-2
9
8
4
2
-4
-2
8
7
0
-1
-5
-7
4
2
-9
-3
-3
0
0
-1
9
9
12
3
-3
1
-2
0
5
3
4
0
-5
6
10
3
-1
2
4
1
-1
-6
-2
5
3
-2
-8
-2
4
1
-5
-6
8
3
-3
-8
-9
-3
-2
-5
-7
8
8
0
-7
-6
2
-1
2
-8
-9
-3
-11
-6
-2
0
1
-4
1
4
-3
0
0
-8
-7
1
-1
-7
-8
-14
-11
-6
-12
-17
-14
-5
-7
-11
-10
-15
-9
-4
-15
-10
-6
-10
-7
-22
-18
-3
-14
-4
1
-16
-10
-12
-19
-15
-12
-11
-11
-17
-13
-11
-7
-7
-19
-12
-7
-19
-15
-14
-13
-13
-23
-14
-10
-9
0
1
0
3
8
6
-6
-1
5
6
6
3
-2
-5
5
1
-7
3
5
11
12
-4
2
12
4
6
9
12
17
9
12
11
6
9
0
4
16
10
9
-5
-8
4
-3
-1
-4
-12
6
-1
-10
7
4
-1
4
1
3
-1
-9
-6
-5
-4
1
-4
-4
-7
-10
-6
-4
-2
-3
-1
-4
-10
-7
-13
-12
-6
-13
-16
-9
-7
-8
-3
-6
-8
-3
-3
-3
-1
-5
-3
-1
-10
-9
-4
2
0
1
-3
-4
2
-5
-7
-7
-2
-2
5
2
0
12
-2
-4
4
0
-1
-1
5
12
18
13
5
5
1
-2
-5
0
2
2
3
7
8
1
0
1
-2
-9
-11
-2
-1
0
5
7
3
5
9
2
9
16
8
4
-1
-7
-1
-4
-9
-3
-2
3
8
7
9
13
14
10
16
15
13
11
9
15
11
10
16
15
12
9
15
15
7
9
12
17
15
13
12
15
19
12
10
5
4
3
-5
1
-3
-4
3
8
12
6
8
9
10
13
6
13
15
9
9
15
13
6
8
3
6
7
-4
2
6
5
6
11
6
-5
0
0
-6
-5
-4
-5
0
5
2
6
5
-7
3
11
6
6
8
9
5
3
3
-5
-8
-3
0
4
-6
1
-6
-9
0
-10
-3
1
-7
-2
-5
-13
-7
-6
-7
-7
-14
-8
-8
-14
-9
-14
-23
-18
-16
-18
-15
-18
-13
-11
-18
-14
-15
-15
-15
-20
-21
-12
-12
-10
-14
-22
-16
-14
-12
-13
-21
-23
-19
-24
-21
-13
-17
-20
-20
-18
-11
-15
-19
-16
-20
-16
-6
-9
-13
-11
-11
-18
-24
-16
-14
-13
-3
-6
-4
8
1
-6
-1
-4
1
1
4
13
4
1
-3
-4
-2
-6
5
-4
-2
13
4
5
4
3
6
6
13
7
4
15
9
1
7
4
4
11
10
4
7
5
-1
3
8
7
5
8
7
1
5
6
11
20
10
12
10
2
6
-1
1
11
14
11
7
13
13
5
1
3
4
3
2
6
10
7
9
7
4
8
11
8
2
0
7
5
2
8
6
2
-1
8
5
0
11
14
15
10
6
4
1
8
12
7
6
9
-2
-8
1
3
-1
-5
-5
1
3
4
-3
1
5
2
7
4
6
11
3
0
2
8
13
8
6
6
3
0
-3
-3
-3
3
-1
-1
4
2
12
16
10
10
9
8
9
3
2
13
13
8
9
10
5
13
14
0
3
7
10
12
15
11
9
19
17
16
15
9
11
7
2
4
0
-3
-2
-5
-6
-3
-3
-4
-9
-13
-11
-10
-5
-5
-13
-16
-17
-8
-7
-16
-10
-6
-5
5
4
-8
-12
-10
-4
-7
-11
-11
-14
-17
-7
-4
-20
-16
-13
-23
-18
-16
-13
-10
-15
-11
-16
-25
-26
-25
-16
-25
-22
-14
-22
-18
-16
-6
-4
-16
-13
-9
-12
-24
-23
-16
-15
-11
-14
-8
-10
-16
-9
-11
-10
-13
-13
-9
-12
-11
-8
-5
-8
-2
-4
-7
-10
-17
-4
-1
-2
-6
-6
-4
-14
-7
-6
-14
-10
-13
-10
-6
-3
-1
-5
0
0
-5
4
4
1
7
8
10
13
17
14
8
11
16
15
14
18
18
12
13
16
16
12
12
17
16
17
18
18
17
26
25
23
34
26
31
26
16
30
28
18
23
28
30
30
32
35
32
28
21
20
27
28
24
14
20
22
21
22
20
25
17
17
21
16
21
25
22
18
23
18
14
12
9
11
3
-3
4
2
5
5
-2
0
2
0
-8
-15
-10
-10
-12
-11
-10
-13
-9
-4
-14
-12
-10
-18
-19
-19
-21
-19
-15
-16
-21
-20
-21
-21
-24
-28
-24
-21
-26
-30
-31
-27
-23
-29
-27
-29
-32
-27
-33
-32
-26
-25
-28
-31
-23
-20
-26
-26
-29
-27
-28
-33
-24
-27
-29
-23
-27
-23
-23
-25
-28
-35
-29
-28
-22
-16
-17
-16
-14
-3
-6
-12
-7
-10
-9
0
0
2
7
1
1
6
-4
-2
0
-3
-5
-9
3
8
11
11
7
15
13
22
22
11
16
9
8
16
12
17
17
21
29
26
24
23
18
23
26
27
34
31
29
29
24
23
17
12
16
18
22
31
26
21
24
19
14
16
20
14
13
12
-1
4
6
11
10
7
18
11
3
0
-3
-4
0
8
-1
-4
-2
-5
0
-4
-1
-1
-7
-10
-11
-9
-12
-11
-15
-15
-10
-12
-14
-20
-15
-12
-19
-18
-15
-13
-20
-26
-21
-15
-15
-11
-17
-20
-18
-26
-22
-26
-22
-12
-18
-19
-12
-13
-19
-17
-12
-7
-4
-8
-10
-8
-2
-1
-5
-8
-6
-11
-11
-10
-11
-11
-13
-6
-7
-9
-5
-12
-12
-5
-3
3
4
-3
-3
1
0
-5
0
3
0
9
6
6
12
9
14
17
21
19
10
12
13
9
15
21
20
22
25
26
21
23
21
22
25
15
14
21
14
16
27
27
25
23
30
28
20
26
20
25
22
21
30
16
22
23
12
12
17
20
22
21
7
0
2
5
4
12
12
0
3
0
-1
-4
-7
-3
-8
-7
-11
-16
-15
-19
-22
-17
-21
-25
-12
-25
-29
-25
-27
-20
-27
-20
-15
-24
-27
-25
-27
-28
-28
-39
-30
-29
-32
-21
-27
-27
-28
-29
-25
-28
-24
-28
-19
-16
-27
-20
-17
-22
-21
-28
-25
-14
-15
-12
-6
-9
-14
-9
-6
-9
-9
-1
0
4
4
-6
-4
9
8
5
14
10
0
5
14
16
12
13
16
21
20
20
17
19
25
21
20
22
16
16
23
23
22
19
27
29
21
20
23
22
26
26
19
30
35
30
24
22
27
28
28
20
19
23
19
23
19
16
16
12
13
15
16
6
9
17
9
9
11
9
9
11
12
14
17
8
9
7
3
4
6
7
3
4
-4
-10
-5
-5
-12
-6
1
-9
-9
-6
-12
-14
-21
-29
-23
-26
-30
-26
-26
-21
-15
-12
-16
-23
-25
-31
-27
-29
-32
-25
-24
-24
-26
-28
-33
-33
-22
-23
-22
-21
-33
-32
-24
-24
-25
-21
-25
-28
-19
-19
-29
-32
-28
-27
-18
-13
-22
-14
-11
-14
-9
-12
-7
0
-4
-6
-2
-6
-6
6
8
12
15
7
11
20
15
20
34
30
22
26
25
25
33
30
23
28
29
32
29
23
28
28
22
24
37
35
28
28
24
25
20
21
28
33
31
31
37
35
35
32
39
35
26
37
38
33
30
31
26
22
29
21
19
20
22
24
18
11
11
6
7
10
6
12
9
7
10
-2
-8
-14
-13
-9
-9
-5
-7
-12
-11
-17
-23
-15
-10
-14
-17
-19
-21
-21
-13
-22
-25
-19
-19
-15
-11
-19
-26
-21
-27
-27
-21
-27
-30
-30
-31
-29
-28
-29
-31
-30
-31
-32
-27
-28
-24
-24
-30
-26
-26
-27
-25
-27
-29
-24
-17
-25
-24
-23
-24
-15
-11
-14
-15
-12
-12
-12
-9
-7
-13
-15
-21
-21
-11
-18
-7
-4
-8
4
-4
-3
-2
-9
-4
3
10
2
-2
9
13
12
14
16
14
13
12
16
19
13
5
11
16
16
19
18
19
18
17
16
12
17
15
17
22
21
23
21
20
17
16
17
17
16
14
16
12
10
15
10
9
6
5
7
12
8
2
12
6
-5
4
4
3
4
-1
4
6
1
-1
-4
-2
-2
-5
-12
-7
-3
-11
-9
-7
-7
-10
-13
-15
-21
-17
-13
-19
-19
-25
-27
-18
-18
-15
-15
-21
-14
-16
-20
-18
-18
-23
-20
-20
-23
-25
-25
-12
-13
-19
-12
-15
-21
-19
-19
-20
-20
-17
-17
-21
-15
-16
-14
-8
-18
-16
-5
-13
-9
-6
-11
-8
-7
2
-1
2
5
2
6
5
7
5
1
10
15
11
10
18
19
22
24
24
34
28
14
26
28
27
31
26
26
36
36
29
29
32
31
27
26
28
29
33
32
32
35
32
38
34
28
35
37
37
37
36
31
28
28
30
29
26
25
20
16
16
16
7
16
20
21
31
26
25
17
14
12
4
8
2
1
4
-3
3
11
6
8
3
-1
-2
-8
-4
-3
-8
-7
-12
-15
-17
-18
-9
-19
-25
-21
-20
-19
-24
-31
-33
-22
-22
-30
-27
-24
-27
-30
-41
-33
-29
-42
-39
-42
-37
-31
-40
-41
-39
-42
-45
-37
-36
-41
-38
-41
-41
-38
-43
-43
-35
-38
-38
-25
-31
-37
-34
-34
-28
-29
-31
-30
-32
-29
-20
-16
-14
-16
-19
-17
-20
-14
-12
-13
-5
-6
0
5
3
2
9
14
11
13
14
17
18
20
21
14
22
27
17
27
36
30
38
47
42
41
39
31
27
28
25
29
39
45
46
45
45
44
47
39
38
41
40
42
45
46
46
48
49
48
49
42
32
32
24
22
28
32
43
29
26
34
19
17
14
11
14
11
5
3
7
0
0
0
-10
-6
-8
-12
-9
-13
-16
-15
-21
-15
-17
-23
-23
-30
-30
-27
-31
-31
-34
-42
-41
-36
-39
-38
-40
-45
-42
-47
-45
-45
-52
-47
-40
-49
-49
-46
-55
-46
-47
-53
-51
-56
-60
-52
-50
-59
-56
-53
-46
-49
-52
-46
-48
-46
-40
-38
-37
-42
-38
-39
-34
-23
-35
-25
-17
-25
-17
-18
-17
-11
-6
-5
-7
1
-3
1
7
0
4
4
10
17
17
29
31
28
29
33
37
40
49
47
45
54
54
53
57
56
55
54
56
63
64
63
66
69
70
69
62
62
70
69
71
73
63
68
72
64
67
67
66
65
52
61
66
59
63
58
56
60
48
49
51
44
45
40
37
35
35
33
29
31
19
16
19
7
10
7
-1
-4
-3
2
2
4
-2
-6
-7
-19
-15
-10
-19
-24
-22
-27
-30
-30
-33
-38
-42
-33
-34
-43
-38
-43
-42
-42
-50
-44
-45
-53
-46
-46
-50
-46
-49
-53
-50
-53
-51
-50
-54
-49
-49
-51
-59
-56
-47
-55
-52
-43
-47
-46
-47
-39
-29
-42
-33
-31
-33
-25
-33
-26
-27
-36
-27
-23
-26
-28
-13
-9
-12
-8
-19
-17
-11
-13
-14
-18
-16
-9
-6
-5
-3
-1
6
2
1
3
13
24
21
30
23
14
21
16
26
27
17
27
21
21
32
23
31
27
25
29
22
34
37
34
31
22
28
25
25
24
28
32
23
26
27
24
23
16
18
13
9
14
7
17
21
7
17
20
11
10
10
9
9
9
5
4
1
-5
-2
5
6
1
-4
-8
-2
-2
-8
-5
-1
-21
-10
-5
-20
1
-11
-15
-11
-11
-6
-25
-15
-21
-22
-2
-30
-13
-13
-31
-8
-20
-16
-13
-13
-12
-25
-15
-18
-22
-17
-19
-17
-17
-18
-15
-17
-16
-20
-24
-11
-15
-11
-5
-18
-14
-10
-14
-9
-12
-4
-11
-4
1
-12
7
-3
0
19
3
8
9
5
9
1
3
11
10
12
12
19
23
18
21
22
21
19
18
22
16
18
25
22
27
29
28
25
25
22
18
26
20
37
39
19
27
38
40
41
53
32
18
35
27
35
40
29
45
48
29
29
43
42
31
37
27
26
35
25
30
27
19
23
20
27
30
9
19
22
4
19
26
19
10
7
6
-1
7
4
-5
4
-7
-5
1
-8
8
8
-1
-4
-7
-12
-19
-16
-12
-7
-10
-11
-10
-11
-6
-10
-21
-32
-32
-23
-16
-19
-30
-30
-31
-31
-27
-27
-27
-34
-32
-39
-40
-29
-38
-37
-29
-30
-31
-33
-34
-32
-38
-45
-40
-38
-34
-33
-34
-40
-50
-40
-40
-29
-18
-32
-32
-36
-38
-36
-39
-28
-27
-24
-24
-23
-28
-38
-34
-40
-35
-29
-38
-28
-26
-33
-29
-34
-30
-17
-15
-11
-10
-16
-24
-21
-13
-14
-9
-6
-12
-2
3
0
8
14
10
5
11
9
12
10
8
18
16
19
19
20
30
23
20
23
27
24
17
31
39
25
37
40
25
34
41
34
32
35
32
38
43
37
38
40
43
41
38
37
33
35
36
33
35
29
28
43
34
31
38
30
29
29
34
37
29
27
27
34
34
36
31
20
18
21
19
6
10
20
14
15
26
11
3
11
6
7
6
0
4
8
5
1
-2
6
5
-1
-3
-8
-7
-13
-7
-6
-14
-2
3
-6
-15
-12
-8
-9
-11
-16
-11
-21
-21
-13
-19
-14
-12
-12
-21
-28
-22
-26
-32
-30
-23
-23
-19
-15
-24
-37
-33
-26
-28
-25
-20
-24
-22
-15
-10
-14
-14
-19
-23
-12
-19
-9
-10
-19
-11
-23
-17
-12
-23
-20
-12
-6
-15
-6
-3
-8
6
-7
-9
8
-6
-13
3
5
1
6
-7
-5
8
-4
-10
-3
-3
-2
3
9
5
-4
-1
6
7
8
4
6
11
-5
-3
5
-10
-3
5
-4
0
7
1
-8
-5
-6
-19
-8
-7
-5
-1
-13
-6
-8
-8
4
-4
-12
-5
-8
-15
-3
-7
-16
12
2
-15
5
-5
-15
-1
12
-9
-15
-4
-19
-8
1
-1
-1
-14
-10
-11
-18
-8
-7
-11
-14
-17
-20
-6
13
1
4
10
-15
-8
3
-1
2
-4
1
-6
-13
2
-14
-16
3
-5
-14
7
29
1
-4
20
-17
-14
33
18
10
17
-2
-14
-1
14
17
22
17
1
7
14
16
21
19
9
19
25
9
35
36
8
36
20
-25
34
56
-15
25
83
-15
-19
96
21
-47
66
33
-56
41
61
-27
25
68
-12
-1
74
29
4
59
13
-18
50
24
-11
43
17
-25
20
19
-10
11
32
7
1
23
6
4
21
1
8
32
2
-45
5
43
-36
6
71
-55
-66
43
-12
-49
47
39
-91
-50
63
-21
-31
91
23
-86
-5
23
-47
16
30
-61
-27
-30
-86
27
20
-106
3
23
-137
17
144
-70
-31
88
-71
-36
112
43
-27
-24
-58
-53
-18
-31
19
27
-120
-80
45
-90
-78
114
-11
-164
16
112
-67
14
188
-60
-140
82
-34
-191
-26
11
-117
-122
-33
38
-45
-44
143
22
-138
145
124
-255
-9
224
-230
-187
294
-29
-350
134
207
-313
-176
315
-15
-396
141
290
-330
-144
386
-15
-275
247
305
-238
-216
256
30
-455
41
442
-327
-377
496
39
-510
351
382
-428
-36
383
-139
-159
248
205
-30
-174
104
301
-222
-79
590
-120
-669
280
238
-733
-41
681
-437
-539
718
224
-561
446
603
-487
-153
507
-180
-387
239
57
-305
13
184
88
3
11
310
213
-209
147
328
-217
-49
340
-93
-280
152
133
-141
142
216
-181
-30
208
-127
-170
143
-1
-239
21
106
-111
189
271
-139
130
285
-185
13
234
-137
-18
155
-80
-19
58
-48
-29
-194
-199
116
-155
-312
311
98
-357
454
414
-306
360
152
-857
-111
3
-827
-44
45
-968
-41
679
-365
183
1224
-26
-398
596
-325
-893
141
-145
-479
355
134
-299
286
144
-335
174
106
-693
-471
-186
-589
-148
524
319
238
380
327
115
-175
-182
-356
-808
-600
-279
-231
252
589
416
556
595
201
313
152
-708
-436
-40
-888
-367
827
97
-6
1048
407
-186
680
301
-693
-226
-170
-658
30
491
354
685
508
311
909
614
99
645
361
-310
479
864
464
1024
1113
237
266
202
-599
-605
-911
-1968
-1828
-1523
-1914
-1087
-76
-393
-102
798
588
583
1368
1151
654
980
790
426
800
769
364
208
-271
-811
-910
-1220
-1698
-1704
-1708
-1923
-1517
-797
-380
133
609
810
1059
1359
1509
1394
1089
815
383
-218
-795
-1433
-1791
-1724
-1873
-2187
-1839
-1247
-1278
-833
344
466
354
1300
1450
795
1146
1436
805
492
489
45
-173
-103
-290
-276
-375
-721
-432
-229
-329
284
708
585
951
1420
1573
1823
1978
1849
1530
1048
979
1347
1160
850
1320
1364
842
1628
2519
1239
-1178
-3481
-4646
-4300
-4687
-4849
-2817
-2786
-4326
-1007
2994
1908
2886
6846
4252
-249
2281
3903
348
85
2192
95
-2246
-530
715
-1082
-2110
-1841
-3578
-5871
-5091
-2970
-2949
-3216
-991
1082
1154
2617
5558
5708
3711
3078
2693
887
30
786
267
-1261
-1256
-601
-975
-1065
-400
-1323
-3564
-4111
-3387
-3478
-3413
-2015
-586
-162
324
1735
3028
3177
2593
2129
1558
305
-410
-1
-242
-899
-591
-684
-1458
-927
-190
-1086
-1550
-941
-1311
-1614
-437
486
659
1450
2513
2669
2633
3308
3510
2570
1813
1571
868
119
239
466
358
633
636
118
419
728
264
641
1212
897
1542
1867
-1449
-4239
-2324
-1833
-4965
-4090
-815
-3118
-5447
-732
2631
135
1607
6200
3287
-868
2502
4264
192
-461
2247
403
-2937
-953
1497
-988
-2788
-1229
-2044
-5085
-4376
-1447
-2121
-3557
-1012
1103
254
1480
4628
4630
2470
2239
2602
1055
146
990
700
-579
-597
259
496
207
257
-469
-2754
-4182
-4392
-6003
-7135
-4699
-2295
-2200
-342
2697
3545
4473
5739
5043
4168
3460
1348
-398
-907
-1539
-1898
-2089
-2589
-1666
-584
-1595
-1535
-78
-836
-1474
-28
505
543
2131
3596
3609
4011
5327
5027
3503
3114
2397
572
-484
-880
-1096
-562
81
123
179
716
1197
1525
1788
1474
-698
-5318
-7598
-4765
-4157
-6139
-2633
432
-3362
-2759
4449
4644
997
4946
6642
-680
-2403
3287
2594
-1861
-116
2370
-1003
-3083
396
1287
-2682
-3899
-2580
-4774
-7045
-3582
-199
-2185
-2437
1946
3435
2201
4559
7369
5014
1478
1539
1645
-429
-684
738
-143
-1761
-885
638
326
-228
-382
-3335
-8062
-8386
-5436
-5240
-4614
-255
1510
597
3645
7354
7080
6280
5341
2137
-600
-1458
-2064
-2354
-2573
-2996
-2552
-2208
-1722
609
1198
-1146
-1321
-360
-1458
-783
2148
2699
1995
3677
5362
4507
4702
6214
4114
881
795
269
-1439
-984
292
221
-156
670
1588
1130
1716
3096
1233
-3246
-7407
-8516
-5877
-5261
-6779
-2830
816
-4054
-4192
5885
6976
468
4654
7979
-775
-3048
4352
4142
-1425
-284
2347
-1564
-4055
428
1774
-3275
-5371
-3717
-5041
-7617
-4475
521
-1067
-3386
905
4307
2871
4169
8167
6576
1368
1113
3013
1084
-261
1540
873
-2197
-1710
714
-322
-2330
-3286
-6636
-9802
-8128
-5241
-4367
-2700
462
2235
3165
5961
8652
8393
6109
3396
1234
-364
-1868
-2318
-2378
-3414
-3776
-2715
-1851
-978
550
586
-1219
-1292
323
459
650
2541
3239
2444
3470
5367
5152
4620
4900
3172
919
1155
1549
691
49
-339
-427
91
289
134
512
620
-252
-842
-3307
-8424
-8057
-3055
-5170
-7891
-858
1519
-5530
-2049
8461
5335
18
7028
8432
-1220
-1536
5835
3206
-3783
-1532
2029
-2738
-5535
-269
1170
-4439
-5895
-2396
-3501
-6842
-3019
1875
-1027
-2794
2755
5465
2821
4344
8728
6300
858
1606
3527
450
-1427
431
-770
-4513
-3784
-1220
-2690
-4078
-3589
-5801
-7331
-4292
-1966
-1751
148
2803
3728
3803
5079
7122
6290
2377
571
810
-1361
-3540
-2550
-2194
-3630
-3298
-1724
-1458
-820
1198
1164
-593
800
3279
2234
1477
3490
3662
1916
2627
4159
2918
1727
2738
2421
1171
2501
3591
1474
-325
-157
-614
-1266
-776
-954
-1588
-1130
-418
-1064
-4829
-7295
-3280
-2415
-7822
-4889
1307
-4134
-6635
3669
6391
-292
3837
10780
3628
-2309
4463
6345
-1948
-3856
1085
-1189
-6800
-3764
884
-2370
-5413
-2489
-1608
-5165
-4403
795
591
-2988
-417
4154
3343
2766
7260
9215
4497
1978
4253
2808
-1549
-1990
-1838
-5356
-7864
-5897
-4322
-5184
-3819
-2266
-3872
-2577
1409
1370
1014
4207
5244
2833
2498
4316
4278
1939
-658
-1054
-327
-2347
-3592
-1194
-1155
-2905
-1766
-954
-960
1432
3194
1623
1146
3710
3629
1201
2653
4255
1611
531
2361
2257
1625
3348
4202
2437
1966
3483
3030
439
-1049
-1217
-1923
-2760
-1446
615
-3097
-9849
-7144
-1400
-6641
-8202
1325
-1453
-11393
-2390
7768
140
109
12009
8147
-3045
2550
10062
2616
-3308
1931
1763
-6749
-6842
-26
-1012
-5983
-4862
-2620
-5526
-6818
-1273
1558
-3113
-3280
3136
3826
1602
6775
11530
6889
2426
4677
4383
-799
-1946
-966
-5236
-8921
-6306
-4425
-5155
-2649
-897
-3349
-2396
1635
1639
1302
3768
3873
1670
1646
3228
3818
2807
941
-63
-7
-1088
-2111
-562
193
-1277
-1003
420
525
1380
2910
1809
-113
1079
1307
-1935
-1865
829
-290
-888
2320
3737
3008
4188
5591
4469
3223
3336
3051
1630
-478
-1051
315
-239
-948
671
-1382
-6878
-7673
-5280
-6202
-6742
-3569
-4258
-7662
-3369
2321
2082
3929
7004
4956
2681
3192
3749
3456
2385
664
-1399
-2364
-2197
-1892
-1011
-1761
-4332
-4912
-5219
-6117
-4234
-2103
-2700
-2225
876
2413
3191
6249
6848
3767
1953
424
-965
-521
-977
-2017
-1744
-1403
-1338
-385
1898
2516
43
-1335
-1268
-2081
-1737
-431
-565
-676
328
1052
1681
3036
3591
2567
1568
1086
500
569
1500
1246
-155
179
1023
557
1378
2046
745
825
1150
-20
610
1634
956
1301
2144
2119
3127
4809
4568
2855
2648
3301
2030
2084
1829
-6039
-11280
-5781
-5670
-10694
-4908
-1421
-9394
-7932
2314
1622
-747
6220
7280
-945
-1926
4588
5130
1144
1944
3494
45
-2068
287
1820
-277
-3966
-6271
-8030
-10202
-8485
-4623
-5310
-6236
-1953
1569
1891
5220
9648
7873
3647
3333
3055
705
909
1809
-1191
-3242
-1048
-605
-2044
-533
-638
-4928
-6055
-3325
-2540
-2263
231
1896
1693
2660
4677
5548
5703
4265
864
-466
169
-997
-1405
421
777
122
754
2044
3560
4287
2648
-20
-952
-348
-562
-540
929
1216
767
1857
3036
4306
5673
4340
1937
1434
972
342
862
842
1345
3320
1345
-4082
-5016
-3145
-5205
-8425
-8304
-8120
-10231
-8816
-2129
1442
1732
5706
8132
4954
4403
7024
5431
507
-1730
-1140
-2355
-4108
-2206
-140
-1628
-3726
-4437
-4799
-5315
-5529
-5669
-6597
-7026
-4788
-1193
1497
4642
8425
8806
6263
5864
6369
4115
837
-1638
-3969
-5833
-5966
-4340
-2550
-1363
-929
-1542
-1451
159
966
387
52
608
1358
1822
3016
4904
5285
3543
1709
1320
1202
-91
-1185
-1288
-1647
-1249
1062
2679
3027
4532
5032
2723
1770
2763
1888
53
-331
-209
-145
441
1334
2454
3401
3081
2632
3084
2704
2287
3214
2791
1470
681
-2969
-6884
-6064
-5494
-8092
-8678
-8097
-9732
-8854
-3395
75
825
3887
6303
4072
2692
5575
6636
3808
1739
1215
337
-515
-621
-100
-523
-3021
-5854
-7396
-7979
-8104
-7981
-7961
-7742
-6197
-2917
482
3477
6698
7815
6098
5567
6342
5200
3523
2814
1334
-744
-1523
-1056
-717
-1005
-2218
-4544
-5687
-4291
-3312
-3417
-2054
-100
1134
2908
4684
5698
6734
6109
3626
2646
2566
952
-436
-410
-464
-698
243
2194
3149
3266
3876
3443
1840
1567
1786
670
-484
-79
895
806
1269
3199
3512
2495
3173
3380
2040
2387
3180
1526
-332
-819
-2908
-6831
-7199
-4809
-7213
-10402
-7774
-6900
-9270
-5271
571
-324
-398
3935
4619
2616
3757
5834
5214
2459
1207
1629
826
73
-102
-1241
-2580
-4298
-5883
-6316
-7040
-7476
-7101
-7931
-8264
-5427
-2072
-267
1768
3990
4627
4405
4712
5164
5072
4511
3040
909
439
1372
712
-458
-507
-1973
-4035
-3843
-3566
-3973
-2768
-1691
-1918
-365
2581
3390
3211
4210
3960
1997
1880
2508
875
163
1760
1676
1121
3365
4957
4275
4360
4733
3937
3095
2491
1780
864
-399
-993
-248
394
647
1897
2648
1745
2040
3740
3717
2640
2710
1404
-3794
-7842
-5564
-3387
-7379
-8855
-5356
-7546
-10340
-3575
1665
-687
798
4614
1733
-657
2824
4349
1614
0
1017
819
-886
618
3443
2287
-897
-2481
-2806
-4300
-6278
-5617
-5296
-8220
-8743
-4989
-2579
-1361
1662
3014
1191
994
3026
3354
2199
2120
2103
475
-112
2004
3015
2214
2073
661
-1612
-964
24
-1404
-1787
-757
-1092
-1196
545
2188
2713
2431
1445
661
821
882
50
-331
354
766
1059
2335
4054
5767
6621
5622
4862
5139
3962
2032
1681
1592
433
-46
787
1248
1572
2609
2707
2086
2686
2687
920
-761
-3091
-5927
-6151
-5312
-6864
-7807
-5883
-5869
-7576
-4727
-510
-857
-981
1755
2003
284
1201
2896
2349
1336
1356
987
263
517
573
-485
-1177
-1313
-1875
-2602
-2838
-2762
-3157
-4395
-5249
-4458
-3521
-3587
-2885
-1599
-1516
-1247
485
1728
1485
1422
1875
1536
1114
1950
2843
2485
1721
1285
991
1073
1247
1071
1182
1232
835
1293
2139
1921
1844
2370
1689
220
130
596
-488
-1693
-1021
-194
-374
176
1700
2805
3576
4639
5444
5442
5008
4587
4005
3125
2621
2708
2160
1053
1215
2314
2415
1740
1361
460
-1212
-2143
-2495
-3331
-4091
-4311
-4731
-5773
-6111
-4725
-3586
-3856
-3738
-3029
-2754
-2237
-1436
-1003
-383
83
-563
-1395
-1083
-218
-36
-314
-426
-461
-243
173
279
385
542
-115
-1312
-1891
-2119
-2459
-2526
-2723
-3069
-2550
-1540
-944
-476
-20
154
18
-270
-121
372
365
223
497
872
1201
1552
2021
2457
2421
1919
1413
1253
1267
1125
1045
1273
1565
1597
1732
2184
2202
1594
954
315
-532
-1067
-913
-593
-214
669
1932
2966
3463
4111
4657
3697
2267
2018
1777
729
233
541
613
573
1057
1766
2201
2150
1433
483
-74
-637
-1620
-2211
-1983
-1934
-2576
-2843
-2077
-1219
-1090
-1370
-1468
-1628
-2343
-3015
-3223
-3402
-3503
-3720
-4162
-3705
-2320
-1353
-1104
-1070
-936
-669
-735
-1094
-825
-306
-713
-1392
-1182
-443
-32
-231
-550
-391
-167
-272
48
1000
1593
1419
1254
1399
1031
648
1169
1062
-108
-336
188
-89
-513
38
655
426
231
678
1260
1646
1904
2017
1836
1512
1461
1651
1599
1247
885
534
374
561
746
698
725
970
1061
1045
1375
1808
1560
695
316
574
585
488
792
1166
1472
1892
2125
2122
2348
2339
1148
-511
-1049
-883
-1448
-2138
-1792
-1239
-1521
-1897
-1349
-237
197
-441
-910
-866
-1263
-1686
-1771
-1975
-2067
-2130
-2499
-2725
-2225
-1494
-1714
-2502
-2579
-2285
-2321
-2320
-2060
-1569
-1174
-1470
-1664
-890
-403
-879
-1019
-598
-515
-439
119
854
1373
1323
1071
1111
1153
1169
1314
1312
1157
901
732
1147
1619
1593
1470
1164
787
690
569
677
973
865
821
1168
1437
1722
2225
2378
1922
1467
1384
1231
752
626
956
922
862
1443
1821
1277
749
690
161
-594
-586
-264
-408
-498
299
1372
1828
2089
2277
1850
944
22
-716
-1388
-2124
-2608
-2743
-2724
-2214
-1297
-584
-75
299
376
-84
-914
-1325
-1511
-2230
-2939
-2822
-2078
-1480
-1232
-648
165
71
-676
-943
-1196
-2007
-2498
-2605
-3027
-3078
-2309
-1836
-1842
-1348
-560
-352
-500
-170
452
655
647
1018
1584
1648
1326
1361
1482
1205
959
854
610
525
827
990
948
1295
1668
1353
1033
1354
1335
670
557
1094
1173
888
1244
1899
1906
1479
1366
1497
1210
613
310
334
418
405
439
654
759
732
569
50
-124
359
262
-383
-151
702
1052
953
1185
1685
1454
435
-538
-1028
-1117
-1393
-2000
-2166
-1716
-1271
-966
-587
-339
-363
-665
-1162
-1313
-1100
-1071
-1266
-1449
-1353
-877
-378
-59
138
217
99
-533
-1289
-1278
-1167
-1696
-2008
-2003
-2216
-2085
-1374
-794
-652
-538
-325
-434
-531
-45
507
716
813
986
1209
1293
1366
1514
1232
595
400
524
226
-23
491
863
412
198
843
1278
947
753
1010
975
853
1228
1338
963
1069
1308
783
256
588
938
304
-333
146
679
465
435
902
968
369
47
229
17
-371
-241
-204
-476
-207
444
556
454
721
683
85
-490
-836
-1013
-1359
-1870
-2055
-1955
-1634
-1088
-767
-718
-692
-660
-710
-1018
-1351
-1337
-1371
-1596
-1367
-629
147
656
911
1080
965
490
-18
-589
-1284
-1820
-2108
-2217
-1978
-1293
-565
-157
141
554
781
716
758
928
767
455
384
332
328
579
845
770
496
492
629
526
457
594
520
326
388
581
870
1174
1255
1257
1227
1123
1016
774
532
476
351
201
214
209
310
568
492
169
247
609
642
387
429
740
694
399
378
374
80
-85
-4
-92
-154
118
153
-299
-458
-233
-410
-924
-1173
-1193
-1326
-1546
-1672
-1607
-1398
-1260
-1180
-1098
-1044
-955
-989
-1145
-1108
-865
-658
-626
-504
62
670
871
943
1025
927
477
-234
-617
-645
-976
-1366
-1190
-804
-603
-241
417
834
848
944
1092
913
734
846
845
631
554
702
886
834
659
588
328
-116
-247
-156
-271
-321
-9
255
411
839
1356
1450
1226
1129
1041
683
386
377
206
-142
-160
-10
-112
-228
39
329
70
-237
14
148
-161
-123
311
357
147
388
677
476
358
562
438
-21
-158
-59
-289
-642
-534
-355
-699
-1082
-1114
-1202
-1481
-1666
-1731
-1752
-1630
-1423
-1309
-1159
-794
-474
-477
-454
-194
-150
-322
-165
217
333
264
300
427
358
54
-149
-313
-694
-1042
-1134
-1050
-795
-451
-63
458
934
1325
1764
1976
1927
1919
1777
1343
993
888
724
440
413
618
459
69
80
204
61
-82
-182
-191
-4
167
305
511
808
1106
1098
914
979
907
333
-125
-199
-349
-646
-761
-710
-723
-654
-430
-399
-366
59
290
16
58
494
534
275
323
518
376
23
-49
53
-84
-262
-310
-499
-778
-899
-991
-1225
-1343
-1212
-1213
-1385
-1379
-1227
-1177
-1228
-1141
-848
-583
-513
-449
-206
35
73
-14
33
123
-22
-172
-208
-231
-184
-227
-429
-618
-700
-726
-753
-711
-567
-333
3
342
724
1289
1655
1643
1673
1732
1587
1403
1315
1278
1128
844
764
801
775
817
779
634
454
197
119
238
206
166
307
364
419
711
905
804
695
590
264
-182
-419
-508
-723
-926
-949
-958
-856
-506
-359
-546
-492
-268
-349
-434
-158
77
-64
-96
190
269
118
160
260
108
-125
-175
-330
-758
-945
-865
-1067
-1361
-1313
-1224
-1412
-1492
-1227
-1053
-1026
-686
-263
-157
12
388
621
580
484
515
371
57
-23
-24
-179
-304
-379
-455
-549
-623
-572
-575
-685
-593
-331
-128
153
589
909
1028
1169
1320
1279
1170
1159
1019
713
539
533
497
483
688
891
823
701
689
616
528
534
469
310
201
261
517
752
840
922
955
818
599
342
38
-265
-575
-883
-984
-845
-663
-522
-414
-320
-218
-135
-73
-94
-238
-305
-249
-292
-298
44
383
263
-2
89
296
134
-104
-197
-455
-794
-892
-892
-1039
-1051
-879
-1003
-1310
-1218
-806
-638
-698
-512
-160
-45
30
352
599
577
501
437
281
167
198
90
-209
-301
-175
-220
-399
-382
-283
-407
-553
-350
7
109
185
525
783
782
840
986
910
708
660
574
437
489
573
492
388
497
696
655
467
378
318
178
49
13
97
221
276
342
481
719
889
716
528
522
298
-35
-189
-252
-286
-385
-484
-446
-360
-252
-262
-425
-335
-108
-195
-223
93
202
20
38
227
285
197
151
134
-18
-148
-204
-421
-642
-650
-748
-1076
-1206
-1045
-1022
-1163
-1096
-813
-674
-687
-504
-196
-84
-52
95
175
105
28
-61
-176
-224
-202
-208
-312
-372
-237
-179
-286
-239
-117
-131
-133
-102
13
269
419
477
547
526
485
438
347
303
251
141
89
183
393
552
606
692
694
508
422
433
324
198
127
11
-109
-85
74
231
320
324
231
121
65
33
-83
-260
-328
-321
-448
-594
-476
-274
-273
-336
-268
-224
-291
-250
-190
-283
-322
-237
-249
-303
-178
-38
-120
-235
-110
64
-23
-172
-142
-176
-407
-488
-388
-466
-586
-510
-536
-620
-423
-177
-125
19
281
344
325
432
437
306
232
141
14
-88
-50
66
45
82
280
330
267
302
354
344
250
194
380
591
629
661
728
748
667
545
475
399
288
185
116
149
333
472
469
516
609
609
580
557
462
370
281
88
-44
51
153
109
128
274
296
170
121
79
-102
-308
-510
-673
-671
-603
-577
-479
-350
-317
-271
-231
-297
-347
-363
-406
-425
-390
-373
-458
-481
-321
-260
-315
-256
-193
-236
-300
-314
-302
-288
-260
-297
-384
-385
-329
-321
-317
-265
-154
-58
-49
21
164
188
151
141
94
64
164
222
90
60
219
255
144
164
345
369
177
125
184
128
198
427
508
521
626
689
607
476
428
457
371
165
148
313
395
387
436
559
553
396
321
253
112
45
-76
-292
-289
-107
-45
-36
61
157
120
-22
-124
-158
-243
-439
-671
-791
-713
-577
-500
-375
-221
-167
-210
-337
-400
-368
-470
-610
-557
-479
-447
-359
-318
-312
-300
-328
-331
-309
-280
-257
-312
-378
-313
-179
-111
-71
-52
-95
-171
-262
-306
-223
-113
-60
-18
62
184
293
311
301
319
257
129
0
-85
-45
35
75
159
277
389
423
303
264
336
298
271
328
397
528
648
685
734
822
819
656
472
335
164
14
-3
26
32
122
257
306
352
448
478
362
176
110
83
-61
-163
-111
-86
-170
-142
-45
-153
-313
-296
-301
-469
-578
-518
-505
-548
-539
-507
-425
-312
-264
-256
-191
-151
-221
-260
-219
-201
-221
-252
-372
-482
-438
-405
-467
-376
-137
-44
-54
6
89
135
72
-43
-82
-128
-205
-181
-33
97
187
282
308
270
252
196
39
-65
-85
-194
-269
-115
58
102
193
295
253
221
300
275
166
143
164
161
218
402
564
647
738
781
739
641
505
389
306
186
96
172
295
339
407
456
408
390
454
443
318
236
172
45
-31
17
86
94
65
-61
-213
-255
-302
-432
-498
-520
-621
-692
-656
-569
-427
-341
-372
-380
-355
-341
-384
-421
-365
-373
-453
-455
-400
-371
-399
-435
-419
-419
-447
-397
-331
-340
-323
-282
-281
-259
-159
-86
-86
-23
44
58
105
156
173
150
77
3
-16
1
-13
-78
-88
-102
-232
-275
-153
-109
-135
-41
109
148
139
244
351
312
344
451
415
403
537
586
462
449
576
535
358
304
387
344
164
172
315
347
317
362
501
599
625
607
563
517
463
374
221
153
176
74
-78
-118
-56
-20
-99
-169
-102
-67
-180
-261
-252
-206
-223
-311
-322
-286
-199
-140
-244
-271
-149
-179
-321
-305
-198
-208
-333
-371
-303
-294
-309
-272
-228
-238
-250
-233
-234
-229
-193
-170
-202
-219
-140
-27
7
56
187
163
64
45
-1
-44
-108
-200
-199
-165
-202
-207
-99
10
14
-23
37
40
-74
-66
-46
-119
-89
24
95
177
298
414
462
425
439
452
297
94
45
71
-6
-67
48
203
244
237
322
392
347
304
243
112
63
71
-14
-83
-54
9
8
-90
-114
-47
-65
-187
-289
-323
-307
-338
-407
-357
-267
-216
-191
-224
-182
-97
-162
-268
-228
-122
-149
-210
-141
-48
-40
-86
-97
-80
-104
-159
-228
-254
-233
-273
-305
-247
-193
-115
-3
30
39
88
67
21
27
38
30
-1
6
14
10
43
24
9
67
64
-12
28
102
42
52
180
210
153
215
300
210
153
205
192
181
248
248
108
37
88
64
-10
41
167
140
33
66
153
165
177
254
310
258
195
178
136
90
99
74
-29
-18
84
24
-89
-31
86
79
-1
10
63
28
-64
-121
-82
-46
-62
-68
-53
-64
-73
-44
-51
-34
66
104
17
14
126
80
-45
-1
125
112
29
72
97
-12
-121
-150
-154
-177
-197
-210
-210
-179
-116
-46
-11
54
161
151
62
51
86
42
-58
-73
-12
15
9
19
57
81
51
4
10
68
82
53
52
80
122
171
198
229
304
305
160
62
108
94
-75
-162
-62
-10
-58
-47
45
128
132
105
114
145
169
140
48
21
84
82
4
-50
-8
24
-99
-169
-87
-58
-167
-245
-194
-169
-191
-145
-73
-45
-15
20
15
-4
46
88
3
-62
-12
42
1
-43
39
109
37
-51
-14
16
-86
-131
-87
-95
-114
-77
-38
-71
-95
-72
-94
-124
-90
-78
-143
-209
-233
-230
-239
-244
-141
-39
-66
-95
-59
-31
-60
-58
15
51
26
-19
-1
27
3
-18
-22
-9
-11
-48
-63
-50
-35
8
43
34
94
176
124
56
75
86
7
-68
-33
-5
-70
-111
-79
-69
-75
-36
-12
-31
-54
-72
-110
-156
-147
-96
-78
-115
-123
-85
-106
-142
-144
-146
-154
-165
-187
-212
-224
-200
-173
-173
-121
-26
27
15
13
85
137
115
92
141
173
85
43
93
106
71
43
72
78
58
68
74
79
82
67
48
76
120
116
86
81
101
73
5
18
85
57
-45
-61
1
5
-27
5
74
112
104
97
132
183
187
134
89
68
57
30
-23
-20
18
-1
-59
-62
28
72
11
-7
69
131
120
120
153
198
198
110
48
81
114
37
-62
-26
23
-30
-99
-95
-58
-76
-130
-148
-94
-59
-98
-123
-100
-65
-66
-93
-86
-47
-49
-135
-194
-143
-122
-183
-194
-121
-36
18
65
112
160
176
107
35
29
20
-35
-54
3
61
87
120
180
192
158
126
89
72
35
-19
-35
-16
19
37
78
161
183
114
33
9
-18
-87
-132
-123
-77
-67
-60
23
118
181
167
104
68
19
-66
-125
-143
-122
-83
-51
-8
67
134
120
56
14
-16
-57
-112
-150
-111
-53
-35
14
99
178
203
147
106
114
97
37
-49
-93
-77
-96
-137
-92
20
68
27
-9
-2
-17
-41
-32
-16
2
19
-8
-35
4
38
19
-1
-1
7
-8
-44
-48
-14
-3
-32
-40
-20
-2
1
-5
28
101
147
143
119
114
124
60
-4
14
28
26
7
-5
40
62
9
-23
13
41
4
-44
-23
56
73
14
0
64
97
36
-21
4
6
-94
-179
-186
-173
-165
-147
-112
-45
54
69
11
8
49
16
-115
-134
-60
-79
-134
-142
-100
-67
-63
-51
-14
24
31
10
-13
35
71
29
7
21
42
6
-42
-13
0
-27
-34
-23
5
36
55
63
61
80
99
84
76
87
67
11
-31
-27
-26
-52
-59
-60
-89
-114
-142
-157
-114
-65
-49
-31
18
87
121
112
110
135
129
60
7
9
0
-58
-86
-55
-39
-34
-31
-42
-27
7
11
4
24
81
93
36
48
116
91
37
38
31
-21
-88
-105
-116
-167
-153
-110
-129
-109
-23
36
18
8
54
24
-72
-98
-74
-90
-116
-105
-100
-83
-65
-89
-117
-97
-65
-80
-107
-94
-66
-76
-98
-62
-16
-5
11
28
46
48
24
15
52
69
40
11
10
43
55
40
65
95
60
15
3
6
1
-18
-6
19
19
0
-15
-22
-29
-16
5
40
82
124
122
93
114
110
72
42
32
56
20
-17
21
46
33
21
27
40
57
50
32
60
95
108
111
134
202
212
159
139
143
120
64
39
27
-7
-29
-39
-44
-31
16
55
33
24
54
20
-39
-26
-4
-26
-38
-29
-12
6
-8
-5
-7
-41
-51
-85
-118
-96
-87
-103
-112
-98
-73
-50
-42
-14
47
71
74
100
121
127
125
120
117
115
88
65
73
68
44
28
28
34
22
24
36
28
34
33
13
22
29
5
18
43
11
11
53
53
22
20
32
-2
-43
-61
-69
-72
-85
-76
-54
-51
-59
-84
-82
-56
-80
-113
-107
-48
-24
-53
-19
30
-5
-39
-12
-2
-10
-12
-17
-37
-70
-66
-70
-84
-44
-18
-18
-35
-24
0
-59
-93
-73
-87
-108
-102
-80
-96
-121
-118
-109
-95
-99
-92
-87
-126
-149
-144
-147
-154
-117
-63
-67
-47
5
30
30
49
96
107
100
93
81
92
82
42
37
31
22
13
10
18
15
36
47
39
71
108
95
64
60
65
47
18
22
19
3
11
-20
-20
36
18
-13
1
7
-7
-44
-64
-69
-80
-80
-64
-40
-6
3
-32
-12
35
13
-13
-8
9
8
-11
-4
19
21
3
10
29
16
7
20
19
23
22
17
38
57
62
70
104
131
105
66
40
5
-36
-61
-82
-94
-86
-93
-110
-86
-54
-51
-45
-33
-59
-70
-44
-26
-15
15
57
50
29
36
43
38
29
33
22
-6
-23
-54
-71
-29
-20
-33
14
73
87
83
64
48
43
0
-33
-25
-24
-38
-77
-79
-38
-24
-15
-22
-27
0
19
-22
-58
-15
-87
-175
-99
-50
-66
-63
-26
-108
-132
24
54
-10
14
29
-90
-151
-36
21
33
143
143
30
48
63
-27
-3
66
-5
-34
-7
-29
-57
-19
30
20
58
103
88
45
17
2
-74
-116
-58
-42
-30
18
33
4
-37
5
-11
-52
-49
-109
-105
-80
-57
-5
50
107
62
63
86
29
27
-21
-138
-156
-107
-160
-174
-25
-16
-100
-58
14
43
67
118
172
194
193
188
168
148
183
189
133
141
154
58
10
54
16
-26
7
8
-6
-8
-27
-45
-37
-19
-24
-7
75
80
61
90
110
112
78
88
86
41
3
-32
-17
0
-17
22
98
109
75
55
50
-4
-54
-36
-8
-4
12
38
23
29
76
71
42
68
69
0
-12
38
41
34
69
86
67
69
81
75
79
67
21
-11
-6
-12
-5
69
122
171
211
224
258
270
253
238
220
160
90
51
30
12
17
26
18
32
24
23
42
23
14
8
-15
-4
19
-12
-18
12
20
43
76
111
122
91
44
27
12
-35
-62
-93
-163
-186
-158
-156
-151
-122
-113
-139
-143
-133
-168
-173
-168
-216
-226
-187
-168
-176
-142
-112
-139
-137
-122
-120
-112
-126
-149
-157
-154
-120
-145
-213
-157
-163
-329
-330
-254
-367
-395
-227
-245
-315
-119
-41
-126
19
101
-39
-50
-23
-125
-157
-102
-105
-91
-2
91
139
123
161
223
112
40
87
-14
-134
-109
-159
-238
-93
12
-67
1
111
29
-1
99
98
41
77
77
32
74
98
70
112
132
72
62
72
13
-3
7
-64
-62
1
-21
-25
17
-14
-72
-132
-172
-162
-225
-265
-173
-192
-282
-132
-15
-115
-28
93
-16
-1
119
6
-68
23
-64
-181
-67
-14
-46
32
62
59
89
87
123
129
72
63
-23
-86
-7
-23
-80
12
69
18
69
147
119
141
156
119
148
141
117
149
161
156
188
216
235
258
228
205
192
121
93
128
146
182
236
245
235
245
238
184
171
218
177
95
121
152
136
161
218
257
247
247
234
187
149
105
68
30
35
96
84
92
169
131
79
112
74
-20
-35
-39
-95
-75
-24
-15
29
88
113
125
141
114
16
-56
-91
-134
-157
-142
-135
-128
-85
-82
-71
-13
-13
-32
-38
-59
-84
-105
-113
-114
-96
-88
-90
-50
-52
-82
-77
-102
-107
-69
-68
-67
-7
-18
-48
-5
-18
-53
-55
-86
-126
-162
-183
-153
-120
-88
-25
20
60
112
107
74
89
49
-27
-20
-38
-62
-29
-44
-84
-49
-4
-21
-17
9
-2
-23
-45
-65
-68
-73
-92
-85
-67
-56
-28
-50
-51
-9
-51
-75
-43
-63
-84
-79
-97
-92
-65
-52
-42
-15
-10
-22
-18
-49
-65
-58
-52
-31
-52
-52
-28
-39
-26
14
-3
-33
-30
-63
-101
-86
-89
-122
-114
-87
-44
9
15
42
76
34
18
41
18
22
32
-35
-46
12
0
-14
34
32
-23
-13
-14
-26
8
-8
-26
-9
7
27
54
77
72
49
6
-29
-10
2
-14
-25
-17
5
12
15
33
51
36
7
10
11
-23
-35
-28
-53
-56
-33
-24
-30
-13
-18
-52
-28
-26
-48
-18
-8
-57
-68
-37
-88
-103
-51
-92
-99
-64
-102
-85
-47
-57
-47
-35
-23
8
33
30
31
19
-22
-10
4
10
47
17
-32
-11
-25
-55
-20
-12
-41
-37
-36
-43
-13
10
22
51
30
-3
-1
-17
-28
-18
-10
-6
7
13
-9
-18
-25
-27
-27
-45
-24
1
-27
-6
29
0
38
88
71
89
91
59
45
33
-14
-40
-5
-2
12
64
79
90
94
78
82
71
70
83
51
52
76
72
83
125
141
118
112
100
62
37
36
60
77
97
120
117
123
118
84
66
73
52
6
-8
-19
-56
-50
-14
13
59
75
79
87
57
38
34
18
8
12
15
43
55
50
68
59
28
23
13
-30
-16
5
-34
-19
18
8
14
57
69
46
29
9
-24
-48
-55
-50
-47
-53
-34
-42
-57
-9
0
-20
18
35
2
3
6
-20
-5
6
-5
3
-3
-20
-52
-71
-41
-33
-35
5
25
16
20
30
35
39
36
42
48
26
25
25
-15
-17
-7
-29
-6
18
5
12
38
34
36
60
50
55
65
41
42
42
15
21
39
25
24
18
8
36
59
67
69
68
74
67
68
66
58
57
56
43
24
41
32
-9
-11
-9
-14
-17
-10
-1
5
9
6
25
34
21
24
1
-36
-25
-43
-59
-39
-44
-84
-101
-84
-86
-84
-79
-89
-80
-83
-97
-73
-50
-63
-50
-30
-43
-41
-45
-72
-91
-103
-128
-140
-128
-131
-124
-117
-119
-103
-115
-110
-100
-114
-103
-113
-131
-130
-138
-152
-152
-158
-170
-158
-140
-162
-162
-127
-134
-141
-118
-104
-104
-93
-90
-110
-102
-90
-104
-96
-95
-101
-91
-86
-70
-64
-29
-13
-26
-9
1
-3
5
12
-3
2
16
19
10
17
30
9
18
20
22
25
24
52
44
36
62
64
55
66
72
71
83
83
72
90
90
79
91
81
71
73
52
57
80
68
67
87
81
82
87
92
117
125
118
115
113
103
91
95
105
101
98
106
101
91
102
102
111
137
141
123
121
133
123
123
140
131
114
105
86
74
79
80
81
74
82
84
72
77
83
78
75
82
72
56
42
29
33
34
54
60
48
62
64
54
59
52
40
48
64
58
54
65
53
35
34
28
21
23
27
12
13
26
15
18
29
26
30
9
-4
11
8
-15
-5
13
-5
9
15
-5
-1
-12
-29
-26
-22
-31
-39
-48
-61
-77
-70
-47
-48
-44
-39
-50
-60
-72
-67
-58
-68
-78
-77
-87
-90
-89
-94
-81
-70
-74
-84
-79
-78
-89
-72
-71
-78
-54
-65
-85
-80
-69
-73
-77
-61
-65
-60
-57
-71
-52
-53
-79
-80
-72
-84
-82
-63
-64
-58
-31
-32
-41
-28
-14
-13
-15
3
-7
-26
-23
-32
-36
-32
-30
-32
-42
-39
-39
-29
-22
-24
-9
-13
-15
-7
-2
3
3
7
10
17
17
7
5
8
11
17
21
23
28
21
15
17
8
13
30
26
19
19
17
20
18
18
29
19
16
17
17
22
23
14
-2
-3
6
-1
-9
0
1
-7
-9
-4
-3
-16
-33
-29
-37
-44
-39
-34
-31
-29
-41
-49
-38
-47
-49
-29
-27
-37
-38
-44
-66
-68
-73
-82
-76
-82
-75
-67
-82
-65
-53
-61
-43
-31
-42
-52
-35
-29
-44
-28
-29
-40
-31
-37
-39
-44
-53
-44
-51
-46
-40
-56
-48
-44
-48
-38
-23
-9
-9
-18
-20
-17
-16
-21
-23
-17
3
9
1
12
19
12
2
0
1
7
18
22
24
29
33
40
56
55
54
61
54
61
58
48
60
60
65
81
88
102
117
117
125
135
130
126
129
126
121
125
124
129
128
123
114
98
104
100
99
123
129
125
117
105
106
90
81
86
81
83
72
67
74
72
75
69
71
81
80
88
87
86
77
64
68
59
59
56
45
37
23
12
3
4
-1
-9
-20
-36
-26
-28
-30
-15
-20
-36
-32
-29
-36
-38
-47
-48
-50
-53
-48
-51
-59
-73
-68
-63
-76
-68
-58
-52
-47
-51
-53
-57
-47
-49
-69
-55
-46
-63
-55
-48
-52
-31
-32
-41
-36
-36
-38
-34
-20
-19
-24
-12
-19
-25
-13
-9
-10
-5
7
4
10
22
24
39
35
24
27
20
29
38
34
46
51
48
40
33
39
42
53
64
68
81
74
59
66
79
77
72
83
97
95
85
80
75
77
73
74
76
63
61
49
38
43
38
24
25
39
35
25
24
24
28
27
26
20
20
16
3
1
-2
-17
-23
-22
-26
-32
-33
-33
-43
-50
-42
-44
-48
-46
-56
-74
-80
-86
-101
-93
-87
-96
-106
-109
-98
-108
-114
-113
-112
-99
-102
-98
-106
-115
-113
-124
-125
-120
-123
-121
-118
-120
-124
-129
-134
-119
-115
-123
-119
-121
-116
-115
-125
-128
-136
-142
-132
-132
-131
-119
-116
-115
-105
-94
-101
-101
-85
-106
-110
-93
-95
-81
-75
-81
-71
-71
-87
-72
-60
-66
-57
-58
-61
-65
-68
-52
-40
-32
-24
-20
-14
-11
-16
-14
-8
-5
-1
2
3
2
-1
-6
2
15
22
22
18
21
24
22
35
44
54
61
52
53
50
42
41
46
45
52
59
56
59
56
52
48
54
60
55
55
55
48
42
36
35
39
49
61
59
55
49
44
46
40
49
61
58
53
41
35
32
38
51
38
44
63
53
57
65
58
62
62
59
50
48
57
45
40
54
55
56
68
64
54
54
45
37
42
39
39
33
32
42
34
45
51
39
45
38
41
48
39
46
44
42
51
52
57
49
49
54
51
49
48
45
44
44
45
44
45
54
48
56
62
42
36
39
36
27
36
32
32
49
38
30
43
44
36
31
31
33
35
37
38
40
43
42
40
42
44
43
39
39
38
27
24
18
9
8
0
-5
7
3
3
10
6
5
0
-3
-7
-6
-1
-5
5
9
6
10
3
2
14
11
8
13
7
9
8
1
1
-11
-18
-18
-16
-7
-15
-15
-2
-9
-15
-11
-15
-5
-10
-20
-21
-22
-13
-27
-31
-19
-31
-41
-37
-35
-36
-37
-34
-31
-42
-39
-32
-42
-42
-42
-40
-46
-50
-40
-41
-45
-55
-54
-43
-43
-35
-30
-36
-40
-43
-51
-53
-48
-41
-42
-50
-50
-53
-57
-58
-51
-42
-44
-42
-41
-42
-36
-46
-44
-43
-51
-45
-54
-54
-49
-62
-63
-56
-56
-53
-49
-48
-46
-41
-42
-38
-32
-34
-36
-33
-17
-15
-17
-12
-8
-3
-4
-11
-16
-19
-12
-8
-7
1
-3
-4
7
11
16
20
15
16
21
25
26
13
9
14
3
0
4
9
13
19
20
15
10
-4
-1
3
1
14
13
5
4
5
2
-6
2
10
4
7
-5
-10
-18
-24
-15
-20
-9
-6
-21
-19
-25
-25
-17
-19
-18
-20
-24
-27
-26
-32
-38
-31
-32
-35
-32
-30
-34
-32
-29
-34
-32
-29
-29
-33
-36
-34
-42
-41
-26
-21
-18
-13
-21
-13
-11
-20
-15
-6
4
3
5
1
3
9
7
11
14
14
14
13
16
9
8
19
28
27
26
32
30
42
45
35
42
40
33
47
57
48
52
57
48
52
57
47
49
56
54
58
52
42
44
49
57
56
51
45
29
18
17
18
17
21
20
14
17
11
3
6
9
7
8
12
4
2
-2
1
1
0
10
11
9
13
11
1
9
15
7
19
17
5
8
6
10
11
8
9
5
5
1
-4
11
6
8
11
11
25
22
30
29
27
36
40
44
36
35
40
30
35
44
47
49
57
65
63
63
65
69
62
65
72
67
72
72
63
70
81
88
91
83
82
79
74
73
65
68
77
79
72
67
67
62
59
57
58
58
59
51
40
45
30
20
28
27
31
28
16
14
8
0
-9
-9
-6
-19
-19
-23
-31
-22
-35
-41
-40
-48
-52
-54
-62
-64
-65
-68
-56
-56
-62
-54
-66
-70
-64
-77
-83
-86
-85
-82
-84
-94
-92
-87
-91
-77
-72
-79
-82
-83
-77
-81
-81
-84
-74
-64
-72
-66
-61
-62
-60
-55
-43
-39
-39
-39
-46
-46
-40
-43
-43
-33
-32
-35
-37
-44
-46
-37
-39
-43
-35
-31
-29
-36
-42
-39
-43
-37
-27
-27
-26
-32
-34
-36
-41
-39
-33
-33
-33
-36
-49
-52
-48
-52
-51
-48
-55
-61
-67
-69
-64
-57
-53
-54
-58
-56
-61
-82
-90
-84
-77
-69
-64
-65
-76
-80
-82
-70
-66
-68
-54
-58
-57
-54
-62
-57
-55
-45
-35
-28
-19
-28
-26
-11
-20
-23
-24
-24
-7
6
9
12
14
14
21
30
28
34
39
39
48
49
52
63
68
78
90
88
86
88
82
89
93
88
95
100
101
97
92
97
105
103
98
105
105
96
93
99
91
87
93
100
101
92
82
76
82
85
87
87
81
79
71
65
67
57
58
61
56
63
56
46
52
53
45
43
37
37
35
22
21
22
14
11
17
16
8
13
11
8
9
-1
5
8
-1
4
12
7
12
18
17
20
17
18
23
16
21
35
28
35
40
42
43
30
38
45
42
46
42
47
54
55
52
49
45
45
54
51
43
49
50
54
55
48
49
44
41
45
40
36
33
35
33
24
27
34
27
18
23
21
13
19
11
-1
8
3
-11
-14
-21
-29
-28
-25
-35
-40
-45
-61
-60
-57
-56
-52
-55
-56
-59
-66
-78
-90
-89
-91
-101
-95
-100
-109
-97
-98
-96
-93
-97
-97
-101
-111
-116
-119
-114
-108
-111
-104
-109
-118
-106
-101
-101
-95
-90
-91
-91
-88
-96
-89
-82
-87
-80
-68
-68
-67
-56
-56
-57
-51
-44
-37
-31
-20
-21
-19
-5
-1
-3
0
4
8
12
24
28
18
19
34
31
29
38
30
40
42
38
44
36
43
54
58
64
65
57
50
52
55
55
51
52
45
42
38
31
26
26
36
35
31
36
23
12
15
6
1
4
7
11
4
0
0
-5
-3
0
-6
-6
-13
-25
-19
-16
-28
-25
-18
-18
-18
-19
-11
-10
-17
-15
-9
-12
-16
-14
-11
-6
-12
-11
-4
2
5
3
8
12
12
14
21
20
24
25
16
24
27
24
29
35
34
33
34
32
42
48
37
40
42
41
40
34
37
42
43
45
45
43
47
52
48
35
40
40
26
35
40
39
39
34
36
38
20
19
29
22
13
6
1
-7
1
3
-5
1
-9
-14
-14
-28
-26
-26
-26
-20
-23
-27
-31
-41
-42
-33
-37
-35
-31
-40
-52
-49
-47
-46
-40
-30
-25
-30
-32
-34
-44
-45
-36
-31
-23
-18
-19
-21
-21
-29
-24
-15
-13
-8
-5
-9
-10
-11
-18
-7
4
3
16
20
13
7
12
21
21
21
18
26
28
17
26
31
28
31
30
41
40
30
36
34
27
33
33
28
38
43
33
32
32
34
36
30
31
35
34
30
25
19
15
20
17
14
21
17
14
16
12
6
7
8
8
12
-2
-7
-5
-13
-9
-8
-8
-6
-13
-19
-10
-10
-22
-24
-22
-25
-23
-21
-24
-28
-24
-19
-20
-24
-13
-14
-27
-14
-2
-7
-9
-6
-7
-14
-16
-13
-11
-11
-7
4
3
-1
5
4
2
11
14
7
14
15
10
12
14
20
19
15
22
32
29
18
24
23
25
31
21
19
11
7
19
25
21
23
22
20
19
17
16
12
7
4
7
5
-9
-6
2
-5
-6
0
0
-9
-23
-12
-11
-23
-23
-25
-28
-25
-21
-16
-23
-26
-22
-29
-29
-34
-36
-34
-35
-32
-30
-26
-34
-43
-31
-23
-31
-31
-29
-37
-40
-41
-38
-37
-38
-28
-23
-26
-25
-29
-31
-25
-25
-28
-16
-14
-20
-18
-20
-17
-12
-16
-20
-19
-24
-22
-14
-18
-16
-15
-26
-22
-12
-17
-11
-9
-15
-7
-3
-7
-11
-14
-17
-9
-6
-11
-4
-4
-6
-12
-6
-4
-16
-15
-12
-16
-13
-5
-5
0
0
-2
0
-4
-6
-4
1
1
-3
-3
1
-2
-4
10
4
6
15
10
13
9
5
10
14
12
13
20
19
16
7
9
12
6
14
10
9
22
17
20
27
16
20
27
24
33
38
36
32
33
48
42
41
43
38
50
52
48
62
61
51
51
58
57
46
56
62
60
61
54
57
57
55
56
54
48
43
37
37
46
47
35
37
34
32
37
34
37
35
29
23
21
29
19
16
20
15
18
6
2
4
-3
5
4
-4
-6
-11
-22
-24
-18
-21
-21
-23
-19
-25
-34
-24
-31
-37
-37
-36
-32
-43
-44
-37
-40
-40
-44
-47
-43
-45
-56
-56
-51
-48
-42
-45
-50
-40
-39
-43
-39
-45
-48
-40
-41
-41
-37
-42
-38
-33
-34
-30
-30
-32
-32
-30
-21
-21
-31
-33
-30
-31
-30
-30
-28
-21
-24
-32
-30
-30
-28
-16
-17
-25
-18
-18
-29
-28
-27
-27
-26
-20
-12
-16
-23
-17
-12
-17
-16
-12
-9
-10
-22
-22
-16
-18
-20
-14
-10
-11
-7
-9
-5
4
-5
-7
7
4
-2
4
12
7
6
11
10
9
12
15
15
11
18
24
18
20
20
23
35
36
30
29
30
37
32
28
37
31
31
36
33
38
38
38
36
40
44
43
49
46
39
36
38
41
44
50
46
44
45
44
42
39
39
42
42
38
29
30
32
28
23
18
18
11
9
14
11
5
8
5
8
2
-5
0
-14
-18
-12
-14
-16
-21
-25
-25
-35
-35
-26
-33
-31
-31
-30
-30
-34
-29
-36
-38
-40
-40
-37
-34
-28
-33
-33
-37
-36
-29
-33
-40
-37
-29
-37
-34
-24
-21
-20
-17
-14
-19
-11
-9
-5
6
-1
6
2
-2
7
-3
2
11
12
12
7
12
14
7
13
15
31
32
22
30
30
29
24
22
38
41
35
30
30
32
19
21
33
39
36
31
32
33
31
28
37
41
33
20
15
25
27
20
23
28
29
29
26
24
12
2
11
19
20
16
12
12
7
5
-1
5
7
9
7
-7
5
2
-10
-8
-7
-5
-12
-3
2
-18
-16
-8
-15
-16
-9
-6
0
1
-14
-18
-8
-6
-9
-4
0
-7
-14
-15
-9
-12
-4
2
-17
-19
-5
-2
-11
-14
0
-8
-22
-25
-21
-21
-22
-21
-30
-23
-15
-33
-39
-28
-23
-34
-32
-25
-30
-33
-34
-33
-29
-28
-33
-34
-31
-36
-36
-38
-32
-27
-49
-43
-27
-37
-46
-40
-30
-28
-33
-41
-36
-26
-35
-40
-26
-25
-29
-26
-27
-18
-24
-30
-19
-14
-12
-14
-7
0
-5
0
5
11
6
4
5
3
17
24
21
25
35
34
27
35
41
39
36
41
49
44
36
44
54
54
49
52
55
59
61
55
46
52
60
57
52
49
52
54
59
55
56
58
48
46
49
52
50
48
50
51
44
32
37
36
19
22
32
25
21
26
32
22
19
22
10
7
8
12
6
-2
2
-10
-13
-13
-22
-19
-7
-16
-15
-5
-19
-29
-27
-23
-25
-35
-32
-30
-47
-52
-45
-51
-48
-47
-48
-47
-58
-53
-54
-63
-63
-63
-62
-65
-66
-63
-63
-64
-69
-64
-61
-66
-58
-53
-64
-70
-65
-60
-63
-63
-59
-57
-51
-50
-54
-59
-54
-59
-65
-50
-53
-56
-40
-37
-43
-46
-31
-29
-38
-33
-29
-32
-35
-20
-11
-17
-18
-15
-17
-21
-14
-2
-1
2
14
5
6
12
14
22
22
24
23
28
33
32
47
52
45
49
56
59
60
64
76
76
76
85
83
80
81
77
81
87
92
95
93
92
87
85
85
91
90
85
88
89
87
95
94
85
99
93
77
92
92
82
71
63
72
79
68
66
75
63
52
57
48
46
44
35
45
38
30
30
15
15
19
14
7
5
3
1
2
0
-4
-16
-25
-25
-23
-21
-28
-39
-34
-23
-34
-41
-32
-42
-66
-66
-55
-53
-53
-54
-54
-61
-63
-61
-63
-68
-71
-67
-65
-59
-58
-72
-69
-61
-67
-67
-64
-58
-56
-66
-63
-51
-59
-58
-54
-58
-52
-44
-50
-56
-47
-50
-61
-60
-50
-51
-56
-46
-44
-44
-39
-36
-32
-33
-34
-29
-35
-41
-32
-23
-17
-19
-22
-20
-18
-13
-5
-9
-19
-8
-6
-7
-10
-15
-6
-13
-19
-16
-14
-10
-19
-7
11
7
5
4
-1
-4
-3
-5
-2
11
10
8
14
21
19
11
13
10
16
24
12
15
18
13
15
14
22
22
13
20
18
11
9
6
11
12
9
11
20
14
2
9
21
12
11
13
7
10
11
10
14
14
19
18
15
19
21
13
9
20
22
8
0
17
18
7
7
7
7
3
0
1
4
2
-9
-4
7
0
-6
3
5
4
0
-7
2
1
-2
-4
-12
-4
3
-10
-6
-2
-6
-9
-12
-5
-4
-8
0
-2
-9
-9
-7
-1
0
-3
1
-9
-10
1
-2
-6
-3
-6
-6
1
-1
-1
9
15
14
11
7
4
8
19
20
18
15
21
22
18
23
26
31
24
23
29
30
27
23
33
34
33
33
42
43
37
47
37
30
27
27
41
41
38
33
35
40
38
34
35
40
38
36
39
35
26
29
33
23
24
25
16
31
35
17
19
30
17
16
14
19
26
16
14
14
13
11
6
12
18
3
-2
6
6
2
1
-7
-8
-1
-11
-10
-17
-21
-12
-14
-20
-22
-31
-33
-28
-34
-22
-27
-39
-26
-28
-33
-39
-35
-26
-35
-45
-35
-31
-49
-47
-40
-37
-43
-55
-48
-45
-54
-50
-49
-55
-56
-57
-55
-53
-53
-55
-60
-64
-64
-59
-60
-65
-61
-54
-60
-60
-49
-54
-61
-58
-56
-49
-51
-53
-48
-45
-38
-39
-39
-38
-38
-35
-37
-39
-34
-28
-27
-30
-24
-27
-32
-20
-26
-19
-9
-16
-12
-10
-15
-11
-3
1
-2
-7
1
17
7
3
15
22
31
34
31
30
29
32
38
46
43
48
42
37
53
54
56
59
62
65
59
63
61
58
66
68
57
58
72
59
51
59
58
56
61
67
57
52
57
50
49
60
56
59
61
52
44
37
40
47
51
53
44
38
31
23
29
28
20
21
12
9
13
9
9
11
4
-1
3
4
-1
-4
-7
-6
-6
-5
-7
-20
-24
-16
-19
-15
-12
-30
-34
-28
-34
-38
-40
-35
-41
-43
-37
-38
-34
-31
-37
-38
-36
-34
-37
-43
-41
-33
-36
-41
-39
-42
-42
-46
-49
-41
-41
-48
-50
-38
-34
-43
-39
-37
-41
-39
-33
-36
-29
-35
-42
-35
-35
-23
-21
-27
-16
-13
-29
-22
-13
-24
-11
-8
-17
1
3
-12
-4
1
7
10
-1
6
11
-1
-3
4
12
16
11
4
11
18
13
14
27
18
11
22
23
25
26
23
28
35
40
30
25
33
37
27
28
33
33
34
34
39
38
29
27
30
32
43
37
19
28
21
15
25
23
20
22
15
18
26
14
9
18
17
13
8
-4
-14
-4
10
7
0
0
-2
7
-2
-16
-5
-1
-10
-8
-4
-6
-16
-15
-4
-7
-6
-11
-20
-16
-17
-14
-15
-14
-12
-22
-23
-19
-16
-20
-23
-17
-29
-37
-26
-25
-29
-34
-23
-15
-26
-24
-25
-25
-26
-24
-11
-12
-14
-19
-20
-15
-16
-18
-17
-9
-5
-4
-7
-12
-6
-1
-2
-2
5
-1
-15
2
11
3
9
6
4
9
12
14
7
7
8
5
16
24
17
13
12
18
23
19
11
8
15
17
15
25
35
29
26
33
34
27
25
24
25
36
37
28
33
37
38
26
20
31
22
24
29
27
28
24
31
32
28
27
23
25
27
37
25
9
28
29
12
13
17
17
24
22
16
14
18
17
8
10
13
7
6
6
3
-3
-6
-6
-9
-9
-13
-19
-14
-16
-15
-16
-22
-33
-34
-21
-22
-30
-38
-30
-32
-34
-27
-37
-34
-23
-32
-41
-39
-35
-41
-49
-43
-33
-37
-43
-42
-41
-46
-43
-38
-43
-39
-38
-37
-39
-42
-41
-47
-41
-38
-40
-36
-37
-41
-32
-35
-34
-21
-28
-33
-30
-29
-23
-29
-40
-33
-9
-14
-12
-1
-10
-11
-8
-6
3
3
2
2
-3
4
9
2
-6
1
14
23
20
13
10
13
15
22
29
22
14
17
20
25
29
19
17
23
25
23
20
24
22
12
23
31
28
35
25
22
38
34
24
25
31
35
31
21
23
27
30
32
24
35
38
22
26
22
23
25
14
11
22
30
17
11
13
9
4
5
12
8
2
9
5
-4
-1
-2
-11
-11
-1
1
-2
-6
-11
-7
-1
0
-7
-13
-19
-15
-12
-16
-19
-22
-23
-13
-14
-19
-17
-13
-24
-37
-29
-23
-24
-27
-31
-33
-26
-19
-24
-26
-27
-23
-22
-26
-34
-42
-32
-23
-21
-26
-28
-22
-27
-24
-14
-15
-10
-20
-32
-20
-19
-26
-20
-18
-15
-11
-9
-12
-18
-11
-5
-4
-12
-14
-9
-6
0
5
-2
-10
0
4
11
16
12
11
10
19
18
19
17
18
30
30
31
28
30
38
36
33
34
40
38
33
35
42
39
34
42
44
42
39
31
28
36
35
25
26
32
37
33
32
36
45
45
29
30
32
21
21
15
8
19
32
29
22
24
31
28
11
9
17
14
16
21
14
13
15
8
9
14
8
3
-1
-10
-4
3
0
-5
-12
-2
-1
-13
-16
-10
-5
-12
-16
-11
-11
-11
-8
-11
-20
-18
-13
-18
-19
-18
-11
-11
-20
-17
-10
-11
-24
-22
-16
-20
-20
-17
-13
-12
-21
-20
-10
-12
-17
-24
-26
-13
-21
-29
-23
-24
-20
-22
-30
-21
-19
-24
-19
-24
-21
-10
-18
-22
-13
-12
-19
-14
-16
-12
-4
-14
-24
-16
-12
-15
-16
-11
-10
-20
-20
-21
-28
-23
-21
-10
-1
-13
-9
-12
-17
-12
-17
-17
-12
-3
-7
-8
4
-1
-3
-2
-7
-1
1
-3
0
3
2
7
4
0
11
5
-1
5
3
3
2
1
1
3
5
9
9
5
9
8
14
15
1
-3
2
7
2
4
8
7
13
11
8
10
7
13
9
11
22
8
2
7
1
3
16
8
-1
2
10
9
-2
1
6
8
7
5
16
17
10
7
4
-1
-5
-6
-3
-1
2
1
-5
-11
2
7
-1
8
8
5
5
3
2
-7
0
5
4
6
1
2
17
16
8
11
-2
-4
1
0
-1
3
9
10
6
5
10
-1
-4
3
-1
0
-6
-11
-7
-4
-3
-12
-4
7
-3
-3
-2
-6
-2
-4
1
4
-3
9
10
2
-1
3
8
-2
-4
-1
-2
3
6
4
2
13
14
4
-6
-8
-6
-10
-13
-15
-7
-6
-6
2
1
-1
-9
-9
-5
-3
2
-1
-8
-4
9
13
7
6
2
0
11
8
5
11
5
10
12
5
13
11
10
13
5
4
3
-8
-6
-2
2
4
3
8
6
-1
-5
-1
5
8
2
-6
2
5
10
-6
-15
-10
-6
-1
-9
-3
10
13
9
0
-5
0
2
2
2
-12
-2
5
-4
-4
-11
-6
2
-8
-10
-8
-8
-5
-13
-9
0
-13
-6
-5
-15
-11
-11
-16
-19
-13
-12
-10
-9
-9
0
6
1
-12
-14
-9
-1
-2
-11
-2
7
3
-3
-1
1
5
4
-1
4
2
5
5
2
10
14
4
1
4
-2
-10
-5
-1
-10
-5
9
7
7
7
9
14
5
6
14
10
11
14
3
10
20
14
8
7
17
28
20
9
7
6
16
17
8
8
7
9
11
3
-9
2
9
-4
4
4
-5
-7
1
1
-4
-10
-11
3
7
6
1
-2
5
8
5
0
0
5
7
6
6
8
12
14
13
5
4
-2
-3
-1
-6
1
5
4
3
1
-3
-11
-8
-2
-9
-19
-14
-15
-10
-4
-11
-7
-2
-7
-7
-7
-9
-6
-10
-4
0
-8
4
1
-2
-4
-17
-19
-12
-15
-23
-9
-9
-8
-2
-13
-8
-9
-19
-19
-24
-22
-18
-19
-22
-17
-9
-7
-16
-20
-18
-18
-25
-26
-14
-10
0
-8
-11
3
-3
-7
-6
-8
-9
-9
-7
-5
2
3
3
1
7
11
4
1
1
3
8
6
-5
2
9
5
5
9
5
13
21
10
10
9
1
10
16
10
7
15
20
16
14
18
17
21
22
11
19
29
26
22
16
10
13
12
15
21
23
21
13
16
14
10
18
14
12
10
1
-1
8
4
-7
-4
-3
0
6
7
10
2
0
0
-5
-5
2
-1
0
4
-1
-5
-3
-2
-4
5
5
3
-2
1
11
7
2
-1
-4
-3
-10
-14
-15
-17
-18
-16
-11
-9
-12
-11
-7
-8
-12
-13
-8
-14
-19
-17
-18
-20
-16
-14
-11
-9
-12
-15
-16
-17
-13
-11
-16
-18
-10
-10
-5
-5
-6
-2
-5
-6
-5
0
0
-5
-8
-2
16
10
-2
0
-6
-2
3
-2
7
9
9
15
14
12
13
5
10
20
20
27
29
20
18
31
34
30
32
27
21
27
31
23
29
30
29
32
21
22
29
29
24
17
29
35
24
31
39
32
31
24
16
15
15
18
15
10
12
23
19
15
19
14
7
3
5
4
-2
2
4
2
5
9
6
-6
-12
-12
-20
-29
-27
-24
-23
-24
-30
-26
-24
-27
-30
-30
-38
-45
-41
-47
-47
-48
-48
-46
-55
-53
-50
-53
-54
-51
-54
-58
-50
-53
-60
-54
-53
-61
-63
-68
-65
-56
-55
-55
-53
-50
-53
-48
-42
-47
-55
-54
-51
-55
-52
-45
-50
-53
-48
-50
-51
-48
-38
-27
-34
-32
-22
-26
-26
-17
-8
-18
-22
-13
-18
-12
5
6
6
16
12
12
17
7
10
18
19
17
23
27
27
35
35
28
32
43
46
41
41
44
43
43
39
41
47
51
58
53
54
61
62
67
61
58
63
68
71
71
73
69
66
65
62
62
66
66
60
61
68
71
62
52
54
52
42
41
42
43
42
34
35
43
43
38
25
20
25
24
21
15
8
13
17
6
5
7
1
3
1
-11
-15
-11
-6
-9
-14
-17
-21
-23
-20
-19
-21
-19
-24
-26
-28
-26
-19
-23
-32
-36
-29
-31
-35
-28
-34
-29
-30
-39
-26
-15
-24
-33
-28
-29
-21
-17
-28
-21
-16
-12
-15
-15
-12
-19
-19
-13
-8
-5
-5
-2
4
3
5
10
1
-7
-12
-6
-5
-19
-6
7
10
15
10
9
15
11
10
16
12
8
9
14
15
22
27
14
16
18
18
27
26
30
37
30
30
42
39
30
28
27
30
27
25
28
22
22
27
27
26
20
17
13
0
9
20
11
13
6
-1
1
-3
-1
-6
-9
-4
1
-2
-6
-2
-2
-6
-15
-26
-23
-11
-16
-30
-27
-21
-23
-28
-23
-26
-38
-34
-35
-36
-39
-48
-46
-45
-49
-46
-42
-33
-41
-54
-52
-55
-55
-54
-55
-52
-52
-54
-57
-49
-43
-45
-49
-52
-49
-47
-48
-47
-46
-37
-33
-36
-40
-43
-41
-46
-51
-57
-52
-29
-31
-40
-32
-24
-24
-29
-30
-33
-31
-27
-33
-29
-21
-18
-7
-2
-6
-7
-4
-10
-15
-12
-5
-7
-3
4
-4
3
14
9
13
19
17
17
10
6
15
17
17
23
24
19
14
24
23
14
28
26
24
35
30
29
27
20
25
21
11
15
23
21
27
19
14
32
31
30
28
20
26
24
32
35
29
31
34
31
29
26
25
38
45
38
39
36
35
32
31
30
30
38
37
36
30
24
24
24
30
27
21
26
32
23
17
23
26
27
25
23
28
33
30
19
17
19
22
27
20
19
21
17
20
30
33
30
34
27
22
19
16
18
10
10
12
9
10
4
3
14
25
16
10
17
18
19
12
2
2
2
-1
5
3
-3
4
9
3
0
3
4
0
-2
3
-2
-9
-6
-7
1
3
-4
-8
-10
-3
0
-5
-15
-15
-17
-24
-30
-34
-29
-24
-21
-22
-30
-34
-22
-10
-16
-16
-16
-14
-12
-23
-29
-22
-10
-10
-11
-12
-8
-9
-12
-17
-28
-15
-13
-25
-21
-16
-13
-17
-12
-8
-13
-6
-3
-10
-17
-17
-20
-18
-11
-9
-2
8
-3
-8
-4
-8
-3
-5
-14
-5
1
0
1
5
9
16
22
15
3
4
1
2
4
-1
6
13
9
8
3
-1
-6
-1
14
20
15
16
15
10
9
4
5
4
-1
1
-1
-4
-1
1
4
4
-1
-1
5
7
1
-2
3
5
4
-6
-12
-8
-8
-5
-9
-2
2
-12
-5
1
-11
-11
-4
-8
-10
-13
-13
-14
-19
-12
-18
-23
-14
-17
-15
-11
-10
-11
-13
-20
-17
-11
-16
-14
-13
-6
-9
-12
-3
-7
-8
-6
-9
-8
-4
-3
-7
-6
-8
-3
2
-6
-1
-3
-2
5
-4
-12
-12
-10
-2
-7
-19
-4
-3
-18
-11
-8
-8
-7
-2
12
4
-7
-1
4
4
-2
-7
-9
-16
-14
-10
1
8
11
20
16
14
18
10
6
13
20
13
7
14
16
11
8
8
4
10
12
1
1
8
11
13
22
20
7
9
13
9
8
0
4
8
10
13
13
12
10
10
1
1
11
6
0
4
12
12
7
7
6
9
9
9
6
1
11
12
4
3
-2
-4
-4
-3
3
9
17
18
11
7
6
0
-4
3
10
8
6
5
0
4
3
0
-1
-4
-2
3
-3
-6
6
6
1
0
-1
6
4
-4
-12
-11
-8
-15
-17
-21
-21
-13
-15
-22
-11
-3
-18
-16
-13
-14
-5
-6
-9
-9
-19
-22
-12
-16
-8
1
-1
3
2
4
2
-2
1
2
9
7
5
0
-1
7
4
-5
-8
-1
3
4
6
4
3
8
7
3
5
8
9
5
2
9
9
8
10
6
13
10
11
22
18
26
35
27
26
29
29
26
20
21
25
29
29
14
11
15
17
28
27
30
37
37
36
22
17
25
20
19
15
8
-1
-9
-2
3
-1
5
10
15
7
0
0
-7
-3
-3
-14
-19
-14
-10
-14
-9
-17
-18
-12
-25
-31
-27
-30
-32
-26
-29
-34
-22
-15
-17
-21
-33
-34
-28
-29
-29
-27
-28
-30
-31
-34
-34
-30
-26
-32
-35
-25
-27
-35
-33
-25
-21
-20
-26
-36
-34
-33
-29
-29
-34
-31
-27
-26
-26
-23
-24
-21
-17
-24
-26
-27
-23
-26
-28
-18
-18
-14
-9
-5
-6
-14
-15
-13
-11
-13
-7
-5
-14
-17
-10
-6
2
8
10
9
12
15
14
18
17
11
13
17
11
9
11
11
14
21
20
16
19
17
11
12
23
33
22
19
26
25
19
19
27
31
32
26
20
22
30
31
24
15
17
28
25
24
16
19
31
23
35
40
25
21
21
27
26
20
22
16
13
12
8
7
4
9
10
6
7
16
17
10
22
18
13
17
7
5
-2
-8
-5
0
10
6
-3
1
-2
-15
-16
-13
-12
-2
-9
-8
0
-3
-7
-12
-12
-9
-11
-15
-22
-23
-18
-21
-20
-2
-4
-8
-12
-20
-22
-27
-20
-14
-10
3
-2
-7
-8
-5
3
0
-1
2
-3
-3
0
2
1
-3
-1
6
15
7
4
13
17
15
9
11
11
6
13
5
1
2
-1
8
5
-7
-6
-1
-7
-11
-2
-2
-11
-5
5
1
7
-1
-8
8
1
-2
-1
-11
-18
-23
-21
-21
-18
-17
-18
-14
-12
-14
-21
-16
-20
-28
-32
-33
-23
-25
-36
-33
-29
-27
-25
-28
-22
-22
-27
-27
-31
-27
-20
-27
-28
-17
-17
-16
-18
-16
-5
-10
-8
-8
-17
-2
2
2
3
-3
-1
3
8
-1
7
17
14
22
18
18
24
24
28
28
28
27
29
35
36
39
45
49
38
39
49
46
44
44
51
51
43
43
51
51
53
52
46
49
47
46
42
37
27
29
32
21
21
17
14
12
11
10
3
3
6
-1
-9
-18
-18
-13
-20
-23
-24
-28
-29
-38
-45
-46
-47
-45
-46
-50
-54
-54
-55
-55
-51
-54
-52
-47
-51
-54
-52
-57
-67
-65
-61
-62
-67
-69
-73
-76
-65
-65
-58
-44
-49
-45
-48
-49
-45
-44
-46
-42
-40
-39
-26
-33
-28
-24
-32
-16
-6
-4
-2
2
7
7
15
17
10
13
30
31
24
25
29
45
51
43
51
56
53
55
60
59
50
45
53
57
57
64
60
63
73
77
76
65
69
69
65
62
57
65
62
61
57
63
64
52
58
57
52
43
41
41
43
43
39
42
41
41
41
42
29
29
27
12
11
2
-6
-7
-3
0
-1
-2
-4
-1
-8
-12
-19
-24
-21
-30
-35
-39
-37
-29
-30
-35
-28
-27
-30
-37
-43
-44
-47
-45
-46
-47
-51
-57
-51
-55
-63
-59
-64
-61
-53
-57
-53
-57
-63
-59
-54
-55
-67
-77
-75
-69
-62
-62
-61
-51
-44
-41
-43
-38
-34
-40
-43
-46
-36
-35
-41
-33
-34
-34
-26
-22
-19
-13
-10
-5
-10
-13
-3
8
10
7
7
5
5
9
12
11
16
30
26
30
33
33
40
46
55
56
54
57
50
45
57
61
58
61
56
58
68
64
73
84
84
94
94
85
87
77
68
69
73
76
76
67
67
69
63
68
75
79
81
76
73
74
69
62
63
49
44
52
47
42
42
38
35
34
40
41
34
38
37
34
33
22
18
9
2
-3
-17
-28
-26
-18
-15
-13
-17
-17
-12
-23
-26
-20
-31
-40
-35
-47
-57
-53
-54
-59
-56
-57
-63
-65
-64
-68
-65
-59
-64
-64
-68
-73
-71
-74
-75
-73
-78
-77
-72
-74
-72
-66
-60
-66
-65
-62
-58
-60
-67
-66
-65
-61
-66
-67
-62
-61
-56
-55
-52
-45
-33
-34
-34
-22
-25
-32
-32
-30
-24
-21
-17
-16
-14
-10
-8
-7
2
2
-6
5
1
-7
5
5
6
5
5
8
3
13
8
2
10
13
17
18
20
17
20
24
16
15
19
16
12
12
12
14
20
24
23
21
35
40
32
29
22
26
35
32
28
26
19
17
16
21
25
25
30
27
23
27
32
30
24
28
27
26
23
16
15
10
11
11
13
21
15
18
24
19
21
22
13
9
13
5
8
15
8
5
1
-3
8
19
16
17
19
11
14
17
15
5
2
7
0
-2
-5
-8
-4
-9
-11
-1
3
-3
-3
2
2
1
1
1
1
1
-8
-14
-12
-24
-20
-12
-8
-5
-3
7
11
3
-4
1
2
3
0
-6
-9
-19
-18
-20
-18
-11
-11
-3
-1
1
11
5
-1
-1
-5
-8
-5
-7
-7
-12
-12
-9
-15
1
7
6
6
1
8
14
18
16
9
5
8
10
2
-2
7
15
15
11
1
6
21
17
13
12
18
26
18
9
-1
-2
-1
-5
1
0
7
15
4
12
14
2
8
8
2
2
4
3
-1
-1
-2
-10
-7
-2
-7
-8
-4
-2
-9
-6
-2
-8
-1
-8
-17
-9
-9
-9
-8
-6
-11
-13
-9
-15
-15
-11
-15
-11
-1
6
7
-6
-13
-11
-10
-15
-6
-8
-16
-2
-1
2
2
0
2
6
12
11
13
13
5
3
2
-1
2
8
11
12
13
1
-5
5
6
-2
2
6
2
4
-2
-11
-4
-3
0
1
-5
-10
-16
-6
-7
-12
-3
0
-3
-7
-19
-25
-18
-15
-18
-14
-4
1
-7
-21
-25
-21
-23
-23
-22
-18
-13
-19
-20
-19
-16
-7
-6
-9
-11
-13
-15
-21
-22
-21
-19
-10
-1
0
-5
-9
-12
-12
-6
-2
-5
-3
-3
-16
-8
7
12
12
15
18
13
12
11
8
15
21
20
24
31
27
18
21
30
26
22
17
22
30
30
29
25
24
25
36
40
38
31
24
25
18
9
6
12
18
16
13
14
18
20
18
13
13
9
16
19
14
8
-2
0
1
-10
-17
-15
-16
-13
-8
-17
-11
-8
-13
-16
-24
-22
-18
-28
-32
-32
-27
-32
-36
-37
-48
-41
-32
-32
-33
-36
-29
-28
-31
-32
-39
-46
-46
-43
-43
-41
-34
-29
-34
-40
-36
-30
-24
-22
-28
-29
-30
-23
-26
-31
-25
-25
-21
-17
-23
-24
-22
-17
-13
-12
-11
-2
-3
-5
7
9
11
11
9
10
10
12
9
7
13
20
19
16
20
34
43
38
35
33
31
40
40
40
45
44
47
44
39
41
48
52
59
60
57
58
55
54
49
50
55
56
61
54
59
65
56
70
72
66
74
74
73
69
59
59
66
68
64
60
59
67
62
55
52
45
64
67
54
51
45
43
39
43
43
36
43
33
23
23
15
11
13
18
23
19
14
3
-6
-2
-12
-16
-10
-12
-14
-16
-22
-28
-36
-36
-31
-29
-34
-45
-52
-57
-65
-69
-68
-67
-58
-54
-64
-68
-66
-67
-67
-63
-67
-65
-58
-70
-80
-81
-74
-66
-67
-66
-65
-68
-65
-69
-72
-65
-65
-60
-56
-60
-57
-60
-64
-71
-67
-52
-50
-48
-39
-43
-48
-45
-40
-37
-43
-34
-22
-26
-24
-26
-32
-33
-21
-17
-18
-11
-13
-17
-14
-12
-4
-2
-3
1
-4
-9
-8
-10
0
3
0
10
8
3
1
-9
-11
1
5
11
12
4
3
0
-10
-9
-6
-7
-3
-10
-12
-16
-21
-12
-11
-1
3
5
8
-6
-12
-11
-9
-9
-3
-8
-15
-4
-8
-13
-12
-12
-5
6
5
-9
-5
-1
-3
3
-2
0
12
9
8
1
-3
1
4
0
-5
4
11
19
19
11
14
14
14
18
23
31
24
16
21
18
16
27
34
31
34
34
28
36
35
37
39
38
43
33
27
29
28
32
39
39
40
42
47
42
22
31
37
37
38
24
26
34
34
29
26
24
31
45
42
36
29
26
32
32
28
34
36
29
33
38
30
30
27
24
30
29
36
40
27
24
29
27
25
25
32
34
28
27
27
27
21
24
25
18
22
27
28
34
31
34
34
26
29
22
12
19
25
18
20
27
23
21
16
16
16
15
24
25
16
15
13
6
4
0
-1
0
-4
-4
-2
0
5
-8
-6
1
-9
-4
-6
-13
-12
-16
-15
-17
-19
-22
-18
-19
-28
-26
-20
-18
-24
-26
-27
-28
-28
-28
-32
-40
-39
-40
-45
-40
-36
-42
-43
-47
-48
-42
-42
-36
-45
-50
-38
-41
-35
-34
-39
-40
-41
-42
-47
-43
-39
-38
-38
-35
-32
-38
-34
-40
-46
-46
-51
-44
-39
-40
-33
-39
-40
-42
-44
-40
-52
-46
-37
-37
-33
-37
-35
-33
-32
-37
-39
-36
-36
-30
-24
-33
-34
-21
-19
-22
-26
-33
-37
-40
-33
-23
-23
-24
-25
-24
-23
-31
-28
-26
-31
-27
-26
-26
-23
-21
-22
-25
-21
-11
-16
-26
-16
-21
-37
-33
-31
-31
-21
-16
-20
-22
-18
-22
-24
-19
-17
-19
-10
-7
-7
-8
-6
-8
-12
0
-1
-4
-3
-10
-4
-4
-9
-2
-1
-2
-1
-5
-8
-8
2
0
-9
-9
-3
4
-1
-7
-6
-2
1
3
7
12
11
5
10
10
11
16
20
19
16
10
9
11
12
18
18
20
15
14
15
8
14
6
2
13
11
11
17
18
12
14
11
3
5
7
4
11
11
2
6
14
16
23
23
12
15
17
11
11
19
22
23
24
23
18
16
18
17
13
21
32
29
31
33
31
30
31
27
28
23
22
34
32
33
40
39
33
27
38
34
28
34
28
22
26
27
31
33
26
28
31
33
36
39
41
36
37
33
26
27
29
41
43
36
42
39
32
34
38
38
33
45
43
36
47
40
34
35
40
36
33
32
23
24
20
18
24
21
19
22
22
17
20
21
21
22
15
17
23
19
16
16
8
14
10
6
12
1
2
5
4
5
0
-2
0
-4
-6
-8
-10
-7
-7
-4
-4
-14
-16
-14
-20
-29
-32
-26
-19
-24
-21
-23
-24
-20
-23
-19
-22
-30
-33
-27
-17
-25
-26
-30
-39
-33
-31
-30
-32
-41
-39
-34
-38
-33
-32
-35
-27
-33
-46
-42
-33
-34
-37
-37
-43
-39
-44
-43
-30
-37
-37
-34
-42
-35
-32
-38
-30
-31
-34
-29
-27
-25
-36
-42
-42
-38
-27
-33
-29
-24
-29
-26
-32
-34
-35
-32
-26
-28
-28
-24
-26
-19
-15
-29
-20
-12
-16
-17
-23
-25
-30
-21
-15
-22
-21
-17
-15
-20
-14
-10
-12
-2
-4
-6
1
6
3
-6
-2
4
8
9
0
5
5
-5
1
9
-1
3
14
12
11
11
11
9
7
10
8
11
13
8
5
12
20
20
14
20
29
23
25
27
23
30
23
16
20
21
20
29
34
24
28
36
30
27
28
30
27
25
27
19
21
25
20
23
23
24
22
22
21
15
23
25
19
20
22
22
18
23
27
25
32
29
22
21
20
20
17
25
28
19
26
34
20
10
8
8
11
13
12
14
18
14
17
19
9
14
12
3
3
6
10
8
7
13
20
15
16
20
3
3
5
5
11
6
6
11
12
11
18
19
8
11
16
6
8
4
-4
9
5
4
9
-3
6
13
2
-2
-2
-4
-2
0
-4
0
-4
-12
-7
-3
-10
-10
-10
-12
-5
-1
-8
-18
-20
-21
-22
-15
-12
-22
-19
-20
-19
-16
-21
-20
-19
-15
-20
-18
-18
-28
-24
-22
-22
-20
-18
-21
-27
-23
-19
-27
-26
-22
-26
-18
-21
-28
-25
-27
-25
-21
-20
-17
-17
-24
-16
-11
-5
3
-3
-4
-7
-6
-10
-11
-3
-10
-9
-1
-2
-6
-5
-4
-3
-5
3
-1
-8
3
0
-2
-1
2
4
3
2
-3
-5
-4
4
8
1
6
7
7
9
10
20
23
7
9
17
10
8
13
18
18
12
13
14
7
5
3
3
0
7
10
10
10
4
-2
-10
-7
-3
0
2
-1
-2
-4
-2
5
8
5
5
9
6
6
10
15
12
11
18
18
13
12
18
12
8
13
10
11
13
7
1
5
7
3
-1
2
-6
-11
-5
-5
1
5
5
8
3
5
0
-13
-7
-5
0
6
5
4
-5
3
6
-5
1
-4
-9
-8
-10
-4
1
4
6
-6
-3
-7
-16
-13
-20
-19
-19
-24
-19
-19
-20
-18
-15
-19
-17
-10
-14
-21
-21
-17
-18
-18
-19
-16
-14
-25
-26
-18
-21
-20
-16
-17
-13
-9
-13
-5
-2
-5
1
5
7
7
2
-4
2
3
-5
0
5
-5
-9
-3
4
2
7
20
16
5
10
12
8
4
4
4
2
6
4
5
8
15
18
6
7
10
13
17
26
21
13
29
27
22
35
23
19
28
23
18
21
23
23
20
20
22
23
16
11
12
10
10
9
6
9
12
10
3
6
10
11
16
14
0
2
4
6
13
10
14
16
16
24
18
19
14
11
17
17
17
7
7
0
-7
-4
2
5
-4
-9
-10
-2
-13
-16
-6
-10
-5
-2
-1
-4
-6
-5
-2
-6
-12
-6
-2
-1
1
4
4
-1
2
6
8
9
0
-1
1
1
6
5
-3
-13
-5
-4
-10
-8
-16
-12
-9
-11
-9
-18
-17
-15
-14
-9
-2
3
2
0
-10
-5
-9
-11
-3
-9
-2
4
-3
-4
-5
-5
-2
-7
-8
-7
-6
-15
-15
-5
-16
-20
-14
-18
-14
-12
-13
-18
-19
-8
-9
-10
-8
-7
-12
-14
-15
-19
-14
-15
-12
-3
-3
-1
1
-2
-2
-4
-4
-5
-3
-4
-8
-10
-12
-10
-2
-3
-8
-3
0
3
11
5
-1
7
6
4
10
3
-2
0
-8
-4
-3
-3
4
3
-1
-1
-3
0
6
6
10
7
2
5
2
4
9
7
10
2
-5
1
5
12
13
9
11
12
12
10
13
18
18
13
12
10
5
7
7
4
9
8
8
10
5
7
5
2
0
2
10
2
2
8
-2
6
1
-12
-6
-4
-5
6
6
-2
2
5
3
3
-4
-9
-6
-7
-4
-10
-10
-5
-12
-14
-13
-14
-7
-13
-18
-14
-21
-17
-14
-14
-5
-5
-8
-13
-14
-15
-20
-16
-8
-2
-4
-5
-5
-2
0
-3
1
-1
-1
11
5
0
3
0
1
1
8
7
1
4
6
7
12
7
5
15
7
4
12
10
11
10
8
12
20
17
7
10
23
26
20
23
22
23
26
21
23
22
21
24
20
21
27
25
24
28
25
24
22
23
25
29
36
32
25
29
22
19
19
13
21
20
20
26
17
11
8
11
13
13
16
15
9
5
-3
-6
0
-2
-8
-2
-4
-9
-8
-11
-10
-6
-7
-10
-9
-11
-9
-13
-22
-26
-30
-34
-29
-23
-29
-28
-30
-30
-31
-36
-32
-36
-41
-45
-47
-43
-45
-50
-49
-47
-46
-44
-45
-46
-45
-54
-54
-47
-47
-45
-47
-48
-43
-41
-39
-40
-40
-36
-36
-32
-35
-38
-33
-28
-27
-25
-29
-28
-26
-27
-17
-16
-20
-20
-12
-9
-6
-3
-2
6
3
4
7
13
18
7
14
25
23
27
32
34
29
31
40
41
37
34
37
44
44
44
48
51
50
52
53
51
52
51
55
54
50
49
47
59
59
56
53
52
59
62
59
60
57
55
56
59
55
53
57
55
54
51
47
46
40
39
32
22
25
28
28
27
23
26
19
13
13
6
8
12
3
0
-5
-11
-10
-3
-9
-11
-8
-13
-13
-23
-27
-26
-29
-29
-31
-22
-21
-28
-28
-34
-36
-34
-41
-41
-40
-35
-34
-40
-47
-42
-41
-43
-44
-44
-36
-43
-42
-41
-46
-42
-44
-43
-41
-35
-32
-40
-41
-41
-39
-31
-37
-40
-40
-32
-23
-30
-23
-22
-25
-16
-27
-26
-20
-20
-14
-12
-13
-12
-12
-17
-14
-5
-7
-9
-1
3
4
7
2
-1
3
3
-1
4
6
-1
5
3
3
9
2
2
4
-6
4
10
10
15
15
23
24
23
24
19
28
38
38
37
37
44
39
42
39
34
41
44
37
30
29
31
29
25
28
34
34
30
27
19
16
18
19
24
22
24
28
24
20
15
22
21
9
18
16
7
11
16
16
14
15
10
10
9
9
7
7
7
2
4
8
2
-5
-9
-6
-15
-13
-10
-18
-12
-15
-17
-18
-18
-15
-18
-27
-26
-15
-22
-23
-23
-35
-27
-21
-27
-23
-13
-19
-21
-18
-16
-18
-19
-13
-18
-17
-10
-16
-19
-16
-20
-19
-20
-16
-10
-23
-16
-8
-18
-17
-9
-4
-2
-4
0
-3
-7
-5
-8
-6
-7
-9
1
1
2
6
3
0
-1
3
-8
-7
1
-4
0
7
7
4
4
6
5
1
4
6
5
5
3
6
9
5
12
19
15
12
7
0
2
11
7
12
17
8
11
17
13
11
9
5
8
11
9
4
9
9
0
5
10
16
17
16
16
5
16
20
17
21
19
25
13
7
15
15
10
4
6
3
0
0
0
1
7
17
14
16
12
4
8
3
1
4
8
7
12
16
6
8
7
2
0
-1
0
3
1
-4
0
-1
-1
4
3
-1
-5
0
-4
-2
2
-13
-4
5
-5
1
2
-3
2
6
9
4
5
0
-4
-5
-8
-5
-6
-2
-2
-6
-11
-15
-14
-17
-15
-15
-18
-6
-11
-18
-7
-9
-12
-12
-10
-9
-11
-11
-10
-17
-17
-4
-4
2
7
-3
-5
-7
-10
-3
-6
-8
0
-4
-5
-4
-3
6
7
3
-2
-3
-3
-1
3
-1
-4
-4
-3
-1
-5
-3
4
-2
-9
-7
-8
-13
-15
-9
-3
1
10
5
1
7
-1
-4
-3
-6
-6
-3
2
1
3
9
4
2
8
5
7
7
3
0
9
12
5
10
9
9
11
3
5
2
-1
3
8
9
7
8
7
6
1
2
7
3
0
3
1
6
7
-4
-5
-4
-3
1
4
-1
-5
4
-4
-1
7
3
6
5
3
3
4
9
2
1
-1
-9
-2
-7
-9
1
-4
-4
-2
-10
-6
-5
-14
-22
-16
-16
-15
-8
-16
-15
-7
-11
-12
-13
-18
-19
-17
-19
-22
-18
-21
-18
-15
-16
-16
-22
-20
-21
-16
-13
-15
-11
-16
-15
-12
-20
-23
-15
-20
-23
-15
-15
-17
-19
-19
-25
-23
-19
-24
-17
-10
-14
-19
-14
-11
-15
-13
-6
-6
-6
0
7
4
-2
0
2
3
7
14
16
11
12
15
15
17
18
20
22
17
13
18
24
23
23
26
27
28
29
29
29
30
32
28
29
32
36
36
31
39
36
34
45
46
48
43
42
43
36
41
44
45
46
46
45
40
32
33
35
29
28
27
24
18
21
24
18
19
16
11
15
12
3
-3
-3
-2
0
-4
-9
-3
-7
-15
-14
-15
-11
-13
-18
-23
-24
-18
-22
-27
-26
-32
-36
-31
-36
-38
-32
-37
-39
-34
-38
-40
-38
-40
-42
-47
-48
-50
-52
-46
-52
-58
-47
-53
-55
-40
-43
-45
-38
-43
-45
-38
-36
-39
-35
-31
-31
-33
-30
-30
-29
-24
-26
-24
-18
-19
-18
-9
-12
-9
9
2
1
10
8
9
11
7
6
10
8
11
11
9
17
19
24
22
16
17
22
30
30
30
31
32
33
36
36
33
40
42
42
44
43
45
38
30
39
34
29
44
46
39
41
42
36
33
38
39
42
40
30
31
32
24
22
27
30
20
15
19
23
25
17
13
19
20
22
21
19
22
18
15
13
9
6
8
1
4
4
2
9
-6
-10
-13
-19
-14
-18
-16
-27
-27
-28
-30
-26
-33
-33
-42
-38
-34
-39
-37
-43
-42
-38
-46
-51
-53
-60
-56
-50
-47
-44
-46
-43
-47
-54
-43
-41
-49
-39
-41
-53
-39
-41
-44
-39
-46
-40
-43
-43
-37
-37
-27
-30
-25
-14
-18
-18
-14
-12
-16
-12
-9
-7
-9
-8
-6
-10
-12
-9
1
1
1
7
9
12
8
10
14
19
17
15
22
33
30
25
25
27
28
27
36
40
32
30
28
37
38
35
35
41
50
44
46
45
42
45
42
46
48
47
41
46
52
44
41
39
38
33
33
37
28
29
40
31
30
34
25
26
23
20
22
16
22
25
16
17
22
19
21
21
20
21
10
5
13
11
15
12
5
6
7
5
11
11
5
10
2
-6
-2
-1
-3
-2
-4
-8
-10
-8
-6
-17
-17
-15
-19
-15
-22
-24
-14
-15
-19
-19
-19
-24
-26
-21
-23
-29
-30
-26
-20
-20
-18
-12
-9
-9
-20
-21
-18
-20
-20
-24
-19
-11
-22
-26
-18
-15
-19
-16
-17
-18
-14
-13
-15
-16
-10
-10
-16
-12
-4
1
-2
-6
-2
-1
-1
3
0
-5
-6
1
7
5
8
0
-4
3
7
11
12
19
9
8
10
3
7
7
7
4
2
10
10
4
7
17
18
18
24
15
10
19
19
15
18
19
25
21
19
22
15
26
30
19
17
25
30
18
12
9
13
18
13
7
7
6
5
1
2
6
-4
-8
2
-3
-5
2
4
-2
5
4
-8
-8
-9
-15
-16
-5
-11
-18
-21
-26
-19
-26
-21
-21
-21
-16
-19
-17
-25
-22
-24
-33
-30
-34
-27
-14
-19
-25
-25
-26
-29
-34
-35
-33
-33
-32
-30
-28
-32
-31
-33
-35
-31
-28
-21
-19
-23
-29
-29
-30
-43
-39
-31
-30
-29
-31
-29
-28
-24
-24
-25
-22
-21
-17
-18
-22
-25
-16
-5
-2
-7
-9
-6
2
3
-7
-4
-4
-9
-1
-5
-4
-2
-6
6
10
5
9
7
5
15
14
18
22
16
24
26
15
21
19
25
30
32
37
37
43
40
27
32
38
36
39
39
38
43
42
40
44
43
36
37
35
38
38
37
44
41
41
43
40
46
41
42
47
51
43
30
35
33
35
45
36
37
39
31
28
24
25
27
29
35
34
29
29
24
17
22
27
27
24
20
20
21
22
20
17
15
5
0
2
4
3
4
1
-2
4
1
0
4
-3
-12
-9
-4
-13
-16
-12
-11
-11
-14
-11
-12
-15
-14
-18
-17
-21
-28
-20
-17
-29
-31
-29
-24
-30
-37
-35
-37
-34
-41
-42
-36
-41
-39
-45
-46
-35
-36
-40
-45
-42
-34
-31
-36
-38
-38
-37
-39
-38
-28
-26
-18
-20
-26
-22
-25
-25
-21
-23
-22
-19
-18
-17
-15
-15
-9
-12
-14
-7
-9
-11
-8
-12
-13
-12
-8
0
2
-7
-4
0
-3
1
-2
-7
0
7
5
4
7
5
9
6
3
0
1
8
5
2
4
6
1
0
3
-5
-7
-2
0
8
7
7
5
5
11
7
7
10
11
8
8
8
6
9
2
-2
3
-2
1
9
8
7
5
4
6
3
3
6
-1
-2
1
5
2
-9
-1
6
3
4
8
5
5
8
13
13
4
7
9
10
13
5
8
10
11
7
3
7
5
8
11
9
7
3
2
-1
-5
-8
-7
-9
-8
-3
2
7
0
-6
-10
-6
1
-6
-4
3
3
3
2
7
5
0
2
2
6
3
-3
-4
-13
-21
-14
-13
-16
-7
-8
-6
-1
-15
-20
-7
-11
-18
-14
-12
-10
-10
-9
-4
-5
-9
-5
-4
-6
-8
-3
5
1
1
0
2
8
6
3
5
9
9
14
14
5
4
9
9
8
14
15
12
8
5
14
17
7
12
14
5
2
1
5
11
9
10
13
13
14
12
11
14
10
15
20
10
5
10
11
12
14
9
15
15
11
21
13
7
14
12
7
7
9
9
5
4
5
1
2
13
9
1
4
1
-3
5
13
20
14
8
15
10
11
17
2
-6
1
10
5
0
1
-2
-3
-3
1
-1
-1
0
3
7
0
-3
1
6
-3
-12
-11
-7
-11
-8
-3
-1
-2
-8
-5
-1
1
1
-5
-9
-5
-3
1
8
2
4
0
-18
-13
-11
-8
0
-6
-4
-5
-1
16
22
20
5
-7
6
8
-9
-20
-17
-10
-1
3
-9
-6
-4
5
18
7
-3
-6
-9
-19
-18
-7
-1
-5
-3
8
10
10
20
20
2
-15
-4
4
-11
-22
-16
8
8
-5
13
13
4
16
19
9
-16
-17
-5
-17
-10
-10
-26
-30
-23
1
14
14
11
-9
-21
-11
5
6
-3
-6
-17
-6
6
-5
-5
5
4
-16
-17
-4
-21
-26
-2
-2
-15
-2
13
11
1
-12
-5
3
-2
-2
-11
-29
-23
-1
-11
-24
-12
-2
-13
-27
-7
10
5
5
6
-1
-23
-27
-7
8
5
-5
2
0
13
25
7
7
19
17
7
4
2
6
17
0
-9
-1
0
17
22
11
8
1
12
7
2
13
7
-9
-13
4
9
4
-7
-39
-23
4
-7
4
14
16
10
-6
15
32
13
-7
-10
-16
-12
5
6
4
4
3
-8
-6
13
-2
-12
10
26
32
20
9
8
18
8
-18
-15
-14
4
33
19
0
11
30
19
-3
-5
11
-5
-16
3
-6
-11
10
16
4
20
22
9
17
3
22
15
-32
-48
-50
-4
10
-26
-8
-3
-5
18
17
-20
-35
4
-18
-25
1
-5
-16
-35
-11
-15
-35
-8
17
11
6
20
16
31
35
-2
-33
-11
-9
-32
-38
-52
-17
-12
-18
29
51
29
-6
5
-2
-43
-11
15
-1
32
38
24
-41
-96
-83
-81
-55
-63
-3
-393
-546
78
250
50
30
223
207
353
519
77
-277
-193
89
1
-438
-677
-509
-362
-104
484
766
518
150
183
179
39
186
211
-129
-483
-391
-218
-307
-137
226
158
-226
-174
98
-176
-291
177
387
195
-33
-86
-145
-253
-101
55
44
9
-10
-62
-202
-166
29
170
233
189
147
101
57
158
286
229
46
33
95
-30
-168
-46
127
97
117
248
215
134
161
79
35
142
185
108
-31
-112
-175
-203
-172
-140
-69
-67
-129
-114
-59
-10
75
103
15
-28
-35
-116
-181
-119
-27
7
56
91
91
44
13
16
-4
-50
-111
-80
-63
-65
-9
26
25
-46
-69
-58
-131
-143
-86
-107
-113
-65
-50
-47
-59
-37
-43
-99
-107
-101
-58
-56
-65
-50
-61
-74
-65
27
45
26
66
71
46
-20
-52
-7
24
44
72
101
106
77
187
268
223
240
224
184
168
192
176
114
91
70
44
17
51
109
129
98
97
135
103
89
82
25
-6
28
12
-11
53
23
-7
57
59
37
76
117
30
-54
-67
-52
-5
-68
-130
-128
-134
-81
-35
-80
-104
-54
-80
-168
-230
-277
-302
-263
-171
-155
-216
-209
-183
-188
-172
-205
-214
-202
-263
-282
-224
-200
-216
-195
-184
-166
-117
-98
-112
-117
-98
-91
-120
-126
-110
-97
-65
-77
-100
-90
-63
-59
-63
-57
-86
-58
-28
-29
16
37
59
100
73
26
20
35
57
86
91
96
97
40
0
37
59
64
96
161
206
172
153
131
116
138
145
135
128
153
155
123
142
189
196
167
157
149
75
80
152
148
130
108
77
46
35
61
67
44
48
69
37
2
16
-4
-32
-19
8
57
43
11
4
-16
-20
15
66
54
68
91
57
58
87
89
64
85
93
36
15
3
8
44
77
93
115
135
99
128
172
135
109
118
88
36
75
116
139
154
155
184
185
155
137
127
102
105
117
106
99
109
122
129
113
90
115
143
108
87
119
65
14
43
57
76
96
57
-2
7
8
-3
-11
-3
-3
-35
-8
-19
-41
-23
-9
4
-32
-60
-83
-97
-73
-103
-95
1
-32
-123
-94
-57
-100
-99
-37
-26
-77
-94
-62
-83
-154
-155
-135
-175
-174
-93
-30
-79
-98
-12
-63
-149
-84
-19
-104
-248
-160
-74
-193
-164
-15
-7
-110
-72
21
-38
-96
-26
36
-52
-100
-26
-49
-127
-66
34
-24
-83
24
46
-62
-65
-19
-30
-58
-54
12
2
-65
-37
2
-2
-51
-65
-82
-120
-73
-81
-112
-51
-18
-77
-77
-27
-74
-114
-80
-59
-105
-88
-22
-112
-186
-88
-49
-101
-91
-33
19
-57
-116
-36
-38
-98
-105
-67
-54
-93
-101
-54
-26
-70
-86
-5
30
-59
-101
-28
-7
-77
-72
-8
-55
-85
-9
32
-48
-69
60
17
-100
-14
40
-105
-123
53
40
-69
13
94
-11
-33
62
55
32
59
61
12
-39
-25
21
16
-2
93
159
70
53
113
63
23
89
111
66
56
77
52
38
53
54
53
39
58
83
87
105
154
144
62
78
112
50
-1
50
101
71
92
141
102
45
33
51
44
68
115
85
93
122
81
69
101
89
62
87
111
62
21
74
102
55
54
107
74
32
96
123
136
123
95
116
80
25
57
101
60
48
126
136
37
1
88
71
-10
50
151
97
-8
66
160
60
-51
45
134
12
-44
68
79
-30
20
125
37
-59
-15
38
-54
-96
12
25
-29
-18
3
-3
-25
-31
-16
-46
-95
-59
-3
-34
-100
-83
-1
-33
-106
-23
23
-66
-77
30
16
-91
-49
23
-38
-122
-84
-46
-101
-87
-41
-46
-70
-85
-56
-34
-50
-77
-66
-58
-95
-91
-88
-107
-104
-110
-112
-89
-100
-84
-36
-67
-87
-80
-68
-55
-85
-113
-85
-60
-129
-97
5
-41
-93
-82
-70
-89
-99
-66
-74
-79
-29
-24
-39
-51
-57
-36
-53
-99
-90
-37
-82
-137
-59
-45
-133
-110
-22
-88
-181
-55
27
-67
-74
-18
-33
-109
-128
-74
-40
-34
-35
-5
-19
-34
-6
-32
-84
-61
-28
-68
-67
-2
56
33
-10
36
65
6
-16
26
-9
-37
43
82
14
-33
10
51
40
54
130
144
53
38
109
69
-25
22
83
39
14
65
106
91
74
79
86
65
64
63
58
91
76
82
124
106
63
76
99
89
96
110
64
29
82
95
68
85
122
128
97
75
78
73
41
18
68
85
41
63
107
92
47
53
85
65
45
84
103
59
21
59
93
26
-8
69
118
45
25
124
96
-12
21
91
32
-39
19
64
18
-8
31
87
62
-4
22
59
13
-2
45
27
-67
-70
33
39
-24
9
71
26
-19
40
60
-12
-29
-1
-27
-56
-24
-4
-32
-44
-35
-15
7
6
2
25
13
-39
-46
-40
-63
-73
-52
-37
-51
-49
-29
-47
-59
-25
-17
-59
-60
-34
-25
-9
-9
-46
-86
-68
-27
-29
-66
-40
16
-16
-63
-44
-12
-27
-37
-21
-14
-14
-3
10
-23
-38
10
11
-38
-40
11
15
-39
-6
47
-7
-40
-8
5
7
7
9
17
1
1
18
9
-13
17
49
32
15
10
-1
14
3
-30
-3
40
19
-24
29
56
-13
-19
33
37
-26
-44
9
21
-14
-18
35
40
-19
17
62
20
-28
-20
-16
-56
-50
-6
-3
-30
-20
35
39
-17
-2
24
-26
-69
-29
25
-12
-37
-23
-24
-11
-14
-10
29
32
-15
-16
-9
-72
-96
-51
-47
-79
-49
7
4
-27
-38
-4
-21
-83
-64
-13
-35
-113
-71
39
-16
-130
-85
13
-42
-115
-35
22
-41
-59
20
18
-65
-68
-41
-69
-92
-49
-14
-41
-61
-50
-26
-52
-61
-5
11
-15
-36
-10
-28
-81
-55
-4
3
-3
19
32
10
-21
-7
20
-13
-37
-16
26
45
30
34
34
35
42
27
24
28
34
20
18
36
20
29
64
63
19
38
97
61
9
32
60
4
-16
74
86
42
62
77
52
44
50
13
4
36
53
46
27
35
44
49
45
17
20
29
20
23
13
-6
12
39
33
21
29
46
27
-8
11
33
11
-23
-15
9
-9
-14
6
15
9
16
28
-6
9
55
1
-21
40
18
-60
-24
44
-13
-41
33
65
-2
-42
17
35
-18
-60
-38
-13
-55
-39
15
19
-9
-10
50
36
-71
-57
20
-28
-108
-78
-3
-26
-70
-18
24
3
-23
-30
-5
-6
-33
-25
-13
-18
-19
-27
-39
-29
-14
-9
-5
7
23
7
-24
-17
12
-1
-18
8
43
29
-28
-24
34
25
-58
-27
73
20
-43
24
61
9
-6
27
29
-6
-6
31
36
16
15
51
60
43
60
79
69
35
44
76
42
-12
4
45
46
38
68
99
84
57
61
69
28
6
47
58
39
37
30
26
32
19
-13
8
75
73
24
27
58
37
-5
-17
-5
6
-26
-52
0
35
-13
-42
0
23
5
-7
7
9
-24
-14
-4
-26
-26
-47
-42
-16
-31
-32
11
27
-17
-50
-29
-13
-43
-52
-28
-36
-67
-59
-13
-37
-84
-36
-5
-42
-67
-32
-8
-43
-61
-49
-23
-33
-52
-40
-44
-47
-39
-53
-54
-20
-28
-63
-50
-23
-33
-62
-75
-56
-59
-96
-83
-45
-57
-70
-17
0
-60
-71
-33
-37
-61
-59
-43
-51
-65
-49
-47
-48
-31
-30
-37
-34
-4
15
7
8
5
-16
-47
-53
-21
-8
-35
-29
20
22
-21
18
71
26
-10
32
70
14
-31
39
56
-31
-40
38
54
16
34
76
65
34
47
76
37
18
56
44
28
42
57
54
40
57
66
61
59
78
91
69
60
74
66
26
21
63
58
34
67
89
55
49
52
31
50
56
31
43
72
40
1
43
61
13
4
47
55
19
27
45
33
25
9
0
4
1
6
9
-4
15
39
4
-22
13
34
18
25
22
0
-2
-10
-27
-30
-4
-7
-47
-38
-11
-21
-21
-6
-8
-20
-19
-33
-36
-21
-44
-68
-58
-39
-51
-44
-12
-23
-52
-29
-12
-52
-59
-36
-57
-82
-58
-38
-65
-70
-32
-16
-36
-64
-48
-18
-74
-104
-47
-36
-81
-89
-39
-48
-74
-44
-42
-74
-67
-37
-48
-47
-23
-30
-45
-47
-40
-39
-46
-40
-13
-7
-28
-15
-7
-34
-42
4
16
-50
-56
