0
0
-1
0
0
0
0
-1
0
0
0
0
0
0
0
0
0
0
0
0
0
0
-1
0
0
0
0
0
0
0
0
0
1
0
-1
0
0
0
0
0
0
0
0
0
0
0
0
0
0
0
0
0
0
0
-1
0
0
0
0
0
0
0
0
0
0
0
0
0
1
0
0
0
0
0
0
0
1
0
0
0
1
1
0
0
0
-1
1
1
0
0
0
0
0
0
0
1
0
0
0
1
0
0
0
0
0
-1
0
0
0
0
0
0
0
0
0
0
-1
-1
-1
0
0
0
0
-1
0
0
0
0
0
0
0
0
0
1
0
1
0
0
0
0
0
0
1
-1
0
1
-1
0
0
0
0
0
0
0
-1
0
0
0
-1
0
-1
0
0
0
0
0
-1
0
0
0
0
0
0
-1
0
0
0
0
0
0
0
0
-1
-1
0
0
0
0
0
1
0
0
0
0
0
-1
0
0
0
0
0
0
0
0
0
1
0
1
0
0
1
-1
1
0
0
0
-1
-1
0
0
0
-1
0
-1
0
0
0
-1
0
0
0
0
1
0
0
0
0
0
0
1
0
1
0
0
0
0
0
0
1
0
0
0
1
1
0
0
0
0
0
0
0
0
-1
1
0
0
0
0
0
0
0
1
0
0
-1
1
0
0
-1
0
0
0
1
0
0
1
0
1
0
0
0
-1
-1
0
1
0
1
1
2
1
1
0
1
0
0
2
1
2
2
-1
-1
-2
-1
0
-1
2
0
1
2
0
0
-1
-2
-1
-1
0
1
-4
-3
-1
0
0
0
2
0
-2
-4
-4
-4
-7
-3
-2
-2
0
-4
-4
-3
-1
2
-3
-2
-5
-6
-5
-7
-3
-3
-3
-2
-5
-3
-3
-8
-9
-6
-4
-2
-1
3
-2
-8
-7
-8
-12
-11
-9
-3
-3
0
3
-6
-13
-12
-9
-8
-2
-5
-13
-11
-12
-6
-1
-6
-8
-10
-13
-13
-16
-15
-8
-4
-3
-9
-8
-9
-16
-17
-19
-18
-14
-11
-9
-11
-11
-8
-6
-12
-12
-12
-15
-19
-20
-15
-17
-15
-7
-7
-12
-19
-19
-13
-10
-6
-1
-4
-18
-22
-18
-20
-21
-19
-7
-8
-14
-9
-3
-5
-25
-20
-6
-14
-12
-9
-3
-16
-27
-27
-35
-25
-10
5
5
-1
1
-12
-27
-30
-32
-33
-23
-5
-3
-16
-25
-19
-17
-19
-16
-10
-10
-12
-15
-16
-20
-28
-27
-33
-49
-30
-10
-15
10
8
-11
-6
-40
-43
-32
-35
-15
-16
-15
-12
-13
-17
-31
-22
-23
-29
-18
-12
-13
-15
-18
-13
-8
-21
-36
-32
-29
-31
-26
-14
-11
-18
-17
-6
-8
-21
-20
-16
-22
-16
-18
-38
-65
-83
-88
-154
-155
-204
-206
-238
-194
855
1645
1486
1426
1342
1264
1226
1134
1079
1013
938
876
826
797
774
727
674
631
606
569
521
498
471
437
414
403
393
359
317
284
258
223
177
141
123
126
129
78
48
49
11
-7
-26
-34
-66
-97
-76
-75
-60
-119
-179
-163
-224
-231
-196
-229
-202
-197
-264
-257
-262
-277
-250
-292
-306
-286
-301
-314
-311
-288
-299
-309
-308
-317
-314
-294
-266
-291
-314
-303
-309
-313
-321
-335
-314
-310
-298
-277
-289
-304
-327
-320
-309
-315
-325
-312
-265
-262
-274
-254
-241
-268
-270
-241
-209
-197
-215
-201
-199
-219
-224
-230
-226
-219
-202
-174
-179
-194
-203
-193
-177
-190
-162
-149
-168
-149
-125
-99
-116
-124
-111
-137
-139
-143
-143
-107
-86
-107
-117
-115
-131
-127
-125
-119
-104
-91
-72
-73
-86
-105
-99
-85
-86
-74
-45
-27
-31
-16
-27
-54
-47
-36
-16
-27
-45
-29
-24
-16
-7
7
46
33
25
38
31
21
21
30
31
31
30
33
17
40
51
-11
-1
26
3
5
6
-4
-32
-53
-33
-36
-37
-42
-52
-36
-30
-28
-19
-34
-43
-36
-67
-62
-46
-45
-48
-80
-74
-72
-96
-101
-105
-103
-101
-97
-96
-106
-115
-109
-100
-125
-132
-107
-147
-176
-159
-154
-148
-140
-125
-142
-145
-110
-97
-100
-121
-120
-96
-125
-139
-134
-141
-152
-166
-123
-109
-112
-88
-104
-116
-130
-120
-112
-108
-92
-110
-87
-34
-5
-6
-16
-27
-8
4
-21
-10
14
25
19
28
30
9
4
3
3
26
53
57
41
44
64
40
41
56
66
76
38
16
27
23
26
15
-22
-17
-18
-22
-11
-20
3
9
-11
-11
-16
-20
-11
-1
25
15
-4
12
-2
8
7
-11
-10
-39
-54
-49
-78
-97
-68
-78
-66
-30
-52
-45
-9
-14
-17
-13
-37
-44
-27
-10
1
-4
14
33
15
29
42
23
17
6
15
9
19
37
35
51
42
35
43
50
44
52
85
81
87
113
117
112
96
89
91
80
74
92
87
81
107
132
126
116
107
97
110
98
110
113
97
123
99
82
105
88
67
60
59
50
25
30
36
43
76
71
68
86
82
56
54
69
73
71
64
76
73
49
35
26
51
61
42
55
61
42
46
54
59
67
66
54
46
66
77
76
77
74
70
68
81
88
104
123
108
104
110
122
136
136
118
114
142
134
122
136
134
129
120
112
112
115
143
147
129
142
146
153
136
111
118
112
85
86
109
84
75
83
60
61
66
66
73
68
57
32
25
29
-4
-14
-1
-3
-16
-36
-40
-31
-50
-82
-94
-93
-87
-76
-70
-89
-96
-99
-120
-114
-117
-127
-124
-133
-125
-121
-107
-110
-138
-131
-137
-152
-139
-149
-146
-151
-164
-148
-150
-150
-161
-179
-169
-151
-142
-151
-169
-184
-182
-170
-165
-159
-157
-149
-137
-138
-134
-135
-136
-121
-140
-132
-105
-103
-102
-107
-91
-91
-112
-116
-126
-121
-109
-108
-104
-100
-95
-102
-111
-112
-107
-95
-106
-113
-116
-113
-107
-98
-102
-96
-56
-71
-100
-93
-91
-103
-112
-106
-99
-99
-107
-103
-115
-119
-100
-88
-74
-81
-95
-78
-84
-95
-68
-61
-70
-72
-75
-70
-77
-81
-65
-56
-67
-66
-68
-64
-64
-56
-26
-47
-53
-40
-43
-27
-15
-18
-14
-15
-25
-6
6
5
20
20
2
20
30
14
16
23
24
45
51
37
57
54
49
66
66
62
64
79
75
90
113
104
94
85
87
97
102
92
93
101
94
100
104
128
140
122
131
131
106
105
103
109
130
126
125
132
137
130
116
126
119
91
106
129
131
124
113
111
105
88
84
83
74
88
102
93
100
106
109
99
81
81
89
96
101
116
128
125
114
123
127
106
104
102
93
111
139
135
126
132
138
125
103
116
130
124
133
144
154
158
151
134
107
118
140
130
142
146
147
159
134
135
135
121
116
109
127
147
141
120
115
126
115
103
99
86
77
74
73
85
86
76
64
54
34
13
17
24
17
-1
-2
12
-11
-34
-29
-29
-41
-56
-44
-48
-61
-46
-57
-81
-78
-85
-99
-106
-120
-122
-114
-117
-119
-113
-119
-114
-132
-155
-136
-148
-142
-122
-133
-114
-117
-145
-137
-134
-151
-143
-137
-127
-123
-115
-91
-103
-110
-127
-146
-147
-159
-152
-118
-105
-105
-102
-107
-115
-130
-133
-119
-109
-103
-99
-85
-72
-89
-98
-94
-116
-118
-101
-103
-82
-56
-64
-57
-60
-85
-101
-101
-97
-107
-99
-71
-69
-67
-58
-71
-75
-93
-107
-81
-87
-76
-65
-68
-50
-59
-62
-87
-105
-93
-83
-76
-85
-78
-57
-56
-73
-81
-95
-101
-87
-77
-62
-47
-38
-26
-23
-32
-34
-45
-49
-23
-23
-32
-15
-8
-9
-14
-34
-37
-43
-41
-37
-30
3
22
24
34
22
1
4
5
6
24
48
50
67
84
65
62
38
22
15
15
43
53
78
76
60
64
52
40
45
52
64
79
74
85
100
93
88
78
65
61
56
68
85
90
94
100
96
80
60
46
56
59
49
66
81
84
76
75
67
46
47
40
50
56
53
60
53
54
37
8
-7
-9
10
19
23
38
51
49
35
15
7
20
20
19
35
45
63
69
64
63
47
37
39
49
71
75
65
79
81
81
81
73
72
66
95
110
115
143
147
130
121
112
114
129
132
132
141
156
147
137
136
127
115
111
110
103
123
134
131
138
131
117
95
81
72
77
94
97
103
105
90
72
60
49
51
43
39
55
52
54
48
34
17
-12
-21
-20
-20
-14
-21
-19
-2
-11
-36
-53
-56
-48
-66
-64
-42
-48
-52
-60
-78
-89
-84
-88
-93
-73
-60
-63
-64
-51
-39
-63
-82
-77
-67
-69
-69
-51
-42
-35
-26
-38
-54
-57
-52
-43
-38
-37
-30
-28
-17
-12
-26
-17
-26
-39
-22
-29
-28
-26
-37
-35
-40
-45
-46
-56
-55
-52
-75
-78
-79
-101
-88
-86
-94
-99
-106
-101
-108
-116
-123
-125
-117
-125
-130
-126
-131
-127
-126
-137
-140
-135
-145
-146
-147
-150
-157
-177
-178
-184
-174
-157
-169
-163
-150
-143
-139
-146
-142
-123
-124
-125
-111
-108
-95
-93
-102
-97
-91
-82
-83
-79
-69
-57
-44
-43
-37
-26
-13
-1
-1
-1
17
19
2
24
40
37
57
57
50
69
71
60
64
71
69
65
66
71
78
97
114
113
110
107
110
108
103
103
113
129
125
126
133
120
107
107
105
91
88
96
101
106
100
91
72
69
76
74
87
86
83
92
82
86
85
72
68
65
62
56
55
72
71
69
65
44
47
40
26
36
54
51
39
46
47
56
57
53
62
72
66
66
87
102
96
92
86
87
95
80
89
97
98
113
95
93
91
83
92
92
96
103
112
115
111
104
107
108
109
112
106
109
109
114
122
103
96
104
96
86
88
85
82
82
79
74
71
70
65
57
60
66
55
43
41
42
43
47
43
31
29
32
19
19
25
18
24
8
-5
-6
-13
-15
-13
-17
-33
-39
-46
-48
-49
-60
-56
-41
-45
-40
-28
-42
-45
-53
-57
-58
-63
-54
-58
-60
-60
-76
-72
-64
-77
-82
-83
-79
-74
-72
-77
-79
-72
-73
-63
-63
-69
-57
-59
-67
-63
-64
-81
-86
-79
-88
-94
-88
-81
-78
-78
-80
-85
-82
-87
-83
-78
-98
-97
-95
-102
-97
-90
-97
-104
-96
-100
-103
-99
-102
-102
-108
-107
-101
-95
-97
-107
-110
-114
-123
-122
-113
-115
-118
-120
-125
-125
-130
-123
-112
-107
-100
-99
-96
-84
-77
-81
-83
-86
-89
-81
-91
-100
-90
-93
-99
-103
-98
-78
-77
-82
-77
-60
-56
-52
-49
-47
-25
-24
-23
-14
-22
-7
8
-7
-6
3
4
11
10
14
22
20
22
26
31
45
50
45
58
68
71
78
78
80
83
71
66
73
79
86
105
125
124
127
141
130
112
113
105
108
116
125
128
115
128
126
118
124
116
114
112
115
129
125
138
151
124
116
122
118
120
109
105
105
100
101
102
102
107
97
86
95
97
105
111
102
99
107
109
97
83
82
92
82
75
76
71
60
49
54
44
56
73
60
64
61
57
69
66
59
69
81
72
61
69
58
43
48
45
38
28
21
23
29
30
29
30
31
32
33
35
24
17
17
1
1
7
-7
-11
-5
-4
-15
-32
-42
-46
-46
-53
-60
-56
-50
-56
-51
-57
-91
-89
-92
-100
-91
-95
-104
-108
-109
-116
-126
-125
-122
-112
-105
-113
-112
-99
-105
-113
-105
-105
-109
-115
-118
-113
-114
-106
-103
-105
-99
-92
-86
-82
-75
-69
-65
-61
-61
-60
-49
-44
-53
-47
-42
-44
-35
-31
-34
-37
-36
-29
-18
-10
-11
2
28
18
6
25
25
21
20
8
11
24
34
29
25
35
32
21
19
9
19
34
21
23
36
33
26
12
7
19
22
15
6
2
0
-1
-4
-8
-4
-11
-24
-27
-29
-27
-24
-23
-23
-28
-32
-35
-50
-54
-44
-57
-62
-63
-67
-64
-64
-53
-36
-39
-40
-23
-25
-29
-26
-29
-22
-33
-34
-22
-26
-27
-25
-15
-10
-3
-5
-9
-1
-12
-3
9
12
31
42
53
51
42
33
25
33
37
32
30
28
27
37
49
57
64
61
65
79
83
85
86
85
90
89
92
95
82
89
93
84
86
79
73
77
78
88
86
84
95
103
107
106
103
107
113
107
104
100
88
87
77
62
61
61
60
62
71
73
73
84
80
67
63
56
55
64
60
60
60
59
54
44
42
51
50
43
42
42
49
51
41
48
55
56
63
56
62
65
54
47
26
27
25
14
13
11
12
17
13
12
30
25
24
16
4
15
20
15
5
7
3
-13
-25
-25
-33
-36
-31
-45
-46
-47
-51
-53
-64
-59
-64
-73
-55
-45
-56
-67
-75
-76
-85
-92
-99
-108
-108
-111
-113
-111
-108
-104
-110
-116
-108
-103
-98
-96
-107
-100
-93
-115
-121
-108
-107
-106
-114
-120
-110
-106
-102
-107
-103
-97
-92
-86
-85
-77
-78
-78
-68
-67
-63
-54
-59
-62
-60
-62
-61
-47
-32
-32
-22
-18
-5
16
19
24
26
22
28
33
40
53
54
50
39
29
36
39
42
46
50
52
56
64
70
76
82
76
76
84
90
97
91
79
76
64
55
60
53
48
52
45
32
31
37
34
40
37
29
38
37
40
36
36
35
27
23
16
9
1
2
-12
-22
-22
-26
-14
-14
-15
-8
-17
-19
-12
-3
4
2
5
1
-2
-3
-10
-20
-31
-17
-23
-40
-41
-50
-46
-42
-48
-37
-26
-16
-7
-15
-14
-1
-2
4
14
12
16
9
3
6
-5
-14
-8
1
3
2
16
31
30
25
34
38
39
43
47
59
56
46
42
37
38
37
25
18
21
31
33
23
29
26
25
37
35
40
52
55
50
42
42
42
28
14
6
-2
2
-7
-10
-1
-9
-16
-16
-9
6
13
19
22
28
29
29
30
24
25
14
9
4
-7
-4
-5
-6
7
16
10
8
16
22
23
20
17
29
36
42
46
41
45
39
40
32
21
32
20
13
22
29
40
46
54
59
56
59
61
62
61
57
50
46
44
37
40
34
30
36
24
19
33
33
36
35
24
21
23
23
23
17
12
1
-1
-4
-15
-17
-36
-49
-48
-48
-45
-52
-51
-42
-40
-38
-42
-47
-52
-61
-72
-75
-84
-90
-89
-98
-111
-111
-104
-107
-109
-104
-100
-97
-106
-104
-92
-93
-98
-92
-80
-80
-66
-61
-72
-78
-91
-91
-97
-97
-85
-87
-75
-66
-67
-55
-46
-38
-32
-42
-41
-33
-29
-27
-34
-37
-37
-45
-45
-47
-56
-53
-45
-46
-51
-48
-40
-36
-29
-23
-22
-18
-12
-22
-26
-18
-32
-43
-44
-45
-42
-55
-63
-60
-77
-67
-59
-63
-50
-40
-37
-35
-43
-44
-44
-45
-44
-45
-47
-41
-35
-38
-45
-49
-42
-44
-52
-36
-26
-36
-39
-33
-27
-18
-12
-8
-14
-12
-1
-12
-22
-13
-1
-6
0
6
-2
4
9
15
18
17
34
45
37
43
54
57
56
55
62
68
65
68
62
61
71
62
59
65
62
64
67
64
72
86
84
85
91
88
81
84
81
82
91
79
84
92
80
73
68
78
71
70
83
82
82
75
71
71
70
70
72
75
70
74
80
73
77
76
70
81
81
72
67
69
80
81
79
87
87
86
87
85
87
92
97
101
108
111
113
106
96
106
119
117
112
116
113
109
117
111
112
126
123
118
112
108
114
119
119
118
122
112
119
132
123
122
123
119
109
100
104
98
81
81
80
67
60
61
66
55
40
42
45
36
27
23
23
19
10
4
3
5
-6
-17
-23
-37
-45
-59
-75
-70
-75
-81
-75
-91
-97
-87
-99
-107
-104
-115
-121
-127
-127
-131
-124
-118
-139
-139
-147
-156
-151
-159
-156
-157
-157
-150
-150
-151
-151
-156
-158
-154
-152
-139
-132
-142
-143
-132
-129
-131
-135
-125
-116
-120
-115
-118
-125
-121
-114
-110
-105
-98
-88
-87
-92
-93
-91
-84
-77
-81
-84
-73
-69
-79
-82
-82
-79
-85
-98
-87
-75
-73
-71
-71
-74
-71
-78
-77
-64
-68
-72
-71
-75
-77
-77
-78
-77
-82
-83
-76
-84
-83
-69
-77
-79
-72
-68
-64
-65
-72
-64
-59
-67
-60
-56
-52
-49
-46
-41
-44
-45
-47
-45
-38
-35
-37
-34
-29
-31
-22
-20
-17
-8
-8
-6
2
4
4
9
19
15
17
14
16
29
28
40
49
47
54
66
67
62
64
73
81
72
74
87
88
86
91
96
97
102
106
113
114
120
124
120
113
115
125
126
130
131
128
131
141
141
133
136
138
129
122
122
131
134
132
130
124
124
124
127
131
126
120
122
122
116
118
122
118
118
113
116
118
113
109
105
103
102
108
113
111
112
113
108
104
98
97
97
92
89
87
85
81
73
67
72
81
83
81
81
75
70
72
78
76
68
71
76
78
67
64
64
52
48
47
45
49
45
30
33
34
19
31
26
16
22
20
13
4
-4
-10
-7
-6
-14
-16
-24
-34
-43
-52
-52
-50
-62
-65
-59
-66
-71
-81
-86
-81
-86
-89
-90
-99
-106
-115
-126
-127
-139
-138
-139
-147
-143
-150
-153
-153
-150
-142
-145
-150
-155
-150
-150
-150
-142
-143
-152
-144
-139
-149
-144
-140
-138
-133
-134
-137
-132
-134
-135
-117
-116
-119
-116
-113
-105
-101
-110
-103
-91
-87
-83
-92
-83
-83
-90
-77
-74
-64
-65
-63
-48
-47
-45
-48
-43
-33
-29
-32
-29
-21
-31
-31
-28
-27
-17
-23
-33
-34
-30
-31
-20
-16
-24
-21
-21
-25
-28
-35
-36
-30
-28
-24
-27
-36
-35
-38
-42
-41
-49
-46
-45
-49
-49
-55
-57
-59
-67
-66
-70
-69
-64
-62
-59
-57
-63
-75
-66
-57
-57
-52
-61
-65
-62
-57
-43
-47
-59
-53
-41
-32
-31
-27
-25
-23
-22
-25
-18
-9
-13
-10
-5
-3
3
7
8
15
21
28
33
29
35
45
47
53
56
61
61
66
66
63
75
82
81
84
85
86
81
84
90
90
90
86
86
89
88
96
104
95
96
92
88
96
90
94
99
100
107
98
95
98
97
104
99
99
92
94
101
102
97
93
105
103
92
97
99
94
85
78
78
88
88
85
94
91
87
84
80
86
93
99
83
71
79
76
83
78
73
82
75
74
75
71
79
91
89
75
73
78
78
72
55
49
58
49
41
43
37
35
36
33
24
22
24
23
20
22
27
28
24
19
10
12
6
-9
-2
-12
-23
-28
-45
-46
-46
-45
-53
-58
-45
-54
-58
-53
-51
-50
-57
-46
-57
-68
-65
-73
-64
-66
-78
-81
-87
-91
-96
-97
-86
-78
-71
-77
-83
-79
-77
-76
-71
-72
-71
-63
-69
-71
-66
-63
-67
-68
-67
-74
-77
-67
-62
-62
-53
-47
-51
-41
-36
-38
-27
-19
-20
-18
-11
-19
-27
-16
-13
-23
-19
-16
-29
-23
-22
-32
-20
-17
-14
-4
-6
-12
-12
-10
-9
-5
-7
-8
2
6
-10
-15
-8
-8
-14
-20
-14
-20
-23
-21
-27
-30
-33
-41
-48
-45
-45
-51
-49
-58
-57
-52
-60
-60
-61
-62
-62
-62
-66
-77
-83
-94
-94
-84
-83
-74
-69
-68
-71
-86
-91
-78
-70
-75
-72
-66
-65
-65
-69
-71
-60
-62
-63
-61
-64
-57
-62
-62
-66
-69
-50
-49
-55
-45
-42
-30
-15
-18
-16
-4
11
16
6
10
15
5
7
16
21
23
28
33
24
19
20
32
40
38
54
69
66
67
77
70
68
76
75
76
79
80
74
75
71
60
66
66
70
84
86
91
86
70
73
68
66
73
79
89
83
77
77
72
67
57
52
51
57
64
65
70
63
56
57
58
61
57
70
81
73
71
63
54
54
53
58
57
49
59
60
54
62
72
77
75
75
83
85
80
75
79
79
83
84
83
89
86
81
85
90
90
95
95
104
115
104
107
104
97
94
82
82
88
81
81
88
89
81
64
62
69
65
59
57
64
68
56
45
52
41
33
37
29
30
21
2
-5
-10
-11
-14
-15
-18
-26
-33
-36
-38
-33
-43
-56
-44
-45
-59
-59
-59
-69
-81
-86
-90
-95
-96
-90
-94
-89
-89
-91
-84
-82
-76
-70
-65
-64
-57
-63
-73
-76
-85
-80
-73
-68
-66
-67
-63
-62
-66
-65
-53
-51
-50
-46
-44
-42
-47
-45
-29
-29
-31
-29
-32
-35
-36
-40
-34
-32
-40
-40
-45
-36
-29
-37
-27
-26
-37
-37
-39
-36
-44
-52
-58
-66
-67
-72
-74
-80
-84
-77
-86
-89
-92
-104
-106
-111
-117
-127
-133
-129
-119
-118
-132
-137
-135
-142
-152
-159
-164
-156
-152
-158
-148
-148
-158
-168
-176
-170
-170
-164
-152
-154
-152
-145
-144
-142
-140
-141
-142
-137
-128
-124
-118
-103
-98
-100
-84
-83
-85
-76
-72
-69
-58
-49
-45
-45
-50
-39
-33
-38
-30
-25
-3
7
5
24
28
32
27
16
25
33
32
37
46
51
56
63
67
64
60
62
72
77
85
88
86
93
97
91
83
90
96
87
87
97
98
93
87
98
105
93
88
90
86
88
92
90
103
111
106
103
92
99
105
97
106
107
106
105
99
92
91
102
96
90
94
90
93
97
92
91
94
88
78
76
77
73
75
82
87
82
80
82
83
94
95
89
92
96
93
84
72
73
75
66
74
73
61
55
59
58
40
34
36
38
43
38
34
42
36
27
22
16
15
9
6
4
2
-5
-9
-15
-15
-16
-29
-25
-20
-26
-35
-44
-44
-47
-42
-40
-44
-46
-48
-46
-50
-59
-62
-60
-69
-75
-68
-73
-76
-70
-70
-73
-75
-72
-72
-70
-66
-71
-71
-71
-71
-69
-64
-48
-46
-50
-54
-61
-52
-55
-57
-47
-48
-44
-40
-40
-41
-42
-34
-28
-25
-27
-23
-13
-10
-14
-15
-16
-16
-14
-4
0
-3
2
5
9
12
1
5
11
10
17
16
20
26
30
29
18
25
31
23
18
18
17
18
14
5
9
11
19
17
-3
-2
0
-5
-1
4
6
-4
-14
-16
-19
-14
-16
-25
-21
-22
-39
-39
-31
-49
-53
-47
-56
-56
-52
-58
-63
-59
-52
-64
-75
-61
-62
-75
-61
-50
-57
-70
-72
-66
-69
-70
-68
-58
-53
-57
-58
-56
-58
-64
-62
-55
-61
-54
-44
-44
-42
-42
-34
-28
-27
-19
-17
-17
-16
-7
-4
-5
-6
-5
3
6
12
12
9
23
31
25
27
34
43
51
54
59
63
62
59
61
64
69
76
80
85
87
89
88
84
82
82
83
77
79
84
86
95
97
95
100
103
101
98
100
102
106
103
106
99
89
90
80
82
93
85
82
93
94
83
84
91
89
83
78
80
76
69
63
64
63
55
52
49
41
40
44
42
40
36
34
31
29
28
25
23
19
17
14
14
8
1
10
4
-7
-4
-11
-23
-16
-20
-32
-24
-30
-39
-38
-42
-48
-46
-49
-55
-55
-62
-71
-75
-78
-85
-81
-82
-93
-100
-96
-90
-97
-104
-98
-92
-80
-81
-94
-87
-81
-88
-84
-76
-80
-85
-83
-84
-85
-82
-72
-66
-68
-69
-74
-72
-63
-58
-57
-59
-56
-55
-59
-48
-40
-39
-39
-42
-28
-30
-27
-9
-18
-14
0
0
6
2
9
14
7
14
17
21
29
25
24
36
38
30
33
36
41
54
58
51
55
61
57
50
48
60
64
60
58
54
56
54
53
58
52
55
54
46
51
46
40
37
40
44
40
41
40
38
29
21
19
17
13
13
11
11
9
0
11
10
-4
-7
-8
-13
-14
-11
-16
-13
-6
-7
-13
-22
-24
-22
-27
-20
-27
-34
-28
-36
-33
-30
-35
-33
-28
-33
-31
-23
-33
-28
-20
-25
-23
-30
-25
-18
-21
-10
-17
-21
-16
-20
-19
-22
-21
-18
-24
-23
-17
-22
-28
-26
-27
-21
-22
-24
-18
-21
-13
-15
-12
-10
-17
-15
-15
-17
-12
-10
-8
-10
-10
3
9
5
5
2
2
-5
-6
7
9
10
10
5
6
7
0
1
0
-2
4
8
3
2
0
3
5
2
2
0
4
9
10
17
19
26
26
22
24
21
22
24
24
22
23
30
22
23
26
20
27
30
22
31
40
37
32
34
35
31
31
31
30
24
26
31
20
19
25
21
12
11
17
15
12
10
6
8
9
0
1
4
-8
-17
-15
-15
-22
-30
-28
-26
-27
-28
-29
-31
-40
-38
-41
-41
-35
-47
-45
-42
-48
-51
-57
-57
-62
-71
-65
-58
-63
-62
-60
-55
-54
-62
-59
-54
-56
-57
-54
-51
-55
-53
-53
-58
-59
-55
-45
-45
-48
-49
-46
-42
-43
-36
-31
-32
-25
-25
-21
-23
-24
-16
-12
-8
-8
-9
-14
-15
-12
-16
-16
-11
-1
4
8
10
10
21
17
12
12
17
25
27
32
32
37
40
27
36
38
27
35
35
28
28
25
30
30
23
17
11
18
27
28
27
20
25
37
35
27
23
27
34
26
21
27
26
17
18
13
2
6
13
24
21
19
22
20
28
28
18
20
15
8
9
12
13
12
9
13
12
5
8
2
-1
10
9
3
2
6
0
-4
3
5
3
2
-2
-2
6
14
6
0
-2
-5
1
0
0
5
3
-1
4
4
-3
-7
-4
-5
-9
-5
-5
1
4
-6
-3
1
4
1
3
3
-8
2
6
1
10
9
6
7
10
15
14
16
14
17
17
6
11
24
27
32
27
27
34
29
28
26
33
47
45
45
49
46
45
44
49
55
58
59
61
66
54
52
61
61
62
65
69
69
67
68
66
68
63
56
56
56
53
48
50
56
55
55
54
48
46
50
45
45
48
38
37
38
40
41
41
44
32
31
30
12
10
12
11
7
7
8
3
3
1
2
-3
-10
-8
-2
-2
-13
-14
-9
-13
-20
-33
-35
-33
-35
-32
-34
-32
-29
-31
-32
-30
-30
-39
-42
-45
-41
-39
-43
-43
-51
-51
-59
-65
-59
-68
-74
-66
-68
-74
-66
-68
-73
-67
-68
-71
-75
-80
-79
-73
-65
-69
-78
-73
-71
-73
-73
-71
-65
-70
-72
-68
-71
-68
-67
-69
-66
-70
-71
-72
-68
-65
-73
-72
-68
-72
-69
-71
-67
-66
-73
-67
-63
-59
-55
-61
-57
-54
-61
-66
-64
-61
-61
-53
-58
-58
-49
-50
-53
-48
-47
-50
-45
-41
-39
-30
-25
-24
-22
-18
-18
-18
-16
-13
-9
-8
-12
-3
7
1
5
5
3
7
7
9
15
20
15
15
27
28
35
35
43
56
48
38
42
54
58
57
55
58
66
69
63
59
67
64
69
78
72
67
71
72
70
76
81
81
88
87
84
86
90
93
87
88
89
84
83
90
85
75
83
92
84
79
78
80
76
69
76
84
88
83
86
92
84
84
88
87
87
86
83
79
77
76
74
77
82
78
77
71
64
67
58
55
60
59
66
67
57
59
67
60
47
58
61
56
66
70
69
71
75
70
73
70
65
73
70
65
62
65
76
69
66
69
62
68
67
63
65
63
67
61
63
64
63
72
66
58
58
57
57
53
47
39
36
32
34
33
24
30
36
34
30
20
17
16
8
0
-3
-6
-9
-7
-17
-26
-23
-27
-34
-36
-49
-58
-51
-58
-65
-63
-66
-64
-70
-75
-74
-79
-86
-90
-89
-93
-101
-99
-101
-109
-107
-115
-123
-125
-127
-123
-126
-120
-123
-132
-137
-141
-137
-143
-145
-141
-138
-136
-138
-136
-135
-135
-136
-142
-140
-136
-142
-135
-127
-132
-129
-127
-128
-128
-141
-134
-131
-134
-131
-132
-118
-120
-122
-112
-106
-98
-94
-91
-92
-97
-92
-85
-89
-85
-84
-86
-82
-81
-84
-81
-69
-74
-76
-67
-69
-67
-62
-58
-58
-59
-57
-49
-43
-51
-52
-42
-40
-37
-44
-40
-33
-42
-40
-28
-29
-35
-22
-16
-20
-19
-20
-6
-4
-1
9
8
12
19
25
29
34
37
29
32
38
36
41
37
39
46
45
51
56
58
60
62
64
68
78
79
84
98
92
91
93
99
104
99
109
108
101
103
102
105
102
96
95
95
94
90
96
103
101
102
102
95
101
106
98
96
104
97
86
85
88
90
87
91
88
81
84
80
65
68
75
63
66
72
68
72
69
67
67
65
60
62
58
56
54
49
54
53
55
58
57
55
56
61
52
50
50
47
49
51
51
48
49
51
56
58
66
63
51
63
68
63
72
72
67
77
84
80
73
76
75
73
79
77
81
83
79
80
80
84
78
75
78
68
77
77
74
78
72
72
64
73
62
57
68
53
55
56
51
54
51
49
44
45
45
33
33
33
36
35
26
23
13
8
10
0
-2
-4
-7
-11
-22
-25
-32
-33
-28
-27
-36
-38
-37
-57
-57
-53
-54
-56
-63
-61
-67
-75
-70
-75
-80
-79
-75
-75
-83
-82
-84
-87
-89
-89
-87
-92
-97
-96
-89
-88
-88
-85
-91
-90
-84
-89
-95
-88
-83
-88
-87
-91
-90
-84
-78
-79
-82
-78
-78
-76
-77
-78
-75
-73
-73
-75
-76
-70
-67
-74
-61
-56
-63
-57
-55
-51
-55
-58
-49
-54
-53
-55
-54
-50
-50
-48
-53
-47
-40
-52
-48
-46
-53
-46
-45
-41
-38
-41
-45
-49
-48
-49
-44
-47
-51
-43
-47
-47
-47
-53
-47
-48
-60
-56
-56
-51
-44
-54
-46
-46
-53
-50
-45
-47
-44
-40
-43
-41
-37
-40
-42
-40
-47
-46
-38
-40
-38
-37
-35
-34
-40
-35
-33
-39
-32
-37
-34
-22
-29
-26
-21
-16
-12
-18
-20
-18
-14
-13
-16
0
0
-7
-3
-4
2
-3
-2
11
3
7
13
7
13
9
4
17
16
10
4
3
19
26
26
21
19
26
24
26
27
28
37
43
46
51
53
57
54
55
55
49
53
52
61
65
61
72
71
68
74
62
65
82
81
83
90
93
92
97
101
94
102
106
108
105
95
102
109
107
113
118
119
118
121
118
122
136
138
131
131
132
127
125
134
135
138
145
142
146
144
141
135
133
140
138
133
134
133
132
129
123
128
126
111
115
117
115
113
104
99
104
99
93
95
91
87
85
80
81
80
69
71
69
56
55
54
46
37
32
33
30
20
23
16
8
18
17
6
3
4
3
-10
-12
-13
-19
-16
-24
-24
-29
-37
-31
-40
-34
-35
-53
-48
-54
-54
-52
-57
-55
-58
-61
-58
-57
-64
-64
-64
-69
-66
-69
-68
-62
-70
-73
-64
-69
-75
-70
-72
-78
-72
-71
-77
-74
-73
-76
-80
-80
-76
-82
-86
-86
-81
-88
-99
-92
-90
-94
-97
-100
-93
-91
-95
-102
-102
-100
-99
-98
-99
-103
-98
-94
-101
-100
-101
-100
-101
-116
-113
-100
-108
-106
-103
-111
-114
-115
-116
-118
-119
-121
-115
-115
-115
-111
-117
-119
-113
-118
-115
-105
-102
-101
-95
-90
-91
-90
-83
-88
-85
-77
-75
-73
-68
-63
-69
-67
-60
-62
-55
-45
-41
-34
-41
-46
-36
-31
-33
-33
-17
-13
-9
-4
-5
6
11
12
14
17
22
26
29
31
44
40
38
49
46
44
58
59
59
63
67
81
75
73
82
84
89
88
90
93
90
89
91
92
99
102
96
102
113
110
108
116
118
118
126
128
118
124
129
125
126
128
128
121
122
121
118
122
119
123
123
115
117
117
114
112
117
124
119
117
116
112
117
115
112
109
103
104
107
108
105
108
108
103
106
106
98
97
100
89
78
80
80
74
75
82
78
76
76
70
68
65
56
47
55
57
57
57
49
51
50
44
37
39
34
31
41
36
27
27
22
13
13
9
-5
-4
-1
-12
-14
-11
-19
-24
-33
-35
-36
-42
-41
-49
-45
-49
-58
-47
-49
-53
-58
-62
-68
-69
-65
-73
-78
-84
-87
-88
-98
-96
-98
-102
-97
-103
-110
-109
-117
-118
-111
-112
-121
-109
-96
-116
-115
-109
-110
-111
-121
-116
-115
-114
-113
-123
-120
-119
-125
-121
-118
-117
-121
-111
-112
-119
-111
-115
-117
-118
-115
-105
-110
-107
-105
-104
-106
-114
-110
-112
-116
-108
-111
-117
-104
-104
-101
-99
-109
-100
-96
-99
-97
-96
-94
-93
-90
-80
-77
-95
-93
-89
-91
-90
-83
-89
-85
-67
-70
-70
-70
-69
-69
-63
-60
-56
-51
-49
-41
-36
-29
-27
-30
-22
-24
-29
-25
-23
-18
-17
-17
-8
-3
-3
3
12
18
26
34
27
38
47
45
59
64
62
60
62
69
64
66
72
78
81
85
82
86
93
88
93
104
109
112
109
110
115
108
116
124
117
123
120
116
128
128
126
122
115
118
121
126
125
122
127
128
125
127
123
118
123
122
126
124
120
114
113
112
98
100
102
94
87
85
81
75
75
71
72
68
60
65
71
67
65
64
59
60
57
52
54
54
43
48
43
32
39
32
24
27
22
24
18
8
11
20
22
13
9
19
18
11
11
13
20
18
22
21
17
17
6
14
17
8
12
1
-5
8
1
-11
-13
-7
-1
-10
-11
-5
-9
-17
-15
-9
-23
-23
-22
-31
-34
-34
-36
-36
-33
-41
-45
-52
-53
-53
-58
-62
-64
-60
-59
-58
-66
-71
-67
-67
-63
-68
-79
-80
-75
-77
-76
-80
-90
-89
-88
-90
-87
-85
-88
-88
-85
-84
-86
-76
-75
-77
-70
-72
-72
-76
-76
-74
-72
-61
-70
-73
-62
-68
-72
-68
-66
-68
-73
-68
-57
-55
-48
-53
-57
-55
-57
-54
-49
-46
-43
-39
-45
-42
-34
-40
-30
-30
-30
-28
-32
-21
-25
-30
-25
-20
-20
-22
-18
-23
-24
-18
-12
-5
-8
-6
-7
-7
-7
-10
-11
-1
5
5
10
0
-7
-7
-1
4
3
5
13
21
17
23
26
24
23
14
20
19
19
30
28
27
25
21
18
19
31
26
27
35
36
49
43
43
52
49
52
55
53
48
57
63
63
65
69
67
61
58
61
66
62
71
74
71
85
83
81
83
79
73
76
79
82
82
78
82
79
77
78
71
76
78
81
79
84
91
74
79
83
69
76
77
74
70
66
79
72
67
57
49
48
45
54
49
46
48
38
39
36
32
28
27
27
14
21
29
15
18
16
5
0
1
1
-7
-9
-9
-6
-8
-13
-12
-15
-18
-26
-29
-23
-21
-27
-28
-25
-31
-33
-30
-31
-36
-41
-35
-28
-31
-34
-41
-34
-30
-36
-31
-41
-47
-41
-39
-47
-49
-35
-42
-51
-49
-54
-56
-46
-40
-45
-41
-39
-43
-46
-37
-36
-47
-43
-40
-35
-35
-41
-36
-33
-33
-35
-29
-33
-37
-32
-34
-38
-38
-38
-40
-43
-38
-39
-35
-25
-32
-42
-38
-31
-29
-32
-31
-33
-32
-31
-33
-28
-30
-30
-24
-21
-28
-33
-25
-31
-29
-28
-29
-24
-25
-15
-16
-19
-19
-28
-23
-15
-24
-25
-17
-15
-9
-12
-17
-16
-15
-8
-16
-21
-19
-23
-25
-18
-16
-22
-27
-24
-26
-32
-31
-23
-28
-36
-26
-18
-16
-22
-27
-21
-21
-24
-25
-24
-22
-22
-22
-20
-13
-21
-27
-19
-16
-15
-16
-24
-23
-33
-33
-24
-36
-29
-19
-22
-33
-39
-31
-27
-27
-28
-26
-20
-12
-14
-12
-4
-9
-9
-4
-7
-10
-4
-7
-5
-3
-16
-13
-10
-8
-7
-4
-1
1
-3
-5
12
9
3
4
10
17
11
12
23
18
17
18
18
25
35
27
25
33
28
33
45
39
39
48
45
53
61
54
60
60
61
68
68
64
61
65
64
62
64
64
65
76
84
73
70
73
68
69
72
74
75
58
49
51
47
51
56
53
48
55
50
44
46
37
36
38
37
29
34
36
32
33
24
21
20
22
14
11
12
11
13
13
7
4
-4
-13
-8
-7
-10
-13
-10
-9
-19
-14
-18
-26
-19
-10
-13
-16
-5
-8
-15
-12
-8
-13
-9
-5
-8
-7
-2
8
0
-14
-8
4
0
-5
6
14
8
7
12
10
14
24
22
23
29
32
27
28
36
28
28
44
40
30
39
39
30
39
38
32
34
45
48
49
56
48
34
39
47
40
36
41
49
40
36
37
28
30
27
28
37
35
32
33
37
33
27
26
30
30
28
25
20
12
7
3
1
2
-2
-5
-6
-13
-13
-20
-20
-18
-27
-31
-26
-30
-35
-30
-36
-47
-44
-54
-59
-47
-58
-64
-65
-71
-72
-79
-75
-87
-99
-93
-96
-114
-118
-115
-119
-113
-121
-126
-124
-129
-134
-139
-143
-145
-147
-157
-157
-151
-154
-162
-162
-160
-167
-174
-177
-178
-176
-176
-177
-177
-171
-176
-174
-166
-162
-154
-160
-152
-142
-151
-148
-136
-139
-134
-131
-134
-127
-124
-124
-127
-115
-107
-109
-103
-98
-89
-83
-87
-79
-65
-64
-59
-46
-35
-33
-32
-21
-14
-6
3
7
14
22
26
21
32
39
42
65
64
62
70
73
81
83
90
90
90
109
111
109
123
127
123
126
132
136
130
128
146
148
135
134
128
127
136
131
130
133
131
128
132
137
130
133
136
131
126
125
127
121
117
112
108
107
109
107
107
110
109
104
97
101
94
94
96
86
88
86
83
84
89
92
89
87
83
79
76
79
77
75
75
80
78
62
65
62
55
58
59
64
60
63
62
51
53
58
67
62
48
54
59
55
57
53
54
55
54
49
43
43
39
39
41
37
20
10
21
27
17
16
24
14
11
17
8
-1
0
0
0
-1
-7
-12
-12
-14
-23
-29
-34
-41
-35
-43
-56
-48
-43
-54
-56
-52
-58
-60
-53
-54
-55
-56
-58
-58
-65
-63
-64
-73
-78
-71
-70
-70
-66
-60
-56
-53
-55
-67
-65
-63
-69
-69
-67
-59
-51
-51
-47
-52
-54
-54
-55
-57
-63
-51
-44
-45
-38
-41
-34
-27
-33
-26
-30
-30
-25
-31
-27
-30
-39
-44
-41
-41
-47
-35
-31
-37
-40
-41
-40
-43
-44
-49
-50
-46
-51
-51
-61
-65
-70
-71
-74
-83
-75
-78
-75
-62
-66
-75
-79
-84
-93
-96
-96
-99
-101
-102
-102
-102
-100
-97
-100
-105
-96
-95
-97
-96
-96
-98
-112
-114
-95
-95
-99
-94
-94
-91
-98
-101
-91
-81
-74
-75
-76
-72
-74
-77
-67
-60
-65
-68
-57
-52
-56
-53
-42
-38
-36
-30
-23
-17
-13
-4
-5
-13
-7
-2
3
15
20
19
27
36
40
38
45
55
51
47
55
69
65
65
73
61
62
67
68
71
79
80
77
79
79
87
88
95
105
94
100
96
87
95
90
99
104
103
111
106
107
106
94
95
96
103
106
100
104
107
99
93
87
86
82
87
94
90
85
93
89
81
80
79
80
77
76
76
70
63
59
61
68
72
65
64
68
71
70
59
58
54
45
50
45
48
53
42
41
39
38
40
36
41
36
29
28
24
19
9
10
15
10
13
10
7
9
-3
-9
-9
-12
-17
-13
-10
-24
-18
-23
-31
-24
-30
-34
-29
-19
-24
-38
-38
-40
-45
-42
-41
-53
-44
-48
-55
-51
-63
-55
-66
-70
-54
-58
-52
-49
-49
-46
-46
-43
-51
-53
-53
-57
-51
-53
-55
-40
-42
-49
-38
-36
-41
-43
-42
-33
-30
-30
-20
-17
-9
-4
-9
-7
-5
1
0
-8
5
10
10
14
19
20
22
27
35
37
35
38
37
32
38
44
38
49
51
39
51
52
51
49
42
38
37
39
44
46
50
53
39
42
46
34
31
30
30
30
33
29
27
26
21
15
7
-9
-11
2
0
-7
-11
-20
-22
-23
-32
-38
-31
-37
-39
-42
-50
-51
-56
-62
-62
-57
-57
-65
-68
-68
-72
-66
-66
-69
-69
-76
-84
-90
-83
-75
-80
-80
-77
-75
-73
-73
-73
-78
-68
-68
-63
-52
-65
-67
-61
-63
-67
-65
-57
-61
-55
-43
-41
-41
-39
-40
-43
-47
-47
-42
-37
-29
-25
-25
-18
-27
-30
-18
-32
-33
-13
-9
-8
-4
0
0
-2
2
-6
-2
6
2
4
-4
-3
-1
-1
9
2
5
13
9
16
15
21
24
16
13
13
8
8
6
7
14
10
16
21
14
22
28
21
20
24
26
29
25
25
24
15
18
20
20
30
29
29
37
32
29
30
24
26
30
31
40
43
38
41
46
39
37
34
26
25
36
29
21
24
21
18
12
17
12
7
11
5
6
5
9
8
8
13
4
6
-2
-10
-17
-21
-21
-29
-30
-34
-40
-37
-37
-39
-33
-32
-38
-34
-30
-31
-32
-27
-26
-28
-28
-39
-41
-40
-48
-45
-45
-44
-48
-50
-40
-33
-31
-25
-18
-22
-24
-24
-24
-12
-8
-11
-1
4
5
10
11
11
19
20
18
27
34
37
41
48
46
43
54
57
61
65
63
65
63
65
62
65
66
59
66
77
74
76
86
88
83
74
76
72
67
66
65
65
59
63
62
47
44
35
27
35
22
12
6
-2
8
16
14
9
3
0
-4
-11
-18
-17
-23
-39
-42
-42
-48
-51
-58
-60
-60
-70
-67
-63
-67
-61
-73
-75
-70
-78
-76
-76
-82
-91
-89
-88
-92
-83
-75
-74
-83
-82
-74
-68
-59
-64
-66
-65
-64
-51
-48
-43
-27
-31
-35
-26
-34
-34
-22
-24
-19
-16
-20
-19
-13
-3
4
10
5
8
12
10
16
21
20
27
34
37
46
38
30
29
28
34
38
42
42
46
52
48
45
47
44
35
33
35
39
46
43
41
42
33
22
27
23
20
23
17
21
20
22
29
19
14
13
14
16
6
7
11
6
5
9
27
23
11
12
14
11
9
9
-2
4
11
13
19
15
17
23
27
29
33
36
33
28
19
21
31
28
31
30
22
29
32
28
28
26
28
27
30
32
36
43
37
30
25
22
22
15
23
27
18
24
20
16
13
12
20
9
7
9
-3
-3
-6
-6
-5
-4
-4
-7
-4
-7
-15
-18
-27
-29
-30
-39
-35
-31
-34
-32
-41
-38
-41
-48
-45
-49
-48
-51
-62
-61
-59
-62
-56
-54
-58
-50
-51
-49
-47
-48
-40
-51
-50
-44
-42
-43
-48
-35
-35
-44
-43
-45
-38
-32
-29
-20
-19
-28
-30
-24
-18
-9
-13
-20
-12
-12
-10
-12
-14
-2
-7
-9
-4
-5
-2
-9
-3
10
12
9
5
6
13
16
6
-1
2
4
2
6
11
7
12
9
-3
1
6
-2
-4
-1
-5
9
8
1
4
-7
-15
-13
-12
-16
-12
-14
-16
-14
-14
-16
-20
-16
-18
-26
-17
-11
-20
-28
-27
-22
-16
-14
-12
-19
-31
-34
-23
-24
-31
-29
-25
-22
-20
-16
-18
-14
-8
-11
-11
-11
-16
-21
-14
-3
5
0
-3
5
3
2
2
2
10
16
15
18
23
35
55
53
45
53
50
45
53
56
58
58
53
54
57
52
57
68
77
83
74
80
92
89
89
93
86
88
93
88
94
98
103
113
110
109
107
99
101
99
94
87
85
85
79
81
88
94
90
90
93
93
87
86
89
80
80
75
73
85
83
84
81
73
76
78
71
62
53
52
53
45
43
52
53
47
44
39
30
27
26
21
22
18
17
21
8
14
20
14
9
2
4
-2
-8
-8
-16
-21
-23
-26
-29
-34
-34
-38
-42
-34
-35
-40
-53
-59
-61
-64
-59
-57
-63
-76
-73
-70
-82
-86
-84
-90
-90
-90
-97
-100
-110
-117
-119
-121
-126
-132
-133
-127
-120
-123
-132
-129
-124
-130
-127
-127
-135
-134
-135
-129
-126
-132
-127
-127
-129
-133
-129
-128
-137
-127
-121
-129
-122
-110
-102
-98
-95
-90
-85
-83
-85
-81
-64
-71
-75
-72
-78
-66
-62
-59
-57
-59
-45
-45
-52
-35
-33
-31
-22
-20
-13
-13
-11
-3
-7
-6
6
-2
2
12
12
8
-2
-1
2
0
8
6
5
7
9
16
19
15
7
16
13
4
18
14
13
16
7
6
8
13
8
3
5
8
4
7
15
15
18
25
34
33
27
26
13
11
23
26
21
21
20
19
9
7
13
14
17
34
43
43
49
51
48
51
57
62
64
66
66
56
54
62
61
65
73
68
68
74
80
93
94
92
90
85
90
98
99
100
104
97
84
91
91
93
103
98
93
101
101
100
101
99
101
92
89
97
97
85
80
99
97
80
88
86
82
88
87
82
74
73
70
64
67
63
64
62
59
66
58
59
65
57
59
67
57
44
50
56
42
37
52
40
23
38
45
36
31
38
41
28
24
29
27
20
21
18
10
13
13
14
14
12
10
0
-3
9
7
-2
-8
-5
-9
-12
-14
-21
-16
-12
-17
-38
-46
-25
-9
-24
-26
-7
-34
-52
-36
-35
-41
-44
-40
-47
-58
-55
-45
-64
-81
-52
-60
-76
-46
-38
-48
-55
-55
-56
-67
-69
-68
-73
-86
-90
-84
-78
-83
-89
-70
-67
-83
-65
-53
-67
-73
-85
-100
-96
-71
-73
-94
-82
-84
-109
-105
-91
-90
-100
-100
-74
-74
-81
-62
-70
-92
-79
-63
-68
-68
-50
-58
-93
-90
-79
-90
-81
-51
-50
-69
-67
-68
-73
-51
-54
-63
-35
-37
-51
-41
-37
-24
-22
-39
-32
-33
-36
-8
-13
-31
-18
-32
-62
-53
-35
-21
-40
-75
-38
-2
-31
-11
44
24
-23
-17
21
20
0
8
-8
-57
-41
-5
-38
-19
22
-45
-66
2
-2
-36
-23
-24
-52
-55
-5
26
23
40
36
-17
-40
21
23
-65
-71
-51
-100
-112
-28
69
71
8
24
24
-64
-31
62
-1
-68
6
28
-34
50
151
62
-62
-36
26
-21
-23
76
57
-41
-32
2
71
140
86
44
56
46
34
45
128
148
-9
-43
116
122
91
167
116
9
2
10
44
138
195
120
40
121
175
137
191
249
209
143
115
141
195
225
161
39
120
262
72
-39
208
180
-116
-24
261
195
31
130
211
83
85
236
154
67
182
85
-93
43
193
78
-25
66
120
6
-72
16
117
50
-86
-25
105
43
-47
-8
56
37
-28
-57
-52
-24
-83
-228
-185
-25
-78
-182
-64
51
-33
-98
2
69
18
-20
-34
-29
-5
-32
-95
-90
-19
-59
-178
-164
-60
-85
-208
-148
7
-19
-70
18
111
100
40
59
94
44
35
42
23
100
159
114
117
211
273
228
200
344
422
290
292
467
501
426
427
509
590
550
435
415
424
248
30
54
109
-1
-65
-25
18
30
72
132
8
-2
188
-65
-184
334
358
-69
102
321
-93
-409
-229
-298
-737
-875
-809
-870
-819
-648
-533
-317
-68
-80
8
386
390
158
274
325
75
-14
95
5
-245
-324
-391
-677
-812
-710
-786
-902
-775
-614
-524
-385
-188
23
196
257
263
302
283
101
-64
-40
-108
-329
-377
-310
-417
-648
-671
-787
-1330
-1208
-535
-722
-673
195
250
-412
-617
-30
363
-203
-16
948
495
-195
311
493
103
29
-68
-385
-475
-226
-135
-337
28
521
21
-125
784
884
310
467
650
312
191
462
632
576
693
846
567
634
1240
922
306
674
589
-44
335
1025
992
719
865
1052
515
107
14
-958
-1910
-2466
-3381
-3199
-2019
-1670
-1342
-264
567
654
673
1524
2234
1601
1124
1408
1253
1073
1185
1037
843
390
-557
-1282
-1689
-2094
-2542
-2877
-2733
-2314
-1790
-739
353
996
1698
2094
1835
1724
1826
1447
750
398
334
91
-97
159
368
23
-467
-756
-1176
-1590
-1700
-1865
-1835
-1493
-1290
-692
204
879
1526
1600
1348
1305
723
170
193
-62
-296
-270
-316
-110
147
183
147
-108
-417
-598
-855
-827
-322
-20
19
399
927
1208
1350
1373
1253
892
291
-237
-538
-656
-671
-768
-741
-249
273
363
470
796
874
537
184
371
704
436
175
576
920
672
603
1180
1336
758
586
870
792
566
804
1072
879
873
1363
1617
890
-141
-641
-2347
-4866
-4561
-2929
-3203
-3315
-1503
172
-217
-394
2183
4056
2836
2029
2600
2391
1444
974
1368
1627
531
-1042
-1488
-1440
-2071
-3001
-3254
-3093
-3593
-3762
-2127
-505
114
1320
2429
2342
2214
2699
2669
1347
270
350
-343
-1392
-885
-677
-1926
-2433
-1942
-1902
-1906
-1345
-995
-1615
-2066
-1177
-177
332
1482
2324
1889
1597
1590
1030
382
122
-477
-1477
-1753
-1301
-998
-730
-46
499
281
128
596
763
566
442
259
60
-70
273
1044
1346
1480
1768
1655
1549
1826
1598
1005
991
333
-656
-124
562
338
73
356
1260
1291
995
2054
1660
-1720
-5126
-5380
-3659
-3920
-4237
-1391
702
-1267
-2844
284
3840
2740
858
1745
2421
1034
170
2047
4035
3292
1113
-76
-162
-946
-2581
-3223
-3501
-4979
-6075
-4765
-2491
-1006
1075
3385
3560
2801
3595
4494
3182
1285
896
340
-1285
-1550
194
1456
789
-108
7
-335
-1710
-2815
-3494
-4564
-5861
-5661
-3115
-409
1452
3287
4058
3548
2841
2123
1596
836
-315
-1274
-1911
-1544
-391
343
841
1092
345
-821
-1382
-1626
-1953
-1844
-1538
-1220
-153
1552
2957
3633
4090
4036
2886
1693
1020
512
90
-341
-201
323
880
1892
2643
2695
2298
1496
371
-541
-421
-211
-581
-216
1100
2423
2842
3198
2397
-2961
-6583
-4442
-5023
-7756
-5746
-1445
-1440
-5196
-2498
5355
5494
2072
3538
5006
3168
488
661
3531
4077
1179
-900
-329
-64
-2263
-4187
-3723
-4583
-7795
-7758
-4584
-3320
-1505
2509
4283
3547
4154
6384
5942
2831
1978
2037
-570
-2739
-1549
611
729
-623
-862
-310
-1593
-4985
-7445
-6418
-5091
-6619
-5329
841
3496
2286
3758
6697
6761
3872
2086
2374
653
-2001
-2396
-2471
-2040
-792
-1474
-2208
-240
486
-1824
-2392
-581
-327
-1270
-337
2021
3403
3525
3661
3887
3897
3562
1934
327
615
584
-1047
-1511
389
1930
1219
1170
2993
3093
1739
1248
800
433
188
-318
208
1629
2767
1994
-2771
-7079
-5242
-3575
-6686
-7687
-3087
151
-4552
-7216
1980
8252
2991
1030
5308
6270
2723
730
3520
5544
2718
-1017
-1849
-872
-1433
-4222
-5120
-4829
-7182
-8672
-5937
-3453
-2553
916
4422
3838
2899
5842
8085
4805
1749
2936
2263
-1422
-1935
869
1786
-572
-2279
-1834
-2480
-5523
-8159
-6722
-5077
-6981
-5420
112
2461
2705
4133
6398
6812
4049
2798
2659
433
-743
-1254
-2645
-2057
-696
-1600
-1919
-245
-73
-1647
-2092
-1200
-585
-767
-192
1321
2285
3542
4707
4628
4254
3891
2937
912
-206
869
778
78
771
1181
1789
1563
1037
2260
1567
506
1549
1312
1004
-10
-448
3055
3653
37
-3636
-6315
-5381
-6270
-9649
-6701
-1412
-2001
-6902
-5774
3941
6926
1585
2766
7530
5971
1710
1913
5348
6278
3366
-151
-1142
-1137
-2647
-4906
-6131
-6842
-8653
-9711
-7566
-5144
-2489
2414
4943
3850
4492
8030
8670
4893
3308
4474
2014
-2029
-1503
1044
658
-1597
-4152
-7032
-7437
-6218
-7019
-6344
-3196
-3092
-4206
-871
4573
6596
6053
7114
7357
3392
918
2215
857
-2241
-2506
-3210
-4396
-2335
-597
-1234
-622
721
-209
-1873
-599
2158
1549
-373
875
2563
2597
3065
3987
4066
3101
2006
1777
1844
2897
3832
1833
290
1181
972
-121
272
1440
882
-2160
-2160
1602
2155
1567
2986
-1350
-9222
-8241
-3733
-4355
-5600
-2018
1706
-4571
-9718
510
7421
1891
923
3768
3259
1067
678
4608
7406
5235
1113
-1280
-242
43
-3449
-4495
-3999
-8073
-11055
-7668
-4359
-3185
899
4764
3613
1818
5803
9698
6008
2428
3848
2797
-1628
-2736
364
2407
-1216
-7051
-7079
-3467
-4749
-6462
-3033
-1403
-3971
-5601
-1591
5014
5652
4667
6660
5091
2500
2070
169
-521
-143
-3509
-6679
-4159
-422
-354
-440
1842
2889
1043
-203
1347
2665
1680
8
-783
-47
1102
1269
1190
2281
4240
3788
1663
3347
6450
5379
2508
1825
2271
1169
-685
-765
760
1248
-593
-1705
-19
2325
1369
-6713
-11776
-6070
-5245
-9797
-5813
2272
3500
-3860
-4547
6721
8011
692
2177
4645
1731
-2045
-1951
2900
5169
2291
-27
418
493
-1820
-3785
-2866
-3757
-8461
-9391
-5560
-4435
-2505
3648
6334
4258
4004
7562
8074
3277
2103
3953
359
-4491
-4063
-1322
-1712
-5101
-4790
-1792
-3214
-4475
-3177
-3286
-2877
-3447
-3204
1837
4366
4543
6317
5854
5536
4223
94
-837
-1315
-4723
-5653
-4178
-3218
-1668
452
2178
2792
2628
2743
2304
1059
1531
1654
-550
-1070
429
1386
1710
2379
4435
4598
1103
1238
3501
1710
1657
3730
3151
2422
1536
2042
4121
2764
3051
4342
1117
-1949
-8322
-14442
-10207
-8018
-10799
-7831
-2510
-866
-4162
-3170
5984
7345
2004
3153
4543
2240
1829
3837
5325
4993
3914
2859
874
-1560
-2814
-4459
-7090
-9489
-11255
-9701
-6205
-5569
-2648
3723
5739
4687
6248
9407
8304
3340
2360
3989
1030
-2663
-1167
1022
-1580
-4073
-3044
-2892
-3864
-4700
-5854
-6244
-6342
-6098
-4000
57
4994
7103
5823
6306
8254
5857
1193
-171
-1509
-5014
-6506
-5804
-3599
-355
891
1290
2748
3908
3301
992
-123
546
-1074
-3486
-2103
655
1891
3221
4781
6036
6443
4661
3940
4294
3316
3410
2578
1875
4448
3183
471
2649
3650
1659
-2767
-8113
-10786
-12809
-13141
-12050
-9927
-2897
-52
-3292
374
7662
9062
5348
4457
7665
3955
-1729
1514
4041
1681
1381
1234
-1419
-3246
-3513
-5136
-7478
-8428
-8801
-9126
-7835
-4054
-345
3148
6101
5198
5215
8564
7615
3382
3026
4649
2410
-1412
339
3824
670
-4136
-4151
-5093
-8274
-7592
-5653
-5272
-4358
-3272
-1529
551
3340
6809
6455
5422
6290
3733
1005
1434
433
-1977
-2857
-2628
-2838
-2803
-905
365
-374
-23
1082
619
554
1687
1490
754
1692
2769
2029
1114
1796
2009
648
716
2308
3140
3646
4698
5387
4758
4229
4518
4595
4402
3934
4259
5866
5712
-94
-10980
-15156
-10778
-13262
-17803
-11578
-3324
-5680
-13012
-5826
9120
8550
3309
7725
10523
6370
2314
4606
9036
7782
3147
528
736
-209
-3896
-5979
-6448
-10705
-16246
-15485
-11511
-10018
-5565
2092
4468
3693
8169
14928
12919
6224
7064
7948
-6
-4950
-136
3656
305
-3243
-2016
-1087
-3014
-4307
-4874
-6048
-7398
-9507
-9217
-2600
4616
6073
6138
9444
10818
6523
3198
3819
1607
-3846
-6609
-6162
-4045
-902
1292
2213
3684
4949
3267
536
828
1417
-2296
-6095
-4126
-704
0
2142
6017
7104
5485
4174
4485
4931
5163
4269
531
-1104
275
288
1293
5747
10959
11193
4339
-3612
-10310
-13913
-12929
-14589
-15544
-9836
-6317
-9783
-9677
1499
10116
5559
2004
5810
5489
1128
1515
6322
7688
4850
3019
3104
3417
2199
-453
-3194
-7153
-13036
-16647
-14695
-11553
-10689
-6953
-681
1748
2964
8263
12940
10102
5615
6178
5219
650
579
3873
3088
-552
-1318
-349
-1125
-1643
-2148
-5227
-8397
-9566
-10006
-7778
-2127
2082
3754
6327
9189
9584
7987
6909
5608
1489
-2604
-3982
-4270
-3027
-362
825
1141
3021
4861
3587
1240
1089
-401
-4537
-5672
-3452
-1653
-224
1941
4607
6310
6925
7688
8420
8835
8287
5469
2203
1323
1865
2217
2906
3310
-826
-10597
-15836
-11779
-10457
-14033
-12625
-7490
-7833
-12111
-5612
8406
10495
6197
8069
9628
7166
4876
5866
7695
4702
-938
-3400
-2492
-1843
-3160
-4407
-5247
-9306
-14665
-13376
-8697
-8538
-7273
-1976
265
221
4654
11890
12551
7551
6303
6189
2309
56
1886
3189
457
-3204
-3416
-2556
-2012
-717
-1737
-5254
-6990
-6839
-5616
-2410
1315
3584
4187
4716
5890
6041
6071
6369
3330
-966
-1851
-1304
-1467
-820
1152
2185
1766
2459
3609
3690
3631
2234
-961
-3135
-2927
-2217
-2164
-801
1638
2566
3216
5521
7511
7752
7968
8201
6730
5286
5082
4105
2486
1417
-2695
-11906
-16613
-12298
-10337
-13791
-12807
-7095
-6846
-10998
-6053
4725
7418
6148
7477
8021
7587
8157
9316
9127
6818
4061
603
-2830
-4354
-5236
-6076
-7844
-12854
-16165
-12703
-9438
-10061
-7613
-1608
688
-583
2371
9138
10380
7559
8004
7862
4558
2742
3420
3609
1392
-1334
-2736
-4171
-4152
-3262
-5174
-6428
-5225
-5301
-5165
-1798
2554
4640
4569
5355
6558
5657
4400
3749
1902
-164
-1188
-2021
-1274
1468
3531
3560
3417
4750
4819
2964
3149
3489
307
-2953
-3479
-3372
-3622
-2549
-512
1348
3045
3756
4562
6290
7563
8430
8075
7896
8171
5632
2201
-2091
-8012
-10343
-10619
-13318
-15227
-14508
-12758
-13261
-13608
-6498
1436
2432
3661
7812
9594
8680
7969
9287
9822
7397
4725
2935
1701
906
-1014
-3644
-5364
-8116
-12006
-13809
-13755
-13319
-11645
-9056
-6780
-4738
-1172
2916
3985
4612
7499
8561
6728
6568
8268
8047
5766
3921
2454
250
-1558
-2923
-5175
-6582
-6448
-7195
-7357
-4299
-366
1067
1483
3732
5433
4373
3341
3269
2596
1609
812
354
1137
2975
4191
4862
6176
7093
5938
4427
4502
3998
1656
118
144
-624
-1786
-1206
-597
-1893
-2625
-730
1408
2017
3571
6095
6742
5992
4145
517
-2121
-1787
-1948
-5650
-8743
-7658
-7465
-11261
-12173
-6972
-3564
-5002
-5172
-1863
1213
1703
2109
4405
6482
6471
4825
4601
6564
6284
3271
1604
794
-2141
-5367
-6073
-5985
-7149
-8297
-8146
-7763
-7283
-5769
-4719
-4888
-4424
-2844
-1153
37
1975
5068
6794
6870
7240
7979
8073
6397
2984
105
-1871
-4384
-6011
-5047
-2958
-1767
-1246
791
3783
4585
3684
3423
3010
584
-2278
-2560
-1020
-469
-366
753
2346
4120
5737
6862
7661
7574
6486
5348
4561
4569
4939
4515
3296
2206
1711
811
231
1342
2268
1857
269
-2314
-5132
-7453
-6496
-4149
-4973
-5869
-4929
-5025
-5998
-5626
-2672
-195
-1311
-2650
-1532
627
1339
712
1286
2020
347
-1892
-1441
512
641
-294
22
247
-426
-701
-53
545
-250
-1940
-2992
-3307
-3729
-3955
-3079
-2370
-3419
-4157
-3152
-2592
-2980
-2102
-1124
-1775
-1620
318
1736
2027
2845
4379
4320
2598
2214
2901
2223
401
-673
-361
369
81
-456
922
2886
2741
1729
1990
2471
1516
-364
-1209
-1276
-1571
-1324
-282
950
2087
3019
3801
4458
4910
4830
3761
2514
1721
1378
1562
2174
2694
2567
2237
2029
1696
1333
1196
841
-347
-1412
-1603
-2113
-2253
-825
-11
-917
-1618
-1627
-1944
-2378
-2635
-2928
-3062
-3039
-3275
-3158
-1830
-533
-859
-1965
-2517
-2862
-3434
-3740
-3505
-3039
-2933
-3134
-2406
-738
595
1313
1551
1289
365
-887
-1231
-781
-588
-540
-74
869
1802
2448
2992
2991
1794
-122
-1836
-2878
-3277
-3199
-2741
-2231
-1719
-872
218
1132
1843
2333
2200
1672
1393
1381
1572
2072
2369
2201
1992
1925
1708
992
152
-731
-1600
-1832
-1614
-1064
305
2037
3264
3905
4245
4159
3253
1868
523
-326
-580
-629
-643
-527
435
2219
3237
3145
3083
2989
1997
499
-209
-150
-450
-1156
-1300
-809
-332
57
693
1446
1252
-191
-1255
-1478
-2248
-3172
-3039
-2378
-2249
-2525
-2011
-836
-781
-1577
-1750
-1998
-2957
-3646
-3401
-2792
-2834
-3151
-2494
-1493
-988
-521
-335
-556
-705
-781
-746
-453
141
773
806
929
1948
2607
2214
1769
1413
481
-589
-1165
-1317
-1308
-1236
-1110
-799
-46
985
1914
2697
3333
3379
2898
2566
2362
2158
2120
1770
1101
760
863
1161
992
567
709
676
70
52
749
1239
1098
899
1213
1210
689
701
1063
856
300
-27
-106
-46
4
-102
-146
-7
134
147
77
177
-8
-719
-1051
-669
-210
-121
78
914
1395
905
481
337
-161
-1165
-2395
-3113
-3068
-2876
-2576
-1749
-802
-350
-254
-155
-169
-395
-569
-846
-1705
-2558
-2714
-2956
-3368
-3005
-2400
-2214
-1674
-522
477
916
1259
1692
1520
815
675
1130
1169
1027
1177
1121
1022
1129
1103
534
-356
-698
-842
-1412
-1682
-1218
-274
448
738
1579
2902
3702
3737
3508
3281
2480
1328
723
467
50
-500
-711
-456
-106
466
1013
764
-112
-715
-1000
-1348
-1119
-61
785
1137
1620
2145
2254
1919
1360
446
-941
-2490
-3599
-3712
-3132
-2373
-1508
-837
-470
-2
613
875
454
-161
-510
-909
-1324
-1101
-260
348
310
51
61
178
-40
-366
-372
-319
-692
-1100
-667
107
183
63
121
-220
-896
-1550
-1923
-2102
-2397
-2324
-1748
-1146
-316
684
1435
1756
1541
1296
1284
1069
519
161
311
429
314
553
1070
1050
264
-495
-805
-1301
-1776
-1520
-869
-445
-92
703
1560
2035
2389
2520
2136
1390
737
580
727
840
802
646
639
712
608
260
-281
-786
-1100
-1202
-1238
-940
-10
779
1235
1811
2301
2565
2254
1251
182
-836
-1881
-2676
-2875
-2539
-2119
-1822
-1569
-1159
-668
-501
-698
-1218
-1891
-2406
-2714
-2403
-1570
-833
54
1157
1784
1890
2167
2400
1653
355
-457
-1051
-1513
-1399
-882
-278
237
563
701
942
1336
1338
911
573
421
483
877
1398
1814
2002
1777
1195
850
778
418
-69
-341
-506
-657
-562
115
981
1219
746
336
210
-193
-747
-856
-612
-672
-1056
-738
429
1250
1335
1225
1187
1002
386
-238
-184
241
176
-293
-321
250
805
1003
933
601
90
-389
-904
-1106
-567
-79
-95
4
355
720
857
597
156
-352
-924
-1532
-2110
-2158
-1690
-1603
-1994
-1981
-1322
-1008
-1422
-1590
-1344
-1597
-2203
-2013
-1176
-672
-406
127
779
1104
1082
1059
942
479
-259
-977
-1130
-943
-806
-384
241
617
748
984
1365
1416
1166
1091
1007
761
674
912
1255
1543
1736
1543
1101
908
889
760
532
494
682
683
726
1051
1173
1000
786
410
-207
-685
-831
-1085
-1425
-1344
-1201
-1455
-1365
-519
2
-146
67
678
732
324
270
448
242
-63
-144
-350
-558
-663
-837
-847
-653
-533
-531
-446
-34
403
484
522
460
-43
-673
-1098
-1383
-1394
-1162
-1070
-1162
-1016
-524
-308
-541
-614
-557
-927
-1473
-1688
-1506
-1065
-554
-119
347
989
1376
1057
563
344
-189
-1114
-1612
-1635
-1642
-1419
-967
-653
-230
590
1297
1540
1828
2399
2473
1844
1556
1763
1686
1307
1025
881
807
744
682
631
548
340
129
282
727
1073
1324
1677
1812
1467
1105
1127
1135
851
644
554
241
-149
-171
-76
-278
-509
-514
-608
-884
-937
-741
-589
-421
-159
19
175
334
412
440
364
242
104
-125
-383
-553
-604
-705
-1023
-1134
-748
-373
-321
-452
-678
-950
-1292
-1596
-1666
-1729
-1721
-1414
-1245
-1178
-780
-213
143
165
244
557
665
481
318
243
131
-160
-498
-522
-307
-329
-750
-1176
-1317
-1375
-1479
-1424
-1070
-569
-70
362
782
1440
2060
2214
2115
1958
1733
1529
1344
1037
631
429
342
-10
-162
225
478
350
365
589
666
699
885
1187
1358
1173
937
1017
1113
848
415
167
31
-362
-812
-772
-573
-726
-872
-849
-766
-666
-721
-680
-285
119
247
368
722
1009
823
406
137
-124
-426
-602
-665
-653
-594
-587
-610
-608
-481
-447
-800
-1285
-1493
-1520
-1689
-1824
-1624
-1120
-726
-591
-211
398
645
450
204
197
139
-124
-23
350
345
160
173
207
20
-277
-474
-710
-1179
-1649
-1735
-1523
-1276
-944
-382
308
746
914
1311
1778
1669
1237
1101
1087
824
664
837
847
522
347
311
8
-363
-437
-343
-414
-522
-154
611
1065
1186
1442
1839
1953
1539
1059
937
775
190
-440
-658
-621
-899
-1336
-1267
-945
-963
-980
-682
-430
-453
-529
-309
35
176
263
346
393
641
879
797
696
617
238
-234
-466
-601
-856
-1061
-929
-757
-834
-831
-645
-517
-392
-269
-124
72
158
295
522
731
975
1107
1113
1112
959
624
385
234
17
-163
-247
-344
-475
-468
-290
-299
-608
-665
-321
-151
-276
-182
258
582
500
384
588
752
589
308
235
367
300
15
-9
231
268
50
-138
-109
-102
-315
-487
-426
-267
-222
-189
114
536
677
651
707
860
957
790
472
282
91
-249
-454
-450
-490
-665
-809
-764
-688
-714
-647
-513
-554
-660
-513
-204
-83
16
346
577
478
434
706
918
658
141
-249
-553
-940
-1259
-1336
-1362
-1530
-1715
-1646
-1352
-1080
-825
-473
-179
-126
-73
321
791
967
1026
1118
1081
914
825
834
713
390
24
-258
-375
-397
-431
-448
-437
-353
-88
291
664
984
1158
1156
1097
974
787
666
616
584
444
136
9
144
146
-30
-123
-81
-177
-466
-547
-354
-261
-332
-255
-6
159
192
346
738
904
665
426
229
-12
-272
-467
-528
-675
-824
-756
-635
-490
-235
-36
-55
-162
-176
-179
-290
-417
-419
-379
-474
-553
-348
8
142
-12
-92
40
-7
-217
-162
-4
-215
-583
-646
-568
-644
-762
-693
-621
-750
-770
-552
-333
-197
-93
59
256
336
407
575
634
572
513
500
480
422
431
444
249
-2
-28
49
22
30
227
475
541
484
644
949
972
753
733
940
931
609
485
679
696
530
502
571
495
278
91
-38
-107
-185
-298
-328
-276
-250
-191
-15
183
225
227
384
481
408
301
204
74
-169
-475
-674
-649
-563
-691
-850
-694
-515
-655
-730
-473
-286
-476
-672
-495
-224
-208
-275
-239
-184
-164
-167
-130
-85
-210
-420
-480
-532
-643
-611
-497
-548
-736
-788
-630
-497
-474
-327
-91
-7
-26
60
269
313
79
-85
-10
42
-25
-9
162
180
-39
-155
-26
174
266
254
267
288
239
278
571
935
1055
938
823
791
764
730
754
783
673
459
348
493
774
873
730
580
517
318
41
73
268
149
-182
-230
-41
-14
-51
162
429
355
2
-230
-236
-234
-369
-597
-687
-651
-696
-646
-352
-85
-37
-140
-283
-403
-429
-351
-370
-500
-523
-478
-511
-494
-299
-156
-210
-420
-613
-541
-353
-359
-446
-371
-234
-251
-294
-132
66
91
13
-76
-85
-17
-33
-60
78
178
35
-144
-126
-73
-199
-330
-249
-132
-110
-61
49
243
363
260
111
174
330
244
135
275
397
324
307
582
844
792
712
703
573
440
422
465
422
309
358
535
585
515
596
739
618
300
144
247
192
-109
-106
219
332
217
249
397
359
127
-45
-136
-319
-545
-674
-656
-558
-481
-403
-297
-208
-146
-154
-237
-271
-238
-270
-360
-348
-225
-181
-270
-286
-186
-112
-160
-312
-427
-466
-544
-670
-693
-518
-321
-283
-259
-178
-111
-42
49
86
43
14
-36
-186
-303
-226
-126
-186
-263
-248
-202
-240
-310
-247
-195
-372
-544
-506
-464
-496
-366
-38
158
137
209
520
702
530
354
413
476
242
-1
183
467
406
201
231
417
306
30
134
403
424
277
273
470
569
481
397
427
461
300
120
162
202
80
-43
-21
69
41
-50
-50
-57
-159
-224
-240
-251
-168
-54
-46
-95
7
170
84
-101
-126
-178
-355
-446
-360
-226
-174
-140
-13
137
160
30
-78
-83
-106
-202
-286
-255
-135
-34
36
116
247
327
241
105
52
20
-55
-107
-142
-136
-67
-41
-13
92
160
113
-26
-165
-265
-390
-424
-386
-384
-325
-202
-77
58
201
304
364
392
374
335
320
312
189
10
-43
-34
-80
-60
51
118
90
25
103
262
284
267
270
281
293
241
240
362
412
270
70
28
105
68
-70
-125
-95
-155
-351
-443
-299
-134
-181
-306
-237
-53
30
7
36
148
142
2
-69
-39
-22
-115
-267
-368
-378
-331
-286
-211
-103
-25
15
-30
-70
82
204
131
71
150
234
263
367
525
571
458
242
51
-14
-108
-310
-376
-293
-300
-334
-250
-108
14
111
186
182
187
235
137
-21
-43
-18
-66
-64
71
240
320
344
363
329
236
107
-37
-151
-248
-349
-353
-257
-173
-75
94
217
175
100
143
105
-103
-202
-182
-263
-399
-368
-181
-143
-291
-301
-213
-255
-360
-384
-318
-319
-439
-462
-344
-239
-215
-256
-256
-197
-187
-195
-97
33
66
43
24
40
67
37
-65
-172
-254
-333
-401
-437
-383
-284
-255
-230
-73
79
63
23
60
55
-21
12
221
320
282
344
356
282
298
282
136
-16
-110
-172
-136
14
154
206
266
345
316
305
383
303
166
223
304
257
306
537
626
490
372
336
277
142
-1
-87
-108
-121
-158
-116
78
240
189
86
166
276
191
65
126
199
85
6
108
210
212
139
33
-2
-8
-109
-206
-167
-79
-115
-223
-186
-78
-91
-172
-175
-111
-92
-110
-67
62
189
256
291
346
407
343
170
93
105
32
-115
-185
-167
-154
-163
-161
-136
-69
-7
-57
-148
-102
3
-72
-224
-153
6
-45
-148
-56
110
107
-22
-73
-18
39
-48
-233
-183
17
-34
-170
-58
113
35
-87
-7
55
-24
-79
-18
62
90
91
72
104
179
197
134
107
120
40
-56
-72
-111
-128
-29
-15
-110
-109
5
15
-109
-128
-52
-65
-148
-189
-128
-6
9
-89
-99
-36
-56
-200
-311
-245
-216
-350
-415
-348
-308
-322
-334
-314
-265
-197
-112
-56
-2
86
153
215
282
313
347
345
239
109
94
112
-6
-154
-230
-313
-403
-425
-336
-221
-187
-162
-79
52
119
115
147
146
81
9
-28
-41
-29
-16
-24
-16
-10
-48
-77
-40
8
-4
-78
-81
-8
15
72
177
225
268
308
292
289
299
272
194
115
81
20
-41
-11
57
97
136
167
199
231
218
235
290
298
258
207
217
258
205
126
141
116
-45
-171
-138
-77
-100
-80
11
34
9
40
70
17
-63
-115
-169
-212
-198
-175
-133
-97
-90
-32
53
81
51
40
81
98
77
119
206
234
231
221
211
177
98
19
-76
-154
-183
-238
-284
-250
-163
-87
-14
44
65
56
26
23
-12
-91
-102
-91
-130
-119
-27
19
-23
-58
-65
-94
-166
-256
-340
-354
-286
-240
-178
-15
117
140
164
217
163
16
-57
-70
-134
-192
-128
11
101
148
191
241
251
143
39
44
58
11
-30
20
119
198
267
318
281
215
151
16
-117
-169
-190
-234
-260
-175
-28
67
95
72
32
-16
-106
-218
-291
-288
-246
-211
-117
75
244
289
259
247
212
98
-13
-58
-64
-80
-96
-29
109
206
240
269
265
174
59
-14
-68
-111
-100
-77
-75
20
172
218
180
187
182
35
-124
-131
-63
-68
-114
-46
87
101
11
8
43
-76
-263
-352
-354
-359
-385
-371
-254
-104
-58
-71
-66
-63
-101
-200
-255
-244
-243
-269
-281
-222
-131
-76
-61
-75
-85
-121
-196
-268
-281
-193
-91
-27
37
129
224
221
99
16
-3
-93
-241
-287
-196
-105
-74
4
155
216
121
56
67
-10
-127
-140
-79
-47
-32
68
179
209
195
189
187
102
-16
-62
-61
-70
-65
48
184
259
336
415
442
362
257
189
107
37
23
65
99
90
126
212
253
262
287
253
181
176
185
226
321
379
363
330
332
270
117
30
23
-68
-202
-244
-232
-188
-108
-25
71
145
133
68
62
97
35
-95
-123
-68
-96
-139
-62
33
34
-31
-80
-69
-74
-153
-231
-232
-187
-177
-197
-104
46
69
51
76
83
56
-5
-65
-111
-145
-162
-198
-217
-118
20
32
6
50
71
12
-90
-121
-115
-185
-216
-172
-136
-109
-112
-111
-79
-88
-148
-186
-185
-186
-198
-147
-47
36
92
121
172
198
143
54
-56
-130
-171
-227
-246
-212
-129
-64
-46
36
172
217
180
162
131
64
31
45
61
64
112
156
138
136
156
130
67
-5
-89
-146
-157
-142
-106
-60
10
53
49
92
124
114
114
65
-8
-5
30
33
22
15
35
12
-42
-57
-57
-68
-97
-112
-62
38
113
174
252
314
322
261
199
166
108
31
-4
-16
13
60
64
92
158
180
142
99
52
1
-29
-42
-40
-11
42
91
112
146
178
134
56
-16
-110
-218
-270
-254
-222
-169
-65
38
65
84
116
94
30
-37
-84
-135
-139
-70
5
28
44
112
115
31
-21
-35
-76
-201
-276
-184
-96
-79
-7
107
157
125
97
97
63
-40
-131
-168
-210
-217
-186
-133
-71
-40
-6
22
9
-2
-19
-61
-86
-98
-86
-62
-41
-11
-21
-96
-174
-178
-190
-249
-227
-141
-74
-24
30
125
192
179
146
99
44
5
-69
-120
-68
-34
-41
-29
-6
6
-1
-11
-36
-73
-78
-54
-51
-16
87
147
170
188
172
135
68
-22
-118
-211
-262
-273
-268
-225
-156
-113
-57
-14
-35
-21
35
53
28
-17
11
72
69
81
105
100
50
-55
-119
-124
-135
-171
-180
-91
-5
50
116
192
249
213
162
139
79
19
-15
-39
-46
-63
-61
-11
5
-40
-63
-46
-71
-135
-144
-94
-70
-111
-81
-5
-2
12
42
74
41
-42
-40
-28
-50
-36
14
55
54
43
82
109
53
13
28
8
-50
-90
-69
-35
-55
-40
19
44
51
49
111
176
140
122
124
98
58
47
97
46
10
46
23
1
-88
-115
-92
-196
-193
-119
-110
-88
-69
6
92
100
152
238
212
140
179
189
51
-100
-99
-59
-143
-163
-42
-67
-205
-122
34
66
57
96
153
124
110
193
278
265
237
177
138
169
-47
-73
136
3
-218
-236
-109
-249
-544
-304
-31
-270
-359
-78
68
-97
-130
103
71
-33
102
261
277
139
32
-80
-140
-109
-251
-351
-210
-246
-353
-254
-92
-32
-218
-308
-208
-212
-174
-56
60
176
199
251
288
258
298
234
95
116
150
65
-40
-16
92
13
-36
46
13
-39
-138
-201
-199
-284
-263
-204
-138
36
137
196
290
398
430
338
300
287
135
-44
-66
14
4
3
107
193
235
226
184
195
156
112
107
42
92
94
7
105
212
238
218
191
181
112
27
54
152
170
151
165
189
107
-106
-179
-56
-152
-247
-29
48
-70
-63
165
313
174
182
358
217
42
112
54
-95
-95
-60
-69
17
194
197
112
225
314
186
126
159
20
-130
-111
-71
-71
-43
19
-44
-131
0
77
-25
43
214
148
54
157
221
81
-14
39
-38
-143
-76
3
0
7
21
-16
32
134
178
193
181
148
19
-117
-126
-149
-243
-283
-241
-158
-94
-17
103
127
99
112
111
111
69
27
44
-6
-88
-76
-43
-105
-197
-181
-138
-177
-195
-161
-147
-149
-177
-144
-91
-82
-26
12
20
23
29
34
59
132
157
178
230
268
282
214
153
115
17
-62
-106
-137
-103
-59
-43
21
78
159
207
122
148
195
53
-61
-52
-83
-188
-218
-132
-47
-183
-190
43
22
134
342
213
181
152
-83
-163
-92
15
-92
-257
-61
-147
-431
-239
-121
-291
-317
-239
-286
-350
-275
-225
-217
-177
-164
-172
-150
-60
-31
-74
29
78
-48
-5
97
61
-17
-75
-85
-175
-222
-208
-272
-267
-283
-417
-481
-393
-338
-382
-343
-205
-195
-272
-177
-54
-58
-86
-53
2
-3
33
71
72
154
196
128
75
115
90
-119
-219
-179
-317
-475
-374
-205
-193
-173
-24
33
48
174
260
208
219
270
86
-57
67
74
-97
-77
50
59
27
66
149
95
20
18
-50
-49
-12
-67
-66
17
84
37
24
149
201
111
51
134
74
-96
-34
42
27
61
68
40
21
24
-15
-75
-21
-6
-120
-91
56
81
82
149
175
127
75
37
26
13
-23
-54
-120
-112
-18
14
83
176
204
199
152
147
121
26
9
-30
-109
-60
-21
-55
9
116
135
121
167
186
132
147
185
141
123
154
109
69
127
154
111
124
188
137
51
121
201
207
233
285
296
268
229
173
123
57
-7
-39
-36
-16
-22
-31
-3
45
78
137
185
191
172
102
69
103
103
67
84
112
95
96
94
104
74
22
10
-95
-127
-43
-57
-51
30
27
-42
-37
-13
-77
-73
4
-33
-106
-59
15
-7
16
119
81
-32
-61
-85
-161
-195
-176
-209
-226
-185
-160
-113
-41
-6
-30
-59
-64
-105
-164
-117
-54
-47
16
123
182
179
208
202
122
42
18
-29
-157
-167
-132
-171
-171
-99
-49
-66
-62
-49
-67
-77
-39
-41
-52
34
85
84
108
167
186
85
28
33
-36
-102
-88
-103
-119
-65
-26
0
77
153
77
7
74
33
-54
-15
12
-43
-84
-35
22
9
18
43
5
-34
-47
-93
-113
-73
-84
-135
-42
47
-62
-86
-18
-39
-86
-88
-41
-96
-175
-136
-135
-132
-40
17
-2
-11
-18
-92
-155
-154
-163
-207
-195
-178
-226
-221
-146
-104
-119
-81
-35
-66
-73
-32
-44
-84
-62
-48
-55
34
79
11
-20
-19
-49
-101
-100
-38
-18
-68
-78
-15
-27
-14
73
93
104
130
103
45
45
54
20
12
49
62
47
59
73
52
-6
-21
-22
-83
-78
-41
-53
-47
26
67
43
107
157
115
91
76
58
60
85
105
110
87
-1
-37
-14
-25
-25
-4
35
78
76
81
90
86
82
78
111
127
88
40
15
7
-5
6
37
79
113
120
130
117
83
53
3
-20
-2
1
-38
-47
-3
10
19
34
39
70
79
73
96
135
135
142
180
159
109
107
117
82
44
31
-1
-64
-85
-24
29
64
118
195
259
282
325
316
245
209
173
124
94
91
132
117
77
120
147
113
118
143
105
63
21
-44
-72
-65
-46
-18
21
51
60
69
74
47
17
2
2
14
9
19
12
-26
-43
-73
-72
-23
3
3
24
36
5
-12
-12
0
20
7
-3
37
58
24
-13
-11
-9
-51
-75
-64
-41
-28
-28
-22
-21
-9
-8
-38
-67
-75
-93
-122
-119
-100
-90
-89
-112
-79
-15
-50
-61
-31
-54
-82
-102
-133
-145
-98
-46
-19
-12
-14
10
-15
-55
-53
-71
-101
-125
-144
-121
-84
-67
-50
-17
34
58
65
62
42
23
-13
-41
-68
-103
-127
-136
-119
-93
-77
-73
-65
-54
-63
-98
-88
-71
-110
-92
-42
-42
-58
-60
-37
-47
-99
-126
-110
-116
-165
-164
-145
-140
-113
-77
-23
16
12
-12
-57
-86
-98
-138
-176
-166
-151
-148
-127
-98
-81
-64
-57
-63
-59
-53
-76
-114
-110
-106
-121
-106
-71
-31
-3
24
53
33
-5
-19
-34
-69
-55
-32
-52
-49
-11
10
-12
-6
17
1
-5
-1
0
-27
-43
-14
-21
-21
4
-15
-25
-8
-32
-86
-75
-26
-21
-4
41
75
58
36
60
70
38
5
0
-21
-36
-34
-22
23
52
77
102
115
155
152
131
139
124
94
75
65
39
28
46
46
41
82
119
112
143
169
140
106
80
60
18
7
26
26
37
38
34
36
28
26
22
10
5
27
45
62
105
128
125
111
124
156
142
92
71
81
45
7
31
58
59
73
88
104
126
118
119
127
131
137
127
129
133
131
129
125
120
109
73
53
55
29
39
49
33
59
94
100
77
80
81
31
17
12
3
-7
-23
-25
-37
-24
29
50
41
67
72
47
43
30
20
19
34
47
25
39
55
28
23
5
-8
0
-34
-41
6
15
7
37
66
52
52
73
42
9
12
-21
-41
-41
-37
-28
-69
-74
-49
-65
-91
-108
-104
-106
-78
-49
-45
-11
1
-4
4
-6
-25
-46
-80
-103
-98
-76
-53
-53
-63
-56
-80
-95
-73
-79
-88
-85
-66
-27
-14
-2
24
-4
-36
-34
-44
-66
-88
-84
-84
-98
-85
-70
-45
-19
2
2
-16
-18
-14
-19
-14
-19
-48
-45
-58
-72
-59
-55
-33
-28
-50
-29
14
16
11
22
10
4
5
-2
-7
-10
-12
-20
-8
14
17
11
-2
-16
-25
-35
-48
-33
-15
-37
-44
-20
-16
-21
-1
5
-4
0
-17
-47
-74
-96
-107
-113
-109
-101
-79
-47
-35
-36
-26
-9
-16
-31
-18
-7
-36
-65
-63
-52
-59
-70
-68
-65
-61
-67
-69
-58
-69
-84
-55
-59
-77
-28
0
11
46
72
75
75
58
2
-19
-3
-8
-12
-12
22
46
16
19
53
57
42
39
41
33
24
21
36
65
92
86
69
96
134
108
95
112
82
72
97
92
103
131
124
96
113
153
144
129
118
115
108
68
52
44
39
39
19
29
43
49
58
70
92
86
63
29
15
14
-27
-46
-46
-62
-64
-63
-63
-64
-51
-51
-53
-21
-24
-31
-20
-35
-72
-95
-58
-46
-58
-40
-62
-83
-81
-103
-101
-83
-93
-109
-113
-88
-88
-99
-84
-63
-37
-5
26
33
20
-2
-23
-32
-32
-13
-10
-17
-18
-20
-26
-54
-64
-55
-52
-63
-63
-35
-33
-35
-17
-12
1
31
38
54
85
67
52
50
41
46
45
69
64
39
53
34
36
53
33
33
34
39
38
26
29
32
27
21
3
4
7
-17
-35
-25
-8
-7
12
37
48
41
26
39
23
7
8
-19
-20
-2
-6
-21
-2
43
49
35
29
17
22
31
28
20
29
43
20
2
13
21
12
-1
10
28
29
36
42
39
53
58
65
85
84
85
89
100
107
100
107
97
81
90
85
63
33
5
-18
-36
-31
-29
-20
9
22
20
13
28
58
65
64
74
79
62
37
25
34
26
24
39
39
28
11
8
-7
-5
1
-30
-21
-20
-39
-40
-57
-52
-45
-53
-47
-47
-39
-42
-62
-65
-56
-40
-25
-11
-27
-33
-33
-46
-20
-9
-21
-16
-16
-23
-34
-34
-39
-42
-32
-41
-32
-23
-27
-19
1
14
21
23
20
25
9
-8
-9
-8
-5
1
20
36
53
51
38
48
47
36
36
36
39
42
43
60
72
73
76
63
49
22
-15
-49
-84
-85
-76
-78
-53
-11
-5
-4
7
-1
-9
-16
-15
-14
-17
-21
-35
-53
-46
-21
-13
-15
-14
-24
-59
-86
-99
-102
-91
-88
-90
-83
-92
-100
-101
-100
-85
-83
-82
-61
-50
-47
-54
-69
-88
-88
-72
-66
-69
-64
-56
-64
-85
-89
-74
-59
-59
-78
-72
-68
-81
-91
-101
-95
-93
-86
-80
-73
-47
-34
-30
-32
-32
-43
-62
-46
-41
-42
-29
-29
-18
-12
-19
-15
-25
-18
3
-4
-3
13
29
40
39
38
35
45
55
31
16
8
-5
-8
-24
-23
-6
-8
0
14
26
35
33
40
47
54
58
48
51
41
40
41
21
31
21
15
36
36
46
54
54
54
55
65
89
77
52
58
52
45
61
66
86
100
107
115
109
109
101
76
57
64
60
42
54
60
56
58
63
63
65
67
55
61
68
48
36
40
39
36
41
48
43
20
16
30
36
35
39
39
24
35
34
20
28
21
15
16
14
22
17
11
2
0
16
14
17
15
-1
-11
-20
-22
-29
-30
-23
-15
1
13
6
0
9
-8
-21
-16
-29
-30
-25
-28
2
16
7
12
21
18
6
-2
-19
-21
-15
-22
-25
-6
22
22
37
69
84
72
62
73
71
62
62
65
52
51
57
59
62
48
55
53
47
66
47
47
71
52
50
56
49
54
62
70
66
59
61
48
44
46
41
41
28
18
17
10
14
11
4
20
33
37
41
37
17
10
17
15
7
7
0
-12
-24
-25
-11
-11
-18
-31
-41
-53
-82
-91
-99
-97
-71
-66
-58
-46
-36
-43
-52
-54
-81
-82
-81
-90
-79
-74
-82
-90
-83
-82
-84
-76
-83
-78
-74
-79
-69
-73
-76
-71
-72
-67
-58
-49
-44
-29
-23
-24
-13
-23
-25
-23
-35
-31
-47
-60
-62
-74
-80
-84
-76
-73
-71
-47
-42
-50
-39
-29
-32
-40
-48
-53
-57
-57
-63
-54
-34
-43
-42
-36
-44
-44
-71
-87
-85
-91
-98
-108
-94
-78
-76
-49
-41
-51
-41
-31
-28
-34
-35
-47
-74
-76
-69
-84
-80
-65
-48
-45
-47
-25
-34
-52
-50
-61
-59
-51
-60
-56
-53
-52
-47
-40
-16
-12
-14
-9
-14
-1
-9
-20
-15
-20
-10
-2
4
5
6
19
22
35
44
54
60
56
66
51
43
50
49
61
61
60
75
75
74
78
76
72
77
63
48
49
47
52
54
54
70
87
91
86
98
96
86
87
85
82
67
68
73
66
64
57
47
45
48
47
33
21
33
47
41
34
37
48
43
46
52
50
57
47
50
63
55
59
47
26
24
35
38
15
12
13
15
29
28
27
31
41
30
23
31
24
21
24
25
38
50
52
64
67
45
48
50
49
65
65
67
64
57
46
46
66
73
81
93
93
90
85
79
86
94
97
89
80
78
66
55
60
59
55
58
74
91
91
83
87
92
82
76
79
71
65
67
53
39
44
35
28
28
21
38
30
17
16
2
-6
-17
-17
-13
-23
-24
-34
-30
-35
-43
-41
-43
-36
-47
-51
-52
-46
-33
-39
-46
-62
-65
-64
-67
-56
-63
-74
-67
-72
-93
-95
-101
-114
-124
-139
-131
-122
-120
-122
-127
-116
-103
-95
-89
-96
-92
-88
-98
-81
-68
-69
-70
-75
-81
-95
-88
-76
-80
-87
-94
-97
-89
-88
-93
-87
-72
-67
-74
-58
-44
-42
-33
-41
-40
-43
-54
-57
-58
-54
-48
-53
-54
-44
-41
-41
-42
-52
-62
-61
-63
-69
-71
-70
-61
-57
-61
-49
-55
-55
-53
-69
-70
-72
-71
-72
-77
-74
-83
-66
-65
-71
-50
-60
-74
-79
-82
-85
-74
-68
-74
-63
-57
-51
-46
-44
-35
-48
-62
-65
-66
-71
-71
-65
-62
-49
-38
-32
-30
-24
-13
-6
4
2
13
16
5
22
48
55
57
72
87
95
111
115
106
102
96
86
81
83
92
95
93
94
96
99
106
114
129
138
155
166
159
167
175
179
176
174
169
150
150
145
141
136
124
120
118
123
123
122
115
113
119
106
108
101
94
100
79
83
90
88
90
85
90
72
60
53
37
36
31
17
10
10
11
9
5
-2
3
2
7
18
7
-4
-11
-17
-22
-33
-34
-41
-47
-41
-38
-47
-54
-45
-51
-60
-51
-43
-44
-42
-32
-20
-19
-12
-3
-4
1
2
-7
-15
-13
-6
-8
-2
3
2
-3
-7
-3
-1
-1
-4
-3
-4
-11
-6
9
19
26
30
39
37
31
27
14
7
15
17
19
17
10
8
5
10
11
5
-7
-22
-25
-38
-43
-23
-12
-9
-1
4
1
-14
-29
-33
-36
-47
-46
-40
-37
-46
-55
-51
-57
-60
-57
-60
-66
-74
-88
-96
-101
-103
-104
-94
-91
-93
-79
-76
-68
-71
-80
-87
-92
-82
-86
-100
-96
-84
-85
-99
-101
-106
-108
-114
-118
-114
-111
-105
-102
-87
-75
-76
-66
-63
-58
-57
-67
-63
-63
-67
-79
-91
-90
-89
-79
-68
-57
-63
-54
-42
-55
-47
-56
-61
-41
-46
-46
-42
-31
-29
-37
-22
-17
-18
-14
-16
-17
-20
-25
-38
-50
-39
-30
-38
-42
-29
-22
-17
-13
-15
-9
-15
-17
-15
-21
-35
-37
-15
-14
-9
-2
-16
-10
-12
-14
-9
-7
-6
-16
-12
-9
-3
6
-2
-6
3
9
17
29
24
20
35
33
32
38
38
46
42
50
52
45
50
45
39
39
39
40
42
58
74
76
78
85
92
81
82
89
84
89
101
109
111
121
127
126
125
119
114
115
119
118
118
127
131
137
132
133
144
134
131
128
139
150
145
151
132
122
138
127
129
131
135
139
129
137
140
134
129
128
128
116
104
98
109
106
93
91
80
86
73
66
78
67
66
63
58
56
52
53
54
58
40
24
16
14
12
1
5
7
10
12
1
-1
-14
-15
-11
-15
-15
-19
-18
-10
-10
-16
-15
-17
-28
-44
-58
-66
-71
-61
-50
-58
-57
-50
-56
-53
-53
-49
-46
-51
-37
-33
-41
-47
-44
-39
-44
-40
-37
-38
-41
-57
-59
-61
-70
-66
-60
-59
-60
-56
-58
-60
-57
-59
-70
-72
-65
-62
-61
-58
-53
-57
-58
-57
-70
-68
-67
-73
-71
-77
-80
-68
-70
-81
-86
-86
-89
-93
-86
-85
-89
-100
-110
-116
-128
-120
-112
-109
-97
-98
-85
-80
-85
-84
-94
-93
-98
-101
-95
-98
-95
-88
-84
-86
-88
-82
-80
-80
-70
-58
-56
-67
-69
-65
-64
-69
-65
-48
-54
-70
-61
-51
-54
-60
-66
-53
-48
-51
-30
-22
-21
-3
-6
-1
10
3
7
7
17
22
10
8
4
2
2
9
14
15
12
7
6
-5
-7
-5
-7
1
8
22
27
31
32
23
31
31
9
-7
2
3
-3
-4
-2
4
2
4
-1
-8
-10
-13
-8
-11
-22
-23
-27
-34
-32
-30
-24
-25
-21
-11
-12
-4
-12
-34
-37
-28
-19
-13
-3
-1
-3
2
2
-4
-6
-7
-21
-15
1
-3
-3
-5
-1
0
-18
-24
-9
1
7
20
23
21
24
29
40
43
47
52
62
68
56
59
65
68
67
64
77
92
102
109
112
118
106
90
88
81
74
66
73
80
81
93
90
94
84
76
92
87
80
75
66
65
72
74
74
80
82
86
85
76
73
68
60
55
55
50
47
44
34
39
35
24
29
34
25
11
17
28
13
5
14
14
5
4
23
33
26
20
23
33
36
26
27
28
19
29
26
14
17
17
16
16
12
7
5
1
9
13
11
21
27
18
11
13
23
21
4
3
8
6
7
2
0
-4
-12
-12
-11
-13
-17
-21
-27
-24
-27
-31
-25
-36
-43
-41
-43
-49
-61
-61
-60
-67
-68
-78
-86
-88
-99
-96
-91
-95
-99
-99
-101
-98
-91
-99
-88
-88
-108
-111
-113
-107
-108
-110
-110
-121
-111
-106
-107
-104
-121
-121
-114
-110
-100
-101
-100
-93
-83
-86
-87
-75
-77
-74
-64
-57
-54
-52
-44
-40
-34
-27
-33
-36
-36
-32
-27
-20
-12
-20
-22
-8
3
14
15
19
19
14
13
12
12
20
26
20
29
42
40
35
41
51
57
50
39
32
20
16
12
14
17
22
33
30
26
31
24
25
27
27
12
4
13
11
16
15
19
24
14
23
22
12
7
2
8
8
6
7
5
4
2
8
17
10
8
16
15
13
14
8
11
21
17
31
46
40
45
44
53
49
40
48
40
44
65
60
58
68
65
72
90
85
76
64
55
59
56
56
56
52
56
62
69
74
66
62
59
59
62
62
65
47
45
56
53
57
59
59
54
50
42
20
12
3
-8
-8
-17
-12
-1
-6
-6
-1
-7
-12
-8
-18
-31
-29
-27
-29
-27
-24
-20
-11
-9
-13
-30
-31
-15
-19
-23
-22
-17
-9
-18
-12
-4
0
4
7
16
9
6
1
4
2
-1
12
9
4
4
17
33
22
11
22
31
33
40
48
41
35
37
35
37
36
34
33
37
41
36
36
25
24
29
21
19
1
-5
-12
-15
2
-1
-12
-20
-12
-3
-14
-16
-18
-31
-36
-39
-46
-44
-49
-54
-50
-49
-59
-67
-69
-78
-78
-83
-98
-105
-105
-105
-105
-111
-110
-107
-109
-107
-108
-112
-126
-124
-109
-102
-100
-96
-90
-88
-84
-85
-85
-80
-86
-95
-92
-88
-88
-88
-74
-68
-65
-56
-52
-52
-55
-58
-57
-57
-59
-51
-40
-33
-28
-25
-23
-19
-13
-26
-21
-13
-20
-8
-2
9
14
8
12
3
5
4
-4
7
8
-8
-7
0
1
-5
-16
-15
-10
-15
-10
-3
-8
-17
-21
-17
-10
-15
-27
-15
-6
-10
-19
-18
-14
-22
-23
-29
-26
-25
-28
-20
-27
-24
-25
-35
-23
-24
-31
-24
-19
-10
-18
-23
-2
8
-2
-2
11
6
4
23
39
42
37
51
56
57
65
56
59
72
74
74
74
74
78
81
82
89
97
94
92
107
114
115
115
110
113
116
122
126
129
135
135
135
136
141
138
135
136
131
124
121
126
124
125
121
110
110
107
104
99
90
91
90
75
62
67
59
61
68
60
48
36
35
31
25
26
21
16
15
10
-1
-1
-4
-23
-21
-8
-16
-20
-22
-20
-24
-33
-41
-40
-31
-38
-39
-28
-37
-40
-26
-16
-18
-13
-13
-20
-23
-24
-27
-28
-18
-11
-12
-7
-3
2
-2
-7
0
4
7
9
6
8
4
7
21
21
19
24
25
26
26
25
18
24
32
21
22
33
23
21
27
26
13
10
14
2
3
-4
-10
-7
-8
-10
-15
-8
-9
-18
-27
-32
-35
-46
-51
-48
-48
-54
-56
-56
-68
-71
-67
-60
-65
-82
-75
-77
-90
-94
-98
-89
-86
-89
-84
-83
-81
-86
-88
-89
-89
-96
-103
-98
-93
-85
-86
-85
-62
-57
-58
-41
-38
-32
-30
-30
-27
-28
-24
-23
-17
-12
-22
-17
-2
8
7
11
17
14
14
19
23
25
21
22
32
49
53
54
56
49
46
52
43
33
37
42
53
58
53
44
31
37
43
31
21
21
23
13
7
9
9
5
6
5
-4
-7
-8
-13
-16
-31
-38
-38
-47
-45
-40
-45
-45
-41
-45
-52
-50
-66
-77
-71
-71
-63
-57
-59
-62
-63
-62
-72
-70
-72
-80
-78
-89
-89
-75
-67
-68
-67
-64
-63
-53
-39
-40
-40
-30
-26
-36
-28
-21
-25
-14
-8
-9
-4
-3
0
-1
-4
-11
-5
2
-3
1
12
20
21
9
5
11
12
17
22
20
20
20
17
22
29
26
29
36
29
30
37
32
20
13
6
10
18
8
-6
-3
14
17
15
11
7
2
-5
-5
2
15
8
0
8
14
11
19
22
18
28
27
23
27
20
18
14
11
18
22
27
46
48
40
49
52
56
53
49
51
51
44
52
66
60
72
87
87
98
102
103
99
93
104
95
102
113
107
110
108
113
105
97
108
112
107
102
95
88
91
92
90
90
78
73
67
53
59
57
51
50
43
43
45
41
41
42
39
37
34
30
17
17
14
-8
-11
-13
-12
-13
-24
-29
-39
-44
-36
-30
-29
-30
-33
-39
-45
-47
-49
-56
-59
-54
-55
-60
-58
-54
-51
-54
-57
-51
-54
-59
-59
-68
-63
-56
-54
-54
-52
-52
-55
-53
-51
-44
-50
-56
-51
-50
-44
-45
-42
-31
-37
-42
-40
-35
-25
-26
-37
-32
-22
-29
-31
-21
-22
-20
-18
-25
-26
-29
-28
-18
-18
-27
-19
-8
-18
-20
-13
-6
-8
-8
-3
-9
-7
-8
-15
-16
-27
-32
-30
-29
-25
-29
-24
-17
-17
-14
-9
-12
-14
-15
-17
-11
-14
-27
-26
-20
-25
-27
-24
-25
-26
-23
-13
-14
-18
-12
-10
-15
-16
-15
-19
-19
-13
-16
-18
-16
-11
-6
-12
-9
-8
-18
-12
-1
-5
1
8
9
8
7
1
-2
1
-1
3
9
7
11
17
25
20
14
14
9
19
15
-2
-1
4
4
-1
-13
-4
9
2
5
11
7
11
22
12
3
9
7
5
-1
1
0
-8
-10
-11
-3
-6
-10
1
3
-2
-8
-12
-11
-8
-4
-18
-22
-14
-26
-21
-17
-19
-11
-13
-18
-13
2
6
2
11
10
9
11
11
2
-3
5
4
9
7
0
14
15
18
30
29
33
37
34
39
38
28
36
46
37
41
51
55
59
59
70
78
88
91
77
83
89
81
82
85
95
99
94
98
103
99
97
91
93
94
89
97
96
90
91
82
81
82
76
78
80
74
74
82
79
71
68
69
65
51
49
49
45
43
47
42
29
23
12
12
15
8
6
9
9
14
15
-4
-7
-12
-15
-16
-30
-33
-41
-45
-44
-46
-45
-50
-53
-49
-49
-45
-45
-60
-60
-57
-70
-72
-75
-74
-68
-80
-82
-83
-87
-75
-65
-74
-69
-64
-71
-67
-71
-77
-83
-90
-84
-77
-74
-73
-76
-76
-77
-76
-78
-84
-71
-73
-70
-74
-89
-82
-86
-87
-84
-87
-84
-82
-81
-82
-84
-87
-87
-83
-81
-79
-67
-60
-71
-70
-72
-82
-79
-70
-66
-63
-53
-50
-53
-58
-60
-53
-52
-55
-41
-37
-41
-38
-43
-44
-42
-40
-34
-25
-16
-9
-15
-15
2
5
9
19
23
40
42
36
45
51
51
53
57
61
67
67
72
83
85
87
83
81
88
99
104
107
114
119
115
117
115
106
102
101
100
107
107
98
106
104
101
105
99
96
91
85
82
75
66
62
60
56
61
56
46
43
34
23
19
13
5
3
3
-5
-14
-15
-14
-17
-25
-31
-35
-42
-45
-56
-59
-57
-65
-65
-67
-76
-72
-74
-84
-90
-89
-92
-96
-94
-98
-100
-99
-99
-99
-101
-101
-95
-86
-91
-99
-99
-89
-80
-73
-64
-60
-60
-52
-48
-49
-46
-49
-45
-36
-33
-35
-22
-8
-15
-6
11
8
4
6
7
17
20
25
33
32
42
49
46
42
43
52
50
50
56
59
65
63
61
62
60
63
64
52
55
61
52
53
57
60
65
56
51
55
45
47
40
33
39
37
39
42
40
37
38
29
22
21
18
21
17
5
14
19
7
5
6
11
11
1
-6
-18
-15
-10
-12
-10
-10
-12
-14
-11
-15
-18
-14
-9
-7
-22
-23
-13
-3
-4
-17
-11
-1
-12
-11
-4
-15
-13
-10
-15
-14
-21
-23
-20
-14
-12
-12
-11
-16
-9
-2
-3
-3
-2
-8
-7
-3
-2
-1
-3
-2
1
3
4
12
15
16
19
14
20
27
15
17
25
26
24
24
25
22
23
28
29
40
45
44
44
40
41
36
44
51
46
48
54
60
54
51
47
47
56
55
54
55
58
59
63
64
58
66
69
65
67
59
60
63
56
58
65
66
68
59
59
66
61
55
56
53
51
50
49
51
44
43
48
45
39
34
34
25
17
19
18
15
4
-7
-9
-10
-13
-17
-14
-13
-13
-16
-22
-25
-32
-31
-36
-41
-36
-39
-46
-44
-53
-55
-51
-59
-66
-67
-68
-75
-76
-80
-78
-79
-91
-83
-86
-90
-90
-97
-97
-94
-100
-99
-95
-94
-97
-102
-105
-103
-112
-113
-103
-106
-99
-99
-109
-110
-114
-115
-110
-110
-111
-110
-119
-115
-105
-107
-98
-100
-112
-98
-92
-96
-87
-84
-77
-73
-80
-83
-79
-74
-72
-70
-62
-49
-45
-56
-52
-48
-51
-47
-41
-43
-37
-23
-31
-34
-30
-37
-41
-29
-17
-2
7
3
1
-7
-4
3
8
18
20
24
20
19
30
30
25
29
35
37
50
51
43
52
43
44
53
56
71
63
59
66
60
69
64
56
62
63
60
64
80
74
78
79
66
87
82
78
92
80
84
86
75
89
79
82
90
73
93
90
73
83
79
74
71
73
72
75
69
66
73
61
56
57
59
74
69
66
64
60
61
47
45
39
42
53
52
60
52
47
53
37
37
40
29
39
37
31
33
36
41
31
32
37
39
39
29
26
21
18
13
10
14
15
10
10
16
12
14
14
11
17
8
6
14
13
3
-2
7
2
-9
-5
-6
-11
-13
-8
-4
-7
-5
-4
-5
-6
-9
-9
-17
-17
-3
-4
-11
-8
-12
-12
-9
-9
-12
-12
-13
-18
-10
0
2
8
-5
-19
-17
-26
-30
-22
-23
-25
-21
-25
-36
-32
-22
-26
-21
-20
-25
-17
-13
-20
-16
-15
-19
-15
-17
-17
-14
-19
-26
-28
-28
-28
-21
-21
-23
-14
-18
-24
-15
-23
-26
-27
-41
-37
-30
-38
-36
-35
-37
-36
-35
-39
-39
-36
-34
-34
-35
-42
-45
-47
-52
-45
-40
-45
-48
-42
-49
-57
-57
-61
-54
-51
-57
-55
-56
-58
-64
-66
-61
-69
-64
-61
-70
-64
-72
-72
-64
-63
-52
-54
-59
-54
-52
-55
-55
-58
-56
-51
-49
-36
-36
-37
-33
-41
-26
-26
-41
-23
-24
-28
-18
-23
-16
-22
-25
-18
-20
-9
2
-3
0
1
1
7
9
16
19
24
27
32
36
33
39
36
32
32
40
50
53
47
50
59
57
59
54
55
49
46
59
50
49
56
46
57
66
56
65
58
49
59
53
49
50
47
48
48
46
42
48
46
37
42
51
48
39
20
26
37
23
23
20
14
22
22
21
15
6
22
25
19
25
28
27
23
26
27
20
16
13
16
22
23
12
12
12
4
6
7
8
6
14
23
11
7
5
-6
6
10
6
10
3
5
4
-4
-6
-2
15
15
8
13
12
10
14
18
12
8
13
11
8
16
9
-2
-4
-5
6
6
3
14
6
5
13
-1
1
6
2
8
0
-1
2
-6
-8
-2
-2
-1
7
4
5
8
8
0
-1
3
4
4
-3
6
9
-2
0
1
-9
-12
-9
-7
2
-4
-12
-2
-10
-20
-13
-7
-8
-9
-4
-1
-3
-10
-2
13
11
12
11
7
9
10
5
6
13
8
9
13
12
11
1
0
14
15
7
5
2
4
6
14
15
22
23
10
20
24
19
25
22
24
27
22
23
23
25
30
28
22
9
3
6
3
3
4
6
14
19
14
3
1
-1
-4
2
6
4
5
4
3
5
0
-7
-3
-8
-9
-8
-13
-7
-8
-12
-9
-11
-8
-4
-2
5
-5
-10
-6
-8
-13
-9
-8
-25
-19
-13
-22
-7
-3
-13
-8
-15
-17
-11
-13
-5
-5
1
-7
-19
-8
-14
-20
-13
-21
-19
-15
-19
-19
-19
-16
-14
-16
-27
-19
-19
-32
-22
-25
-33
-31
-34
-27
-33
-40
-36
-38
-32
-44
-46
-36
-43
-47
-37
-40
-47
-47
-53
-47
-48
-56
-53
-56
-61
-64
-70
-69
-73
-81
-75
-71
-63
-62
-65
-65
-67
-64
-64
-64
-59
-59
-60
-59
-61
-53
-51
-57
-54
-53
-41
-38
-47
-36
-31
-36
-37
-30
-25
-29
-21
-15
-20
-15
-1
-5
-6
-1
1
7
15
20
10
20
31
20
28
37
35
33
33
42
50
53
58
57
55
61
56
62
68
63
71
73
77
79
78
81
86
87
78
78
76
82
89
82
85
89
92
92
97
101
97
93
89
90
88
89
90
90
90
87
91
81
77
74
74
81
78
77
74
76
79
71
69
74
71
72
73
70
69
67
64
67
61
54
57
51
45
52
56
50
52
48
35
36
37
34
35
34
34
37
30
23
29
31
25
24
22
20
24
24
14
17
18
4
10
14
9
10
7
5
3
2
-3
-8
-10
-10
-5
-5
-4
-5
-7
-17
-16
-12
-22
-21
-26
-25
-30
-47
-45
-44
-45
-39
-44
-43
-55
-64
-61
-67
-67
-63
-56
-58
-58
-55
-66
-59
-54
-65
-70
-76
-81
-78
-78
-82
-84
-80
-81
-86
-82
-78
-70
-63
-71
-74
-80
-87
-78
-79
-79
-75
-82
-77
-82
-85
-81
-87
-78
-69
-68
-61
-56
-56
-56
-58
-57
-51
-54
-54
-54
-57
-58
-68
-58
-50
-52
-38
-43
-47
-47
-50
-46
-53
-50
-40
-37
-42
-41
-42
-47
-44
-50
-50
-38
-32
-36
-40
-33
-40
-39
-31
-34
-30
-31
-29
-31
-35
-32
-35
-33
-39
-38
-32
-39
-32
-25
-27
-27
-27
-26
-15
-22
-21
-9
-17
-16
-16
-22
-18
-23
-17
-7
-7
-1
4
4
1
4
11
14
15
22
32
36
36
39
38
30
20
25
33
33
45
51
53
60
51
56
63
54
66
74
70
73
79
79
74
77
77
75
89
92
92
98
99
98
92
92
93
99
108
110
117
116
104
110
109
100
90
86
86
90
97
100
98
90
85
82
84
83
86
94
91
85
83
86
80
72
70
72
80
73
67
75
72
64
58
57
62
61
58
62
60
52
52
55
49
46
45
47
52
48
45
51
46
41
49
46
46
44
37
49
41
31
43
34
29
35
25
26
36
32
29
21
25
29
17
12
17
24
18
4
3
-5
-15
-12
-19
-19
-12
-24
-24
-22
-27
-23
-33
-31
-27
-30
-28
-37
-46
-51
-53
-67
-63
-55
-69
-69
-72
-71
-79
-92
-88
-93
-91
-89
-92
-91
-92
-89
-96
-104
-96
-100
-109
-108
-111
-115
-119
-119
-113
-113
-112
-115
-118
-111
-114
-119
-108
-107
-118
-117
-122
-126
-111
-109
-105
-95
-97
-98
-98
-101
-104
-101
-96
-94
-96
-93
-92
-87
-75
-80
-81
-77
-85
-85
-74
-67
-66
-63
-57
-52
-55
-54
-52
-52
-54
-51
-44
-37
-38
-39
-41
-39
-33
-27
-25
-17
-10
-10
-4
-7
-16
-13
-12
-14
-6
-5
2
15
10
13
12
9
18
21
27
34
35
40
32
30
43
45
48
47
48
51
61
67
62
68
76
75
83
94
91
97
97
85
92
98
94
97
88
90
95
91
102
99
105
110
108
115
112
107
104
99
97
102
105
110
105
103
109
101
105
110
98
105
105
97
96
86
83
79
73
72
65
62
64
61
56
56
49
47
47
45
48
38
27
28
14
10
10
-6
3
15
7
6
9
9
0
-7
-16
-21
-20
-23
-30
-30
-34
-43
-38
-37
-32
-23
-30
-40
-48
-52
-60
-63
-59
-60
-55
-58
-52
-51
-60
-53
-58
-65
-56
-59
-59
-52
-55
-48
-45
-57
-47
-51
-60
-46
-54
-61
-56
-68
-66
-64
-63
-49
-53
-50
-46
-48
-49
-49
-39
-50
-59
-47
-50
-51
-48
-51
-48
-50
-48
-44
-49
-43
-37
-40
-34
-38
-43
-41
-46
-46
-37
-29
-30
-32
-30
-23
-28
-40
-34
-35
-32
-31
-28
-28
-37
-34
-28
-27
-25
-12
-3
-2
2
-5
-1
2
-1
2
6
16
19
15
7
7
12
9
18
27
34
41
42
44
40
41
41
36
43
41
44
47
42
44
50
52
47
54
55
49
62
62
60
66
60
56
57
57
61
65
54
45
40
42
40
37
46
42
35
37
33
30
32
30
27
25
32
30
22
16
12
15
16
15
10
6
3
3
7
5
4
4
4
3
0
2
-1
4
5
-5
-8
-9
-2
8
6
3
2
0
1
-3
-7
2
1
1
1
-6
-3
2
11
20
17
17
22
29
36
40
37
30
27
32
40
37
27
26
37
36
28
42
51
48
53
55
55
50
50
55
42
44
59
51
59
62
44
45
47
47
43
35
31
31
32
29
23
27
23
26
30
13
17
14
9
22
20
13
15
12
15
17
16
11
1
0
5
-1
-7
-6
-5
-6
-15
-19
-11
-8
-12
-10
-8
-10
-10
-20
-25
-14
-11
-12
-7
-11
-14
-16
-14
-14
-14
-11
-24
-26
-14
-17
-21
-22
-28
-31
-24
-21
-28
-28
-25
-28
-24
-21
-29
-31
-39
-38
-37
-44
-44
-48
-45
-44
-46
-44
-47
-48
-59
-60
-52
-47
-47
-52
-52
-55
-58
-59
-63
-65
-64
-63
-68
-64
-61
-72
-72
-66
-63
-65
-68
-70
-71
-66
-58
-56
-58
-59
-58
-57
-58
-53
-51
-50
-45
-36
-39
-45
-29
-27
-38
-29
-27
-20
-3
-9
-6
-1
-4
3
-3
0
9
12
17
16
18
18
14
17
14
24
28
22
32
39
36
35
36
35
30
28
32
39
37
32
32
35
29
21
19
16
13
13
17
10
4
2
2
5
3
1
2
-9
-15
-16
-27
-26
-24
-36
-42
-43
-40
-37
-41
-38
-33
-37
-41
-37
-40
-47
-47
-50
-55
-64
-72
-66
-57
-57
-63
-63
-59
-58
-69
-64
-56
-59
-59
-50
-44
-45
-46
-38
-31
-30
-28
-21
-16
-26
-30
-14
-17
-9
-3
-6
5
-1
-7
3
-2
4
16
17
27
29
31
34
38
52
45
38
42
41
49
54
40
38
43
40
46
46
50
57
52
58
61
64
69
70
65
63
61
56
57
49
47
50
39
39
43
45
55
52
44
41
39
51
49
35
35
36
33
32
29
23
30
35
29
29
24
35
44
43
37
26
29
26
26
31
29
37
37
33
32
31
35
39
44
44
41
38
46
51
47
42
37
39
46
48
46
35
33
37
37
37
36
42
50
47
48
48
40
42
39
33
41
38
38
42
34
37
32
30
26
19
26
25
14
13
9
11
4
2
15
12
7
3
8
13
1
-3
-1
-10
-12
-10
-15
-13
-21
-24
-19
-28
-27
-27
-34
-32
-41
-43
-37
-32
-29
-30
-27
-34
-37
-42
-47
-47
-48
-51
-62
-56
-51
-55
-56
-58
-50
-52
-52
-48
-48
-54
-58
-54
-53
-62
-69
-61
-68
-71
-74
-82
-73
-69
-70
-70
-73
-69
-69
-70
-73
-75
-72
-71
-72
-72
-73
-72
-75
-68
-62
-68
-66
-65
-73
-77
-76
-80
-76
-71
-81
-84
-89
-82
-74
-72
-62
-62
-63
-65
-73
-70
-72
-82
-90
-83
-73
-77
-72
-66
-62
-58
-62
-58
-54
-54
-50
-55
-51
-50
-58
-49
-47
-51
-40
-38
-44
-41
-34
-37
-30
-22
-24
-17
-16
-12
-1
-7
-14
-17
-14
-8
-5
2
14
20
14
12
18
18
22
26
32
33
29
39
41
42
43
42
51
57
46
50
62
60
66
64
66
71
62
62
67
65
76
85
84
90
86
81
87
91
88
79
82
89
94
98
97
113
116
103
102
101
103
104
97
95
93
89
94
97
104
111
102
109
112
101
99
97
97
98
99
92
90
88
82
76
76
83
80
82
84
80
83
78
66
62
64
60
48
53
47
46
56
45
43
42
42
51
50
46
43
39
34
35
25
14
18
21
13
8
14
17
5
4
15
8
-1
-5
-9
-10
-14
-16
-23
-25
-24
-25
-19
-13
-12
-15
-5
-2
-17
-22
-30
-38
-42
-43
-41
-41
-46
-45
-45
-48
-51
-46
-37
-42
-41
-41
-40
-47
-59
-46
-47
-59
-59
-64
-66
-58
-57
-59
-55
-55
-55
-60
-67
-67
-63
-52
-52
-53
-50
-45
-46
-51
-52
-62
-69
-63
-67
-69
-74
-72
-59
-62
-67
-62
-58
-55
-55
-54
-55
-64
-64
-62
-63
-63
-56
-56
-53
-44
-52
-48
-39
-38
-36
-39
-48
-47
-45
-48
-46
-48
-46
-53
-57
-49
-42
-35
-36
-31
-29
-43
-48
-52
-54
-55
-57
-57
-54
-50
-55
-51
-37
-39
-38
-36
-48
-47
-45
-55
-59
-57
-68
-73
-69
-67
-59
-53
-44
-39
-41
-42
-47
-42
-40
-50
-44
-44
-46
-48
-57
-52
-55
-55
-40
-31
-30
-28
-22
-14
-14
-24
-31
-27
-24
-30
-26
-15
-15
-10
7
13
13
19
22
24
33
32
28
32
28
32
32
29
47
53
60
63
66
77
80
77
79
81
70
66
67
72
73
71
79
81
84
85
96
109
103
102
97
99
95
81
81
78
78
82
78
86
95
90
92
91
86
81
74
79
81
69
63
66
58
54
62
62
60
63
58
54
54
50
45
40
32
30
34
36
37
37
31
27
24
24
30
23
23
23
15
17
18
11
9
9
6
12
7
7
15
15
21
15
12
13
11
8
10
11
0
2
4
0
4
-6
-10
4
3
0
4
1
-5
-4
0
4
0
-7
5
9
-4
-5
-12
-24
-16
-18
-21
-11
-12
-13
-13
-20
-21
-19
-16
-14
-12
-9
-9
-16
-14
-13
-17
-24
-29
-33
-36
-29
-22
-20
-25
-26
-23
-27
-28
-23
-22
-26
-24
-31
-34
-31
-31
-28
-31
-34
-30
-24
-25
-19
-17
-22
-22
-28
-35
-29
-23
-28
-28
-27
-26
-29
-32
-31
-34
-27
-22
-27
-22
-26
-41
-37
-30
-31
-32
-41
-35
-20
-18
-19
-18
-19
-16
-14
-27
-33
-23
-22
-20
-28
-35
-30
-38
-32
-22
-30
-24
-23
-32
-31
-32
-28
-33
-36
-29
-34
-37
-34
-27
-29
-30
-21
-27
-21
-13
-17
-15
-17
-23
-26
-30
-25
-15
-14
-15
-12
-10
-12
-14
-17
-21
-19
-17
-22
-15
-8
-3
2
-3
-6
-12
-9
-3
-8
-6
-7
-13
-11
-15
-12
-10
-11
-6
-12
-9
-5
-13
-4
3
-1
-4
-4
-4
-6
-5
-7
-15
-17
-7
-7
-3
2
0
-1
-2
-1
-5
-11
-14
-16
-19
-19
-20
-22
-8
-2
-6
5
8
6
7
0
-4
-3
0
-4
-2
4
-3
-2
2
-3
12
19
18
27
21
20
29
29
25
26
33
30
26
32
32
31
32
33
36
38
42
37
42
53
40
31
35
30
29
40
43
42
44
37
40
42
41
43
41
42
40
35
35
37
32
29
29
26
26
25
24
28
24
20
23
17
8
13
19
10
14
17
9
7
-4
-3
1
1
4
4
5
1
2
2
2
-3
-4
7
2
-6
-3
1
0
-7
-6
0
-5
-5
5
3
2
7
6
9
7
8
18
20
18
14
14
13
11
10
14
17
12
13
15
16
12
9
11
6
11
18
21
17
13
14
3
-3
-3
-13
-11
-2
2
6
4
3
9
7
-4
-1
6
-6
-15
-8
-9
-14
-24
-22
-13
-18
-21
-18
-18
-21
-23
-31
-35
-36
-33
-26
-23
-22
-27
-28
-25
-31
-35
-39
-37
-32
-28
-29
-33
-24
-22
-28
-31
-37
-41
-36
-26
-20
-28
-29
-20
-21
-18
-15
-14
-9
-13
-14
-7
-9
-11
-6
-6
-1
-2
-4
2
0
7
15
8
8
12
13
8
10
6
4
5
0
2
6
3
5
16
25
21
22
26
18
18
20
15
13
10
8
11
10
4
0
-4
-3
-5
-6
-7
-11
-14
-13
-9
-13
-17
-24
-14
-12
-19
-16
-14
-21
-28
-25
-30
-33
-31
-33
-32
-36
-35
-33
-42
-44
-36
-37
-36
-24
-21
-25
-24
-25
-29
-29
-28
-29
-29
-30
-30
-33
-38
-43
-39
-39
-44
-28
-22
-29
-28
-29
-27
-24
-26
-28
-23
-24
-26
-20
-21
-24
-25
-27
-30
-26
-27
-31
-18
-9
-19
-15
-11
-11
-7
-4
-1
0
5
10
5
8
1
4
17
10
16
26
24
28
31
32
31
31
40
43
44
53
59
60
58
56
50
56
59
52
58
62
52
54
55
61
66
63
74
75
64
66
58
58
64
56
54
66
73
64
56
56
52
48
49
47
53
57
53
54
46
40
38
34
38
40
42
44
35
30
28
25
24
23
17
13
15
22
16
0
2
1
-6
-7
-6
2
-5
-19
-17
-25
-33
-33
-41
-37
-42
-43
-40
-50
-49
-47
-43
-42
-45
-44
-49
-53
-49
-53
-61
-57
-64
-71
-66
-68
-59
-52
-57
-53
-49
-54
-53
-47
-50
-53
-55
-65
-57
-48
-44
-45
-54
-40
-35
-47
-45
-34
-41
-41
-30
-32
-30
-24
-28
-21
-16
-15
-16
-19
-16
-15
-10
-5
-5
4
6
1
5
6
10
14
13
10
9
22
28
30
33
36
36
36
42
44
48
46
41
46
42
43
44
37
39
41
43
50
60
63
61
60
60
58
55
57
58
51
55
52
46
43
39
47
45
38
44
52
51
49
46
35
37
33
25
29
34
34
21
12
14
12
4
-5
-8
-5
-4
-2
-7
-12
-9
-17
-18
-11
-21
-22
-18
-26
-38
-41
-37
-35
-37
-24
-18
-26
-31
-34
-32
-40
-56
-54
-47
-42
-37
-42
-37
-27
-29
-27
-31
-31
-25
-31
-31
-22
-27
-31
-34
-32
-24
-26
-25
-23
-13
-3
-9
-13
-19
-11
0
-8
-1
5
7
11
11
12
5
2
9
13
17
24
29
30
31
31
27
22
27
37
38
41
41
31
34
44
53
47
48
57
55
53
51
50
47
43
47
47
52
60
54
54
49
45
40
33
38
44
45
40
42
36
33
35
22
21
28
24
23
16
17
15
9
15
10
10
7
3
8
3
1
1
-5
-15
-21
-20
-23
-24
-23
-28
-31
-31
-29
-33
-38
-34
-28
-30
-37
-43
-47
-54
-54
-49
-64
-71
-58
-58
-69
-70
-75
-84
-79
-81
-85
-87
-81
-79
-87
-82
-87
-94
-86
-91
-94
-94
-105
-101
-97
-97
-86
-88
-92
-91
-94
-89
-82
-80
-72
-69
-71
-67
-64
-67
-60
-54
-56
-58
-44
-41
-50
-48
-45
-39
-31
-26
-26
-23
-16
-11
-11
-9
2
5
8
18
17
15
16
22
18
17
27
32
35
43
52
53
56
60
62
64
65
57
62
74
72
77
83
85
86
80
79
82
85
83
82
91
90
89
92
83
81
91
93
89
90
91
92
91
79
73
84
84
75
73
62
64
68
64
65
62
60
64
72
63
58
65
58
57
60
55
58
59
52
42
34
38
30
27
33
24
19
20
17
27
29
27
24
17
20
17
16
20
17
12
8
14
15
10
0
-1
6
-2
-4
-7
-6
-2
-14
-17
-15
-17
-17
-22
-24
-18
-15
-18
-27
-29
-33
-31
-35
-47
-41
-42
-55
-52
-52
-47
-48
-49
-47
-56
-58
-57
-55
-46
-45
-50
-53
-59
-56
-62
-69
-62
-64
-60
-58
-63
-52
-56
-57
-49
-55
-63
-60
-60
-62
-59
-57
-57
-50
-48
-49
-40
-40
-46
-51
-49
-39
-37
-33
-34
-33
-32
-33
-26
-28
-23
-17
-13
-7
-13
-12
-1
1
6
11
11
12
6
0
-3
-5
-1
10
9
-2
1
-3
-4
6
2
2
3
-4
-4
-10
-5
0
-2
0
-4
-6
-2
-8
-6
-6
-18
-20
-21
-16
-18
-22
-7
-6
-16
-14
-20
-28
-22
-24
-28
-26
-21
-20
-20
-24
-37
-36
-26
-36
-39
-32
-37
-32
-34
-38
-24
-25
-29
-14
-10
-20
-16
-5
-1
-1
-2
0
-6
-6
-1
-7
-7
-19
-14
-4
-2
9
11
13
17
22
22
19
21
20
20
21
20
26
27
26
35
39
35
25
24
30
37
30
28
43
45
47
58
56
57
56
57
60
66
59
53
65
61
58
57
64
69
64
65
56
55
53
47
52
51
54
50
39
45
50
49
42
44
49
43
41
40
36
37
33
38
42
34
40
34
33
37
28
31
34
28
24
15
14
20
24
32
29
23
20
17
22
18
21
22
19
16
5
12
15
9
11
7
3
1
7
8
2
3
7
3
-5
-5
-12
-12
-17
-16
-9
-15
-11
-3
-11
-16
-11
-18
-32
-32
-23
-27
-40
-33
-22
-17
-19
-26
-26
-26
-28
-28
-32
-35
-35
-38
-39
-35
-35
-41
-37
-30
-33
-33
-26
-23
-33
-36
-23
-22
-27
-23
-24
-25
-27
-28
-28
-23
-23
-25
-19
-14
-6
-3
-9
-3
5
8
-3
-7
-1
-5
-8
-9
-4
5
3
2
8
18
20
20
24
21
27
21
22
31
29
36
40
38
44
46
36
35
42
40
39
38
29
29
29
23
25
28
32
38
38
34
32
25
26
18
4
8
14
9
12
13
6
6
-8
-13
-10
-25
-24
-33
-43
-36
-43
-49
-45
-32
-31
-30
-25
-35
-39
-53
-68
-75
-80
-70
-70
-74
-70
-64
-64
-71
-61
-65
-73
-72
-75
-74
-77
-80
-81
-79
-79
-73
-69
-71
-63
-68
-73
-67
-57
-61
-65
-55
-62
-67
-59
-55
-51
-47
-34
-34
-38
-34
-27
-18
-24
-26
-20
-19
-21
-25
-24
-23
-18
-14
-14
-6
4
6
9
12
20
27
28
31
29
30
30
32
34
31
36
39
44
50
57
58
57
60
59
65
67
63
71
66
55
59
59
53
63
61
60
70
59
58
55
51
53
49
54
58
59
64
64
67
70
64
64
61
57
64
64
61
55
42
45
49
50
61
59
58
53
48
61
57
50
52
44
47
47
48
50
46
60
58
43
42
42
46
49
43
43
40
36
37
39
41
42
50
55
61
61
47
43
44
36
28
29
25
19
24
22
12
8
8
12
11
7
7
3
-8
-18
-17
-17
-21
-19
-19
-13
-20
-25
-26
-33
-27
-21
-23
-32
-40
-32
-33
-38
-34
-32
-35
-41
-40
-27
-35
-39
-35
-37
-45
-39
-35
-49
-47
-51
-55
-55
-53
-50
-49
-42
-39
-32
-33
-30
-15
-11
-13
-9
-7
-15
-12
-10
-9
-12
-13
-1
5
8
21
24
24
27
20
20
25
22
26
29
25
31
38
35
34
30
27
26
20
12
6
5
9
20
21
18
21
20
14
6
0
-9
-11
-7
-14
-19
-12
-11
-13
-12
-19
-21
-24
-36
-44
-43
-51
-56
-58
-69
-74
-72
-72
-79
-82
-81
-89
-93
-88
-90
-91
-80
-88
-98
-95
-90
-92
-91
-88
-89
-87
-94
-93
-83
-86
-87
-88
-78
-74
-75
-65
-60
-62
-50
-42
-40
-34
-33
-37
-31
-27
-33
-34
-33
-30
-28
-34
-28
-28
-29
-19
-14
-7
2
12
18
13
14
25
24
25
25
24
33
37
24
15
27
26
27
34
28
34
39
32
34
37
42
51
52
51
60
69
67
67
66
62
66
62
59
56
54
56
56
58
64
67
72
75
80
84
80
79
75
77
89
89
81
85
92
81
83
82
81
82
76
80
74
79
97
97
98
95
95
100
104
104
106
102
96
96
88
92
95
90
93
88
89
87
80
78
67
65
68
66
62
57
55
51
49
50
43
45
36
26
30
21
4
-4
-6
-13
-13
-12
-14
-17
-23
-25
-38
-36
-31
-35
-36
-50
-58
-61
-63
-63
-66
-67
-76
-75
-75
-81
-75
-69
-63
-57
-58
-59
-65
-70
-65
-60
-58
-57
-62
-63
-62
-63
-57
-59
-61
-50
-41
-48
-48
-43
-43
-31
-34
-43
-36
-30
-23
-22
-22
-18
-17
-22
-19
-18
-28
-22
-16
-18
-14
-17
-18
-9
-10
-12
-9
-7
-1
3
0
7
9
0
-4
-4
-3
-2
-5
-9
-13
-19
-21
-19
-26
-22
-15
-19
-20
-20
-18
-18
-22
-30
-35
-40
-40
-37
-40
-35
-29
-27
-33
-32
-31
-36
-26
-24
-30
-34
-28
-19
-23
-20
-18
-21
-20
-30
-24
-19
-32
-27
-30
-33
-31
-33
-23
-22
-21
-13
-12
-10
-9
-18
-13
-1
-7
-4
5
-4
-5
5
-4
0
9
10
12
11
15
9
13
21
14
22
23
11
19
16
8
6
1
-3
-5
1
-2
-7
-4
-10
-9
-7
-9
-4
4
0
-6
-5
-16
-15
-12
-16
-13
-13
-20
-24
-21
-21
-21
-26
-29
-20
-25
-27
-16
-15
-24
-22
-11
-13
-16
-12
-12
-16
-15
-9
1
3
4
4
2
0
1
1
5
11
15
20
21
24
26
29
36
35
43
46
45
44
39
47
52
53
54
54
58
66
71
63
62
67
71
72
67
78
82
83
90
86
86
86
84
84
80
82
87
92
96
95
95
97
92
84
79
75
66
61
61
57
55
63
66
69
74
67
65
54
47
53
52
50
44
42
40
32
38
37
29
30
37
41
35
32
31
27
28
25
21
19
22
21
20
21
22
15
13
21
15
5
2
1
4
-6
-11
-7
-8
-6
-14
-22
-17
-22
-25
-20
-23
-28
-29
-36
-36
-37
-39
-45
-56
-54
-61
-63
-57
-57
-58
-60
-55
-54
-55
-60
-60
-64
-76
-81
-84
-84
-90
-89
-88
-91
-93
-92
-86
-90
-92
-94
-105
-106
-110
-115
-119
-110
-95
-101
-99
-97
-107
-101
-94
-98
-94
-94
-98
-91
-82
-73
-63
-58
-55
-58
-60
-55
-51
-49
-34
-22
-21
-19
-8
-2
2
11
21
23
21
26
27
21
24
37
34
42
52
53
54
52
49
48
48
53
54
59
65
63
62
69
76
79
76
71
70
64
67
72
70
75
70
70
73
68
72
66
63
64
58
62
56
50
49
47
50
36
35
42
31
17
8
11
3
-3
1
0
4
-2
-11
-8
-16
-14
-23
-33
-20
-32
-41
-39
-43
-38
-42
-46
-41
-44
-46
-43
-43
-41
-47
-54
-46
-49
-51
-43
-41
-34
-34
-33
-27
-26
-29
-34
-35
-32
-35
-40
-34
-27
-27
-21
-24
-29
-19
-11
-14
-16
-11
-7
-6
-4
-4
-4
-3
-7
-12
-5
-5
-5
-3
2
5
9
13
18
26
25
23
27
36
34
34
39
29
30
32
24
25
31
29
24
25
19
21
22
21
16
6
8
19
24
23
30
28
14
9
16
13
5
9
9
7
11
8
4
8
7
-3
-5
2
2
3
9
9
3
1
6
14
10
-1
3
2
-5
-8
-7
-6
-11
-8
-9
-9
-8
-6
-7
-7
0
-8
-14
-16
-32
-27
-22
-26
-15
-23
-31
-23
-29
-37
-35
-24
-21
-28
-28
-35
-40
-44
-44
-44
-54
-42
-37
-37
-34
-38
-39
-45
-48
-42
-36
-38
-33
-28
-31
-29
-30
-30
-36
-41
-39
-27
-27
-29
-26
-25
-22
-27
-27
-27
-30
-23
-21
-23
-22
-14
-9
-4
8
10
16
13
11
23
27
24
28
44
44
51
63
65
65
57
65
63
60
60
62
75
73
76
82
77
82
86
76
70
69
71
79
82
89
94
97
97
97
88
83
90
81
73
76
78
79
79
78
75
66
60
61
53
48
50
49
52
41
37
40
36
32
25
25
19
8
6
4
5
-1
-5
6
8
5
4
-5
-10
-9
-16
-9
-8
-12
-5
-13
-16
-28
-37
-30
-39
-45
-45
-52
-53
-49
-53
-57
-52
-57
-57
-58
-69
-65
-59
-55
-49
-52
-56
-55
-56
-56
-53
-50
-50
-50
-47
-43
-54
-56
-47
-52
-48
-38
-40
-42
-43
-37
-37
-39
-34
-31
-25
-31
-35
-35
-40
-37
-32
-35
-36
-32
-30
-28
-25
-23
-26
-33
-35
-28
-24
-23
-20
-22
-26
-30
-28
-26
-22
-17
-23
-18
-13
-22
-28
-20
-12
-22
-33
-25
-15
-16
-16
-18
-23
-22
-26
-28
-23
-20
-22
-24
-20
-13
-15
-22
-22
-24
-17
-16
-17
-14
-16
-14
-7
-6
-2
-5
0
-2
-14
-6
-4
-5
-3
-5
-2
4
5
11
13
8
9
10
-1
-1
6
0
9
21
21
32
32
21
14
10
11
9
7
10
15
14
11
12
7
1
18
22
15
24
15
10
14
10
17
21
20
21
25
23
24
26
22
27
22
20
20
19
30
33
40
41
37
41
38
39
39
44
52
52
59
61
61
64
67
66
64
67
63
69
76
78
83
81
88
89
78
83
85
89
92
94
93
89
91
89
81
78
84
86
79
79
79
83
76
84
93
82
77
78
79
72
73
69
63
65
61
64
63
53
49
48
37
30
30
30
28
23
22
20
13
7
5
-3
-8
-15
-27
-23
-26
-33
-30
-34
-41
-37
-42
-42
-36
-52
-57
-51
-60
-62
-55
-65
-71
-63
-67
-65
-74
-87
-82
-84
-90
-91
-94
-93
-86
-88
-91
-80
-81
-90
-92
-83
-75
-74
-73
-62
-53
-42
-39
-52
-57
-49
-49
-52
-35
-27
-32
-27
-25
-23
-11
-13
-32
-27
-10
-12
-16
-12
2
5
2
20
24
20
20
17
10
4
10
12
28
30
15
16
21
29
27
28
32
23
3
0
20
13
7
12
2
10
22
8
-11
-17
-20
-21
-11
-13
-9
-4
-20
-17
-5
-12
4
14
14
21
4
10
20
7
-7
-14
-12
-33
-23
3
-16
-30
-38
-56
-51
-32
-25
-31
-47
-45
-28
-28
-24
-36
-53
-44
-41
-14
-5
-22
-33
-53
-10
4
-14
-5
-15
-19
-32
-36
-29
-29
-17
-3
-29
-36
-2
-13
1
17
-21
-52
-44
-31
-54
-80
-71
-51
-39
-33
-41
-45
-35
-41
-41
-41
-32
-17
-28
-18
-35
-47
1
-16
-37
-21
-28
-22
-17
-7
-39
-74
-40
-21
-17
-9
21
19
11
4
-26
-33
-36
12
4
-6
1
-1
26
24
46
62
56
-33
-39
-36
4
17
-59
-43
-420
-285
205
247
304
183
192
225
303
352
53
-214
-138
236
323
205
-76
-389
-320
7
361
358
239
105
-132
-92
19
-43
51
143
65
188
276
124
-67
-180
-49
7
-7
118
-78
-347
-283
-42
145
171
265
240
67
176
266
95
66
151
135
63
-47
-16
79
39
6
2
-10
-46
-85
-32
-90
-138
52
168
106
33
93
218
276
407
491
330
279
323
185
8
-110
-101
-124
-248
-327
-464
-511
-342
-203
-145
-93
-68
-18
27
23
59
112
180
214
177
142
103
73
62
73
52
19
15
-37
-113
-149
-164
-172
-56
47
16
20
-18
-108
-150
-164
-144
-128
-79
-31
-63
-28
57
66
38
-15
-23
14
-12
-56
-126
-158
-107
-83
-37
-9
-7
33
-2
1
39
37
107
106
66
99
91
93
142
100
28
41
79
111
118
119
133
131
186
286
291
250
227
185
139
41
4
15
5
67
82
64
78
62
34
33
55
73
74
45
39
68
103
69
11
70
67
-9
-4
-6
-111
-205
-207
-210
-213
-226
-194
-202
-253
-178
-154
-215
-206
-159
-161
-219
-219
-190
-227
-224
-189
-220
-238
-239
-268
-275
-284
-279
-262
-308
-317
-260
-213
-202
-212
-224
-216
-189
-182
-192
-212
-241
-225
-185
-216
-225
-147
-127
-139
-121
-144
-147
-122
-146
-114
-79
-85
-65
-58
-52
-62
-39
4
17
76
127
113
105
100
80
78
80
75
80
99
107
100
97
109
125
143
177
173
160
132
114
132
98
99
123
87
87
104
98
130
135
129
119
78
53
32
30
40
55
56
-7
-52
-18
-17
-5
51
53
76
49
34
90
56
36
76
58
13
34
19
-44
-32
-5
22
52
83
76
51
70
52
66
99
71
98
85
27
13
-6
17
32
27
65
68
39
39
28
16
51
80
61
54
67
100
124
97
118
124
116
100
85
100
72
78
75
74
91
56
62
68
46
66
80
59
66
79
56
24
10
13
33
50
54
60
44
43
55
15
-22
10
47
43
32
-18
-40
-26
10
55
76
73
52
54
25
13
37
25
-3
12
68
53
20
11
0
-11
-30
7
18
4
-10
-37
-32
-28
2
41
52
76
73
49
65
84
86
65
36
40
54
46
6
12
40
19
34
34
10
9
16
29
24
15
29
31
2
-7
0
-26
-37
-10
-32
-48
-27
-26
-1
-6
-23
-11
-31
-39
-50
-79
-57
-59
-78
-62
-69
-93
-86
-59
-44
-55
-60
-76
-115
-91
-86
-123
-117
-118
-140
-145
-139
-119
-84
-88
-105
-99
-98
-100
-115
-121
-122
-102
-77
-85
-83
-86
-104
-83
-61
-76
-35
-36
-37
15
-17
-29
-29
-50
15
36
-1
4
18
29
22
3
-16
-25
-22
-11
-2
-15
-23
-33
-19
-10
11
42
29
41
24
-9
-11
1
26
20
9
13
2
-10
-11
-38
-32
3
14
37
30
13
-15
-24
-8
-28
-25
-22
-27
-28
-38
-59
-62
-30
-14
-12
-10
-9
-2
4
-20
-71
-91
-72
-30
-8
3
21
27
27
27
29
11
13
42
31
13
12
8
19
20
17
11
14
38
29
23
15
16
30
31
49
23
16
41
23
13
15
13
19
49
60
46
36
14
9
11
8
18
47
59
46
26
12
3
20
42
33
42
61
47
5
-27
-31
-17
0
9
21
12
10
16
2
-23
-32
-13
4
27
2
-32
-20
-18
-16
12
38
26
30
28
11
12
-2
1
16
12
21
24
-2
12
32
25
26
23
34
48
64
62
41
40
33
35
32
35
36
20
22
10
17
53
54
46
61
50
42
48
41
29
18
40
52
53
49
50
74
79
65
45
35
42
43
60
70
36
28
20
25
69
54
35
20
-6
5
10
-4
9
19
13
12
10
26
21
-1
5
5
-4
-5
-1
3
-7
-14
6
-9
-22
-17
-38
-28
-15
-21
-21
-31
-24
-8
-21
-38
-38
-24
-11
-12
-21
-41
-61
-72
-61
-51
-42
-35
-49
-42
-34
-35
-28
-23
-21
-14
-17
-42
-50
-59
-48
-27
-32
-28
-26
-5
12
22
29
11
5
-7
0
8
0
-8
-11
11
23
32
36
27
16
5
-4
-11
-19
-22
-23
-22
10
28
31
33
11
11
6
1
10
-1
-5
3
0
15
28
26
42
33
10
-10
-12
-26
-39
-25
-37
-45
-43
-32
-9
-10
-23
-26
-33
-51
-59
-56
-74
-55
-15
-27
-19
-23
-51
-67
-74
-64
-58
-42
-59
-73
-65
-76
-68
-52
-40
-39
-44
-36
-34
-40
-46
-43
-64
-68
-30
-33
-46
-55
-75
-81
-68
-50
-38
-33
-32
-45
-56
-23
9
5
-4
0
-2
-18
-18
-17
-20
-4
10
18
22
37
42
31
36
26
30
28
13
17
11
12
15
11
18
16
2
2
1
-3
25
38
35
42
49
45
34
25
3
0
12
16
19
13
9
7
15
25
31
39
29
16
14
11
28
30
20
31
29
26
25
10
2
5
6
5
12
30
39
38
47
59
61
59
49
38
28
18
10
18
30
48
55
46
49
28
20
27
14
13
2
1
-4
1
14
-3
8
26
20
7
1
-3
-3
18
25
22
7
1
17
24
29
36
28
4
-4
-12
-32
-34
-27
-23
-20
-15
-10
-7
-6
-16
-35
-43
-54
-44
-46
-55
-41
-44
-33
-18
-28
-16
-8
-15
-7
-24
-31
-14
-13
-3
5
4
4
3
0
6
10
8
1
-18
-26
-17
-29
-43
-35
-20
-9
-12
-4
9
2
-2
-16
-13
-14
-25
-12
-4
0
-2
-2
-8
-8
13
27
31
34
26
15
-3
-12
1
1
-2
-6
-9
-14
-22
-28
-40
-35
-19
-23
-21
-23
-31
-34
-39
-37
-33
-24
-25
-35
-31
-29
-46
-49
-32
-24
-38
-39
-39
-36
-24
-35
-34
-29
-24
-22
-34
-37
-52
-57
-55
-55
-42
-33
-30
-36
-52
-59
-55
-56
-47
-31
-30
-27
-36
-40
-31
-28
-21
-14
-8
-9
-14
8
12
3
0
-17
-5
23
26
19
2
5
17
11
8
6
-7
-4
17
6
-1
5
5
9
11
20
19
13
16
19
10
3
16
28
45
47
36
30
25
33
37
40
43
42
38
29
25
19
16
9
8
2
-6
-6
-8
-12
-8
0
20
26
6
10
23
17
14
29
23
11
5
-7
-1
-3
-9
1
11
24
30
21
7
-2
1
7
15
11
-2
-2
-2
-15
-8
0
-10
2
7
8
15
4
1
16
19
15
21
29
28
16
17
29
25
19
24
37
38
38
45
40
38
44
34
22
9
-2
9
14
11
18
13
12
18
19
19
13
8
11
18
24
12
-3
0
5
2
5
17
19
12
16
22
14
6
4
-4
-11
-13
-8
1
4
7
-3
-25
-25
-21
-22
-20
-32
-29
-34
-41
-26
-22
-17
-10
2
-7
-24
-17
-20
-15
-15
-17
3
6
5
9
8
22
31
31
28
17
22
25
10
-1
1
13
26
25
18
12
6
3
8
15
23
21
16
20
13
16
18
13
21
25
13
13
6
4
19
8
2
17
24
28
24
6
2
4
8
11
6
9
-2
-31
-36
-36
-41
-29
-16
-12
-24
-36
-27
-25
-20
-12
-18
-19
-22
-32
-33
-29
-18
-21
-28
-22
-14
-12
-19
-21
-36
-46
-40
-40
-25
-30
-32
-28
-37
-33
-26
-27
-39
-39
-22
-27
-38
-22
-8
2
3
-13
-4
-8
-18
-5
-14
-32
-10
-2
-4
14
11
22
28
36
52
32
23
26
24
28
31
41
39
30
34
43
43
32
19
17
14
18
34
37
35
43
53
54
59
68
60
55
44
32
22
10
13
21
26
30
22
21
13
12
14
6
1
-5
2
4
2
2
6
20
23
27
16
-6
-14
-9
5
-8
-21
2
8
-5
-4
-3
-10
-19
-17
-6
1
-5
-19
-16
3
9
11
5
5
14
21
12
1
2
-2
-3
-8
-13
-1
6
6
7
17
17
21
30
32
40
32
10
-1
3
0
-13
-2
-1
-1
8
0
-4
-15
-14
-11
-20
-10
0
4
4
8
15
8
9
12
15
19
1
-12
-10
-16
-19
-20
-20
-25
-25
-22
-25
-17
-26
-26
-17
-26
-36
-46
-53
-62
-47
-30
-38
-33
-37
-37
-38
-41
-26
-14
-3
-6
-8
-4
-5
-3
3
-1
-3
11
13
7
14
24
17
3
2
8
18
31
16
-1
0
-1
-10
-5
9
13
21
26
31
36
36
37
44
43
40
35
27
26
31
40
38
33
24
16
20
15
15
14
-11
-24
-13
-9
-18
-25
-44
-31
-31
-46
-21
-42
-36
-27
-68
-48
-38
-39
-25
-36
-28
-28
-38
-11
-22
-29
-9
-48
-33
-2
-22
-10
-9
-13
-2
-15
-22
-12
-28
-43
-45
-59
-53
-45
-49
-41
-43
-32
-16
-16
-3
0
4
2
-7
-3
-4
-2
13
21
19
21
21
25
25
19
22
18
11
17
9
-2
3
4
15
17
10
11
4
11
15
4
13
11
12
24
29
33
37
42
39
30
27
23
15
20
24
26
24
10
11
16
13
10
0
-2
-9
-15
-13
-12
0
-7
-17
-16
-17
-6
-5
-9
-8
-7
-4
3
7
16
22
21
33
36
33
33
25
14
5
1
3
6
12
17
12
11
13
8
14
27
27
24
15
8
11
13
20
28
29
28
24
23
18
22
31
29
39
48
39
27
14
15
27
17
19
21
13
16
9
8
15
20
20
17
10
-7
-7
-6
-6
-10
-26
-22
-18
-10
-2
-5
1
-1
1
1
-8
-5
-14
-22
-25
-28
-20
-25
-21
-19
-21
-22
-21
-15
-31
-38
-33
-44
-48
-44
-42
-29
-22
-21
-11
-13
-11
-3
-5
-14
-18
-19
