-6
-10
-22
-18
-11
-17
-15
-14
-22
-19
-18
-17
-10
-14
-34
-25
-2
-4
-10
-3
-5
-15
-17
-18
-14
-15
-18
-11
-1
6
6
-2
-6
0
0
1
10
21
15
17
30
21
19
24
19
22
23
29
29
20
24
26
33
26
15
18
17
22
9
0
8
15
12
24
26
3
5
12
13
12
15
6
-1
6
13
14
8
16
15
12
21
22
12
27
25
9
21
30
25
4
18
27
2
-7
-4
7
3
-7
0
3
-2
3
5
-2
-6
-19
-16
5
-7
-8
2
-3
-6
1
14
-2
-10
6
13
9
11
5
18
23
2
6
8
4
1
7
20
11
8
15
15
1
-3
7
8
-11
-8
3
-3
-7
-13
-8
-15
-9
-10
-9
-11
-23
-14
-12
-11
-15
-2
1
-8
9
17
14
11
-2
8
19
-4
2
12
9
5
14
21
5
14
13
21
23
12
16
2
3
15
10
7
0
2
6
-2
-1
-9
-8
-3
-9
-9
-15
-16
-15
-17
-17
-18
-11
-3
-8
-9
-9
-6
-4
4
6
-4
-2
-4
-4
1
3
-3
-12
-3
1
-14
-11
-9
-8
-7
-28
-15
-8
-32
-30
-37
-45
-39
-33
-33
-33
-26
-20
-25
-35
-38
-38
-40
-44
-37
-32
-28
-30
-26
-18
-27
-26
-31
-25
-13
-6
-4
-4
-10
-20
-15
-8
-4
-9
0
3
-4
8
0
-2
8
5
14
14
4
7
-6
-11
-1
-1
8
13
10
11
7
6
1
6
16
11
19
20
21
21
19
20
11
20
24
15
26
35
26
25
34
32
31
38
45
34
26
27
26
21
24
30
33
31
18
16
19
23
22
35
40
14
20
41
40
12
4
20
16
7
17
26
17
8
18
29
11
8
22
29
19
19
26
21
28
7
15
30
8
16
20
23
16
1
21
24
5
21
21
1
-4
-4
1
-6
-11
-9
-11
-18
-21
-14
-2
-4
-15
-15
-12
-24
-38
-31
-21
-29
-29
-11
-13
-28
-27
-19
-11
-17
-20
-6
-11
-26
-18
-18
-24
-31
-25
-10
-14
-27
-21
-16
-29
-29
-22
-17
-24
-26
-10
-16
-26
-12
-7
-2
-7
-11
3
-1
-1
-7
-8
0
-13
10
14
-2
-1
-5
1
-4
-14
0
6
2
5
8
11
3
4
10
6
4
7
17
19
3
9
27
16
20
32
33
25
13
6
11
26
15
8
17
22
19
8
10
11
9
3
-4
4
10
-2
-9
-2
0
1
-1
-5
0
13
0
-7
-6
-14
-9
-12
-17
-11
-13
-17
-14
-11
-18
-16
-5
-19
-17
-6
-22
-23
-33
-42
-47
-30
-20
-38
-32
-31
-37
-35
-31
-27
-48
-46
-35
-39
-37
-42
-33
-27
-31
-28
-37
-45
-39
-41
-46
-26
-18
-39
-24
-5
-28
-23
-8
-11
-15
-14
3
1
-4
-5
-1
4
-6
-3
-5
-7
-4
-5
-1
9
5
5
13
16
14
5
13
9
3
11
17
18
16
25
28
20
14
21
32
26
25
43
40
15
17
31
23
15
24
26
26
26
36
45
36
41
34
28
32
23
20
16
16
15
2
20
36
19
27
29
17
6
1
18
6
2
18
10
12
12
3
3
5
10
14
11
10
17
11
13
8
-4
7
16
11
3
7
18
9
4
18
8
-2
8
6
-3
-14
-11
-11
-27
-14
-4
-20
-22
-22
-21
-28
-43
-24
-19
-26
-24
-21
-14
-23
-25
-26
-33
-25
-13
-26
-29
-28
-25
-15
-22
-21
-19
-24
-9
2
-13
-24
-25
-25
-22
-11
-4
-26
-29
-25
-40
-37
-27
-36
-40
-16
-15
-31
-16
-4
-11
-17
-3
4
-9
-4
8
2
-4
-2
0
9
8
14
14
10
19
15
21
32
35
45
37
28
36
39
37
33
41
52
51
50
45
42
39
37
44
50
44
49
49
48
59
40
42
48
38
38
45
56
49
44
53
61
62
48
46
52
45
45
38
25
38
43
47
43
32
33
37
33
17
23
31
20
12
9
11
5
-10
-10
-4
-18
-32
-21
-17
-31
-30
-24
-25
-32
-31
-34
-42
-42
-42
-37
-36
-37
-30
-25
-33
-49
-48
-49
-46
-44
-40
-32
-39
-48
-55
-46
-51
-67
-61
-59
-66
-69
-63
-64
-75
-74
-67
-59
-65
-62
-54
-64
-62
-56
-53
-44
-54
-51
-39
-44
-48
-55
-50
-41
-34
-21
-19
-11
-20
-21
-4
-7
-12
-3
12
15
12
20
21
17
11
12
26
29
26
23
25
29
23
25
20
21
26
32
30
15
14
13
17
26
34
30
31
31
33
33
23
26
30
42
37
32
43
48
50
40
39
42
43
45
41
37
45
43
32
30
23
27
26
22
18
8
15
12
-4
-10
0
3
-6
-17
-20
-12
-24
-26
-25
-30
-18
-29
-35
-22
-29
-27
-29
-26
-22
-22
-13
-22
-20
-17
-20
-20
-25
-25
-14
-12
-17
-17
-20
-29
-29
-25
-20
-23
-26
-26
-29
-34
-42
-38
-33
-25
-29
-35
-30
-23
-19
-14
-12
-18
-16
-20
-16
-16
-13
4
4
8
8
21
18
6
12
9
15
22
26
32
28
33
48
53
54
49
43
45
42
47
57
57
59
53
49
60
55
50
53
56
62
72
67
63
74
76
78
64
51
57
61
53
52
71
79
70
64
63
54
49
59
67
67
62
59
49
53
56
46
46
44
44
34
21
36
41
28
26
33
34
37
25
10
7
3
9
-6
-8
6
0
-3
1
1
-4
-22
-27
-18
-14
-23
-29
-22
-28
-41
-42
-51
-54
-46
-43
-52
-55
-54
-52
-51
-51
-53
-52
-45
-46
-46
-40
-45
-62
-59
-45
-49
-48
-49
-47
-44
-49
-47
-53
-61
-61
-58
-54
-54
-56
-58
-63
-59
-57
-64
-63
-65
-64
-63
-78
-73
-60
-60
-63
-66
-58
-64
-68
-66
-76
-62
-62
-66
-59
-63
-59
-62
-63
-60
-52
-48
-54
-40
-32
-37
-36
-38
-35
-34
-39
-36
-38
-38
-32
-45
-40
-38
-43
-40
-40
-30
-31
-32
-32
-23
-22
-40
-34
-18
-22
-16
-9
-18
-8
-5
-1
6
2
10
7
11
26
30
30
33
46
44
40
41
41
41
36
39
38
36
36
41
30
22
43
34
18
36
48
46
44
45
47
39
31
34
35
35
33
34
50
53
47
51
46
54
64
62
58
59
63
67
71
57
60
66
55
49
49
54
53
50
46
54
52
42
42
44
47
38
34
44
37
36
35
36
43
34
45
42
16
31
37
27
29
28
36
44
41
33
27
31
30
32
39
28
30
39
39
33
18
22
35
25
21
34
37
36
30
31
26
16
13
12
6
5
16
21
21
19
16
26
24
18
16
4
0
7
10
15
7
-4
0
1
-3
-11
-18
3
5
-3
5
-11
-19
-20
-20
-9
-23
-32
-30
-31
-30
-36
-38
-35
-35
-36
-32
-23
-28
-33
-40
-51
-53
-48
-39
-38
-31
-38
-37
-36
-40
-33
-36
-36
-29
-26
-19
-18
-36
-33
-29
-38
-34
-37
-49
-45
-37
-40
-47
-57
-57
-57
-70
-67
-58
-58
-66
-66
-57
-57
-52
-44
-44
-52
-50
-38
-38
-34
-31
-24
0
-7
-7
-1
-17
-7
2
-1
3
0
-1
-1
-15
-12
-14
-23
-22
-34
-34
-35
-45
-45
-47
-39
-50
-56
-60
-66
-50
-61
-66
-52
-54
-54
-54
-43
-31
-37
-32
-12
-10
-12
-5
-5
-8
-1
10
18
16
6
13
18
7
9
5
2
6
0
5
-2
-14
-16
-13
-15
-13
-6
-18
-22
-14
-13
-25
-31
-22
-21
-9
-12
-17
-13
-13
-13
-17
-4
6
13
17
3
8
10
15
23
22
29
35
43
50
44
44
42
39
54
44
41
47
27
29
31
31
28
13
23
31
21
14
15
25
10
-7
9
10
5
18
14
14
11
-3
12
15
18
21
26
34
26
45
49
40
49
50
50
48
44
31
34
44
44
53
39
26
23
14
5
12
15
4
-6
0
4
-7
-13
-10
-6
-20
-19
-10
-10
2
3
4
12
24
29
22
9
12
24
21
22
24
25
26
20
14
10
4
-10
-19
-15
1
-3
-12
-16
-20
-21
-29
-34
-36
-28
-29
-32
-27
-29
-11
-3
-3
7
2
2
6
-4
3
16
15
20
27
23
15
15
-1
-2
7
-13
-16
1
-1
-9
1
0
-3
-14
-29
-27
-29
-17
-24
-31
-30
-43
-33
-16
-16
-19
-16
-14
-5
-10
-23
-23
-13
-10
-3
14
10
6
0
-2
6
21
37
29
30
32
20
19
18
9
22
19
8
10
9
21
17
6
8
15
12
-5
2
5
-2
6
-3
-16
-13
-9
-8
-15
-18
-9
-10
-12
-5
10
23
21
14
18
16
9
17
28
30
24
27
40
36
35
31
9
19
24
20
29
14
4
11
4
6
8
8
0
-14
-19
-27
-23
-20
-18
-19
-21
-17
-8
-10
-19
-8
-7
-16
-1
3
8
14
2
14
21
6
2
4
6
3
10
9
2
-4
-9
-9
-7
-11
-24
-23
-20
-19
-23
-27
-21
-32
-37
-34
-42
-46
-35
-24
-17
-19
-11
4
-5
-11
-12
-12
-6
-1
4
-2
5
13
6
21
14
9
18
6
8
13
8
7
8
5
0
0
-7
-26
-20
-21
-19
-11
-26
-21
-10
-11
-17
-11
-13
-14
-7
-16
-3
4
-7
-5
0
-1
0
-4
-8
-8
-2
0
2
12
8
11
9
5
10
3
2
-1
-6
0
4
-3
-1
3
2
-1
-10
-13
-3
-5
-12
-3
1
0
3
6
4
13
4
-19
-1
5
13
22
1
5
23
13
-4
2
14
5
3
6
16
17
7
7
7
3
7
14
8
2
9
9
8
22
20
13
11
-1
8
7
-3
3
3
15
9
3
16
6
0
2
9
14
0
8
15
22
24
9
16
27
19
13
16
5
2
18
13
9
30
27
11
13
5
14
28
15
14
19
23
32
31
33
23
6
8
19
17
12
14
23
32
34
37
29
27
26
16
13
7
22
32
20
20
10
17
21
5
4
3
-4
-7
-6
-1
-4
-10
-18
-20
-21
-25
-29
-26
-23
-17
-14
-24
-21
1
1
-10
-10
-24
-24
-15
-19
-7
-10
-22
-9
-2
-12
-5
-13
-27
-24
-19
-18
-20
-16
-23
-25
-30
-40
-36
-44
-46
-47
-43
-31
-37
-40
-35
-36
-50
-51
-50
-58
-46
-39
-55
-49
-40
-48
-45
-44
-52
-57
-58
-57
-54
-50
-44
-39
-45
-53
-46
-45
-52
-52
-55
-48
-33
-15
-19
-31
-34
-38
-21
-11
-24
-29
-23
-17
-10
6
-1
-5
14
7
12
16
9
13
9
18
25
20
31
37
35
33
35
31
32
41
41
49
49
47
38
16
18
23
19
26
37
35
38
35
31
42
34
18
11
12
17
19
22
14
26
33
27
32
23
23
29
20
21
16
27
37
33
28
24
33
27
23
29
6
-8
8
15
19
21
12
6
5
4
-2
-5
1
4
8
14
-1
-10
-5
4
-5
-23
-11
-13
-20
-6
-11
-9
4
5
14
16
13
13
4
13
32
28
28
33
22
25
18
11
10
16
17
11
22
29
34
23
7
11
7
2
7
5
3
17
11
1
-2
1
8
14
14
10
15
7
3
8
22
41
29
28
44
40
36
32
32
50
43
40
43
45
57
48
40
30
33
46
33
27
32
32
28
21
35
26
12
12
3
11
16
5
9
-4
-13
-9
-6
-1
-16
-14
-5
-8
-9
-20
-2
1
-21
-8
-13
-26
-20
-16
-21
-33
-31
-29
-30
-22
-34
-45
-45
-51
-46
-40
-44
-46
-52
-63
-63
-65
-64
-59
-70
-73
-82
-81
-58
-63
-75
-67
-61
-58
-61
-61
-62
-66
-71
-74
-60
-52
-49
-44
-60
-56
-55
-78
-69
-60
-58
-44
-54
-67
-60
-54
-62
-62
-61
-67
-60
-62
-52
-52
-60
-45
-50
-45
-32
-34
-30
-25
-18
-13
-20
-13
13
15
10
15
22
32
31
27
36
45
42
46
41
45
55
44
49
51
52
61
59
61
60
57
51
39
33
33
42
47
36
31
41
40
29
45
52
46
56
51
52
48
53
63
56
55
56
59
61
59
59
59
63
70
63
59
57
43
50
59
50
34
31
47
39
24
19
14
7
2
8
8
-7
-5
0
-12
-19
-20
-18
-12
-9
-9
-1
-1
-17
-16
-18
-7
-4
-10
3
1
-2
-4
-8
1
-4
-13
-8
-15
-3
8
-12
-24
-20
-15
-16
-32
-34
-26
-33
-44
-46
-56
-58
-45
-63
-69
-51
-58
-61
-56
-59
-40
-38
-48
-36
-44
-43
-38
-42
-20
-16
-28
-18
-15
-22
-15
-11
-6
0
2
-1
7
5
-7
1
-4
2
6
-1
7
9
3
9
18
6
8
18
9
18
23
16
17
16
23
16
20
19
1
15
18
26
32
32
30
18
28
33
35
23
30
36
19
25
20
26
31
14
13
14
7
4
7
7
10
12
0
4
12
6
5
-8
-9
3
9
14
13
5
7
7
4
10
12
8
1
4
19
14
14
14
13
6
-6
-4
-10
-12
-15
-22
-20
-9
-6
-16
-23
-30
-34
-38
-35
-29
-25
-24
-22
-23
-23
-23
-27
-27
-26
-21
-5
-5
-10
-5
-1
6
8
5
9
24
17
10
17
13
20
15
10
29
22
4
8
9
-1
7
7
-3
0
-3
0
10
5
-2
-10
-10
-4
7
12
12
7
7
23
18
5
26
27
14
27
28
37
48
43
39
37
33
30
28
34
49
46
32
40
45
32
30
24
20
17
12
16
21
16
9
1
2
-1
-5
-6
-15
-12
-6
-7
1
1
3
-5
-12
-9
-4
-2
-8
-3
0
4
6
-3
5
1
-1
-1
-15
-14
-10
-14
-13
-16
-13
-6
-24
-32
-29
-33
-44
-48
-37
-35
-42
-51
-50
-50
-52
-54
-55
-61
-57
-39
-39
-34
-32
-25
-16
-38
-50
-41
-33
-29
-21
-14
-16
-21
-24
-26
-20
-13
-20
-17
-16
-19
-5
-7
-8
-12
-20
-23
-37
-25
-12
-13
-12
-22
-20
-21
-18
-18
-22
-14
-26
-26
-11
-14
-15
-19
-10
4
6
8
10
7
6
9
6
8
23
25
21
16
8
17
16
9
15
12
13
17
21
19
9
13
4
-4
3
2
14
21
16
26
15
18
27
16
29
18
11
31
33
30
29
40
40
35
37
30
31
29
27
26
14
21
29
23
22
17
13
3
-8
4
3
1
9
8
2
3
-1
-4
4
-6
-5
3
7
15
8
2
5
7
4
3
2
4
4
15
23
22
29
28
19
9
2
5
2
-7
-3
3
6
10
4
7
3
2
3
-10
-8
5
7
3
4
6
14
12
-10
1
15
10
15
17
17
12
12
22
19
18
16
14
16
17
22
19
24
28
23
21
11
11
7
4
11
14
16
12
0
-8
0
1
-17
-21
-15
-18
-17
-18
-12
-4
-3
0
-5
-3
-2
-7
-7
-11
-13
-4
0
2
2
2
0
-6
-4
3
8
0
-10
-2
10
7
6
1
-2
-5
-12
-4
-5
-13
-10
-23
-26
-12
-20
-19
-20
-26
-24
-29
-22
-23
-17
-14
-28
-18
-16
-14
-9
-21
-20
-9
-5
-3
-9
-8
-6
-7
-3
-1
7
1
-2
2
1
1
11
12
8
13
2
5
9
-2
-3
2
10
11
11
9
9
16
6
19
23
4
14
17
13
23
13
8
8
3
2
-2
7
19
11
1
17
18
15
11
0
3
8
13
7
9
15
16
8
-2
11
23
18
10
15
16
15
17
9
5
3
5
6
2
7
5
4
16
3
-6
2
-1
0
0
-1
-4
6
8
-6
-8
-5
-5
-17
-9
-11
-19
-10
-17
-9
-8
-18
-14
-8
3
-5
-19
-17
-12
-19
-21
-19
-19
-22
-30
-29
-25
-28
-29
-26
-24
-30
-28
-23
-20
-19
-27
-20
-16
-23
-13
-19
-22
-15
-13
-5
-13
-21
-12
-13
-13
-13
-17
-14
-29
-16
-6
-23
-17
-23
-26
-19
-20
-2
-7
-18
-3
-9
-6
-5
-14
10
9
-1
1
-4
1
0
2
4
11
20
14
10
10
15
14
5
6
9
5
5
10
10
8
8
4
-5
6
17
25
31
29
29
22
22
29
31
33
24
20
32
36
31
29
23
20
25
15
19
25
11
10
1
1
14
6
2
-3
2
2
-8
-4
4
-1
-10
-13
-14
-13
-5
-10
-11
-14
-10
5
2
-1
-5
-6
6
10
6
1
1
-1
6
-1
-7
0
-4
-5
2
9
4
-3
-10
-7
-3
-1
1
5
9
-1
4
9
2
7
2
6
-3
-7
7
5
3
-1
11
5
-12
-1
-9
-13
-5
-1
1
2
4
-7
-11
-3
-5
2
5
0
0
7
12
7
16
18
17
24
26
33
24
22
22
17
29
23
16
23
14
10
21
19
15
7
4
16
16
11
2
-8
-5
-13
-15
1
2
-3
7
20
5
3
7
-3
13
6
10
27
11
11
14
15
14
9
10
16
21
18
17
16
5
3
0
-17
-12
-13
-20
-12
-12
-15
-19
-21
-14
-8
-26
-32
-27
-28
-34
-34
-20
-17
-17
-9
-7
-5
-9
-16
-14
-7
-6
-10
-8
-4
-5
-9
-11
-5
-12
-18
-23
-23
-17
-27
-21
-19
-28
-29
-35
-33
-39
-36
-35
-41
-27
-26
-28
-31
-32
-30
-36
-31
-30
-15
1
-7
-2
-4
-6
-1
-15
-17
-10
-6
-12
0
10
-14
-14
-3
-11
-11
-16
-13
-13
-21
-22
-19
-10
-11
-9
-7
-18
-8
8
1
7
9
4
9
10
12
4
14
20
11
4
3
16
9
2
12
16
20
17
17
13
9
11
3
-2
3
2
1
-2
-1
2
-8
4
11
9
16
17
24
26
26
28
18
24
30
18
19
24
22
20
22
26
8
4
17
18
12
3
19
11
-12
-4
0
1
-1
3
11
-1
-15
-14
-16
-16
2
-17
-27
-10
-14
-18
-18
-8
-10
-23
-20
-12
-25
-27
-12
-13
-28
-21
-12
-13
-16
-21
-11
-1
-3
-7
2
10
8
20
18
15
25
27
26
26
24
16
12
15
14
26
23
7
9
7
10
6
0
8
0
-17
-8
16
17
8
12
-1
-3
10
9
13
9
26
35
19
33
34
36
42
29
35
40
46
44
32
35
33
36
34
38
36
35
36
20
10
10
12
8
4
0
-4
-1
-3
0
7
7
9
18
19
5
6
3
-4
9
9
15
22
16
13
8
24
34
19
26
26
9
9
3
-3
-7
-12
-9
-6
-13
-16
-17
-14
-6
-12
-7
-6
-18
-19
-10
-4
-13
-12
-13
-2
10
4
4
-5
-6
3
-1
5
14
15
13
16
13
7
3
-5
0
4
3
-4
-9
-8
-19
-13
-13
-28
-15
-24
-37
-29
-28
-32
-28
-19
-26
-33
-29
-29
-27
-23
-20
-13
-22
-26
-19
-13
-8
-8
-15
-17
-4
6
9
10
6
4
5
3
0
-4
-5
-3
-4
-6
-18
-13
-3
-11
-15
-11
-16
-20
-26
-36
-29
-17
-17
-16
-18
-9
-10
-23
-29
-25
-22
-26
-15
-23
-31
-21
-25
-23
-12
-12
-7
-7
-15
-9
-3
-9
-9
-14
-16
-10
-7
-7
-6
-6
-10
-10
-14
-19
-19
-25
-22
-17
-21
-25
-20
-16
-16
-7
-15
-29
-24
-18
-25
-22
-19
-19
-27
-32
-26
-26
-27
-23
-24
-28
-27
-18
-23
-26
-27
-27
-26
-27
-13
-14
-14
-2
-16
-18
-13
-21
-26
-17
-15
-20
-15
-16
-13
-1
-2
0
-5
-9
-3
0
-1
-5
1
0
-8
-7
9
15
7
12
7
13
17
7
7
11
16
22
25
38
33
22
23
23
31
28
24
34
36
33
32
28
27
28
29
27
29
37
38
25
20
35
33
30
37
46
47
45
41
41
43
44
48
42
36
39
33
38
44
40
41
31
40
43
24
32
32
16
15
17
16
7
9
8
2
1
-1
-2
-7
-13
-15
-8
-8
-14
-13
-7
0
-6
-14
-21
-8
-2
-13
-5
8
9
4
0
6
12
8
2
-2
-1
5
7
1
1
5
-2
-8
2
9
9
3
0
-5
-9
-2
-6
-10
-14
-14
-15
-20
-10
-11
-17
-12
-5
-12
-24
-16
-8
-15
-4
5
-4
-9
-10
1
11
6
12
17
1
0
15
16
15
19
5
1
17
21
9
17
21
11
14
12
11
11
13
17
12
15
14
6
10
4
4
1
-9
-1
5
-1
-6
1
-3
-11
-7
-9
-5
-4
-22
-27
-24
-23
-13
-12
-16
-8
-1
6
11
1
2
1
3
-1
-9
-2
0
1
0
3
7
0
1
-4
-3
-3
-8
-4
-10
-4
-3
-20
-16
-16
-29
-24
-19
-13
-16
-32
-36
-29
-25
-31
-38
-49
-44
-44
-47
-37
-41
-38
-47
-51
-43
-46
-40
-46
-49
-39
-42
-43
-38
-39
-43
-35
-28
-35
-46
-47
-38
-33
-28
-26
-37
-43
-38
-27
-28
-39
-41
-41
-46
-43
-36
-32
-34
-37
-28
-27
-29
-27
-33
-27
-19
-18
-17
-19
-16
-17
-30
-28
-18
-27
-24
-7
-10
-15
-16
-21
-17
-13
-5
0
5
6
-1
3
-1
1
1
-7
2
5
6
21
13
10
17
13
20
24
18
21
26
25
28
27
21
26
35
36
32
26
22
20
15
15
15
4
5
10
11
7
16
22
14
17
26
31
36
39
25
21
29
29
34
20
18
32
25
29
42
46
40
42
47
35
37
41
40
37
28
21
16
14
12
15
21
28
29
23
23
34
37
24
22
20
16
23
30
30
30
27
26
20
17
15
16
32
33
33
32
30
31
19
15
11
14
15
14
17
18
24
26
27
21
12
17
27
20
21
18
11
20
21
27
18
16
29
22
26
31
22
23
20
11
16
22
14
12
11
11
13
2
4
10
6
12
7
4
17
9
2
6
-4
-6
-2
5
16
17
20
26
21
18
26
28
18
23
26
23
36
42
35
25
22
21
26
29
20
25
25
21
26
18
21
21
20
25
12
11
13
3
-1
3
13
20
12
8
13
11
9
8
7
14
11
10
9
4
6
0
-2
4
0
4
5
-4
7
13
2
3
4
-4
-11
-12
-8
-12
-18
-17
-10
-2
-1
-4
-8
-6
-5
-11
-21
-21
-26
-34
-30
-28
-28
-24
-23
-21
-25
-24
-17
-20
-27
-42
-39
-32
-35
-30
-35
-45
-48
-53
-47
-47
-46
-42
-47
-34
-35
-44
-38
-49
-49
-48
-55
-41
-40
-36
-28
-30
-23
-16
-24
-31
-26
-26
-24
-19
-22
-18
-15
-20
-18
-11
-17
-17
-17
-29
-30
-28
-25
-25
-28
-24
-18
-29
-40
-27
-35
-44
-41
-47
-41
-40
-38
-30
-30
-25
-27
-36
-28
-20
-31
-36
-26
-12
-8
-15
-22
-17
-15
-11
-7
-17
-10
-3
-4
1
5
-3
-9
-1
3
6
10
8
4
-3
-5
5
-2
-11
3
9
6
3
3
8
14
10
5
7
9
6
-2
-2
-3
-9
-8
-7
5
19
22
25
27
29
25
14
17
17
18
27
27
31
43
50
47
43
38
37
39
32
32
28
33
35
26
30
33
27
20
18
16
8
14
21
18
18
25
27
23
18
14
15
19
22
16
12
6
8
16
14
17
11
12
18
10
8
16
13
9
10
13
12
4
3
4
4
0
-3
2
17
24
16
12
5
4
-9
-12
8
5
6
13
16
15
10
12
12
9
-4
-2
-1
-8
-1
-1
-6
-9
-5
-5
-8
-8
-7
1
2
-1
7
11
6
-1
-3
1
2
-10
-9
-2
3
15
23
20
20
25
20
14
19
16
13
23
20
19
26
23
23
17
9
11
2
-9
-2
-4
-3
-4
-3
6
1
-1
5
-7
-20
-23
-18
-12
-5
0
-1
-6
-5
-5
-10
-12
-19
-23
-16
-6
1
8
10
2
-1
0
-6
-12
-15
-17
-20
-11
-7
-7
-5
-8
-7
-18
-27
-30
-38
-48
-52
-43
-37
-32
-32
-31
-39
-51
-57
-67
-69
-62
-65
-57
-51
-50
-38
-41
-54
-48
-43
-53
-50
-43
-51
-49
-42
-59
-60
-49
-49
-41
-47
-51
-56
-53
-48
-50
-42
-43
-39
-35
-35
-43
-51
-44
-47
-46
-39
-33
-32
-33
-30
-30
-34
-46
-45
-34
-36
-26
-11
-15
-10
-16
-12
-5
-18
-12
-11
-23
-6
5
3
14
12
8
12
11
8
-5
-8
2
5
11
21
28
31
33
34
36
41
33
29
39
36
41
51
49
58
57
48
47
51
46
42
39
36
48
53
50
50
43
39
36
34
38
37
34
38
43
36
40
46
49
46
38
38
30
26
34
35
34
31
36
43
40
30
19
21
25
24
13
20
34
24
19
20
21
22
23
12
7
20
18
13
20
24
11
11
17
5
0
7
13
0
0
6
0
6
3
-1
3
5
-7
-13
-4
-10
-14
-7
3
-6
-10
3
-12
-16
-7
-5
-4
-3
6
9
12
14
11
14
10
3
13
27
31
32
38
56
40
20
29
33
35
34
26
27
34
40
32
31
39
36
32
36
37
23
23
32
26
32
33
26
31
29
29
29
29
30
18
15
29
37
33
28
30
27
23
18
21
31
27
30
36
32
36
39
26
17
29
23
16
28
27
27
30
28
31
29
21
22
22
14
9
5
19
31
24
18
12
4
-1
-15
-18
1
-16
-31
-10
4
2
-8
-6
-18
-33
-28
-20
-12
-12
-17
-15
-12
-19
-30
-28
-25
-27
-26
-20
-11
-19
-14
3
-7
-23
-24
-22
-26
-30
-34
-32
-19
-14
-15
-22
-18
-22
-25
-21
-26
-31
-31
-30
-25
-25
-22
-19
-21
-23
-24
-23
-29
-29
-29
-26
-19
-16
-10
-19
-22
-18
-25
-30
-25
-28
-26
-9
-5
-7
-8
-11
-6
-11
-17
-9
-6
-13
-12
-5
1
-1
7
13
12
23
15
2
12
16
19
22
14
16
14
6
9
8
6
16
21
16
18
16
16
11
1
-2
-1
-2
2
6
7
6
0
4
3
-6
-7
9
14
10
12
12
11
2
5
6
4
1
-1
2
-3
-4
-4
-1
-7
-7
3
-7
-6
4
-3
-7
-5
-6
-5
-9
-9
-9
-21
-14
-3
-7
3
17
9
-1
-5
-21
-31
-30
-22
-14
-22
-21
-26
-23
-16
-32
-23
-20
-26
-21
-21
-21
-26
-21
-22
-34
-19
-4
-6
-3
0
-10
-17
-21
-10
3
12
9
-6
-5
-10
-11
-19
-19
-5
-10
-3
-1
3
0
-7
1
-10
-9
-10
-23
-8
0
-9
-5
11
21
25
23
14
2
1
10
13
21
32
36
33
31
25
18
11
9
8
15
23
22
34
27
10
19
12
7
14
12
22
21
12
5
-4
7
17
20
17
19
15
13
13
8
12
7
16
22
19
24
18
3
2
3
5
15
25
22
14
6
3
3
-10
-4
15
18
28
18
8
8
-3
-4
0
7
17
22
31
26
11
6
3
0
-2
6
12
12
11
5
1
-1
6
8
10
17
7
-2
-13
-19
-15
-14
-5
1
0
5
0
-9
0
1
-9
-3
2
-1
-8
-5
-6
-5
2
6
11
4
-3
-12
-7
-7
-13
3
1
11
17
4
3
5
-1
-15
-11
-9
-13
-2
-3
1
5
-4
-2
-3
-9
-18
-26
-28
-34
-26
-17
-21
-23
-20
-17
-22
-29
-36
-37
-23
-18
-14
-6
-15
-21
-22
-26
-25
-27
-23
-22
-18
-14
-22
-28
-37
-35
-37
-40
-30
-27
-29
-45
-42
-27
-33
-31
-27
-32
-39
-35
-35
-37
-32
-41
-35
-24
-24
-30
-35
-40
-48
-41
-37
-39
-29
-19
-28
-43
-52
-50
-48
-47
-37
-40
-33
-30
-51
-49
-46
-64
-69
-51
-38
-39
-45
-37
-29
-47
-44
-33
-24
-14
-18
-19
-23
-16
-11
-15
-4
4
3
2
8
5
-8
-10
0
0
-5
13
5
-4
3
-3
-3
0
2
2
0
7
5
-1
3
0
-1
11
9
13
11
5
12
6
4
-2
0
16
27
25
18
22
28
28
26
26
29
28
32
39
37
33
36
35
25
22
30
30
31
31
18
21
33
32
28
24
12
12
18
20
28
22
19
23
30
32
22
23
24
22
19
15
20
17
19
25
20
21
28
22
8
9
13
12
9
16
11
6
5
7
10
2
0
3
5
2
4
20
23
18
22
22
16
20
18
13
21
24
13
16
22
17
22
27
21
23
20
12
13
4
-7
3
16
25
22
14
8
-3
-5
-14
-13
1
2
10
13
10
-6
-23
-7
-1
3
18
28
27
29
24
9
10
22
17
17
38
42
30
28
26
22
23
22
17
26
23
13
19
13
11
18
12
13
14
7
3
4
16
18
13
16
16
16
12
6
8
9
13
17
18
10
8
4
-5
4
9
4
-4
1
8
1
8
8
2
2
-5
-4
-10
-12
5
8
8
5
-8
-8
-7
-13
-3
0
5
5
-11
-7
-12
-27
-10
1
-7
3
4
0
0
-9
-9
-7
-16
-15
-2
0
-1
-7
-11
-14
-18
-19
-18
-17
-17
-17
-23
-28
-17
-5
-9
-12
-17
-33
-31
-26
-27
-16
-15
-10
-5
-8
-2
-10
-17
-10
-17
-16
-7
-9
-9
-11
-3
-11
-16
3
0
-3
3
3
-4
-6
6
3
3
6
-3
-3
-4
-4
-3
-14
-21
-14
-3
-5
1
-2
12
18
-5
-5
-5
-7
-9
7
15
4
11
6
2
2
-6
2
8
2
5
13
9
1
0
4
10
16
22
24
17
5
5
12
23
37
43
45
45
36
29
28
28
30
34
37
44
42
32
33
18
11
12
19
30
24
32
32
16
9
9
16
20
26
27
21
3
3
12
10
20
26
26
32
22
4
4
-1
1
21
35
37
36
32
23
9
9
27
32
34
31
22
16
9
6
-1
-5
2
10
9
4
-7
-13
-14
-12
-14
-10
-3
-10
-20
-25
-35
-46
-41
-23
-15
-15
-12
-21
-27
-26
-39
-48
-43
-33
-27
-17
-18
-22
-21
-29
-30
-28
-33
-27
-17
-18
-13
-13
-15
-12
-23
-26
-25
-24
-17
-24
-33
-31
-33
-40
-36
-21
-15
-17
-29
-43
-47
-32
-25
-21
-14
-11
-9
-23
-32
-24
-22
-27
-14
-1
-2
-1
5
0
-4
-8
-3
3
0
11
7
7
6
-14
-12
2
15
19
6
-2
-13
-24
-6
-4
-2
18
19
18
12
2
-4
-17
-5
18
18
23
27
16
7
4
10
16
25
36
34
26
26
21
19
27
30
34
30
27
23
14
7
-3
-1
2
11
29
37
20
6
-2
-10
-8
-9
5
1
-10
-5
-3
-6
-10
-5
-11
-10
-11
-10
1
-1
0
1
-3
10
9
-6
1
1
0
3
-11
-12
-13
-8
1
-7
-18
-20
-35
-52
-40
-33
-40
-42
-38
-34
-39
-48
-55
-52
-46
-50
-51
-47
-51
-48
-38
-38
-37
-32
-37
-42
-49
-35
-31
-29
-5
-20
-24
-14
-32
-26
-15
-11
-7
-9
-2
-15
-19
-13
-22
-31
-22
-16
-23
-20
-18
-21
-35
-40
-30
-30
-22
-17
-20
-22
-26
-28
-30
-22
-9
-10
-11
3
8
-1
6
7
4
9
3
5
18
9
12
21
19
22
14
15
16
8
13
18
25
23
19
25
23
22
17
14
13
11
6
9
23
12
4
10
7
5
7
3
0
-1
5
7
3
13
12
7
7
9
13
9
19
38
36
30
28
19
19
21
12
12
26
19
6
19
21
12
13
19
23
13
4
12
8
1
4
9
11
9
-2
-9
-5
-17
-23
-13
-6
0
-6
-5
10
6
-3
-6
-5
1
0
1
6
7
7
4
-1
1
12
14
13
18
32
32
20
12
19
26
18
18
22
12
2
19
32
20
18
23
30
28
22
28
29
23
16
20
27
22
25
30
26
27
16
16
32
26
26
30
27
28
16
15
15
13
16
10
14
24
19
11
20
22
20
25
26
31
28
15
15
20
13
16
18
17
19
7
9
10
1
9
15
14
21
19
10
11
6
5
-8
-12
1
0
15
6
-1
5
-10
8
8
-5
-5
-10
-17
-20
-15
-17
-20
-18
-16
-17
-20
-21
-18
-31
-35
-23
-29
-30
-17
-10
-18
-35
-27
-27
-37
-28
-34
-34
-23
-25
-27
-29
-26
-29
-43
-40
-47
-48
-38
-37
-36
-48
-44
-37
-41
-36
-35
-37
-38
-47
-37
-29
-47
-37
-30
-30
-27
-32
-39
-49
-36
-35
-42
-20
-20
-20
-14
-19
-22
-27
-30
-32
-20
-11
-23
-16
-13
-12
-5
-12
-5
-3
-14
-10
-10
-2
0
-1
13
16
7
6
14
15
12
8
2
12
11
6
5
11
14
8
13
15
17
8
9
10
4
6
0
6
14
13
18
15
20
27
18
19
18
15
32
42
35
21
18
23
25
31
38
28
17
30
38
21
25
37
21
19
25
24
30
20
13
13
14
16
9
11
16
12
-2
-4
16
17
11
32
32
19
13
20
21
-3
0
4
11
15
10
17
16
17
9
0
4
15
16
7
20
16
0
8
14
15
10
10
21
17
4
2
10
9
10
13
18
20
13
16
7
-6
-4
3
16
26
23
15
10
-1
-9
2
9
-1
17
22
7
7
7
6
1
-2
3
11
13
6
4
0
-4
4
8
6
13
7
1
11
6
3
11
9
11
11
19
21
1
5
9
7
9
3
20
23
12
7
-1
4
0
-11
6
9
6
21
11
9
13
-3
-4
-1
-2
-4
-3
-1
-1
9
3
-12
-1
-2
-17
-18
-17
-14
-11
2
8
4
6
1
1
4
-7
-5
-6
-2
5
3
12
13
2
-11
-17
-12
-14
-11
-5
0
3
-4
7
2
-15
-14
-9
-18
-31
-27
-14
-8
-16
-19
-6
-3
-10
-22
-28
-25
-29
-35
-27
-17
-13
-15
-17
-7
-10
-20
-18
-9
-13
-21
-14
-9
1
7
-5
-8
-14
-17
-19
-30
-20
-16
-18
-4
-4
-7
-2
-7
-25
-26
-15
-17
-13
-6
-2
-6
-8
-6
-11
-11
-17
-12
-10
-14
-4
-2
-3
-5
-4
-1
-14
-22
-19
-16
-15
-26
-9
11
2
-7
-5
5
-2
-20
-15
2
-4
-14
-15
2
16
-6
-15
-4
-8
-20
-17
-21
-23
-17
-26
-10
-1
-11
-6
-19
-22
-15
-23
-12
-10
-17
-17
-13
-8
-17
-29
-33
-37
-33
-29
-22
-22
-22
-19
-27
-25
-25
-28
-32
-36
-30
-25
-16
-10
-6
-5
-11
-18
-20
-16
-20
-19
-14
-17
-14
-11
-15
-20
-25
-29
-22
-24
-24
-19
-22
-17
-14
-12
-1
-9
-24
-25
-17
-14
-12
-7
-3
3
-5
-12
-4
-2
-3
-4
-9
1
6
2
8
14
10
0
6
22
21
19
25
22
30
35
39
38
26
34
25
28
38
23
39
48
46
40
35
43
32
33
39
30
48
58
45
45
39
32
26
30
36
31
42
45
37
44
29
23
19
7
22
28
28
29
30
23
12
18
8
6
22
27
28
23
21
24
13
6
8
8
10
10
2
5
-4
-13
-10
-13
-8
-18
-24
-15
-17
-17
-15
-13
-9
-16
-15
-15
-32
-31
-28
-30
-22
-14
-17
-20
-21
-29
-30
-30
-31
-29
-32
-31
-25
-15
-15
-18
-16
-11
-13
-24
-23
-22
-15
-10
-14
1
6
8
10
0
0
-1
-1
1
-4
6
20
17
14
18
16
10
8
11
17
24
30
31
28
23
12
16
18
18
28
26
25
32
25
22
25
21
19
21
14
14
24
26
25
23
19
21
20
20
27
17
12
18
10
2
5
11
11
4
3
3
3
3
-4
-10
-11
-7
-2
-11
-9
-8
-19
-8
-15
-26
-22
-22
-18
-30
-20
-17
-34
-22
-27
-28
-14
-28
-31
-24
-34
-28
-27
-40
-35
-26
-24
-26
-21
-14
-20
-25
-18
-16
-14
-17
-23
-28
-24
-10
-20
-22
-17
-28
-14
-8
-16
-8
-8
-13
-3
-11
-26
-18
-10
-9
-10
2
0
-10
-3
-10
-7
-4
-18
-12
8
11
1
2
6
1
1
1
12
11
7
7
2
12
6
4
6
2
12
16
24
10
7
15
1
8
17
15
16
11
24
26
19
14
8
17
14
10
16
18
19
15
13
7
4
5
3
13
13
6
15
12
9
16
12
14
14
10
12
9
14
7
-5
4
9
17
22
16
17
13
11
8
4
17
17
9
21
26
19
20
14
0
0
9
12
16
17
13
17
9
-1
-1
-4
-5
-7
-5
2
13
13
3
-2
-12
-8
-7
-6
5
5
-1
-1
8
1
-9
-11
-13
-9
-11
-16
-8
-8
-4
-6
-13
-7
-3
-2
-13
-13
-14
-11
-2
-7
8
10
-4
2
2
-8
-8
-11
-9
-3
-12
-4
1
-12
-10
-7
-2
-4
-4
0
-4
-14
-13
3
7
-7
-10
-8
-5
0
-6
3
10
3
14
14
10
1
-6
3
5
5
10
19
11
21
34
18
11
14
20
17
7
13
16
11
12
11
20
26
17
20
19
8
0
1
7
5
9
9
10
22
18
5
-8
1
7
-4
-8
-8
4
9
4
4
3
-7
-13
6
-1
-13
0
4
-1
1
4
2
2
1
2
8
-5
-11
-6
-3
1
4
8
-2
-3
6
-1
-7
-5
-8
-6
-9
-10
6
11
-7
-18
-11
-8
-24
-21
-11
-15
-5
-6
-1
8
-1
-10
-20
-14
-4
-12
-14
-21
-21
-13
-16
-15
-14
-12
-15
-8
-5
-16
-10
-3
3
-6
-13
-8
-17
-11
-13
-19
-4
-1
-8
-5
6
1
-7
-8
-10
-9
-8
-5
-6
2
7
-1
-9
-8
-16
-15
-11
-13
-7
-5
-10
-14
0
-6
-20
-13
-20
-20
-17
-9
-5
-3
2
1
0
-12
-12
7
2
0
4
8
9
1
1
4
8
0
0
7
-2
10
16
8
15
16
11
12
6
4
3
-10
0
9
2
8
4
1
5
5
2
-9
2
3
6
15
10
16
9
9
9
10
15
4
5
12
9
13
11
9
17
13
6
8
8
5
4
10
15
25
21
15
18
17
25
20
19
23
12
15
10
9
15
8
5
6
13
18
11
13
12
5
2
-4
-1
9
15
6
4
4
2
5
4
11
16
15
14
17
18
13
10
1
3
12
8
5
13
18
13
15
13
12
17
15
16
9
9
14
7
9
5
-5
-5
-2
1
5
10
6
4
5
1
1
-3
-8
-4
4
9
-4
-14
-4
-6
-5
8
-3
-3
2
-5
2
8
-1
-1
-2
-7
-8
-11
-3
-6
-12
-12
-9
-2
-7
-3
-8
-11
-1
-2
-4
-14
-15
-10
-9
-2
-8
-4
5
-2
-8
-17
-21
-19
-13
2
2
2
5
-7
-21
-14
-9
-14
-11
-11
-10
-2
-7
-7
-6
-4
-5
-8
0
-8
-20
-15
-14
-8
-2
-8
-10
-12
-14
-6
-9
-13
-7
-5
-4
-7
-5
-3
-7
-1
-4
3
5
0
6
-4
-12
4
5
-16
-13
-10
-16
-8
-7
-12
-13
-8
-11
-19
-14
-9
-16
-26
-15
-10
-20
-23
-21
-19
-11
-18
-24
-12
-13
-18
-18
-14
-12
-16
-14
-12
-15
-17
-23
-13
-8
-18
-16
-18
-25
-23
-18
-15
-14
-20
-15
-7
-10
-4
-10
-14
-1
-4
1
-4
0
8
-11
-5
-4
-4
0
-7
-6
-6
1
-2
2
13
5
-2
3
-2
-12
-9
-3
-5
3
10
-2
-1
0
-15
0
8
-2
4
5
4
6
7
12
5
8
9
3
11
15
25
27
21
20
18
16
9
0
7
9
3
14
21
12
8
15
11
9
4
8
18
5
15
22
14
24
21
21
15
8
22
20
16
13
14
19
12
14
20
14
6
6
11
11
12
13
14
19
15
8
10
10
11
10
5
16
13
14
20
14
8
-1
0
-1
0
12
9
6
11
13
15
15
12
17
25
14
7
10
4
-1
6
17
8
4
4
4
6
2
-6
-6
-6
-8
-4
5
1
-4
-8
-9
-4
2
2
-7
0
9
7
14
12
17
23
15
18
8
0
1
-2
3
2
-3
0
5
-6
-12
-5
-5
-1
2
3
4
2
5
-2
-10
3
7
-6
-1
3
4
11
14
13
6
6
11
19
17
-2
-1
-2
-6
-2
-11
-6
5
5
11
8
6
-3
-9
-4
2
9
-2
-8
-2
0
9
3
1
9
-2
-11
-6
-4
-9
-11
5
7
1
4
-5
-5
-3
-8
-4
-5
-8
-8
-13
-11
-12
-11
-13
-11
-10
-15
-10
-11
-13
-17
-20
-6
-6
-12
-5
-11
-16
-4
-1
-5
-5
-6
-5
-10
-17
-18
-12
-16
-20
-15
-17
-24
-22
-11
-11
-20
-21
-28
-34
-28
-25
-11
-10
-24
-14
-9
-10
-23
-20
-9
-10
1
-2
-6
0
-4
-7
-9
-4
8
9
4
8
5
-9
-16
-15
-5
5
3
4
5
7
2
-5
-5
-7
-5
-11
-10
3
6
0
-3
7
9
8
5
4
3
8
11
11
10
3
0
3
2
3
9
10
8
17
10
0
15
15
8
4
2
12
7
2
12
17
10
3
5
8
-2
-3
15
15
10
21
18
11
8
5
0
-3
0
8
5
-2
6
7
2
6
4
2
6
8
5
-9
1
5
0
13
8
-1
1
4
11
12
12
11
12
9
4
3
1
2
1
2
0
-8
-2
-6
-6
4
-1
8
8
0
-1
1
3
1
9
4
-5
3
1
3
-4
-10
3
-2
-9
-2
7
9
3
3
3
0
1
5
3
2
3
-2
1
1
-2
4
-3
-3
-4
-13
-10
-14
-12
-11
-9
0
0
2
-1
-17
-13
-2
2
2
3
2
5
1
-8
-9
-18
-16
1
4
-1
-5
-19
-24
-19
-17
-6
6
2
-6
-5
-7
-12
-10
-16
-13
-5
-7
-11
-19
-20
-15
-12
-3
-3
-5
-5
-13
-18
-21
-30
-24
-19
-26
-24
-23
-27
-22
-15
-18
-18
-10
-16
-23
-25
-24
-23
-23
-22
-23
-18
-11
-19
-16
-21
-34
-28
-21
-8
-10
-16
-8
-15
-15
-20
-28
-16
-18
-13
-7
-14
-14
-16
-17
-12
-5
-5
-4
-6
-19
-11
-1
-6
7
4
-3
0
-2
-3
-14
-10
-2
6
18
17
15
11
4
4
7
8
15
29
31
25
23
25
21
18
25
32
31
22
15
23
27
29
31
33
39
38
36
32
28
27
23
33
42
46
49
38
37
42
33
27
24
26
32
30
33
28
21
23
22
21
21
18
20
23
22
23
26
24
20
18
9
8
5
2
4
10
5
4
4
-3
0
-10
4
-11
-15
0
-17
-2
-15
-6
7
-20
-1
-11
-10
-10
-26
-11
-20
-2
-7
-22
-12
-27
-18
-25
-33
-17
-26
-29
-29
-29
-27
-34
-30
-37
-32
-25
-28
-23
-27
-29
-25
-22
-24
-33
-31
-33
-28
-16
-24
-14
-22
-26
-21
-29
-19
-30
-21
-16
-18
-10
-23
-19
-22
-27
-18
-18
-13
-10
-7
1
1
-6
-11
3
4
-3
7
0
1
5
11
12
-3
2
3
6
14
18
26
18
13
17
16
9
14
21
17
14
15
13
10
14
23
24
23
25
24
18
10
13
20
18
20
20
16
16
13
20
27
25
27
32
27
27
30
22
23
21
20
24
16
8
7
9
12
1
-2
3
1
7
-5
-5
-4
-15
-8
-9
-13
-11
-16
-19
-16
-21
-27
-5
-9
-20
-7
-11
-12
-14
-17
-13
-15
-12
-11
-14
-25
-33
-15
-20
-23
-16
-21
-11
-21
-31
-26
-25
-21
-25
-19
-17
-23
-18
-13
-15
-27
-19
-11
-15
-13
-20
-25
-25
-25
-18
-12
-7
-12
-10
-11
-17
-9
-10
-13
-6
5
7
1
-2
0
5
9
6
0
2
0
3
15
18
16
14
11
17
19
10
14
15
6
11
20
32
27
31
42
27
20
19
22
16
14
22
25
30
27
30
34
27
29
24
18
24
27
36
34
30
31
27
21
16
32
30
22
25
16
26
20
18
26
12
18
11
11
13
3
12
11
11
12
8
10
6
12
9
4
8
-3
0
3
3
7
3
-1
-5
-7
-1
-5
-13
-7
-4
-7
-5
-3
-5
-15
-8
-12
-23
-14
-9
-19
-30
-20
-9
-14
-23
-25
-22
-24
-26
-19
-7
-11
-19
-20
-19
-25
-25
-21
-31
-24
-20
-25
-17
-18
-15
-12
-7
-7
-17
-22
-27
-22
-18
-13
-6
-9
-7
-7
-12
-11
-18
-27
-17
-12
-10
-14
-16
-15
-13
-17
-25
-13
-11
-12
2
-1
0
-1
4
10
8
9
5
2
4
8
4
6
16
13
25
20
5
15
15
9
5
7
18
13
14
19
20
23
16
12
8
3
7
15
21
14
8
6
3
13
21
17
20
18
16
18
20
23
20
22
23
29
25
16
11
3
11
16
17
14
0
0
0
-1
-4
-15
-15
-16
-10
0
-4
-7
-9
-7
-8
-17
-24
-23
-21
-10
7
4
-5
4
7
-4
2
4
-12
-18
-13
-12
-11
-12
-26
-22
-10
-21
-17
-25
-34
-24
-29
-24
-25
-36
-27
-16
-17
-14
-18
-28
-23
-19
-26
-19
-12
-3
0
-6
-6
-4
2
-4
-1
13
10
9
-4
-14
-8
-15
-13
-10
-9
-15
-15
-5
-2
2
-5
-8
0
5
2
-7
-8
-4
0
-5
2
7
-4
4
8
7
20
15
18
26
23
18
22
26
17
14
22
14
13
18
17
23
29
24
8
18
20
12
27
20
18
20
23
31
23
19
25
26
28
36
38
26
26
30
32
46
43
33
32
23
24
20
13
9
11
14
16
13
3
9
7
7
11
15
20
11
20
23
13
27
16
9
14
3
7
8
4
1
-5
5
6
2
0
-3
-7
-11
-6
-10
-15
-23
-28
-21
-18
-24
-26
-21
-30
-34
-34
-35
-27
-27
-24
-15
-8
-8
-20
-22
-25
-28
-24
-29
-22
-17
-21
-17
-21
-26
-36
-34
-26
-33
-30
-26
-29
-29
-25
-31
-37
-33
-29
-28
-27
-27
-27
-27
-20
-16
-19
-23
-16
-14
-15
-8
-5
7
6
-5
-1
-3
-7
-6
-6
-4
-4
-4
-9
-5
-2
-9
-8
-8
-11
-12
-15
-16
-3
-12
-16
-7
-3
1
-5
3
5
9
21
17
24
27
21
20
26
22
14
23
14
19
22
7
9
4
14
16
5
4
5
8
9
10
3
-3
4
11
12
9
9
7
1
-1
0
12
11
12
18
11
9
6
6
11
6
4
12
15
10
15
14
4
-1
6
10
7
3
7
5
3
7
6
-1
-10
-4
-4
-13
-11
-17
-15
-4
-3
-2
-2
-3
-7
-4
-3
-8
-7
-12
-9
-4
-7
-10
-19
-21
-22
-19
-16
-16
-9
-9
-6
8
3
-6
-10
-17
-18
-16
-12
-7
-10
-13
-14
-15
-4
-7
-20
-7
-8
-9
3
-2
-8
-10
-9
1
2
-1
-2
-9
-2
-3
-7
1
-10
1
9
8
20
7
4
7
11
6
-2
13
22
29
26
13
13
11
14
18
20
23
20
12
16
26
24
23
18
15
15
15
27
25
18
29
25
25
34
28
30
31
23
26
29
22
19
13
12
21
27
23
12
10
18
10
6
20
23
26
32
32
26
7
6
11
0
3
3
-7
-11
-10
-7
-14
-12
-4
-8
-6
-5
-5
0
1
-6
-7
-5
-5
-11
-15
-6
-21
-21
-16
-18
-12
-20
-12
-4
-14
-18
-20
-20
-21
-28
-27
-22
-18
-16
-20
-19
-30
-37
-26
-29
-40
-40
-38
-30
-35
-37
-37
-39
-28
-28
-21
-15
-24
-18
-14
-19
-18
-18
-19
-17
-16
-11
-3
-13
-12
-11
-21
-14
-12
-16
-15
-11
-4
0
2
-7
-12
-3
-2
-3
-8
-10
-6
-3
4
-1
1
5
-4
-3
3
10
4
0
11
10
9
20
9
16
26
21
25
20
29
34
13
21
20
4
9
16
21
18
20
17
15
19
20
31
31
23
25
22
18
18
4
3
16
10
9
15
17
15
8
12
14
11
8
-3
6
6
-1
5
7
5
-7
1
6
-4
1
-14
-16
-12
-20
-9
-17
-17
-9
-24
-24
-22
-29
-26
-22
-19
-21
-27
-22
-20
-24
-22
-28
-23
-25
-32
-24
-25
-33
-24
-20
-23
-31
-27
-26
-32
-26
-21
-18
-8
-6
-13
-16
-15
-20
-22
-21
-23
-17
-7
2
10
4
-1
-1
1
8
18
19
15
15
10
6
5
16
24
15
11
10
15
18
21
24
25
36
37
42
41
37
48
38
31
36
36
40
45
58
61
58
57
51
49
59
54
51
59
52
57
62
58
56
47
56
64
56
54
59
61
59
64
65
56
60
59
45
43
41
43
49
50
48
45
49
47
32
38
49
46
49
55
57
41
34
32
29
38
34
25
22
27
21
7
9
-4
-4
2
3
7
7
8
-8
-14
-10
-20
-25
-24
-20
-18
-24
-25
-31
-37
-29
-42
-48
-35
-37
-33
-32
-32
-35
-38
-36
-53
-58
-53
-54
-52
-46
-45
-59
-62
-55
-60
-65
-61
-58
-53
-48
-55
-70
-69
-64
-71
-62
-51
-56
-58
-58
-52
-48
-44
-43
-52
-41
-28
-24
-28
-32
-32
-42
-45
-38
-36
-33
-30
-24
-28
-32
-18
-22
-25
-20
-26
-18
-16
-23
-12
-15
-14
-14
-25
-23
-24
-18
-2
-5
-10
-4
-7
-12
-1
5
-2
-2
6
8
0
-3
-10
-19
-18
-4
-3
-6
7
0
-5
1
-10
-3
0
1
-2
-8
4
-9
-17
-5
-17
-20
-12
-19
-19
-17
-22
-21
-25
-21
-20
-19
-14
-14
-15
-31
-35
-33
-38
-29
-28
-30
-22
-20
-26
-19
-14
-24
-30
-38
-30
-18
-26
-20
-11
-20
-21
-19
-21
-24
-13
-11
-20
-12
2
10
1
-1
3
-3
-3
1
4
0
-3
3
10
14
19
23
24
21
7
17
24
13
20
26
26
16
32
44
33
53
59
45
42
47
63
60
59
70
59
59
78
76
63
64
73
74
78
94
95
87
92
96
86
96
103
89
81
84
91
83
89
102
84
80
91
85
85
88
86
81
83
102
93
93
102
87
81
83
78
66
67
76
67
54
64
69
59
68
71
50
44
51
53
46
45
43
39
35
38
33
17
21
16
8
14
1
1
3
-8
2
-3
-11
-5
-10
-14
-20
-20
-23
-38
-35
-32
-32
-31
-35
-38
-43
-43
-38
-44
-57
-58
-57
-61
-64
-66
-67
-73
-71
-61
-62
-58
-52
-58
-76
-75
-64
-72
-69
-57
-50
-50
-60
-54
-54
-65
-66
-70
-70
-60
-47
-40
-36
-27
-29
-43
-44
-38
-41
-48
-41
-36
-53
-38
-11
-33
-47
-23
-22
-45
-38
-19
-38
-41
-22
-25
-26
-4
-3
-29
-13
-1
-24
-29
-15
-13
-33
-16
6
-5
-2
10
-4
-19
-14
-16
-37
-18
5
-15
-16
4
6
7
6
-1
-9
-19
-22
-4
3
-12
-9
-3
-9
-13
-12
-18
-40
-42
-37
-31
-24
-10
5
-4
11
25
-10
-21
-4
-29
-58
-19
-19
-59
-46
-25
-35
-48
-27
-28
-49
-28
-25
-47
-38
-16
-12
-9
9
0
-38
-35
-26
-61
-66
-61
-68
-43
-24
-26
-15
2
-9
-22
-8
-19
-35
-33
-34
-48
-39
-5
-29
-44
-1
-17
-59
-36
-27
-59
-41
11
11
-2
34
38
-12
2
16
-38
-53
-17
-23
-42
-9
19
0
3
30
16
-7
18
15
-20
2
37
29
18
53
45
-8
20
38
-26
-22
26
-2
-12
47
82
54
76
121
67
43
78
61
33
64
85
53
67
88
52
28
49
39
1
28
54
44
83
101
91
106
112
90
68
70
54
15
45
82
37
36
82
51
18
53
74
33
34
98
69
32
118
141
73
96
119
26
11
105
71
-18
65
94
-35
13
145
47
-43
71
67
-57
22
115
3
-24
91
45
-32
66
73
-35
-3
29
-71
-60
59
1
-104
-19
21
-81
-56
18
-40
-74
-38
-49
-76
-32
-1
-35
-32
-15
-47
-56
-36
-49
-70
-84
-100
-82
-56
-51
-80
-101
-63
-69
-104
-89
-63
-38
-34
-41
-10
20
-15
-57
-50
-58
-50
2
-11
-34
-2
13
-24
-39
17
10
-59
-32
43
40
1
26
88
100
58
32
46
44
24
58
90
98
142
140
103
114
162
166
99
126
177
56
44
222
205
131
231
196
18
56
185
88
40
217
199
2
43
172
60
-39
44
5
-111
-40
9
-74
-27
28
-81
-68
79
44
-62
22
27
-157
-105
-23
-203
-202
-125
-263
-272
-147
-155
-239
-179
-69
-189
-227
-64
-97
-153
-100
-151
-191
-117
-92
-208
-210
-53
-166
-315
-140
-129
-298
-201
-111
-176
-148
-93
-112
-147
-100
-104
-207
-128
-58
-159
-144
-48
-13
-24
-50
-39
-33
-25
-22
-69
12
141
80
68
244
284
262
389
387
326
428
387
189
211
343
234
125
235
256
254
243
63
180
426
265
143
345
499
383
362
667
573
248
524
520
109
492
701
-86
-325
138
-355
-1402
-1309
-923
-1575
-1917
-1316
-947
-901
-728
-378
38
335
512
630
891
1055
722
552
792
584
10
-224
-424
-976
-1349
-1410
-1656
-1733
-1345
-1155
-1084
-567
-18
105
196
304
64
13
237
111
98
428
399
95
50
151
-134
-591
-488
-471
-895
-716
-283
-276
-57
215
97
156
485
412
96
348
640
384
495
993
1067
1078
1273
1258
1065
940
826
590
415
458
478
375
673
1134
892
642
806
653
579
824
893
990
1369
1584
1334
1397
1763
1272
369
60
64
-340
-1324
-1996
-2460
-3257
-3205
-2456
-1874
-1091
-644
-508
19
540
1128
1806
2016
1883
1657
1534
1475
1324
1248
560
-778
-1653
-2076
-2418
-2771
-2934
-2653
-2422
-2156
-1420
-424
541
1058
1154
1173
1156
1294
1440
1391
1273
964
673
517
261
-32
-499
-1291
-2077
-2442
-2371
-2125
-1592
-906
-444
-200
-632
-895
120
390
-254
332
1067
765
422
938
1531
771
257
683
-77
-787
-380
-672
-1112
-673
-510
-1028
-606
617
305
-343
515
855
335
762
1360
1014
849
1193
787
203
564
599
-268
-544
-154
-394
-848
-476
-223
-678
-754
-446
-529
-418
137
138
45
743
1115
726
872
1320
863
385
695
667
178
102
74
-279
-461
-287
-253
-425
-79
368
266
528
1044
982
986
1246
1270
1337
1619
1682
1252
808
90
-1652
-2582
-2103
-2519
-3186
-2497
-1474
-1486
-1842
-578
786
300
331
1271
1260
1025
1520
2277
2248
1739
1567
963
203
-339
-1317
-2400
-3496
-4181
-4114
-3904
-2872
-1369
-661
-73
494
822
1144
1302
1598
1426
891
1247
1474
994
858
533
-588
-1685
-2198
-2504
-2755
-2397
-1927
-1653
-740
319
949
1537
1972
1755
1000
654
554
7
-153
128
24
20
473
851
639
248
195
-262
-819
-557
-325
-255
245
574
727
962
1062
1026
714
601
815
971
1448
1847
1910
2304
2706
2445
1859
2040
2034
125
-1353
-1555
-3344
-5961
-6258
-4272
-3567
-4517
-2957
-123
-197
-892
1299
3861
3305
2356
3847
4647
3501
3108
3846
3616
1393
-731
-1395
-2191
-3789
-5176
-5194
-4589
-4655
-4024
-1953
-153
688
1599
2629
2591
2150
2831
3371
2680
2376
2941
2627
1735
912
-2049
-4764
-4227
-4699
-6169
-4770
-2596
-2523
-2852
-282
2464
1716
2066
3892
2660
1271
1767
1843
1285
1031
602
-814
-684
535
-1108
-2571
-1453
-1576
-2688
-1804
-174
102
331
1536
1581
812
1515
1862
837
800
1211
692
887
2148
2664
1788
1391
2125
1305
192
625
-165
-1323
-953
-475
-476
49
1453
1826
1691
2355
2401
2539
2475
1901
1817
782
-248
-2541
-6109
-5265
-3823
-5566
-5683
-3419
-1679
-3205
-3795
797
3252
1562
1633
3877
4798
2787
2406
4885
4361
1145
-852
-882
-994
-3447
-5121
-4289
-4146
-5080
-4818
-2634
-892
-614
435
1344
499
555
2299
2716
1821
2031
1523
-464
-335
556
-295
-1053
-1269
-2125
-3865
-3709
-1489
-1528
-1688
216
288
-346
1122
2501
1855
812
994
506
-310
450
673
306
714
562
190
902
1473
507
-313
213
-92
-1451
-1286
78
273
22
941
1830
2330
3200
3077
1967
1929
2519
2069
1298
1834
2686
2063
995
371
-360
-619
-1030
-1667
-405
905
724
1520
2701
3104
3515
3703
2985
557
-2745
-5448
-6744
-5986
-5158
-5386
-4714
-3580
-3931
-3847
-828
1644
867
1227
3659
3718
2854
5450
8262
6238
2596
1333
340
-2104
-4798
-6290
-6670
-7167
-7878
-7107
-3730
-453
388
1007
2177
2074
1832
3139
3448
654
-1076
610
1034
-200
742
1436
-1280
-3921
-3749
-3437
-3943
-3257
-1958
-1152
-213
717
2085
3947
4010
1736
-431
-319
116
-1747
-2630
-771
2
-523
524
2535
3198
2350
1356
576
72
-296
-930
-627
575
877
600
1305
3028
3614
1952
732
1398
1908
1746
1899
2711
3354
2877
2183
1578
1220
745
-1590
-2916
-1834
-1674
-976
646
1550
3385
4930
4634
2708
588
-897
-4988
-8013
-5214
-3372
-5293
-5084
-2190
-2187
-3952
-1165
1797
-222
-1159
871
1584
1601
3974
6956
6648
4556
3321
2229
463
-2235
-4691
-5692
-6569
-8125
-7716
-3805
-618
-751
-168
1721
1441
227
-394
-676
89
439
313
1830
3876
3880
1558
541
984
-1941
-4613
-3111
-2865
-3961
-2499
-307
655
1861
3324
2151
669
1501
-32
-2897
-2254
-1020
-1253
-441
1870
3432
3703
4569
4514
2181
1136
1424
-83
-1828
-1154
114
-11
555
1992
1744
1142
1459
562
-241
1390
2315
1806
3262
4504
3713
3708
3434
2089
952
-478
-1568
-2364
-1852
-123
203
1444
2107
-1426
-5011
-6241
-5171
-4074
-5229
-4492
-3061
-3782
-2902
-328
2295
3270
2157
1756
1282
920
2136
3677
4514
2824
554
1173
1290
-1151
-3037
-3905
-5240
-6694
-6777
-4800
-2210
-502
611
1090
796
1033
2285
2387
-1092
-3483
-390
818
-636
2164
4477
1760
-1023
-300
-103
-3216
-3564
-1588
-2937
-3525
-1494
192
1888
3115
2596
962
1724
2917
-532
-2453
-224
-502
-2001
-592
2309
3546
2813
2838
2896
1624
661
-602
-1396
28
402
-1107
-132
3026
3108
750
971
2470
1912
1307
1886
1435
1025
2242
1802
534
2848
4448
1760
189
1390
2044
1567
1936
2895
43
-5963
-8601
-7071
-5803
-6141
-5116
-3211
-4515
-6153
-3483
435
1463
541
909
1721
720
1603
6022
8232
5714
2903
2809
2405
-587
-3233
-4142
-5690
-8554
-9799
-7219
-3689
-2201
-1212
-109
-352
-874
84
959
-117
-505
1206
2286
3314
5445
6037
4277
2436
1239
-1374
-4376
-4448
-4148
-5240
-4547
-2624
-1073
781
2254
2249
1597
2111
2208
422
75
1214
1125
1100
1550
2002
2682
2072
627
-313
-496
-169
-1087
-1721
342
2002
1290
1285
3094
3189
851
-201
-42
-26
1036
1717
1759
3503
5180
4286
3137
4158
4816
2866
1256
1600
1661
1578
1760
1125
-899
-5731
-10381
-10731
-9305
-8699
-8199
-5847
-3515
-4491
-2923
3378
5767
3279
2810
4754
3420
815
3913
7444
5232
2254
2022
2213
-43
-3553
-5638
-7401
-9632
-10886
-9583
-5743
-2275
-576
609
1691
2348
2079
1468
1293
855
541
1683
3788
5288
5674
5277
4477
2869
-92
-2889
-4268
-5606
-7083
-6803
-4986
-2724
114
2387
3285
3961
4186
3313
2191
1099
346
351
583
1020
1748
2640
3331
2427
623
293
409
-781
-2191
-2225
-864
-183
-325
788
2297
2600
1619
690
1674
2089
342
358
2235
3271
3630
3405
3642
4225
3254
1633
653
1298
2418
1121
-501
-2398
-6781
-9236
-8044
-7115
-7975
-7757
-4877
-5142
-7347
-2789
3227
2670
827
2898
5058
3683
3136
5722
6510
4418
2161
1387
1874
185
-3803
-6086
-6983
-9022
-10723
-9406
-6299
-4419
-3570
-1974
430
2684
3832
3617
3198
3592
4057
3942
4178
4860
4311
2606
1531
801
-570
-2058
-3267
-4237
-4652
-4518
-4064
-2703
-633
561
1397
3305
4909
4966
4317
3716
3143
2435
1826
1344
1150
1586
1917
1354
782
1192
1365
499
-563
-1380
-1153
-316
-465
-523
731
1807
1745
2156
3280
3325
2853
2767
3010
3415
3132
2612
2158
2436
3203
2158
1483
523
-4789
-9400
-9281
-8463
-9722
-10043
-6765
-6001
-8148
-3827
3173
3520
1447
3484
5735
3149
1181
3852
5289
3256
1028
472
1635
1390
-1626
-3737
-4348
-6485
-9849
-10499
-7854
-7144
-7493
-4083
-1072
-293
2032
4035
3846
3358
4025
4066
2268
2615
4014
2440
1397
2306
1803
42
-754
-1358
-2742
-2789
-2496
-3836
-3153
-156
468
105
2331
4261
3283
2316
3120
3464
2648
2828
3877
4311
4800
5225
4832
4425
4237
2894
81
-1218
-588
-1639
-2847
-1227
406
491
981
1625
1567
2043
2698
2304
2460
4020
4692
3549
3390
4410
1343
-4817
-6714
-5722
-7571
-10321
-9434
-7098
-8289
-9342
-4790
117
23
-778
1685
3660
2477
2663
5826
7257
5296
3668
4513
4479
1304
-2082
-3584
-5690
-9323
-11021
-10477
-9944
-9818
-9158
-6727
-4409
-2703
-395
502
1092
2873
4297
5443
6304
7095
6954
5445
4797
3969
1667
-1009
-3522
-4921
-5219
-5083
-4751
-3946
-2066
-436
228
1991
4830
5343
3303
2447
3261
3136
2366
2861
4287
5322
5139
4432
5175
6046
4195
1479
840
1355
717
-430
347
2036
2467
2412
2781
3291
3507
3116
2138
1287
1814
2100
576
75
-781
-4675
-6887
-6078
-6322
-7801
-7478
-5793
-6985
-7971
-3782
-110
-544
-569
1645
3209
2370
2398
4659
5481
3655
1480
1567
2529
452
-2638
-3149
-3323
-5496
-7439
-6818
-5812
-6689
-7668
-7737
-7108
-5533
-4317
-3622
-2389
-835
434
1492
3764
5970
5726
5108
5264
4690
3516
2517
1407
-271
-1252
-1513
-2734
-3106
-2099
-2634
-3516
-2493
-1196
-525
439
1708
2810
3942
5067
5487
6092
7448
7398
5773
5220
5848
4887
2477
1725
2088
1536
1122
1277
1540
2280
2677
1964
1692
2936
3856
3405
3462
4370
4176
3232
2581
435
-3218
-5390
-6181
-7771
-9276
-8708
-7525
-8467
-9120
-5718
-1707
-1300
-1692
631
3107
2274
1596
4090
5954
4590
2189
2143
3399
1724
-1127
-1699
-2104
-4191
-6005
-6032
-5904
-6448
-6670
-7521
-8213
-6519
-5050
-5338
-4588
-2529
-1048
-594
614
2726
3005
2535
3412
3969
3559
3364
3316
2464
1956
2406
1603
308
199
-618
-2163
-2251
-1846
-2221
-1917
-833
-194
522
2011
3203
3443
4153
4955
4502
4443
5199
5100
4455
4389
4429
3864
3421
3325
3068
3155
3648
3260
2358
2789
3257
2287
2106
3024
2872
1964
1687
1272
-362
-1677
-1820
-2628
-3904
-4072
-4044
-4994
-6190
-6047
-4810
-4581
-5273
-5054
-3635
-2689
-3069
-2697
-789
289
-224
-169
1394
2309
1832
1756
2010
1333
249
-392
-829
-1245
-1980
-3168
-4036
-4449
-4574
-4492
-4560
-4583
-4416
-4105
-3770
-3349
-2193
-1059
-1099
-1067
141
1520
2120
2357
2801
2961
2394
1729
1499
1345
768
11
-415
-315
68
321
494
773
1038
1116
1367
2017
2443
2506
2509
2496
2704
2996
2853
2195
1718
1735
1332
734
1095
1955
2251
2125
2420
3062
3163
2559
2067
2149
1889
859
235
576
944
889
1220
1857
2000
1940
1916
1708
1344
912
207
-867
-1667
-1845
-1832
-2142
-2553
-2351
-1977
-2352
-3074
-3235
-3061
-3265
-3929
-4433
-4206
-3992
-4393
-4377
-3476
-2755
-2620
-2130
-1131
-544
-572
-584
-374
-470
-867
-1185
-1533
-1679
-1541
-1524
-1597
-1325
-614
-122
36
251
469
385
-127
-240
127
119
52
101
155
304
357
472
671
706
592
668
1150
1540
1710
2027
2289
2344
2340
2373
2382
2167
1905
1844
1794
1691
1818
2231
2605
2701
2786
3093
3341
3091
2335
1746
1493
869
-83
-407
-98
-89
-208
268
1074
1457
1212
1019
1166
1209
1091
894
649
589
689
649
555
670
687
168
-563
-798
-818
-1237
-1783
-2233
-2557
-2835
-3126
-2919
-2516
-2752
-3384
-3768
-3777
-3830
-4078
-4098
-3748
-3344
-3016
-2331
-1258
-606
-614
-795
-1050
-1272
-1270
-1339
-1447
-1315
-1323
-1464
-1071
-352
-56
-206
-336
-323
-394
-377
7
577
1022
1273
1802
2698
3238
3318
3241
2901
2276
1691
1578
1636
1288
920
893
1016
1101
1264
1632
1804
1733
1754
1825
2188
2792
2985
2878
2918
2882
2414
1848
1517
1072
237
-767
-1189
-839
-776
-1132
-905
-190
127
-38
156
983
1394
882
441
630
727
467
387
364
89
-61
-133
-362
-591
-954
-1508
-1898
-1866
-1671
-1704
-1836
-1812
-1752
-1959
-2275
-2095
-1775
-2176
-2823
-2817
-2472
-2365
-2465
-2515
-2218
-1771
-1529
-1214
-687
-436
-694
-1052
-1153
-981
-854
-1088
-1390
-1418
-1175
-787
-353
213
657
712
664
883
1346
1539
1326
1228
1263
1212
1348
1808
2145
1983
1631
1303
1003
959
1050
932
666
589
750
925
1262
1807
2058
2081
2278
2266
1969
1859
1810
1522
1100
878
779
529
285
146
-6
-316
-681
-728
-546
-465
-425
-177
251
525
557
713
1029
966
387
-204
-586
-940
-1295
-1636
-1905
-1806
-1418
-1285
-1247
-765
-318
-438
-653
-690
-849
-1093
-1191
-1041
-706
-473
-363
-40
372
425
184
-132
-497
-1003
-1826
-2505
-2516
-2386
-2520
-2427
-1865
-1214
-716
-320
44
375
568
544
377
376
534
479
377
371
395
569
698
797
805
579
542
666
764
849
864
984
1092
1017
897
856
869
666
441
570
818
918
1006
1206
1285
1059
851
861
788
544
352
293
255
273
430
632
853
934
794
714
759
731
421
-35
-167
-222
-564
-831
-774
-652
-829
-1088
-1009
-781
-848
-1299
-1638
-1555
-1640
-2037
-2113
-1970
-1971
-1867
-1471
-1018
-723
-383
-62
-26
64
334
481
542
660
847
1048
1248
1390
1219
837
510
141
-321
-642
-689
-741
-909
-850
-496
-88
244
560
832
837
630
596
776
776
585
548
651
733
872
958
772
561
381
-96
-492
-394
-284
-370
-242
214
661
976
1253
1309
1076
715
251
-148
-220
-183
-266
-193
130
295
216
372
643
316
-231
-376
-489
-563
-363
-177
-27
357
711
596
557
876
689
-77
-663
-862
-959
-1199
-1404
-1392
-1370
-1426
-1535
-1606
-1534
-1578
-1878
-2108
-1971
-1642
-1435
-1145
-729
-533
-336
1
221
392
425
295
291
369
399
508
738
825
732
717
673
481
273
45
-123
-161
-120
111
592
1100
1466
1728
1994
2233
2205
1970
1754
1531
1255
995
952
1056
1002
809
535
265
101
-218
-600
-642
-573
-624
-517
-152
191
382
578
722
695
600
498
412
248
-8
-93
-146
-356
-452
-503
-785
-1120
-1286
-1426
-1630
-1748
-1681
-1496
-1227
-832
-280
170
232
224
356
304
48
-206
-476
-693
-810
-1004
-1181
-1073
-965
-1276
-1631
-1593
-1498
-1607
-1685
-1495
-1127
-959
-884
-497
-126
-75
18
248
396
432
486
546
512
443
298
188
138
-136
-387
-409
-403
-386
-258
74
374
520
799
1164
1456
1610
1626
1696
1856
1957
1946
1968
2072
1960
1598
1414
1408
1125
540
157
192
212
96
209
450
529
548
710
888
927
969
1001
943
940
1048
1142
1147
929
510
221
-99
-620
-939
-1160
-1627
-1989
-1949
-1774
-1643
-1349
-940
-761
-777
-794
-696
-579
-718
-957
-1040
-1014
-925
-835
-806
-713
-674
-904
-1115
-1037
-966
-1154
-1288
-1221
-1246
-1336
-1269
-1109
-1061
-1171
-1166
-878
-545
-282
37
327
479
628
796
884
826
599
208
-178
-413
-613
-625
-458
-416
-343
-110
201
472
566
657
801
829
846
996
1245
1498
1614
1655
1766
1908
1874
1603
1457
1348
851
411
338
185
-149
-339
-264
-169
-145
-29
180
418
590
614
727
980
1051
978
952
946
819
554
410
298
-64
-351
-406
-481
-467
-260
-137
-292
-382
-280
-364
-506
-471
-412
-458
-537
-382
-118
-50
-140
-287
-382
-493
-682
-862
-993
-1073
-1217
-1292
-1086
-825
-717
-685
-659
-656
-615
-505
-452
-442
-334
-251
-147
170
499
631
531
346
180
-19
-170
-260
-292
-389
-594
-568
-369
-283
-257
-286
-405
-562
-592
-331
16
235
432
761
1137
1308
1435
1672
1648
1319
1026
793
582
410
175
-71
-174
-207
-323
-353
-131
69
95
161
337
490
589
727
863
816
693
715
666
395
166
38
-147
-347
-419
-442
-556
-605
-565
-594
-564
-424
-281
-174
-122
-64
12
72
76
9
-12
-30
-206
-322
-252
-266
-429
-585
-652
-681
-722
-783
-851
-816
-690
-634
-578
-368
-94
79
120
198
468
713
702
644
739
817
662
479
415
252
-72
-395
-510
-503
-582
-556
-438
-466
-413
-103
129
91
118
313
315
162
259
518
614
613
671
787
824
664
419
236
48
-247
-536
-632
-512
-358
-311
-183
112
300
320
358
452
457
381
330
319
395
462
475
549
558
417
242
87
-142
-417
-590
-750
-844
-689
-472
-334
-88
259
416
373
356
332
143
-213
-525
-656
-710
-830
-941
-784
-525
-563
-783
-822
-759
-887
-1150
-1267
-1164
-1017
-851
-564
-201
178
420
441
474
635
663
395
153
150
121
-9
18
174
257
253
198
154
143
145
139
40
-52
-39
48
198
327
490
702
849
949
1016
1071
1092
1003
834
640
563
555
351
100
0
-77
-174
-218
-125
65
121
124
285
494
584
572
619
595
406
330
319
267
188
-7
-190
-260
-296
-389
-519
-595
-645
-646
-540
-376
-199
-90
-54
-24
21
6
-76
-91
-80
-175
-322
-319
-131
-105
-392
-616
-601
-692
-952
-1032
-882
-812
-825
-670
-386
-93
113
185
158
79
96
188
194
169
137
106
112
101
121
146
40
-142
-229
-158
-8
117
244
336
352
459
612
667
644
535
412
312
280
399
522
528
482
508
593
567
497
470
358
184
-25
-147
-36
82
60
-9
29
177
192
113
50
-14
-72
-193
-284
-238
-167
-192
-268
-236
-193
-326
-496
-563
-632
-732
-776
-688
-647
-732
-708
-617
-584
-567
-581
-614
-592
-521
-453
-327
-130
-20
-12
13
-9
-132
-270
-359
-525
-751
-785
-724
-685
-513
-243
-77
-18
113
264
291
268
187
93
110
109
56
139
363
449
327
304
424
443
311
190
102
11
41
149
221
374
555
567
572
746
955
1010
931
905
893
857
858
864
884
833
673
528
484
523
452
308
255
217
185
216
255
285
301
262
197
181
253
310
216
90
44
-9
-132
-263
-335
-403
-493
-539
-561
-596
-641
-681
-685
-757
-886
-917
-894
-945
-1000
-865
-597
-447
-357
-210
-123
-176
-267
-305
-370
-520
-682
-772
-743
-645
-551
-483
-411
-374
-381
-329
-252
-239
-233
-204
-164
-84
23
151
245
263
222
143
184
257
204
148
123
110
117
148
192
166
159
170
131
191
314
398
466
525
628
731
780
850
863
791
761
713
638
615
618
560
462
479
495
419
390
347
245
153
128
184
216
224
264
303
389
422
352
339
319
219
137
90
14
-60
-111
-236
-409
-518
-595
-694
-776
-820
-849
-830
-741
-617
-505
-418
-362
-386
-400
-327
-248
-250
-302
-330
-368
-310
-202
-228
-323
-374
-391
-476
-533
-459
-378
-341
-320
-280
-171
-6
74
25
2
37
47
72
139
155
161
140
21
-35
-44
-134
-269
-374
-363
-340
-313
-175
-8
110
210
365
537
635
701
707
640
608
605
573
534
481
415
352
315
304
236
178
136
39
29
64
79
87
83
183
302
354
444
547
601
575
501
449
387
274
78
-122
-199
-254
-406
-535
-516
-411
-388
-442
-404
-307
-264
-288
-306
-228
-172
-201
-261
-279
-178
-91
-110
-181
-249
-269
-351
-425
-405
-442
-519
-507
-343
-173
-101
0
89
112
97
43
59
129
82
-42
-43
75
144
106
71
64
30
-49
-140
-128
-61
-76
-103
-92
9
141
198
254
306
351
368
359
371
404
455
411
304
299
356
334
266
258
223
115
62
88
65
6
-5
-40
-69
-25
34
89
123
122
110
123
143
176
218
179
120
118
144
139
48
-50
-125
-213
-347
-475
-486
-461
-517
-587
-547
-421
-348
-356
-342
-318
-312
-284
-280
-262
-216
-208
-241
-258
-186
-119
-180
-265
-301
-346
-380
-347
-299
-278
-230
-139
-57
52
154
137
101
92
72
51
40
73
73
25
4
10
20
3
-46
-75
-54
-11
31
64
153
273
282
279
327
402
448
392
386
443
489
493
424
403
416
330
188
105
79
57
23
1
23
69
110
107
94
118
101
26
-26
-14
7
-3
12
87
129
104
103
129
128
76
-17
-94
-130
-131
-139
-164
-139
-102
-98
-87
-57
0
35
-6
-35
-20
2
-7
-50
-35
-23
-43
-11
19
59
106
121
126
108
105
96
33
-44
-99
-150
-193
-218
-213
-172
-162
-147
-106
-42
21
12
26
82
104
93
83
138
175
157
122
104
125
88
19
24
72
37
-26
44
150
193
188
188
220
210
163
116
81
77
26
-69
-102
-72
-46
-59
-96
-121
-139
-168
-191
-175
-127
-135
-152
-111
-59
-27
-33
-33
-41
-90
-105
-79
-64
-60
-69
-110
-178
-205
-191
-221
-265
-266
-255
-272
-281
-216
-141
-117
-110
-104
-68
-42
-28
14
15
-23
-20
27
33
13
23
34
8
-7
36
33
-8
-9
-31
-70
-103
-95
-62
-89
-107
-67
-49
-53
-64
-81
-72
-67
-84
-80
-31
14
6
35
128
161
127
99
115
113
60
5
-33
-1
31
11
54
164
201
158
169
196
159
125
112
83
37
-5
-20
-14
18
41
40
90
137
147
151
139
159
145
94
71
35
-1
-66
-107
-88
-140
-177
-149
-123
-85
-75
-50
-18
-60
-78
-66
-55
-53
-86
-98
-102
-75
-28
-52
-41
-2
-12
-22
-51
-52
-30
-38
-41
-48
1
72
66
95
131
105
73
56
78
61
8
-8
-60
-108
-151
-194
-173
-160
-189
-193
-130
-32
3
26
87
111
118
141
175
220
210
153
113
100
105
82
40
41
14
-55
-30
65
110
124
163
178
184
210
212
203
173
135
106
126
191
218
224
239
241
214
161
143
102
11
-65
-86
-33
21
51
115
165
162
137
111
105
26
-117
-189
-205
-207
-204
-176
-110
-79
-73
-69
-50
-12
-68
-147
-147
-122
-103
-84
-39
9
19
18
38
54
77
77
18
-5
-1
8
25
31
38
-15
-78
-95
-94
-86
-149
-193
-172
-153
-114
-63
5
52
22
-1
32
79
80
-8
-92
-106
-127
-159
-168
-156
-167
-223
-227
-171
-146
-158
-162
-165
-193
-189
-154
-151
-142
-98
-64
-42
1
47
66
59
25
-28
-57
-68
-102
-132
-117
-91
-74
-36
8
49
84
83
64
75
96
67
47
72
67
21
-25
-24
-8
-56
-124
-159
-166
-162
-164
-146
-87
-33
-1
12
31
92
128
111
122
166
187
186
216
273
267
236
211
173
115
50
24
0
-39
-63
-49
21
115
189
227
263
296
310
321
322
304
265
192
133
121
121
118
89
68
53
4
-15
0
-7
-58
-98
-72
-34
-19
-8
6
20
4
-30
-34
-14
-32
-86
-121
-147
-158
-160
-170
-174
-209
-241
-235
-242
-241
-211
-180
-142
-98
-37
25
72
104
85
52
24
-17
-48
-92
-129
-141
-164
-146
-86
-41
-43
-66
-74
-95
-117
-129
-169
-198
-176
-137
-87
-26
42
81
60
50
80
76
41
25
-6
-62
-89
-71
-61
-100
-135
-148
-178
-171
-131
-121
-80
-7
44
100
193
281
303
284
257
249
230
192
163
121
76
49
38
31
38
22
-2
7
18
24
29
52
101
121
118
162
205
194
157
114
75
32
-17
-61
-103
-154
-187
-176
-157
-146
-112
-71
-60
-50
-20
20
51
76
93
101
126
137
122
114
119
99
50
40
44
22
-20
-61
-65
-57
-61
-51
-27
3
19
24
56
83
93
64
18
14
30
41
41
54
66
30
-1
-2
-19
-62
-119
-145
-167
-190
-172
-160
-136
-112
-125
-99
-65
-44
-22
-30
-16
0
0
33
56
83
79
36
26
16
35
28
-20
-23
-35
-62
-65
-34
4
4
-18
-16
17
44
56
72
108
109
60
41
71
79
8
-55
-58
-88
-124
-126
-131
-137
-127
-120
-108
-70
-45
-32
-22
-21
-18
-14
-1
9
14
-5
-33
-44
-60
-66
-79
-106
-119
-125
-126
-121
-100
-76
-61
-44
-15
35
68
70
76
110
148
166
181
195
201
183
163
141
92
60
25
-13
-42
-71
-95
-104
-88
-60
-21
20
63
110
136
134
132
139
100
55
36
3
-26
-48
-67
-64
-61
-56
-62
-70
-38
2
13
30
49
77
115
120
116
137
161
130
62
28
-5
-67
-121
-136
-144
-172
-165
-114
-69
-59
-37
-4
9
35
28
0
-16
-14
3
-26
-37
-26
-46
-78
-121
-126
-142
-215
-244
-230
-205
-192
-197
-159
-113
-81
-57
-61
-58
-75
-121
-137
-108
-83
-89
-60
3
60
102
119
132
134
121
88
43
27
27
14
11
22
60
92
110
141
133
112
102
107
120
108
102
122
149
161
177
170
140
110
77
65
40
13
-1
21
54
45
53
87
113
107
109
150
145
136
186
232
231
216
232
258
247
207
173
140
89
56
44
69
93
69
74
134
188
220
254
274
260
229
217
217
168
101
57
10
-15
-39
-76
-97
-119
-118
-104
-88
-76
-93
-80
-37
-43
-50
-17
-6
-30
-36
13
30
-17
-39
-41
-61
-88
-93
-94
-112
-137
-130
-116
-118
-132
-143
-104
-92
-104
-92
-57
-9
-16
4
37
27
-11
-30
-7
-38
-76
-102
-107
-65
-41
-1
28
33
10
-41
-33
-20
-68
-95
-86
-97
-123
-95
-24
19
-4
-27
-30
-57
-76
-81
-82
-79
-103
-115
-48
6
-1
-3
-8
11
-26
-44
21
40
39
34
64
108
102
96
79
45
-10
-60
-86
-120
-115
-93
-75
-87
-121
-92
-81
-91
-82
-98
-101
-110
-107
-67
-56
-38
1
15
19
-30
-63
-68
-76
-54
-86
-125
-138
-179
-195
-164
-154
-142
-183
-223
-113
-100
-95
-60
-59
7
-82
-149
-142
-130
-116
-205
-141
-133
-258
-286
-153
28
-231
-425
-243
-132
-81
4
229
50
-238
-87
91
62
-184
-175
-170
-370
-361
-190
-63
-162
-224
-157
-123
-205
-312
-162
-27
-34
-104
-27
190
144
164
300
349
187
-13
208
270
138
201
227
186
113
126
85
-123
-230
-256
-400
-434
-310
-242
-136
8
28
-16
-17
-6
-37
-154
-74
-28
-147
28
164
199
244
316
326
112
160
156
76
138
151
249
167
194
233
137
282
290
196
107
104
73
39
255
259
239
299
317
187
37
147
46
-50
0
106
140
105
263
185
167
191
150
216
111
200
157
72
175
74
148
162
157
256
144
150
111
42
117
38
-15
32
68
51
-10
121
111
8
43
44
97
59
125
176
141
191
65
128
178
126
189
116
214
136
61
183
87
120
48
67
233
213
245
177
228
260
142
167
282
301
182
350
398
324
360
285
399
310
243
366
250
263
218
149
233
246
237
244
300
255
167
186
243
172
35
125
158
92
115
78
57
-22
18
20
-125
-44
-130
-131
-68
-166
-135
-269
-116
-50
-208
-30
-97
-103
-106
-139
-17
-201
-210
-258
-338
-270
-432
-420
-414
-292
-248
-379
-247
-359
-419
-347
-333
-330
-426
-353
-304
-224
-194
-237
-128
-183
-166
-141
-227
-217
-359
-340
-290
-263
-224
-333
-149
-146
-197
-203
-252
-195
-329
-198
-158
-124
-28
-135
37
-44
-77
-9
-75
140
-1
-64
26
-40
119
-12
21
79
-128
-63
-162
-22
-88
-518
-272
-40
49
171
257
442
253
63
117
261
395
305
300
90
-98
-202
-272
37
-215
-315
-368
-805
-481
-368
-231
10
-282
-102
-77
-58
326
191
404
527
160
107
-9
161
215
7
77
69
98
-171
-74
188
-247
-365
-546
-496
-389
-656
-379
-403
-317
-226
-377
-36
-48
82
78
34
324
75
214
279
185
345
172
164
-33
-129
-89
-335
-298
-240
-149
-60
-86
28
-1
-139
-218
-261
-109
-94
-92
105
49
32
-65
-109
105
-30
62
195
168
261
162
293
321
239
203
-28
-95
-170
-157
-97
-26
71
-72
-14
80
124
186
30
90
10
-193
-85
-12
183
257
179
295
155
34
65
-38
29
38
17
53
91
189
136
179
196
177
163
65
86
-46
-24
98
106
248
141
113
91
-8
133
51
129
150
8
187
195
237
216
173
298
118
23
45
28
-49
-83
173
170
64
172
232
192
96
81
101
84
150
257
277
315
255
114
145
163
88
-34
-16
130
127
142
199
249
162
25
43
-71
-117
-135
-119
110
127
157
240
157
178
199
148
48
-113
-176
-239
-210
-31
62
127
126
51
-81
-210
-189
-221
-176
-128
-140
-84
-73
73
173
158
120
16
-15
-82
-128
-126
-151
-102
-49
-39
-45
-19
-14
-56
-23
-94
-229
-261
-266
-174
-98
-63
70
196
210
144
105
95
44
-92
-136
-55
-125
-202
-106
0
41
-112
-236
-105
-118
-239
-175
-41
-77
-141
24
97
43
22
42
123
61
33
19
-21
52
28
38
58
39
13
-77
-94
-156
-191
-217
-210
-91
-164
-154
-94
-150
-107
-99
-83
-72
-74
-51
64
184
137
167
157
59
-15
-60
-48
-116
-97
-58
-126
-161
-153
-64
-7
13
4
-43
-50
-148
-188
-168
-177
-86
-67
-14
65
3
-23
-54
-130
-161
-142
-143
-135
-69
-61
-15
111
130
115
109
64
-32
-132
-122
-120
-175
-118
-6
76
130
152
141
50
-107
-214
-203
-234
-294
-293
-246
-168
-143
-46
115
150
88
-2
-114
-217
-251
-199
-114
-73
18
89
119
231
202
36
-66
-145
-231
-229
-117
-40
23
109
133
202
197
101
142
118
39
2
-34
7
113
220
255
255
212
77
-36
-51
-98
-173
-167
-32
110
128
245
302
259
212
83
51
-14
-40
63
118
166
131
113
185
211
275
274
214
161
73
77
86
134
142
73
123
51
-14
2
17
118
117
102
102
82
96
65
96
126
70
39
21
95
130
80
139
151
134
144
129
149
140
122
122
145
187
130
128
156
68
70
62
88
122
38
51
28
42
88
16
47
62
21
38
92
148
114
149
226
234
259
240
173
96
51
-30
-90
-32
-18
-36
34
83
98
121
140
193
181
104
84
80
47
40
84
87
43
19
41
69
56
72
59
-8
-39
-66
-72
-42
-47
-60
-57
-64
-41
-50
-51
-10
-85
-107
-85
-125
-104
-88
-56
-61
-127
-116
-73
-91
-126
-121
-155
-199
-224
-227
-171
-153
-120
-109
-155
-156
-131
-118
-140
-129
-125
-176
-169
-149
-105
-34
-36
-38
-74
-127
-164
-203
-177
-204
-228
-214
-213
-146
-123
-103
-51
-83
-119
-105
-132
-151
-171
-171
-147
-128
-32
-5
-12
-19
-46
-54
-131
-142
-150
-124
-74
-108
-78
-90
-104
-71
-94
-80
-82
-117
-124
-108
-115
-131
-115
-102
-55
-56
-84
-41
-57
-63
-29
-22
-23
-52
-76
-84
-75
-85
-99
-110
-130
-124
-108
-86
-53
-29
-47
-47
-33
-89
-128
-106
-98
-140
-146
-113
-146
-126
-72
-95
-96
-83
-130
-151
-141
-119
-62
-36
20
40
11
6
-22
-21
-81
-91
-56
-59
12
61
102
79
69
78
18
24
25
30
20
19
33
7
49
82
115
183
170
138
120
78
22
10
57
68
73
111
126
114
109
88
62
42
-19
-55
-56
-14
30
33
60
65
47
44
69
84
87
93
54
82
154
173
223
266
246
189
144
128
103
63
39
19
-8
20
73
124
136
103
83
67
69
70
118
147
127
127
118
97
83
116
94
50
35
10
7
20
105
108
75
92
61
95
120
108
128
115
75
76
109
102
113
127
83
70
49
19
13
-1
17
15
24
61
69
76
83
47
7
16
29
31
15
44
67
43
64
76
49
12
-5
-31
-60
-59
-34
-1
8
32
31
38
60
11
7
2
-50
-80
-75
-41
-37
-15
14
7
-15
-78
-86
-99
-133
-95
-68
-48
-20
12
56
64
45
9
-25
-23
-17
-36
-50
-54
-74
-71
-11
37
56
41
41
58
26
6
-5
-5
-19
-59
-70
-71
-68
-63
-59
-68
-91
-97
-114
-112
-74
-58
-45
-28
22
24
6
27
-11
-29
-75
-90
-54
-74
-47
-23
30
53
22
38
-3
-38
-62
-88
-88
-135
-128
-113
-68
16
-9
3
-4
-64
-75
-81
-68
-100
-120
-108
-89
-31
-29
-32
-27
-50
-66
-76
-61
-57
-72
-37
-9
-1
19
11
32
35
-33
-53
-63
-76
-81
-82
-48
-66
-63
-38
-30
-23
-40
-46
-77
-77
-71
-57
-12
-20
-21
-18
0
-5
-35
-32
-36
-52
-65
-65
-65
-46
-66
-67
-28
-58
-56
-18
-12
-21
-50
-74
-53
-42
-51
-27
-18
-25
-34
-21
21
15
22
37
11
26
26
2
7
-17
-40
-37
-29
-35
-34
-17
-10
13
36
33
27
8
4
26
32
57
61
73
118
92
103
111
81
101
73
53
59
39
63
57
70
112
79
66
84
89
79
74
74
58
76
92
97
116
125
105
97
112
80
45
20
7
-2
16
34
30
69
87
88
113
103
83
72
57
42
29
18
6
34
62
78
84
91
104
76
70
35
17
31
19
49
47
50
65
45
41
41
37
-20
-46
-12
-23
-38
-20
14
30
17
69
122
91
56
33
26
3
-28
-21
-23
-18
3
13
33
51
42
10
-30
-31
-47
-63
-29
-14
3
24
25
50
48
17
17
9
2
-6
-27
7
0
4
34
20
34
6
0
7
-30
-4
2
12
60
42
43
55
22
-6
-17
-12
-9
-22
-22
-13
-14
-6
-3
-1
-5
-15
-21
-35
-18
-14
-9
-18
-53
-54
-96
-99
-92
-131
-124
-120
-87
-49
-68
-38
-36
-40
-15
-58
-67
-69
-91
-75
-76
-49
-29
-47
-13
-9
-39
-48
-88
-97
-97
-104
-67
-40
-31
-14
-42
-67
-51
-81
-103
-116
-139
-131
-138
-118
-105
-113
-99
-92
-85
-65
-69
-91
-105
-108
-92
-69
-47
-42
-51
-40
-24
-29
-31
-30
-45
-43
-42
-36
-20
-9
-6
-20
-52
-50
-50
-61
-29
-37
-43
-38
-32
4
-22
-34
-28
-66
-66
-62
-70
-48
-32
-5
12
38
61
42
31
26
8
-2
7
20
33
23
7
11
20
31
28
36
25
30
35
20
40
28
23
18
10
6
-29
-22
-21
-31
-23
-23
-11
-5
10
35
31
43
56
34
48
38
17
14
4
20
34
40
52
63
56
55
36
-1
1
-18
-2
17
5
52
52
64
72
37
40
17
4
19
11
13
50
69
48
38
46
36
30
40
27
23
24
36
54
59
69
68
93
79
59
75
41
51
77
75
94
77
65
71
50
61
56
36
57
47
48
64
47
56
60
58
74
50
47
36
14
19
2
5
6
1
20
31
39
44
29
11
-2
-19
-39
-36
-29
-19
-10
-4
20
30
17
11
-1
-19
-30
-45
-52
-61
-56
-31
-32
-13
-18
-45
-35
-54
-68
-73
-84
-64
-67
-66
-63
-82
-76
-71
-78
-67
-70
-83
-70
-59
-65
-47
-32
-26
2
20
14
3
3
0
-12
1
-11
-37
-13
20
28
12
5
1
-17
-24
-17
-31
-55
-65
-71
-48
-34
-25
4
11
6
6
2
-2
-3
1
1
2
19
17
12
12
15
21
22
28
40
57
50
46
50
49
39
33
45
39
48
76
48
17
21
14
-4
-16
-19
-29
-38
-29
-3
-2
-6
19
5
-19
-9
-9
-11
-22
-24
-20
-19
5
20
23
11
6
13
5
15
5
-11
-11
-21
2
17
19
22
16
12
-8
-4
-3
-28
-20
-26
-33
-15
-20
-3
-3
-30
-26
-40
-45
-37
-38
-18
-17
-9
19
24
36
22
17
7
-11
-11
-42
-46
-24
-23
-9
18
19
27
39
35
14
-6
-17
-24
-16
-27
-17
-13
-25
-20
-19
-21
-46
-65
-54
-63
-68
-56
-51
-39
-18
-21
-23
-11
-3
-20
-46
-44
-64
-49
-24
-32
5
-1
-15
-12
-22
-11
-20
-34
-31
-34
-22
-11
-5
9
13
7
-10
-14
-17
-31
-25
-40
-50
-43
-34
-16
-38
-41
-31
-43
-31
-21
-18
-22
-11
7
3
12
35
39
45
53
37
42
47
38
49
47
49
59
59
73
90
90
96
86
71
68
55
47
46
33
30
32
21
30
31
30
48
54
52
52
36
16
19
3
-2
25
29
38
55
58
57
52
43
31
24
23
3
-6
-7
8
26
5
8
20
8
4
-10
-6
-10
-29
-18
-20
-6
14
10
-4
-28
-29
-23
-37
-50
-40
-34
-29
-13
-5
14
7
4
18
-4
-4
-12
-26
-19
-30
-12
12
22
42
40
37
29
4
5
1
-9
7
7
16
31
26
46
40
30
33
25
28
25
33
40
48
71
72
69
51
26
25
35
32
27
55
62
68
81
87
95
65
64
73
55
53
47
41
45
64
84
81
59
33
23
-1
-12
8
17
12
9
11
14
22
17
-4
-10
-23
-28
-20
-30
-33
-20
-9
2
12
10
-5
-13
-21
-33
-34
-31
-43
-58
-51
-34
-36
-33
-20
-27
-34
-33
-27
-28
-44
-47
-53
-55
-42
-46
-52
-58
-76
-70
-68
-70
-57
-62
-60
-40
-30
-20
-15
-19
-25
-43
-55
-47
-43
-45
-35
-18
-6
-3
6
15
6
-6
-9
-15
-18
-9
-6
1
5
12
32
23
14
19
4
-4
0
-12
-15
-13
-8
-4
0
-4
-26
-29
-22
-28
-33
-38
-27
-24
-33
-19
-13
-27
-36
-52
-66
-59
-55
-51
-45
-56
-56
-45
-40
-35
-34
-50
-60
-67
-74
-72
-69
-79
-66
-44
-57
-55
-45
-64
-62
-57
-75
-77
-79
-75
-64
-54
-34
-28
-29
-13
-14
-23
-17
-25
-30
-21
-22
-16
-18
-15
-8
-3
13
10
6
-9
-11
9
9
17
12
25
39
34
43
38
41
43
47
46
43
63
65
61
65
67
71
67
73
76
66
73
100
102
94
110
112
97
75
69
66
70
72
77
72
32
35
50
37
36
30
31
27
14
15
15
1
-11
-6
-17
-23
-12
-28
-30
-28
-53
-52
-46
-49
-30
-39
-65
-61
-76
-79
-74
-81
-67
-67
-66
-64
-64
-62
-72
-71
-69
-68
-56
-77
-77
-79
-105
-71
-56
-63
-38
-51
-51
-44
-60
-57
-59
-41
-35
-36
-22
-37
-17
2
-9
19
29
42
45
34
54
54
52
48
59
64
61
87
88
81
76
72
76
81
77
87
97
84
88
86
86
78
65
84
77
78
82
88
87
75
86
82
86
84
79
76
53
53
48
50
65
49
52
62
40
29
28
30
28
27
28
26
18
11
11
2
16
27
23
26
5
-8
-14
-14
-8
-7
-3
-14
-21
-8
-8
2
15
11
17
-4
-8
3
-17
-6
5
3
10
18
21
6
5
-1
-1
11
1
7
14
20
29
33
31
21
25
22
20
25
23
31
25
25
36
22
9
21
22
3
4
7
0
7
1
8
14
13
14
4
11
-2
-10
-4
-20
-15
-10
-17
-23
-26
-16
-11
-25
-32
-37
-40
-37
-50
-51
-47
-54
-50
-55
-66
-68
-62
-66
-74
-69
-82
-85
-75
-79
-75
-71
-75
-68
-73
-78
-59
-52
-46
-51
-54
-43
-54
-51
-61
-73
-66
-55
-45
-55
-37
-24
-29
-25
-34
-31
-41
-44
-37
-43
-20
-20
-20
-9
-9
-12
-18
-6
-22
-23
-9
-18
-9
-13
-26
-4
14
26
26
8
9
14
-3
-6
13
9
12
36
31
13
14
10
7
20
13
6
24
27
20
31
18
28
36
25
48
33
18
15
0
5
8
16
4
2
12
-11
-5
6
-3
-14
-19
-15
-7
0
1
-7
-22
-5
-4
-9
-6
-31
-33
-33
-36
-36
-35
-32
-29
-25
-31
-37
-39
-33
-37
-41
-23
-26
-34
-25
-22
-11
-25
-34
-15
-20
-25
-23
-21
-27
-26
-27
-32
-9
-13
-15
-6
-1
3
-7
5
0
1
8
-5
11
1
-7
-1
-17
4
3
-14
-2
1
-5
-6
8
10
-4
1
-7
0
22
13
9
10
4
5
11
9
2
3
4
0
-4
-3
6
5
1
7
2
7
17
15
27
24
30
26
6
15
7
2
7
-2
11
30
26
38
47
29
17
31
44
29
33
32
40
49
32
53
65
45
44
37
37
44
41
38
54
50
45
57
49
60
66
63
71
69
64
56
58
61
57
54
49
56
55
34
48
50
51
67
52
52
47
32
35
33
38
40
52
36
19
16
-1
14
6
-2
19
13
10
0
-9
1
-11
-20
-19
-21
-15
-25
-20
-6
-11
-14
-10
-7
-12
-27
-35
-47
-55
-51
-64
-54
-45
-48
-37
-41
-33
-32
-49
-48
-36
-35
-38
-28
-27
-27
-34
-38
-28
-18
-9
-25
-32
-21
-31
-34
-29
-19
-1
-8
2
-4
-11
12
-2
1
9
2
4
8
20
13
24
26
26
39
14
10
3
-11
8
7
22
31
26
29
5
0
0
4
-1
-15
3
-11
-13
-6
-16
-8
-18
-15
-15
-13
-12
-31
-30
-28
-14
-15
-16
-3
-2
-4
-18
-8
-15
-20
-18
-36
-18
-13
-22
-20
-22
-12
-16
-13
-6
-17
-14
-14
-24
-26
-33
-38
-27
-20
-15
-14
-28
-31
-36
-36
-24
-23
-26
-23
-15
-20
-24
-24
-27
-20
-12
-7
-9
-22
-12
-10
-24
-25
-27
-23
-23
-35
-31
-37
-33
-27
-32
-15
-21
-20
-7
-21
-18
-20
-16
-20
-31
-8
-13
-20
-18
-26
-16
-9
-12
-11
-2
-9
-27
-23
-3
4
-7
-6
-2
1
-7
-11
-4
-5
4
-6
-15
-2
-5
-3
-2
5
4
-10
-4
-2
3
-5
-4
21
12
11
9
0
11
10
9
16
17
9
11
18
12
8
9
13
20
23
17
12
23
30
35
40
43
53
41
34
49
40
55
56
40
45
40
56
66
68
58
50
66
55
56
54
48
59
60
55
45
59
56
50
58
49
61
50
35
48
54
56
56
57
59
43
33
48
36
25
19
25
43
26
20
22
18
24
29
12
7
17
0
10
12
4
18
5
-3
9
13
6
1
12
5
3
9
3
8
4
6
11
8
8
2
4
8
8
5
-1
-13
-23
-19
-16
-4
7
-6
-9
-13
-26
-30
-32
-28
-24
-23
-12
-27
-35
-16
-20
-25
-37
-31
-30
-35
-23
-26
-8
-3
-9
0
-14
-27
-21
-12
-14
-14
-13
-9
-12
-25
-20
-21
-17
0
-5
-2
-6
-18
-13
-15
-16
-23
-24
-23
-24
-12
-16
-16
-8
-19
-12
-7
-21
-29
-35
-33
-25
-27
-21
-30
-31
-19
-35
-31
-20
-19
-25
-32
-35
-28
-17
-28
-22
-35
-44
-27
-39
-20
0
-10
-18
-17
-12
-30
-21
-9
-8
-7
-8
-1
4
-2
-17
2
5
-1
0
0
23
26
24
27
20
21
12
6
13
21
19
27
36
35
32
15
20
20
14
21
10
13
7
-1
17
15
9
4
-6
-11
-14
-10
-12
-6
-9
-21
-16
-11
-11
-7
-13
-12
1
3
0
-2
0
1
1
6
3
-2
0
9
8
-7
-5
-1
1
0
-12
-13
-3
1
0
7
-2
-24
-20
-23
-15
-4
-6
-9
-5
-8
-22
-10
-10
-2
-4
-23
4
2
-7
-2
1
11
7
12
9
20
21
1
5
3
7
25
16
7
13
5
8
17
13
18
18
11
7
10
10
5
11
23
28
21
31
46
31
19
15
14
11
11
20
17
20
18
19
31
29
36
28
24
25
17
25
24
18
15
16
8
2
5
2
7
-3
-7
-3
1
-1
-13
-18
-19
-21
-18
-7
-12
-22
-23
-12
-14
-33
-20
-18
-14
-6
-11
7
-1
2
2
-15
-2
-3
0
4
-8
-5
1
-1
-2
4
10
1
-9
-6
1
3
8
7
-4
8
10
-4
-4
-12
-11
-2
-6
-3
9
10
4
4
3
0
6
11
12
7
3
7
13
8
9
10
10
21
28
14
7
5
6
12
-1
-1
1
0
11
10
14
4
1
0
-3
1
-9
4
5
7
15
0
7
-1
-6
-1
8
14
-4
0
-3
-9
-9
-17
-9
-11
-17
-18
-19
-1
-8
-17
-13
-13
-8
-16
-16
-12
-21
-16
-22
-26
-29
-34
-25
-24
-24
-20
-14
-12
-27
-26
-22
-22
-17
-20
-20
-19
-12
-3
-5
-5
-3
4
5
6
6
6
21
7
8
12
8
18
15
31
27
15
26
12
11
15
15
26
11
-5
3
1
-8
-6
-4
-5
-5
-15
-19
-9
-17
-17
-11
-22
-15
-15
-29
-21
-15
-22
-23
-22
-24
-29
-22
-19
-18
-23
-32
-19
-19
-20
-17
-29
-24
-8
-14
-25
-25
-28
-24
-20
-16
-13
-20
-17
-10
-13
-8
-4
2
9
3
8
3
-1
3
4
7
-3
-2
2
-7
0
3
6
5
5
11
3
0
8
5
-2
3
0
-1
6
4
6
4
-4
-9
-5
-5
-9
-8
-11
-2
-3
-7
-1
-13
-17
-5
3
1
-1
-4
-4
6
-2
1
16
2
-3
5
2
1
-3
2
14
8
1
5
6
7
6
-1
0
-1
6
4
8
14
-1
-3
-2
-5
-2
-5
6
18
12
5
2
10
19
15
19
15
20
32
27
29
33
27
32
37
42
45
37
42
48
43
33
32
34
26
28
33
40
46
33
21
26
28
34
29
23
32
23
26
33
32
39
39
41
33
23
27
29
24
18
18
21
23
20
14
18
19
9
7
-4
-9
3
-7
-10
-15
-11
-2
-4
6
-5
-17
-11
-4
-13
-27
-23
-28
-26
-16
-19
-11
-8
-16
-14
-23
-35
-25
-16
-25
-20
-21
-27
-18
-29
-13
-5
-21
-12
-19
-11
-5
-19
-13
-18
-19
-20
-10
-11
-19
-11
-12
-9
-24
-27
-14
-30
-28
-21
-20
-15
-21
-29
-32
-29
-22
-18
-21
-30
-27
-21
-30
-33
-34
-35
-21
-23
-38
-37
-31
-34
-36
-27
-22
-32
-40
-35
-39
-36
-41
-48
-39
-49
-50
-47
-48
-42
-50
-51
-45
-50
-48
-40
-40
-42
-41
-34
-32
-31
-33
-28
-30
-30
-19
-23
-32
-25
-21
-20
-10
-12
-2
2
-8
-12
-14
0
-5
-15
-11
-19
-19
-11
-10
-6
-18
-24
-16
-20
-19
-16
-11
-15
-17
-16
-17
-12
-19
-17
-3
-11
-11
-4
-2
3
5
19
29
30
29
35
33
25
29
30
36
31
36
46
49
55
37
41
49
42
60
48
45
62
42
36
40
32
35
46
51
47
50
53
46
44
41
39
44
44
49
53
47
52
57
55
45
50
60
55
59
53
54
60
51
53
46
53
62
57
63
65
65
61
59
64
60
62
66
58
55
58
63
61
52
58
58
50
46
46
52
53
52
56
53
54
50
41
41
32
22
30
34
37
37
32
31
26
33
27
26
35
24
22
16
8
17
13
11
18
7
4
2
4
10
4
4
-2
-6
-1
-6
0
-5
-14
-9
-7
-1
-3
-12
-6
-8
-10
-5
-8
-12
-4
-9
-24
-17
-17
-25
-29
-41
-41
-30
-42
-50
-37
-39
-42
-50
-55
-59
-59
-52
-52
-47
-51
-56
-51
-54
-51
-52
-48
-48
-47
-42
-39
-31
-31
-34
-38
-38
-38
-30
-28
-38
-30
-28
-28
-22
-26
-31
-30
-23
-26
-32
-28
-32
-41
-45
-46
-46
-52
-43
-40
-43
-41
-48
-43
-39
-52
-53
-49
-54
-51
-43
-50
-61
-55
-50
-59
-63
-57
-55
-53
-56
-68
-70
-64
-57
-59
-58
-55
-61
-61
-62
-67
-64
-66
-66
-66
-64
-58
-58
-55
-65
-60
-51
-54
-49
-59
-61
-53
-50
-39
-40
-48
-40
-32
-27
-31
-37
-21
-15
-25
-14
-9
-17
-12
-9
0
-9
-21
-14
-7
2
-7
-14
-11
-15
-17
-15
-9
-10
-10
0
-6
-5
0
-6
-4
-5
0
7
10
26
31
27
23
25
41
43
50
56
55
67
68
68
70
74
73
72
79
77
73
73
70
67
66
68
64
62
60
69
77
56
59
53
41
52
49
53
46
42
53
49
63
60
47
59
65
76
73
68
71
72
85
83
80
81
74
81
82
86
91
87
84
80
76
77
78
67
52
49
56
63
59
52
49
47
50
45
41
33
28
23
26
28
17
17
5
2
21
11
11
8
5
16
13
16
1
-5
3
5
19
6
-9
-9
-13
2
3
-9
-15
-27
-18
-19
-33
-38
-44
-34
-40
-43
-29
-32
-42
-49
-45
-41
-43
-40
-35
-38
-32
-35
-41
-36
-28
-28
-37
-33
-22
-18
-9
-14
-25
-16
-6
-13
-12
-12
-9
-1
-9
-16
-15
-15
-16
-15
-18
-32
-27
-16
-22
-21
-19
-24
-34
-34
-27
-19
-13
-17
-22
-18
-17
-10
-2
1
13
7
8
26
17
10
12
24
32
30
30
28
31
24
19
21
17
31
31
21
25
18
16
17
12
14
16
15
9
10
8
6
7
3
0
1
6
3
2
3
-3
-9
-7
-3
4
-2
-5
2
-4
-5
-3
-17
-12
-8
-13
-13
-17
-22
-28
-24
-33
-34
-39
-52
-45
-50
-48
-50
-58
-63
-70
-64
-66
-70
-69
-79
-85
-80
-79
-94
-89
-78
-79
-74
-72
-72
-70
-74
-73
-75
-81
-82
-87
-91
-91
-98
-95
-93
-98
-97
-97
-84
-84
-86
-84
-88
-79
-79
-79
-78
-80
-77
-75
-71
-68
-70
-66
-54
-50
-47
-38
-33
-31
-26
-19
-7
-4
-3
6
5
8
12
13
19
21
25
31
26
34
42
39
37
43
51
40
42
45
50
48
42
46
45
53
58
56
56
50
52
58
68
70
63
68
74
74
77
83
82
72
75
90
94
93
94
87
95
99
91
97
93
86
82
81
83
75
76
73
65
69
65
68
66
61
69
61
58
54
51
60
59
51
51
48
50
53
55
62
61
53
54
57
54
49
55
58
51
43
44
40
33
42
40
27
25
25
28
34
28
22
17
6
11
15
10
11
8
1
-1
11
19
7
9
11
14
17
6
10
3
2
12
4
10
7
10
8
4
9
7
8
8
16
15
5
2
0
6
3
-2
-11
-19
-23
-28
-13
-5
-11
-7
-2
0
-1
-4
-5
-8
-4
3
7
-1
-4
2
-1
-1
0
-3
6
16
14
16
12
3
9
8
-3
-8
-5
7
19
14
12
10
-1
9
13
7
8
2
0
-14
-21
-15
-27
-30
-19
-16
-8
-9
-18
-9
-12
-21
-17
-24
-22
-21
-20
-27
-38
-27
-27
-27
-27
-36
-35
-34
-32
-39
-43
-32
-36
-45
-48
-60
-68
-56
-54
-65
-70
-68
-60
-56
-60
-77
-83
-77
-76
-81
-90
-92
-90
-92
-91
-82
-81
-88
-84
-80
-82
-71
-73
-85
-82
-77
-77
-82
-82
-86
-82
-74
-68
-62
-62
-65
-71
-64
-51
-49
-53
-56
-57
-66
-66
-64
-66
-67
-66
-50
-47
-46
-41
-43
-28
-21
-26
-23
-28
-33
-20
-13
-12
-7
-9
-2
9
12
17
16
16
12
21
25
27
42
39
41
41
41
40
34
33
36
47
48
43
45
44
44
50
53
48
44
37
35
40
37
43
43
43
53
61
71
69
77
76
66
73
58
59
75
73
76
73
70
64
63
66
53
41
44
44
56
59
55
55
39
52
51
33
31
20
25
28
32
40
37
43
41
43
49
43
41
40
42
51
43
39
38
41
51
46
50
48
43
55
54
47
39
35
38
35
37
37
44
46
37
39
35
32
40
42
33
35
49
39
35
38
22
19
20
15
13
20
19
13
18
21
27
28
25
24
19
19
13
8
18
10
4
7
5
9
9
13
7
-2
4
0
0
-8
-11
-2
-5
-6
-2
-5
-9
-18
-25
-26
-26
-27
-27
-14
-14
-5
5
-8
-9
-16
-22
-4
-14
-19
-12
-16
-9
-4
-2
-4
-8
2
3
-5
-7
-15
-10
-6
-17
-12
-10
-23
-23
-23
-24
-23
-27
-27
-14
-12
-19
-19
-25
-24
-18
-12
-7
-14
-12
-12
-12
-8
-10
-1
2
-8
4
13
0
2
-7
-15
-8
-20
-13
-1
-8
-8
-13
-7
-1
-2
-9
-28
-21
-10
-13
-14
-23
-27
-20
-15
-14
-21
-35
-28
-16
-10
-4
-10
-10
-10
-12
-6
-7
-13
-7
-7
-13
4
2
-3
-2
-12
-5
-8
-3
8
-4
-12
-12
-5
-4
-11
-15
-21
-12
-7
-10
-8
-12
-23
-14
-11
-22
-18
-25
-23
-4
-7
-15
-16
-27
-35
-27
-20
-21
-23
-23
-19
-11
0
-4
-18
-19
-22
-19
-11
-19
-26
-38
-35
-25
-22
-19
-27
-26
-21
-13
-7
-17
-24
-28
-31
-27
-23
-20
-30
-34
-19
-7
-2
-5
-15
-13
-6
0
-4
-17
-9
2
1
4
3
-3
-11
-3
6
4
7
7
3
4
8
11
10
-3
-5
3
6
13
-1
-16
-9
-3
0
13
16
3
3
-3
10
19
5
13
0
-2
19
21
23
21
28
39
28
24
25
23
30
30
28
23
27
29
20
28
23
18
22
16
23
30
36
25
18
21
7
16
16
3
2
-4
4
9
10
9
6
12
13
18
18
13
16
12
26
31
32
31
20
13
11
29
22
17
19
19
34
37
36
24
22
27
29
30
18
14
18
19
18
11
10
14
14
22
25
16
9
14
13
14
24
27
32
30
23
29
35
26
18
14
11
18
31
26
24
21
19
32
28
16
12
11
17
17
15
11
16
17
8
8
-1
2
8
5
8
4
5
-2
-8
-9
-13
-3
-5
-9
-8
-7
0
-5
-3
-9
-11
-1
-3
-6
-8
-8
-20
-31
-24
-24
-27
-20
-29
-29
-17
-22
-20
-22
-30
-34
-37
-25
-30
-47
-46
-35
-37
-42
-42
-57
-58
-44
-37
-35
-46
-39
-22
-22
-29
-34
-38
-43
-30
-28
-41
-34
-29
-35
-23
-21
-29
-19
-24
-33
-29
-31
-35
-36
-38
-36
-26
-27
-30
-31
-37
-34
-27
-27
-33
-38
-37
-34
-35
-30
-41
-44
-35
-35
-28
-28
-29
-34
-39
-34
-35
-33
-25
-35
-35
-33
-44
-34
-41
-45
-35
-39
-38
-42
-40
-39
-48
-45
-40
-39
-37
-40
-41
-48
-48
-42
-44
-42
-31
-35
-39
-26
-29
-37
-20
-20
-24
-14
-34
-37
-35
-37
-29
-28
-21
-21
-13
-18
-21
-11
-14
-12
-11
-7
-7
-9
-6
-10
-1
-4
-3
3
-8
2
0
-8
5
-4
-2
6
10
26
17
14
4
1
16
9
16
10
5
16
22
28
26
33
35
30
31
32
28
30
37
34
37
38
37
48
57
55
44
36
36
40
51
52
40
36
36
35
38
41
37
45
54
48
56
58
56
64
61
67
57
52
58
44
53
70
68
75
70
57
73
85
83
71
61
62
63
67
71
71
59
66
72
70
76
65
64
66
63
61
58
57
55
60
58
56
49
51
62
68
60
47
52
59
66
64
60
54
45
49
48
42
43
37
30
46
49
45
55
46
35
42
41
35
34
22
22
36
32
27
23
14
14
22
15
12
6
6
12
2
-1
-5
-9
-5
6
12
14
11
0
2
7
2
-2
-12
-15
-16
-19
-10
-14
-19
-11
-13
-11
-8
-22
-28
-26
-26
-27
-33
-38
-39
-33
-26
-37
-41
-38
-39
-41
-39
-38
-42
-37
-28
-31
-35
-43
-43
-37
-48
-43
-40
-47
-45
-55
-48
-41
-49
-39
-39
-49
-45
-43
-35
-38
-40
-50
-58
-39
-44
-54
-53
-52
-54
-62
-59
-53
-42
-43
-60
-61
-50
-34
-26
-47
-70
-66
-64
-60
-59
-76
-75
-74
-67
-57
-66
-67
-69
-61
-56
-64
-61
-64
-55
-52
-62
-60
-60
-62
-53
-54
-56
-48
-46
-48
-49
-45
-45
-36
-40
-57
-48
-44
-36
-42
-48
-44
-32
-19
-44
-40
-33
-35
-8
-15
-21
-18
-20
-13
-8
-2
-8
-10
4
-2
-6
-4
-9
-15
-16
-6
-3
7
6
-10
-4
10
12
1
-2
-3
0
13
7
6
-2
-8
8
14
7
4
3
10
24
20
18
22
23
23
16
15
22
23
29
26
17
18
24
24
17
9
8
5
9
28
29
17
18
10
8
22
20
17
15
18
17
15
22
21
21
24
25
25
33
37
31
26
36
38
38
43
36
40
38
41
35
24
40
39
27
27
21
34
54
47
31
26
35
42
42
43
20
13
29
37
49
50
33
20
36
38
46
48
30
29
33
43
52
44
40
41
35
44
45
39
35
23
37
37
27
24
20
22
31
42
38
25
21
26
23
19
19
6
3
5
15
24
14
15
21
21
23
28
21
17
22
17
16
10
13
5
0
4
-4
3
5
-4
-5
-2
-3
-7
-15
-10
-2
-7
-7
-9
-10
-8
-6
-1
-10
-23
-20
-13
-1
-8
-19
-21
-24
-14
-18
-16
-15
-17
-15
-19
-13
-15
-14
-16
-22
-11
1
-3
-14
-15
-18
-27
-18
-2
-5
-2
-5
-12
-4
1
-4
-19
-18
-9
-14
-14
-14
-20
-13
-11
-12
0
-4
-1
-9
-13
-3
-17
-12
-8
-24
-19
-5
-11
-14
-8
-4
2
3
1
0
-8
-1
8
7
9
2
-9
-1
4
-3
-3
-16
-13
-5
-1
7
-1
-5
-6
-1
13
12
7
0
-14
-8
-3
-18
-15
-13
-14
2
2
-3
-10
-12
-6
0
10
-4
-8
-10
-4
9
3
8
0
7
12
1
2
-8
-15
-13
-12
-7
-4
-7
-8
-7
-11
-8
-7
1
-1
2
8
-2
-8
-9
-15
-20
-7
-11
-16
-6
-4
0
-2
-7
-3
17
21
18
12
1
-14
-26
-11
-20
-27
-17
-18
-14
-11
-5
-8
-6
-2
0
-6
-15
-8
-20
-24
-25
-30
-23
-29
-18
-9
-2
2
7
16
4
1
6
0
0
-3
-13
-18
-16
-18
-5
12
5
-6
-4
6
13
11
-9
-20
-14
-7
6
-4
-15
-15
-7
12
11
11
6
1
6
15
15
12
4
-13
0
13
15
18
3
4
24
31
22
18
12
21
27
22
20
5
-7
-12
-6
2
5
10
2
14
32
32
38
18
-6
-1
8
7
0
-20
-25
-15
-8
3
-6
-2
9
12
16
1
-6
-5
-3
-7
-13
-9
-13
-9
-6
-5
-9
-12
-1
0
0
-6
-18
-16
-25
-23
-12
-19
-13
-19
-39
-26
-29
-26
-25
-35
-22
-26
-13
-6
-20
-15
-26
-38
-31
-28
-22
-16
-21
-25
-22
-15
-11
-13
-11
-9
-6
-4
-18
-28
-39
-38
-21
-15
-14
-22
-18
-21
-24
-18
-27
-40
-39
-22
-20
-27
-23
-23
-29
-26
-13
-10
-12
-17
-23
-12
1
-1
-7
-20
-29
-1
19
7
4
-14
-21
-9
4
14
4
-1
1
-2
15
19
5
8
1
1
12
10
11
-3
-8
-12
-14
-5
-10
-7
-5
-3
3
8
15
20
22
21
15
16
25
16
18
25
12
18
30
30
33
46
48
50
62
51
52
56
48
43
27
24
21
25
33
28
27
29
34
36
42
46
46
48
37
41
53
46
35
32
31
40
53
52
62
59
53
67
62
65
70
62
65
60
54
65
60
48
48
43
51
50
47
55
43
52
55
39
37
42
33
35
24
3
8
-2
9
14
3
16
13
21
24
9
11
15
4
2
11
0
-6
-6
-6
-1
2
9
2
1
-10
-12
2
-5
-10
-13
-16
-17
-19
-22
-25
-30
-35
-26
-24
-25
-27
-36
-49
-51
-40
-33
-24
-22
-29
-35
-42
-35
-37
-51
-54
-46
-48
-41
-31
-40
-35
-39
-30
-29
-43
-29
-31
-31
-41
-50
-50
-53
-38
-42
-36
-35
-43
-35
-28
-22
-22
-26
-33
-35
-39
-37
-30
-39
-50
-51
-57
-59
-46
-44
-45
-40
-35
-22
-26
-32
-35
-42
-34
-34
-42
-52
-51
-49
-40
-42
-34
-18
-24
-20
-14
-10
-12
-17
-18
-31
-36
-36
-36
-39
-32
-23
-19
-7
-7
-4
-12
-12
-7
-20
-23
-30
-24
-21
-30
-34
-28
-11
-11
-9
-7
-7
4
9
2
1
8
3
-5
-5
-10
-7
2
-2
-8
-1
2
20
22
20
24
12
17
16
8
9
4
-16
-28
-8
-3
6
18
8
8
10
16
23
20
13
18
20
19
24
12
8
12
21
29
29
34
36
39
39
34
26
30
40
43
54
56
52
49
44
51
45
43
45
43
49
56
55
62
64
58
70
69
72
77
68
66
57
53
55
61
70
72
78
85
91
90
92
91
87
91
86
89
88
84
78
68
70
71
73
75
74
73
75
88
99
96
84
74
67
72
74
64
60
46
45
48
47
56
48
47
58
55
48
40
40
37
35
31
15
12
8
5
8
7
24
28
15
12
4
4
-1
-12
-15
-25
-33
-36
-39
-35
-40
-37
-34
-36
-34
-41
-40
-42
-36
-41
-48
-49
-66
-59
-63
-72
-65
-79
-74
-59
-61
-53
-48
-53
-53
-60
-64
-76
-84
-74
-87
-90
-94
-105
-88
-79
-74
-68
-72
-67
-61
-64
-62
-61
-59
-64
-84
-92
-95
-92
-87
-85
-77
-61
-54
-50
-50
-55
-48
-44
-39
-40
-54
-55
-64
-65
-51
-53
-65
-54
-47
-49
-38
-32
-32
-29
-36
-47
-43
-48
-53
-50
-51
-36
-31
-40
-33
-30
-27
-3
-10
-7
6
-3
3
1
7
8
-4
-3
8
9
10
12
9
14
13
20
34
34
45
53
51
51
48
45
34
25
28
24
26
31
26
30
44
52
47
51
52
48
54
51
49
55
56
57
57
53
53
53
51
51
51
49
54
55
58
60
55
61
49
34
43
33
29
37
35
42
36
33
33
22
25
27
35
35
23
23
18
11
11
18
13
7
6
15
10
3
10
0
2
1
-2
9
-3
-7
1
-1
-3
3
-5
-11
-8
-9
-8
-16
-12
-14
-19
-5
-3
7
10
1
-5
-8
-7
-9
-14
-16
-17
-25
-22
-23
-25
-17
-17
-13
-12
-11
-8
-14
-16
-18
-14
-9
-8
-2
-7
-13
3
-5
-9
0
-18
-19
-8
-15
-12
-8
-10
-12
-19
-16
-13
-22
-28
-31
-33
-21
-18
-16
-10
-18
-20
-18
-17
-18
-25
-18
-18
-22
-24
-36
-30
-24
-28
-13
-6
-7
-10
-22
-16
-19
-28
-32
-41
-31
-31
-24
-16
-23
-23
-24
-15
-7
0
-6
-19
-24
-16
-11
-19
-16
-17
-16
-13
-14
-7
-11
-12
-10
-3
0
4
10
0
1
7
16
19
13
19
24
25
33
30
25
26
28
28
30
36
26
21
28
25
30
32
26
35
43
46
47
45
47
46
49
51
36
25
24
18
24
19
15
26
37
35
22
21
18
15
25
23
13
14
5
3
6
6
4
-1
1
1
6
12
-1
-18
-19
-17
-9
-4
-7
1
-6
-12
-4
-9
-16
-19
-29
-25
-13
-14
-8
-13
-20
-12
-19
-19
-28
-34
-21
-25
-26
-26
-20
-10
-17
-13
-4
-18
-18
-16
-26
-27
-25
-29
-28
-18
-12
0
9
0
-1
-3
-3
0
-2
-8
-12
-13
-12
1
10
10
6
9
11
8
12
9
3
-5
-5
-1
-12
-16
-10
-12
-18
-17
-20
-17
-6
-11
-4
0
-7
5
3
0
-1
-20
-27
-21
-25
-24
-18
-21
-12
-8
-17
-17
-6
6
5
0
-4
-9
-10
-16
-26
-24
-28
-33
-20
-13
-6
-3
-6
-4
-6
-2
6
11
10
-1
-2
-1
-3
-8
-7
-3
1
7
12
15
3
4
11
8
20
26
17
14
14
22
20
16
18
24
32
30
39
44
29
29
32
28
36
38
37
30
22
24
23
33
33
32
31
26
29
21
11
14
14
8
13
16
11
7
-1
5
14
15
32
34
23
33
33
23
25
21
11
13
4
4
9
-1
3
-3
-5
8
6
8
17
15
10
8
-2
-5
0
-12
-20
-9
-4
-2
-8
-13
-9
1
10
12
16
20
16
9
20
22
16
17
10
10
11
7
21
21
17
23
17
24
25
21
27
11
3
15
11
10
12
3
11
11
3
5
-1
-1
-4
0
13
12
16
25
18
22
30
19
18
10
-7
-15
-18
-17
-19
-21
-22
-18
-17
-9
-9
-11
-7
-13
-19
-24
-15
-19
-38
-47
-48
-51
-59
-55
-44
-36
-43
-38
-32
-30
-23
-34
-40
-32
-31
-42
-44
-27
-41
-65
-70
-69
-60
-55
-50
-49
-45
-36
-26
-28
-39
-36
-30
-30
-21
-21
-29
-29
-33
-35
-41
-44
-34
-29
-27
-12
-2
-6
-4
-4
-3
4
-1
-8
-8
-12
-19
-14
-12
-12
-7
-5
-1
2
5
16
18
9
10
17
18
14
12
8
3
7
11
5
8
12
15
19
12
15
17
23
21
16
19
15
22
32
19
13
7
1
7
6
10
10
7
22
18
16
33
31
22
22
16
16
25
26
14
9
10
9
19
23
19
24
27
38
38
40
45
33
36
39
42
48
44
35
33
34
33
42
46
46
52
56
56
58
64
60
53
53
51
45
50
41
23
26
33
36
38
33
34
42
45
36
35
44
37
39
44
34
29
30
26
27
31
28
29
28
21
16
13
16
13
12
11
5
-1
-7
-12
-23
-19
-17
-12
-17
-22
-17
-20
-13
-19
-30
-28
-37
-38
-36
-46
-47
-44
-45
-45
-41
-37
-38
-38
-34
-37
-30
-28
-42
-41
-47
-49
-45
-54
-57
-55
-48
-39
-41
-51
-57
-55
-61
-58
-48
-58
-57
-48
-48
-47
-44
-42
-51
-55
-46
-41
-41
-38
-34
-30
-37
-31
-28
-38
-40
-38
-25
-22
-26
-23
-32
-26
-16
-19
-17
-20
-19
-18
-25
-24
-19
-23
-29
-26
-23
-17
-13
-18
-19
-16
-10
-2
-3
-11
-5
10
1
-8
-6
-7
-1
-4
-7
-4
3
8
-2
-6
0
1
7
18
22
20
26
25
24
18
5
17
24
15
13
16
24
19
11
11
7
10
14
10
12
20
20
23
20
6
9
16
15
11
3
7
8
15
26
19
15
24
34
31
28
39
38
35
32
29
35
33
33
32
24
28
34
27
38
43
21
20
20
14
16
17
11
3
11
11
13
23
19
14
14
18
21
23
16
16
18
8
24
28
19
21
12
11
9
20
25
20
16
6
12
6
6
10
5
9
5
6
-3
6
19
4
7
10
10
9
7
17
14
3
5
4
-5
2
5
0
11
8
4
15
16
16
11
10
16
8
-2
-3
-3
-7
-11
-7
-13
-11
-3
-13
-10
-7
-5
-1
-3
-1
3
0
-5
5
0
-12
-1
-1
-12
-10
-9
-18
-16
-7
-10
-10
-8
-7
-7
-13
-20
-21
-17
-22
-32
-36
-28
-28
-30
-35
-37
-28
-30
-29
-26
-22
-11
-26
-27
-22
-34
-26
-25
-28
-16
-15
-24
-18
-15
-27
-26
-26
-25
-15
-14
-13
-9
-18
-24
-26
-17
-16
-23
-17
-14
-20
-24
-21
-27
-31
-19
-11
-22
-20
-10
-12
-4
1
-1
-3
-7
