0
0
-1
0
0
0
0
-1
0
0
0
0
0
0
0
0
0
0
0
0
0
0
-1
0
0
0
0
0
0
0
0
0
1
0
-1
0
0
0
0
0
0
0
0
0
0
0
0
0
0
0
0
0
0
0
-1
0
0
0
0
0
0
0
0
0
0
0
0
0
1
0
0
0
0
0
0
0
1
0
0
0
1
1
0
0
0
-1
1
1
0
0
0
0
0
0
0
1
0
0
0
1
0
0
0
0
0
-1
0
0
0
0
0
0
0
0
0
0
-1
-1
-1
0
0
0
0
-1
0
0
0
0
0
0
0
0
0
1
0
1
0
0
0
0
0
0
1
-1
0
1
-1
0
0
0
0
0
0
0
-1
0
0
0
-1
0
-1
0
0
0
0
0
-1
0
0
0
0
0
0
-1
0
0
0
0
0
0
0
0
-1
-1
0
0
0
0
0
1
0
0
0
0
0
-1
0
0
0
0
0
0
0
0
0
1
0
1
0
0
1
-1
1
0
0
0
-1
-1
0
0
0
-1
0
-1
0
0
0
-1
0
0
0
0
1
0
0
0
0
0
0
1
0
1
0
0
0
0
0
0
1
0
0
0
1
1
0
0
0
0
0
0
0
0
-1
1
0
0
0
0
0
0
0
1
0
0
-1
0
0
0
-1
-1
0
0
1
0
-1
0
0
0
0
0
0
-1
-1
0
0
-1
1
0
1
0
0
0
0
0
0
1
0
0
0
-1
0
0
0
0
0
1
-1
0
0
0
0
0
0
0
0
0
1
0
0
0
0
0
0
-1
0
0
-1
0
0
-1
0
0
0
0
0
0
0
0
1
0
0
-1
1
0
0
-1
-1
0
0
0
1
-1
0
0
0
-1
1
0
0
0
1
-1
0
0
0
0
0
0
0
0
0
0
0
-1
0
0
0
0
0
0
0
0
0
0
1
-1
0
0
-1
1
0
0
0
0
0
0
0
0
0
0
0
0
0
0
-1
0
0
0
0
0
0
0
-1
0
0
0
-1
0
0
-1
-1
0
0
0
0
0
1
1
-1
0
-1
0
0
0
0
0
0
0
0
1
0
0
0
0
-1
1
0
0
1
0
0
0
0
0
1
1
0
0
0
0
0
-1
0
-1
1
0
1
0
0
1
0
0
1
0
0
0
1
-1
-1
1
0
0
0
-1
0
0
1
0
0
0
0
0
0
-1
0
0
0
-1
0
0
1
1
-1
0
0
0
0
0
0
0
0
0
-1
1
0
0
1
0
0
0
0
1
-1
0
0
0
0
-1
1
0
0
-1
0
0
0
0
0
-1
0
-1
1
0
0
1
0
0
0
0
0
0
0
0
-1
0
0
0
1
0
1
0
0
0
0
-1
0
0
1
1
0
0
0
-1
-1
0
0
0
-1
0
0
1
0
1
0
0
1
0
0
1
0
0
0
0
0
0
0
0
0
0
0
-1
1
0
0
0
0
0
0
0
0
0
0
-1
0
-1
0
0
0
0
0
-1
0
0
0
1
0
0
0
0
0
0
0
0
0
-1
1
1
-1
0
0
0
0
0
0
0
0
0
0
0
0
0
-1
0
0
0
0
0
0
0
0
-1
0
0
0
0
-1
0
-1
0
0
0
0
0
-1
0
0
-1
0
0
0
1
0
0
0
0
0
0
1
0
0
0
0
0
1
0
0
0
1
1
0
0
0
0
0
0
0
0
1
1
1
0
0
-1
0
0
0
-1
-1
0
0
0
0
0
0
0
0
0
0
0
0
0
0
0
0
0
0
0
0
0
1
1
1
0
-1
0
0
0
0
0
0
1
-1
-1
0
0
0
0
0
1
0
-1
0
0
0
0
0
0
0
0
-1
0
0
0
0
1
0
0
0
0
0
-1
1
1
0
0
0
0
1
0
0
0
0
0
0
0
0
0
0
0
0
1
0
0
0
0
0
0
1
0
0
0
0
0
0
0
0
0
0
1
0
-1
0
0
0
0
-1
0
0
0
0
0
0
-1
0
0
-1
0
0
0
-1
1
0
0
0
0
0
0
0
0
0
0
0
0
0
-1
0
-1
0
0
0
0
0
0
0
0
0
1
0
0
0
0
0
0
0
0
0
0
0
1
0
0
0
0
0
0
0
0
0
-1
0
0
1
0
0
0
0
0
0
0
1
0
0
0
0
0
0
-1
0
1
0
0
0
0
0
0
0
0
-1
0
0
0
0
0
0
0
0
1
0
-1
0
1
0
0
-1
0
0
0
0
-1
0
0
0
0
1
0
0
0
0
0
0
0
0
-1
0
0
0
0
0
0
0
0
0
1
0
0
0
0
0
1
0
0
1
0
1
-1
0
0
0
0
0
0
0
0
-1
0
-1
-1
0
0
0
0
0
0
0
0
0
0
-1
0
-1
0
0
0
0
0
0
-1
0
0
0
0
0
0
0
0
0
0
0
0
0
0
0
0
0
1
1
0
-1
0
0
0
0
0
0
0
0
0
0
0
0
0
0
0
0
1
0
0
0
0
0
1
0
0
0
0
0
0
0
-1
-1
0
0
0
0
0
-1
-1
0
0
0
-1
1
0
0
-1
0
0
0
0
0
0
0
0
0
0
0
0
0
0
0
0
1
0
0
-1
0
0
0
0
0
0
1
0
0
-1
-1
0
0
0
0
-1
0
0
0
0
0
1
0
0
1
0
1
0
0
0
0
0
0
-1
0
0
0
0
0
0
1
0
0
0
0
0
0
-1
-1
0
-1
0
0
0
0
0
0
0
0
0
0
0
0
0
0
-1
0
0
0
0
1
0
0
0
0
0
0
0
0
0
0
-1
1
-1
0
0
0
0
0
0
0
0
1
0
1
0
0
0
1
-1
0
0
0
0
0
0
0
0
0
0
-1
0
0
0
0
1
1
0
1
0
0
0
0
0
0
0
0
0
0
-1
-1
-1
-1
0
0
0
0
0
-1
0
0
0
0
0
-1
0
-1
0
1
0
0
1
0
0
-1
0
-1
0
0
0
-1
0
1
-1
0
0
0
0
-1
0
1
0
-1
1
1
0
1
-1
0
0
1
0
0
-1
1
0
0
1
0
0
0
0
1
0
0
0
0
1
0
-1
0
-1
0
1
0
1
-1
0
1
0
0
0
0
0
-1
0
0
0
0
0
0
0
0
0
0
-1
0
1
0
1
0
-1
0
0
1
0
0
0
0
0
0
-1
0
-1
0
0
0
0
0
0
0
1
0
1
0
0
0
0
0
-1
0
0
0
0
0
-1
0
0
0
0
0
0
1
0
0
0
0
1
0
0
0
0
0
0
0
0
0
-1
0
1
0
0
0
0
0
0
0
0
0
0
0
0
0
0
0
-1
1
0
0
0
-1
0
0
0
1
0
0
0
-1
0
0
0
0
1
1
0
1
0
0
-1
0
-1
0
0
0
0
0
0
0
0
0
0
0
0
0
1
0
0
0
0
0
0
0
0
0
0
0
0
0
0
0
0
0
0
1
0
0
0
1
0
0
0
0
0
0
0
0
1
1
0
0
1
0
0
0
0
0
1
0
0
-1
1
0
-1
-1
0
0
0
0
0
1
0
1
0
0
0
1
0
-1
0
-1
0
0
-1
0
0
0
-1
0
0
0
0
0
0
0
0
1
-1
0
0
0
0
-1
0
0
0
0
0
1
0
0
0
0
0
0
0
0
1
1
0
0
0
0
0
0
0
0
0
1
0
-1
0
0
0
0
0
0
0
0
0
0
1
0
1
0
1
0
0
0
0
0
0
0
0
0
0
0
0
-1
0
0
0
-1
0
-1
0
0
0
0
0
0
0
0
1
-1
-1
-1
-2
-1
0
1
1
1
0
1
1
0
0
0
0
0
1
1
0
1
1
1
1
0
1
1
0
1
1
0
0
0
0
0
-1
0
-1
0
-1
0
-1
-1
-1
0
0
-1
-1
-1
0
-1
-1
-1
-1
-1
-1
-1
-1
-1
-1
0
-1
-1
0
0
-1
0
-1
-1
-1
-1
0
0
1
1
0
0
1
-1
1
1
1
0
0
1
1
1
1
1
1
1
1
0
1
1
1
1
1
1
1
1
1
1
1
1
1
1
1
0
0
0
1
0
0
1
1
1
1
0
0
0
0
0
0
-1
0
-1
-1
-1
-1
-1
-1
0
-1
-1
-1
0
-1
-1
0
0
-1
-1
-1
0
0
-1
0
-1
-1
0
0
0
0
-1
-1
0
0
0
0
0
0
-1
0
0
-1
-1
0
0
-1
-1
0
0
0
-1
0
-1
-1
-1
0
0
0
0
-1
-1
-1
0
0
0
0
0
0
0
0
0
1
0
0
0
1
0
1
0
0
0
0
0
1
1
1
0
0
0
1
1
1
1
1
1
1
0
1
0
0
1
0
1
1
1
0
1
0
0
0
0
0
1
0
0
1
0
0
0
0
0
0
0
0
0
0
1
0
0
0
0
1
1
0
0
1
0
1
0
0
0
0
0
1
1
0
1
0
0
0
0
0
0
0
-1
0
0
0
0
0
0
1
-1
-1
-1
0
-2
-3
-1
-1
-1
0
-1
-1
-1
-1
-2
-1
-2
-2
-2
-1
-2
-2
-2
-2
-2
-3
-2
-2
-2
-2
-3
-3
-3
-3
-4
-3
-2
-2
-3
-2
-2
-3
-2
-4
-2
-2
-2
-4
-3
-4
-3
-2
-2
0
0
0
-2
-1
0
0
3
5
6
6
7
4
5
3
4
4
5
9
5
9
8
6
8
11
13
11
12
13
11
10
9
7
10
6
6
5
6
4
4
6
6
11
12
13
12
5
1
0
-3
-4
-9
1
-3
4
5
5
2
-4
-7
-11
-11
-15
-7
-6
-2
-7
-11
-13
-23
-30
-25
-22
-20
-20
-23
-23
-29
-27
-23
-27
-31
-27
-25
-32
-33
-37
-41
-41
-38
-33
-37
-27
-22
-16
-17
-22
-20
-13
-16
-8
-10
-2
4
-1
-2
-1
11
4
26
28
43
53
52
61
51
77
79
71
104
67
67
69
52
50
35
64
69
87
80
90
76
51
53
47
49
59
46
61
32
46
23
9
-5
-3
-5
-12
5
-9
-4
-17
2
-24
-20
-22
-55
-59
-77
-63
-69
-76
-72
-64
-76
-93
-81
-85
-101
-91
-99
-95
-99
-94
-103
-120
-102
-81
-91
-92
-69
-77
-91
-99
-59
-70
-47
-41
-22
-19
-34
-17
-6
-4
2
28
49
56
50
84
74
54
77
67
105
104
124
121
121
111
109
112
124
137
127
139
120
112
80
91
102
92
94
93
69
54
35
23
10
21
-1
-2
-2
-7
-4
-20
-20
-18
-40
-61
-79
-79
-108
-101
-93
-108
-122
-123
-141
-141
-139
-113
-104
-120
-100
-118
-83
-124
-105
-99
-101
-55
-58
-43
-55
-47
-48
-50
-29
-11
-9
20
49
47
63
81
70
60
46
47
71
59
93
108
113
97
98
107
58
76
105
94
101
127
105
94
76
77
75
68
68
51
39
27
23
28
34
7
15
7
3
19
13
15
14
4
-16
-20
-42
-49
-63
-43
-40
-44
-16
-26
-4
-23
-1
-13
-14
-18
-16
-25
-25
-20
-50
-54
-62
-40
-51
-32
-47
-28
-26
-57
-48
-60
-61
-58
-58
-75
-69
-84
-74
-90
-74
-82
-89
-83
-89
-68
-70
-67
-56
-50
-61
-46
-53
-40
-35
-37
-36
-45
-25
-21
-8
-6
4
20
20
30
35
39
69
80
76
72
71
74
81
84
92
96
93
96
81
103
106
118
120
116
111
106
101
79
99
82
90
77
74
60
41
50
33
69
35
49
24
22
17
12
18
7
24
-6
1
-20
-24
-23
-24
-28
-37
-33
-40
-51
-61
-47
-47
-56
-75
-61
-79
-79
-87
-72
-75
-75
-84
-77
-90
-102
-87
-110
-79
-85
-76
-53
-39
-32
-34
-30
-54
-34
-31
-32
-16
-1
17
19
17
-11
-19
-37
-30
-36
-14
2
-4
2
2
9
-7
-2
0
0
21
19
32
37
18
27
29
32
28
42
38
37
62
55
67
57
48
58
45
76
76
47
60
68
59
56
68
58
59
63
75
89
85
91
84
62
42
26
34
-6
-6
-4
-13
14
-13
-30
-46
-56
-45
-30
-2
-10
-20
-38
-60
-89
-101
-105
-101
-76
-76
-33
-55
-59
-78
-102
-106
-98
-79
-60
-42
-59
-47
-62
-45
-32
-12
-4
6
31
12
-9
-12
-29
-26
-35
-16
-20
-22
-2
-24
7
4
12
31
21
26
24
26
36
42
53
58
62
73
53
69
61
58
56
80
76
74
71
76
82
100
103
95
118
78
76
43
40
25
23
33
23
31
20
20
-1
-4
-23
-16
-46
-38
-47
-39
-37
-38
-63
-74
-100
-132
-119
-127
-101
-95
-73
-76
-69
-82
-98
-94
-104
-77
-75
-49
-47
-29
1
-33
-12
-21
-17
-28
0
-9
-2
12
7
28
27
56
39
35
32
40
24
22
20
30
30
47
30
29
44
24
31
32
40
63
60
58
42
37
24
13
32
40
45
40
49
33
24
33
20
11
29
25
45
31
49
32
36
32
33
25
6
6
5
5
-12
0
-9
11
2
14
0
0
-4
-35
-37
-43
-47
-60
-54
-51
-66
-48
-48
-47
-46
-76
-48
-66
-42
-53
-54
-39
-26
-39
-58
-49
-61
-60
-65
-44
-26
-5
4
1
-11
-9
-8
7
-5
3
-6
-20
-27
-25
-6
2
8
11
9
-3
8
16
25
22
34
30
30
32
28
46
54
55
80
53
44
40
26
46
54
74
76
70
84
78
60
56
43
50
37
54
67
69
80
75
50
27
24
4
-2
3
7
30
8
4
-10
-45
-70
-64
-59
-42
-12
-5
-5
-17
-29
-45
-54
-79
-56
-58
-53
-50
-57
-70
-68
-72
-53
-34
-47
-31
-26
-66
-82
-76
-79
-69
-50
-29
-18
-19
-28
-59
-59
-67
-56
-47
-44
-35
-6
-6
-39
-18
-32
-35
-26
12
10
20
24
21
8
4
25
23
18
23
39
34
59
47
57
43
71
81
74
91
73
77
70
77
67
93
87
84
100
66
63
52
48
54
38
71
71
47
23
7
10
2
11
18
20
6
14
-4
-15
-6
3
17
12
-4
13
-21
-25
-38
-41
-40
-35
-34
-46
-42
-69
-69
-69
-63
-56
-60
-74
-91
-87
-120
-110
-119
-105
-91
-91
-76
-87
-79
-74
-61
-40
-35
-24
-13
-22
-43
-15
-12
8
17
30
32
35
29
23
40
67
81
88
93
85
76
69
54
63
56
65
65
84
78
75
89
100
98
106
86
77
77
72
87
86
91
86
67
29
35
-20
-22
-51
-18
-11
-12
-9
-15
-22
-46
-39
-56
-56
-72
-71
-87
-83
-122
-123
-119
-143
-130
-111
-109
-104
-106
-98
-89
-95
-103
-100
-96
-89
-88
-70
-67
-78
-61
-71
-56
-50
-42
-25
10
51
73
88
78
74
39
42
42
64
97
130
150
143
138
91
75
66
65
86
118
127
137
121
109
107
84
86
73
80
78
80
78
51
34
25
7
-7
19
23
12
36
10
-4
-20
-20
-50
-55
-69
-63
-66
-63
-69
-75
-60
-92
-69
-77
-70
-67
-72
-68
-55
-55
-46
-53
-47
-39
-55
-51
-60
-56
-80
-55
-57
-30
-43
-26
-25
-40
-23
-17
-17
-37
-13
-16
-22
-18
-21
-7
29
47
42
49
28
22
-7
-8
-4
-13
5
12
9
13
55
46
58
74
76
82
75
53
30
46
23
33
29
44
46
46
30
50
32
20
18
20
14
8
12
9
-24
-34
-7
-24
-1
-13
15
-5
-14
-11
-20
-13
-5
0
-17
-20
-25
-20
-17
4
-17
5
1
-12
1
-22
-13
-29
-22
-28
-33
-42
-14
-6
-16
10
-4
-12
-27
-32
-32
-44
-2
9
15
16
-5
-19
-37
-49
-46
-29
-18
13
1
11
1
-12
-18
-17
5
-5
22
13
24
4
8
12
-17
29
47
46
35
68
29
41
16
21
31
35
41
16
51
15
37
10
-14
-8
-10
10
17
9
14
17
6
7
-13
-16
-31
-14
-20
10
7
14
2
-7
-11
-11
17
-3
25
12
33
22
-4
-22
-32
-44
-46
-19
-22
-14
-12
-4
-11
-6
2
-3
-13
8
10
-12
-5
-36
-40
-56
-42
-32
-36
-24
-10
-9
-6
1
-20
-36
-27
-33
-47
-37
-24
-40
-43
-39
-28
-49
-16
-4
-17
7
-7
7
-1
24
17
16
20
10
10
15
23
30
40
54
89
93
72
70
51
66
66
53
73
77
81
78
91
69
69
67
79
66
82
71
39
32
26
3
9
18
0
-15
-10
-2
-12
15
-14
-28
-27
-23
-42
-67
-75
-76
-63
-82
-49
-57
-70
-80
-90
-86
-93
-79
-78
-63
-81
-69
-75
-97
-119
-117
-113
-94
-68
-80
-58
-65
-37
-37
-16
-35
-28
-4
-15
13
12
23
26
2
1
23
15
35
80
90
98
89
95
58
34
55
63
68
87
78
70
85
82
79
73
77
97
85
79
68
63
61
41
57
23
33
10
13
-1
-15
-9
4
-5
16
8
-23
8
-52
-38
-37
-55
-66
-61
-58
-62
-55
-54
-42
-35
-25
-32
-50
-53
-63
-62
-58
-62
-65
-63
-43
-34
-32
-29
-17
-26
-48
-52
-48
-31
-22
-1
-2
-5
6
4
15
17
21
30
52
53
76
56
68
45
47
52
46
69
60
69
53
60
70
61
56
36
47
46
41
43
28
15
15
25
5
19
5
15
4
-4
2
-19
-26
-27
-24
-47
-47
-36
-46
-38
-12
-27
-36
-31
-23
-26
-46
-18
-27
-37
-27
-35
-62
-86
-81
-77
-70
-49
-38
-36
-34
-45
-34
-18
-12
-13
-20
-41
-23
-30
-25
-26
-8
-5
-11
-22
-24
-23
-16
2
20
58
73
77
80
66
56
49
33
37
32
32
45
48
49
59
78
79
77
58
76
62
40
56
40
34
28
4
15
13
18
8
40
42
29
30
18
14
-14
-5
-19
-28
-37
-48
-50
-59
-40
-36
-33
-44
-43
-48
-50
-25
-30
-8
-12
-6
-23
-26
-43
-41
-25
-14
-11
-16
-6
-27
-26
-40
-14
-7
-2
-6
-8
12
1
-3
-32
-51
-28
-25
-15
8
-9
-1
-32
-31
-28
-16
-10
19
31
27
29
19
1
-25
-27
-32
-23
-2
13
30
9
26
37
30
17
10
27
10
19
-6
5
-10
-44
-28
3
-15
-7
-13
-23
-49
-48
-30
0
16
8
20
10
7
-19
-19
14
20
35
59
22
21
17
5
17
7
32
53
65
53
65
69
37
31
51
49
47
51
86
68
59
62
33
16
23
42
43
61
41
40
24
17
8
32
5
2
19
-24
-29
-56
-61
-56
-72
-64
-45
-33
-38
-41
-52
-82
-76
-75
-69
-95
-82
-87
-96
-98
-97
-76
-82
-63
-67
-67
-78
-76
-80
-64
-48
-34
-25
-24
-9
-23
-25
-29
-11
10
14
16
34
49
24
39
67
65
68
94
115
91
99
57
77
67
81
102
97
116
73
92
63
72
54
79
91
87
86
45
44
-6
-20
-17
-22
-2
-12
-13
-28
-34
-46
-51
-51
-34
-16
-40
-28
-49
-81
-82
-73
-83
-82
-61
-51
-67
-72
-78
-79
-62
-44
-18
0
8
7
-6
-37
-24
-30
-15
-14
18
30
28
20
3
18
8
31
62
43
47
43
29
59
32
33
19
43
54
51
44
34
43
30
26
34
62
54
48
48
38
6
3
29
8
-10
-9
16
-3
-26
7
-5
4
-19
-15
-3
-4
-17
-22
-10
-2
3
-20
-15
-51
-67
-50
-59
-82
-91
-75
-76
-43
-50
-46
-42
-52
-65
-48
-26
-24
-13
-22
-25
-41
-19
-39
-48
-44
-67
-59
-28
-14
-9
25
33
1
-9
-3
2
0
26
20
15
17
-2
-3
10
56
74
63
68
36
26
7
26
44
60
89
108
80
43
31
24
23
30
48
70
83
75
63
59
41
39
7
31
48
40
67
51
46
6
11
15
-14
-17
5
-7
-2
17
16
8
-8
-18
-36
-69
-70
-60
-60
-32
-17
-28
-27
-36
-32
-22
-18
-3
-19
-18
-38
-45
-45
-68
-93
-102
-66
-20
-7
14
-5
-31
-47
-43
-46
-61
-33
-32
-22
-10
-38
-58
-84
-79
-88
-28
-20
1
23
7
11
-15
-15
-32
-30
-22
-2
19
30
49
41
32
6
-4
18
36
82
106
85
81
70
73
52
19
26
58
59
68
55
60
51
29
53
48
61
67
55
52
54
25
33
16
5
-6
2
16
16
3
-16
-8
-33
-43
-43
-22
-26
-7
9
-6
6
-14
-10
-39
-40
-59
-47
-81
-67
-50
-26
-3
-10
6
-24
-13
-40
-28
-43
-29
-43
-47
-50
-36
-24
-51
-28
-32
-37
-39
-3
6
21
19
31
24
-7
12
-5
-7
-15
6
12
-4
19
6
0
-11
-11
-4
-19
-9
27
47
40
30
24
-5
-23
-5
0
16
31
54
4
-29
-31
-40
-43
15
23
17
40
39
17
25
37
29
19
3
-17
-26
-18
-36
2
14
35
54
49
66
52
49
26
10
9
5
-17
-4
-4
-34
-44
-8
18
23
21
29
12
-41
-46
-20
25
31
61
49
14
-27
-57
-52
-37
3
15
15
26
-5
3
5
-1
-5
22
21
-20
-9
5
21
-18
-1
-2
-40
-7
10
3
17
41
8
-8
0
-46
-53
-8
10
2
-13
9
-13
-20
-10
-10
14
11
12
-7
-26
-20
-16
-40
-26
-43
-39
-28
-10
11
-24
-35
-24
-46
-56
-30
-34
-37
-46
0
-2
6
-33
-81
-61
-81
-72
-61
-40
-45
-41
-20
-19
-20
-20
-27
-35
5
6
0
-3
-9
-25
-27
9
8
52
51
44
69
82
81
74
104
103
97
110
107
92
107
78
86
81
64
91
91
77
85
90
69
52
81
77
61
62
48
44
35
19
-7
-9
-16
10
-3
21
7
-19
-11
0
-20
-18
-41
-35
-35
-25
-30
-72
-80
-83
-85
-80
-82
-101
-66
-73
-66
-65
-63
-69
-82
-76
-78
-37
-11
-41
-82
-103
-102
-111
-114
-89
-69
-30
14
10
5
-16
-21
3
-6
2
10
7
3
3
-6
9
-5
11
28
65
80
81
74
44
43
38
31
27
33
37
44
26
28
25
-1
0
-14
-2
37
25
14
19
-2
-19
-34
-29
8
3
20
57
5
-16
-8
-24
-35
-28
0
-16
-18
-1
16
-1
3
22
24
-4
0
21
29
14
1
19
15
14
8
15
-3
-14
21
22
34
46
42
77
74
66
62
31
38
40
3
-9
11
21
6
24
50
26
42
13
4
-23
-33
-4
7
-14
1
18
-5
0
-13
-3
-19
-17
-19
-13
-23
-35
-38
-46
-34
-20
-12
-52
-40
-39
-26
-24
-29
-46
-32
-36
-63
-35
-5
-22
-29
-16
-28
-35
-37
-53
-38
-25
-9
-8
7
-11
-30
-34
-35
-12
-14
2
7
-10
-4
-1
-9
-2
-30
-14
-3
7
3
9
-11
-20
-23
-9
1
18
37
27
21
30
40
23
21
10
2
-11
16
-7
-36
-19
-20
-14
17
42
6
-7
-29
-28
-15
-10
24
26
44
43
28
-10
-23
2
1
31
41
50
52
41
44
38
40
48
83
95
78
88
83
76
90
52
47
50
42
74
87
62
68
88
29
43
22
4
-14
-20
-1
16
12
-2
-14
-54
-63
-37
-28
-44
-35
-59
-37
-47
-70
-90
-104
-118
-104
-79
-60
-34
-42
-73
-81
-85
-113
-46
-54
-39
-14
-19
-10
-40
-53
-56
-68
-40
-35
-25
-35
-7
-10
-44
-66
-45
-48
-3
16
27
6
-20
-54
-75
-61
-61
4
14
31
28
50
1
-32
-18
3
19
6
32
23
-2
41
48
46
44
46
49
60
51
65
82
82
94
80
88
113
100
130
129
82
44
-16
15
52
90
91
99
106
61
29
19
41
19
22
32
29
2
-7
2
-28
-19
-43
-43
-39
-61
-88
-31
-15
-25
-20
-31
-58
-57
-49
-63
-32
-51
-36
-49
-69
-98
-93
-81
-42
-16
17
6
8
14
0
6
-7
-3
-35
-19
-11
-2
8
-5
-20
-17
-25
8
32
46
49
25
33
12
-15
-24
-10
-25
-29
8
16
34
-1
-9
-24
-59
-40
-39
-1
-2
-10
-4
-33
-42
-30
-44
-44
-20
-26
-33
-36
-32
-46
-42
-6
-3
9
29
-13
-3
-1
-24
-6
1
-12
-13
-8
-26
-20
19
19
16
26
48
44
32
39
30
32
26
60
58
68
52
15
-1
17
11
23
49
85
91
59
61
45
17
-1
29
17
20
43
45
13
-4
-23
-20
16
21
48
52
37
9
-1
-17
-11
-26
6
34
32
3
-24
-35
-48
-33
11
24
18
32
8
-18
-42
-44
-30
-32
-3
16
13
-3
-21
-30
-28
-42
-56
-59
-52
-34
-8
-16
-52
-76
-75
-75
-74
-35
-17
-4
-13
-31
-43
-34
-33
-53
-19
-5
-34
-33
-18
18
21
40
64
31
12
12
30
10
1
36
4
-20
-20
20
48
53
72
64
43
42
36
23
27
38
22
35
31
-14
-13
-5
-4
-4
-11
-3
8
25
19
-7
-20
-45
-32
2
26
38
12
-22
-53
-59
-40
-43
-41
-37
5
25
38
30
-5
-22
-38
-49
-21
-14
-34
-35
-26
-35
-4
-27
-17
-22
-24
9
41
71
64
56
37
-6
-35
-12
-7
16
23
56
38
55
41
24
22
5
7
-4
39
59
43
36
-8
-21
-34
-19
16
18
15
7
44
17
-12
-22
-12
-17
14
23
9
11
16
-21
-42
-59
-59
-36
-35
-34
-31
0
4
-32
-66
-33
-39
-2
40
40
10
2
-3
-20
-22
-39
15
39
28
24
52
39
3
-15
-22
2
25
43
41
34
-14
0
-10
-35
16
48
84
72
55
7
-36
-52
-38
-12
11
40
62
76
18
-14
-43
-43
-43
-22
-2
25
23
25
-12
-47
-12
-1
-58
-39
-22
-36
-40
-20
16
7
5
-46
-27
-45
-89
-93
-53
-27
-32
1
25
-11
10
-4
-19
-42
-59
-44
-53
-17
1
22
-19
-44
-58
-17
9
43
51
46
14
22
47
38
23
-17
-10
-20
28
33
43
39
-13
-9
-29
20
46
72
112
113
62
25
4
-36
-7
23
69
95
99
69
10
-20
-16
-18
16
42
50
29
24
1
-25
-5
3
11
19
27
16
17
-47
-89
-100
-95
-54
-20
12
4
9
4
-22
-61
-66
-87
-49
-22
-25
-2
-20
-17
-43
-13
-20
-48
-41
-62
-30
3
43
39
-4
-6
-27
-28
-35
-42
-44
-30
26
40
38
44
-10
-23
-21
-12
7
16
51
55
65
57
23
-29
-39
-5
10
69
82
101
39
35
25
11
32
17
40
46
47
46
35
40
23
-5
30
37
39
43
1
-34
-49
-51
2
30
35
29
5
-27
-37
-55
-34
-32
-40
-21
-33
-62
-32
-40
-42
-28
3
-15
-34
-39
-53
-30
-39
-42
-24
-11
-1
4
-20
-40
-40
-50
-45
3
51
48
23
10
-30
-49
-65
-47
-60
-31
19
29
51
23
-1
-55
-93
-32
41
40
68
82
56
4
-25
-32
-31
1
19
67
55
46
40
17
36
39
28
48
44
39
23
31
30
17
15
5
3
20
16
42
50
8
-2
1
31
-9
-17
11
2
-17
0
24
14
-12
-19
-6
-13
1
22
-14
18
-13
-17
-12
-10
2
-6
-9
2
23
25
0
-37
-59
-46
-10
-24
4
3
-4
25
-4
8
-37
-76
-59
-61
-56
-34
-4
-64
-93
-98
-92
-89
-49
-15
10
33
-10
-13
-55
-65
-47
-9
37
22
24
18
-17
-40
-65
-5
33
78
121
128
104
23
19
8
33
27
53
56
71
36
41
27
25
81
125
131
99
80
5
-16
-25
-14
9
66
52
57
34
11
-48
-43
-60
-4
39
9
19
22
-46
-61
-39
-67
-74
-73
-48
-37
-48
-42
-12
-46
-80
-80
-45
-50
-21
0
-8
-22
-64
-71
-76
-47
3
21
43
29
-41
-45
-62
-58
-18
21
22
53
73
71
37
-10
-24
-28
18
65
65
46
46
38
-9
-14
-16
-4
-12
17
43
19
65
39
19
-13
-42
-34
-50
-30
-31
28
37
23
44
3
0
-40
-36
14
40
48
67
44
16
16
-17
1
-7
-21
22
31
61
48
17
-48
-30
-36
-5
35
37
105
77
5
-52
-79
-78
-59
-2
27
35
42
10
-17
-48
-53
-48
-49
8
-19
-5
-35
-42
-31
-100
-69
-22
0
6
33
16
-22
-40
-45
-68
-61
-30
28
50
15
30
-15
-34
-60
-35
18
34
95
123
54
-1
18
-48
-69
-2
-5
37
47
78
69
23
32
9
8
7
20
34
49
34
39
27
37
17
46
22
27
24
22
18
-5
7
28
57
52
14
-9
-56
-98
-82
-13
30
26
3
25
-11
-42
-74
-71
-55
-48
2
-5
-27
-70
-83
-94
-52
-13
4
-39
-58
-42
-44
-54
-56
-22
-32
-26
-7
-10
-57
-39
-25
-48
-15
16
45
25
52
35
26
52
36
56
57
86
70
56
48
74
50
48
65
71
41
8
9
7
39
15
42
74
56
31
-32
-48
-37
-66
-12
22
49
17
9
-22
-39
-74
-29
-13
-14
-41
-65
-29
-20
25
-4
25
-33
-33
-14
0
-11
-32
-23
-44
-32
-34
-29
5
-19
-8
-4
-44
-49
-37
-42
-33
9
55
30
11
-20
-44
-67
-48
-1
-21
12
40
58
46
45
45
15
45
74
46
34
52
-11
26
39
2
14
-17
41
42
44
50
36
1
-33
-30
-6
40
24
52
31
11
-32
-59
-44
-5
-8
12
24
6
-7
-60
-67
-26
-27
-4
0
52
-6
-15
-10
-71
-48
-17
35
24
9
-6
7
21
10
22
-6
-23
-8
5
-6
-9
14
21
19
47
46
-1
-17
-17
-36
-30
-16
13
50
24
10
-13
-8
-34
-85
-86
-26
31
23
23
7
-4
-49
-61
-36
-27
-52
8
26
-14
-16
-18
-31
-61
-37
-38
-12
-23
-12
4
-19
-35
-2
-6
-27
-4
21
10
4
5
-1
0
1
21
10
-5
7
-16
-3
57
51
43
61
63
41
45
41
-1
32
5
29
60
65
63
43
38
21
-10
32
32
59
77
66
34
2
-8
18
24
6
48
9
-8
-15
4
-37
-13
23
37
73
33
21
-30
-57
-84
-60
-51
-18
29
13
-47
-50
-82
-112
-62
-5
-11
-29
0
-65
-85
-84
-75
-101
-98
-29
-45
-26
-42
-48
-40
-51
-13
10
-6
-46
-18
18
29
31
8
-27
-5
-6
-11
26
51
79
41
65
69
50
38
28
58
81
91
64
61
26
25
11
51
59
18
50
68
44
18
11
-2
-29
18
20
-7
-1
25
2
-70
-34
-15
-57
-67
-7
-18
-41
-21
-3
-16
-39
-39
-47
-65
-34
7
-12
3
28
27
-7
-43
-93
-119
-94
-27
7
0
44
38
-30
-9
-10
-76
-34
-20
-53
-23
19
20
-6
-7
-23
14
-10
13
34
50
24
-10
-1
20
35
56
99
93
81
28
41
-16
-13
-14
35
94
132
115
76
51
-15
-24
-47
-12
17
42
63
77
10
-22
-43
-55
-46
-10
33
12
16
29
-7
-18
-42
-48
-62
-82
-48
-51
-42
-32
-2
-24
-2
13
-14
-17
-10
-29
-13
22
-32
-35
-28
-25
-34
-51
-13
-35
3
4
-23
-25
-29
-45
-38
-20
-6
75
66
17
11
0
-46
-27
-35
-29
-2
61
89
88
82
51
51
4
0
-1
-1
2
33
90
97
103
95
39
17
-16
-40
-27
-17
-18
-6
-9
17
30
6
5
-1
3
-27
-10
-18
-21
-18
3
5
-21
-40
-54
-96
-78
-57
-80
-9
15
6
6
27
-16
-28
-32
-52
-54
-41
19
3
-11
-38
-67
-25
-44
6
64
41
18
12
-1
-17
-4
7
7
-6
18
18
6
-7
-46
-28
-17
12
26
20
22
-3
-11
3
20
26
35
85
77
11
2
-49
-59
-76
-9
47
84
91
52
53
31
-6
-13
7
-47
-26
-9
-9
-9
-8
16
24
18
17
-19
-11
-20
-39
-19
-5
20
10
-1
4
22
19
17
-14
-33
-33
-15
-17
25
26
22
13
27
16
-3
24
47
44
17
46
-20
-20
-21
-46
-22
12
35
25
48
19
4
23
15
8
-4
17
25
17
33
1
-41
-41
-29
-12
10
47
33
9
-40
-41
-20
-37
-11
23
3
-15
-17
-91
-81
-50
-19
-6
18
17
-54
-51
-42
-41
-54
-14
-16
1
-11
-36
-39
-1
13
-28
-31
-47
-85
-72
-34
12
51
32
49
20
-3
-31
-31
-15
-22
1
59
77
70
50
20
30
22
98
99
53
77
39
4
9
60
39
36
85
95
35
23
42
-15
-25
-8
30
32
41
67
18
-25
-43
-68
-64
-38
-11
21
19
14
9
-44
-82
-66
-89
-64
-27
-23
-27
-49
-57
-79
-69
-55
-61
-29
-44
-49
-34
-32
-66
-63
-55
-44
-31
32
38
-9
-13
1
-16
-18
27
4
4
7
17
19
36
70
41
52
25
10
-1
-39
-3
56
96
116
80
39
5
-38
-24
33
52
62
122
107
76
77
56
21
9
10
33
23
-5
24
24
23
27
77
54
27
29
-10
-11
16
4
-26
2
-24
-40
-42
-28
-40
-37
-32
-35
-27
-45
-51
-69
-63
-25
-55
-52
-23
-34
-35
-30
-33
-29
-18
3
-21
-38
-5
-11
-13
-22
-27
-65
-55
-32
10
23
29
31
-6
-22
-56
-49
-50
-27
-32
-2
26
-9
-22
-4
-59
-37
-1
11
-26
3
31
1
19
15
54
10
6
-3
3
-18
-4
-8
1
20
19
62
46
32
37
16
4
21
26
46
49
62
57
30
-3
-4
-7
4
-25
-15
22
25
56
57
55
31
35
26
14
0
17
9
-9
-9
-4
26
-14
-43
-38
-36
-15
12
74
96
60
13
-46
-62
-59
-36
0
24
47
11
-23
-57
-62
-55
-39
-5
12
36
21
21
4
-10
-8
-11
-31
-19
-49
-43
-21
-22
-20
-13
-8
-10
1
-17
-3
25
45
23
9
-8
-5
-24
-24
-19
-13
-37
-27
11
-2
18
13
24
18
36
29
34
37
16
-11
-42
-41
-18
-9
1
33
22
37
10
-7
-3
-6
14
-9
1
13
12
16
52
35
49
53
15
-11
-34
-79
-66
-41
8
16
3
23
20
13
-28
-2
0
-12
-21
-2
-28
-48
-80
-78
-47
-32
21
18
15
11
-10
-27
-31
-17
-29
-40
0
33
-3
13
7
-25
-45
-39
-17
-17
-25
-2
7
19
3
-21
-16
-33
-19
16
44
44
37
22
-1
-6
4
19
4
26
29
36
13
7
38
56
54
55
59
38
37
51
62
42
53
29
10
17
-16
13
31
21
56
46
29
51
51
33
45
34
29
19
-28
-4
-14
-30
-18
-35
-41
-41
-32
-13
17
6
-46
-35
-68
-72
-63
-83
-35
-35
-31
-58
-37
-30
-59
-54
-49
-72
-72
-67
-38
14
17
49
48
13
-62
-73
-49
-48
-28
14
32
-6
2
-22
-29
-19
2
13
33
21
21
6
-8
-2
27
22
3
18
9
8
21
20
14
-4
-14
-1
-21
25
55
50
72
90
65
33
23
-22
-41
-30
-27
-22
-36
2
29
50
70
50
24
11
-26
-26
-21
-25
14
6
25
4
-21
-24
-35
-11
8
33
37
48
38
23
13
23
18
-5
21
20
34
14
7
-9
-9
36
25
24
36
33
10
-20
-8
1
13
34
40
42
-28
-34
-54
-45
-38
-17
-9
4
33
20
23
15
25
-31
-46
-17
-47
-48
-80
-62
-47
-33
26
28
16
21
20
-25
-55
-33
-60
-69
-64
-28
-52
-68
-83
-61
-44
-22
16
8
-14
-46
-64
-64
-35
-40
-6
16
-5
-40
-29
-35
-31
-34
-23
-5
17
32
34
26
51
67
67
54
53
30
13
40
39
29
50
61
22
48
52
46
70
84
73
90
91
75
56
42
26
30
41
29
43
51
57
61
65
49
10
4
7
-36
-36
-21
-7
16
10
-17
-29
-40
-29
-31
-9
-3
7
-29
-36
-61
-88
-72
-90
-44
-38
-30
-30
-14
-36
-18
-9
-11
-22
-38
-41
-37
-18
-40
-21
-32
-45
-29
-13
-16
-12
11
14
5
16
-21
-9
-9
7
26
31
18
-16
38
-11
-18
-2
-10
-49
-36
-3
-2
15
1
-10
0
-17
-39
-2
4
-6
-1
-14
-57
-60
-16
22
12
20
45
22
-8
17
13
-4
5
29
40
12
28
41
18
17
44
40
28
35
36
35
36
16
26
31
11
15
-26
-33
-36
-29
-15
13
13
34
35
15
26
3
-6
-37
-12
1
5
-29
-24
-1
-40
-10
4
-7
-31
5
-8
-6
3
15
14
-1
-8
-27
-34
-43
-12
-24
22
39
17
17
-22
-26
-14
-4
24
39
25
26
42
43
14
27
1
-14
-5
-32
4
3
16
18
12
21
11
-10
-1
-13
-30
-6
15
15
-3
-11
-13
-8
-22
18
24
13
-6
-5
-1
-1
6
-7
-12
-20
-13
-11
-3
-21
9
21
32
28
6
12
8
9
-2
10
-13
-36
-19
-18
-7
22
34
30
24
17
14
-6
-13
-31
-39
-31
-8
5
-15
9
-30
-51
-40
-55
-39
-6
5
3
-14
-18
-19
-8
-11
-14
17
9
-4
-7
7
-46
-57
-46
-40
-18
8
21
18
31
17
9
-1
1
-25
-33
-5
-30
-19
-19
17
22
13
30
40
32
17
50
58
57
33
12
10
14
9
2
15
17
53
56
62
51
25
24
6
-2
-16
1
15
-2
15
17
10
-17
-13
-12
-35
-9
-18
-29
-23
-18
-46
-45
-18
-30
-34
-28
-9
-42
-67
-66
-72
-65
-34
-48
-28
-20
-27
-31
-33
-36
3
-1
6
36
36
2
-8
17
-3
24
38
35
11
24
26
20
61
28
13
53
55
48
73
87
71
63
58
47
22
30
26
55
41
37
63
43
45
32
41
40
68
40
37
41
14
26
-18
-17
-23
-22
-35
7
1
-13
6
-6
-10
-61
-36
-38
-42
-42
-33
-46
-67
-67
-83
-94
-92
-77
-70
-42
-46
-42
-48
-76
-60
-63
-54
-49
-28
-17
-40
-41
-59
-76
-82
-73
-45
-41
-11
3
-14
-28
-9
-22
-37
-20
-15
-6
22
48
40
36
16
14
-20
-31
10
23
44
81
82
85
77
57
41
35
34
57
54
69
61
56
55
15
-6
-13
10
12
50
75
83
84
46
23
16
2
-17
19
3
18
30
23
15
8
-3
-11
-6
11
4
26
6
-14
9
23
-18
-16
10
-6
-4
-6
4
-29
-5
-16
-24
-32
-21
-34
-44
-29
-6
-1
28
26
1
7
-21
-23
-26
-20
-36
4
8
-11
22
1
-6
-20
-28
-59
-47
-30
-13
47
52
57
30
2
-52
-72
-50
-36
-18
22
37
48
15
13
-5
-15
-23
-15
0
6
-1
-4
-2
-16
-22
-31
-12
-52
-27
-21
-23
-26
-15
3
22
33
17
9
-7
-43
-19
-8
-22
-8
-16
1
-22
-15
24
13
2
5
-9
-5
13
19
19
5
4
12
-7
-2
-7
-8
15
2
9
0
4
-18
-17
-11
26
28
11
27
19
1
9
-17
-29
1
17
17
31
16
7
-16
-5
21
21
10
36
48
19
-2
6
-2
3
25
29
33
19
13
8
13
14
22
31
54
28
24
8
2
-9
-2
20
0
27
9
-22
-27
-39
-39
-6
-31
-10
-2
-28
-29
-43
-27
-39
-25
-39
-29
-19
-29
7
-8
-3
6
7
-13
-19
-1
-14
5
-1
16
-2
-20
-18
-33
-29
-4
5
24
15
35
34
22
20
13
-25
-35
-6
-18
6
0
32
-4
11
12
-36
-11
-10
13
15
24
24
3
-4
-10
-18
-25
-38
4
2
17
38
18
23
-10
-6
-14
11
30
14
6
-2
-5
-14
-15
-2
-23
-3
20
20
28
8
4
-5
-18
4
-12
-8
17
-23
2
19
12
9
-13
8
-3
7
12
9
-12
-2
19
19
10
10
-2
-34
-46
-18
-3
-16
-16
8
4
10
24
26
-3
-9
-5
9
9
-16
-13
-33
-43
-36
-16
7
10
4
-15
-34
-36
-28
-22
4
19
8
31
14
4
-10
-14
0
-15
-4
8
-12
-4
10
-24
-35
-11
-5
-15
-6
18
6
16
49
28
15
18
-17
-27
-1
-20
-9
15
23
23
48
66
67
52
52
54
46
36
19
18
18
20
29
44
47
31
80
54
33
12
8
-17
-12
17
13
34
32
-12
-19
-45
-63
-67
-60
-52
-29
-18
-12
-5
-13
-27
-42
-28
-71
-66
-94
-72
-102
-84
-41
-36
-31
-9
-33
-49
-64
-82
-39
-46
-4
-15
-11
5
-11
8
-5
21
8
15
15
13
10
10
9
14
26
35
56
41
39
35
53
38
49
35
31
23
34
50
48
39
21
5
10
21
28
38
32
33
21
27
14
20
20
23
8
20
19
21
12
2
-8
-9
-24
-66
-39
-31
-6
1
14
-2
-27
-36
-26
-17
-8
11
31
25
17
23
-32
-31
-26
-33
0
14
36
30
7
1
-12
-29
-15
-29
-13
-9
-16
-6
-20
-32
-9
-3
-16
0
-5
-32
-33
-53
-55
-54
-13
-8
-5
6
-11
-1
-23
-31
-15
-12
-17
-15
-15
-18
-18
7
-13
11
10
1
-19
-22
3
-14
1
7
11
18
21
13
21
16
19
-1
0
20
5
0
11
21
4
6
3
17
26
46
39
18
36
3
6
7
-14
-13
1
19
26
26
17
14
-3
21
25
32
26
44
33
40
70
21
21
-10
7
36
29
35
40
33
14
1
9
-6
-16
-5
13
31
41
32
24
-28
-58
-60
-50
-29
-17
-16
-12
-2
-25
-26
-25
-33
-16
-1
-4
-15
-37
-48
-60
-43
-24
-1
10
9
-21
-21
-42
-64
-42
-29
-24
13
20
18
-15
-13
-9
-11
12
-23
8
-8
-21
-1
5
31
-8
10
-1
-7
1
7
-13
12
22
22
19
-7
12
-17
-26
-21
-11
-8
12
5
5
2
-14
-7
-27
-46
-61
-53
-26
-9
-3
1
7
19
14
-3
-18
-31
-32
-35
-29
-11
-23
-9
-9
-4
-6
0
-15
-21
14
7
15
52
47
62
59
43
31
28
21
24
34
49
44
36
39
35
38
23
30
38
55
58
81
83
56
51
38
33
21
5
23
6
30
19
47
50
28
44
14
38
20
25
30
21
4
-18
-27
-36
-42
-21
-15
-37
-33
-57
-49
-63
-57
-55
-40
-33
-18
-10
-19
-27
-38
-54
-77
-46
-46
-45
-70
-56
-71
-86
-50
-46
-17
14
13
9
2
-13
-48
-59
-58
-41
-37
-20
-10
7
8
-3
-7
-29
-13
-26
-24
-18
-8
19
21
32
40
24
21
2
-29
-15
-26
-9
9
26
51
45
42
7
31
16
19
23
40
29
38
65
55
44
14
-1
-9
13
18
36
38
47
55
37
50
29
12
2
4
6
21
4
-4
2
-14
-10
-10
4
-23
-20
-10
-2
-6
-33
-31
-36
-51
-21
-23
-33
-3
-5
-15
-2
0
0
7
6
2
-11
-2
-12
-12
-10
-21
-8
4
13
14
-8
7
26
24
51
44
41
32
33
17
23
24
-1
26
20
1
-9
-7
6
-2
11
41
51
41
25
4
-20
-18
8
0
-6
25
-23
-30
-40
-48
-18
-21
11
-4
-2
-32
-30
-23
-62
-46
-34
-18
-9
-16
-32
-35
-37
-35
-35
-38
-28
-40
-30
3
-16
5
7
2
-22
-1
-3
-8
-16
-37
-4
3
2
-10
-19
-9
1
-18
36
26
44
39
42
39
9
13
26
38
39
56
58
50
28
16
25
24
36
20
10
16
-18
-3
8
39
24
32
23
-25
-31
-34
-34
-24
-2
-2
2
-14
-30
-42
-50
-38
-38
-5
-3
-20
-25
-37
-31
-37
-7
-27
-6
-36
-28
6
-17
20
-4
22
17
23
10
-9
-11
-8
-8
10
50
42
55
37
39
14
0
-12
-3
19
10
15
30
5
-11
-8
-30
0
1
27
20
24
10
-9
12
1
0
0
2
11
4
6
1
-22
-19
-14
-21
-26
-8
-11
-4
-2
6
-3
6
-14
-9
-24
-11
-13
-1
-6
-4
-4
-34
-34
-47
-51
-37
4
0
16
15
17
4
8
13
14
32
19
29
20
22
20
38
27
23
35
24
43
46
64
52
44
62
39
23
14
-1
27
19
20
17
16
11
-14
-14
1
-5
-10
1
-12
-25
-24
-18
-18
-24
-11
-29
-42
-56
-68
-62
-58
-72
-53
-48
-39
-38
-50
-48
-70
-44
-55
-41
-35
-35
-30
-18
-34
-36
-22
-47
-12
-23
16
-3
-4
-15
1
12
4
21
18
23
32
46
31
32
13
6
10
17
26
39
72
66
66
56
35
20
4
10
10
49
50
59
35
12
4
-14
4
-4
10
39
32
38
37
15
12
14
11
2
32
24
15
29
16
11
9
5
-14
-8
4
-20
-16
-14
-28
-21
-13
-28
-7
-6
-23
-10
-22
-28
-20
-35
-39
-37
-44
-48
-31
-25
-23
-9
-26
-27
-28
-40
-22
-17
-11
-5
3
-6
-3
-18
-25
-7
8
4
30
32
17
7
12
12
2
21
35
49
58
78
40
43
34
40
41
30
34
25
14
4
9
17
38
34
61
15
16
-4
-21
-14
-6
-13
0
-2
-31
-16
-56
-42
-41
-46
-43
-42
-67
-48
-44
-49
-39
-41
-35
-42
-30
-39
-27
-31
-19
-29
-49
-62
-66
-58
-42
-25
-24
-12
-19
-17
-6
-9
-1
17
22
8
5
10
14
8
22
32
13
15
20
30
40
40
44
52
40
45
40
29
32
33
50
32
51
42
29
36
27
33
35
57
51
60
52
21
17
21
-3
26
26
36
49
26
-5
-36
-26
-15
5
20
37
25
17
15
-1
-12
-17
3
13
6
17
17
-22
-12
-35
-14
-19
-16
-10
-18
-41
-46
-52
-71
-63
-46
-13
-10
2
-14
-38
-69
-82
-77
-43
-50
-27
-27
-28
-31
-54
-65
-60
-71
-62
-38
-29
-16
-30
-4
-8
-6
5
-10
-5
-2
-5
-29
-24
-16
-11
4
39
31
40
25
38
20
17
31
14
31
30
42
48
62
47
35
38
27
16
17
20
22
43
42
63
63
47
56
43
35
26
26
0
10
6
25
42
43
52
39
42
7
3
-21
-29
-31
-32
-6
-4
-6
6
11
0
22
34
23
54
35
10
-20
-33
-39
-48
-51
-24
-15
-29
-6
-19
-5
-19
-1
-13
7
-10
10
4
-10
-33
-53
-47
-68
-45
-29
-13
-11
-4
-9
-5
-22
-23
-7
-15
-13
-24
-5
-5
-26
-33
-25
-33
-19
-18
-18
-5
-30
2
-21
-25
-44
-33
1
-36
-6
-3
-23
-24
-14
-17
-23
-41
-30
-9
-1
27
12
37
25
34
17
-9
-7
-19
-8
5
18
35
35
40
48
52
47
29
46
48
29
18
36
15
14
13
26
57
50
60
35
35
35
19
-1
27
32
20
9
12
16
-11
-14
-6
-22
-9
3
0
30
-10
8
-1
-15
-5
-14
-3
3
18
14
27
4
-27
-22
-48
-49
-52
-48
-20
-44
-39
-38
-49
-26
-25
15
31
37
40
12
-10
-20
-37
-24
-33
-25
-7
-17
-9
-3
3
30
13
1
26
18
9
28
12
41
0
18
28
9
19
10
5
-19
-10
-18
-3
0
17
25
34
41
24
-1
4
-29
-26
-27
-42
-48
-55
-41
-36
-28
-24
-25
3
-6
-28
-42
-54
-34
-44
-19
23
36
21
4
-6
-44
-53
-49
-12
-5
27
42
39
33
4
4
-27
-4
6
3
36
32
13
-10
-9
8
22
28
42
42
21
-1
3
21
27
62
55
91
53
36
-9
-47
-55
-33
5
10
25
28
8
5
11
7
22
11
46
28
43
64
26
-21
-11
-15
-43
-24
-51
-25
-17
-4
8
17
-5
-39
-34
-36
-30
-23
-8
-6
-14
-36
-47
-59
-65
-53
-18
-28
-34
-24
-39
-24
-11
21
30
52
63
29
35
1
-29
-34
-2
-6
37
66
90
69
57
43
38
23
15
35
13
30
25
30
16
7
5
13
20
30
36
41
27
10
-19
-27
-36
-47
-42
-43
-43
-34
-9
-5
-27
-23
-15
-40
-59
-56
-71
-62
-52
-30
-34
-29
-37
-29
-39
-41
-25
-14
-28
-17
-2
-4
24
28
19
-13
-7
-21
-17
-3
10
29
19
10
-6
-21
-23
1
28
33
76
101
70
43
35
24
10
24
7
9
-16
-27
-49
-38
-25
-8
22
25
33
64
53
23
39
12
10
-5
-9
-13
-8
5
-1
-20
-11
-24
-38
-25
-22
16
22
27
45
48
38
20
8
-30
-24
-36
-16
-19
3
14
9
38
13
17
2
21
7
21
10
10
2
-4
17
11
8
10
1
6
-1
6
0
-34
-8
-10
0
-8
2
7
-22
-29
-22
-28
-53
-14
0
5
25
30
12
-25
-49
-42
-42
-20
-7
17
72
53
42
7
-29
-51
-72
-19
-43
-21
-17
-23
-25
-85
-70
-54
-52
-30
10
8
35
41
32
11
19
42
45
48
64
65
51
46
19
0
-13
-30
-30
-31
-49
-72
-104
-96
-90
-114
-108
-54
-8
-3
44
65
94
88
112
137
154
207
211
244
281
290
253
217
169
147
-101
-464
-753
-912
-1154
-1585
-1500
-1020
-525
-24
1081
2265
2711
2867
3034
2739
1556
394
-554
-1692
-2782
-3217
-3023
-2769
-2133
-1211
-171
706
1452
1990
2047
1953
1645
1166
572
124
-218
-627
-863
-962
-1023
-1213
-1437
-1823
-2282
-2283
-1690
-770
442
2058
3501
4197
4409
4238
3206
1344
-597
-2302
-3937
-5118
-5325
-4669
-3618
-2126
-250
1624
3110
4049
4429
4244
3550
2510
1319
98
-971
-1845
-2283
-2415
-2257
-1874
-1344
-783
-368
86
393
571
686
835
985
1053
1169
1130
987
641
136
-349
-897
-1365
-1737
-1853
-1650
-1250
-653
56
900
1614
2010
2083
1955
1558
821
-9
-702
-1254
-1739
-1867
-1548
-1032
-464
168
756
1175
1309
1238
1042
689
258
-133
-378
-482
-499
-495
-365
-163
1
124
234
299
263
182
123
92
-5
-91
-178
-182
-164
-127
-101
-112
-181
-323
-426
-494
-477
-512
-539
-536
-341
-212
-197
-134
-19
111
-9
-49
-185
-393
-791
-1156
-1296
-1315
-1186
-992
-605
-336
-336
-451
-308
-18
128
260
608
1082
1336
1568
1906
2170
2041
1603
1152
675
72
-624
-1091
-1346
-1462
-1328
-799
-22
696
1301
1837
2312
2495
2360
2052
1600
1133
618
270
157
27
-243
-1189
-1938
-2168
-2096
-2162
-1780
-473
275
905
1952
3208
3317
2708
2392
1550
237
-1121
-1879
-2810
-3632
-3761
-3239
-2267
-1197
-107
710
1391
1807
1786
1443
809
12
-959
-1684
-2074
-2213
-2219
-1993
-1483
-778
-75
462
908
1069
891
389
-34
-492
-1042
-1579
-1865
-1837
-1763
-1674
-1937
-2091
-1874
-1263
-740
-53
1202
2293
2989
3417
4159
4446
3831
2736
1692
652
-888
-2119
-2732
-2889
-3050
-2717
-1576
-212
810
1597
2496
3129
3261
3041
2866
2611
2068
1447
1154
1141
944
362
-303
-882
-1420
-2170
-2764
-2696
-2317
-1953
-1210
418
1923
2847
3529
4098
3957
2943
1842
524
-1050
-2678
-3731
-4207
-4210
-3640
-2736
-1576
-292
984
1917
2414
2497
2082
1330
347
-615
-1525
-2215
-2779
-3231
-3356
-2999
-2374
-1727
-977
-93
599
954
1337
1626
1485
943
407
-139
-804
-1394
-1764
-1966
-2252
-2458
-2833
-3054
-2745
-1835
-775
310
1967
3645
4701
5034
5330
5296
4091
2312
753
-501
-2079
-3344
-3636
-3268
-2771
-1996
-497
1054
2079
2602
3092
3364
3190
2692
2202
1915
1601
1144
875
865
678
-350
-1630
-2255
-2610
-2986
-3005
-1824
-600
361
1673
3218
4217
4127
3707
2857
1588
37
-1432
-2671
-3679
-4116
-4163
-3433
-2238
-997
46
942
1810
2217
2237
1818
1177
288
-665
-1395
-1919
-2335
-2704
-2822
-2797
-2579
-2318
-1966
-1644
-1269
-612
171
990
1517
1956
2033
1665
1018
260
-518
-1475
-2231
-2730
-2893
-2914
-3162
-3639
-3639
-2839
-1656
-456
1221
3201
4478
5082
5526
6010
5534
4109
2577
1266
-126
-1724
-2696
-3013
-3090
-3142
-2481
-1035
331
1228
1938
2806
3325
3364
3307
3280
3139
2563
2088
1876
1633
857
-300
-1137
-1943
-2653
-3263
-2996
-2170
-1190
103
1578
3139
3908
4083
3692
2880
1669
48
-1498
-2986
-4028
-4691
-4655
-3991
-2830
-1403
-136
1145
2130
2713
2604
2123
1341
242
-993
-2133
-2965
-3641
-4071
-4247
-3943
-3413
-2741
-2142
-1541
-757
125
880
1427
2067
2354
1990
1295
764
115
-836
-1719
-2345
-2847
-3111
-2888
-2299
-2188
-2775
-3113
-2428
-1170
-223
1311
3331
4825
5320
5783
6612
6362
4926
3054
1620
192
-1298
-2299
-2656
-2621
-2538
-1809
-346
1284
2202
2417
2651
2819
2724
2415
2344
2291
2097
1992
2332
2505
1916
1012
74
-981
-2326
-2809
-2717
-2561
-2143
-912
684
1680
2577
3155
2987
2029
1118
216
-1209
-2681
-3677
-4113
-4253
-3821
-2851
-1725
-764
6
732
1267
1479
1211
713
143
-568
-1347
-2046
-2558
-3169
-3777
-4192
-4109
-3771
-3314
-2736
-1907
-882
67
983
1718
2214
2308
2025
1574
945
191
-665
-1307
-1744
-2117
-2242
-2122
-1909
-2804
-3844
-3970
-3019
-1955
-859
1440
3827
5574
6471
7621
8530
7906
6186
4080
2384
299
-1788
-3203
-3710
-3795
-3680
-2484
-594
1167
2088
2616
3135
3358
3217
2778
2547
2453
2377
2399
2780
3427
3376
2141
38
-1737
-3139
-4456
-5386
-4992
-3599
-2324
-581
1970
4259
4857
4632
4262
3098
998
-1193
-2942
-4789
-6173
-6540
-5786
-4469
-3033
-1647
-386
856
1777
2137
2008
1591
906
53
-684
-1379
-2196
-3121
-4078
-4753
-4911
-4653
-4277
-3664
-2719
-1613
-405
814
1744
2342
2707
2885
2636
2138
1486
678
-188
-833
-1132
-1410
-1578
-1712
-2094
-3489
-4815
-4829
-3657
-2367
-769
2028
4876
6814
7916
9204
9782
8593
6207
3722
1601
-879
-3071
-4340
-4530
-4334
-3715
-2021
108
1693
2152
2442
2835
2921
2557
2191
2383
2663
2855
3182
3959
4276
3099
980
-949
-2492
-4195
-5482
-5502
-4678
-3570
-1990
504
2900
4218
4572
4428
3773
2373
499
-1472
-3355
-4899
-5933
-6072
-5474
-4488
-3531
-2571
-1393
-104
937
1440
1638
1705
1614
1181
646
-61
-1097
-2566
-4027
-5058
-5596
-5822
-5848
-5349
-4199
-2483
-547
1191
2750
3874
4414
4339
3923
3297
2023
597
-521
-1005
-1289
-1515
-1256
-1232
-1388
-2499
-4094
-5130
-4973
-3735
-2524
-86
3113
6105
7923
9248
10568
10320
8479
5571
2970
323
-2354
-4383
-5340
-5133
-4583
-3194
-1057
1142
2447
2822
3097
3096
2763
2106
1796
1896
2077
2366
2963
3846
3987
3055
1303
-637
-2735
-4653
-5847
-5968
-5025
-3537
-1520
713
2964
4401
4738
4296
3339
1827
-435
-2576
-4196
-5508
-6605
-6768
-5804
-4516
-3357
-2082
-558
739
1531
2042
2375
2329
1720
837
-9
-1018
-2334
-3847
-5054
-5821
-6175
-6082
-5415
-4156
-2623
-871
865
2445
3606
4292
4417
4069
3535
2940
2055
1017
75
-531
-1091
-1524
-1760
-1937
-2460
-4216
-5757
-6083
-4689
-2960
-961
2281
5555
7927
9014
10313
10884
9513
6672
3647
1332
-1180
-3262
-4525
-4669
-4249
-3356
-1491
669
2289
2603
2455
2294
2073
1645
1103
1085
1352
1824
2538
3723
4563
3894
1978
-11
-1379
-2767
-4131
-4713
-4183
-3329
-2503
-840
1242
2397
2194
1803
1578
795
-536
-1781
-2807
-3899
-4710
-4689
-4137
-3530
-3184
-2905
-2295
-1373
-469
126
661
1159
1344
1202
1050
733
-196
-1777
-3359
-4496
-5201
-5679
-5895
-5442
-4402
-3007
-1405
589
2456
3397
3903
4328
4498
3970
3153
2354
1283
165
-502
-599
-835
-969
-1201
-1449
-2696
-4584
-5673
-5448
-4101
-2811
-204
3227
6273
8116
9509
10959
10640
8691
5874
3470
1019
-1667
-3671
-4640
-4515
-4233
-3086
-1132
775
1748
1839
2053
1974
1591
859
548
756
1149
1840
2885
4072
4210
3250
1633
176
-1271
-2906
-4255
-4785
-4376
-3780
-2593
-644
1219
1999
2093
2219
1918
952
-402
-1739
-3159
-4380
-4954
-5010
-4636
-4088
-3395
-2558
-1516
-324
663
1178
1258
1145
970
711
187
-659
-1751
-2872
-3906
-4606
-4954
-5169
-5187
-4781
-3714
-2344
-829
633
1956
2987
3806
4497
4854
4741
3947
3017
1968
992
86
-866
-1490
-2344
-3043
-4699
-6319
-6844
-5885
-4012
-2164
1204
4757
7708
9302
10659
11640
10723
8446
5392
3007
335
-2311
-4159
-4907
-4698
-4352
-2863
-823
932
1598
1695
2041
2031
1585
817
714
999
1365
1981
3195
4384
4351
2979
1059
-385
-1853
-3470
-4789
-4920
-4169
-3366
-2045
-37
1862
2333
1946
1681
1256
56
-1712
-2949
-3882
-4632
-4993
-4585
-3662
-3046
-2626
-2185
-1232
-304
133
151
173
336
339
318
271
-37
-951
-2238
-3189
-3762
-4314
-5081
-5539
-5313
-4469
-3247
-1740
201
2007
3424
4449
5406
6017
5649
4602
3203
2106
866
-230
-1129
-1618
-2335
-3189
-4512
-5965
-6554
-5955
-4116
-2220
808
4272
7291
9217
10528
11536
10822
8793
5906
3272
514
-2147
-3992
-4907
-4793
-4213
-2694
-740
1031
1990
2220
2208
1810
1133
160
-345
-299
153
996
2329
3555
3984
3453
2382
1126
-460
-2141
-3658
-4195
-3871
-3096
-1949
-500
922
1400
1130
661
237
-732
-2218
-3337
-3836
-4025
-4126
-3659
-2769
-2017
-1624
-1256
-698
-479
-696
-1103
-1220
-1139
-948
-632
-278
-89
-357
-967
-1645
-2236
-3081
-4136
-4981
-5183
-4787
-4025
-2848
-1104
905
2713
4096
5312
6239
6294
5347
4125
2895
1508
-136
-1467
-2130
-2905
-3800
-5520
-6579
-6669
-5492
-3626
-1416
2092
5286
7865
9318
10725
11348
10079
7775
4993
2745
90
-2178
-3695
-4258
-4132
-3668
-2059
-210
1284
1680
1708
1743
1318
585
-239
-446
-422
-58
877
2353
3571
3732
3217
2353
1346
-55
-1524
-2691
-3510
-3642
-3286
-2458
-1490
-532
-78
-284
-391
-335
-554
-1413
-2052
-2182
-2251
-2417
-2261
-1807
-1865
-2266
-2470
-2299
-2167
-2269
-2212
-1857
-1305
-630
173
871
1104
673
-118
-940
-1912
-3113
-4485
-5449
-5823
-5469
-4612
-3128
-1169
951
2863
4455
5914
6700
6695
5725
4507
3026
1546
-92
-1477
-2697
-3847
-5384
-7187
-7736
-6937
-5004
-2915
192
3937
7030
9137
10552
11708
11201
9225
6429
3813
1336
-1271
-3209
-4275
-4217
-3772
-2599
-689
1221
2255
2246
2154
1863
1083
-198
-1134
-1405
-1362
-880
361
2027
3247
3575
3259
2600
1603
392
-963
-2087
-2651
-2690
-2479
-2002
-1309
-854
-931
-1243
-1392
-1554
-2059
-2670
-2925
-2873
-2679
-2326
-1646
-1042
-865
-954
-1036
-1093
-1421
-1968
-2477
-2668
-2503
-2092
-1424
-600
-26
104
33
-154
-782
-1918
-3378
-4513
-5206
-5279
-4748
-3539
-1635
525
2568
4382
6005
6972
6756
5937
4842
3572
1708
-223
-1882
-3355
-4910
-6837
-7678
-7307
-5584
-3692
-1055
2440
5635
7950
9347
10754
11004
9803
7524
5209
3036
624
-1417
-2910
-3373
-3419
-2807
-1530
220
1527
1972
2083
2043
1698
708
-394
-1198
-1653
-1786
-1346
-99
1273
2194
2468
2671
2585
1895
770
-305
-976
-1644
-1895
-1727
-1407
-1365
-1499
-1630
-1888
-2207
-2633
-3081
-3499
-3581
-3374
-2894
-2143
-1270
-673
-331
-38
77
-208
-924
-1690
-2354
-2876
-3191
-3005
-2396
-1713
-1164
-718
-213
-31
-384
-1339
-2461
-3425
-4196
-4490
-4264
-3275
-1816
-37
1884
3888
5792
6865
7098
6551
5784
4201
2127
-163
-2380
-4575
-7152
-8657
-8845
-7340
-5370
-2626
1024
4609
7585
9492
11137
11599
10668
8498
6022
3687
1185
-1016
-2790
-3456
-3498
-2814
-1498
329
1891
2610
2795
2672
2202
1005
-508
-1878
-2832
-3359
-3100
-1864
-151
1388
2351
3128
3556
3397
2496
1239
157
-903
-1721
-1980
-1714
-1548
-1701
-1699
-1609
-1840
-2465
-3117
-3713
-4324
-4633
-4348
-3453
-2329
-1294
-353
625
1420
1583
1078
153
-1059
-2404
-3627
-4277
-4319
-3977
-3368
-2323
-965
254
884
808
190
-905
-2116
-3234
-3902
-4135
-3771
-2735
-1120
951
3052
4929
6117
6654
6453
5751
4327
2487
264
-1875
-4172
-6364
-7656
-7653
-6316
-4561
-1911
1321
4591
7025
8718
10061
10322
9346
7384
5459
3477
1394
-564
-1804
-2203
-2113
-1490
-286
1300
2447
2984
3040
3005
2420
1058
-607
-2066
-3234
-4249
-4415
-3667
-2317
-1007
572
2248
3480
4109
4098
3784
2834
1699
594
-464
-1574
-2613
-3337
-3903
-4160
-4216
-4129
-4020
-3747
-3285
-2800
-2161
-1372
-609
-59
391
742
760
362
-312
-1311
-2433
-3509
-4254
-4688
-4685
-4136
-3251
-2048
-760
547
1379
1577
1179
342
-738
-2030
-3082
-3766
-3841
-3374
-2285
-764
1075
2955
4528
5549
6128
6075
5341
3934
2109
-10
-2707
-5156
-6848
-7146
-6666
-5331
-2991
6
2997
5536
7981
9781
10455
9763
8393
6665
4510
2088
-212
-1795
-2795
-3022
-2465
-998
698
2174
3262
4179
4655
4175
2888
1021
-982
-3175
-4966
-5854
-5750
-5042
-3935
-2252
-122
2056
3758
4910
5406
5299
4519
3318
1988
541
-1212
-2994
-4239
-5000
-5485
-5734
-5556
-5034
-4395
-3528
-2407
-1264
-374
273
697
1020
1083
808
25
-1069
-2234
-3324
-4162
-4660
-4733
-4507
-3902
-2807
-1432
-189
647
1112
1079
663
16
-682
-1441
-2114
-2435
-2344
-1797
-959
170
1359
2330
3191
3967
4387
4406
3802
2909
1440
-496
-2412
-3855
-4456
-4709
-4214
-2965
-1066
974
3066
5305
7164
8296
8598
8434
7653
6264
4286
2285
452
-1040
-2028
-2222
-1680
-778
329
1616
3126
4230
4644
4257
3302
1728
-347
-2488
-4249
-5507
-6250
-6153
-5170
-3563
-1752
232
2118
3604
4607
5147
5149
4386
3150
1648
-31
-1777
-3237
-4322
-5225
-5688
-5609
-5113
-4433
-3548
-2473
-1507
-715
-49
407
521
310
-329
-1199
-2128
-2903
-3573
-4085
-4211
-3997
-3462
-2724
-1780
-767
-41
343
442
452
248
-182
-588
-844
-927
-907
-674
-211
351
836
1177
1653
2089
2314
2256
2211
2104
1796
1106
178
-636
-1259
-1606
-1811
-1530
-873
-39
876
1927
3266
4460
5381
5932
6344
6343
5818
4794
3542
2263
905
-185
-805
-786
-476
204
1207
2417
3433
3963
3965
3445
2408
851
-768
-2261
-3572
-4622
-5083
-4827
-4087
-3185
-2047
-666
676
1696
2412
3020
3111
2600
1791
880
-110
-1229
-2210
-3013
-3515
-3691
-3589
-3242
-2712
-2077
-1574
-1222
-953
-787
-1051
-1613
-2244
-2854
-3408
-3847
-4039
-3990
-3739
-3313
-2654
-1881
-1178
-692
-408
-265
-219
-259
-281
-304
-209
-24
202
552
933
1277
1416
1419
1356
1222
1003
782
717
834
1039
1362
1718
2058
2197
1930
1447
926
527
120
-119
-88
167
666
1354
2260
3174
3909
4356
4417
4183
3592
2797
1923
1030
306
-96
16
389
962
1498
2057
2462
2575
2402
1991
1428
672
-70
-709
-1078
-1254
-1318
-1270
-1117
-875
-684
-613
-622
-745
-985
-1277
-1529
-1673
-1802
-1895
-1885
-1699
-1369
-1030
-700
-503
-369
-393
-541
-727
-962
-1258
-1722
-2177
-2548
-2880
-3215
-3485
-3673
-3759
-3643
-3379
-2904
-2347
-1867
-1576
-1394
-1248
-1150
-1174
-1153
-952
-561
-138
277
801
1287
1622
1770
1886
1932
1787
1446
1062
748
529
393
409
665
1089
1547
1896
2210
2470
2612
2575
2447
2345
2316
2287
2153
2043
1993
1941
1762
1512
1276
1035
738
481
381
459
700
950
1225
1490
1642
1598
1280
726
54
-702
-1423
-1930
-2167
-2114
-1755
-1072
-198
727
1533
2163
2513
2541
2240
1684
944
43
-920
-1860
-2652
-3249
-3596
-3630
-3315
-2734
-1956
-1068
-99
672
1206
1536
1643
1367
757
-38
-934
-1919
-2828
-3529
-3945
-4091
-4005
-3612
-2986
-2251
-1584
-1040
-601
-363
-329
-442
-646
-867
-1056
-1238
-1272
-1143
-833
-467
-113
295
734
1105
1271
1343
1413
1471
1372
1345
1399
1441
1358
1226
1102
956
806
672
633
719
947
1289
1734
2220
2653
2935
3025
2941
2642
2185
1630
1139
696
406
320
384
537
644
757
778
629
328
-8
-338
-705
-1007
-1154
-1092
-892
-602
-186
259
586
756
842
780
505
105
-362
-810
-1262
-1659
-1941
-2139
-2273
-2285
-2166
-1924
-1612
-1251
-859
-429
5
413
729
881
825
578
174
-333
-872
-1445
-1906
-2216
-2299
-2125
-1727
-1171
-628
-105
377
729
908
877
688
397
23
-352
-617
-765
-818
-751
-502
-141
277
609
890
1078
1162
1174
1082
986
842
656
404
91
-134
-306
-466
-577
-539
-315
-28
367
860
1344
1769
2029
2155
2111
1900
1529
1082
663
326
25
-141
-133
-85
11
114
250
305
217
93
-26
-195
-377
-492
-512
-494
-420
-234
-24
155
279
410
436
429
374
304
209
69
-87
-323
-595
-894
-1205
-1531
-1813
-2005
-2080
-2028
-1877
-1594
-1188
-720
-372
-45
178
260
202
-26
-303
-616
-922
-1210
-1367
-1362
-1250
-1025
-711
-316
83
419
661
838
928
943
923
857
808
771
736
729
792
847
903
968
1082
1242
1368
1488
1596
1655
1610
1467
1278
1031
704
361
90
-74
-136
-71
120
379
665
896
1090
1161
1112
913
639
378
87
-162
-398
-511
-562
-576
-598
-547
-521
-589
-721
-849
-943
-1059
-1161
-1231
-1278
-1303
-1278
-1246
-1206
-1182
-1136
-1101
-1034
-899
-753
-582
-437
-227
-34
80
154
137
69
-121
-360
-601
-783
-932
-1043
-1020
-835
-554
-296
-60
143
293
277
160
-30
-221
-467
-699
-847
-872
-803
-725
-509
-276
53
280
463
646
748
780
732
725
714
696
664
681
759
777
745
807
920
1009
1106
1277
1437
1549
1580
1531
1489
1356
1195
997
897
829
804
828
942
1153
1325
1467
1550
1640
1572
1387
1171
990
766
504
336
213
85
-44
-168
-254
-333
-471
-597
-647
-678
-697
-756
-789
-798
-864
-976
-1138
-1301
-1487
-1730
-1997
-2169
-2286
-2316
-2299
-2132
-1883
-1678
-1487
-1318
-1134
-1093
-1172
-1261
-1349
-1460
-1538
-1542
-1412
-1250
-1092
-912
-728
-573
-509
-531
-588
-612
-641
-674
-644
-558
-441
-292
-132
55
264
423
546
671
792
892
934
983
1036
1101
1184
1323
1492
1629
1714
1761
1808
1817
1755
1700
1660
1598
1494
1362
1261
1130
1027
918
909
976
1070
1179
1287
1416
1479
1472
1408
1364
1251
1067
893
764
671
567
447
384
362
313
241
203
166
79
-36
-155
-206
-232
-253
-299
-271
-243
-265
-348
-411
-516
-703
-891
-1095
-1237
-1361
-1436
-1440
-1397
-1261
-1168
-1089
-1047
-1038
-1106
-1282
-1447
-1589
-1699
-1808
-1825
-1734
-1599
-1506
-1391
-1264
-1219
-1206
-1225
-1290
-1350
-1456
-1513
-1565
-1549
-1502
-1398
-1237
-1048
-821
-594
-370
-175
-2
110
205
268
323
343
389
460
586
724
888
1057
1259
1457
1564
1690
1760
1809
1794
1713
1668
1587
1527
1477
1463
1493
1547
1618
1656
1716
1739
1706
1608
1555
1459
1346
1247
1180
1140
1073
1017
997
954
866
784
683
571
432
273
134
27
-89
-192
-272
-270
-297
-348
-391
-419
-481
-599
-717
-834
-931
-1028
-1021
-985
-919
-849
-817
-760
-755
-768
-810
-933
-1063
-1181
-1254
-1293
-1257
-1174
-1063
-970
-860
-758
-689
-683
-737
-839
-966
-1109
-1258
-1378
-1455
-1507
-1475
-1371
-1215
-990
-740
-505
-295
-105
2
51
38
-10
-92
-145
-197
-201
-155
-116
22
191
400
607
813
992
1092
1138
1075
1007
900
809
724
694
767
903
1061
1232
1398
1507
1555
1580
1538
1428
1307
1138
1001
862
766
695
642
643
645
655
676
671
641
585
564
549
503
438
395
339
197
48
-115
-280
-476
-653
-792
-883
-937
-926
-840
-725
-615
-502
-403
-380
-411
-482
-607
-769
-957
-1118
-1237
-1310
-1313
-1241
-1138
-1009
-836
-669
-537
-433
-363
-325
-354
-418
-518
-629
-713
-807
-844
-812
-730
-623
-439
-244
-36
165
374
518
624
668
658
658
580
485
403
315
306
339
399
507
620
740
781
788
768
717
600
504
426
391
380
381
383
416
457
491
495
500
485
432
402
347
339
271
250
206
169
108
59
49
28
10
29
79
130
187
222
275
307
319
295
234
148
5
-186
-377
-542
-701
-801
-804
-711
-585
-449
-292
-136
-63
-31
-68
-158
-307
-504
-694
-870
-991
-1064
-1083
-1025
-945
-816
-690
-574
-453
-380
-356
-386
-439
-542
-644
-771
-843
-856
-837
-748
-616
-389
-171
55
262
455
575
629
630
554
474
364
301
270
297
397
541
719
937
1122
1252
1338
1372
1337
1283
1185
1082
997
965
943
937
972
995
988
945
932
885
779
680
575
498
379
296
250
179
83
1
-86
-187
-284
-400
-499
-544
-566
-557
-508
-431
-335
-276
-245
-259
-337
-511
-712
-914
-1133
-1320
-1444
-1457
-1405
-1289
-1105
-882
-666
-490
-345
-247
-248
-307
-425
-553
-667
-805
-888
-927
-908
-836
-765
-604
-436
-271
-146
-57
6
-26
-87
-195
-296
-421
-499
-548
-533
-411
-280
-69
177
408
609
737
815
822
799
701
606
505
413
371
387
436
519
618
712
768
830
860
863
875
865
870
873
933
961
1018
1078
1137
1140
1140
1099
1013
881
774
698
644
624
611
651
667
652
612
567
494
378
195
67
-61
-178
-285
-316
-305
-269
-218
-174
-159
-199
-285
-453
-640
-866
-1066
-1236
-1344
-1427
-1412
-1363
-1272
-1142
-1057
-970
-925
-904
-937
-1002
-1075
-1129
-1202
-1253
-1291
-1295
-1290
-1251
-1189
-1098
-935
-820
-677
-579
-494
-494
-492
-487
-534
-579
-616
-560
-451
-312
-109
111
328
547
681
809
885
908
880
858
839
828
856
902
980
1080
1189
1277
1336
1345
1319
1289
1224
1139
1104
1109
1092
1118
1146
1177
1190
1172
1133
1062
962
797
643
506
412
344
317
338
393
422
457
468
436
348
216
102
-35
-150
-250
-297
-308
-301
-267
-223
-220
-236
-309
-404
-523
-646
-741
-813
-862
-907
-900
-902
-903
-903
-897
-905
-905
-899
-903
-878
-877
-892
-892
-914
-929
-966
-1007
-1042
-1075
-1083
-1078
-1041
-968
-893
-848
-810
-768
-764
-762
-783
-793
-742
-696
-571
-432
-241
-70
91
220
306
376
391
411
380
393
427
483
530
635
760
846
950
1043
1118
1190
1235
1268
1285
1286
1290
1320
1329
1354
1370
1385
1349
1297
1233
1109
1006
893
822
756
730
693
711
691
663
602
529
478
382
290
195
148
65
7
-58
-98
-161
-227
-274
-346
-446
-550
-637
-776
-839
-920
-962
-974
-975
-933
-943
-914
-908
-903
-950
-982
-989
-990
-980
-964
-934
-903
-843
-806
-775
-759
-755
-755
-777
-769
-739
-712
-697
-652
-596
-541
-473
-431
-369
-298
-204
-111
-50
67
149
214
249
272
322
342
356
363
362
407
432
484
555
633
682
739
770
782
776
759
732
714
723
718
732
783
841
916
969
1015
1042
993
923
832
702
560
460
367
305
261
240
253
265
260
288
302
290
263
244
227
190
162
140
118
68
-29
-127
-247
-404
-570
-692
-792
-837
-852
-841
-785
-732
-645
-595
-558
-550
-543
-623
-699
-794
-866
-934
-989
-980
-990
-951
-922
-863
-801
-743
-684
-623
-576
-562
-553
-534
-550
-595
-605
-612
-587
-547
-459
-355
-204
-31
158
349
510
631
728
753
768
763
725
691
690
707
750
816
884
949
999
1052
1081
1124
1124
1130
1101
1086
1059
1053
1040
1037
1050
998
981
907
851
748
614
473
348
237
118
21
-37
-89
-104
-130
-144
-155
-204
-250
-312
-351
-400
-445
-471
-489
-522
-550
-601
-633
-686
-758
-828
-917
-977
-1029
-1063
-1049
-1003
-947
-913
-855
-797
-752
-724
-698
-679
-672
-629
-607
-587
-554
-537
-508
-456
-443
-403
-368
-337
-308
-287
-290
-286
-289
-296
-296
-311
-286
-235
-193
-119
-22
114
241
375
510
618
713
767
796
792
752
682
632
610
601
599
635
688
778
862
935
1017
1089
1107
1090
1096
1064
1019
980
961
952
942
948
917
871
809
747
677
606
547
484
416
339
270
209
115
22
-39
-118
-185
-239
-289
-337
-376
-390
-413
-445
-465
-505
-576
-666
-742
-840
-964
-1065
-1165
-1206
-1275
-1341
-1331
-1333
-1316
-1287
-1240
-1174
-1119
-1056
-1009
-963
-930
-903
-854
-821
-750
-699
-666
-591
-542
-496
-443
-361
-295
-236
-196
-158
-119
-76
-3
49
111
203
249
343
429
537
671
769
906
997
1063
1101
1108
1060
1026
977
928
899
863
859
884
910
930
979
1019
1022
1022
1011
960
926
857
805
767
715
688
668
654
612
545
504
435
347
249
164
113
18
-12
-55
-130
-170
-248
-293
-331
-383
-397
-402
-396
-382
-405
-379
-425
-479
-539
-603
-676
-748
-810
-893
-937
-971
-1001
-992
-985
-974
-939
-927
-895
-865
-861
-869
-898
-876
-854
-828
-802
-758
-742
-704
-660
-614
-573
-501
-418
-354
-271
-227
-173
-149
-107
-123
-104
-68
-49
-11
74
165
250
392
522
645
761
869
917
961
982
953
915
897
871
844
830
824
857
886
906
960
992
1044
1068
1074
1038
1015
976
909
863
821
782
720
689
639
573
486
402
322
222
152
62
-6
-74
-137
-184
-258
-289
-348
-406
-433
-471
-481
-515
-554
-582
-630
-668
-692
-726
-757
-811
-833
-878
-924
-967
-998
-978
-1002
-963
-912
-877
-854
-802
-741
-696
-618
-561
-518
-466
-456
-420
-395
-398
-394
-373
-357
-331
-297
-277
-201
-173
-91
-14
49
116
155
207
226
248
282
295
322
365
416
483
543
597
646
707
717
728
737
728
708
707
684
652
641
636
622
609
615
621
643
640
644
641
615
576
556
539
537
512
484
453
420
336
275
204
139
90
46
18
-22
-44
-105
-139
-180
-212
-262
-309
-341
-384
-390
-426
-421
-452
-462
-479
-507
-536
-581
-603
-677
-731
-802
-837
-890
-921
-933
-905
-866
-825
-789
-738
-673
-612
-545
-471
-414
-373
-338
-331
-322
-326
-311
-328
-310
-305
-267
-218
-176
-69
-6
100
191
278
327
375
411
448
497
516
578
624
671
716
783
838
869
911
929
962
955
943
916
863
839
793
770
730
703
685
646
628
583
544
507
448
412
386
369
361
318
292
228
172
66
-34
-164
-282
-388
-455
-526
-578
-592
-597
-582
-585
-557
-553
-560
-554
-563
-604
-621
-643
-650
-661
-655
-638
-655
-674
-682
-688
-726
-713
-700
-685
-644
-598
-571
-535
-497
-506
-478
-460
-444
-399
-365
-342
-270
-250
-184
-146
-124
-85
-36
-27
-4
27
29
62
83
109
103
139
175
205
248
286
338
373
427
475
522
579
624
690
730
797
829
846
862
881
867
841
841
822
809
776
750
742
741
721
703
691
672
681
667
680
659
641
640
601
563
501
430
325
216
95
-24
-128
-236
-318
-362
-391
-407
-453
-445
-467
-500
-495
-540
-582
-621
-660
-694
-748
-786
-836
-878
-913
-944
-970
-1000
-1027
-1021
-1011
-984
-935
-916
-896
-867
-838
-811
-792
-788
-761
-736
-693
-666
-576
-490
-412
-332
-243
-146
-90
-26
-3
11
34
60
96
119
159
184
235
300
327
377
417
500
537
613
671
717
744
777
806
810
860
893
879
849
861
830
805
778
776
764
738
742
724
712
704
713
691
689
679
641
617
574
522
466
413
394
352
328
279
248
221
166
139
76
31
-20
-69
-113
-174
-207
-267
-317
-375
-402
-389
-396
-380
-355
-376
-395
-422
-495
-544
-636
-682
-735
-802
-809
-838
-857
-846
-817
-778
-758
-737
-734
-752
-776
-827
-841
-849
-844
-812
-786
-731
-676
-631
-584
-543
-487
-460
-411
-398
-343
-296
-249
-204
-169
-113
-70
-51
-2
70
119
194
256
377
429
518
599
644
705
757
784
807
822
799
811
776
785
781
773
787
771
818
827
845
849
840
822
801
794
776
742
706
667
625
574
509
454
386
317
261
224
180
136
112
90
73
42
9
-27
-89
-132
-167
-208
-238
-265
-286
-293
-312
-350
-357
-392
-443
-479
-513
-568
-587
-622
-630
-631
-637
-625
-590
-578
-579
-556
-570
-567
-592
-600
-608
-597
-579
-564
-533
-499
-483
-442
-427
-424
-415
-402
-372
-361
-315
-306
-272
-247
-204
-197
-166
-114
-93
-42
-27
19
72
121
198
272
321
373
401
416
406
399
394
374
389
409
418
437
462
486
535
566
581
615
615
618
623
628
623
616
602
578
544
479
414
364
323
285
266
284
271
255
236
216
202
166
127
84
56
10
-32
-85
-121
-167
-193
-216
-219
-229
-244
-241
-247
-265
-327
-367
-432
-474
-531
-544
-539
-511
-500
-478
-450
-449
-427
-428
-430
-405
-389
-376
-355
-332
-332
-307
-301
-297
-266
-259
-227
-202
-171
-149
-106
-79
-44
-14
8
46
56
98
82
63
95
104
141
169
218
272
317
344
371
388
398
409
399
400
380
355
309
292
251
222
214
208
215
218
236
247
276
297
298
315
308
258
217
160
85
46
3
-15
-31
-51
-46
-45
-36
-34
-36
-42
-22
-27
-32
-57
-100
-121
-155
-181
-206
-208
-206
-191
-157
-139
-160
-189
-235
-268
-315
-326
-337
-350
-336
-311
-296
-283
-267
-271
-279
-275
-241
-238
-213
-217
-192
-173
-156
-149
-156
-151
-152
-126
-124
-88
-87
-55
-38
-12
35
43
90
121
159
169
206
225
234
238
242
268
294
335
390
440
462
484
464
447
438
398
373
361
349
364
348
327
299
262
245
248
251
267
262
265
260
242
237
193
145
93
26
-40
-89
-123
-166
-185
-179
-163
-177
-171
-193
-225
-233
-247
-255
-274
-285
-325
-357
-366
-375
-396
-406
-411
-408
-407
-388
-402
-397
-402
-382
-384
-376
-366
-346
-331
-315
-296
-262
-239
-234
-224
-225
-206
-191
-190
-170
-126
-90
-58
-21
18
38
72
109
119
131
138
148
153
142
154
161
225
248
274
299
312
332
323
338
364
407
421
429
454
471
461
447
424
399
391
392
393
374
375
358
335
336
317
307
312
292
275
268
235
217
196
176
163
155
118
105
66
14
-26
-68
-96
-172
-184
-218
-220
-230
-248
-248
-276
-294
-321
-342
-368
-393
-386
-394
-419
-419
-424
-432
-468
-471
-489
-517
-513
-514
-529
-509
-465
-459
-450
-441
-418
-407
-387
-356
-327
-287
-271
-265
-244
-219
-192
-186
-144
-100
-67
-11
45
90
139
157
178
209
208
200
205
222
266
259
290
305
333
346
383
459
485
534
536
560
557
553
528
561
557
542
562
525
490
443
408
363
359
367
385
403
415
395
369
331
277
235
180
147
117
68
40
1
-64
-99
-136
-184
-221
-206
-201
-210
-205
-216
-216
-245
-263
-283
-293
-358
-368
-408
-434
-457
-491
-459
-481
-481
-495
-494
-487
-496
-481
-477
-447
-417
-414
-417
-402
-406
-415
-407
-392
-388
-342
-312
-288
-261
-266
-239
-198
-167
-131
-68
-19
-5
31
61
89
130
121
153
185
200
242
253
277
276
289
342
376
427
456
484
493
482
474
463
489
471
486
521
533
560
550
536
506
495
453
437
425
396
359
351
328
310
281
260
259
226
205
158
107
40
-7
-29
-66
-101
-131
-144
-156
-199
-209
-227
-256
-262
-284
-315
-317
-342
-392
-417
-431
-461
-468
-483
-481
-453
-462
-485
-474
-490
-515
-511
-498
-485
-456
-412
-396
-359
-352
-351
-329
-317
-277
-234
-219
-197
-191
-178
-181
-166
-137
-113
-55
-8
30
64
77
80
87
146
165
188
229
264
291
315
339
346
361
373
402
432
422
405
426
443
432
459
471
439
449
426
426
409
388
404
394
397
391
410
400
385
359
321
287
247
216
174
161
143
122
111
75
35
10
-66
-96
-121
-161
-175
-196
-186
-184
-183
-192
-209
-242
-296
-307
-326
-385
-391
-401
-424
-428
-433
-432
-448
-448
-447
-435
-422
-400
-409
-431
-423
-432
-429
-406
-374
-375
-372
-336
-274
-282
-299
-253
-237
-231
-215
-184
-166
-129
-120
-90
-46
-32
19
52
98
132
153
189
240
254
275
311
319
353
359
395
429
434
445
470
464
467
477
473
501
507
477
493
483
464
447
450
449
425
425
426
429
396
386
368
311
260
220
207
175
167
145
108
60
18
-37
-82
-114
-168
-175
-222
-261
-278
-288
-325
-335
-367
-390
-380
-379
-372
-379
-386
-396
-435
-479
-484
-481
-497
-464
-413
-428
-423
-443
-483
-498
-481
-454
-382
-320
-302
-266
-269
-262
-250
-240
-222
-189
-178
-150
-137
-145
-138
-106
-66
-47
7
52
90
115
147
199
210
219
260
284
297
300
298
335
356
361
390
418
419
442
452
475
475
471
451
471
481
472
475
490
483
483
484
452
425
375
342
317
309
301
313
281
249
213
196
173
128
94
59
-2
-60
-87
-136
-162
-186
-200
-232
-238
-249
-318
-353
-378
-389
-386
-382
-394
-430
-479
-506
-505
-508
-499
-503
-499
-506
-521
-530
-527
-504
-481
-485
-440
-392
-388
-410
-383
-336
-330
-292
-242
-193
-166
-139
-121
-99
-74
-54
-18
24
31
78
105
116
116
128
172
226
255
303
336
349
371
379
383
355
377
389
423
444
455
453
474
470
455
461
431
417
400
414
395
388
352
308
318
314
320
324
331
316
299
290
237
183
150
119
110
99
58
48
-45
-80
-96
-125
-131
-136
-109
-146
-189
-220
-238
-278
-301
-309
-294
-311
-335
-351
-366
-377
-389
-392
-387
-393
-408
-420
-442
-450
-433
-440
-434
-419
-378
-383
-362
-337
-334
-325
-343
-297
-274
-219
-226
-192
-194
-217
-194
-164
-142
-116
-51
-42
-7
15
55
69
103
127
171
185
199
246
247
269
322
337
348
355
390
394
394
439
460
474
468
468
473
453
457
435
424
440
408
387
380
391
362
351
355
363
327
297
294
269
223
179
137
105
74
49
47
21
-13
-32
-70
-113
-164
-179
-224
-261
-262
-293
-332
-359
-382
-357
-377
-384
-362
-370
-367
-393
-354
-337
-350
-377
-371
-363
-379
-396
-421
-411
-411
-398
-409
-380
-340
-287
-236
-196
-180
-196
-196
-217
-187
-165
-151
-125
-94
-74
-88
-61
-29
-21
17
46
80
93
91
97
142
185
232
285
335
367
390
368
375
345
333
298
303
319
317
365
384
420
424
433
402
402
384
373
365
354
320
316
304
302
289
318
309
264
251
207
157
108
107
74
76
69
61
18
-33
-63
-123
-108
-154
-178
-152
-206
-217
-239
-275
-339
-351
-353
-374
-346
-329
-344
-363
-367
-388
-395
-426
-419
-415
-410
-407
-401
-422
-442
-422
-413
-360
-354
-319
-316
-299
-308
-275
-227
-192
-177
-126
-76
-59
-19
-13
-5
-3
27
41
51
77
92
147
150
211
248
255
262
321
354
365
379
379
398
376
416
415
423
445
444
409
387
388
399
387
389
399
372
317
334
315
285
321
336
328
301
260
226
141
88
70
69
42
18
22
-11
-49
-78
-52
-91
-105
-113
-112
-133
-195
-184
-247
-296
-314
-329
-344
-388
-384
-374
-385
-386
-379
-380
-400
-386
-381
-380
-369
-377
-366
-370
-372
-349
-335
-331
-324
-301
-276
-245
-226
-204
-174
-172
-141
-150
-150
-137
-138
-126
-99
-47
-10
34
84
90
73
59
92
94
116
176
204
250
252
285
269
287
316
331
347
379
390
357
362
366
372
379
402
396
417
409
408
398
402
373
375
383
348
309
279
246
220
231
238
228
203
198
169
176
126
85
50
-7
-26
-56
-61
-87
-151
-173
-202
-249
-259
-250
-262
-264
-232
-271
-300
-362
-389
-414
-453
-426
-433
-427
-428
-434
-440
-424
-437
-418
-373
-344
-331
-347
-307
-320
-340
-320
-321
-298
-279
-225
-215
-188
-200
-194
-138
-128
-46
-10
7
-3
9
39
91
102
123
179
209
212
220
212
207
218
250
299
325
367
331
372
371
398
448
463
473
422
400
374
352
300
314
323
316
325
299
290
316
287
282
279
249
206
156
171
121
73
101
117
110
83
53
-4
-35
-55
-68
-85
-88
-90
-104
-121
-123
-143
-181
-195
-213
-224
-238
-253
-286
-274
-281
-316
-323
-317
-289
-285
-290
-279
-283
-273
-311
-293
-266
-282
-301
-284
-288
-309
-297
-272
-284
-273
-251
-229
-218
-193
-182
-166
-137
-95
-91
-82
-54
-41
-40
11
22
-10
5
28
28
14
81
101
141
171
207
233
214
231
225
276
265
291
297
277
305
302
315
299
300
318
323
292
299
299
268
267
256
270
302
325
319
290
276
228
149
99
94
73
52
83
101
78
41
29
-6
-66
-59
-15
-28
-32
-4
-46
-116
-163
-193
-218
-222
-222
-214
-234
-264
-288
-277
-260
-241
-177
-168
-160
-160
-181
-216
-226
-227
-214
-213
-175
-179
-189
-185
-187
-197
-194
-149
-122
-110
-98
-80
-81
-73
-34
-30
8
47
11
-29
-24
-27
-48
-53
-27
36
50
90
102
99
70
52
31
46
52
36
94
111
140
137
140
133
113
113
123
100
100
123
114
108
115
127
125
132
135
138
142
165
149
149
156
122
115
111
85
84
87
73
71
92
76
61
56
29
-6
-19
-9
5
18
22
23
7
3
-24
-63
-116
-132
-144
-123
-122
-154
-118
-133
-145
-120
-99
-142
-135
-123
-130
-100
-88
-103
-103
-130
-146
-169
-171
-177
-217
-146
-140
-103
-55
-8
16
34
46
27
29
35
20
-23
-51
-34
-41
-57
-9
2
5
49
55
85
130
118
170
141
130
122
132
119
110
125
117
139
153
150
120
81
46
76
66
69
92
104
117
104
95
69
65
55
34
-4
-7
0
-1
14
6
26
-5
-34
-33
-85
-102
-93
-93
-108
-78
-101
-103
-56
-78
-81
-56
-44
-69
-76
-83
-92
-88
-97
-114
-123
-104
-72
-51
-38
-36
-41
-77
-84
-53
-57
-38
-25
-10
-26
-38
-62
-74
-80
-86
-68
-62
-14
-22
-6
35
50
44
33
42
14
6
9
-10
5
2
29
37
52
67
49
61
56
97
125
145
139
158
164
126
153
118
99
106
127
130
178
196
164
188
143
137
99
102
93
82
112
116
117
103
74
51
9
20
16
12
23
-15
-29
-42
-63
-90
-104
-91
-110
-105
-116
-152
-194
-214
-193
-186
-175
-172
-155
-179
-191
-192
-169
-165
-151
-136
-144
-179
-176
-194
-210
-226
-221
-211
-199
-159
-127
-128
-145
-123
-102
-69
-67
-17
-7
16
-1
-12
10
-38
-11
5
13
38
92
130
128
125
153
135
128
127
128
161
203
216
210
199
175
152
140
134
165
200
223
264
279
252
224
210
222
207
217
227
208
182
143
123
133
104
98
112
100
92
100
61
33
55
71
60
37
45
28
4
-8
-14
-25
-53
-78
-93
-108
-105
-142
-124
-136
-159
-177
-168
-182
-208
-214
-235
-256
-284
-250
-222
-213
-219
-210
-233
-246
-239
-260
-250
-263
-258
-262
-220
-210
-221
-210
-216
-190
-169
-136
-123
-125
-120
-123
-126
-95
-101
-48
-20
-13
-13
17
37
68
72
87
116
94
112
110
127
153
169
205
193
215
213
214
242
244
261
251
262
235
247
235
244
299
293
259
261
256
240
221
248
277
274
256
233
186
153
126
85
94
71
86
116
101
86
58
67
58
13
5
-17
-39
-75
-81
-95
-130
-146
-170
-156
-178
-160
-148
-145
-139
-166
-174
-189
-217
-215
-205
-227
-213
-218
-253
-298
-292
-270
-258
-263
-267
-237
-238
-206
-187
-178
-147
-136
-127
-126
-187
-191
-221
-234
-204
-162
-111
-93
-63
-62
-41
-34
-10
0
4
50
80
100
105
92
81
80
112
153
159
181
198
214
191
226
242
246
238
241
271
276
288
292
295
287
267
247
240
227
233
256
234
237
276
257
251
205
169
146
121
121
91
85
65
47
49
3
-23
-48
-79
-97
-103
-83
-95
-95
-111
-134
-153
-168
-173
-199
-198
-212
-240
-260
-266
-297
-299
-269
-270
-253
-257
-251
-276
-258
-248
-222
-203
-218
-193
-178
-180
-182
-183
-159
-140
-127
-117
-103
-99
-88
-52
-26
-19
-21
23
44
28
29
64
84
103
120
132
135
119
116
121
129
165
182
188
209
211
205
201
194
195
211
215
243
232
198
211
210
203
196
204
188
168
154
147
120
111
115
138
123
95
101
79
66
51
30
41
-1
-54
-46
-67
-66
-47
-68
-55
-63
-109
-100
-137
-140
-154
-157
-158
-158
-151
-158
-170
-175
-176
-188
-186
-207
-221
-219
-214
-207
-189
-160
-176
-136
-156
-174
-178
-156
-123
-99
-88
-106
-108
-118
-106
-87
-46
-28
-19
3
16
27
-6
8
16
18
43
88
67
79
78
81
106
120
135
160
190
220
238
232
226
202
179
187
180
184
201
215
220
189
178
174
154
147
171
167
185
180
143
109
74
53
62
61
50
55
75
61
23
27
-31
-75
-81
-66
-65
-86
-78
-86
-113
-123
-165
-182
-201
-220
-210
-193
-162
-152
-159
-185
-206
-222
-215
-216
-205
-227
-205
-218
-217
-195
-205
-164
-146
-114
-86
-83
-65
-76
-67
-117
-173
-198
-166
-162
-75
77
157
199
144
107
82
37
19
80
122
127
132
170
175
127
136
146
176
139
157
186
162
163
193
232
228
231
188
163
137
132
118
135
157
175
190
171
159
154
139
109
101
64
46
34
11
10
21
13
11
3
-15
-16
2
-26
-17
-10
-34
-59
-81
-111
-170
-199
-178
-195
-222
-200
-189
-201
-196
-170
-172
-174
-177
-152
-145
-161
-170
-160
-176
-205
-204
-174
-150
-136
-132
-120
-122
-111
-99
-89
-53
-52
-20
-11
-12
-28
-50
-33
-28
11
6
42
61
47
51
82
123
122
131
161
167
146
166
174
160
154
176
163
162
142
129
144
150
159
205
201
192
179
173
157
124
118
101
81
89
107
98
96
115
110
63
43
47
2
-8
-6
-37
-61
-89
-92
-94
-85
-47
-62
-56
-50
-44
-32
-61
-47
-70
-106
-133
-139
-172
-196
-195
-168
-141
-108
-83
-122
-139
-155
-170
-143
-123
-113
-94
-85
-91
-128
-140
-157
-159
-146
-99
-64
-48
-33
-56
-75
-65
-97
-79
-58
-76
-65
-64
-61
-34
5
16
64
75
98
89
69
63
37
47
34
62
85
122
164
186
201
206
219
199
178
156
148
145
135
173
148
162
181
161
162
182
203
201
240
221
193
173
153
87
79
79
59
51
46
35
15
18
2
-7
-11
-27
-44
-50
-87
-101
-85
-77
-65
-92
-89
-119
-145
-164
-160
-168
-165
-189
-201
-188
-196
-158
-135
-126
-118
-107
-134
-180
-220
-225
-245
-226
-187
-164
-129
-112
-121
-133
-118
-89
-53
-44
-30
-23
-42
-50
-72
-53
-48
-18
-1
36
67
67
102
85
90
130
147
134
121
104
76
60
100
102
134
139
165
180
186
161
155
151
110
125
116
114
80
85
94
92
78
80
91
70
63
71
83
65
67
63
18
7
22
34
27
51
28
27
1
-37
-17
-45
-53
-34
-33
-63
-98
-134
-151
-159
-116
-73
-43
-8
-23
-34
-68
-117
-130
-117
-102
-70
-62
-60
-80
-104
-130
-128
-116
-106
-87
-75
-73
-60
-33
-34
-19
-1
-10
-19
-15
2
9
35
33
50
55
32
18
1
12
-9
15
14
28
52
74
78
85
75
73
67
68
97
73
79
59
42
26
29
31
20
49
48
41
59
46
30
36
69
57
76
85
60
44
36
0
-4
16
25
42
55
43
27
-8
-18
18
31
43
55
58
29
8
-45
-45
-72
-66
-58
-49
-30
-40
-31
-55
-51
-50
-82
-82
-43
-36
-29
-35
-65
-91
-112
-120
-119
-106
-80
-86
-90
-98
-103
-106
-96
-81
-64
-49
-54
-58
-80
-89
-87
-65
-51
-36
-18
6
-3
-16
-9
-27
1
11
21
17
15
18
8
1
22
31
36
52
61
67
81
95
106
111
100
98
105
93
81
97
92
107
101
107
100
112
114
93
99
105
115
149
137
124
95
68
42
36
53
68
87
77
81
91
85
88
60
32
19
-12
-23
-36
-40
-54
-39
-34
-57
-53
-72
-83
-85
-83
-85
-69
-71
-83
-83
-89
-120
-120
-134
-129
-155
-154
-142
-159
-145
-146
-139
-157
-141
-145
-124
-101
-97
-68
-54
-70
-84
-100
-99
-86
-95
-60
-36
-35
-38
-24
-9
-35
-23
-7
17
35
30
49
62
48
55
63
96
94
90
105
120
106
98
111
107
126
159
151
168
159
159
139
112
116
113
110
109
132
132
151
125
71
64
62
37
37
71
99
91
84
52
42
17
10
50
48
34
27
-1
-47
-97
-103
-94
-92
-73
-58
-64
-99
-102
-114
-140
-114
-102
-105
-84
-75
-98
-103
-102
-142
-149
-149
-124
-144
-144
-112
-100
-90
-93
-88
-108
-131
-131
-119
-101
-76
-60
-21
-9
-42
0
-7
-41
-49
-37
-39
-41
-10
-21
8
19
57
64
85
94
71
98
103
103
123
132
122
94
64
70
70
88
95
133
143
152
174
182
166
155
146
148
129
115
113
88
87
88
81
81
82
62
21
42
57
60
95
76
67
32
8
-35
-68
-89
-74
-51
-40
-26
-49
-56
-87
-72
-69
-72
-85
-90
-81
-110
-109
-121
-106
-115
-128
-128
-150
-162
-165
-151
-145
-130
-100
-84
-90
-87
-82
-63
-61
-70
-64
-92
-104
-114
-107
-113
-79
-42
-29
-20
-6
-16
10
11
2
-6
-1
8
15
14
8
40
29
53
59
74
57
64
70
87
95
99
91
82
95
105
108
99
122
106
113
109
123
141
157
148
146
134
129
113
120
118
113
87
78
75
58
61
72
92
73
74
90
83
62
43
20
12
-38
-35
-49
-60
-56
-55
-54
-67
-95
-88
-105
-116
-102
-121
-108
-123
-119
-126
-123
-127
-149
-149
-152
-166
-150
-162
-176
-168
-145
-152
-122
-114
-97
-93
-78
-71
-117
-67
-58
-48
-22
-51
-34
-33
-48
-47
-28
-21
-1
23
27
38
45
66
59
76
104
116
116
123
117
96
106
74
60
66
94
107
131
174
172
176
170
182
147
132
140
169
151
138
142
117
86
61
60
40
42
60
64
44
33
36
32
-21
-11
-24
-11
-9
2
29
29
-8
-55
-79
-132
-125
-119
-119
-106
-92
-77
-71
-66
-80
-91
-129
-132
-150
-141
-126
-130
-120
-116
-102
-105
-108
-93
-103
-103
-87
-97
-110
-120
-119
-115
-84
-79
-52
-34
-29
-12
-9
7
-21
-15
-41
-34
-27
-33
-19
16
8
10
28
16
40
44
83
83
108
111
115
112
81
88
90
116
104
107
119
102
108
113
136
137
152
154
148
141
128
146
138
127
111
114
101
102
82
66
67
39
31
47
70
52
55
42
22
-9
-14
-22
-18
-32
-29
-30
-44
-65
-79
-112
-115
-115
-94
-61
-65
-76
-97
-129
-166
-170
-165
-141
-144
-129
-117
-145
-171
-168
-158
-136
-94
-80
-70
-59
-66
-70
-72
-78
-87
-88
-87
-70
-56
-43
-24
-15
-30
-25
-12
9
-2
38
56
46
61
79
76
61
63
51
56
42
66
80
111
94
96
109
84
102
97
108
107
138
119
110
102
83
85
72
80
77
67
85
67
71
81
72
54
27
49
42
36
18
45
42
32
29
16
7
-24
-37
-25
-49
-46
-29
-39
-24
-11
-31
-23
-25
-44
-46
-73
-76
-85
-79
-97
-119
-111
-106
-100
-82
-62
-63
-67
-75
-76
-72
-69
-66
-62
-46
-71
-78
-85
-107
-80
-59
-39
-31
-47
-29
-32
-22
-28
-26
-11
-23
-23
-23
6
18
31
45
43
66
54
56
38
54
38
59
71
60
98
78
116
91
85
84
83
71
72
88
96
113
105
109
86
76
70
61
43
30
38
36
34
46
40
36
25
30
28
26
17
-11
2
-21
-11
-21
-7
-9
-37
-52
-81
-62
-85
-78
-67
-61
-55
-33
-39
-59
-64
-86
-71
-74
-66
-62
-50
-65
-79
-86
-94
-91
-110
-102
-93
-71
-77
-55
-55
-71
-64
-50
-23
-27
-21
-13
-22
-21
-25
-17
0
22
28
41
56
28
51
28
33
38
46
67
73
84
89
89
86
66
65
65
75
85
89
73
30
33
12
11
25
64
86
84
88
59
35
0
11
9
20
67
72
69
42
30
9
2
11
14
23
32
45
24
26
11
6
1
-16
-6
-8
-2
-11
-26
-24
-35
-43
-59
-53
-49
-38
-38
-39
-54
-42
-45
-60
-62
-80
-73
-80
-73
-74
-81
-86
-66
-72
-81
-98
-92
-82
-91
-68
-30
-28
-16
-19
-28
-38
-31
-31
-36
-49
-70
-66
-67
-49
-44
-35
-11
11
28
40
42
46
53
34
30
17
13
23
37
55
46
73
83
81
95
88
85
91
80
87
84
82
51
70
87
86
89
96
97
98
86
86
101
45
77
51
42
41
41
27
35
49
53
28
28
13
-6
-22
-21
-15
-20
-4
-15
-16
-24
-42
-53
-82
-85
-66
-89
-55
-37
-36
-29
-23
-53
-47
-55
-73
-67
-89
-90
-105
-87
-76
-74
-65
-54
-56
-79
-105
-98
-112
-83
-57
-61
-53
-38
-37
-55
-42
-23
-29
-15
-8
-17
-24
-45
-45
-55
-24
0
12
48
54
80
67
44
75
46
24
43
66
39
39
28
47
52
64
107
72
100
104
83
85
69
58
38
43
46
31
62
44
28
37
36
57
43
58
36
33
27
3
13
1
11
17
22
27
28
-15
-13
-28
-32
-24
-13
1
-17
-8
-1
-8
-16
-11
-6
-5
-23
-39
-38
-44
-56
-34
-2
-12
-9
7
-7
-26
-41
-55
-70
-70
-63
-29
3
-1
-1
-21
-25
-90
-49
-70
-74
-7
2
8
5
-9
-25
-38
-41
-44
-20
-14
-5
-23
-38
-40
-57
-55
-20
-13
-7
12
7
7
18
46
32
30
23
16
-20
-17
-12
4
-3
20
38
45
40
6
23
-1
6
30
37
39
38
48
46
54
58
51
62
50
27
26
17
-9
8
17
19
39
32
42
45
61
41
54
32
27
31
14
28
17
28
43
41
27
14
8
-2
-23
-13
1
-4
11
2
-10
-29
-38
-37
-43
-54
-61
-71
-76
-72
-76
-69
-65
-64
-78
-94
-74
-74
-66
-53
-44
-27
-59
-49
-60
-81
-69
-47
-29
-43
-46
-42
-30
-28
-15
-11
4
2
17
37
28
29
40
39
42
48
58
63
71
70
67
75
71
90
89
103
124
111
109
111
63
52
59
53
51
50
55
43
42
58
46
45
44
30
45
28
16
7
-9
-15
-40
-42
-53
-56
-90
-104
-111
-95
-78
-66
-32
-30
-37
-49
-72
-78
-112
-116
-106
-98
-81
-86
-76
-84
-82
-73
-80
-73
-65
-55
-28
-38
-33
-30
-20
-13
-15
12
1
-4
-9
0
2
12
37
51
49
70
66
53
62
62
81
89
105
94
92
72
59
44
43
57
59
71
68
91
74
75
78
71
76
86
81
78
75
64
49
40
44
35
41
23
6
-13
-23
-29
-18
-10
-5
0
-2
8
-8
-15
-36
-38
-41
-44
-35
-54
-51
-62
-60
-59
-70
-91
-91
-94
-107
-118
-86
-86
-77
-69
-68
-73
-87
-93
-122
-104
-120
-122
-91
-99
-90
-75
-51
-43
-52
-41
-54
-49
-52
-34
-28
-17
-2
2
8
10
36
41
68
79
87
102
82
61
47
55
64
75
75
111
115
128
133
133
136
125
127
128
116
77
72
61
46
63
80
94
96
90
90
78
65
63
58
61
76
82
70
35
9
-27
-13
-20
-21
-1
4
8
12
2
-8
-14
-56
-66
-71
-82
-114
-102
-102
-127
-96
-87
-69
-60
-72
-77
-89
-106
-127
-110
-115
-104
-73
-71
-78
-79
-97
-113
-123
-114
-94
-91
-66
-52
-50
-38
-40
-35
-65
-54
-39
-38
-30
-11
1
-7
6
20
10
14
16
22
14
27
49
60
71
81
78
66
81
50
64
75
76
80
82
79
70
88
76
91
105
115
99
96
92
60
47
45
53
65
85
89
100
93
89
67
41
27
11
26
16
39
31
44
28
23
11
-5
-8
-27
-18
-12
-6
-7
-7
-32
-29
-42
-44
-46
-55
-58
-73
-75
-101
-109
-130
-123
-120
-130
-84
-83
-72
-68
-58
-61
-69
-67
-90
-98
-86
-64
-70
-53
-43
-38
-38
-43
-33
-56
-44
-32
-27
2
13
8
2
3
6
-4
7
10
21
31
31
34
49
50
42
62
71
82
70
74
47
36
9
16
43
59
91
100
98
76
61
53
38
38
36
36
55
60
49
58
48
35
39
46
35
28
40
36
40
33
33
32
3
-14
-23
-37
-31
-38
-24
-22
-18
-12
-17
-15
-40
-33
-62
-44
-63
-46
-30
-31
-15
-29
-4
-34
-35
-69
-61
-76
-83
-61
-58
-55
-50
-26
-16
-24
-27
-14
-25
-7
-23
-23
-8
-39
-33
-19
-1
-4
-1
23
-7
7
-2
-7
-6
-6
14
17
23
17
33
36
25
16
22
35
18
22
19
32
23
43
60
59
75
55
53
41
28
19
34
22
19
19
7
7
-7
-7
-8
4
21
21
29
21
6
-5
-7
-17
-21
-22
-11
-33
-25
-41
-37
-22
-27
-20
-24
-20
-34
-46
-55
-49
-45
-41
-41
-44
-39
-52
-41
-36
-32
-16
-6
-1
1
2
-10
-2
-13
-12
-11
-8
-18
-15
-23
-21
-12
-3
35
33
41
62
54
44
40
29
28
28
34
50
35
56
47
25
38
24
44
58
69
73
81
69
63
37
6
-4
-10
2
8
24
19
29
19
1
-3
6
-1
22
30
32
7
-7
-6
-34
-24
-22
-5
-4
-8
-8
-25
-55
-60
-59
-52
-49
-29
-7
-15
-33
-26
-44
-77
-69
-73
-49
-35
-25
-10
-24
-19
-44
-38
-44
-42
-21
-10
-2
-26
-36
-36
-49
-33
-38
-23
-18
-4
-6
-19
-7
-37
-40
-41
-34
-23
-5
0
23
23
13
18
28
33
25
27
23
19
6
15
30
28
23
37
25
8
11
7
15
22
46
65
89
113
94
71
40
34
19
16
35
30
44
61
58
58
61
47
54
41
54
48
66
52
30
31
19
8
22
24
5
27
13
17
-4
-11
-15
-20
-24
-18
-24
-33
-36
-46
-50
-67
-49
-69
-72
-77
-89
-70
-75
-54
-59
-54
-66
-63
-63
-78
-69
-65
-62
-65
-33
-47
-40
-61
-55
-43
-35
-30
-24
-1
-16
-24
-16
-20
-31
-9
-13
-12
7
5
-4
5
-13
-4
28
41
69
93
96
76
60
40
3
7
1
5
32
36
50
44
49
44
23
22
22
23
36
46
61
68
71
85
66
55
21
2
-4
7
28
30
38
33
29
6
18
4
17
33
47
52
38
34
-1
9
10
12
19
11
-3
-6
-15
-25
-28
-16
-1
-3
2
0
-9
-30
-23
-40
-21
-37
-55
-55
-75
-74
-81
-52
-47
-22
-18
-19
-28
-37
-49
-67
-58
-76
-42
-32
-40
-30
-27
-47
-56
-53
-51
-55
-33
-35
-24
-30
-32
-35
-33
-39
-25
-26
-34
-16
-24
-3
-3
30
31
5
8
11
3
-12
-5
18
21
45
65
64
50
55
57
28
20
24
12
27
41
61
65
58
66
41
26
38
52
84
81
104
88
69
58
42
45
51
50
67
58
50
35
24
26
35
36
53
54
47
40
40
19
-8
-21
-41
-57
-48
-34
-37
-26
-32
-23
-25
-13
-28
-25
-46
-57
-63
-64
-84
-62
-69
-60
-54
-67
-72
-93
-86
-76
-63
-45
-23
-31
-21
-34
-48
-43
-54
-59
-40
-43
-36
-41
-33
-20
-9
-6
12
19
25
13
24
11
6
7
1
-7
1
-9
5
-4
9
19
23
49
15
38
44
60
54
65
54
51
34
21
30
16
-1
15
27
17
27
32
27
28
35
29
42
50
32
33
7
2
-9
-12
-9
-13
-13
-9
-13
-13
1
-3
5
18
11
12
-7
1
-23
-23
-15
-18
-10
-4
1
-3
9
-7
-9
-13
-1
5
18
31
27
40
33
11
4
-26
-28
-32
-28
-8
-1
10
14
15
5
-8
-10
-3
-9
-1
3
31
33
13
21
-8
-35
-35
-49
-22
-26
-6
-2
-9
0
-2
7
-3
-2
1
-2
-14
-7
-19
-17
-17
-28
-36
-46
-41
-30
-19
-5
16
33
29
21
6
-9
-21
-11
-12
-25
-22
-25
-26
-34
-8
-2
17
20
17
9
2
2
6
8
7
7
21
22
19
33
34
24
6
-1
-5
-6
-11
-5
9
19
22
16
3
-11
-16
-19
-24
-29
-23
-10
-17
-21
-5
-21
-21
-27
-26
-34
-42
-21
-31
-11
2
18
-2
5
7
-9
-18
-13
-11
-19
-9
6
7
9
14
13
27
10
31
38
57
62
66
66
64
68
48
55
44
52
35
44
39
39
36
54
41
45
47
30
32
17
45
43
58
50
47
27
16
-3
-20
-35
-14
-13
-8
5
-12
-1
-17
-21
-24
-16
-18
-29
-40
-52
-80
-80
-68
-98
-68
-52
-49
-45
-41
-70
-65
-56
-66
-50
-39
-33
-46
-53
-63
-79
-82
-80
-69
-46
-37
-29
-27
-34
-34
-51
-46
-49
-33
-13
1
12
9
7
-11
-15
-19
-3
21
32
39
31
28
-1
-3
4
0
17
38
78
65
70
47
28
27
32
29
31
52
31
59
62
81
74
71
77
80
79
77
90
85
86
80
75
68
54
47
41
42
35
57
51
45
45
45
42
29
49
34
45
37
4
0
-27
-21
-18
-14
-11
-13
-18
-32
-41
-59
-61
-67
-57
-54
-41
-37
-47
-69
-84
-110
-98
-113
-103
-86
-80
-49
-62
-57
-68
-74
-83
-88
-74
-71
-54
-38
-55
-51
-61
-72
-76
-63
-42
-22
-10
3
13
-18
-6
-23
-12
-2
24
33
49
62
56
55
39
27
25
16
32
32
22
48
42
39
48
72
57
68
76
84
66
62
47
30
7
-2
5
-3
3
0
15
32
35
28
32
33
36
41
44
32
27
9
5
-2
-15
-21
-4
-10
0
14
23
20
15
2
5
5
5
7
-4
6
3
6
-10
-6
-19
-20
-8
-14
-21
-23
-26
-27
-39
-27
-9
-17
-27
-24
-25
-42
-40
-25
-34
-27
-34
-42
-36
-56
-43
-42
-43
-20
-18
-21
-7
-16
-22
-15
-21
-5
12
2
17
11
18
-9
12
17
11
34
43
44
50
50
29
29
16
26
31
31
34
41
27
29
24
27
33
33
58
40
41
28
16
-4
7
6
17
18
35
35
21
25
19
6
30
36
1
-3
-14
-37
-38
-48
-53
-35
-25
-19
-39
-29
-13
-36
-55
-55
-49
-74
-53
-38
-49
-47
-36
-35
-60
-67
-66
-70
-53
-35
2
-5
-10
-15
-20
-28
-60
-47
-40
-34
-29
1
9
4
22
23
24
12
10
9
7
8
17
25
33
27
35
32
22
38
35
36
40
58
66
41
28
14
19
23
33
54
53
48
35
28
-7
-6
3
22
41
61
58
30
25
16
-3
-1
21
31
26
38
35
10
22
0
11
-6
10
14
21
22
13
25
23
28
25
20
8
2
-1
-25
-19
-21
-8
-12
-3
2
-23
-30
-33
-18
-28
-13
-12
-23
-47
-50
-58
-86
-77
-72
-60
-58
-42
-52
-51
-59
-56
-48
-38
-14
-30
-42
-59
-61
-85
-70
-60
-57
-54
-33
-24
-24
-12
-8
-17
-7
0
-8
15
0
8
-5
0
9
15
19
19
39
35
52
39
50
43
62
71
69
79
68
63
64
68
79
79
88
89
76
68
58
44
41
47
50
75
67
71
52
39
30
16
16
14
39
37
34
33
19
15
17
4
-4
-4
-18
-24
-44
-56
-55
-26
-35
-15
-9
-27
-48
-70
-69
-74
-62
-55
-46
-58
-69
-73
-97
-109
-103
-112
-100
-79
-67
-47
-48
-64
-64
-76
-71
-66
-69
-64
-70
-59
-67
-72
-64
-61
-32
-30
-17
-6
0
1
11
12
17
19
31
30
32
32
32
48
46
52
59
74
89
101
104
110
105
107
104
103
92
108
95
99
105
92
71
71
61
51
62
77
81
96
90
74
74
65
48
29
28
9
16
15
1
-8
-12
-20
-16
-23
-8
-27
-13
-38
-47
-45
-59
-67
-56
-60
-62
-51
-76
-73
-95
-88
-89
-92
-68
-56
-52
-48
-56
-43
-56
-74
-77
-68
-80
-68
-51
-55
-54
-47
-42
-46
-31
-28
-23
-20
-12
-3
-19
-21
-19
-32
-45
-40
-35
-34
-6
-7
6
2
15
9
-1
23
16
34
41
51
50
54
49
33
25
52
60
58
77
63
72
60
75
80
80
84
76
69
66
65
55
72
80
82
78
72
59
60
39
35
38
45
35
40
39
5
-6
7
-17
-16
-5
-11
-17
-25
-20
-41
-41
-49
-43
-55
-56
-63
-56
-74
-59
-61
-59
-39
-53
-55
-59
-48
-68
-75
-77
-88
-77
-65
-59
-42
-36
-35
-45
-50
-47
-56
-56
-55
-55
-55
-35
-33
-24
-13
-15
-4
-7
-5
-5
-8
-16
-2
-6
1
2
7
-1
-4
6
9
34
36
57
75
59
55
54
46
29
44
50
50
71
78
73
65
60
62
54
54
75
69
89
81
72
71
56
46
32
41
26
37
17
21
18
14
24
24
30
48
37
29
21
-2
-24
-39
-42
-49
-45
-39
-26
-30
-35
-40
-48
-56
-44
-54
-53
-45
-47
-39
-46
-44
-42
-54
-50
-75
-65
-56
-59
-55
-31
-22
-21
-8
-23
-24
-29
-35
-19
-27
-13
-12
-3
6
-1
-2
-19
11
6
17
43
34
37
35
38
43
34
33
38
24
20
21
40
26
29
36
32
29
35
36
23
44
39
26
24
29
6
10
-1
4
-9
-4
1
-6
6
0
25
4
1
-12
-18
-21
-24
-17
-11
-7
-33
-31
-40
-49
-45
-35
-36
-22
-13
-30
-26
-36
-37
-34
-30
-26
-16
-18
-28
-31
-33
-32
-14
-26
-24
-26
-26
-8
-1
2
6
11
5
-9
2
13
7
16
28
16
10
18
9
14
19
26
38
51
53
40
46
38
26
9
18
24
16
26
29
34
24
20
17
10
14
12
33
35
41
50
32
31
15
14
10
17
25
21
17
11
17
-1
6
1
-2
4
-1
6
-5
-25
-32
-28
-31
-19
-16
-11
-17
-17
-22
-18
-25
-20
-24
-18
-32
-40
-41
-39
-39
-50
-26
-31
-35
-54
-47
-54
-39
-32
-16
-3
-16
-17
-21
-13
-30
-16
0
-7
-3
-8
-8
-26
-14
-5
4
18
2
15
12
-2
-4
3
9
11
4
18
3
13
7
13
13
3
22
21
28
30
40
32
38
20
32
18
16
23
18
26
23
23
23
25
35
46
50
41
38
29
21
15
13
19
9
6
-9
-9
-28
-40
-39
-20
-18
5
3
28
13
11
-1
-15
1
-24
-20
-34
-40
-58
-25
-25
-22
-15
-19
-17
-16
-13
-9
-5
-7
5
0
-3
-11
1
-16
-12
-11
-18
-15
-7
-14
-12
0
8
5
8
14
15
15
26
44
29
20
16
0
-4
-4
-4
9
8
25
24
24
23
11
26
20
31
23
32
18
2
10
3
10
14
10
13
10
3
7
5
-14
-5
-11
-12
-1
-7
-3
-16
-18
-28
-29
-37
-33
-36
-31
-29
-19
-24
-22
-42
-50
-48
-68
-51
-50
-50
-31
-23
-16
-8
-5
-9
-12
-12
-16
-10
-19
-15
-10
-4
-1
6
-4
-17
2
-15
0
4
11
18
22
36
39
54
33
31
22
17
6
20
11
20
25
20
28
26
30
21
32
20
10
12
4
-4
-10
-5
-4
15
14
16
9
9
6
-2
-1
-8
14
3
12
8
14
17
10
4
0
4
7
26
24
32
31
18
6
4
-11
-12
-6
-4
13
14
23
30
18
16
28
13
5
17
2
19
21
19
12
9
14
-10
5
12
-3
-3
-7
-8
-24
-14
-15
-3
-5
1
10
-7
-14
-28
-31
-36
-25
-13
-1
8
-12
-17
-21
-42
-52
-54
-46
-39
-29
-21
-20
-12
-21
-34
-26
-32
-47
-47
-42
-42
-40
-42
-34
-25
-40
-37
-40
-34
-45
-29
-34
-24
-15
-8
-2
-7
-11
-29
-20
-38
-19
-21
-2
0
8
18
14
17
16
28
28
30
41
34
60
53
55
55
58
50
39
42
27
33
46
53
55
58
57
55
54
49
47
34
40
31
24
44
36
50
58
46
36
27
6
18
13
22
36
39
23
9
8
-11
-1
-1
11
-5
14
-3
-12
-25
-18
-16
-7
7
-12
2
-14
-25
-39
-36
-45
-42
-33
-31
-34
-14
-8
-17
-21
-26
-33
-34
-50
-53
-52
-63
-60
-62
-45
-40
-34
-20
-33
-28
-40
-34
-35
-32
-39
-20
-24
-37
-45
-40
-38
-39
-20
-5
1
-3
9
-3
-5
2
0
5
5
12
-2
2
-2
7
17
9
21
18
3
11
8
15
18
26
41
33
34
25
25
21
24
38
33
33
26
13
14
17
17
32
27
40
36
46
51
37
42
42
44
52
48
32
21
5
-4
-12
-5
-7
9
15
35
18
17
4
-10
-12
-15
8
-14
5
-7
-10
-23
-17
-29
-29
-17
-18
-7
-15
-26
-24
-19
-24
-6
-15
-8
-22
-10
-29
-22
-18
-4
2
-8
11
-17
-11
-19
-29
-17
-7
1
-8
-1
-7
-7
-7
-7
-13
-10
-18
-32
-29
-34
-14
-3
11
17
18
19
7
-7
-20
2
-6
-6
11
6
5
1
9
-3
0
-2
-4
-5
-3
5
7
13
5
9
4
-8
-3
-16
0
-5
0
-9
-5
-9
-22
-15
-6
-7
-4
3
-4
0
-4
2
-11
3
-1
-3
-4
-2
-9
-22
-21
-18
-16
-10
14
22
36
28
18
27
23
26
35
36
33
15
22
1
6
12
19
26
31
30
23
20
6
15
26
45
37
48
34
34
17
2
-9
8
19
15
27
5
24
4
8
-1
-9
4
15
17
14
4
-9
-31
-31
-43
-38
-30
-28
-27
-35
-31
-31
-34
-21
-18
-17
-11
-6
1
-13
-20
-32
-45
-48
-32
-23
-18
-7
-10
-12
-6
-24
-27
-24
-21
-1
-2
-12
-19
-29
-40
-19
-31
-24
-27
-44
-37
-42
-23
-15
-23
-12
3
-7
-9
-6
-30
-15
-23
-11
11
14
27
32
27
23
19
10
25
22
23
37
42
54
38
31
30
28
31
48
63
62
61
65
55
46
47
44
57
40
38
49
29
24
23
22
28
42
44
26
25
10
9
6
9
11
18
12
-5
-10
-30
-26
-28
-34
-41
-45
-39
-50
-48
-52
-47
-38
-39
-23
-24
-35
-53
-58
-45
-63
-45
-55
-48
-47
-44
-32
-33
-24
-24
-23
-32
-15
-10
-4
-12
4
7
-1
-4
-12
-17
-11
-3
8
19
32
28
19
26
23
27
19
35
41
28
44
32
33
21
20
17
18
6
6
13
15
14
15
7
16
9
6
5
6
6
-6
-6
-31
-14
-26
-11
-17
-10
0
-17
-1
-2
-4
-4
5
2
2
-8
-8
-9
3
20
25
47
31
8
12
2
-17
-11
-5
15
14
18
5
-10
-13
-18
0
8
5
26
10
13
14
3
4
14
12
10
12
4
-14
-3
-9
-23
-5
1
16
9
12
15
-5
-19
-30
-20
-11
-6
5
10
9
-10
-13
-15
-18
-9
-3
-4
-1
-5
-13
-14
-12
-17
-10
-29
-19
-16
-26
-10
-27
-25
-32
-13
-27
-10
-16
-20
-21
-24
-12
-18
-10
-4
-8
-6
1
-8
-9
-2
-10
-16
5
3
5
11
38
35
25
25
13
22
11
20
36
46
34
46
37
33
34
38
25
21
35
25
18
28
27
26
21
11
8
0
-4
5
9
11
10
-1
-9
-12
-27
-30
-11
-14
3
4
-9
-10
-17
-28
-42
-34
-29
-25
-14
-3
-12
-15
-17
-26
-26
-32
-13
-10
-1
12
-5
-5
-36
-33
-28
-23
1
1
25
20
9
1
4
4
4
12
8
15
26
21
23
19
31
23
36
31
20
37
22
14
6
-4
-2
-4
-16
9
4
9
7
15
10
4
-8
-10
-23
-30
-26
-30
-20
-35
-26
-34
-29
-20
-11
-24
-13
-8
-13
-20
-11
-18
-21
-11
-10
-21
-5
-14
-17
-12
-21
-1
4
-8
4
-15
-22
-12
9
21
30
42
31
27
20
-2
6
-8
-7
1
-8
12
-3
8
4
6
18
20
17
18
23
6
23
23
34
30
38
44
29
20
14
12
1
11
15
34
20
30
29
18
18
12
11
-5
-2
-13
-19
-21
-10
-8
-3
-26
-22
-37
-29
-31
-41
-30
-26
-11
-20
-8
-13
-21
-11
-5
-15
-18
-24
-21
-43
-28
-11
-9
-2
5
6
-25
-8
-9
-13
1
-7
6
13
13
4
7
21
20
25
19
1
-8
-16
-8
-13
-2
-3
-3
10
21
35
36
43
21
20
0
1
16
-8
11
11
8
7
-6
-12
-14
-22
-2
5
9
7
15
-15
-1
-15
-11
-14
-18
-19
-17
-17
-19
-11
-31
-10
-3
-15
-15
0
-14
-6
0
11
-12
0
-5
-15
-6
-4
4
2
15
17
18
16
30
25
26
27
35
36
18
20
12
16
22
28
37
36
38
47
38
31
20
25
26
13
19
15
9
9
0
-13
-12
-23
-23
-14
-4
-6
1
-9
-24
-20
-44
-38
-47
-33
-26
-17
-15
-10
-31
-34
-37
-33
-19
-24
-9
-28
-36
-42
-39
-36
-25
-17
-13
-15
-22
-39
-44
-38
-31
-20
-11
13
-2
-3
-10
0
-10
14
14
23
25
8
11
-2
-4
-5
13
18
17
38
45
44
33
22
29
25
24
36
44
46
32
27
11
2
7
19
28
38
60
42
24
16
14
-6
2
7
5
8
-8
3
-2
2
-3
-2
-2
-11
-21
-20
-10
-12
-7
-7
-13
-14
-13
-9
-6
0
-2
-12
-20
-16
-18
-28
-17
-17
-21
-18
-17
-33
-29
-34
-9
0
21
11
19
-1
-8
-5
-11
-3
4
14
22
13
7
0
-9
13
12
26
18
21
26
3
8
4
-4
-3
5
-6
-1
-1
0
-6
-13
-16
-26
-11
-14
-7
10
0
-5
-13
-19
-13
-25
-16
-7
-21
-18
-11
-7
-8
-3
-3
-2
2
1
-6
-14
-18
-16
-5
-4
19
31
27
29
2
-5
-13
-7
10
34
43
41
35
10
-18
-38
-33
-39
-14
8
12
19
14
20
-2
18
7
11
14
14
11
3
-11
-28
-20
-13
4
26
30
15
13
7
11
14
27
21
29
17
-4
-1
-14
-17
-12
8
5
2
18
-10
-3
-20
-13
-20
-5
5
-8
-1
-11
-26
-25
-10
-19
-8
0
-4
7
1
3
2
-9
3
8
8
-11
3
-12
-10
-21
-11
-13
-15
7
13
31
26
33
11
10
-8
-14
-16
-8
-6
-7
8
1
4
5
5
6
21
27
17
12
7
-5
-11
-5
-6
-3
12
16
15
19
14
5
0
-21
-7
-17
-2
-2
-7
-7
-21
-18
-24
-20
-9
6
11
17
14
-3
-29
-38
-33
-35
-32
-20
-8
-13
-13
-18
-15
-8
-16
-16
1
4
-1
7
3
6
1
5
4
-2
0
-5
-1
7
3
5
33
42
45
33
39
34
18
3
11
13
10
17
8
12
12
18
10
21
31
23
14
3
3
-9
0
-1
-8
-4
-8
-11
-5
-13
-16
-16
-21
-14
-19
-23
-7
-18
-13
-18
-16
-15
-21
-10
-6
-8
-5
3
7
-1
3
-2
8
7
-4
1
-12
-16
-20
-7
-17
2
6
-11
-4
2
5
2
17
25
13
29
4
-7
-19
-6
-5
0
9
17
14
0
17
15
13
15
28
15
15
2
-2
-14
-8
-9
-5
16
20
30
12
18
6
6
0
4
0
-5
-17
-25
-23
-23
-22
-11
-1
-10
-6
-24
-17
-22
-21
-14
-18
-18
-6
-1
-14
-16
-11
-15
-18
-5
-11
-6
5
4
7
22
10
13
14
9
12
17
24
33
40
37
30
16
12
-2
5
11
26
25
25
25
28
27
10
20
3
16
-9
6
-3
-9
-23
-18
-24
-35
-23
-18
-13
-21
-8
-33
-22
-28
-17
-18
-11
-10
-20
-23
-40
-35
-53
-55
-47
-47
-26
-24
-20
-16
-4
-9
3
8
-11
-9
-16
-14
-10
-8
7
11
0
15
9
26
19
38
32
30
43
33
36
31
33
31
28
32
28
34
38
44
55
60
51
53
35
26
23
38
35
30
34
3
-1
-14
-19
-10
-10
-1
12
2
19
12
8
8
-3
0
-19
-13
-31
-42
-39
-50
-32
-42
-21
-31
-28
-15
-16
-10
-14
-17
-25
-26
-39
-28
-44
-37
-47
-40
-48
-51
-37
-35
-18
-19
-11
0
-2
-9
-18
-23
-24
-17
-22
-8
-17
-9
-17
-25
-20
-16
9
0
18
28
17
19
5
13
25
28
35
40
45
35
26
15
21
11
21
36
40
44
62
56
55
58
47
37
29
37
24
9
18
13
7
15
12
16
14
17
28
18
12
0
5
-11
-9
-19
-17
-17
-25
-26
-20
-27
-27
-15
-17
-19
-21
-35
-34
-43
-32
-34
-28
-15
-37
-33
-43
-42
-40
-36
-13
-9
2
-6
-21
-35
-35
-43
-34
-20
-10
8
2
12
5
-1
-10
-3
4
9
27
21
13
8
10
13
32
45
60
57
60
46
29
16
9
12
8
31
23
30
23
29
24
18
19
7
6
-2
0
-7
-19
-8
-35
-30
-27
-20
-16
-19
-6
-12
-11
-22
-8
-20
-16
-12
-9
-9
-6
-15
-14
2
-10
1
-3
-4
3
4
9
9
2
12
4
-3
-6
1
5
5
18
19
24
14
5
-6
-3
-7
-4
13
13
3
2
5
0
-4
-7
0
5
6
0
11
0
3
-1
-13
-22
-32
-30
-30
-25
-10
-14
-1
21
-1
4
2
-1
-13
-13
-21
-10
-10
-7
-11
-9
-11
-1
2
-3
6
3
15
13
5
3
2
-4
-2
0
-3
2
17
18
17
32
27
18
27
26
36
16
30
14
8
5
-1
7
-1
7
23
24
27
28
15
17
14
14
4
7
6
8
-6
-12
-10
-25
-3
-5
-3
1
10
3
-8
-12
-21
-20
-22
-24
-22
-27
-33
-40
-38
-51
-35
-33
-25
-29
-40
-34
-43
-37
-54
-44
-42
-28
-27
-22
-17
-18
-15
-9
4
-7
11
20
4
-1
-4
-4
-8
-9
19
25
34
43
33
32
24
34
46
41
41
49
57
49
45
37
47
42
32
51
45
46
33
38
14
15
7
13
10
14
26
22
25
21
20
1
4
-2
-10
-13
-19
-15
-17
-22
-21
-27
-33
-32
-23
-33
-24
-26
-35
-44
-37
-31
-39
-45
-44
-42
-47
-42
-39
-40
-47
-45
-34
-34
-46
-37
-30
-35
-21
-4
3
-5
15
0
1
-7
-3
3
12
22
30
44
29
33
32
28
36
43
45
46
38
42
37
38
37
31
42
48
40
34
40
39
26
29
18
20
20
2
11
10
5
4
10
8
-6
-1
8
-11
-18
-19
-25
-37
-34
-27
-31
-28
-39
-33
-50
-53
-50
-31
-22
-14
0
-20
-20
-29
-44
-28
-26
-11
1
10
12
-3
-2
-15
-22
-15
-9
-3
13
3
9
9
4
7
-4
4
18
17
29
37
34
32
17
13
7
6
-4
12
8
13
0
4
8
-9
15
6
22
6
7
1
-12
-23
-28
-26
-24
-25
-17
-20
-16
-8
-15
-7
1
-2
-6
6
-7
-6
-13
-5
-10
-10
-10
-12
-9
0
7
25
25
25
32
15
11
6
3
7
17
13
18
27
28
22
18
12
15
4
16
17
7
13
10
21
9
11
14
22
13
9
-14
-9
-22
-33
-20
-19
-15
-13
0
-17
-13
-13
-7
-11
3
15
19
19
18
-5
-13
-1
-19
2
-2
-3
-7
-13
5
-13
-3
2
5
1
5
8
5
-9
-13
-23
-27
-20
-16
-21
-32
-21
-27
-19
-16
-8
-4
3
-13
-7
-26
-26
-35
-21
-8
-4
0
-11
-12
-10
10
-6
12
5
15
12
8
27
12
2
18
25
28
25
33
29
23
35
33
57
32
33
39
36
39
38
38
41
26
41
45
39
33
20
50
26
28
27
19
7
-20
-7
-30
-36
-36
-36
-25
-44
-36
-36
-58
-66
-63
-65
-72
-70
-59
-73
-85
-87
-84
-87
-87
-75
-58
-49
-47
-41
-35
