0
0
-1
0
0
0
0
-1
0
0
0
0
0
0
0
0
0
0
0
0
0
0
-1
0
0
0
0
0
0
0
0
0
1
0
-1
0
0
0
0
0
0
0
0
0
0
0
0
0
0
0
0
0
0
0
-1
0
0
0
0
0
0
0
0
0
0
0
0
0
1
0
0
0
0
0
0
0
1
0
0
0
1
1
0
0
0
-1
1
1
0
0
0
0
0
0
0
1
0
0
0
1
0
0
0
0
0
-1
0
0
0
0
0
0
0
0
0
0
-1
-1
-1
0
0
0
0
-1
0
0
0
0
0
0
0
0
0
1
0
1
0
0
0
0
0
0
1
-1
0
1
-1
0
0
0
0
0
0
0
-1
0
0
0
-1
0
-1
0
0
0
0
0
-1
0
0
0
0
0
0
-1
0
0
0
0
0
0
0
0
-1
-1
0
0
0
0
0
1
0
0
0
0
0
-1
0
0
0
0
0
0
0
0
0
1
0
1
0
0
1
-1
1
0
0
0
-1
-1
0
0
0
-1
0
-1
0
0
0
-1
0
0
0
0
1
0
0
0
0
0
0
1
0
1
0
0
0
0
0
0
1
0
0
0
1
1
0
0
0
0
0
0
0
0
-1
1
0
0
0
0
0
0
0
1
0
0
-1
0
0
0
-1
-1
0
0
1
0
-1
0
0
0
0
0
0
-1
-1
0
0
-1
1
0
1
0
0
0
0
0
0
1
0
0
0
-1
0
0
0
0
0
1
-1
0
0
0
0
0
0
0
0
0
1
0
0
0
0
0
0
-1
0
0
-1
0
0
-1
0
0
0
0
0
0
0
0
1
0
0
-1
1
0
0
-1
-1
0
0
0
1
-1
0
0
0
-1
1
0
0
0
1
-1
0
0
0
0
0
0
0
0
0
0
0
-1
0
0
0
0
0
0
0
0
0
0
1
-1
0
0
-1
1
0
0
0
0
0
0
0
0
0
0
0
0
0
0
-1
0
0
0
0
0
0
0
-1
0
0
0
-1
0
0
-1
-1
0
0
0
0
0
1
1
-1
0
-1
0
0
0
0
0
0
0
0
1
0
0
0
0
-1
1
0
0
1
0
0
0
0
0
1
1
0
0
0
0
0
-1
0
-1
1
0
1
0
0
1
0
0
1
0
0
0
1
-1
-1
1
0
0
0
-1
0
0
1
0
0
0
0
0
0
-1
0
0
0
-1
0
0
1
1
-1
0
0
0
0
0
0
0
0
0
-1
1
0
0
1
0
0
0
0
1
-1
0
0
0
0
-1
1
0
0
-1
0
0
0
0
0
-1
0
-1
1
0
0
1
0
0
0
0
0
0
0
0
-1
0
0
0
1
0
1
0
0
0
0
-1
0
0
1
1
0
0
0
-1
-1
0
0
0
-1
0
0
1
0
1
0
0
1
0
0
1
0
0
0
0
0
0
0
0
0
0
0
-1
1
0
0
0
0
0
0
0
0
0
0
-1
0
-1
0
0
0
0
0
-1
0
0
0
1
0
0
0
0
0
0
0
0
0
-1
1
1
-1
0
0
0
0
0
0
0
0
0
0
0
0
0
-1
0
0
0
0
0
0
0
0
-1
0
0
0
0
-1
0
-1
0
0
0
0
0
-1
0
0
-1
0
0
0
1
0
0
0
0
0
0
1
0
0
0
0
0
1
0
0
0
1
1
0
0
0
0
0
0
0
0
1
1
1
0
0
-1
0
0
0
-1
-1
0
0
0
0
0
0
0
0
0
0
0
0
0
0
0
0
0
0
0
0
0
1
1
1
0
-1
0
0
0
0
0
0
1
-1
-1
0
0
0
0
0
1
0
-1
0
0
0
0
0
0
0
0
-1
0
0
0
0
1
0
0
0
0
0
-1
1
1
0
0
0
0
1
0
0
0
0
0
0
0
0
0
0
0
0
1
0
0
0
0
0
0
1
0
0
0
0
0
0
0
0
0
0
1
0
-1
0
0
0
0
-1
0
0
0
0
0
0
-1
0
0
-1
0
0
0
-1
1
0
0
0
0
0
0
0
0
0
0
0
0
0
-1
0
-1
0
0
0
0
0
0
0
0
0
1
0
0
0
0
0
0
0
0
0
0
0
1
0
0
0
0
0
0
0
0
0
-1
0
0
1
0
0
0
0
0
0
0
1
0
0
0
0
0
0
-1
0
1
0
0
0
0
0
0
0
0
-1
0
0
0
0
0
0
0
0
1
0
-1
0
1
0
0
-1
0
0
0
0
-1
0
0
0
0
1
0
0
0
0
0
0
0
0
-1
0
0
0
0
0
0
0
0
0
1
0
0
0
0
0
1
0
0
1
0
1
-1
0
0
0
0
0
0
0
0
-1
0
-1
-1
0
0
0
0
0
0
0
0
0
0
-1
0
-1
0
0
0
0
0
0
-1
0
0
0
0
0
0
0
0
0
0
0
0
0
0
0
0
0
1
1
0
-1
0
0
0
0
0
0
0
0
0
0
0
0
0
0
0
0
1
0
0
0
0
0
1
0
0
0
0
0
0
0
-1
-1
0
0
0
0
0
-1
-1
0
0
0
-1
1
0
0
-1
0
0
0
0
0
0
0
0
0
0
0
0
0
0
0
0
1
0
0
-1
0
0
0
0
0
0
1
0
0
-1
-1
0
0
0
0
-1
0
0
0
0
0
1
0
0
1
0
1
0
0
0
0
0
0
-1
0
0
0
0
0
0
1
0
0
0
0
0
0
-1
-1
0
-1
0
0
0
0
0
0
0
0
0
0
0
0
0
0
-1
0
0
0
0
1
0
0
0
0
0
0
0
0
0
0
-1
1
-1
0
0
0
0
0
0
0
0
1
0
1
0
0
0
1
-1
0
0
0
0
0
0
0
0
0
0
-1
0
0
0
0
1
1
0
1
0
0
0
0
0
0
0
0
0
0
-1
-1
-1
-1
0
0
0
0
0
-1
0
0
0
0
0
-1
0
-1
0
1
0
0
1
0
0
-1
0
-1
0
0
0
-1
0
1
-1
0
0
0
0
-1
0
1
0
-1
1
1
0
1
-1
0
0
1
0
0
-1
1
0
0
1
0
0
0
0
1
0
0
0
0
1
0
-1
0
-1
0
1
0
1
-1
0
1
0
0
0
0
0
-1
0
0
0
0
0
0
0
0
0
0
-1
0
1
0
1
0
-1
0
0
1
0
0
0
0
0
0
-1
0
-1
0
0
0
0
0
0
0
1
0
1
0
0
0
0
0
-1
0
0
0
0
0
-1
0
0
0
0
0
0
1
0
0
0
0
1
0
0
0
0
0
0
0
0
0
-1
0
1
0
0
0
0
0
0
0
0
0
0
0
0
0
0
0
-1
1
0
0
0
-1
0
0
0
1
0
0
0
-1
0
0
0
0
1
1
0
1
0
0
-1
0
-1
0
0
0
0
0
0
0
0
0
0
0
0
0
1
0
0
0
0
0
0
0
0
0
0
0
0
0
0
0
0
0
0
1
0
0
0
1
0
0
0
0
0
0
0
0
1
1
0
0
1
0
0
0
0
0
1
0
0
-1
1
0
-1
-1
0
0
0
0
0
1
0
1
0
0
0
1
0
-1
0
-1
0
0
-1
0
0
0
-1
0
0
0
0
0
0
0
0
1
-1
0
0
0
0
-1
0
0
0
0
0
1
0
0
0
0
0
0
0
0
1
1
0
0
0
0
0
0
0
0
0
1
0
-1
0
0
0
0
0
0
0
0
0
0
1
0
1
0
1
0
0
0
0
0
0
0
0
0
0
0
0
-1
0
0
0
-1
0
-1
0
0
0
0
0
0
0
0
1
-1
-1
-1
-2
-1
0
1
1
1
0
1
1
0
0
0
0
1
1
1
0
1
1
1
1
0
1
1
0
1
1
0
0
0
0
0
-1
0
-1
0
-1
0
-1
-1
-1
-1
0
-1
-1
-1
0
-1
-1
-1
-1
-1
-1
-1
-1
-1
-1
0
-1
-1
0
0
-1
0
-1
-1
-1
-1
0
0
1
1
0
0
1
-1
1
1
1
0
0
1
1
1
1
1
1
1
1
0
1
1
1
1
1
1
1
1
1
1
1
1
1
1
1
0
0
0
1
0
0
1
1
1
1
0
0
0
1
0
0
-1
0
-1
-1
-1
-1
-1
-1
0
0
-1
-1
0
-1
-1
0
0
-1
-1
-1
0
0
-1
0
-1
-1
0
0
0
0
-1
-1
0
0
0
0
0
0
-1
0
0
-1
-1
0
-1
-1
-1
0
0
0
-1
0
-1
-1
-2
0
0
0
0
-1
-1
-1
0
0
0
0
0
0
0
0
0
1
0
0
0
1
0
1
0
0
0
0
1
1
1
1
0
0
0
1
1
1
1
1
1
1
0
1
0
1
1
0
1
1
1
1
1
0
0
1
1
0
1
1
1
2
1
1
1
1
1
0
1
0
1
0
1
0
1
0
0
1
1
0
0
1
0
1
-1
-1
-1
-1
-1
0
0
-1
0
0
-1
-1
-1
0
-1
-1
-1
-1
-1
-1
-1
-1
-1
-1
-2
-2
-1
0
-1
-2
-1
-1
-1
-1
-2
-1
-1
0
-1
-1
-2
-3
-2
-2
-1
-2
0
0
0
-1
-2
-2
-2
-2
-2
-1
-2
0
-1
-2
-1
-2
-2
-1
0
0
1
1
2
0
0
0
0
-2
-1
-1
-1
0
-2
-1
-3
-1
0
-1
3
4
3
2
1
0
0
-1
-2
-3
0
0
0
4
3
3
2
4
4
3
8
2
2
3
4
5
7
8
3
7
1
0
2
7
5
7
6
4
5
-5
3
0
0
3
5
2
3
2
1
-2
-6
0
-1
-3
-4
-11
-10
-18
-19
-15
-15
-12
-13
-9
-14
-18
-26
-26
-31
-21
-19
-12
-8
-13
-8
-17
-14
-10
-5
-4
4
-11
-10
-4
-12
5
-1
14
18
18
36
17
29
27
25
14
31
36
41
39
48
58
60
60
59
61
53
54
41
64
33
37
48
47
42
50
56
39
38
31
12
-4
-11
-17
-30
-18
-18
-23
-28
-25
-33
-44
-54
-52
-65
-97
-73
-66
-73
-51
-62
-57
-83
-79
-78
-95
-88
-85
-87
-79
-55
-57
-47
-54
-47
-53
-50
-41
-50
-33
-28
-31
-5
20
31
32
43
34
25
25
12
23
23
51
49
55
65
35
49
11
36
28
35
52
47
68
39
42
13
9
16
26
43
28
29
30
17
6
-7
0
1
2
23
3
3
7
-7
5
6
6
10
6
10
-9
-2
-2
-20
13
7
27
20
18
16
10
27
30
35
23
25
35
20
22
1
3
13
21
4
14
15
4
-3
14
20
14
33
32
15
14
18
-10
5
-10
3
6
-7
-7
-17
-10
-33
-12
-16
-24
-28
-14
-22
-26
-23
-28
-26
-37
-37
-41
-26
-30
-12
-13
-27
-8
-22
-12
-14
-30
-14
-22
-29
-15
-30
-42
-39
-48
-42
-34
-16
-16
-17
-23
-37
-35
-11
-11
-4
-10
-15
-22
-23
-17
-36
-15
-17
-2
3
3
7
2
-1
3
6
12
25
33
37
22
27
15
6
29
47
56
65
72
56
51
50
48
26
41
41
43
68
39
19
-2
26
8
8
41
20
26
23
34
4
3
8
14
20
14
13
-1
6
-29
-17
-32
-36
-58
-54
-56
-45
-51
-57
-58
-65
-35
-46
-49
-49
-49
-44
-51
-42
-38
-45
-39
-44
-35
-24
-28
0
-14
6
19
26
25
34
38
5
35
32
32
26
20
40
23
46
62
57
43
46
46
36
27
30
32
33
38
40
49
20
34
12
19
29
26
29
24
19
14
6
7
7
-23
0
-17
-8
-16
-22
-4
-26
-35
-31
-14
-38
-12
-9
-19
-30
-35
-33
-62
-47
-68
-55
-55
-48
-50
-47
-24
-24
-30
-21
-18
-15
-25
-19
-20
-26
-26
-36
-17
-28
-5
2
4
14
1
9
-4
7
-4
20
27
18
18
21
33
16
23
9
39
41
50
39
76
49
40
49
48
47
26
51
32
12
8
33
28
19
26
30
26
17
33
31
17
17
38
29
13
25
-8
-8
-49
-40
-60
-49
-57
-51
-57
-74
-60
-85
-87
-93
-59
-80
-48
-48
-52
-55
-59
-50
-73
-72
-72
-45
-65
-69
-36
-35
-15
-8
30
39
31
37
39
42
50
38
27
41
51
45
51
68
68
79
96
107
111
96
92
110
95
96
103
89
83
86
62
47
33
14
5
3
16
-7
5
-9
-4
-6
-26
-10
-28
-18
-34
-25
-45
-43
-47
-57
-37
-28
-46
-38
-64
-60
-69
-77
-58
-56
-31
-18
-10
-25
-14
-57
-52
-43
-54
-45
-24
-20
-39
-35
-37
-34
-21
-13
-19
-9
-13
-4
1
-2
6
-20
12
13
-2
8
0
0
2
-6
-2
-3
-16
-7
8
-2
-3
-14
-4
-14
-9
13
9
19
-3
10
7
-29
-3
-8
-13
9
17
43
30
32
50
25
36
52
53
33
39
40
33
48
58
49
64
47
56
43
31
35
30
9
32
42
44
57
45
18
-3
-12
-28
-9
-23
-8
-25
-18
-24
-22
-22
-34
-28
-15
-19
-3
-25
-37
-22
-30
-37
-35
-34
-25
-49
-53
-44
-52
-36
-1
1
8
51
46
46
31
18
7
27
25
10
41
22
1
-2
-16
-16
-41
2
4
25
25
26
24
-5
-4
-12
-13
-14
-12
-29
-35
-42
-61
-62
-68
-69
-55
-40
-39
-38
-41
-53
-50
-48
-32
-41
-19
-34
-23
-29
-48
-45
-22
-26
-29
1
34
32
31
51
57
52
57
72
46
44
44
8
9
22
17
48
54
64
73
53
57
45
61
71
89
76
83
73
45
40
0
8
5
3
9
6
29
14
14
30
23
30
23
30
10
-15
-35
-66
-96
-64
-37
-29
-18
-15
-14
-35
-42
-40
-29
-7
-15
-29
-20
-55
-46
-63
-59
-38
-26
-20
-18
-20
-39
-40
-48
-34
-23
-15
-2
-6
-41
-50
-62
-54
-61
-21
-11
-8
8
-6
-16
-17
-24
8
1
34
34
32
24
-10
21
-2
24
6
51
33
25
51
17
17
11
46
51
65
66
61
42
13
14
12
18
14
23
26
21
19
31
36
32
33
34
29
6
2
-7
1
-10
-11
-7
-25
-33
-48
-59
-58
-45
-33
-13
9
11
4
1
-7
-48
-66
-51
-35
-37
-5
7
9
-5
-14
2
-4
-3
-4
19
7
8
25
29
10
25
20
0
4
1
5
2
9
25
21
13
14
10
9
18
11
15
8
6
-6
-26
7
-18
-18
2
-11
-3
24
19
23
28
26
32
18
4
-5
-16
1
7
2
-10
1
8
-11
3
3
29
7
11
9
7
-6
-7
-12
-24
-12
-9
-17
-9
12
20
20
29
24
14
13
-8
-8
-15
2
-7
-17
-19
-17
-35
-17
-22
-31
-33
-28
-27
-33
-5
-14
-3
-7
-14
-5
-23
-43
-67
-68
-77
-98
-73
-78
-76
-47
-43
-41
-53
-38
-45
-52
-46
-42
-24
-15
11
8
11
16
-1
25
31
44
61
60
68
82
83
92
73
88
72
84
90
66
58
58
61
60
83
69
57
60
60
64
57
54
56
52
36
40
14
-14
-4
-6
14
27
30
5
2
-31
-38
-56
-35
-39
-41
-1
-13
0
-23
-26
-37
-30
-30
-48
-41
-76
-71
-84
-87
-101
-82
-79
-75
-40
-40
-59
-47
-41
-28
-15
-4
2
15
-7
5
-15
-1
-16
6
4
7
15
31
41
27
59
40
63
51
46
40
39
33
28
30
39
18
10
14
-15
-7
-12
-13
-9
-5
0
-12
-24
-29
-30
-32
-34
-1
-17
-28
-38
-22
-37
-35
-6
-22
-11
-29
-34
-29
-45
-33
6
12
21
29
19
11
6
1
17
28
31
29
31
27
-2
4
16
23
48
60
56
71
53
40
30
24
10
24
32
31
25
25
27
-3
-3
-7
9
1
2
27
7
19
-8
-11
-17
-26
-2
13
4
-15
-27
-55
-60
-72
-44
-17
-7
0
15
10
-15
-31
-23
-40
-21
-19
-12
-23
-31
-28
-28
-35
-17
-15
-8
8
20
17
2
4
-17
-27
-21
-19
-38
-45
-53
-55
-60
-53
-32
-17
-2
30
35
30
27
4
1
3
1
10
36
31
39
23
26
17
32
35
27
58
45
44
31
24
32
8
53
32
39
21
15
25
0
15
30
44
53
46
28
26
-22
-27
-38
-34
-13
-3
15
9
17
6
-11
-9
-26
-20
-19
-4
-5
-14
-11
-29
-36
-38
-45
-31
-36
-39
-16
-12
-28
-1
1
-30
-19
-31
-57
-18
-42
-47
-27
-46
-42
-47
-33
-34
-9
13
-5
14
-5
-15
-24
-34
-7
-19
-1
-17
0
5
17
28
45
43
57
78
79
112
82
78
54
54
25
30
29
28
34
40
57
36
43
29
23
46
77
41
66
49
32
6
5
-12
-13
-17
-13
-16
-33
-28
-30
-18
-28
6
-17
-19
-30
-32
-54
-39
-44
-41
-52
-30
-60
-68
-77
-91
-89
-95
-62
-65
-46
-28
-20
-13
-21
-40
-35
-32
-22
-44
-8
-10
-10
2
5
-18
-14
-28
-17
13
14
39
42
39
31
35
9
27
48
31
48
36
27
15
25
-2
24
45
45
63
75
64
16
16
-23
-27
-22
-23
1
3
1
10
9
5
0
10
-14
-4
-2
-4
-14
10
3
9
4
-5
-5
-22
-24
-18
2
-1
20
37
45
38
42
48
25
16
4
9
-3
2
42
38
51
43
54
11
16
43
36
49
55
52
15
-18
-28
-11
-24
7
28
55
26
19
1
-23
-46
-41
-22
2
-12
-20
-28
-68
-85
-83
-68
-64
-20
-17
-24
-27
-34
-46
-61
-68
-55
-67
-46
-59
-81
-83
-77
-90
-74
-57
-24
-23
-16
-12
-34
-44
-36
-28
-6
9
11
9
25
0
0
20
37
36
52
60
58
59
60
53
31
50
38
51
28
48
28
25
22
29
50
30
59
47
50
31
34
28
-6
26
11
24
34
22
21
12
7
28
26
43
67
56
41
46
45
20
43
35
17
31
-2
-3
-11
-13
-19
-26
-14
-9
9
-9
-2
3
-15
-24
-14
-53
-60
-55
-65
-63
-62
-79
-84
-70
-85
-77
-59
-63
-54
-41
-28
-20
-26
-36
-31
-57
-59
-62
-59
-42
-30
-10
10
47
25
25
17
13
5
34
44
29
41
30
38
-2
-16
-28
-11
-10
1
22
30
53
41
60
74
51
42
49
29
23
21
14
18
13
30
8
26
13
13
35
25
40
34
24
35
20
0
-3
1
-12
-35
-15
-37
-38
-45
-23
-32
-27
5
7
16
8
16
-17
-1
-23
-47
-29
-26
-24
-17
-6
-27
-15
-15
5
14
38
44
37
24
14
-4
-5
3
9
9
32
36
29
17
-10
-18
-16
-21
-3
13
20
14
13
0
-10
-8
-21
-8
-20
-17
-17
-25
-58
-53
-61
-47
-34
-23
-8
7
22
0
-11
-3
-21
-10
-12
-16
-18
-8
-8
-7
-8
2
1
3
13
5
27
19
25
20
26
3
9
31
12
14
20
1
3
10
2
30
29
40
26
18
4
-20
-21
-1
14
-5
12
8
-6
-25
-6
4
10
10
6
1
-19
-23
-37
-26
0
25
32
27
28
17
-1
-15
-12
-14
-22
-27
0
7
7
11
16
16
-4
-19
-9
2
-19
6
-2
0
-3
-4
-20
-14
-5
-23
-10
-1
-11
-6
2
-4
-1
2
5
2
2
7
-23
-20
-36
-26
-29
-17
-10
1
-5
5
9
-1
9
-2
12
1
-3
9
13
27
32
37
34
37
39
24
9
17
27
28
53
65
78
60
48
34
22
7
20
28
23
6
3
6
-26
-28
-23
-23
-23
-13
-7
-25
-32
-54
-50
-45
-43
-41
-31
-19
-59
-46
-60
-68
-70
-65
-61
-55
-54
-30
-49
-35
-46
-51
-44
-60
-24
-36
11
10
29
48
32
24
12
24
15
36
31
36
43
44
39
6
32
24
42
55
67
71
66
78
53
53
53
56
50
48
59
51
37
56
29
26
14
5
1
-19
3
12
7
4
13
-14
-38
-39
-58
-58
-63
-47
-24
-14
-27
-19
-40
-32
-46
-54
-42
-50
-47
-48
-42
-35
-35
-32
-27
-35
-24
-32
-11
-11
-27
-27
-7
-24
-3
13
0
4
-1
26
14
31
40
31
21
18
19
19
20
13
6
0
-5
0
8
8
26
59
54
66
36
17
0
-7
-10
-8
10
4
-11
-2
-19
-25
-15
-12
-13
12
21
42
43
32
27
10
8
2
21
7
14
18
26
14
12
9
19
4
7
45
38
36
30
25
16
-1
-19
-21
-42
-42
-33
-35
-31
-30
-22
-34
-29
-36
-35
-49
-53
-44
-51
-32
-44
-26
-41
-42
-43
-63
-49
-45
-39
-8
5
6
16
14
30
-2
0
-1
-15
-6
4
10
14
8
-11
-2
-16
10
9
24
33
42
57
26
25
13
20
8
21
18
45
36
32
41
29
20
11
18
26
25
24
47
38
33
34
36
25
8
18
4
-1
17
22
4
26
-4
-5
-22
-36
-19
-21
-9
-7
22
1
5
2
-10
-27
1
-9
-24
-17
-17
-21
-34
-25
-35
-32
-36
-16
-30
-28
0
-13
-31
-10
-7
-20
-7
-6
-4
-15
-4
-7
7
-7
-6
-2
2
-15
-15
-21
1
-5
10
13
20
27
15
11
-4
14
-17
-14
-21
-12
-2
-9
9
23
20
2
23
4
-13
2
22
0
4
8
-5
-15
-15
-20
-23
-37
-23
-1
-2
2
9
24
16
11
3
3
8
5
6
19
13
6
10
0
-13
-19
-35
-31
-14
-9
24
44
42
28
18
11
-1
-3
4
-16
-3
5
-2
-3
-7
-6
-3
6
17
33
29
34
25
33
-5
-10
-19
-29
-28
-12
-7
4
39
26
31
26
31
-12
24
25
36
33
55
45
29
23
-1
-8
-38
-22
-22
-10
-9
19
7
11
-15
-2
-10
-10
-18
2
3
-6
-2
-10
-35
-37
-29
-59
-33
-24
-39
-33
-53
-52
-74
-73
-58
-33
-20
-22
-16
-19
-23
-52
-37
-39
-16
16
19
15
9
10
-20
2
-15
6
17
33
56
41
39
16
19
13
6
25
41
43
58
51
46
43
35
44
18
25
18
10
16
22
20
26
45
18
26
11
16
-6
-10
-31
-35
-37
-28
-27
-26
-8
5
14
7
6
0
-12
-16
-13
-30
-18
-12
-21
-23
-14
-30
-25
-34
-27
-33
-7
-12
-9
-3
2
9
12
1
12
-14
-6
3
-6
15
-4
20
6
7
6
15
16
19
17
1
6
11
17
7
17
40
31
15
24
-10
-18
-11
-5
9
0
34
18
8
21
20
16
-1
-7
1
-7
-8
-7
-11
4
8
11
0
-8
-21
7
-8
-8
-11
-20
-31
-30
-9
-31
-6
-16
-18
-16
-20
-22
-24
-5
12
9
24
30
23
25
10
25
5
-10
-9
2
-9
-5
4
-17
7
-5
-14
-13
-24
-27
-15
-19
-24
-13
-13
-16
-15
-15
-9
-26
-9
-20
-24
-27
-17
-23
-8
-14
-4
0
1
5
-20
-4
-21
-3
3
1
11
5
30
17
33
16
27
10
10
17
1
25
6
31
29
24
19
21
26
12
28
43
43
42
47
42
34
16
16
0
-14
-27
-26
-1
-10
-12
3
11
6
15
2
-11
-16
-43
-33
-47
-18
1
14
40
32
40
10
-5
0
0
-15
10
7
14
5
5
12
8
24
-2
21
8
-2
4
-16
-17
-17
-20
-22
-29
-20
-3
-7
10
11
12
-20
-21
-16
-21
-15
-14
3
-1
0
13
-17
-14
-5
-4
24
28
53
13
-18
-22
-53
-56
-59
-21
-24
-1
-15
-37
-57
-66
-46
-30
-18
0
13
-19
-2
-31
-34
-22
-15
-28
-18
-3
-10
0
-15
-15
3
19
31
31
31
40
52
40
49
9
15
30
5
3
25
21
31
30
27
50
31
37
45
42
50
39
47
38
37
21
0
4
-24
-13
-20
-13
-14
13
6
22
48
32
18
-1
-25
-75
-63
-67
-66
-36
-10
-7
-12
-30
-32
-33
-47
-27
-41
-32
-36
-21
-31
-34
-28
-29
-25
-16
-5
6
17
35
44
41
36
15
25
17
30
20
33
19
31
60
49
76
70
59
56
61
44
61
39
31
44
33
24
6
10
-9
0
-16
30
21
17
6
-3
-17
-50
-54
-62
-58
-53
-43
-47
-53
-69
-69
-73
-73
-51
-54
-41
-17
-35
-32
-38
-46
-48
-27
-43
-21
-48
-39
-48
-48
-30
-23
-23
-7
-6
-11
0
-22
-9
-19
18
31
35
36
27
16
8
19
9
2
21
20
27
22
50
42
49
68
56
68
46
60
41
33
32
36
43
23
46
28
31
38
30
23
23
28
28
22
10
-8
-2
-3
-15
3
-3
-6
-7
-19
-21
-24
-22
-25
-32
-6
14
13
-7
-9
-7
-37
-20
-23
-40
-34
-40
-23
-43
-37
-30
-47
-40
-45
-29
-14
-9
-5
19
-6
-23
-16
-21
-52
-32
-17
-3
-7
-5
13
-5
14
2
24
22
27
46
24
29
33
47
46
51
64
73
48
58
47
43
52
57
53
55
59
37
36
23
4
21
14
-1
18
-6
-10
-9
-35
-28
-16
-30
3
-30
-8
-9
-42
-66
-80
-63
-84
-54
-68
-63
-74
-68
-84
-74
-62
-57
-46
-33
-30
-45
-54
-60
-55
-55
-35
-39
-32
-6
-11
-12
-28
-25
-10
-24
13
20
22
37
48
33
36
32
38
39
54
51
82
78
56
88
39
56
43
48
26
37
54
55
74
92
90
71
58
52
45
19
19
2
32
24
23
2
-2
-8
-49
-43
-31
-19
-28
-16
-8
1
-30
-8
-30
-40
-42
-47
-26
-44
-29
-42
-11
-31
-27
-35
-50
-33
-47
-12
-19
-14
-6
-33
-24
-17
-15
-18
-17
-16
-22
-14
-33
-12
8
2
43
20
12
28
10
15
9
15
25
15
23
20
17
18
16
12
16
28
30
8
1
-5
14
15
25
42
37
47
23
23
18
21
4
22
29
22
24
-4
0
-24
-39
-42
-27
-34
-28
-37
-25
-36
-19
-24
-10
-22
-35
-31
-38
-38
-55
-47
-58
-39
-26
-16
-19
-12
-28
-19
-19
-4
22
-9
20
-13
-4
28
-3
8
27
34
34
57
48
46
55
40
38
26
60
38
25
23
-4
-16
-27
-6
21
26
46
64
43
29
-2
-12
-33
-35
-23
-20
-12
-32
-25
-47
-66
-32
-50
-56
-20
-3
16
14
13
-11
-33
-38
-44
-44
-42
-25
-24
-44
-27
-18
-33
-18
-19
-6
1
37
22
29
15
20
20
-2
6
-1
16
28
39
48
49
60
57
75
69
74
87
82
87
62
38
46
21
22
21
37
32
26
21
-2
5
10
15
22
36
20
22
-7
-8
-38
-28
-38
-43
-54
-47
-60
-74
-58
-88
-57
-53
-39
-40
-18
-45
-63
-67
-83
-82
-89
-64
-58
-48
-33
-34
-36
-24
-32
-37
-5
33
13
21
36
17
5
-32
1
-29
-16
-31
-6
-14
-40
2
-3
18
24
61
62
57
52
49
54
34
26
26
28
21
19
27
14
21
36
48
59
82
92
68
66
48
33
44
51
60
53
35
37
31
2
11
6
30
26
62
36
41
2
-39
-25
-61
-39
-28
-17
-34
-32
-58
-85
-83
-73
-68
-47
-34
-15
-18
-40
-57
-81
-66
-64
-81
-64
-65
-75
-62
-56
-72
-63
-61
-38
-12
5
11
8
23
-3
-10
-24
-20
-11
-21
1
12
18
28
34
34
40
44
64
82
71
76
78
54
44
23
7
-3
16
27
40
69
63
75
84
81
82
79
76
53
27
26
37
19
18
19
-3
14
-23
-10
-10
-10
3
4
19
20
21
12
-6
-15
-37
-52
-55
-64
-99
-93
-106
-117
-95
-73
-43
-30
-23
-25
-20
-34
-35
-26
-32
-19
-60
-56
-59
-70
-74
-62
-47
-34
10
-9
14
10
29
26
46
45
33
21
13
7
-12
-2
-14
13
-12
18
29
25
39
31
64
44
68
76
81
67
71
57
31
26
2
-1
-7
-11
-1
25
32
55
51
74
60
63
63
65
55
31
31
18
-5
-32
-24
-34
-39
-23
11
17
13
11
-10
-5
-32
-27
-31
-42
-35
-61
-54
-82
-62
-75
-92
-64
-47
-54
-46
-31
-37
-51
-66
-39
-29
-32
-21
-30
-25
-23
-10
-7
-29
-29
-17
-13
-9
-11
0
7
17
41
20
36
17
34
22
16
32
19
15
27
13
-12
12
-4
23
9
34
25
35
35
30
29
15
29
-8
9
9
19
26
42
37
20
34
32
29
28
45
36
61
51
61
30
17
26
20
22
14
6
-4
4
-18
-33
-18
-1
-10
13
16
-1
-23
-43
-39
-57
-50
-20
-3
-25
-19
-16
-38
-52
-65
-59
-62
-46
-39
-21
-20
-19
2
-32
-35
-24
-26
-25
-33
-33
-48
-53
-41
-50
-29
-16
15
34
32
48
35
29
24
9
1
-12
2
18
2
26
44
36
26
38
28
49
31
57
46
41
60
48
46
33
33
19
22
10
11
0
29
5
13
22
26
24
6
3
0
3
-14
23
21
5
35
18
-5
-27
-41
-58
-76
-60
-38
-46
-47
-45
-45
-37
-51
-40
-41
-35
-29
-19
-15
-38
-43
-32
-31
-41
-29
-35
-24
-23
-16
4
5
24
18
13
-11
-5
-9
-9
-10
9
5
6
6
-18
-24
-16
-2
29
59
63
80
65
45
33
21
34
42
34
56
35
16
21
-3
7
2
34
51
75
80
74
58
62
54
36
55
48
39
24
9
-9
-19
-25
-19
-7
0
33
17
10
9
2
7
-3
30
16
7
-3
-27
-41
-68
-70
-81
-82
-86
-82
-90
-107
-94
-86
-69
-62
-59
-32
-39
-45
-52
-74
-80
-87
-66
-74
-67
-60
-50
-48
-42
-17
-10
6
5
18
25
27
30
8
-3
-12
14
-7
25
35
46
47
71
78
61
82
74
83
73
87
73
53
51
59
52
54
65
71
58
52
84
62
74
63
56
49
26
22
14
7
-8
3
-2
-3
-17
7
3
-1
-1
-1
-8
-17
2
-11
1
19
-7
-13
-39
-55
-72
-79
-50
-77
-53
-52
-36
-29
-48
-36
-51
-48
-50
-54
-56
-73
-66
-91
-89
-70
-79
-61
-40
-44
-32
7
0
-4
25
19
5
4
7
-18
16
7
13
19
29
24
30
27
26
51
50
75
76
82
39
45
25
2
6
35
32
61
59
52
63
41
48
12
27
25
30
12
19
10
-10
-3
19
4
-13
17
1
16
11
15
4
-4
-6
-22
-14
-16
-7
-21
-17
-17
-24
-33
-52
-43
-32
-25
-18
-5
2
-7
-4
-3
-8
-4
-10
-21
-35
-39
-38
-45
-52
-56
-47
-37
-51
-34
-37
-27
-21
-7
-7
8
-10
-22
-11
-39
-35
-37
-39
-24
-8
4
11
29
32
24
37
21
19
21
9
39
31
12
23
9
8
1
33
31
43
49
66
51
50
47
18
38
20
44
15
51
31
25
6
28
24
26
44
40
46
42
47
27
22
22
14
-2
12
5
4
-18
-22
-12
-19
-23
-8
-17
-24
-2
-19
-25
-19
-37
-53
-54
-51
-40
-32
-18
-59
-59
-92
-90
-76
-75
-29
-24
13
-4
-25
-40
-43
-55
-41
-44
-26
-14
-30
-30
-52
-27
-28
-30
-19
-5
-2
25
27
46
49
45
56
56
39
30
34
13
17
13
31
45
44
42
39
45
49
64
36
37
40
49
28
41
47
18
18
14
7
-16
-4
-4
7
1
34
35
24
42
13
16
13
7
11
10
-5
-9
-8
-23
-8
6
-15
-14
-11
-17
-33
-17
-14
-21
-19
-15
-6
-15
-15
-15
-26
-30
-31
-31
-46
-54
-51
-60
-67
-50
-57
-65
-33
-29
-20
-25
-22
-25
-40
-20
-19
-40
-42
-39
-48
-52
-17
-36
-16
-22
-3
11
37
63
62
82
60
91
73
64
49
26
22
12
15
30
34
46
49
66
61
83
67
75
56
52
48
18
34
18
16
-7
-16
-36
-35
-48
-31
0
16
36
23
29
18
25
25
24
17
17
10
-5
-33
-69
-65
-90
-90
-80
-53
-52
-40
-35
-41
-34
-34
-22
-28
-18
-14
-5
-21
-36
-49
-67
-61
-46
-25
-32
-13
-24
-4
0
2
33
24
45
33
23
39
27
26
19
11
9
-7
-13
-11
-1
11
15
43
63
65
64
57
60
56
30
43
10
14
16
6
11
5
-11
-6
7
-14
20
25
9
-2
13
14
-5
-5
1
-19
-17
-14
-23
-25
-39
-41
-24
-30
-32
-23
-19
-32
-27
-46
-55
-54
-46
-38
-16
-4
1
-6
-8
-13
-5
11
30
30
29
-10
-1
-30
-46
5
-1
10
21
23
5
-2
11
7
20
27
35
31
26
2
24
6
7
30
22
39
11
7
14
11
16
39
62
42
39
58
24
19
15
6
1
9
3
-2
-2
-8
-11
-11
-6
-12
5
16
18
19
24
16
-5
0
-19
-29
-26
-36
-17
-32
-6
-25
-30
-35
-40
-11
-36
-18
-6
7
-13
9
0
-19
-27
-22
-11
-29
-22
-44
-48
-67
-41
-57
-42
-17
-39
-28
-12
-9
-22
-1
-9
-5
-11
-11
-47
-49
-45
-49
-34
-9
-6
-12
6
10
16
16
16
57
55
33
51
20
12
7
-11
22
23
56
59
68
70
49
57
44
48
43
60
42
51
25
14
6
-6
6
8
29
32
42
25
25
34
20
18
18
14
13
14
-1
-20
-21
-31
-15
-16
9
20
27
45
19
21
6
-12
1
0
15
21
-9
-9
-41
-64
-65
-57
-49
-19
8
0
14
-13
-22
-36
-21
-26
-24
-31
-51
-48
-53
-64
-64
-48
-44
-16
-43
-24
-24
-33
-19
-10
-5
-1
-17
4
-7
-20
-18
-36
-34
-46
-17
-13
-2
-4
14
-9
11
13
14
20
29
14
16
20
12
-5
-23
4
-10
9
5
-9
3
15
15
38
43
56
55
46
36
23
34
18
35
51
47
59
36
38
38
24
49
52
57
48
34
27
1
6
-18
3
-7
3
-2
-23
-19
-46
-41
-28
-11
21
-1
29
14
-9
-12
-52
-37
-55
-32
-46
-54
-68
-91
-80
-94
-37
-10
13
10
25
-2
12
14
-9
2
-4
1
-4
-25
-30
-26
-44
-5
-10
21
40
45
60
57
52
28
30
25
19
27
28
13
21
6
0
-15
-9
4
1
30
51
43
65
68
38
40
42
26
4
2
-19
-21
-25
-11
-5
-16
-2
-4
-19
-20
-24
-23
-24
3
6
-4
-7
-20
-24
-52
-69
-54
-52
-57
-39
-27
-26
-36
-29
-35
-38
-24
-26
-9
-10
-7
3
-3
-10
2
-17
-11
-2
3
-14
-15
-12
-19
1
-11
28
32
44
41
34
28
27
41
30
34
25
-1
3
-12
-11
-2
-8
20
-6
9
36
45
45
65
78
69
59
49
37
19
4
6
5
3
8
-8
-14
-25
-18
-19
-15
-25
-5
-13
-1
-11
-10
-16
-26
-55
-42
-66
-67
-57
-61
-32
-40
-17
-10
-8
8
2
-8
-3
-3
-9
-9
-6
-27
-26
-44
-52
-36
-46
-8
18
11
33
27
32
11
36
16
6
19
7
5
-16
-2
16
8
13
28
37
42
40
33
42
26
52
56
50
53
33
18
9
21
-3
6
15
15
18
10
20
14
28
31
29
37
36
15
25
18
12
19
0
-6
-7
-10
-27
-27
-28
-15
-25
2
1
21
15
-1
-1
-3
-15
-30
-16
-40
-43
-28
-51
-50
-77
-47
-52
-36
4
6
9
4
2
-42
-39
-49
-59
-65
-53
-61
-59
-51
-56
-77
-59
-33
-26
-12
-1
12
20
33
26
47
35
19
23
11
-34
-11
-24
-32
-11
-1
29
21
34
29
34
34
31
56
51
44
38
11
3
8
-12
-8
4
20
42
40
51
33
28
35
33
40
47
29
27
7
-8
-12
-19
3
-24
-13
-8
-18
-21
-17
-20
-6
12
27
27
31
12
12
12
-28
-14
-10
-9
-21
-30
-36
-41
-36
-46
-35
-31
-17
3
-2
4
-4
-6
5
-10
-15
-17
-7
-3
-4
-12
8
24
19
43
31
57
54
50
43
45
24
19
23
12
8
-6
17
13
19
41
34
32
36
28
19
15
7
-8
-22
-26
-32
-24
-27
-13
-10
4
0
0
23
22
14
1
6
-7
-23
-16
-30
-29
-14
10
-8
-16
-26
-34
-39
-38
-29
-27
-19
-25
-29
-38
-37
-53
-61
-44
-37
-21
-16
-12
-11
-19
-20
-25
-25
-19
-23
-7
1
-30
-16
-31
-29
-26
-23
-16
-15
-3
18
-2
11
1
11
-7
15
23
9
27
30
35
14
35
18
2
27
4
46
27
47
37
38
55
38
40
36
52
14
10
5
-4
-11
-17
4
26
3
18
9
5
-3
17
13
15
13
6
3
-1
-8
-13
-8
-32
-11
12
9
11
14
26
28
-6
13
26
13
17
0
-2
-7
-4
-19
-11
-3
-8
-9
15
2
-7
3
10
14
19
32
30
17
-8
-3
-11
-11
-14
-8
-21
9
-1
11
3
16
20
13
25
21
1
2
-6
-40
-19
-45
-24
-40
-55
-29
-63
-62
-24
-21
2
12
20
8
-8
-24
-51
-63
-83
-72
-65
-37
-43
-31
-26
-39
-24
-12
5
18
50
55
47
31
20
0
-16
-5
-4
4
19
40
41
46
56
51
46
66
58
74
71
51
57
24
13
2
-1
2
7
17
16
2
4
8
-10
9
12
17
20
24
27
-18
-35
-47
-66
-77
-80
-57
-53
-50
-48
-41
-48
-46
-38
-35
-34
-30
-39
-39
-56
-71
-35
-47
-33
-47
-46
-52
-47
-22
-12
1
19
21
13
12
17
23
11
26
32
31
37
42
43
22
11
40
29
43
55
72
78
77
78
50
76
73
74
86
84
85
69
57
15
9
10
21
27
41
66
44
45
21
16
-18
-3
2
-5
-4
-30
-31
-46
-43
-62
-39
-50
-24
-26
-7
14
-15
-7
-35
-51
-60
-53
-64
-49
-65
-58
-48
-58
-52
-50
-33
-24
-19
-19
-38
-37
-39
-32
-29
-31
-20
-18
-21
-13
0
0
19
7
-1
-1
5
8
4
8
16
-2
0
-4
0
-9
15
8
9
20
23
22
24
29
24
24
14
14
5
25
25
53
48
30
33
24
4
-2
6
21
23
42
51
28
13
-12
-25
-40
-41
-23
-15
0
7
12
6
16
3
4
0
-27
-19
-30
-9
-13
0
10
-9
-18
-18
-29
-16
-8
1
14
0
4
-5
2
-16
-18
-8
-8
-24
-25
-33
-32
-33
-33
-25
-6
1
-16
1
-3
-7
9
9
22
18
4
-1
-9
-26
-28
-8
-25
16
20
25
72
57
65
58
66
45
44
44
39
46
27
13
-8
-14
-13
-11
10
38
51
66
61
48
50
52
44
44
24
7
-17
-39
-58
-64
-59
-38
-40
-16
11
21
8
17
3
-15
-16
-12
-15
-66
-40
-73
-93
-92
-99
-65
-60
-25
10
9
21
11
-10
-25
-31
-21
-15
-34
-34
-54
-87
-79
-91
-64
-59
-18
11
44
46
27
47
21
26
26
19
26
23
9
-4
-12
-15
-8
10
29
33
74
80
79
82
90
73
54
44
25
14
6
9
14
21
8
10
24
23
29
36
38
38
47
43
28
26
26
28
6
-2
-12
-9
-11
-22
-14
-9
-12
-20
-15
-13
-8
-24
2
-1
-18
-16
-31
-44
-55
-48
-51
-52
-47
-49
-58
-42
-65
-55
-48
-47
-44
-41
-35
-45
-44
-48
-54
-62
-51
-51
-66
-73
-58
-73
-59
-44
-25
-17
3
5
-11
6
3
11
42
57
59
81
51
37
36
40
19
49
65
45
68
72
85
64
82
82
93
119
112
109
116
111
90
76
79
82
68
68
75
44
50
35
32
19
18
31
14
34
22
3
20
-3
-19
-32
-38
-43
-59
-37
-53
-67
-55
-65
-85
-75
-94
-96
-66
-77
-71
-92
-90
-107
-99
-106
-90
-80
-85
-77
-89
-93
-97
-99
-100
-95
-98
-93
-70
-49
-21
-21
-11
15
-8
-7
7
22
5
19
-1
0
-12
-4
3
14
19
42
73
75
94
117
115
97
99
70
71
69
77
79
87
65
78
78
62
89
95
108
113
124
94
85
60
65
59
52
64
59
45
33
12
12
-21
-31
-40
-50
-30
-32
-32
-27
-20
-33
-35
-43
-34
-42
-49
-57
-53
-73
-86
-70
-84
-92
-78
-66
-78
-75
-73
-72
-68
-52
-42
-27
-32
-41
-51
-64
-80
-94
-86
-73
-50
-32
-15
-24
-13
-12
-7
-12
19
13
24
24
27
29
5
46
26
33
46
31
46
37
48
33
50
66
55
84
55
63
58
49
38
36
32
32
41
35
49
32
44
23
20
38
23
18
23
28
12
9
21
30
28
25
23
12
21
4
2
-12
8
18
-10
-5
-11
-24
-19
-34
-34
-40
-32
-19
-27
-27
-27
-13
0
1
0
-8
-16
-37
-62
-51
-69
-58
-53
-41
-38
-39
-55
-44
-44
-57
-26
-29
-18
-34
-24
-21
-27
-22
-18
-27
-6
-23
-22
-13
-17
-19
-8
34
28
50
53
51
32
44
52
59
71
59
75
47
28
15
24
14
31
72
69
71
42
38
26
2
25
37
43
49
49
47
36
-4
-6
-14
-31
-17
5
5
-2
16
-10
-9
-26
-27
-33
-41
-35
-34
-32
-56
-50
-65
-56
-63
-48
-57
-74
-63
-102
-76
-85
-63
-53
-36
-30
-17
-18
-28
-21
-44
-34
-26
-26
-19
-26
-30
-45
-25
-29
-13
11
36
70
51
70
41
39
20
29
34
32
51
52
56
50
38
36
41
39
55
53
69
75
77
56
34
44
40
63
68
68
54
46
21
-6
11
6
32
36
57
39
35
27
15
26
15
23
18
12
2
-26
-26
-26
-17
-5
10
13
2
-17
-44
-56
-79
-67
-65
-78
-58
-39
-72
-54
-69
-71
-64
-61
-51
-60
-61
-72
-76
-89
-82
-94
-80
-73
-44
-44
-29
-11
-19
-15
-7
3
-12
-7
-2
-24
-18
-35
-38
-34
-27
1
25
50
51
78
70
73
84
90
92
90
107
75
92
56
58
43
26
53
57
74
83
93
72
73
62
57
67
51
66
42
15
8
12
5
3
19
21
9
20
2
3
-3
-17
1
-11
-19
-45
-57
-64
-73
-82
-80
-79
-81
-69
-93
-93
-91
-95
-85
-79
-71
-43
-48
-67
-64
-102
-92
-78
-85
-56
-34
-31
-21
-35
-57
-50
-51
-15
1
40
57
44
41
26
8
-7
1
7
34
20
36
39
66
63
72
84
62
86
96
89
96
95
122
105
101
100
70
64
49
54
47
50
76
63
64
59
43
31
20
3
14
24
15
19
21
20
-7
-21
-30
-55
-56
-47
-44
-51
-48
-59
-60
-59
-76
-58
-71
-42
-73
-68
-67
-91
-90
-91
-75
-85
-50
-49
-55
-21
-31
-35
-35
-32
-47
-40
-39
-24
-10
-30
-23
-30
-34
-42
-24
-10
-4
-4
-2
1
5
3
-12
1
5
32
27
44
31
20
15
29
21
30
47
45
62
48
41
41
49
41
45
56
59
49
53
57
45
55
46
56
69
44
76
74
70
70
64
48
41
32
20
31
26
38
33
30
32
17
0
3
-20
-25
-20
-38
-29
-45
-54
-75
-84
-88
-101
-86
-74
-71
-56
-46
-80
-67
-91
-76
-81
-68
-60
-64
-42
-47
-60
-75
-70
-83
-49
-65
-30
-11
-4
-6
-17
-12
-8
-8
35
45
40
58
69
57
38
58
70
58
54
70
71
61
76
77
65
64
74
67
73
54
60
75
65
73
54
58
34
21
19
11
28
11
37
14
15
10
-14
-2
-44
-36
-29
-34
-15
-39
-26
-51
-71
-78
-81
-67
-71
-51
-42
-32
-56
-50
-69
-71
-70
-56
-65
-56
-33
-28
-13
-30
-2
-27
-34
-23
-28
-41
-17
2
-1
2
6
10
17
37
48
51
44
53
38
8
11
-14
-19
-19
-9
2
10
5
14
29
16
20
32
12
13
24
20
26
19
12
4
-3
5
22
11
13
37
27
30
40
25
36
18
32
20
20
21
32
34
16
20
7
6
6
15
8
9
16
19
14
9
20
7
6
14
10
2
4
-17
-20
-21
-22
-20
-34
-27
-8
-1
15
6
-2
-21
-27
-20
-38
-27
-45
-25
-25
-42
-45
-49
-80
-73
-58
-56
-43
-31
0
-29
-9
-32
-16
-45
-51
-45
-58
-45
-39
-24
-14
-4
3
17
32
38
36
48
45
32
9
34
30
33
22
44
28
28
40
51
64
69
90
98
110
105
108
81
81
68
60
47
48
22
-1
9
12
11
3
22
14
8
33
24
14
10
-25
-21
-32
-41
-44
-51
-70
-102
-92
-106
-89
-102
-85
-79
-97
-68
-74
-61
-74
-58
-57
-79
-85
-89
-90
-113
-101
-68
-89
-55
-66
-27
-35
-23
0
12
17
24
31
15
10
0
-16
-10
19
1
52
48
66
61
79
80
98
95
110
110
89
99
75
68
41
61
70
83
96
100
94
85
81
94
73
95
93
101
67
55
42
8
26
-14
8
8
5
26
33
27
30
26
-1
-30
-36
-55
-76
-64
-70
-58
-55
-64
-77
-68
-79
-72
-55
-68
-42
-54
-55
-47
-61
-65
-54
-73
-82
-94
-79
-99
-94
-74
-87
-74
-87
-59
-56
-37
-25
-25
-23
-39
-34
-46
-32
-40
-25
-42
-33
-29
-45
-15
-1
33
31
40
64
45
66
80
52
60
43
46
40
42
52
32
44
67
69
85
104
113
120
92
101
105
77
81
89
94
83
70
42
42
33
19
30
39
47
31
54
29
39
14
7
18
-12
-19
-29
-43
-85
-82
-67
-71
-67
-45
-54
-53
-63
-57
-75
-75
-58
-71
-63
-53
-77
-89
-88
-96
-80
-95
-66
-68
-55
-47
-36
-34
-43
-43
-33
-30
-23
-5
-14
12
13
12
18
39
40
38
48
40
53
51
59
48
57
53
64
56
57
50
29
48
8
26
34
32
42
54
57
64
60
60
29
31
10
-10
-4
-11
7
-7
19
9
10
-7
-8
-22
-16
-20
-27
-2
-5
9
11
15
3
5
-28
-21
-13
-10
-10
5
-2
-38
-14
-40
-42
-26
-26
7
-3
14
4
-5
-14
-22
-32
-22
-8
-18
0
-31
-34
-39
-59
-51
-49
-31
-31
-5
-28
-16
-7
-9
8
-8
-11
-38
-35
-49
-60
-54
-53
-37
-49
-32
-15
-14
-22
8
2
12
12
21
43
22
49
38
33
25
28
26
31
46
63
64
79
81
92
87
84
71
97
67
81
69
42
37
55
60
44
83
55
55
27
34
14
-26
-14
0
-1
3
7
-6
-29
-36
-57
-56
-42
-39
-38
-30
-26
-44
-43
-71
-75
-75
-88
-76
-80
-84
-80
-64
-78
-56
-53
-44
-40
-31
-31
-27
-20
-31
-26
-45
-37
-37
-31
-44
-12
3
-16
-5
4
9
19
25
26
26
29
19
45
33
44
46
35
50
39
29
43
33
43
55
56
79
67
88
60
80
66
53
50
20
0
2
-5
-15
-14
2
20
19
35
20
22
7
4
-2
-19
-8
-14
-35
-48
-31
-39
-48
-29
-28
-28
-5
4
3
-9
-33
-22
-44
-44
-42
-64
-40
-40
-33
-23
-17
-21
-31
-18
-15
-10
1
33
19
22
10
-23
-37
-54
-38
-35
-15
8
20
39
38
48
24
10
21
3
16
37
29
-2
12
-14
-16
-17
8
19
41
43
74
61
48
42
38
43
45
56
42
53
6
-19
-19
-40
-45
-45
-33
2
-2
24
6
18
6
-1
2
2
-12
-21
-35
-49
-50
-67
-33
-49
-33
-34
-33
-28
-30
-21
-34
-7
-18
-22
-25
-19
-39
-32
-36
-46
-19
-19
8
20
37
23
25
9
-8
-17
-32
-10
-20
6
6
12
10
-1
6
2
22
17
35
45
29
47
46
29
30
21
21
7
26
23
28
38
48
44
40
31
24
43
44
44
50
41
26
8
-38
-21
-19
-24
9
11
21
40
23
-4
0
-20
-19
-24
-23
-28
-40
-26
-45
-40
-55
-39
-32
-40
-19
-10
-20
1
18
-17
-3
-22
-33
-48
-39
-35
-21
-13
-12
5
-8
6
10
-8
4
-5
-3
3
-3
13
12
3
0
-3
-18
-17
0
-8
16
21
24
13
27
25
33
21
16
17
-13
-13
-19
-21
-22
-1
8
0
6
9
13
-3
-13
-3
-16
2
12
16
12
14
20
-10
8
5
-14
-6
3
-3
7
17
6
-8
27
5
7
9
6
-3
-17
-4
-14
-2
4
-10
11
14
7
-1
1
4
-8
-10
-6
-10
5
16
36
13
23
13
-11
-3
-5
-8
0
3
-3
12
-14
-4
-23
-16
-16
4
13
29
31
17
-12
-6
-31
-30
-23
-36
6
-21
6
-12
-9
-30
-27
-13
-18
-13
4
15
11
37
27
44
29
27
-23
-15
-17
-23
3
-10
13
-5
7
11
6
25
18
48
48
39
41
24
23
-14
-32
-24
-35
-8
-4
10
8
25
-2
-22
-22
-36
-27
-16
6
13
21
4
-8
-50
-58
-70
-57
-56
-28
-14
-1
0
17
15
-18
6
-15
-16
-25
-20
-26
-22
-24
-36
-30
-20
-11
2
22
38
72
53
50
39
13
8
-7
-5
7
-2
21
26
20
34
27
36
27
31
34
28
28
17
26
6
2
7
8
12
20
20
27
35
23
26
26
5
19
16
9
-2
4
8
-8
-11
-18
-24
-18
7
-6
33
27
18
3
-4
-20
-25
-28
-22
-12
-30
-24
-21
-35
-23
-30
-12
-28
-12
-4
-25
-7
-22
-21
-26
-19
-21
-3
-23
-21
-28
-29
-32
-48
-29
-57
-32
-24
-38
-25
-21
-29
-5
-22
-9
-5
0
-6
-13
6
-14
1
-16
1
-13
2
-8
-8
9
1
24
21
32
30
36
29
25
31
28
31
30
26
49
47
53
42
45
29
45
47
44
53
37
47
29
40
37
16
25
49
24
41
43
12
15
20
19
0
-25
-19
-17
-18
-16
-24
-18
-45
-39
-46
-39
-32
-32
-18
-18
-25
-13
-34
-59
-55
-74
-78
-93
-86
-74
-68
-62
-54
-42
-39
-26
-20
7
13
8
29
10
-5
-16
-11
-34
-32
-33
-29
13
-2
19
-7
21
19
22
55
65
71
74
70
32
37
28
16
26
49
58
72
84
72
63
76
94
84
56
57
28
5
-6
-23
10
-2
25
38
46
23
16
27
-8
-1
-22
-3
-25
-10
-22
-26
-34
-35
-41
-65
-44
-36
-43
-29
-44
-52
-25
-59
-49
-51
-41
-67
-34
-37
-20
-10
-3
18
-14
-8
-31
-35
-46
-39
-43
-39
-45
-44
-30
-35
-20
-4
9
4
15
29
28
38
45
29
24
-3
-9
-40
-47
-22
-1
27
50
43
43
52
42
30
1
28
15
28
29
21
19
17
25
26
44
39
61
28
24
13
-5
13
-3
-4
-9
-5
4
8
-4
-16
-2
-6
-18
-16
-2
-15
-14
-32
-52
-29
-38
-29
-22
-4
-13
-3
1
-12
-12
-1
16
16
15
2
-15
-27
-41
-60
-29
-50
-38
-35
-37
-3
-24
16
12
12
8
13
31
13
42
39
48
27
19
-2
-39
-41
-34
-17
-5
22
25
30
49
40
30
42
57
49
62
57
52
17
9
-1
1
-9
13
23
14
16
4
20
-14
14
40
49
56
66
55
34
23
-9
-33
-54
-45
-70
-46
-47
-36
-20
-22
0
15
31
37
45
35
15
-23
-43
-65
-70
-71
-30
-15
-4
9
8
-7
6
-7
-27
-33
-50
-49
-52
-60
-55
-49
-54
-37
-22
-9
-28
-12
-11
-20
-8
-17
-7
-30
-39
-43
-46
-64
-66
-61
-68
-48
-41
-41
-40
-21
11
40
55
56
57
69
47
44
3
-15
-14
-13
-11
12
19
28
55
75
93
89
117
115
123
105
108
88
43
53
35
21
20
28
22
17
18
38
41
51
72
52
59
45
43
40
25
-1
-26
-36
-56
-52
-56
-62
-50
-48
-31
-12
-13
9
1
-11
-12
-46
-33
-73
-95
-105
-118
-91
-87
-52
-45
-39
-28
-38
-47
-44
-62
-78
-51
-75
-35
-43
-30
-9
-18
-22
-16
-6
-44
-44
-40
-22
-10
16
28
65
73
86
81
75
82
71
59
44
35
37
44
69
84
87
104
100
67
64
63
52
49
55
59
54
54
45
31
21
35
8
10
-3
-11
-19
-32
-28
-44
-25
-36
-41
-73
-76
-93
-94
-86
-89
-87
-79
-70
-57
-53
-33
-24
-3
-10
-14
-49
-72
-96
-115
-94
-95
-45
-40
-25
1
14
14
16
-4
-5
29
-12
-7
0
12
28
21
53
46
35
34
23
29
17
32
20
24
43
37
66
62
46
57
73
55
50
32
43
31
52
58
52
60
43
54
52
48
8
19
-8
-10
-13
-5
8
7
13
5
21
-12
5
-1
7
3
15
16
-12
-35
-43
-70
-93
-81
-71
-60
-66
-46
-49
-54
-47
-55
-43
-25
-40
-14
5
-4
-4
-20
-8
-23
-19
-4
-1
-4
2
-14
-4
-18
-10
-7
3
44
54
70
66
67
78
53
39
56
50
26
25
12
6
11
-11
14
12
22
32
45
45
42
23
22
14
2
-15
-12
-37
-56
-74
-100
-85
-95
-49
-30
10
24
39
39
5
-4
-53
-47
-84
-77
-68
-82
-36
-52
-37
-37
-45
-58
-70
-66
-61
-39
10
23
25
24
6
13
-4
-13
-1
15
9
22
27
4
-23
-36
-41
-17
3
6
20
48
46
37
50
55
72
89
110
107
105
84
73
53
8
9
6
2
6
5
0
3
11
27
10
27
3
5
13
4
30
14
34
45
31
47
40
33
36
45
53
63
58
47
33
35
12
-26
-45
-79
-73
-89
-80
-103
-78
-92
-94
-49
-46
-15
-13
30
37
90
132
207
213
239
282
263
240
161
85
-29
-89
-238
-493
-1154
-1789
-2045
-1748
-1194
-436
804
1788
2318
2590
2869
2669
1845
890
-90
-1018
-1724
-1958
-2026
-1945
-1654
-1218
-675
-109
407
583
471
319
231
158
55
102
227
342
501
837
1129
1121
868
389
-309
-1172
-1951
-2561
-2899
-2814
-2210
-1234
-69
1062
1991
2526
2619
2372
1843
1035
256
-411
-813
-948
-792
-447
-59
273
497
594
461
162
-385
-942
-1323
-1383
-1139
-649
168
1035
1734
2155
2316
2190
1691
1019
303
-298
-711
-860
-839
-541
-124
288
632
853
837
596
175
-266
-643
-959
-1122
-1127
-935
-648
-322
55
375
603
647
539
278
-86
-426
-869
-1250
-1523
-1449
-1241
-953
-452
-198
-311
-753
-1149
-1445
-1647
-1569
-1151
-549
78
828
1635
2164
2260
1976
1441
640
-123
-738
-1179
-1487
-1492
-1117
-612
41
700
1232
1448
1474
1280
917
538
235
99
-71
81
399
720
963
1243
1541
1502
1349
1111
754
251
-153
-419
-569
-539
-340
12
294
586
726
683
472
182
-174
-544
-772
-850
-877
-812
-626
-416
-233
-137
-17
-31
-155
-565
-1075
-1536
-1902
-2038
-2048
-1782
-1345
-785
-257
262
668
693
297
-308
-748
-1087
-1217
-1104
-693
-165
284
808
1265
1467
1280
791
247
-258
-624
-751
-650
-367
106
718
1356
1919
2212
2231
1993
1603
1021
-30
-892
-1427
-1505
-1461
-923
187
1147
1811
2392
2944
2896
2345
1632
757
-122
-764
-989
-1091
-966
-664
-368
-184
12
98
-205
-572
-825
-851
-902
-782
-414
-119
159
406
718
691
360
-214
-924
-1676
-2339
-2718
-2914
-2882
-2623
-2004
-1231
-405
338
809
823
322
-189
-581
-861
-1012
-862
-368
253
865
1432
1949
1980
1528
776
20
-678
-1248
-1485
-1395
-949
-268
692
1643
2418
2858
2987
2769
2333
1835
1335
872
353
-286
-1544
-2391
-2592
-2061
-1457
-333
1531
2830
3510
4015
4333
3662
2241
838
-530
-1740
-2422
-2444
-2323
-1972
-1461
-1007
-672
-367
-179
-493
-718
-618
-271
-15
286
724
861
823
578
296
-336
-1078
-1844
-2473
-2880
-3084
-2998
-2920
-2646
-2168
-1323
-472
80
269
108
7
-46
106
283
624
939
1159
1431
1821
2167
1920
1311
599
-30
-674
-1144
-1300
-1376
-1318
-958
-144
867
1746
2416
2814
3068
3131
3037
2668
2160
1609
939
103
-1630
-3130
-3790
-3469
-2815
-1517
943
2939
3891
4479
5051
4587
3012
1182
-610
-2230
-3275
-3408
-3248
-2743
-2017
-1326
-816
-203
292
44
-438
-537
-378
-357
-186
261
540
551
599
550
233
-448
-1256
-1965
-2497
-2674
-2926
-3168
-3147
-2843
-2137
-1232
-229
368
376
221
316
658
813
989
1262
1551
1667
1991
2452
2624
2128
1270
551
-133
-819
-1395
-1761
-1945
-1843
-1177
-95
1089
2106
2767
3199
3451
3566
3354
2741
1958
1252
564
-132
-1518
-2961
-3934
-4021
-3458
-2233
-27
1958
3173
3954
4646
4640
3629
2042
152
-1637
-2909
-3358
-3449
-3175
-2699
-2204
-1634
-902
-155
-48
-271
-286
9
274
556
835
791
390
44
-9
-128
-576
-1094
-1431
-1582
-1725
-1768
-1698
-1910
-2391
-2647
-2356
-1614
-879
-243
101
37
-12
173
582
724
951
1435
1987
2390
2813
3291
3254
2501
1337
392
-517
-1521
-2353
-2735
-2570
-2109
-1160
229
1595
2577
3189
3586
3718
3647
3222
2531
1770
1065
580
23
-716
-2477
-4381
-5287
-4816
-3660
-1955
703
3128
4568
5478
6199
5811
3899
1316
-1220
-3334
-4635
-4827
-4584
-3967
-2954
-1749
-472
633
1446
1339
816
605
772
790
520
223
-245
-765
-1041
-785
-625
-775
-997
-980
-739
-795
-1016
-1541
-2207
-2923
-3046
-2379
-1347
-407
290
716
559
216
-46
-201
-535
-636
70
1184
2254
3091
3782
3987
3324
2066
693
-639
-2085
-3266
-3662
-3174
-2144
-825
722
2134
3202
3708
3815
3570
3020
2206
1265
497
101
-7
-117
-546
-1569
-2601
-3258
-3287
-2818
-1673
89
1624
2980
4308
5164
4958
3883
2333
389
-1546
-2927
-3644
-4059
-3908
-3227
-2254
-1086
134
1043
1403
1576
1668
1533
1162
728
201
-504
-951
-984
-925
-809
-547
-355
-306
-187
-158
-520
-1397
-2105
-2624
-2927
-2756
-2153
-1475
-739
77
699
549
-283
-947
-1364
-1438
-1254
-351
1063
2160
2842
3357
3844
3566
2301
600
-876
-2060
-2960
-3231
-2868
-2036
-1246
-341
765
1810
2353
2275
2051
1897
1806
1648
1565
1640
1632
1532
1281
1136
879
159
-1320
-3499
-4770
-4806
-3823
-2337
29
3006
5113
6331
7125
7091
5352
2471
-383
-2784
-4530
-5323
-5097
-4355
-2984
-1350
234
1562
2562
2787
2124
1451
1220
941
176
-442
-693
-1101
-1432
-1146
-605
-719
-1196
-1249
-1178
-1377
-1739
-2091
-2587
-3098
-3178
-2571
-1759
-944
-222
172
-144
-683
-1042
-1211
-1386
-1481
-772
489
1759
2711
3399
3878
3530
2296
758
-553
-1873
-3183
-3994
-3903
-3102
-2116
-830
599
2009
2906
3472
3891
4078
3890
3361
2887
2541
2170
1660
1004
435
-160
-783
-1828
-3648
-4718
-4706
-3696
-2238
276
3618
5935
7138
7918
8021
6461
3720
732
-2127
-4547
-5848
-5912
-5357
-4058
-2477
-854
647
2028
2771
2372
1741
1408
991
110
-594
-835
-1276
-1811
-1944
-1682
-1713
-1903
-1880
-1602
-1251
-1173
-1328
-1959
-2543
-2927
-3074
-2944
-2371
-1593
-1030
-801
-1082
-1334
-1597
-1584
-1509
-1071
160
1618
2748
3372
3927
4120
3206
1478
-199
-1503
-2803
-3793
-3930
-3080
-1909
-687
825
2485
3877
4433
4607
4542
4239
3506
2537
1878
1427
1077
658
458
155
-504
-1789
-2848
-2930
-2190
-1146
65
2018
3960
5156
5747
6065
5504
3707
1523
-421
-1998
-3213
-3838
-3949
-3588
-2669
-1548
-537
291
939
1049
733
622
643
321
-348
-745
-966
-1275
-1555
-1766
-2091
-2466
-2291
-1805
-1399
-1067
-951
-1189
-1759
-2230
-2576
-2904
-3120
-2953
-2618
-1866
-936
-80
6
-998
-1865
-2184
-1851
-1582
-1009
340
1725
2527
2962
3605
3785
2707
919
-299
-838
-1336
-1783
-1709
-961
-223
475
1401
2551
3297
3236
2977
2957
3100
2843
2265
1828
1517
1313
1088
1253
1209
317
-1073
-1680
-1233
-700
-127
905
2273
3183
3688
4175
4289
3391
1827
334
-797
-1589
-2208
-2557
-2663
-2445
-1920
-1294
-734
-389
-231
-195
55
488
680
543
113
-426
-1074
-1696
-2351
-2907
-3299
-3206
-2488
-1560
-628
-139
94
-355
-1047
-1870
-2581
-3173
-3658
-3519
-2955
-1949
-977
-164
-409
-1386
-2069
-2025
-1656
-1532
-678
632
1803
2568
3439
4429
4421
3223
1589
533
-405
-1404
-2328
-2531
-2150
-1613
-626
763
2293
3096
3336
3529
3772
3794
3237
2609
2165
1955
1850
1993
2415
2256
1131
-547
-1574
-1869
-2063
-2024
-1216
291
1716
2968
4409
5422
5242
4109
2694
1284
-267
-1941
-3263
-4065
-4213
-3820
-3017
-1863
-647
308
899
1410
1860
1711
814
-306
-1260
-2229
-3172
-3616
-3478
-3189
-2861
-2069
-987
-132
23
-246
-752
-1412
-2162
-2879
-3234
-3259
-2963
-2503
-1687
-684
65
140
-1058
-2422
-3215
-3217
-3098
-2759
-1271
826
2562
3770
5039
5930
5367
3318
1282
-43
-1339
-2747
-3654
-3242
-2136
-1032
385
2245
3855
4182
3835
3640
3620
3150
2300
1911
2104
2619
3001
3408
3540
3089
1740
140
-1115
-2142
-2866
-3085
-2198
-630
1291
3212
4716
5593
5621
4954
3484
1610
-393
-2340
-4035
-4940
-4727
-3970
-3004
-1876
-391
839
1488
1575
1237
552
-603
-1825
-2805
-3331
-3686
-3826
-3507
-2638
-1630
-937
-350
32
100
-259
-911
-1573
-2376
-3179
-3631
-3535
-2952
-2295
-1580
-868
-501
-822
-2116
-3265
-3884
-3734
-3249
-2115
191
2644
4379
5405
6221
6331
4997
2639
520
-1110
-2613
-3673
-3655
-2456
-1118
162
1611
3182
4134
4056
3639
3442
3320
2963
2765
3069
3681
4098
4144
4153
3839
2815
1087
-740
-2173
-3170
-3664
-3383
-2087
-241
1694
3388
4820
5636
5364
4207
2573
765
-1176
-2914
-4090
-4471
-4228
-3609
-2710
-1639
-523
190
309
80
-324
-960
-1856
-2549
-2782
-2672
-2558
-2332
-1764
-1189
-829
-797
-652
-669
-1003
-1617
-2161
-2486
-3016
-3423
-3539
-3163
-2607
-2066
-1445
-692
-204
-227
-1052
-2209
-2861
-2912
-2322
-1580
-108
1929
3468
4272
4677
4968
4404
2693
855
-275
-990
-1585
-1791
-1199
-145
677
1472
2411
3233
3350
3025
2930
3178
3475
3489
3601
3902
4077
4014
3714
3164
2175
811
-578
-2026
-3129
-3578
-3188
-2300
-1034
854
2738
4004
4593
4776
4396
3242
1592
-72
-1633
-3026
-3985
-4411
-4239
-3757
-3107
-2310
-1375
-573
-154
0
48
-51
-431
-903
-1208
-1489
-1926
-2280
-2371
-2162
-2051
-1994
-1725
-1513
-1433
-1596
-1635
-1670
-1891
-2084
-2175
-2099
-2008
-1788
-1506
-1137
-972
-808
-1219
-2165
-2831
-2929
-2184
-1469
-336
1315
2822
3762
4222
4753
4834
3799
2016
658
-183
-893
-1574
-1607
-828
5
875
1854
3080
3753
3747
3554
3625
3851
3669
3296
3062
3104
2990
2658
2187
1717
960
-203
-1349
-2231
-2557
-2580
-2071
-936
691
2355
3475
4069
4241
3869
2739
1171
-375
-1820
-3062
-3858
-3964
-3561
-2972
-2426
-1702
-882
-327
-99
-131
-211
-407
-705
-1041
-1318
-1556
-1923
-2307
-2464
-2430
-2305
-2261
-2130
-1801
-1321
-873
-634
-607
-842
-1365
-2010
-2486
-2780
-2824
-2782
-2575
-1949
-1316
-814
-1222
-1792
-2148
-2061
-1546
-1017
163
1598
2748
3540
4314
4957
4780
3537
2057
936
-57
-927
-1484
-1252
-707
-205
666
1797
2973
3532
3635
3813
4098
4141
3804
3445
3141
2808
2379
2232
2245
1967
911
-179
-1204
-2041
-2527
-2578
-1802
-787
538
2022
3363
4311
4560
4007
2910
1400
-242
-1799
-3256
-4068
-4287
-4042
-3411
-2461
-1294
-411
90
398
485
152
-506
-1232
-1889
-2456
-2789
-2915
-2896
-2660
-2356
-1931
-1621
-1213
-941
-943
-984
-1240
-1426
-1965
-2474
-2888
-3106
-3131
-2955
-2478
-1886
-1265
-853
-820
-1575
-2225
-2571
-2257
-1608
-805
813
2522
3874
4726
5352
5645
4824
3054
1329
147
-907
-1706
-1908
-1203
-282
677
1904
3152
4059
4117
3981
3891
3840
3501
3005
2815
2789
2844
2845
3088
3111
2715
1237
-363
-1616
-2575
-3240
-3577
-2627
-1130
457
2115
3791
4960
4979
4100
2898
1405
-540
-2334
-3722
-4398
-4585
-4336
-3543
-2528
-1467
-803
-276
149
279
-135
-854
-1401
-1814
-2192
-2552
-2612
-2625
-2771
-2846
-2665
-2319
-2094
-1842
-1479
-1140
-1038
-1057
-1177
-1478
-2009
-2464
-2581
-2580
-2402
-2122
-1533
-1076
-716
-1077
-1859
-2367
-2266
-1511
-855
472
2345
3997
4951
5454
5890
5587
4086
2089
692
-247
-1006
-1568
-1237
-239
680
1541
2485
3569
4011
3757
3421
3437
3492
3165
2844
2857
3157
3126
2982
2897
2593
1371
-539
-1977
-2819
-3133
-3391
-2744
-1214
431
1947
3254
4379
4592
3769
2387
942
-679
-2377
-3801
-4650
-4778
-4504
-3733
-2775
-1706
-776
-146
252
402
253
-373
-1157
-1835
-2259
-2659
-3115
-3467
-3634
-3669
-3473
-3017
-2349
-1616
-968
-340
123
419
228
-298
-1083
-1824
-2316
-2580
-2543
-2395
-2035
-1569
-1141
-981
-1671
-2299
-2505
-1883
-847
467
2432
4279
5468
6057
6311
6095
4839
2684
822
-451
-1283
-1657
-1464
-517
428
1242
2207
3185
3648
3311
2806
2625
2718
2720
2706
2979
3299
3392
3310
3196
2994
2088
592
-1101
-2351
-3218
-3789
-3693
-2790
-1133
618
2231
3682
4475
4274
3227
1732
110
-1611
-3177
-4195
-4599
-4258
-3566
-2672
-1691
-844
-277
-145
-167
-428
-878
-1594
-2197
-2513
-2719
-2908
-3043
-3039
-2990
-2933
-2620
-2062
-1401
-783
-296
124
402
329
-50
-736
-1534
-2188
-2699
-2952
-2911
-2684
-2175
-1717
-1218
-995
-1374
-1550
-1407
-500
625
1862
3423
4685
5331
5435
5208
4701
3436
1670
305
-537
-930
-912
-534
300
989
1637
2312
2901
3156
2857
2579
2448
2587
2646
2785
2968
3087
3074
3013
2956
2638
1741
316
-1121
-2452
-3213
-3415
-2909
-1822
-436
1173
2614
3627
3924
3417
2251
697
-893
-2282
-3358
-3988
-3988
-3584
-2877
-2035
-1212
-601
-384
-476
-678
-966
-1505
-2078
-2540
-2752
-2838
-2938
-2887
-2700
-2426
-2134
-1739
-1176
-714
-492
-381
-349
-391
-789
-1174
-1622
-2003
-2253
-2379
-2297
-2152
-1931
-1485
-1152
-801
-991
-1492
-1598
-1338
-321
770
2026
3538
4527
4999
5093
4940
4354
2964
1448
538
22
-178
-189
180
705
994
1294
1608
1914
1781
1544
1584
2032
2692
3218
3742
4172
4309
4058
3712
3192
2348
1141
-383
-1665
-2881
-3752
-4165
-3787
-2632
-1109
666
2436
3720
4194
3931
3072
1834
175
-1478
-2861
-3777
-4064
-3964
-3461
-2815
-2088
-1484
-1082
-782
-636
-711
-1069
-1438
-1666
-1858
-2141
-2375
-2465
-2558
-2606
-2541
-2231
-1735
-1342
-972
-541
-187
-101
-346
-689
-1054
-1454
-1914
-2222
-2226
-2107
-1928
-1551
-1183
-771
-1029
-1575
-1733
-1376
-437
491
1780
3394
4542
5079
5241
5221
4782
3458
1899
835
131
-451
-856
-735
-279
46
472
1139
1893
2288
2443
2677
3101
3497
3603
3661
3605
3385
2985
2617
2266
1624
657
-612
-1694
-2614
-3157
-3231
-2700
-1634
-293
1136
2405
3268
3416
2984
2068
850
-567
-1909
-2917
-3608
-3821
-3678
-3144
-2397
-1674
-1038
-518
-161
-73
-229
-676
-1305
-1911
-2466
-2869
-3116
-3107
-2925
-2687
-2268
-1620
-967
-465
-200
-26
-2
-211
-576
-858
-1071
-1492
-1851
-2058
-1952
-1851
-1916
-1740
-1348
-1044
-901
-1216
-1345
-1140
-492
493
1583
3057
4302
4886
4965
4785
4389
3346
1789
467
-330
-839
-1025
-719
29
734
1214
1735
2286
2565
2455
2211
2197
2380
2537
2669
2874
3030
2975
2696
2363
2044
1319
339
-734
-1656
-2375
-2773
-2563
-1922
-1039
81
1317
2266
2780
2824
2402
1477
272
-900
-1944
-2691
-3177
-3163
-2822
-2339
-1806
-1223
-794
-576
-529
-704
-1042
-1514
-1999
-2415
-2667
-2744
-2656
-2433
-2154
-1763
-1310
-916
-645
-542
-537
-652
-857
-1123
-1380
-1514
-1569
-1669
-1603
-1522
-1398
-1266
-1234
-1154
-985
-872
-667
-819
-1049
-947
-462
462
1317
2350
3408
3957
4041
3868
3652
3231
2288
1341
808
522
337
356
650
997
1052
1090
1347
1727
1848
1816
1929
2239
2510
2636
2803
2931
2877
2538
2274
1997
1593
926
12
-822
-1549
-2048
-2252
-2104
-1506
-602
331
1263
2086
2488
2315
1693
910
-28
-1081
-2087
-2737
-2973
-2927
-2651
-2176
-1562
-1037
-779
-740
-831
-1111
-1625
-2197
-2569
-2615
-2591
-2497
-2210
-1781
-1410
-1203
-1074
-971
-1027
-1196
-1388
-1432
-1317
-1228
-1109
-911
-767
-697
-867
-1010
-1159
-1340
-1502
-1596
-1265
-895
-673
-877
-912
-645
-19
647
1404
2497
3332
3609
3644
3782
3819
3292
2358
1698
1297
841
475
350
541
449
341
547
1077
1552
1692
1912
2218
2620
2758
2916
3053
2976
2732
2438
2346
1982
1421
528
-226
-932
-1574
-1946
-2044
-1814
-1341
-592
421
1434
2043
2276
2087
1620
965
42
-889
-1830
-2530
-2965
-3099
-2923
-2550
-2141
-1815
-1450
-1133
-914
-1025
-1333
-1573
-1728
-1851
-1940
-1865
-1808
-1842
-1934
-1920
-1834
-1831
-1877
-1872
-1662
-1430
-1220
-886
-532
-203
-101
-210
-307
-527
-862
-1316
-1473
-1473
-1297
-993
-626
-293
-553
-749
-741
-210
354
918
1915
2886
3435
3718
4016
4208
3856
2906
2125
1496
853
303
34
198
285
442
848
1543
2067
2205
2306
2436
2516
2362
2203
2186
2148
2014
1895
2050
2067
1738
1202
647
146
-533
-1093
-1514
-1847
-1850
-1438
-657
275
1114
1798
2028
1826
1387
612
-506
-1788
-2838
-3446
-3772
-3722
-3275
-2594
-1961
-1445
-903
-511
-476
-790
-1201
-1566
-1904
-2188
-2426
-2464
-2416
-2380
-2239
-2071
-1843
-1789
-1729
-1571
-1335
-1122
-957
-707
-487
-349
-181
-75
-89
-330
-617
-857
-1044
-1188
-1041
-862
-659
-594
-797
-678
-444
178
867
1725
2770
3476
3823
3949
3990
3874
3341
2580
2109
1724
1419
1203
1221
1412
1386
1371
1552
1834
1859
1718
1644
1713
1752
1756
1855
2090
2186
2189
2226
2455
2255
1581
819
245
-257
-885
-1214
-1175
-1061
-1010
-757
-188
290
269
113
-41
-350
-849
-1398
-1813
-2266
-2744
-2950
-2841
-2585
-2348
-2079
-1720
-1373
-1169
-1160
-1294
-1629
-2082
-2417
-2634
-2642
-2608
-2503
-2365
-2182
-1957
-1773
-1635
-1581
-1609
-1565
-1283
-1043
-806
-504
-178
125
342
476
540
324
21
-224
-433
-489
-627
-445
-149
138
262
73
125
222
454
864
1539
2499
3275
3709
4110
4530
4717
4300
3644
3040
2335
1597
1054
994
1067
982
1030
1379
1811
1872
1752
1676
1575
1327
1130
1203
1384
1375
1279
1450
1725
1827
1298
630
-68
-828
-1526
-2064
-2076
-1875
-1738
-1313
-557
137
483
305
-47
-621
-1478
-2312
-2969
-3338
-3587
-3617
-3221
-2533
-1903
-1515
-1235
-1086
-1105
-1329
-1612
-1889
-2144
-2419
-2540
-2394
-2181
-1964
-1755
-1598
-1411
-1349
-1283
-1278
-1313
-1380
-1256
-938
-596
-132
290
751
1039
1234
1310
1099
703
181
-205
-371
-372
-170
285
790
1274
1231
1086
1026
955
1009
1061
1634
2346
2781
3111
3539
4060
4181
3849
3480
3257
2868
2392
2102
2092
1929
1502
1270
1271
1273
983
686
538
334
17
-145
-33
73
61
90
424
729
867
616
174
-235
-698
-1018
-1279
-1302
-1298
-1477
-1529
-1377
-1198
-1165
-1401
-1553
-1667
-1876
-2075
-2196
-2237
-2432
-2613
-2566
-2329
-2110
-2000
-1796
-1465
-1227
-1058
-959
-957
-1197
-1613
-1947
-2101
-2187
-2284
-2191
-1841
-1371
-851
-313
175
467
491
445
352
225
-12
-201
-329
-249
28
433
908
1226
1415
1539
1517
1560
1513
1503
1433
1314
925
397
74
-56
125
378
898
1754
2450
2942
3379
3898
4303
4165
3799
3531
3134
2557
1984
1643
1353
810
368
181
153
-13
-216
-208
-194
-309
-475
-445
-409
-528
-705
-618
-362
-349
-439
-701
-861
-1110
-1255
-1253
-1152
-1031
-993
-996
-776
-531
-511
-725
-1023
-1315
-1661
-1977
-2170
-2301
-2446
-2586
-2542
-2301
-1997
-1755
-1538
-1251
-1085
-965
-897
-897
-968
-1102
-1187
-1139
-959
-861
-704
-475
-253
-92
16
58
103
29
-81
-39
102
311
445
593
782
977
1178
1380
1559
1734
1746
1658
1566
1470
1294
1133
1027
1017
955
564
277
101
160
286
536
1094
1695
2057
2356
2741
3124
3165
2831
2483
2119
1671
1159
813
654
412
59
-100
25
160
129
46
-30
-242
-634
-1025
-1242
-1486
-1800
-2006
-1958
-1782
-1639
-1444
-1020
-588
-250
0
206
229
64
-205
-397
-452
-602
-796
-973
-1067
-1180
-1381
-1504
-1631
-1792
-1989
-2046
-1976
-1836
-1675
-1523
-1299
-1078
-823
-558
-370
-263
-222
-272
-380
-546
-678
-775
-817
-692
-424
-41
343
738
1041
1286
1404
1453
1367
1121
884
592
360
256
232
296
451
700
992
1323
1615
1845
1858
1808
1688
1427
1225
826
250
-302
-730
-800
-645
-387
129
804
1279
1631
2003
2423
2481
2131
1725
1441
1137
707
406
332
143
-232
-439
-408
-414
-586
-772
-730
-720
-796
-841
-784
-887
-1122
-1338
-1362
-1302
-1320
-1260
-1061
-724
-474
-246
-67
30
-12
-119
-193
-158
-156
-243
-302
-300
-214
-229
-289
-415
-611
-898
-1247
-1533
-1762
-1978
-2119
-2061
-1791
-1345
-901
-396
78
373
515
543
538
407
244
180
228
350
507
679
813
897
878
849
775
616
459
312
257
309
333
474
628
853
1027
1175
1230
1156
963
669
386
142
19
-20
21
34
-66
-232
-410
-494
-534
-548
-432
-217
66
259
490
850
1098
1090
963
932
849
626
376
243
121
-80
-229
-146
8
93
134
213
276
202
82
-79
-295
-606
-959
-1173
-1314
-1396
-1433
-1291
-992
-677
-349
38
449
704
881
1033
1167
1189
1117
920
688
370
11
-342
-624
-938
-1237
-1374
-1430
-1371
-1259
-1092
-867
-641
-466
-264
-119
-64
-48
-117
-166
-217
-272
-319
-284
-171
-24
154
334
526
691
794
789
756
624
412
133
-85
-201
-306
-356
-329
-290
-220
-105
-30
73
118
150
135
183
230
245
229
183
126
20
-271
-579
-929
-1231
-1402
-1430
-1251
-856
-401
73
603
1129
1543
1693
1701
1572
1302
987
697
509
376
257
189
246
380
553
703
845
935
938
898
822
659
455
216
-8
-184
-361
-510
-629
-731
-801
-774
-592
-323
-27
229
561
893
1102
1189
1227
1097
786
377
29
-294
-674
-984
-1170
-1235
-1270
-1168
-986
-803
-689
-640
-587
-528
-570
-681
-720
-754
-812
-832
-758
-700
-702
-689
-662
-625
-600
-597
-589
-529
-476
-360
-230
-102
-36
-30
2
2
16
-44
-71
-89
-98
-104
-37
91
183
281
329
406
435
394
319
266
243
196
174
181
205
167
132
88
103
120
134
223
347
509
637
785
935
1000
1013
984
971
922
836
785
764
747
703
718
731
731
751
770
779
798
775
761
720
650
615
592
526
440
372
287
115
-67
-183
-296
-401
-479
-461
-439
-440
-424
-403
-368
-410
-499
-573
-694
-846
-1028
-1167
-1278
-1354
-1365
-1332
-1249
-1174
-1121
-1037
-1021
-1017
-997
-1033
-998
-1000
-966
-941
-893
-825
-791
-713
-679
-599
-541
-432
-348
-237
-102
14
164
260
369
429
503
565
600
624
620
624
585
521
475
417
341
251
197
181
221
270
399
554
741
890
1002
1098
1140
1119
1009
926
822
723
634
586
579
615
623
654
733
759
747
686
660
607
507
423
342
270
156
43
-3
-63
-163
-281
-325
-363
-401
-343
-276
-201
-141
-61
-10
20
-34
-116
-218
-308
-419
-511
-547
-563
-562
-552
-497
-466
-491
-532
-568
-622
-652
-701
-659
-587
-533
-449
-341
-285
-297
-386
-473
-600
-753
-857
-904
-909
-858
-751
-638
-462
-300
-174
-60
55
140
190
245
312
346
304
332
348
333
316
266
248
196
148
119
161
184
269
334
421
523
582
608
585
580
514
394
307
275
258
241
258
389
481
591
715
827
922
945
941
886
813
669
552
437
389
296
209
172
77
-45
-217
-380
-510
-640
-730
-778
-728
-651
-574
-469
-372
-299
-314
-364
-457
-560
-697
-815
-872
-909
-929
-900
-836
-769
-668
-558
-492
-393
-366
-337
-312
-312
-312
-355
-337
-364
-350
-326
-312
-256
-171
-47
68
215
344
467
570
633
724
755
743
725
719
710
676
687
701
728
764
823
895
934
959
959
981
995
1006
1005
956
926
845
772
651
555
403
279
179
121
71
7
23
-6
-13
-10
10
-12
-106
-208
-272
-361
-435
-493
-547
-580
-597
-604
-620
-615
-661
-740
-811
-877
-941
-1036
-1136
-1229
-1270
-1310
-1332
-1329
-1313
-1329
-1322
-1301
-1257
-1213
-1152
-1123
-1079
-1005
-958
-889
-778
-674
-559
-409
-284
-130
-34
47
111
155
189
249
290
336
390
498
617
717
825
906
960
971
1020
1052
1094
1119
1180
1251
1298
1363
1397
1383
1361
1316
1274
1215
1204
1171
1139
1171
1256
1308
1357
1388
1367
1349
1252
1147
1034
898
762
656
558
483
400
304
235
138
60
-34
-100
-149
-219
-278
-318
-311
-367
-448
-576
-681
-861
-1077
-1258
-1424
-1552
-1668
-1701
-1642
-1575
-1498
-1408
-1348
-1315
-1303
-1360
-1411
-1468
-1559
-1612
-1606
-1565
-1514
-1453
-1353
-1248
-1211
-1176
-1102
-1056
-999
-956
-873
-776
-643
-489
-364
-254
-123
-31
10
79
116
134
202
268
401
586
733
889
1029
1142
1210
1234
1297
1314
1277
1247
1279
1280
1295
1318
1346
1378
1394
1405
1369
1336
1287
1241
1224
1223
1268
1302
1344
1385
1408
1397
1315
1230
1047
896
754
592
471
410
327
263
229
195
143
96
40
2
-52
-92
-155
-238
-348
-483
-606
-735
-850
-975
-1075
-1147
-1193
-1229
-1248
-1229
-1239
-1219
-1212
-1194
-1178
-1225
-1251
-1297
-1354
-1406
-1444
-1513
-1518
-1519
-1458
-1400
-1303
-1192
-1109
-994
-906
-797
-746
-672
-625
-554
-471
-365
-268
-202
-116
-61
2
76
129
172
239
338
430
543
652
752
824
912
994
1079
1175
1198
1247
1264
1270
1272
1274
1264
1238
1178
1178
1177
1160
1168
1168
1170
1204
1204
1192
1178
1121
1055
947
857
753
624
502
397
324
276
245
192
179
142
111
68
29
-62
-185
-298
-431
-542
-655
-738
-825
-875
-938
-976
-993
-1028
-1024
-1043
-1033
-1039
-1019
-1001
-1024
-1048
-1038
-1042
-1048
-1029
-1048
-1005
-1025
-998
-948
-906
-862
-823
-754
-697
-627
-545
-488
-430
-367
-319
-267
-228
-182
-138
-92
-31
41
109
181
268
308
361
427
488
534
568
639
731
826
927
1038
1091
1093
1035
980
901
806
716
695
692
735
836
932
1024
1075
1106
1086
1062
984
889
766
655
558
499
422
367
327
275
238
162
124
41
-33
-78
-83
-114
-108
-121
-138
-165
-249
-309
-427
-521
-628
-720
-800
-850
-872
-907
-912
-902
-863
-825
-789
-737
-753
-782
-819
-886
-923
-976
-1005
-1040
-1013
-983
-932
-857
-775
-703
-638
-561
-509
-432
-416
-362
-311
-244
-192
-115
-44
-15
47
106
167
225
294
342
391
461
518
573
611
660
710
779
876
916
970
1000
1005
1000
969
938
908
901
881
875
898
874
857
800
758
709
655
585
539
483
429
404
362
326
287
242
174
129
57
-32
-118
-190
-234
-261
-242
-241
-213
-196
-197
-227
-246
-322
-382
-460
-528
-596
-660
-709
-753
-764
-778
-762
-740
-709
-677
-635
-605
-587
-576
-566
-562
-577
-601
-625
-617
-633
-639
-614
-595
-544
-491
-442
-372
-311
-275
-228
-194
-152
-126
-109
-109
-117
-84
-50
-27
17
85
131
193
266
318
377
421
455
499
541
580
575
582
571
544
503
471
434
402
411
438
488
555
635
708
754
803
849
844
811
773
727
670
606
560
518
462
395
355
312
283
257
220
208
199
185
152
136
87
30
-21
-90
-126
-202
-271
-316
-361
-410
-425
-469
-496
-532
-569
-568
-576
-589
-606
-630
-631
-638
-659
-665
-678
-691
-714
-696
-694
-689
-674
-666
-615
-568
-503
-446
-413
-369
-350
-305
-275
-282
-294
-314
-330
-323
-333
-325
-313
-269
-221
-135
-27
58
136
204
256
294
326
355
375
365
396
414
410
405
404
384
405
439
466
516
548
574
612
624
628
619
612
571
557
525
482
470
443
463
465
479
491
481
458
416
387
353
331
292
255
233
217
186
160
122
107
72
44
28
2
-29
-56
-66
-100
-118
-165
-186
-231
-267
-328
-362
-398
-417
-433
-447
-424
-421
-409
-396
-399
-416
-432
-442
-450
-496
-486
-486
-484
-482
-459
-422
-396
-364
-346
-347
-362
-389
-398
-384
-386
-359
-331
-287
-254
-241
-212
-196
-180
-162
-136
-112
-67
-69
-43
-22
22
52
108
125
172
214
211
237
219
226
221
262
298
356
385
404
435
433
445
447
441
429
422
408
401
390
387
351
328
325
304
286
317
314
341
339
325
324
269
220
166
141
108
84
80
90
78
63
76
62
58
62
41
14
16
-24
-36
-60
-94
-98
-135
-130
-162
-169
-190
-215
-226
-255
-234
-242
-209
-212
-204
-210
-221
-236
-278
-273
-328
-322
-354
-365
-382
-402
-399
-401
-360
-325
-295
-251
-206
-179
-149
-123
-115
-154
-161
-210
-255
-282
-306
-300
-275
-215
-140
-69
16
68
119
145
143
169
191
192
199
205
211
191
189
205
209
248
299
324
337
352
373
369
364
397
402
409
426
427
405
385
325
274
216
178
141
111
128
170
214
232
288
319
299
252
206
161
95
16
-55
-93
-136
-163
-196
-207
-217
-218
-191
-191
-172
-164
-165
-157
-180
-210
-225
-246
-257
-292
-303
-335
-397
-457
-480
-514
-509
-494
-436
-394
-351
-298
-271
-257
-280
-283
-316
-324
-344
-348
-307
-268
-207
-149
-73
-1
43
110
120
146
146
122
137
120
130
152
184
213
249
276
337
351
378
419
447
454
454
468
432
433
441
432
440
412
387
352
297
273
239
240
242
264
269
265
277
253
219
202
185
147
124
106
88
42
5
-46
-75
-120
-162
-184
-194
-197
-188
-185
-187
-199
-245
-247
-279
-303
-337
-350
-360
-355
-317
-319
-313
-300
-280
-286
-274
-251
-237
-252
-244
-251
-284
-319
-333
-328
-330
-301
-270
-247
-235
-217
-225
-218
-223
-218
-187
-175
-140
-104
-80
-57
-40
-5
-5
6
39
87
114
138
166
178
170
167
175
210
225
266
303
333
386
395
424
436
413
399
425
412
384
403
416
396
410
396
375
366
328
338
338
322
332
339
313
282
248
199
168
139
104
80
59
38
26
-9
-46
-70
-86
-94
-108
-118
-141
-163
-216
-261
-304
-359
-383
-419
-419
-419
-416
-402
-420
-435
-428
-425
-432
-418
-410
-376
-351
-320
-284
-290
-283
-287
-303
-321
-330
-343
-347
-333
-302
-282
-229
-194
-169
-131
-125
-119
-120
-86
-71
-66
-51
-2
31
50
103
144
165
188
223
215
223
239
239
282
282
290
316
305
316
332
358
396
396
428
441
457
469
484
475
466
488
479
454
425
398
370
348
350
344
322
309
290
234
225
210
186
191
172
167
160
124
106
69
6
-16
-62
-101
-142
-188
-220
-227
-268
-287
-304
-319
-344
-373
-389
-413
-453
-475
-478
-510
-516
-514
-519
-523
-534
-536
-557
-576
-579
-570
-542
-493
-453
-408
-374
-326
-316
-304
-271
-263
-244
-244
-224
-190
-173
-139
-116
-52
-17
30
101
144
163
191
204
224
250
273
310
342
374
380
380
394
400
393
412
449
457
493
473
447
445
429
424
430
438
427
433
407
392
362
353
340
322
309
299
268
234
200
151
118
96
92
73
77
79
71
50
29
-2
-31
-78
-113
-132
-182
-197
-227
-230
-223
-229
-210
-231
-237
-254
-270
-278
-307
-301
-309
-327
-336
-356
-349
-351
-361
-354
-357
-335
-349
-347
-359
-364
-356
-345
-330
-322
-284
-273
-243
-218
-194
-171
-165
-141
-117
-100
-92
-58
-24
-3
24
36
53
58
93
91
109
138
155
163
191
208
212
232
257
282
286
304
300
300
297
308
325
368
385
388
410
405
392
375
354
331
306
278
263
242
242
245
244
260
283
282
259
229
190
134
100
42
5
-32
-72
-101
-115
-123
-149
-149
-169
-191
-205
-226
-250
-279
-296
-311
-331
-342
-319
-336
-349
-357
-358
-375
-387
-397
-370
-350
-334
-301
-301
-278
-293
-301
-289
-287
-287
-277
-263
-236
-223
-205
-193
-193
-159
-152
-106
-71
-37
8
54
83
95
126
142
171
181
207
219
222
233
235
232
251
267
280
306
329
338
347
355
369
389
402
420
431
444
433
412
385
337
313
286
278
270
270
270
255
240
234
204
183
181
155
133
106
80
47
-6
-15
-17
-25
-23
-18
-47
-81
-135
-160
-197
-225
-267
-288
-309
-335
-356
-369
-369
-373
-376
-380
-378
-413
-415
-443
-448
-466
-470
-488
-476
-469
-472
-443
-446
-420
-422
-403
-372
-365
-330
-305
-293
-275
-265
-267
-239
-193
-146
-120
-74
-43
-11
9
29
79
114
158
219
278
293
330
338
367
371
397
438
450
481
491
512
525
547
557
557
590
599
597
612
597
621
611
608
613
592
542
518
485
424
387
358
344
316
290
271
244
191
166
129
94
46
5
-13
-22
-79
-99
-138
-175
-225
-268
-307
-360
-380
-422
-432
-459
-460
-511
-513
-546
-585
-577
-599
-610
-629
-633
-647
-654
-659
-656
-635
-598
-573
-564
-544
-558
-553
-558
-545
-538
-515
-488
-459
-419
-397
-341
-307
-246
-199
-169
-103
-66
-32
2
14
45
70
92
135
170
225
247
291
331
359
394
418
462
477
536
545
572
585
601
607
616
644
673
695
706
715
701
720
694
676
670
661
646
632
606
584
572
532
525
524
506
504
445
415
340
285
241
201
190
151
118
97
36
-14
-75
-123
-167
-172
-189
-233
-288
-335
-396
-477
-512
-555
-562
-573
-575
-604
-628
-658
-721
-759
-760
-787
-761
-747
-735
-743
-745
-736
-764
-755
-765
-735
-719
-684
-639
-616
-584
-550
-505
-482
-436
-384
-337
-302
-255
-210
-189
-154
-115
-83
-47
-4
56
104
155
207
249
289
355
389
407
458
483
518
555
596
615
640
666
661
668
646
668
676
695
716
732
733
765
766
745
728
712
701
659
627
590
564
524
471
447
436
399
362
351
301
265
224
189
132
90
44
4
-35
-99
-153
-203
-254
-319
-349
-382
-380
-400
-418
-413
-441
-462
-514
-527
-578
-590
-623
-644
-651
-676
-686
-701
-687
-703
-688
-677
-654
-651
-613
-596
-583
-540
-543
-520
-492
-472
-461
-407
-388
-353
-303
-270
-229
-201
-137
-91
-46
24
68
112
155
212
238
275
304
325
350
385
408
422
472
503
540
599
631
670
671
703
691
681
666
650
628
594
594
561
572
522
528
490
465
452
414
405
364
367
297
279
229
168
136
81
47
20
-1
-41
-63
-116
-164
-207
-231
-247
-268
-291
-329
-362
-432
-456
-494
-525
-529
-535
-517
-532
-518
-509
-508
-507
-497
-462
-474
-469
-446
-445
-445
-411
-399
-424
-413
-414
-384
-367
-339
-298
-246
-189
-150
-106
-70
-37
-20
34
53
64
82
85
91
109
150
155
209
237
277
307
338
371
384
414
420
444
455
461
429
434
423
389
401
396
402
403
407
423
427
424
394
377
363
321
287
263
245
232
204
188
182
140
120
124
76
40
14
-12
-54
-81
-96
-139
-169
-194
-208
-233
-243
-269
-279
-293
-311
-347
-361
-370
-404
-381
-394
-383
-409
-423
-435
-446
-444
-422
-368
-359
-322
-288
-292
-277
-282
-260
-256
-248
-219
-196
-186
-175
-138
-137
-92
-80
-45
-32
-8
36
58
89
119
151
166
173
196
198
221
228
250
273
267
304
319
331
349
378
380
354
375
353
362
363
381
392
369
354
344
327
298
287
278
269
229
230
200
171
145
121
115
80
86
70
48
23
-11
-29
-75
-101
-131
-172
-185
-227
-232
-262
-262
-273
-295
-292
-316
-310
-336
-344
-336
-333
-326
-329
-341
-332
-365
-366
-383
-376
-367
-343
-306
-276
-263
-254
-232
-244
-218
-211
-174
-152
-135
-115
-110
-89
-86
-61
-42
-15
4
47
79
81
114
132
140
155
190
210
218
233
253
264
274
281
297
327
353
376
398
391
386
368
359
335
339
346
362
383
392
411
395
385
346
305
267
204
172
136
131
121
98
66
81
52
38
30
6
-2
-34
-53
-93
-136
-174
-211
-234
-231
-237
-236
-236
-265
-305
-313
-352
-338
-337
-318
-315
-296
-272
-260
-273
-276
-296
-330
-330
-353
-366
-371
-349
-340
-309
-277
-233
-199
-166
-134
-130
-119
-108
-96
-84
-74
-63
-47
-58
-43
-40
-19
2
18
41
72
105
142
165
201
224
245
267
265
275
264
263
263
265
248
251
255
261
273
281
296
307
292
287
293
280
296
293
297
297
270
237
194
157
119
74
78
74
68
63
32
11
-12
-18
-11
-13
-7
-17
-33
-61
-128
-159
-188
-208
-218
-202
-198
-202
-200
-195
-205
-195
-189
-195
-184
-206
-200
-208
-215
-236
-241
-233
-238
-210
-234
-215
-211
-203
-186
-180
-157
-135
-113
-88
-72
-69
-44
-41
-33
-28
-22
-14
-26
-16
-23
-19
-11
13
48
75
116
138
147
156
163
166
185
168
176
185
174
178
163
147
144
125
130
146
165
183
185
201
190
193
197
185
175
174
183
150
138
147
95
80
79
49
37
28
33
29
14
45
16
15
13
10
7
-36
-34
-60
-94
-98
-128
-117
-139
-126
-152
-145
-138
-135
-125
-122
-116
-112
-115
-143
-137
-149
-161
-160
-135
-132
-116
-119
-116
-127
-135
-115
-113
-97
-78
-90
-69
-79
-85
-89
-89
-63
-65
-52
-39
-35
-51
-67
-71
-53
-43
-41
-5
13
26
49
54
46
58
49
46
48
32
41
36
47
53
53
55
61
85
94
123
149
159
177
139
130
95
83
74
65
83
81
101
95
93
96
121
118
121
119
111
102
91
87
80
73
74
63
51
24
15
24
1
-1
15
10
4
2
3
-4
-11
24
31
13
19
-1
-32
-40
-64
-75
-82
-59
-61
-62
-39
-31
-43
-62
-69
-69
-70
-70
-31
-49
-41
-35
-58
-80
-101
-86
-80
-83
-73
-72
-80
-95
-101
-113
-107
-95
-75
-60
-42
-34
-27
-30
-45
-43
-43
-45
-42
-23
-37
-54
-73
-70
-64
-80
-49
-17
12
19
53
58
61
55
48
50
34
27
11
19
21
19
31
35
33
55
55
83
67
80
95
94
103
81
84
67
52
36
49
55
45
65
67
70
73
70
49
45
41
41
35
36
33
22
40
14
5
-12
-27
-41
-51
-23
-21
-11
-5
1
-7
-10
-17
-30
-44
-55
-48
-39
-56
-35
-41
-61
-55
-50
-59
-46
-44
-50
-45
-61
-66
-75
-79
-68
-66
-54
-47
-56
-51
-47
-66
-48
-43
-40
-12
-11
7
7
5
10
-8
-34
-29
-30
-16
-5
28
26
30
60
70
62
76
83
82
100
89
97
92
117
113
105
115
127
130
121
131
125
132
120
114
117
108
106
125
113
102
100
101
95
89
92
86
84
60
65
31
12
-9
-31
-48
-52
-58
-61
-88
-92
-108
-134
-139
-150
-172
-175
-176
-180
-176
-184
-186
-200
-201
-218
-214
-238
-234
-247
-237
-221
-210
-194
-217
-182
-193
-185
-181
-175
-155
-166
-132
-103
-90
-74
-55
-46
-36
-41
-14
-20
-13
12
20
58
60
76
102
99
151
165
188
186
186
193
178
178
170
178
180
200
237
243
268
265
267
271
285
299
267
261
241
229
211
197
194
189
198
193
190
188
151
148
141
141
133
122
116
93
85
50
16
-15
-29
-36
-83
-80
-142
-166
-145
-116
-107
-98
-99
-105
-183
-229
-241
-248
-239
-212
-217
-209
-207
-218
-215
-245
-240
-257
-241
-246
-245
-245
-246
-212
-216
-208
-193
-195
-197
-220
-212
-200
-184
-194
-194
-191
-185
-155
-145
-108
-85
-47
-14
6
30
22
31
37
29
37
51
50
61
72
129
150
147
168
196
189
182
218
244
260
273
321
331
320
353
375
362
340
311
305
274
272
271
279
265
253
248
262
275
286
293
276
232
191
120
53
1
-63
-73
-81
-52
-18
-12
-29
-33
-52
-92
-98
-131
-164
-214
-220
-227
-235
-240
-248
-257
-295
-305
-318
-329
-313
-305
-311
-304
-309
-323
-346
-353
-343
-350
-315
-306
-270
-233
-213
-192
-200
-201
-229
-218
-193
-155
-93
-36
20
43
41
48
60
65
76
78
82
95
100
109
146
156
195
240
257
283
267
274
256
257
274
281
300
312
321
311
304
283
262
250
242
245
262
250
224
189
174
159
162
202
225
227
195
159
88
0
-10
-57
-49
-43
-25
-27
-23
4
-39
-49
-84
-112
-149
-205
-223
-214
-173
-139
-67
-15
-28
-76
-130
-197
-295
-328
-330
-334
-292
-209
-154
-90
-71
-85
-136
-182
-205
-260
-257
-278
-274
-286
-266
-226
-174
-122
-85
-60
-60
-95
-103
-115
-159
-155
-152
-137
-106
-58
7
48
85
134
134
112
89
51
11
-29
-6
42
99
174
254
303
335
357
333
298
252
201
144
148
140
183
219
283
342
369
413
384
382
307
251
171
134
111
122
146
167
203
214
218
196
195
129
73
11
-59
-120
-174
-183
-196
-147
-102
-58
-35
-70
-112
-182
-260
-304
-330
-341
-325
-296
-268
-270
-274
-272
-266
-262
-256
-275
-288
-301
-322
-314
-312
-312
-290
-254
-200
-170
-145
-147
-150
-169
-173
-170
-170
-122
-102
-73
-25
27
59
93
125
139
141
149
154
140
156
153
199
224
272
308
332
355
352
335
308
310
294
280
250
250
264
255
287
288
294
294
288
246
230
201
171
137
129
121
100
121
123
92
85
73
32
5
-11
-50
-66
-78
-80
-95
-85
-82
-88
-94
-110
-137
-166
-175
-197
-215
-218
-240
-249
-251
-257
-240
-242
-230
-248
-248
-286
-270
-301
-281
-261
-270
-235
-219
-215
-229
-219
-222
-222
-209
-190
-188
-169
-149
-150
-143
-117
-101
-74
-71
-43
-32
-20
-11
-3
26
35
74
95
135
167
185
209
209
191
179
178
185
198
215
236
245
271
283
293
299
320
314
314
305
294
276
235
221
186
220
225
227
260
260
248
218
215
179
160
137
128
113
103
98
66
52
43
18
-2
-7
-32
-49
-44
-68
-76
-98
-128
-147
-181
-194
-205
-221
-229
-229
-249
-261
-270
-286
-285
-289
-292
-271
-263
-258
-264
-255
-283
-282
-276
-275
-282
-248
-229
-231
-220
-202
-179
-186
-157
-163
-126
-116
-109
-95
-86
-66
-58
-30
-16
3
18
32
42
64
83
101
120
143
131
164
169
177
193
208
219
219
231
214
229
239
251
266
269
269
270
265
250
250
256
265
270
274
280
238
226
210
183
156
147
129
111
76
84
48
47
41
9
2
-16
-39
-48
-55
-53
-77
-88
-93
-133
-142
-173
-177
-195
-204
-197
-189
-202
-200
-209
-206
-207
-184
-192
-191
-195
-213
-198
-184
-174
-180
-158
-164
-156
-169
-171
-158
-156
-121
-135
-104
-98
-87
-72
-70
-54
-50
-30
-36
-37
-44
-22
-36
2
28
51
74
99
105
98
98
104
108
114
145
171
182
179
176
169
158
157
155
137
152
161
147
167
176
190
184
181
188
144
137
112
97
110
116
122
131
121
124
99
97
78
54
50
17
5
-22
-23
-35
-42
-36
-28
-25
-21
-39
-81
-89
-102
-135
-135
-145
-165
-164
-178
-178
-176
-168
-161
-148
-145
-144
-146
-159
-157
-171
-176
-165
-183
-159
-155
-149
-129
-120
-108
-109
-102
-77
-70
-62
-45
-35
-44
-33
-6
-8
1
21
34
35
55
69
67
93
111
121
139
169
184
165
168
158
137
133
104
97
115
114
129
129
146
146
164
150
143
135
120
104
90
75
61
54
51
43
17
29
3
27
27
27
23
6
-8
-32
-54
-71
-91
-78
-90
-89
-83
-78
-83
-105
-90
-104
-82
-76
-51
-54
-43
-41
-51
-63
-82
-83
-96
-93
-76
-98
-84
-68
-78
-66
-49
-36
-31
-13
-8
-9
-19
-9
-27
-29
-25
-24
-23
-23
-21
-22
-9
-37
-17
-17
-19
-8
11
31
20
43
32
30
21
37
28
32
33
22
33
19
37
39
55
84
75
79
81
69
72
73
58
58
66
57
51
58
40
59
56
79
81
91
95
95
88
57
51
26
29
31
44
23
37
13
3
-30
-21
-26
-37
-11
-28
4
-10
6
-18
-23
-30
-42
-31
-47
-31
-64
-60
-70
-69
-90
-69
-74
-82
-76
-72
-52
-59
-55
-73
-86
-98
-89
-96
-80
-68
-59
-52
-54
-43
-54
-62
-79
-77
-67
-81
-82
-64
-71
-49
-32
-13
5
-1
13
-13
-11
-42
-37
-37
-29
2
14
24
28
42
38
48
47
55
65
69
63
99
98
85
109
118
117
115
117
106
84
81
98
103
120
125
131
131
139
120
104
107
96
101
105
89
87
75
49
49
19
23
28
41
44
38
31
15
-3
-35
-30
-48
-45
-40
-44
-58
-65
-72
-72
-98
-98
-100
-120
-116
-125
-123
-154
-135
-128
-136
-126
-106
-98
-113
-126
-130
-147
-157
-146
-149
-150
-137
-113
-115
-99
-86
-72
-55
-50
-31
-28
-32
-25
-16
-17
7
11
16
9
24
40
40
64
80
91
108
110
127
128
128
135
147
143
143
144
146
127
122
108
92
98
94
114
114
125
138
127
117
104
92
55
39
36
9
3
-15
3
4
-3
20
20
37
25
7
-3
-24
-46
-52
-55
-61
-52
-37
-54
-51
-41
-34
-28
-31
-43
-63
-72
-81
-86
-72
-63
-71
-58
-54
-66
-97
-96
-116
-110
-105
-91
-67
-57
-44
-49
-51
-69
-69
-65
-84
-86
-82
-75
-82
-69
-64
-53
-46
-31
-23
-16
-2
20
2
-10
3
0
6
-8
29
15
35
51
55
55
51
48
50
59
45
42
55
82
86
101
109
115
109
101
96
115
97
100
103
95
89
90
89
91
114
120
104
118
117
119
113
109
110
82
70
49
52
26
22
-1
19
11
12
6
-11
-15
-49
-48
-63
-67
-70
-70
-62
-75
-91
-105
-139
-133
-134
-118
-111
-97
-81
-109
-105
-117
-115
-141
-132
-143
-143
-122
-120
-116
-126
-116
-114
-97
-86
-71
-63
-38
-19
-34
-37
-36
-44
-62
-41
-51
-51
-35
-16
-1
9
8
22
30
23
32
53
60
62
69
78
76
66
83
83
50
59
78
75
69
85
87
88
85
102
105
118
124
134
127
107
103
72
69
62
77
88
88
112
106
104
91
90
70
44
36
39
18
24
34
16
16
13
14
-4
-37
-29
-44
-46
-51
-63
-50
-62
-50
-45
-53
-71
-75
-110
-129
-140
-132
-144
-135
-109
-111
-79
-50
-45
-40
-50
-56
-72
-95
-102
-108
-95
-87
-63
-25
-32
-7
10
1
13
22
11
10
10
32
19
17
45
43
45
47
69
64
69
67
57
68
53
62
72
79
82
96
97
96
79
58
65
35
31
28
20
22
19
36
23
46
33
37
24
7
-14
-39
-50
-54
-46
-53
-38
-57
-43
-50
-52
-63
-58
-63
-88
-110
-116
-131
-138
-113
-93
-87
-68
-49
-72
-76
-84
-78
-87
-76
-79
-68
-72
-43
-15
-26
-9
11
5
0
-1
0
6
16
16
31
34
53
67
78
109
110
120
130
115
116
108
98
101
87
89
83
79
92
90
77
92
111
88
95
100
84
64
54
36
35
24
24
22
16
21
12
25
9
30
20
12
10
9
9
-5
-17
-17
-36
-44
-42
-44
-34
-26
-31
-21
-8
-23
-21
-20
-7
-25
-1
-18
-22
-44
-57
-71
-89
-54
-61
-41
-22
-22
-4
-12
-27
-27
-53
-67
-71
-63
-59
-63
-58
-54
-49
-66
-57
-60
-54
-70
-70
-52
-58
-54
-55
-37
-39
-49
-35
-51
-45
-44
-32
-37
-42
-54
-42
-58
-48
-30
-20
5
5
26
17
18
17
12
-9
18
28
40
27
28
49
29
33
34
38
45
46
45
43
39
46
47
48
53
74
74
58
60
53
43
32
53
35
46
66
70
81
79
75
52
26
11
3
-19
-2
24
36
61
63
53
26
10
3
-1
4
15
16
36
21
17
3
-17
-13
-4
13
12
19
16
16
-3
2
4
-11
4
24
31
26
17
8
-10
-13
1
13
5
13
9
9
21
18
14
8
19
2
8
-7
-16
-35
-33
-26
-35
-33
-37
-44
-33
-26
-34
-35
-28
-48
-58
-74
-79
-70
-90
-66
-72
-81
-94
-88
-88
-90
-76
-50
-52
-51
-34
-53
-62
-63
-56
-64
-70
-71
-41
-50
-38
-14
-17
-11
-9
3
15
13
28
31
26
20
9
9
-5
-9
-4
-4
-3
0
16
17
25
48
50
52
62
59
46
41
48
49
37
48
55
44
48
42
23
29
30
29
34
66
54
49
59
46
31
20
10
13
5
0
6
2
8
-4
-16
-37
-33
-29
-24
-12
3
23
2
11
9
4
2
17
6
11
-14
-10
-19
-14
4
8
33
51
70
71
87
71
54
54
55
41
54
63
54
55
76
57
57
68
62
82
67
84
63
60
56
37
36
29
38
18
25
13
-10
-24
-33
-21
-45
-27
-21
-10
-18
-31
-34
-35
-40
-55
-52
-75
-68
-82
-102
-109
-127
-88
-71
-141
-188
-73
-51
-205
-96
31
-97
-206
-151
-65
-123
-231
-105
28
-175
-230
-41
-59
-171
-128
-40
-77
-152
-117
-37
-35
-82
-42
9
-11
-80
-42
6
-33
-41
-8
26
21
-1
26
68
56
60
97
90
78
85
87
94
97
91
96
99
119
110
120
123
125
91
88
96
97
110
125
145
158
178
160
166
148
125
111
118
97
98
80
103
109
95
121
110
108
96
109
88
65
70
57
23
15
8
-4
-5
-1
5
-3
1
-11
-20
-44
-50
-70
-71
-69
-105
-96
-116
-117
-125
-95
-109
-116
-99
-118
-138
-119
-121
-136
-123
-135
-115
-135
-125
-124
-133
-138
-119
-116
-111
-114
-108
-69
-87
-78
-58
-43
-65
-49
-39
-41
-35
-21
-6
10
19
26
46
16
8
23
36
44
59
96
103
117
75
101
86
67
61
94
96
74
108
108
117
87
108
116
99
90
83
91
40
19
41
31
12
-13
21
24
19
7
21
24
9
-5
-9
-7
-49
-55
-32
-43
-48
-60
-61
-69
-90
-83
-83
-60
-73
-58
-41
-37
-58
-65
-68
-61
-77
-67
-69
-64
-63
-81
-33
-68
-63
-75
-47
-49
-62
-24
-29
-11
-35
-21
-18
-36
-57
-41
-33
-49
-11
4
7
3
4
13
14
41
34
48
61
79
80
91
102
86
104
88
108
106
88
110
110
105
122
133
132
120
146
130
135
136
147
141
129
119
129
116
96
103
94
115
94
97
79
77
72
48
56
39
30
21
15
7
-19
-15
-27
-73
-63
-79
-60
-87
-69
-75
-96
-96
-118
-121
-146
-142
-163
-173
-142
-178
-176
-187
-180
-196
-172
-169
-161
-150
-161
-143
-170
-158
-172
-179
-171
-143
-142
-117
-118
-105
-97
-110
-69
-69
-49
-38
-34
4
-21
-28
-10
-7
-7
2
28
35
29
61
87
112
104
119
171
154
140
161
154
119
107
125
139
105
114
120
115
77
82
109
97
93
141
143
122
115
98
80
66
56
75
58
57
24
48
50
23
34
48
69
55
68
44
23
-8
-39
-30
-37
-32
-42
-22
-31
-43
-43
-40
-38
-43
-8
-24
-18
-47
-59
-48
-78
-67
-59
-55
-46
-41
-42
-28
-53
-50
-42
-29
-23
-13
-13
-38
-39
-49
-54
-39
-29
-29
-15
-9
-22
-36
-16
-14
-11
14
19
32
8
-6
-13
-27
-16
-6
10
35
50
37
36
25
11
0
19
21
32
46
45
40
38
25
16
29
3
19
24
32
34
30
37
55
38
37
48
27
16
5
-11
-8
-8
-15
-26
-11
-17
-27
-30
-19
-36
-36
-22
-35
-53
-52
-58
-66
-59
-67
-91
-84
-84
-78
-95
-80
-87
-75
-59
-71
-56
-48
-41
-28
-39
-44
-51
-54
-55
-59
-38
-41
-35
-28
-19
-36
-21
5
6
11
39
19
37
35
26
32
41
76
51
60
64
51
28
35
50
40
60
74
75
76
59
65
71
65
72
80
79
88
87
75
75
55
72
78
74
81
102
95
68
74
72
59
50
58
67
38
28
42
33
30
48
43
55
59
18
12
-8
-36
-39
-20
-29
-21
-37
-22
-53
-61
-43
-54
-67
-62
-45
-45
-48
-43
-36
-74
-77
-76
-79
-68
-78
-79
-83
-105
-108
-106
-122
-112
-87
-80
-66
-70
-70
-100
-86
-84
-66
-59
-66
-39
-56
-35
-43
-37
-44
-35
-47
-53
-27
-35
-23
-16
5
4
15
26
44
32
31
39
47
52
47
66
65
72
72
97
87
89
100
102
94
119
114
97
97
101
85
79
86
85
89
89
83
68
51
48
38
34
31
31
26
26
16
5
15
-11
-18
-28
-33
-42
-36
-42
-55
-47
-56
-74
-84
-59
-69
-65
-62
-46
-53
-75
-86
-85
-111
-98
-89
-77
-62
-46
-37
-40
-45
-58
-52
-54
-49
-38
-35
-22
-12
-17
-12
-18
-35
-20
-13
-11
16
29
33
37
41
33
24
35
40
30
16
34
27
13
27
31
30
37
40
54
54
41
63
56
54
60
72
65
68
67
37
52
37
27
47
66
86
91
81
83
75
56
52
55
37
13
22
33
22
3
10
24
6
2
-3
0
-8
1
-6
-12
-21
-33
-35
-38
-50
-30
-31
-42
-52
-56
-70
-67
-54
-78
-80
-75
-75
-100
-88
-81
-89
-95
-92
-87
-86
-96
-72
-78
-63
-56
-63
-64
-76
-69
-66
-38
-31
-16
-3
-6
1
2
4
2
3
20
23
20
40
42
58
41
47
63
56
45
35
66
34
55
49
64
61
80
79
53
68
62
78
72
74
64
64
61
25
19
37
16
22
23
32
9
1
5
4
-1
9
13
-27
-26
-46
-72
-76
-59
-72
-51
-49
-29
-26
-42
-35
-41
-26
-36
-36
-47
-39
-57
-47
-44
-35
-38
-36
-25
-36
-37
-47
-29
-39
-4
5
20
24
39
45
20
43
25
14
23
28
12
25
38
30
35
36
50
38
55
67
62
69
66
50
51
54
56
54
37
46
47
25
33
46
42
57
57
59
40
33
29
26
31
43
45
51
28
37
3
3
-13
-24
-14
-28
-14
-22
-6
-36
-17
-42
-36
-30
-33
-20
-41
-46
-82
-97
-104
-102
-96
-83
-88
-87
-81
-91
-104
-116
-93
-99
-76
-62
-60
-58
-57
-50
-45
-42
-38
-40
-29
-56
-52
-38
-60
-38
-16
3
11
20
35
16
12
11
41
36
46
44
32
21
16
10
3
35
47
48
64
59
56
25
27
40
46
51
59
70
55
78
44
51
24
32
20
27
44
34
51
45
38
8
26
19
31
20
13
14
8
0
-16
-16
-40
-25
-19
-31
-18
-24
-7
-5
-14
-16
-22
0
-14
-9
1
5
-3
-5
-13
-11
-16
3
-5
3
28
35
33
44
45
36
40
45
37
57
53
69
69
75
62
45
35
38
30
25
45
41
57
36
51
39
27
36
21
18
4
17
-9
-9
-19
-39
-46
-58
-54
-59
-57
-61
-60
-62
-66
-60
-61
-60
-71
-80
-94
-109
-106
-125
-128
-125
-111
-99
-97
-99
-79
-86
-92
-88
-91
-60
-68
-53
-47
-43
-49
-45
-52
-54
-33
-11
-11
1
3
-9
-1
2
24
23
35
40
49
45
40
49
64
53
58
73
81
86
84
91
78
78
88
88
69
72
93
79
70
70
67
50
51
62
56
56
71
82
71
72
56
50
26
17
9
-10
-10
15
8
6
10
10
12
-15
16
10
-6
-13
-14
-18
-40
-34
-28
-52
-55
-50
-43
-51
-44
-34
-53
-45
-55
-49
-42
-44
-27
-18
-9
-33
-25
-32
-36
-29
-18
-15
-15
-8
-22
-18
-23
-13
-9
6
16
33
24
31
11
6
-7
5
25
13
46
61
56
50
66
51
35
35
59
57
52
68
62
54
53
58
54
56
50
46
43
46
34
22
32
37
15
1
-3
-24
-42
-43
-44
-39
-38
-46
-44
-53
-85
-82
-79
-97
-87
-84
-92
-101
-96
-100
-110
-106
-86
-91
-86
-93
-102
-121
-130
-130
-134
-118
-104
-85
-67
-47
-56
-56
-51
-62
-44
-51
-44
-28
-19
-40
-24
-29
-34
-19
0
18
25
49
43
47
40
44
44
59
71
99
105
108
115
108
105
104
119
108
115
127
143
141
124
138
148
145
146
149
145
124
111
121
106
97
104
108
95
107
97
93
85
70
77
67
55
40
48
22
18
13
8
-2
-5
-3
-7
-22
-26
-34
-53
-40
-61
-61
-55
-69
-70
-78
-63
-85
-74
-89
-81
-82
-93
-90
-114
-108
-110
-105
-98
-84
-90
-93
-101
-113
-116
-103
-96
-96
-95
-90
-92
-93
-99
-95
-91
-93
-56
-69
-42
-33
-50
-51
-71
-62
-80
-77
-62
-45
-43
-28
-15
-32
-45
-36
-20
-1
5
29
44
29
30
30
12
32
41
75
81
81
98
101
109
110
105
100
99
82
87
95
103
121
128
114
114
111
114
111
103
104
100
101
78
66
67
54
39
43
41
25
24
10
-5
-26
-42
-50
-60
-61
-54
-59
-56
-72
-80
-83
-102
-105
-108
-118
-112
-119
-110
-86
-85
-95
-85
-70
-97
-78
-60
-49
-50
-31
-5
-26
-29
-17
1
-1
10
27
52
57
72
77
58
64
68
77
91
90
99
81
84
90
94
114
110
128
126
115
108
88
88
58
70
81
68
71
68
51
34
21
20
27
5
10
21
19
5
1
-5
-15
-11
-13
-1
-18
-25
-30
-51
-36
-52
-46
-67
-75
-49
-56
-56
-67
-78
-98
-104
-113
-115
-112
-105
-112
-104
-93
-95
-128
-149
-149
-156
-138
-106
-54
-51
-40
-32
-79
-85
-108
-124
-116
-118
-99
-56
-54
-46
-34
-35
-12
-29
-19
-15
-1
11
11
15
16
35
25
50
58
64
82
57
87
86
95
106
111
122
114
128
118
125
121
124
118
100
86
89
74
52
50
59
68
69
86
78
82
55
41
17
6
22
33
26
35
26
12
0
-17
-23
-40
-36
-45
-34
-31
-25
-16
-12
-15
-17
-25
-29
-28
-34
-47
-25
-31
-32
-18
-7
-2
21
33
32
24
2
-2
-13
6
18
48
46
52
42
23
41
33
39
49
62
34
50
41
48
44
39
53
43
34
21
-3
-8
-25
-41
-17
-11
-16
-23
-9
-17
-36
-34
-39
-56
-50
-59
-70
-81
-76
-68
-89
-92
-92
-96
-104
-102
-90
-88
-85
-79
-92
-84
-83
-79
-78
-76
-70
-67
-53
-62
-67
-53
-50
-61
-29
-25
-13
-6
-1
4
-3
-5
-16
-13
0
10
23
62
75
82
81
53
62
49
34
44
29
51
50
66
80
82
67
38
43
33
36
63
76
82
74
59
53
14
0
-25
-26
-15
1
-1
-21
-27
-40
-30
-34
-24
-10
-16
0
-3
-7
-26
-27
-28
-28
-27
0
8
-12
-3
-8
-21
-22
-17
-20
0
18
46
62
77
98
84
94
64
44
29
26
32
28
61
76
88
95
98
101
97
86
72
56
44
47
51
53
50
38
40
55
46
52
48
31
19
24
20
13
20
-4
-14
-32
-22
-40
-40
-38
-59
-48
-55
-47
-56
-62
-56
-65
-63
-79
-84
-84
-87
-73
-72
-73
-78
-103
-104
-140
-141
-144
-142
-115
-68
-46
-58
-63
-83
-89
-100
-84
-56
-67
-74
-68
-78
-89
-91
-96
-90
-67
-39
-22
14
12
15
6
3
8
-16
-1
-5
-1
7
11
16
21
32
42
47
74
82
92
92
89
83
58
27
32
16
18
61
56
100
99
110
109
94
96
87
71
67
86
72
58
69
75
77
94
113
112
118
86
74
59
74
78
107
105
93
77
40
17
6
0
-3
21
36
34
9
14
-8
-13
-16
-23
-23
-43
-13
-34
-49
-66
-95
-121
-156
-145
-143
-124
-99
-94
-70
-67
-86
-100
-93
-103
-118
-113
-116
-130
-124
-117
-79
-77
-55
-32
-52
-71
-67
-70
-66
-34
1
32
51
74
53
45
33
16
17
14
49
72
98
101
105
81
74
78
79
90
87
90
61
91
65
71
85
78
71
56
58
15
25
24
26
41
51
51
40
21
0
-45
-51
-61
-53
-27
-4
14
11
3
-18
-29
-42
-46
-81
-69
-53
-37
-12
3
-5
-7
-24
-35
-31
-22
-11
-21
-33
-33
-41
-37
-26
-14
-15
-19
-21
-33
-35
-56
-59
-58
-49
-35
-34
-34
-34
-24
-60
-65
-63
-83
-78
-62
-64
-49
-35
-37
-20
-30
-33
-20
-20
-38
-25
-10
-24
-14
-8
13
-2
15
8
-4
9
37
68
91
110
92
79
42
34
38
52
61
95
98
102
98
95
92
96
112
122
136
124
119
96
79
75
77
82
90
93
102
87
64
38
4
-8
-1
13
46
47
41
16
7
-24
-42
-57
-58
-58
-40
-36
-43
-51
-80
-99
-112
-118
-94
-73
-71
-36
-30
-42
-64
-61
-85
-110
-98
-100
-61
-41
-24
-22
-24
-25
-39
-37
-56
-58
-52
-22
-13
15
26
10
22
-24
-26
-39
-40
-30
-6
12
12
34
29
16
3
21
11
30
47
54
52
34
17
1
-5
7
28
47
53
34
32
13
-3
-5
-12
5
24
29
32
17
-26
-54
-60
-43
-26
-10
25
22
3
-18
-34
-60
-80
-54
-44
-41
-30
-22
-43
-64
-57
-68
-46
-46
-34
-8
-21
-4
-14
-26
-42
-73
-77
-56
-55
-27
-18
-9
0
4
6
26
22
7
7
3
0
17
38
45
62
52
52
37
39
46
68
86
73
100
86
70
48
57
65
52
48
56
43
52
68
111
143
144
155
114
90
36
30
28
17
25
41
49
61
55
45
52
34
5
-7
15
33
52
72
54
36
22
9
-10
-19
-21
-6
-3
-10
-15
-47
-41
-50
-32
-4
12
5
-20
-50
-83
-104
-118
-132
-130
-104
-72
-43
-36
-55
-83
-146
-143
-137
-124
-85
-71
-79
-94
-105
-92
-92
-99
-73
-92
-81
-82
-82
-83
-86
-49
-12
-23
-12
6
-10
-14
-3
6
-20
0
-5
16
20
33
33
44
53
70
70
59
75
45
34
24
50
43
71
77
81
84
49
18
-8
-6
9
21
30
32
1
6
3
26
27
36
44
27
6
-4
-18
-27
-3
3
33
19
24
14
-23
-20
-25
-18
-12
-2
19
44
54
49
33
23
22
13
20
-3
3
-9
4
14
44
57
54
66
41
27
34
47
36
48
37
49
52
28
9
9
17
17
26
31
36
47
55
79
64
57
29
-1
-21
-44
-34
-40
-12
-3
19
18
0
2
-21
-17
-4
-1
12
10
-19
-49
-65
-63
-49
-24
-9
-10
-28
-55
-44
-51
-31
-15
-6
-20
-18
-36
-47
-64
-69
-81
-59
-52
-34
-34
-38
-49
-59
-57
-58
-25
-7
2
-6
-13
-28
-26
-43
-44
-41
-42
-37
-37
-31
-6
-3
7
9
24
2
-11
-25
-36
-35
-17
10
21
40
28
24
9
1
-9
-17
-22
-10
-25
-3
2
-3
8
-6
-9
-4
1
18
25
21
17
7
-8
-8
-13
-7
19
17
12
-4
-24
-38
-37
-27
-10
5
35
65
59
48
24
5
-16
-21
-21
-15
16
41
67
70
59
40
40
34
26
34
38
39
50
53
66
61
57
55
18
23
34
53
59
61
56
39
69
58
75
59
62
55
48
46
43
38
24
22
1
-2
10
13
-3
20
21
21
17
10
18
3
-25
-38
-46
-47
-51
-19
15
-2
-21
-40
-71
-72
-67
-53
-31
-35
-28
-23
-12
-28
-26
-22
-26
-47
-57
-68
-57
-76
-81
-54
-44
-21
-25
-21
-39
-53
-48
-59
-34
-9
-5
20
8
-6
-28
-51
-70
-75
-63
-57
-27
-27
7
5
6
13
-9
12
7
6
16
-20
-26
-49
-58
-65
-57
-28
-21
-5
23
22
24
20
5
-36
-42
-49
-67
-52
-27
-17
-15
-7
-23
-46
-57
-48
-22
9
37
59
68
69
50
15
5
-3
16
30
47
39
27
24
3
12
14
82
96
114
141
132
123
93
80
70
52
45
57
44
64
59
76
74
86
89
98
103
102
102
97
76
51
28
-1
-7
-7
-14
4
27
20
30
-14
-13
-52
-63
-39
-14
34
49
42
6
-34
-101
-136
-144
-130
-83
-32
22
19
8
-17
-67
-92
-104
-108
-97
-86
-68
-49
-46
-44
-63
-73
-60
-38
-30
-13
-7
-24
-15
-12
-40
-59
-50
-45
-55
-28
-38
-42
-33
-41
-28
-7
5
6
17
15
-3
-2
4
-3
-18
-13
-10
-10
-5
-15
4
-11
8
-1
26
43
77
70
64
59
27
-22
-15
-23
-8
16
30
52
6
18
14
9
32
41
50
44
49
34
10
17
10
5
13
30
31
-6
7
29
19
24
53
38
18
30
8
9
11
21
26
40
18
28
15
20
9
-14
-19
-39
-52
-51
-12
12
44
41
57
39
41
3
-24
-29
-53
-55
-53
-22
-33
-22
-4
-8
-10
-11
-3
-15
-11
-14
-20
-38
-26
-37
-33
-38
-41
-24
-17
-15
1
-6
-4
-6
-10
-11
-23
-17
-31
-13
-9
-17
-7
-1
1
6
8
14
2
7
8
22
22
27
50
35
13
-4
0
-3
15
34
33
6
2
-11
5
21
28
57
58
64
52
35
22
-14
-29
-20
-16
-1
16
16
-14
-8
-15
-3
18
35
39
43
26
18
11
-12
-8
-12
-12
-18
-24
-31
-38
-46
-25
-33
-19
5
2
15
3
-10
-7
-29
-27
-14
-20
2
-8
18
31
-3
14
-12
-16
-22
-14
0
-12
-16
-18
-27
-45
-21
2
-1
22
41
37
17
3
-18
-42
-36
-8
-12
12
19
17
4
-31
-47
-66
-71
-61
-50
-37
-23
-14
-26
-26
-13
-8
13
26
18
12
-9
-58
-69
-88
-68
-25
-4
24
35
19
-23
-19
-20
-36
-18
21
40
50
56
57
57
56
43
53
39
43
33
40
42
42
47
41
37
47
47
42
72
85
111
115
136
90
37
9
-11
-30
2
37
71
100
104
90
67
28
-24
-25
-10
-8
12
42
22
20
22
1
-11
-23
-14
-13
-11
-3
-19
-48
-85
-80
-111
-100
-62
-46
-37
-27
-28
-56
-77
-96
-86
-94
-65
-51
-31
-39
-72
-85
-121
-140
-122
-119
-103
-85
-90
-124
-98
-85
-85
-35
-19
-10
2
-13
-46
-59
-55
-45
-29
-16
-8
-19
-48
-42
-17
-4
21
69
66
47
41
34
17
24
55
78
105
134
140
146
131
115
92
98
88
92
122
122
132
126
119
131
135
147
144
120
129
108
109
107
95
96
92
81
62
50
32
2
-15
-27
-29
-50
-35
-46
-40
-30
-39
-30
-41
-52
-58
-63
-76
-95
-110
-118
-131
-154
-155
-149
-134
-118
-104
-87
-87
-104
-109
-91
-99
-103
-93
-92
-95
-61
-63
-57
-39
0
9
21
39
23
9
-14
-16
-38
-2
11
50
69
74
75
71
49
43
55
48
45
49
60
53
43
57
54
44
32
46
25
17
10
-16
-5
-26
-22
-30
-8
-3
8
9
12
17
10
12
6
-16
-45
-55
-57
-37
-45
-23
-23
-6
-22
-30
-27
-56
-43
-47
-22
0
-14
-7
-8
-15
-24
-20
-7
-17
-6
-13
-16
0
-10
-8
1
14
23
26
47
36
28
44
51
60
75
70
92
76
80
59
46
20
9
24
28
56
73
96
89
89
82
73
39
23
21
22
39
53
59
60
56
45
39
21
25
28
20
-9
-5
-21
-38
-22
-25
-16
-39
-22
-26
-42
-35
-12
-34
-32
-12
-15
-16
-21
-29
-49
-55
-82
-85
-101
-103
-103
-97
-77
-80
-74
-63
-55
-70
-63
-57
-48
-30
-45
-40
-45
-39
-25
-20
-26
-20
-41
-73
-95
-92
-97
-84
-62
-30
-3
15
43
49
42
45
46
48
18
12
-10
-19
-26
-34
-8
-3
-3
10
14
24
28
46
55
51
74
52
42
14
26
20
48
42
57
49
33
28
-14
-31
-40
-14
-5
44
74
98
111
110
93
53
30
-1
-12
8
11
46
42
30
22
4
-3
-9
2
45
52
72
72
68
65
62
60
51
42
21
-5
-25
-10
9
9
22
29
23
26
34
25
14
5
-16
-6
-31
-30
-55
-54
-67
-66
-37
-27
-18
-27
-15
-53
-50
-66
-57
-57
-67
-60
-75
-60
-66
-50
-39
-28
-28
-33
-28
-51
-68
-76
-73
-56
-54
-20
-1
19
15
20
29
11
9
-12
-21
-33
-20
12
23
57
51
59
45
35
42
35
47
36
22
32
33
22
26
43
11
26
25
13
17
9
3
-23
-1
-3
18
14
19
25
28
19
13
16
-22
-33
-44
-76
-78
-61
-69
-36
-40
-19
-21
-32
-56
-64
-46
-57
-24
-20
-3
-11
-22
-24
-46
-50
-57
-30
-49
-14
-27
-20
-18
5
16
16
53
21
27
13
4
-4
-8
18
31
52
79
79
87
79
75
47
38
30
43
58
53
69
70
83
61
61
50
49
67
82
80
69
66
33
23
6
11
19
38
56
50
45
8
-17
-51
-60
-66
-73
-35
-24
-25
-3
3
2
-16
-40
-53
-54
-77
-45
-49
-51
-41
-66
-64
-93
-80
-77
-51
-31
-34
-28
-18
-11
-24
-4
4
-6
-22
-23
-19
-33
-29
-23
-19
-25
-14
2
22
24
47
84
80
83
75
55
9
0
-8
2
21
43
61
66
72
64
80
44
28
17
4
1
5
-1
-2
18
13
-4
-12
-18
-40
-30
-26
-8
-11
6
-7
-23
-33
-71
-87
-85
-96
-83
-82
-80
-85
-80
-81
-82
-78
-66
-60
-51
-36
-48
-56
-78
-91
-92
-74
-66
-55
-37
-15
-7
9
2
-11
-20
-24
-2
-17
-4
11
45
70
85
81
69
64
51
58
61
90
83
102
81
99
95
88
112
110
131
136
133
130
106
75
66
56
72
82
108
99
123
98
63
38
13
-10
-10
23
25
67
59
56
16
-15
-60
-67
-67
-47
-27
-5
16
-5
-19
-36
-58
-81
-85
-91
-89
-93
-96
-98
-96
-79
-84
-61
-48
-69
-62
-80
-72
-70
-61
-41
-36
-28
-52
-38
-52
-48
-50
-58
-45
-53
-31
-31
-27
-33
-4
4
11
26
27
37
35
35
14
10
-12
-16
-19
-28
-25
-7
-1
20
40
43
64
46
36
32
38
26
41
38
20
8
-3
-8
-27
-16
-8
12
28
33
35
36
27
4
-3
-12
-5
6
15
22
22
-11
-31
-27
-35
-27
-14
-1
-1
13
13
39
31
22
7
-12
-38
-57
-54
-30
-25
6
42
42
39
29
32
10
16
-3
1
10
6
14
14
11
1
-5
-13
-11
-2
6
26
42
47
52
61
51
52
40
36
29
26
17
1
-11
-17
-20
0
20
50
65
55
46
19
11
-23
-11
-17
-14
-6
11
-11
-13
-27
-32
-27
-32
-14
-11
-12
10
15
7
-10
-58
-67
-89
-57
-48
-33
-17
-5
-18
-38
-56
-74
-71
-57
-39
-28
-2
-5
-10
-20
-33
-40
-44
-41
-16
-17
-6
0
-6
-23
-28
-16
-22
-8
9
19
28
27
37
37
25
35
29
11
4
-9
-3
-10
14
39
72
72
83
70
25
24
-8
5
-11
14
10
25
25
10
19
-1
9
15
54
56
63
52
51
14
-15
-19
-44
-46
-40
-17
6
31
44
36
33
31
20
18
30
14
2
-16
-25
-35
-37
-42
-10
4
21
32
30
33
11
-18
-35
-57
-59
-45
-37
-16
-11
-14
-36
-42
-65
-60
-78
-62
-30
-36
-12
1
12
0
4
-23
-25
-58
-80
-69
-70
-60
-34
3
-7
-4
-13
3
2
34
36
55
73
68
57
38
12
-12
-22
-31
-11
-13
10
37
32
50
46
59
67
59
63
93
76
60
45
16
5
-16
1
9
6
23
14
14
14
32
20
23
8
15
2
6
12
10
25
16
31
5
-13
-40
-42
-48
-43
-30
-2
0
28
36
26
37
1
-1
-16
-18
-50
-49
-47
-55
-34
-33
-14
-14
-23
-23
-37
-43
-36
-11
-7
-14
7
-11
-33
-42
-60
-67
-72
-59
-44
-46
-42
-15
-25
-24
-9
2
11
-1
9
-18
-25
-30
-35
-42
-49
-18
12
21
53
72
80
80
67
58
35
29
10
15
13
27
29
54
44
44
37
23
45
29
48
61
72
58
53
31
12
-6
-16
-34
-30
-10
-9
12
11
-1
3
-5
-7
0
0
18
15
15
-3
-21
-35
-50
-59
-46
-41
-38
-30
-24
-12
2
-12
-25
-23
-26
-32
-23
3
2
-4
-15
-45
-63
-57
-29
-2
13
45
48
50
17
28
26
3
3
-10
-30
-17
-8
0
6
26
40
31
33
35
10
0
-12
-12
15
15
33
16
24
18
1
-17
-18
-15
-17
4
5
13
15
12
10
12
24
