0
0
-1
0
0
0
0
-1
0
0
0
0
0
0
0
0
0
0
0
0
0
0
-1
0
0
0
0
0
0
0
0
0
1
0
-1
0
0
0
0
0
0
0
0
0
0
0
0
0
0
0
0
0
0
0
-1
0
0
0
0
0
0
0
0
0
0
0
0
0
1
0
0
0
0
0
0
0
1
0
0
0
1
1
0
0
0
-1
1
1
0
0
0
0
0
0
0
1
0
0
0
1
0
0
0
0
0
-1
0
0
0
0
0
0
0
0
0
0
-1
-1
-1
0
0
0
0
-1
0
0
0
0
0
0
0
0
0
1
0
1
0
0
0
0
0
0
1
-1
0
1
-1
0
0
0
0
0
0
0
-1
0
0
0
-1
0
-1
0
0
0
0
0
-1
0
0
0
0
0
0
-1
0
0
0
0
0
0
0
0
-1
-1
0
0
0
0
0
1
0
0
0
0
0
-1
0
0
0
0
0
0
0
0
0
1
0
1
0
0
1
-1
1
0
0
0
-1
-1
0
0
0
-1
0
-1
0
0
0
-1
0
0
0
0
1
0
0
0
0
0
0
1
0
1
0
0
0
0
0
0
1
0
0
0
1
1
0
0
0
0
0
0
0
0
-1
1
0
0
0
0
0
0
0
1
0
0
-1
0
0
0
-1
-1
0
0
1
0
-1
0
0
0
0
0
0
-1
-1
0
0
-1
1
0
1
0
0
0
0
0
0
1
0
0
0
-1
0
0
0
0
0
1
-1
0
0
0
0
0
0
0
0
0
1
0
0
0
0
0
0
-1
0
0
-1
0
0
-1
0
0
0
0
0
0
0
0
1
0
0
-1
1
0
0
-1
-1
0
0
0
1
-1
0
0
0
-1
1
0
0
0
1
-1
0
0
0
0
0
0
0
0
0
0
0
-1
0
0
0
0
0
0
0
0
0
0
1
-1
0
0
-1
1
0
0
0
0
0
0
0
0
0
0
0
0
0
0
-1
0
0
0
0
0
0
0
-1
0
0
0
-1
0
0
-1
-1
0
0
0
0
0
1
1
-1
0
-1
0
0
0
0
0
0
0
0
1
0
0
0
0
-1
1
0
0
1
0
0
0
0
0
1
1
0
0
0
0
0
-1
0
-1
1
0
1
0
0
1
0
0
1
0
0
0
1
-1
-1
1
0
0
0
-1
0
0
1
0
0
0
0
0
0
-1
0
0
0
-1
0
0
1
1
-1
0
0
0
0
0
0
0
0
0
-1
1
0
0
1
0
0
0
0
1
-1
0
0
0
0
-1
1
0
0
-1
0
0
0
0
0
-1
0
-1
1
0
0
1
0
0
0
0
0
0
0
0
-1
0
0
0
1
0
1
0
0
0
0
-1
0
0
1
1
0
0
0
-1
-1
0
0
0
-1
0
0
1
0
1
0
0
1
0
0
1
0
0
0
0
0
0
0
0
0
0
0
-1
1
0
0
0
0
0
0
0
0
0
0
-1
0
-1
0
0
0
0
0
-1
0
0
0
1
0
0
0
0
0
0
0
0
0
-1
1
1
-1
0
0
0
0
0
0
0
0
0
0
0
0
0
-1
0
0
0
0
0
0
0
0
-1
0
0
0
0
-1
0
-1
0
0
0
0
0
-1
0
0
-1
0
0
0
1
0
0
0
0
0
0
1
0
0
0
0
0
1
0
0
0
1
1
0
0
0
0
0
0
0
0
1
1
1
0
0
-1
0
0
0
-1
-1
0
0
0
0
0
0
0
0
0
0
0
0
0
0
0
0
0
0
0
0
0
1
1
1
0
-1
0
0
0
0
0
0
1
-1
-1
0
0
0
0
0
1
0
-1
0
0
0
0
0
0
0
0
-1
0
0
0
0
1
0
0
0
0
0
-1
1
1
0
0
0
0
1
0
0
0
0
0
0
0
0
0
0
0
0
1
0
0
0
0
0
0
1
0
0
0
0
0
0
0
0
0
0
1
0
-1
0
0
0
0
-1
0
0
0
0
0
0
-1
0
0
-1
0
0
0
-1
1
0
0
0
0
0
0
0
0
0
0
0
0
0
-1
0
-1
0
0
0
0
0
0
0
0
0
1
0
0
0
0
0
0
0
0
0
0
0
1
0
0
0
0
0
0
0
0
0
-1
0
0
1
0
0
0
0
0
0
0
1
0
0
0
0
0
0
-1
0
1
0
0
0
0
0
0
0
0
-1
0
0
0
0
0
0
0
0
1
0
-1
0
1
0
0
-1
0
0
0
0
-1
0
0
0
0
1
0
0
0
0
0
0
0
0
-1
0
0
0
0
0
0
0
0
0
1
0
0
0
0
0
1
0
0
1
0
1
-1
0
0
0
0
0
0
0
0
-1
0
-1
-1
0
0
0
0
0
0
0
0
0
0
-1
0
-1
0
0
0
0
0
0
-1
0
0
0
0
0
0
0
0
0
0
0
0
0
0
0
0
0
1
1
0
-1
0
0
0
0
0
0
0
0
0
0
0
0
0
0
0
0
1
0
0
0
0
0
1
0
0
0
0
0
0
0
-1
-1
0
0
0
0
0
-1
-1
0
0
0
-1
1
0
0
-1
0
0
0
0
0
0
0
0
0
0
0
0
0
0
0
0
1
0
0
-1
0
0
0
0
0
0
1
0
0
-1
-1
0
0
0
0
-1
0
0
0
0
0
1
0
0
1
0
1
0
0
0
0
0
0
-1
0
0
0
0
0
0
1
0
0
0
0
0
0
-1
-1
0
-1
0
0
0
0
0
0
0
0
0
0
0
0
0
0
-1
0
0
0
0
1
0
0
0
0
0
0
0
0
0
0
-1
1
-1
0
0
0
0
0
0
0
0
1
0
1
0
0
0
1
-1
0
0
0
0
0
0
0
0
0
0
-1
0
0
0
0
1
1
0
1
0
0
0
0
0
0
0
0
0
0
-1
-1
-1
-1
0
0
0
0
0
-1
0
0
0
0
0
-1
0
-1
0
1
0
0
1
0
0
-1
0
-1
0
0
0
-1
0
1
-1
0
0
0
0
-1
0
1
0
-1
1
1
0
1
-1
0
0
1
0
0
-1
1
0
0
1
0
0
0
0
1
0
0
0
0
1
0
-1
0
-1
0
1
0
1
-1
0
1
0
0
0
0
0
-1
0
0
0
0
0
0
0
0
0
0
-1
0
1
0
1
0
-1
0
0
1
0
0
0
0
0
0
-1
0
-1
0
0
0
0
0
0
0
1
0
1
0
0
0
0
0
-1
0
0
0
0
0
-1
0
0
0
0
0
0
1
0
0
0
0
1
0
0
0
0
0
0
0
0
0
-1
0
1
0
0
0
0
0
0
0
0
0
0
0
0
0
0
0
-1
1
0
0
0
-1
0
0
0
1
0
0
0
-1
0
0
0
0
1
1
0
1
0
0
-1
0
-1
0
0
0
0
0
0
0
0
0
0
0
0
0
1
0
0
0
0
0
0
0
0
0
0
0
0
0
0
0
0
0
0
1
0
0
0
1
0
0
0
0
0
0
0
0
1
1
0
0
1
0
0
0
0
0
1
0
0
-1
1
0
-1
-1
0
0
0
0
0
1
0
1
0
0
0
1
0
-1
0
-1
0
0
-1
0
0
0
-1
0
0
0
0
0
0
0
0
1
-1
0
0
0
0
-1
0
0
0
0
0
1
0
0
0
0
0
0
0
0
1
1
0
0
0
0
0
0
0
0
0
1
0
-1
0
0
0
0
0
0
0
0
0
0
1
0
1
0
1
0
0
0
0
0
0
0
0
0
0
0
0
-1
0
0
0
-1
0
-1
0
0
0
0
0
0
0
0
1
-1
-1
-1
-2
-1
0
1
1
1
0
1
1
0
0
0
0
1
1
1
0
1
1
1
1
0
1
1
0
1
1
0
0
0
0
0
-1
0
-1
0
-1
0
-1
-1
-1
0
0
-1
-1
-1
0
-1
-1
-1
-1
-1
-1
-1
-1
-1
-1
0
-1
-1
0
0
-1
0
-1
-1
-1
-1
0
0
1
1
0
0
1
-1
1
1
1
0
0
1
1
1
1
1
1
1
1
0
1
1
1
1
1
1
1
1
1
1
1
1
1
1
1
0
0
0
1
0
0
1
1
1
1
0
0
0
1
0
0
-1
0
-1
-1
-1
-1
-1
-1
0
0
-1
-1
0
0
-1
0
0
-1
-1
-1
0
0
-1
0
-1
-1
0
0
0
0
0
-1
0
0
0
0
0
0
-1
0
0
-1
-1
0
-1
-1
-1
-1
0
0
-1
0
-1
-1
-2
0
0
0
0
-1
-1
-1
0
0
0
0
0
0
0
0
0
1
0
0
0
1
0
1
1
1
0
0
1
1
1
1
1
0
0
1
1
1
1
1
1
1
0
1
0
0
1
0
1
1
1
1
1
0
0
0
1
0
1
0
0
1
0
0
0
0
0
0
0
0
0
0
1
0
1
0
0
1
1
0
0
0
0
1
0
0
0
0
0
0
0
-1
0
0
0
0
-1
0
0
0
-1
0
-1
0
0
0
0
0
-1
-2
0
0
-1
-3
-2
-1
-2
-1
-1
-1
0
0
-1
-1
-2
-3
-2
-1
-1
-2
0
0
-2
-2
-2
-3
-1
-1
-1
0
0
0
-1
0
-1
-1
-4
-1
-1
-4
-2
-2
-3
-2
-3
-3
-1
-1
-1
1
0
0
-1
0
0
1
2
2
2
0
0
-3
-1
-2
-1
1
3
4
3
5
0
0
1
0
-1
2
1
0
-2
-4
-1
-7
-3
-4
1
-1
-1
1
-5
-4
-6
0
-2
3
1
-1
-1
-2
4
-1
6
5
9
7
5
8
3
4
10
14
14
15
9
18
11
6
10
10
7
-1
7
6
13
12
10
10
3
4
3
7
2
3
2
6
4
1
-1
-10
-9
-4
-7
2
4
-5
-4
-2
7
-3
10
-12
-16
-12
-24
-13
-21
4
-13
1
-11
-28
-13
-23
-17
-25
-8
3
6
15
9
0
9
-12
-5
-21
-14
-4
2
8
4
-10
-24
-40
-29
-26
-12
12
3
20
4
-3
-18
-2
-10
6
-9
0
-20
-34
-28
-52
-43
-40
4
21
18
25
2
8
-5
10
28
28
63
28
37
26
13
-10
6
20
4
31
42
47
26
18
35
40
51
31
43
15
20
2
-7
-10
-23
-3
4
20
-1
18
18
19
10
-1
9
7
14
-19
-18
-47
-90
-83
-88
-51
-51
-33
-19
-34
-24
-35
-34
-36
-31
-20
1
-13
-17
-25
-30
-26
-50
-31
-25
-8
13
37
34
42
27
38
56
51
66
55
63
54
51
42
42
43
23
27
34
28
17
29
18
45
41
42
52
33
31
5
13
4
-3
16
-8
-7
-33
-42
-65
-56
-52
-31
-16
-22
-14
-20
-41
-62
-55
-59
-64
-49
-38
-35
-21
-28
-44
-61
-44
-48
-37
-42
-20
-31
-20
-15
-22
1
-3
12
18
5
-6
-14
0
-2
17
35
23
37
26
27
16
27
19
32
44
39
34
20
9
11
5
28
44
58
63
66
65
36
44
3
24
17
48
61
63
57
25
38
25
16
35
29
24
33
12
6
7
-10
-8
-8
-9
-1
-20
-16
-38
-24
-49
-44
-51
-52
-49
-56
-44
-61
-44
-53
-41
-40
-28
-43
-36
-56
-49
-56
-49
-49
-62
-69
-84
-75
-94
-78
-52
-39
-30
-16
-31
-18
-27
-42
-26
-6
8
16
19
5
32
2
22
21
21
13
43
54
59
78
74
83
70
76
58
87
84
89
80
84
68
73
72
64
66
62
76
45
59
55
25
20
-6
-5
9
3
13
4
11
-3
6
9
-10
-19
-27
-24
-45
-31
-29
-33
-22
-32
-16
-35
-60
-56
-53
-59
-41
-16
-29
-9
-2
-27
-27
-39
-29
-32
-26
-9
-10
-9
-10
-26
-24
-27
-33
-14
-17
11
12
13
0
-18
-34
-35
-14
0
13
8
3
-6
-22
-30
-40
-34
-20
-2
7
11
17
-16
-23
-36
-40
-26
-29
-13
-8
-12
-6
-35
-39
-30
-48
-35
-9
-19
10
0
16
3
10
15
0
31
36
22
23
47
27
44
59
76
75
91
93
76
65
46
48
29
32
28
34
24
27
47
9
30
20
13
10
50
31
64
38
20
26
-3
0
-11
-4
-18
-28
-32
-55
-62
-56
-86
-65
-57
-34
-22
-19
-20
1
-10
-18
-15
-15
-18
-28
-30
-36
-32
-41
-36
-25
19
27
42
48
42
29
15
11
18
9
13
27
-2
-22
-21
-42
-47
-40
-22
2
23
33
27
11
-4
-18
-21
-20
-21
9
-13
-16
-31
-39
-49
-58
-27
-24
7
7
28
8
13
-11
3
19
17
51
18
18
13
12
-23
-23
-22
5
3
26
26
17
8
15
28
24
53
54
45
14
19
3
-18
-12
-26
-20
-13
-1
-19
-5
-21
-10
29
29
60
47
55
23
-3
-10
-45
-63
-57
-43
-17
-17
4
-5
-27
-12
-29
-45
-38
-32
-38
-16
-10
-7
-13
-6
-37
-31
-20
-35
-32
-25
-8
11
33
21
46
36
15
31
41
26
19
32
35
32
57
60
54
44
46
34
37
45
30
32
10
-1
3
3
24
8
11
11
19
-4
-18
-4
7
1
-3
-2
-48
-48
-68
-77
-75
-81
-70
-64
-49
-59
-43
-59
-48
-60
-57
-57
-43
-55
-58
-38
-24
2
0
14
-9
5
-2
-20
-7
1
18
44
42
71
66
83
62
73
74
71
82
81
95
83
94
68
79
68
59
72
79
71
89
82
50
36
32
29
7
18
27
-4
10
-3
1
-35
-34
-18
-66
-30
-49
-55
-81
-92
-103
-133
-105
-89
-81
-77
-63
-37
-70
-60
-60
-79
-59
-70
-60
-53
-50
-63
-73
-82
-78
-101
-78
-42
-39
-12
16
21
22
23
26
19
15
21
29
26
37
31
31
37
30
52
50
63
74
59
68
66
68
70
73
85
65
69
50
34
34
32
33
29
35
20
35
0
-2
-10
-25
-21
-8
-10
8
7
3
-4
-23
-31
-37
-22
-5
2
-6
15
-3
-29
-18
-5
-10
-16
-5
-5
4
-3
23
2
4
0
6
7
20
46
34
47
42
32
26
20
2
12
-13
-9
-14
-19
-18
-20
-18
-19
-25
-11
-15
-24
-27
-53
-58
-68
-72
-61
-56
-55
-46
-43
-36
-39
-27
-37
-17
-44
-24
-34
-31
-38
-38
1
3
33
52
46
60
55
43
64
41
50
19
20
-13
-5
-2
10
15
4
24
7
6
0
-10
-3
13
1
6
20
17
-6
-7
-10
-29
-40
-40
-41
-29
-15
-1
12
12
23
17
29
32
31
33
38
38
27
13
-5
-13
-11
-11
16
34
39
52
58
52
39
56
54
44
44
27
48
34
24
16
24
22
20
22
16
16
26
29
26
25
-4
-5
-19
-29
-47
-58
-57
-75
-74
-84
-68
-76
-55
-46
-43
-43
-45
-43
-57
-54
-57
-61
-47
-44
-61
-55
-66
-80
-91
-91
-83
-73
-38
-26
-10
-4
3
9
-8
7
29
59
59
63
59
38
49
21
18
45
24
46
55
70
88
96
86
86
79
63
40
17
4
-3
3
8
23
29
30
36
29
-3
-21
-11
-4
-19
-7
-8
-10
-4
-21
-27
2
-18
7
19
-4
21
4
23
-2
-6
-13
-4
-7
-9
-19
-3
9
22
42
20
33
44
19
23
21
35
13
8
2
16
-5
-4
14
-12
-15
-19
-10
-37
-12
-36
-31
-36
-50
-63
-57
-60
-55
-21
-11
-5
12
-4
-16
-26
-35
-44
-45
-32
-30
-10
-32
-18
-14
-11
2
6
-3
-2
22
22
15
-11
-5
-11
-4
-21
-4
9
-3
-10
-6
-29
-29
-30
-28
-20
-12
-20
18
0
5
-1
-12
-22
-27
-19
-28
-6
-9
-9
-10
12
-4
10
7
7
16
18
32
32
37
58
47
47
50
55
69
55
71
72
72
67
70
62
62
71
85
72
81
67
63
72
49
47
56
44
25
38
43
44
40
30
7
2
-22
-29
-29
-41
-29
-39
-33
-66
-60
-80
-83
-73
-59
-47
-65
-39
-60
-66
-96
-94
-123
-121
-117
-126
-115
-94
-87
-97
-88
-98
-96
-89
-72
-85
-52
-38
-33
-17
-19
-17
-8
-5
-13
-18
14
21
21
44
37
63
25
33
43
46
46
57
59
47
65
65
83
77
87
76
81
100
69
80
70
69
62
79
58
89
70
68
68
22
27
1
9
9
53
51
96
68
59
63
28
17
-13
-1
-23
-11
-1
-3
-20
-46
-59
-69
-53
-67
-35
-21
-12
-1
14
-18
-33
-52
-61
-68
-68
-51
-39
-36
-60
-65
-69
-66
-60
-47
-57
-49
-49
-39
-43
-51
-23
-34
-36
-47
-17
-44
-40
-28
-13
-5
25
24
5
22
-12
20
12
12
21
9
24
41
33
44
67
51
52
49
58
31
39
43
31
37
19
4
-12
-10
-3
1
11
23
18
29
14
23
17
10
26
29
2
0
-4
-20
-41
-45
-38
-44
-30
-32
-5
-20
-25
-25
-40
-43
-39
-24
1
16
15
1
-7
-27
-14
5
-1
51
49
55
44
37
29
14
8
3
15
11
21
9
13
11
0
8
33
37
42
65
54
36
32
10
-6
-10
-5
6
-12
6
-10
-39
-38
-43
-22
-9
4
23
26
13
10
2
-19
-19
-33
-42
-28
-40
-35
-28
-16
-13
-12
-18
-3
-37
-43
-24
-34
-15
-7
22
16
10
-7
-27
-28
-30
-33
-16
28
21
21
23
9
-2
-2
-8
4
4
10
15
8
15
11
21
11
16
-7
-1
-7
-22
-9
-24
-22
-31
-16
-38
-28
-14
-14
-23
-20
-17
-47
-36
-53
-40
-33
-24
-3
20
30
41
40
18
-16
3
-13
-2
2
22
13
-13
12
6
15
25
51
62
73
63
56
42
45
35
26
50
42
48
66
56
31
29
30
0
-3
9
23
13
32
39
45
32
41
25
9
10
-7
19
8
-3
-11
6
-28
-17
-32
-15
-25
-27
-13
-4
-2
-35
-14
-31
-52
-56
-52
-49
-64
-41
-23
-24
-35
-22
-48
-52
-50
-51
-48
-63
-42
-66
-52
-65
-58
-78
-75
-93
-65
-68
-67
-33
-36
-6
-12
-5
-8
-6
-33
-41
-35
-24
-12
5
44
32
59
40
56
29
41
65
69
90
95
124
122
112
102
102
99
78
77
94
75
60
51
46
51
49
71
73
40
59
37
33
31
35
52
30
56
34
-3
-15
-24
-39
-53
-49
-47
-35
-35
-40
-36
-59
-45
-42
-48
-32
-46
-31
-49
-54
-72
-75
-61
-57
-37
-39
-42
-34
-20
-54
-65
-42
-61
-66
-38
-29
-20
-31
-6
-8
-18
-37
-21
-21
-22
-23
-15
-10
5
-2
-2
19
1
-29
-28
-20
-37
0
25
20
40
34
11
6
-17
1
8
16
39
35
33
11
6
-6
-12
13
-10
17
29
32
22
25
19
30
32
31
27
42
35
31
33
6
-13
-4
3
-6
16
-3
-1
6
7
-5
4
21
4
33
38
51
32
47
33
17
31
17
24
13
11
6
0
-7
20
3
13
24
5
14
-6
-18
15
6
9
24
23
6
-7
4
5
9
17
7
15
-6
-20
-16
-20
-25
0
-17
-3
7
-6
2
-19
-13
-36
-36
-60
-33
-39
-32
-3
-24
-13
-21
-11
-37
-27
-40
-41
-25
-22
-7
-19
-38
-28
-43
-33
-24
-19
-7
10
36
16
4
-1
-12
-1
-9
2
2
-6
7
-6
-4
-18
-1
-10
-6
3
9
24
27
30
32
23
34
38
28
22
16
5
-19
-39
-31
-47
-29
-48
-37
-30
-30
-29
-15
-6
-23
-3
0
-18
-11
-50
-69
-42
-75
-26
-21
17
3
15
32
23
39
38
66
53
58
63
56
47
43
28
20
42
51
46
55
67
75
86
86
76
73
59
68
50
41
45
26
34
23
43
48
26
58
31
15
13
12
-10
-15
-10
-37
-19
-44
-37
-46
-71
-95
-101
-96
-109
-86
-65
-33
-36
-33
-23
-54
-56
-65
-57
-51
-63
-56
-81
-98
-99
-109
-77
-71
-44
-31
-27
-8
-23
-11
18
22
8
10
6
4
-18
-5
-22
2
6
19
28
11
39
26
53
39
57
58
46
65
28
42
40
43
58
54
50
41
50
36
70
57
47
52
33
36
24
25
1
2
-13
-6
24
14
34
37
19
26
15
25
8
15
32
24
21
9
-8
-4
-24
-28
-19
-21
3
11
35
16
14
16
-20
-33
-29
-20
-31
1
-6
-3
-18
5
-18
-46
-29
-30
-39
-57
-41
-58
-61
-42
-37
-56
-51
-39
-36
-44
-44
-39
-54
-57
-46
-45
-43
-47
-15
-46
-33
-39
-53
-36
-35
-17
-12
4
0
0
7
27
28
47
65
73
74
61
57
47
56
41
66
57
78
73
59
59
57
34
42
38
37
68
43
42
28
29
23
32
42
32
12
6
-1
-23
-51
-40
-52
-27
-19
10
9
2
2
-19
-28
-52
-61
-60
-59
-62
-34
-38
-33
-27
-22
-46
-37
-30
-40
-28
-38
-29
0
-18
6
11
-18
-18
-17
-23
-18
-17
7
24
12
46
32
19
24
12
15
7
24
20
26
31
28
38
29
19
12
4
36
26
15
27
4
-15
-4
14
2
8
7
-12
-4
-13
-23
-20
-26
-30
-19
-13
-8
-9
-22
-15
-27
-42
-34
-37
-32
-26
-20
2
11
-1
17
-3
3
0
-2
11
12
16
13
4
-9
-7
-38
-3
13
35
50
54
65
31
44
26
12
29
25
29
28
35
20
23
14
-8
9
-12
7
7
13
33
23
34
14
4
-21
-10
-41
-20
-13
-13
4
-3
-16
-29
-25
-24
-13
-21
-35
-34
-24
-19
-5
-16
-16
-13
-38
-12
-25
-34
-45
-19
-19
-29
-9
-30
-29
-21
-13
-6
8
6
12
-6
-3
-3
10
0
6
24
14
25
15
-15
0
-8
8
4
36
49
50
46
44
33
7
15
-7
4
10
30
32
25
25
33
34
15
19
-7
21
-14
-9
-8
6
1
-7
8
-17
5
0
-2
-10
-18
-34
-36
-52
-44
-42
-47
-30
-31
-18
-34
-65
-63
-75
-52
-85
-60
-39
-39
-11
-12
-5
-5
-8
-10
23
12
28
66
52
36
20
22
11
7
32
24
52
63
68
64
52
53
61
56
81
88
76
70
52
26
-10
10
5
18
31
56
43
37
32
18
1
3
17
-8
-3
-13
-23
-24
-19
-18
-17
-23
-28
-44
-53
-74
-64
-77
-53
-53
-58
-40
-56
-51
-64
-69
-54
-51
-34
-26
-30
-43
-60
-60
-57
-58
-38
-18
-12
-4
13
16
14
17
9
4
-1
13
12
17
46
39
39
10
3
11
28
42
63
59
50
62
24
5
17
0
-9
22
25
37
28
26
10
-6
11
2
6
8
33
41
40
35
22
15
17
13
14
19
10
5
-8
-24
-19
-32
-19
-32
-20
-12
-14
-23
-29
-10
-19
-10
1
-9
-23
-28
-25
-32
-48
-36
-31
-32
-14
-15
-7
-3
5
-8
-17
-1
-41
-13
-25
-10
-7
1
22
31
35
29
13
34
39
37
54
73
65
73
55
54
48
43
55
76
62
87
50
63
54
31
37
28
27
-2
21
7
-20
-17
-20
-43
-12
-32
-19
-45
-64
-52
-84
-80
-79
-81
-87
-95
-87
-99
-97
-83
-80
-71
-84
-75
-95
-92
-90
-73
-58
-60
-48
-34
-33
-45
-26
-24
-15
6
18
23
40
26
20
9
15
3
21
34
50
64
87
81
80
63
73
89
72
79
79
97
75
87
61
62
44
59
51
38
61
57
54
44
52
34
32
16
24
16
-2
8
-3
-1
-8
-22
-27
-58
-55
-54
-61
-38
-22
-22
1
-2
-10
-10
-11
-5
6
-2
16
9
-21
-43
-72
-50
-61
-39
-3
-1
-11
-3
-11
-25
-33
-28
-13
-7
19
28
28
20
15
5
11
-6
4
8
6
-2
-21
-14
-26
0
11
11
27
39
25
18
16
-7
-28
-23
-26
-15
-3
7
-10
-17
-29
-47
-27
-20
-19
-7
-8
13
3
-23
1
-25
-18
-16
-31
-43
-45
-63
-31
-21
-38
-8
-29
-12
-25
-18
-17
-22
-3
-20
-5
9
-14
-1
32
3
-1
6
21
-1
-2
16
20
11
18
29
33
39
29
81
48
56
44
35
37
15
18
26
54
71
81
100
71
70
51
41
21
11
23
-1
18
24
17
13
18
-2
1
-20
-22
-7
-18
-11
-2
7
-7
-24
-35
-67
-67
-62
-82
-56
-50
-58
-62
-40
-57
-71
-52
-31
-29
-21
-24
-29
-42
-48
-38
-52
-45
-31
-26
-30
-11
3
11
26
46
57
54
67
73
62
67
61
58
56
40
36
35
40
62
76
71
64
41
22
12
-8
-25
-16
-25
-2
-13
-22
-13
-37
-21
-8
-19
0
-9
-6
-7
-13
-28
-21
-15
-46
-44
-38
-44
-49
-61
-33
-29
-22
-11
-25
-31
-36
-37
-39
-8
-9
-7
13
0
-2
-6
-9
-10
-11
-11
-19
-28
-23
-11
-13
-11
7
-1
15
19
19
25
37
42
38
42
1
10
-12
10
-21
-8
35
26
50
42
50
31
28
18
16
10
20
48
45
58
56
61
42
27
11
16
17
11
4
11
9
17
17
30
26
-1
15
-12
-7
3
19
-5
17
25
-3
10
-26
-25
-49
-67
-51
-53
-39
-18
-11
-11
-24
-3
-17
-45
-39
-53
-58
-46
-51
-63
-57
-65
-33
-36
-29
-31
-33
-43
-48
-33
-46
-1
17
1
22
24
30
10
-12
-11
-26
6
11
18
20
11
31
50
62
50
47
45
26
32
54
26
45
31
32
24
21
13
-9
-1
-11
-3
-8
22
21
11
2
-3
-15
-53
-30
-47
-29
-33
-13
-5
-4
-2
13
18
18
4
6
14
-1
24
8
18
20
33
33
45
44
23
33
20
17
34
39
23
23
15
2
-4
-27
-17
-1
-4
21
34
26
-8
7
-29
-22
-35
-40
-34
-51
-23
-32
-38
-46
-41
-35
-50
-26
-39
-38
-46
-21
-22
-38
-25
-8
-19
-15
-9
4
16
2
14
14
19
13
24
28
5
3
16
-1
6
14
0
5
-14
-3
3
32
15
18
1
-36
-11
-33
-18
-7
-2
5
3
4
8
4
20
9
39
13
17
17
-4
-16
-21
-4
-13
-1
5
6
-9
41
40
45
63
55
25
1
7
0
6
8
24
20
7
-7
-13
-8
-8
9
6
15
27
12
1
5
0
0
13
3
-14
-17
-25
-40
-56
-45
-37
-46
-13
-13
3
-11
-5
-23
6
-2
3
-7
-7
-2
-21
-22
-34
-33
-42
-20
-24
-18
-23
3
-8
3
-6
-6
5
2
14
-4
12
-10
-21
-18
12
21
46
59
54
55
53
38
50
39
66
56
70
62
50
37
17
16
4
31
13
23
7
24
-26
-15
-26
-37
-21
-8
5
14
6
-27
-41
-59
-65
-66
-16
-26
-27
-25
-55
-75
-82
-81
-58
-23
-18
15
6
3
-21
-28
-22
-26
-13
0
11
10
12
-5
-17
-23
-4
-17
17
11
22
8
32
37
13
24
19
26
16
5
19
42
33
40
36
34
35
28
11
30
-11
3
3
8
9
3
22
12
40
26
36
1
16
-5
8
16
21
15
0
15
-17
-13
-22
-33
-24
-18
-14
-17
-19
-28
-30
-30
-41
-35
-46
-47
-65
-49
-40
-40
-29
-25
-31
-34
-40
-47
-70
-65
-22
-20
14
21
19
8
-15
-15
-13
-5
8
26
56
48
58
38
20
29
26
38
61
94
86
88
75
67
74
45
60
54
58
66
72
49
44
54
24
30
34
20
-1
10
14
3
-8
-9
-11
-38
-28
-19
-20
-4
-21
-5
-19
-36
-57
-70
-67
-81
-69
-64
-34
-52
-57
-67
-74
-79
-66
-74
-57
-33
-36
-13
-18
-25
-26
-42
-50
-56
-57
-63
-61
-38
-41
-21
-19
-9
8
3
22
22
23
28
40
28
32
33
18
26
29
49
49
64
80
72
57
53
40
38
28
48
44
53
46
18
44
10
17
-2
9
-8
7
27
16
21
24
16
-4
-1
-18
-13
-21
-41
-31
-28
-19
-19
-32
-22
-32
-55
-37
-30
-43
-35
0
3
14
27
28
27
-9
-10
-32
-29
-18
0
40
39
57
36
36
19
12
26
19
39
44
58
58
60
39
26
31
11
16
9
12
-16
3
13
5
12
7
5
-9
-28
-3
-12
-29
-13
-28
-8
1
8
-2
-27
-27
-34
-24
-10
-7
1
-12
-22
-36
-48
-51
-69
-68
-47
-24
-44
-42
-39
-74
-45
-47
-45
-50
-55
-53
-27
-56
-45
-33
-34
-39
-43
-37
-51
-56
-46
-24
3
12
33
44
38
37
27
21
12
18
7
25
38
56
54
33
53
37
47
35
55
63
48
80
51
43
29
43
29
31
60
60
69
53
68
56
51
58
34
13
-2
10
1
20
41
54
44
16
9
-19
-9
-6
-9
21
19
24
9
1
-7
-17
-18
-18
-24
-38
-34
-55
-45
-66
-72
-40
-29
-9
5
2
-9
-20
-36
-52
-64
-69
-62
-39
-50
-32
-34
-45
-42
-74
-38
-49
-7
-6
23
45
44
48
21
-6
-29
-15
-39
-10
24
27
29
31
8
-2
4
-6
-13
0
16
19
18
12
14
-16
-14
-12
-25
-22
-9
-3
1
-20
-30
-51
-45
-53
-35
-23
-22
13
-3
6
-18
-7
-5
-10
2
-21
-11
-18
-16
-3
4
25
25
44
29
34
30
7
-2
1
1
10
31
30
41
39
63
54
61
65
58
54
62
66
56
58
38
39
34
28
36
16
30
41
50
55
81
60
77
62
45
26
15
21
-9
8
-21
1
-10
-15
-19
-13
0
-28
-12
-30
-39
-54
-49
-73
-73
-43
-40
-36
-54
-41
-68
-73
-91
-99
-117
-80
-73
-77
-62
-62
-40
-51
-38
-56
-44
-48
-56
-35
-25
-25
-21
-9
-20
-22
-36
-43
-31
-44
-19
-26
13
15
21
24
40
52
38
49
50
15
22
27
25
44
42
56
52
48
50
47
16
12
12
-1
4
25
30
18
22
35
45
38
34
26
24
-2
-9
-6
-21
-10
-2
1
26
17
12
20
0
3
-17
11
-5
8
4
3
-5
5
-7
5
27
38
54
44
49
38
40
21
50
36
35
48
21
20
-5
-3
-7
-11
5
10
25
19
10
17
29
27
38
23
36
27
3
0
-10
-25
-41
-34
-34
-46
-40
-37
-22
-23
-33
-27
-41
-40
-55
-48
-70
-65
-57
-58
-61
-61
-70
-65
-62
-52
-37
-17
3
0
3
-9
-39
-62
-72
-67
-80
-56
-38
-19
-9
-21
-10
-9
-18
-3
-15
1
5
0
27
18
25
13
17
22
3
17
-8
-1
12
16
12
30
47
44
43
45
36
19
45
61
70
76
68
44
52
50
47
60
79
77
68
66
74
62
66
48
38
21
39
44
24
23
14
23
17
14
18
32
14
11
12
-7
-40
-27
-26
-22
-28
-21
-11
-41
-49
-73
-75
-94
-95
-95
-78
-68
-70
-60
-64
-71
-73
-62
-61
-38
-27
-39
-10
-2
-21
-16
-24
-4
-19
-6
-11
-6
-3
10
9
3
-2
0
39
-23
19
33
16
26
11
9
-4
16
12
37
20
35
28
28
36
34
45
41
37
27
34
33
60
38
45
58
45
50
26
43
31
12
26
-14
-28
-36
-37
-43
-26
-35
-21
-11
-5
-10
-8
-29
-47
-42
-61
-58
-46
-42
-49
-56
-60
-54
-54
-27
-38
-10
-6
-4
-2
-25
-23
-47
-22
-33
-21
-12
-28
-11
4
34
40
62
47
40
50
41
50
23
30
22
14
38
36
42
44
46
44
69
60
70
60
57
68
56
66
68
68
27
37
24
9
-5
0
-11
-2
12
-6
11
-4
6
-11
-12
1
3
2
-14
-33
-44
-64
-64
-65
-37
-26
-8
12
-19
-28
-36
-49
-72
-55
-46
-47
-31
-30
-41
-63
-70
-61
-78
-65
-54
-53
-26
-28
-5
6
-5
-4
-30
-30
-44
-34
-31
-14
-18
-13
5
12
7
17
17
21
32
41
24
18
5
-14
7
-2
26
20
17
13
29
21
10
8
13
18
37
37
24
48
34
16
15
36
29
12
15
36
10
8
34
27
28
37
66
62
54
59
54
38
40
39
25
43
55
52
41
51
12
-24
-6
-14
4
26
37
25
36
17
13
6
-12
-24
-35
-38
-57
-67
-58
-50
-27
-17
-14
-9
-15
-19
-41
-44
-43
-53
-53
-79
-79
-81
-77
-66
-56
-37
-31
-15
-25
-13
-19
-2
-12
-16
-9
-16
-9
-36
-13
-17
6
3
17
32
-7
6
1
-19
-16
-7
-2
8
-5
-13
5
-18
-16
-7
6
11
32
37
33
33
1
-14
-42
-33
-37
-28
4
16
12
39
65
40
38
33
26
-1
-8
5
-20
5
17
25
39
44
42
39
41
34
56
70
74
57
70
52
44
53
51
64
51
42
6
-19
-32
-46
-42
-28
7
21
4
11
0
-17
-11
-5
0
-12
-1
-12
-29
-26
-17
-18
-12
-12
4
-10
-17
-39
-44
-28
-47
-13
9
10
24
10
16
-15
-22
-16
-32
-16
-13
-8
1
6
16
-2
3
4
2
-15
-43
-51
-64
-45
-35
-24
-5
6
-2
-7
-39
-27
-53
-42
-52
-49
-22
-55
-23
-29
-1
0
8
10
4
-18
-26
-48
-49
-51
-60
-28
-21
-14
-26
-3
-23
-16
-30
-6
-16
-18
-6
1
10
-1
15
0
1
1
-1
-13
5
1
17
33
51
57
49
90
78
100
99
89
89
67
58
72
74
84
89
120
124
116
91
82
56
55
64
58
66
49
54
37
42
21
7
16
-4
2
-10
-15
-4
11
22
5
21
17
2
-47
-48
-75
-77
-55
-63
-40
-32
-8
-32
-40
-54
-64
-74
-54
-68
-66
-71
-74
-79
-110
-105
-105
-96
-83
-74
-55
-46
-66
-57
-70
-69
-78
-80
-67
-71
-80
-86
-87
-89
-98
-91
-60
-65
-11
-13
32
51
52
55
41
39
6
-5
-20
-22
-20
3
22
48
52
70
68
91
95
89
82
66
87
51
57
63
57
56
48
63
59
72
58
59
48
53
51
54
66
48
75
94
102
91
81
67
47
18
25
8
22
40
37
40
40
51
13
23
33
30
4
3
-7
-33
-33
-18
2
10
3
12
9
-26
-51
-54
-67
-71
-36
-44
-23
-41
-49
-77
-95
-101
-121
-96
-79
-64
-44
-40
-28
-48
-39
-30
-33
-26
-27
-24
-38
-33
-47
-55
-75
-54
-55
-34
-18
-10
-2
-11
-14
-29
-22
-38
-32
-21
4
17
13
21
7
-8
-6
-10
1
1
16
46
51
70
55
70
46
47
53
39
48
32
36
16
12
2
24
12
37
39
22
50
28
28
7
5
1
-28
-48
-35
-53
-40
-37
-34
-14
-9
1
-12
11
-9
-8
-24
-38
-41
-45
-14
-17
-13
-9
3
-30
-7
-3
7
18
29
45
63
74
69
76
67
59
38
32
31
25
19
24
37
61
68
92
98
88
73
50
25
13
-5
6
6
-9
6
-8
0
-9
0
-11
2
-12
11
3
2
19
-2
2
-9
17
-40
-11
-47
-92
-81
-105
-49
-55
-47
12
-24
-32
-5
-82
-48
-57
-55
-33
-35
-26
-9
-67
-33
-79
-104
-85
-106
-45
-16
10
38
59
9
23
-15
-22
-29
-29
-12
-29
-25
-56
-55
-48
-48
-9
6
33
61
58
47
48
29
11
0
-10
-12
-24
-11
-6
-19
-19
-15
-10
12
28
36
51
59
65
46
49
46
26
25
23
21
4
7
-14
6
9
25
45
62
59
58
68
31
43
25
8
52
46
72
77
62
63
56
45
36
50
31
29
35
10
-17
-14
-7
-7
9
16
5
2
-30
-42
-52
-41
-30
-27
-19
-25
-4
-27
-33
-29
-71
-54
-75
-82
-74
-64
-60
-58
-57
-42
-37
-25
-41
-38
-30
-66
-60
-54
-43
-45
-13
-12
18
0
26
17
14
9
-10
8
-15
-5
-21
15
13
8
34
15
6
10
9
9
6
1
28
21
23
53
55
38
47
29
11
33
31
29
27
38
28
19
-3
-17
-8
-6
-3
-8
-14
2
9
6
17
21
12
-14
-9
0
2
1
14
13
21
35
28
23
-2
-12
-8
-21
-19
-25
-16
-17
-27
-8
-12
-8
35
22
51
38
16
19
-25
-13
-26
-2
-5
-6
-15
-29
-41
-43
-47
-52
-16
-9
18
4
24
0
7
-7
-9
-11
-20
-7
-3
-11
-42
-36
-28
-26
-6
8
23
22
39
11
1
-3
-9
4
3
18
19
26
16
18
19
15
28
31
19
36
41
22
8
23
28
28
51
52
56
47
20
0
-23
-43
-40
-38
-24
-5
0
33
16
37
19
15
17
-15
-18
-53
-62
-68
-61
-63
-51
-37
-51
-42
-45
-21
-42
-25
-31
-36
-31
-26
-40
-55
-30
-37
-38
-35
-20
-44
-43
-51
-50
-38
-10
18
17
46
48
51
22
22
1
-9
31
17
55
69
83
89
69
74
64
35
35
23
14
24
34
46
25
32
39
49
42
56
54
43
36
-1
17
-12
-6
-2
12
16
18
49
26
32
1
17
-7
-30
-22
-32
-26
-31
-6
-23
-28
-20
-19
-27
-24
-19
-16
1
-11
-17
-25
-40
-27
-20
-17
-12
-24
-38
-42
-43
-24
-19
-26
-3
-4
-11
-8
-11
-13
-7
-4
-19
-19
-29
-22
-44
-42
-38
-32
-28
-26
1
6
15
0
-4
-22
-21
-37
-18
-26
-29
-20
-43
-51
-70
-61
-43
-31
-21
-16
10
16
39
48
39
59
31
35
16
32
34
47
64
85
67
62
30
27
16
6
36
54
84
91
107
95
106
88
108
87
70
52
-1
-47
-86
-62
-17
10
63
93
83
64
23
-36
-95
-117
-122
-102
-62
-28
12
31
29
-6
-45
-74
-122
-143
-144
-118
-74
-29
12
69
66
60
31
-7
-61
-98
-104
-91
-72
-26
7
44
58
44
40
22
21
-7
2
-15
-22
-19
-13
-2
0
25
35
41
24
49
34
14
4
-12
-1
1
12
38
59
77
60
64
41
2
-1
-15
-15
-13
-2
21
15
18
36
24
26
8
0
-37
-54
-75
-76
-65
-76
-45
-33
0
1
8
2
-33
-46
-53
-57
-27
1
21
37
34
37
11
5
2
-1
-10
-11
-12
-19
-22
-3
-11
9
17
31
35
24
37
16
2
2
21
18
41
42
52
34
21
16
-21
-30
-28
-18
4
19
37
6
6
-9
-27
-18
-23
-25
-35
-18
-36
-17
-25
10
3
17
45
38
54
22
9
-15
-25
-37
-25
-12
-2
44
40
32
36
9
0
-2
17
29
33
37
45
33
12
-1
-5
-13
-16
-22
-35
-21
-21
-5
-1
-3
20
-13
-26
-21
-29
-38
-39
-34
-55
-60
-60
-55
-47
-45
-16
-19
-5
-16
-18
-24
-21
-22
-31
-26
-34
-31
-52
-22
2
6
20
10
19
-10
16
8
28
33
60
86
62
69
61
51
46
52
54
75
79
94
96
80
96
81
67
75
61
47
51
29
12
15
0
-1
-6
27
14
19
4
-38
-81
-113
-130
-130
-95
-55
-52
-36
-44
-52
-89
-114
-121
-126
-137
-112
-81
-94
-62
-45
-44
-35
-60
-67
-55
-94
-82
-78
-67
-37
-9
2
25
8
29
49
57
78
79
96
82
55
62
57
71
82
87
118
122
142
133
118
95
88
79
80
63
74
74
66
70
64
65
31
53
15
-4
-8
-26
-36
-15
-38
0
-19
-16
-33
-66
-65
-76
-88
-80
-44
-61
-35
-38
-20
-51
-58
-62
-61
-64
-79
-50
-61
-49
-22
-13
-13
29
28
28
27
9
6
-19
-23
-19
-16
-1
33
26
30
46
12
6
6
-10
1
0
19
28
9
-4
-11
-41
-53
-27
-21
-1
12
25
26
7
12
-20
-52
-67
-91
-58
-30
22
60
51
26
17
-31
-30
-34
-15
7
8
32
33
35
6
-18
-19
-22
13
29
58
55
79
58
55
37
9
-1
-9
-19
-23
4
-8
-12
-7
17
22
53
35
27
-7
4
-5
-12
-5
-7
4
4
26
29
-9
-9
-7
-35
-29
-19
-15
-5
3
-8
-8
-8
-13
-23
-2
4
0
1
-40
-59
-52
-52
-32
-3
-6
20
13
36
19
8
-17
-28
-10
-21
11
8
23
21
13
13
21
25
-10
-5
-6
-23
-7
4
-13
-6
3
-5
3
5
7
11
-6
4
-4
9
5
-8
-13
-12
-11
13
18
17
23
-1
1
3
-24
-10
-13
-15
8
6
50
48
44
37
32
4
-18
-2
7
28
40
62
63
51
35
5
-3
-11
-1
22
35
23
47
4
-15
1
-31
-32
-28
-27
-19
-19
-29
-25
-22
-41
-35
-29
-18
-2
-8
13
-7
-8
-3
-24
-40
-43
-41
-55
-34
-47
-54
-57
-61
-38
-21
-32
-6
10
23
22
40
47
7
4
1
-14
-12
5
16
-4
9
-16
-10
-18
-5
27
45
63
73
82
49
38
7
25
9
-8
14
16
36
41
31
41
23
22
10
11
9
13
-10
-22
-27
-40
-47
-38
-46
-37
-36
-25
-15
-30
-38
-53
-46
-51
-42
-17
-16
-23
-19
-31
-37
-59
-25
-21
11
5
-5
10
-7
-12
-31
-19
-2
-2
8
20
16
9
18
17
15
19
20
29
32
45
49
75
93
91
94
98
59
17
7
-3
9
19
48
65
51
64
39
55
56
63
49
38
52
14
9
-4
-4
-8
-4
-15
-29
-41
-25
-39
-56
-34
-50
-48
-57
-39
-55
-23
-21
-31
-17
-43
-49
-53
-61
-64
-49
-60
-64
-61
-69
-55
-62
-46
-26
-28
-18
-38
-29
-55
-69
-73
-84
-71
-31
-20
13
38
38
60
41
46
45
19
11
20
11
10
23
23
39
39
59
70
51
37
38
36
40
76
69
79
65
70
66
40
45
31
51
40
60
56
48
53
42
47
33
48
17
9
-4
-36
-26
-30
-21
-5
-3
0
1
-29
-31
-44
-38
-34
-27
-26
-43
-42
-69
-69
-67
-60
-57
-44
-37
-37
-53
-69
-90
-69
-61
-79
-31
-41
-44
-53
-56
-52
-50
-46
-19
-9
15
41
37
32
-5
3
-28
-18
-12
-10
3
25
31
24
43
26
55
43
71
74
78
72
52
51
23
40
13
37
44
36
57
48
58
38
36
21
15
18
10
18
16
7
-4
-8
-17
-7
-16
3
-3
3
-6
-10
-17
-9
-22
-13
-9
-22
-20
-46
-41
-49
-27
-30
-37
-24
-17
-50
-37
-38
-21
-20
-16
14
-7
19
11
11
-24
-20
-33
-41
-7
-10
16
15
16
18
7
11
9
18
24
42
62
56
72
50
34
11
2
8
4
26
58
73
64
37
25
9
-29
-14
9
27
22
43
41
47
28
5
6
-11
-33
-21
-25
-9
-34
-15
-36
-21
-15
-30
-24
-36
-25
-22
-29
-35
-23
-61
-45
-63
-62
-55
-58
-24
-18
0
-3
-29
-16
-54
-74
-66
-65
-49
-36
-16
-20
-11
-12
-11
-13
-2
3
-3
12
25
20
27
10
-3
-25
-39
-25
-18
19
10
37
46
40
44
34
12
21
23
18
39
24
22
-6
0
-3
-3
30
18
32
34
19
12
-11
-13
-16
8
22
18
29
16
26
18
15
16
24
29
44
43
46
43
34
33
36
22
28
22
25
37
39
57
58
20
27
16
25
21
29
46
23
40
12
11
18
15
42
25
53
30
16
1
-27
-50
-50
-35
-40
-29
-34
-58
-49
-80
-91
-78
-78
-65
-58
-65
-76
-69
-81
-60
-59
-38
-43
-72
-83
-95
-122
-112
-100
-73
-52
-51
-40
-52
-23
-35
-9
-8
-2
-15
-6
-20
-19
6
11
44
60
56
40
42
31
21
49
67
99
102
94
81
61
40
27
6
7
31
23
50
54
89
70
74
60
31
38
14
27
11
42
36
57
40
40
36
0
8
-31
-11
-17
0
21
23
25
16
23
1
1
-13
-7
1
5
17
8
6
3
0
-15
-5
-3
6
-8
-7
-20
-31
-46
-43
-35
-24
-19
-14
14
4
-7
-13
-7
-24
-15
-21
-19
-23
-20
-44
-37
-42
-42
-31
-38
-39
-54
-41
-36
-24
-27
-20
-15
-3
-9
-18
-21
-19
-39
-22
-15
-13
2
5
9
5
-10
-16
-24
-25
-25
-15
7
16
36
37
39
24
50
45
47
74
60
48
24
10
-2
-18
-17
-25
2
-12
17
16
14
14
16
5
-8
11
-16
-12
-27
-42
-60
-54
-68
-53
-46
-11
-13
-3
10
4
5
-20
-20
-39
-46
-44
-21
-41
-32
-53
-29
-26
-6
36
29
64
53
86
52
49
41
52
56
71
102
85
83
77
64
66
62
90
121
96
102
82
85
54
64
70
66
73
88
71
61
46
25
26
-8
-4
-18
-10
-22
-2
-5
-20
-14
-49
-62
-71
-86
-90
-105
-97
-101
-89
-88
-100
-116
-127
-131
-131
-130
-109
-100
-87
-67
-68
-84
-89
-111
-106
-102
-91
-69
-42
-45
-43
-20
-42
-21
-24
-19
4
-10
-3
-15
1
13
19
27
30
22
16
35
8
23
7
27
41
69
78
82
79
54
56
48
46
56
56
47
33
33
29
29
29
40
52
46
46
51
52
51
45
46
52
47
58
63
55
54
42
43
40
42
47
46
61
52
60
54
46
16
40
22
42
36
15
34
25
27
13
31
27
29
19
36
17
12
9
3
-5
-24
-19
-21
-31
-47
-29
-61
-58
-51
-61
-52
-58
-57
-84
-96
-106
-103
-94
-105
-106
-79
-90
-76
-88
-105
-68
-80
-67
-55
-40
-26
-51
-45
-70
-66
-70
-69
-76
-45
-37
-35
-20
-2
15
25
33
28
55
47
36
30
43
49
60
55
64
50
37
27
20
29
26
42
44
46
40
17
10
6
-8
-2
23
13
17
27
30
21
24
26
26
14
16
-1
32
5
21
11
15
5
-3
10
5
13
29
45
47
49
8
16
-17
-42
-22
-2
3
17
30
20
22
1
-12
-4
-2
16
29
53
37
24
15
-22
-41
-43
-45
-28
-3
1
20
32
21
14
22
21
24
23
9
12
-4
0
-2
11
2
0
-3
2
-8
-9
1
4
11
7
13
12
-13
-25
-23
-38
-41
-31
-18
-14
-8
-8
7
-8
-22
-20
-31
-11
-33
-5
-19
-29
-32
-30
-18
-10
2
-5
-18
-30
-23
-27
-31
-27
-21
-21
-16
-16
-32
-36
-34
-42
-39
-53
-34
-31
-30
-20
-22
-14
-16
-10
-5
-26
-4
-13
-10
0
11
27
14
38
9
-6
-9
-12
2
15
33
35
43
31
39
41
58
63
51
55
54
54
34
53
36
40
79
63
83
83
97
66
77
58
41
36
30
36
11
28
19
40
46
57
43
46
12
14
-16
-23
-1
4
12
-6
0
-18
-31
-55
-62
-46
-64
-53
-61
-69
-81
-79
-94
-83
-84
-83
-95
-113
-119
-121
-113
-101
-87
-86
-81
-86
-77
-104
-77
-78
-55
-38
-25
-16
-24
-11
-34
-14
8
22
25
56
61
54
61
39
40
35
33
56
84
88
106
100
86
91
80
61
80
97
99
111
108
106
80
79
68
59
56
50
46
25
10
0
-5
-9
-12
1
-3
-12
0
-12
-10
-14
-9
2
-6
-3
-19
-25
-43
-54
-58
-65
-68
-36
-51
-57
-42
-40
-43
-45
-25
-34
-18
-45
-20
-34
-38
-7
-38
-9
-12
-13
-16
-3
-5
-6
11
14
15
24
2
-1
19
-3
16
36
37
64
37
49
18
4
8
-9
-10
-12
9
4
30
38
18
23
9
-1
-17
-21
-30
-27
-36
-25
-27
-12
-9
-30
-20
-15
-17
-24
-18
-19
-21
-39
-23
-47
-37
-48
-35
-21
-14
-1
-11
-1
-23
-11
3
8
28
32
27
21
-4
-27
-27
-31
-18
-31
0
5
25
31
21
27
-7
9
-18
-15
-18
-3
-3
5
12
8
24
0
-11
-17
-8
-5
23
23
42
61
60
62
46
45
14
32
47
50
45
45
40
26
15
14
21
31
31
26
45
50
31
22
41
40
46
49
45
25
7
-16
-31
-24
-22
-7
-33
3
11
11
21
21
15
1
2
-21
-19
-37
-24
-35
-16
-16
11
-3
-27
-35
-57
-37
-68
-45
-48
-26
-32
-6
-26
-51
-76
-90
-103
-82
-69
-75
-58
-55
-42
-59
-52
-61
-40
-24
-23
-8
10
-4
-16
-12
-31
-26
-25
-16
6
-1
20
14
1
0
2
1
16
26
29
42
57
55
40
23
36
35
45
60
53
23
20
14
-15
15
10
20
3
23
16
4
13
4
14
20
36
50
31
44
42
62
54
52
63
48
44
48
54
49
40
28
22
32
26
35
55
49
51
45
27
20
12
-2
17
25
27
33
32
50
37
40
23
11
-7
-44
-52
-71
-67
-88
-60
-56
-56
-33
-41
-41
-70
-78
-104
-101
-91
-91
-79
-65
-68
-65
-78
-97
-100
-110
-91
-91
-69
-65
-80
-74
-71
-49
-76
-56
-72
-70
-71
-66
-67
-48
-39
-6
41
55
83
57
78
49
59
62
82
75
62
58
75
81
80
90
69
83
79
77
61
82
83
87
94
97
125
117
109
121
112
88
65
43
10
-8
-11
4
-1
8
12
12
7
-4
9
-2
3
0
-12
-18
-33
-35
-50
-61
-65
-84
-66
-64
-53
-21
-7
2
14
9
-7
-11
-31
-42
-50
-52
-63
-58
-77
-57
-64
-45
-24
-15
-14
2
7
1
22
31
29
25
43
32
40
32
6
-7
-38
-56
-53
-61
-50
-34
-33
-6
-3
-3
17
26
52
23
38
48
35
21
29
-1
-10
-29
-44
-54
-64
-31
-45
-30
-58
-51
-77
-61
-64
-41
4
17
49
54
34
-7
-2
-34
-29
-39
-37
-4
-70
-56
-66
-57
-49
-48
-3
-3
48
48
35
44
28
33
49
43
62
52
54
71
66
66
64
63
38
33
3
-1
-11
10
16
29
53
40
55
76
94
78
98
91
83
80
68
64
39
32
14
4
5
-10
-1
-13
9
19
29
29
31
31
19
21
-2
0
-24
-16
-40
-38
-23
-29
-13
-8
8
10
11
-22
-22
-37
-61
-73
-85
-103
-107
-112
-118
-91
-91
-83
-63
-49
-30
-33
-29
-34
-41
-56
-71
-70
-78
-68
-57
-55
-76
-57
-45
-26
-30
-29
-20
-41
-31
-58
-27
-16
11
19
9
19
-28
-19
-16
-23
7
8
28
32
22
58
59
75
111
128
119
140
119
92
41
19
-24
-26
-35
-19
34
47
86
106
116
107
107
89
75
76
36
47
21
-5
4
20
6
27
36
20
25
0
-11
-34
-38
-53
-28
-34
-67
-70
-91
-92
-58
-35
5
31
57
49
44
45
38
27
29
37
37
23
3
-26
-41
-61
-86
-79
-81
-89
-69
-68
-59
-27
0
13
25
58
41
72
73
71
70
77
84
85
94
65
38
15
-5
-28
-66
-94
-99
-133
-153
-243
-474
-808
-1085
-1057
-797
-278
531
1452
2222
2565
2601
2339
1652
552
-710
-1745
-2537
-3004
-3122
-2749
-2041
-1243
-476
380
1165
1634
1846
1897
1915
1704
1305
820
382
-102
-609
-946
-1136
-1263
-1395
-1429
-1329
-1179
-987
-780
-480
-163
202
670
1113
1384
1462
1412
1242
926
412
-134
-504
-772
-992
-1002
-747
-362
-142
30
310
618
642
467
383
368
286
203
313
560
730
744
797
847
788
432
74
-500
-1008
-1269
-1058
-688
-418
138
695
1062
972
954
942
532
-67
-390
-297
-309
-340
-210
53
228
212
237
185
-40
-467
-775
-919
-1041
-1149
-1190
-1035
-803
-478
-142
168
350
349
266
125
-74
-361
-600
-779
-907
-952
-824
-643
-509
-410
-236
-79
-7
-10
62
123
234
431
615
603
205
-286
-606
-734
-827
-694
-276
316
746
1059
1496
1768
1650
1177
778
559
295
14
-54
79
215
317
547
806
837
542
-35
-487
-742
-710
-630
-238
493
1246
1804
2081
2311
2088
1383
447
-319
-850
-1408
-1744
-1748
-1469
-1079
-677
-215
163
370
397
431
506
521
351
93
-132
-318
-534
-686
-815
-899
-1006
-1100
-1117
-1139
-1124
-1141
-1117
-1004
-738
-409
-125
59
178
318
201
27
-143
-295
-452
-631
-543
-236
172
416
511
432
131
-431
-1086
-1613
-1723
-1529
-1084
-348
638
1744
2458
2792
2855
2729
2160
1243
478
-72
-490
-898
-911
-558
-194
41
265
570
715
633
504
389
-103
-696
-873
-308
388
964
1739
2599
2908
2440
1901
1326
240
-1234
-2344
-2687
-2718
-2581
-2076
-1196
-338
266
806
1189
1222
912
616
505
389
237
40
-176
-456
-679
-836
-971
-1241
-1525
-1636
-1597
-1463
-1306
-1007
-788
-596
-339
88
458
621
640
566
420
133
-144
-451
-785
-1032
-1115
-1004
-832
-510
-156
218
405
521
532
101
-497
-899
-767
-536
-211
479
1382
2080
2266
2384
2435
2022
1058
73
-397
-738
-1078
-1165
-702
-110
291
714
1324
1742
1718
1594
1519
1331
573
-351
-1070
-1161
-976
-548
272
1206
1942
2084
2013
1799
1270
223
-972
-1721
-2088
-2163
-1985
-1502
-836
-206
327
650
847
744
450
141
-36
-71
-198
-378
-540
-615
-646
-726
-876
-1016
-1182
-1358
-1465
-1370
-1215
-1202
-1180
-1031
-689
-368
-37
214
464
556
487
378
32
-464
-1096
-1518
-1839
-1848
-1523
-997
-352
235
917
1376
1408
1062
367
-447
-1138
-1308
-1072
-569
166
1106
2052
2568
2698
2579
2144
1228
145
-504
-671
-747
-716
-262
528
1192
1613
1975
2195
2019
1517
1147
899
500
-451
-1398
-1670
-1101
-374
215
1319
2484
2997
2597
2221
1911
810
-898
-2184
-2378
-2242
-2084
-1470
-485
332
605
811
848
419
-413
-1087
-1215
-1149
-927
-558
-171
8
69
73
-164
-707
-1377
-1825
-2033
-2059
-1902
-1524
-1213
-1057
-755
-281
77
83
-37
-142
-230
-444
-620
-721
-973
-1353
-1562
-1483
-1252
-950
-499
85
564
924
1198
1267
898
115
-661
-1097
-1101
-902
-464
294
1230
1967
2338
2561
2631
2257
1486
772
517
414
260
227
477
897
1057
1194
1425
1567
1365
1084
1072
1190
1099
515
-111
-436
-333
-199
34
777
1591
1883
1808
1882
1917
1215
108
-726
-1094
-1447
-1735
-1576
-1172
-910
-821
-617
-428
-545
-881
-1053
-993
-855
-557
-163
133
255
221
120
-241
-868
-1553
-2087
-2472
-2724
-2694
-2335
-1912
-1598
-1146
-625
-189
-60
-55
-56
-128
-233
-334
-336
-434
-549
-793
-1005
-1112
-1193
-1136
-991
-621
-159
285
646
885
1085
1006
467
-113
-317
-58
178
484
1240
2174
2714
2666
2709
2827
2417
1442
632
471
366
68
-40
377
855
1047
1218
1618
1903
1861
1670
1676
1708
1601
1391
1158
752
-474
-1646
-2051
-1401
-1048
-675
590
2019
2543
2033
1981
1883
621
-1162
-2143
-2038
-2278
-2566
-2232
-1404
-1015
-1058
-808
-570
-837
-1395
-1359
-980
-718
-596
-299
-57
-106
-272
-430
-850
-1615
-2250
-2544
-2609
-2598
-2333
-1856
-1480
-1183
-692
-32
268
250
321
500
504
372
215
68
-260
-778
-1114
-1196
-1158
-1155
-918
-341
338
894
1279
1610
1687
1271
491
-150
-318
-155
-11
465
1487
2592
3187
3287
3483
3502
2861
1635
739
373
-134
-720
-913
-396
147
538
1026
1730
2199
2241
2202
2169
1980
1529
1216
973
735
-26
-1085
-1785
-1784
-1433
-1315
-593
566
1323
1208
986
1234
863
-230
-1240
-1389
-1351
-1657
-1732
-1468
-1297
-1651
-1928
-1915
-1952
-2232
-2190
-1595
-1046
-602
-137
234
207
-37
-258
-625
-1308
-2087
-2561
-2721
-2753
-2557
-2042
-1445
-992
-493
111
543
602
489
390
177
-98
-324
-343
-330
-218
-23
240
526
634
562
350
259
203
194
180
344
723
1062
1185
812
419
155
238
325
677
1501
2456
3150
3308
3549
3754
3378
2269
1032
403
-74
-732
-1248
-1034
-413
-115
185
915
1766
2011
1885
2009
2310
2210
1619
1197
934
642
150
-140
-915
-2479
-3815
-3831
-2899
-2254
-1048
882
2491
2700
2580
3009
2429
396
-1776
-2550
-2944
-3764
-4031
-3430
-2682
-2598
-2157
-1225
-742
-1079
-1284
-728
-271
-274
-264
-53
-186
-641
-745
-662
-1068
-1816
-2244
-2230
-2150
-2010
-1551
-1164
-1023
-766
-101
537
687
694
864
942
732
660
787
751
532
545
837
977
880
816
873
780
591
431
309
209
154
303
318
85
-186
-66
532
1068
1722
2580
3600
4064
3874
3708
3591
2874
1340
118
-295
-584
-1216
-1623
-1192
-569
-307
-142
512
1240
1374
1141
1271
1671
1665
1301
1114
1188
1064
822
459
-27
-1583
-3507
-4628
-4315
-3489
-2801
-1107
1057
2591
2797
3006
3254
2099
-202
-2095
-2729
-3274
-4035
-4050
-3301
-2604
-2408
-1847
-1086
-845
-1160
-1158
-562
-151
-130
-77
-16
-126
-258
-204
-260
-708
-1218
-1578
-1789
-1840
-1679
-1418
-1381
-1241
-560
283
837
1019
1403
1725
1644
1282
1040
801
227
-216
-185
433
978
1402
1818
2157
2319
2028
1381
585
-152
-648
-1013
-1015
-1093
-1131
-1046
-475
568
1414
2319
3237
4033
4084
3819
3798
3472
2430
950
57
-292
-823
-1510
-1732
-1335
-1185
-1266
-960
-207
210
164
400
1064
1630
1786
1851
2041
2039
1699
1261
883
183
-1538
-3488
-4670
-4594
-4170
-3603
-1969
203
1793
2309
2847
3343
2533
552
-1187
-1871
-2588
-3592
-3903
-3256
-2695
-2640
-2203
-1318
-938
-1246
-1251
-633
-137
-196
-219
4
87
-70
12
234
135
-368
-839
-1052
-1330
-1534
-1464
-1231
-954
-440
426
1129
1473
1619
1834
1791
1371
857
471
113
-350
-421
2
506
915
1437
2256
2861
2880
2618
2243
1590
609
-265
-592
-760
-1037
-1545
-2202
-2606
-2430
-1557
-754
267
1848
3523
4378
4363
4577
4746
3872
1974
443
-49
-712
-1881
-2692
-2416
-2036
-2157
-2099
-1345
-538
-402
-303
346
1200
1643
1768
1946
2198
2184
2007
1705
1310
695
-14
-912
-2272
-3675
-4520
-4483
-4107
-3304
-1540
596
1939
2443
3060
3456
2478
703
-635
-1350
-2407
-3354
-3296
-2620
-2386
-2427
-1799
-957
-832
-1179
-1061
-501
-342
-453
-175
333
507
487
726
960
810
266
-257
-656
-1101
-1423
-1617
-1570
-1313
-752
-89
613
1404
1978
2210
2059
1913
1615
902
14
-496
-611
-750
-650
-38
900
1605
2155
2729
2913
2368
1392
419
-565
-1534
-1992
-1772
-1209
-1114
-1313
-1339
-1042
-651
-460
39
1156
2406
3021
3214
3733
4190
3687
2169
838
186
-555
-1788
-2674
-2617
-2275
-2283
-2104
-1194
-175
229
430
1121
1937
2200
2159
2302
2460
2192
1912
1723
1470
316
-1601
-3144
-3819
-3721
-3787
-3201
-1648
157
1159
1758
2864
3411
2457
780
-29
-303
-1349
-2466
-2649
-2291
-2548
-2786
-2177
-1406
-1467
-1827
-1273
-438
-234
-345
-42
384
255
67
294
482
50
-599
-826
-894
-1139
-1396
-1427
-1418
-1314
-890
-136
568
1001
1370
1546
1405
1015
603
185
-384
-696
-558
-132
158
492
950
1409
1575
1642
1809
1653
1129
631
380
125
-375
-662
-639
-510
-479
-116
214
-125
-926
-1350
-967
-608
-351
503
2031
3000
3089
3290
3873
3658
2015
327
-424
-923
-1917
-2669
-2312
-1555
-1227
-930
-48
1033
1346
1031
963
1236
1314
991
846
957
1080
963
1156
1536
1651
661
-1169
-2617
-3116
-2877
-2844
-2207
-538
1224
1954
2304
3224
3453
1896
-265
-1214
-1497
-2574
-3637
-3449
-2541
-2308
-2196
-1248
-259
-302
-753
-431
203
255
-74
-49
72
-90
-155
65
111
-393
-976
-1289
-1383
-1619
-1732
-1737
-1745
-1569
-917
-29
495
852
1252
1461
1245
934
666
159
-563
-986
-814
-560
-386
1
613
1115
1335
1701
2106
1994
1359
804
507
34
-672
-1003
-892
-734
-1061
-1664
-2085
-2098
-1771
-1434
-653
801
2514
3578
3890
4355
4855
4492
2903
1341
587
-145
-1328
-2174
-2012
-1646
-1701
-1662
-905
-19
301
404
883
1537
1856
1945
2142
2379
2392
2324
2364
2323
1994
1016
-343
-1656
-2397
-2713
-3056
-2836
-1780
-408
493
1175
2167
2680
2065
893
262
-298
-1423
-2468
-2749
-2601
-2702
-2614
-1963
-1272
-1056
-901
-403
-11
-101
-354
-446
-626
-967
-1125
-1064
-1022
-1158
-1214
-1122
-1102
-1240
-1318
-1302
-1342
-1384
-1155
-662
-275
-45
260
642
752
569
225
-6
-354
-771
-977
-837
-481
-175
254
930
1623
2096
2287
2462
2398
2044
1318
610
-14
-723
-1159
-1443
-1177
-1611
-2425
-3083
-2685
-1544
-936
-44
1577
3598
4476
4472
5030
5734
5019
2700
1030
615
-51
-1518
-2460
-1847
-1225
-1331
-1290
-252
669
435
-60
154
795
874
741
1109
1736
2203
2537
3121
3532
3387
2678
1871
1040
139
-965
-2652
-4273
-5228
-4814
-3981
-3015
-1224
1059
2689
3156
3566
4006
3120
806
-1198
-1968
-2642
-3680
-3975
-3206
-2539
-2394
-1903
-933
-550
-1079
-1376
-1026
-818
-989
-896
-528
-450
-662
-578
-273
-480
-1042
-1399
-1393
-1500
-1610
-1513
-1374
-1332
-1166
-594
61
424
670
912
1001
802
442
146
-227
-652
-798
-535
-50
538
1200
1869
2434
2810
2901
2537
1827
884
121
-722
-1435
-2367
-3489
-4438
-4507
-3202
-1741
-169
1787
4111
5651
5825
5975
6310
5640
3207
879
123
-220
-1258
-2185
-1591
-618
-496
-758
-85
717
278
-728
-871
-185
119
165
794
1879
2663
3162
3851
4341
4034
3047
1967
885
-433
-1789
-3049
-3961
-4424
-4102
-3167
-2017
-725
553
1539
1853
1846
1749
1173
-113
-1400
-1814
-1875
-2112
-2214
-1701
-1084
-1065
-1246
-1216
-1254
-1974
-2801
-2973
-2620
-2252
-1896
-1190
-403
159
464
698
676
164
-630
-1340
-1812
-2202
-2366
-2283
-1995
-1476
-825
-69
489
811
992
991
835
557
277
-23
-310
-414
-263
180
501
985
1532
2061
2350
2425
2343
2005
1331
535
-67
-631
-1122
-2202
-3267
-3949
-3460
-2297
-1254
274
2372
4314
5079
5153
5755
6011
4755
2489
1177
833
67
-1085
-1385
-651
-344
-707
-655
159
395
-387
-964
-712
-286
-182
153
1023
1830
2421
2992
3628
3842
3436
2631
1538
241
-1006
-1999
-2894
-3480
-3455
-2602
-1615
-819
49
856
998
435
34
-130
-855
-1966
-2392
-1965
-1638
-1628
-1197
-315
-96
-577
-859
-806
-1276
-2365
-3041
-2942
-2668
-2502
-2002
-1121
-399
-84
179
442
317
-255
-978
-1515
-1873
-2042
-2058
-1930
-1590
-1046
-436
82
605
1054
1183
926
665
639
489
50
-244
-137
87
236
547
1305
1971
2259
2298
2390
2277
1704
918
338
-211
-633
-1380
-2349
-3083
-3270
-2383
-1492
-302
1411
3240
4303
4472
4842
5401
4960
3339
1919
1495
1072
246
-313
14
239
-216
-601
-325
-24
-514
-1165
-1327
-1020
-632
-215
480
1203
1779
2231
2714
3009
2915
2467
1754
946
311
-389
-1595
-2817
-3424
-3195
-2865
-2363
-1224
-125
184
-22
150
371
-384
-1681
-2364
-2263
-2288
-2268
-1611
-662
-340
-534
-471
-314
-759
-1746
-2322
-2405
-2458
-2333
-1839
-1174
-713
-443
12
416
467
147
-337
-780
-1144
-1326
-1321
-1267
-1153
-866
-405
-34
321
696
898
789
728
859
1015
845
573
565
616
617
639
1080
1605
1949
2030
2121
2169
1845
1287
495
-74
-1389
-2884
-4096
-4207
-3354
-2582
-1246
830
3088
4351
4915
5642
6112
5229
3233
1792
1152
392
-670
-1005
-444
-54
-91
11
594
649
-36
-865
-1292
-1543
-1883
-1757
-1126
-289
492
1439
2465
3150
3280
2979
2474
1658
729
-197
-1398
-2575
-3446
-3513
-3120
-2621
-1626
-380
443
526
502
550
-15
-1340
-2426
-2725
-2744
-2759
-2197
-1044
-162
185
543
868
628
-311
-1269
-1889
-2393
-2733
-2554
-1824
-1148
-518
276
1115
1583
1562
1250
788
113
-618
-1153
-1431
-1654
-1646
-1269
-706
-130
260
689
944
992
951
1070
1165
1115
970
955
1143
1357
1440
1606
1724
1719
1498
1231
900
375
-389
-1969
-3466
-4578
-4397
-3781
-3076
-1524
706
2743
3792
4571
5625
5920
4557
2665
1746
1172
83
-979
-925
-304
-252
-320
317
1229
1057
109
-614
-999
-1674
-2522
-2724
-2299
-1788
-1193
70
1599
2709
3256
3456
3326
2647
1370
-130
-1489
-2465
-2959
-2936
-2257
-1050
91
652
912
1201
1091
66
-1314
-2170
-2624
-3167
-3368
-2590
-1430
-724
-255
631
1568
1665
1190
667
175
-712
-1654
-2021
-1899
-1678
-1304
-506
565
1365
1722
1848
1783
1293
471
-269
-908
-1442
-1858
-1828
-1440
-920
-301
238
636
770
847
892
748
587
601
728
894
998
1309
1624
1695
1539
1332
1211
774
71
-1435
-3044
-4588
-5199
-5138
-4764
-3620
-1685
544
2025
3256
4821
5890
5256
3595
2547
2001
877
-577
-921
-503
-487
-701
-128
1013
1268
633
-7
-348
-1044
-2060
-2703
-2810
-2708
-2441
-1579
-110
1365
2546
3484
4075
4129
3654
2601
1119
-355
-1426
-1891
-2080
-1649
-700
222
799
1230
1689
1551
566
-677
-1600
-2344
-3098
-3295
-2736
-1936
-1338
-479
737
1554
1680
1495
1342
813
6
-636
-865
-1109
-1392
-1213
-482
279
677
1051
1385
1424
874
187
-436
-1096
-1815
-2283
-2185
-1776
-1319
-881
-377
153
538
789
860
793
674
462
294
243
427
713
813
963
1091
1177
237
-1337
-2954
-4002
-4560
-5129
-4797
-3454
-1691
-342
983
2891
4655
5060
4351
3739
3288
2281
911
154
60
-226
-552
-304
667
1321
1353
1225
1053
472
-500
-1331
-1968
-2495
-2920
-2742
-1879
-604
746
2138
3131
3522
3557
3378
2939
2037
1070
339
-172
-570
-503
-25
393
432
403
418
215
-449
-1196
-1799
-2392
-2890
-2941
-2336
-1662
-1102
-461
340
918
1097
955
588
25
-670
-1143
-1343
-1264
-985
-518
151
846
1450
1699
1529
947
197
-573
-1329
-1950
-2314
-2407
-2245
-1881
-1324
-684
-146
261
566
826
1058
1166
1224
1168
1151
1105
989
957
843
608
-529
-1939
-3256
-3899
-4213
-4435
-3801
-2392
-809
383
1660
3347
4568
4495
3683
3150
2645
1680
521
-15
-44
-280
-544
-177
813
1340
1221
1087
1155
800
-72
-855
-1351
-1825
-2377
-2430
-1721
-622
321
1151
2040
2685
2899
2747
2480
2110
1485
805
370
240
256
252
209
263
269
24
-382
-822
-1213
-1739
-2307
-2531
-2384
-2072
-1786
-1326
-614
116
529
666
689
444
-96
-778
-1236
-1468
-1608
-1527
-1165
-674
-123
414
811
969
889
695
352
-130
-668
-1113
-1382
-1589
-1642
-1497
-1184
-841
-506
-109
320
800
1147
1451
1624
1569
1488
1213
994
254
-929
-2238
-3079
-3335
-3424
-2977
-1931
-562
433
1229
2388
3627
3981
3502
3061
2802
2278
1479
1030
984
735
242
38
441
856
840
592
407
160
-389
-982
-1360
-1597
-1899
-2037
-1549
-636
394
1327
2117
2546
2485
2123
1636
1065
344
-138
-287
-127
184
566
1038
1163
1008
621
107
-602
-1481
-2290
-2894
-3235
-3274
-2935
-2286
-1538
-782
-40
579
951
950
633
119
-498
-1121
-1513
-1721
-1770
-1647
-1321
-846
-395
-41
198
302
159
-146
-451
-644
-843
-1046
-1068
-827
-411
49
563
1119
1576
1673
1464
1172
706
264
-300
-637
-1110
-1731
-2317
-2547
-2196
-1810
-1167
-251
833
1642
2240
3037
3781
3998
3633
3194
2813
2284
1573
1050
797
456
81
25
422
743
800
864
1001
890
553
275
-33
-607
-1398
-1897
-1976
-1800
-1542
-929
-211
437
903
1401
1823
1862
1643
1343
1149
869
597
315
11
-322
-602
-854
-1091
-1304
-1538
-1833
-2149
-2327
-2312
-2249
-2216
-2054
-1640
-1115
-659
-282
104
358
246
48
-80
-246
-693
-1182
-1437
-1476
-1486
-1469
-1129
-734
-453
-332
-111
99
84
-140
-303
-270
-185
-121
88
447
750
921
1043
1145
1178
1071
862
559
-112
-849
-1545
-1879
-1962
-1803
-1264
-454
334
1032
1826
2677
3232
3334
3213
3016
2686
2264
1939
1769
1584
1329
1211
1297
1428
1434
1293
1095
838
420
-14
-353
-640
-1005
-1291
-1312
-1099
-784
-654
-610
-547
-429
-298
-146
123
426
604
704
952
1290
1397
1176
839
457
-21
-564
-1018
-1446
-1959
-2478
-2721
-2720
-2610
-2382
-2062
-1703
-1341
-1011
-715
-626
-715
-913
-1090
-1192
-1229
-1116
-977
-817
-548
-223
79
254
259
111
-161
-418
-572
-642
-722
-815
-767
-539
-288
-44
253
595
815
938
1053
1246
1255
1075
678
213
-238
-548
-621
-605
-418
-59
389
788
1218
1641
1985
2015
1866
1789
1731
1653
1504
1471
1422
1274
1125
1077
1160
1127
1099
1188
1335
1364
1306
1253
1051
725
302
25
-175
-428
-700
-963
-1221
-1510
-1648
-1608
-1463
-1248
-904
-448
-6
411
771
1025
1064
992
863
619
340
-36
-416
-870
-1294
-1606
-1910
-2151
-2200
-2066
-1914
-1657
-1355
-1018
-873
-955
-999
-1079
-1244
-1586
-1778
-1774
-1684
-1483
-1133
-574
-118
204
420
624
734
581
414
313
199
87
97
187
237
223
185
182
149
127
122
171
229
285
425
552
706
855
975
1107
1206
1303
1390
1376
1288
1167
1048
889
755
704
704
712
701
697
664
537
346
206
105
72
124
281
497
785
1013
1134
1230
1230
1108
840
521
205
-112
-403
-636
-762
-752
-677
-573
-326
-62
80
116
111
47
-211
-623
-945
-1204
-1375
-1468
-1295
-961
-660
-452
-270
-153
-197
-296
-500
-699
-947
-1187
-1362
-1389
-1406
-1372
-1275
-1138
-1056
-1021
-1012
-1000
-973
-912
-770
-538
-268
-43
172
318
473
568
642
705
675
591
489
401
360
312
301
348
426
468
549
663
753
770
747
714
679
668
645
636
698
754
810
864
942
965
899
772
616
464
316
218
99
73
117
163
242
369
481
460
398
320
185
39
-181
-348
-410
-454
-457
-314
-136
50
190
346
502
508
380
259
122
-140
-407
-596
-685
-804
-889
-842
-702
-574
-468
-273
-88
62
143
210
247
146
-30
-244
-468
-752
-982
-1165
-1266
-1287
-1214
-993
-744
-488
-246
-23
131
177
128
-10
-210
-468
-633
-722
-727
-635
-494
-256
-62
126
271
397
373
279
189
93
35
7
52
192
347
522
699
853
915
898
853
772
693
556
433
313
274
281
333
448
624
759
793
767
682
550
325
85
-66
-117
-89
-19
141
329
452
466
444
404
253
53
-127
-263
-356
-362
-264
-132
22
152
246
271
253
185
12
-212
-437
-600
-758
-846
-837
-788
-726
-614
-480
-345
-240
-191
-157
-177
-227
-324
-431
-517
-622
-744
-781
-728
-661
-585
-481
-347
-259
-208
-182
-100
-98
-98
-62
-12
22
17
55
93
123
102
141
167
205
222
276
344
414
479
474
475
449
359
250
128
32
-99
-195
-184
-75
103
304
537
808
1051
1181
1216
1182
1090
929
736
479
294
103
-117
-252
-316
-318
-334
-294
-201
-96
-30
52
175
214
201
184
193
156
62
14
-39
-86
-144
-211
-248
-283
-334
-323
-278
-213
-173
-108
-31
-39
-46
-96
-171
-268
-420
-568
-662
-732
-744
-731
-682
-590
-486
-358
-270
-171
-149
-179
-180
-217
-272
-317
-365
-384
-386
-347
-261
-136
-53
29
87
165
193
214
243
294
329
301
291
250
228
161
112
59
-7
-26
-46
-13
24
88
128
169
216
248
297
306
290
254
241
266
266
265
283
287
300
299
347
404
449
442
417
424
420
417
379
326
272
216
133
71
7
-118
-246
-332
-385
-362
-319
-257
-184
-99
-10
80
160
219
225
198
206
184
176
143
72
-2
-38
-78
-101
-100
-118
-151
-209
-261
-305
-346
-405
-453
-481
-441
-431
-407
-382
-338
-313
-324
-270
-242
-209
-234
-214
-179
-99
-59
-35
-3
-8
-55
-124
-190
-263
-309
-325
-292
-215
-91
13
124
194
229
228
197
123
39
-65
-160
-201
-209
-194
-144
-88
-6
53
138
171
213
210
189
169
168
197
201
286
382
454
497
556
544
508
442
363
307
260
206
171
169
143
131
124
147
170
166
146
111
59
-15
-93
-116
-117
-112
-146
-124
-68
-46
-33
-6
54
56
44
29
55
59
-7
-58
-79
-136
-197
-267
-266
-277
-285
-303
-291
-222
-189
-162
-132
-104
-88
-136
-220
-263
-310
-371
-437
-435
-358
-237
-135
-1
191
339
444
511
571
563
467
339
197
71
-62
-147
-195
-180
-135
-86
-29
33
93
117
145
166
155
128
53
7
-13
-48
-60
-61
-56
-33
-30
-8
13
-14
-51
-85
-116
-125
-135
-177
-187
-180
-162
-156
-131
-127
-169
-171
-169
-145
-88
-56
13
50
82
116
145
141
83
25
-54
-135
-209
-243
-267
-221
-127
-36
65
175
204
214
213
221
240
229
232
222
235
185
113
25
-72
-207
-281
-313
-320
-262
-208
-143
-61
50
147
212
277
309
296
253
188
105
10
-51
-93
-75
-26
52
127
248
350
423
474
488
526
499
404
340
275
191
131
98
129
123
139
153
148
145
89
60
10
-34
-102
-140
-151
-163
-154
-95
-48
-6
2
-9
-35
-79
-172
-279
-335
-401
-460
-453
-427
-452
-466
-458
-437
-461
-478
-495
-527
-540
-528
-476
-380
-330
-248
-174
-128
-97
-113
-157
-229
-286
-330
-336
-334
-293
-249
-172
-108
-4
126
202
246
243
236
194
125
68
30
29
66
130
204
292
383
414
452
466
479
434
400
393
345
290
266
268
258
284
306
341
376
395
383
401
410
407
399
389
387
345
274
245
218
173
149
102
72
51
48
58
99
128
179
193
238
256
262
243
221
192
137
75
5
-83
-163
-204
-243
-255
-262
-273
-301
-285
-280
-279
-287
-267
-279
-279
-282
-332
-378
-444
-506
-585
-646
-657
-684
-707
-681
-634
-589
-555
-518
-462
-437
-442
-434
-425
-427
-461
-454
-403
-333
-303
-255
-193
-188
-197
-189
-178
-155
-198
-179
-151
-103
-38
36
150
230
314
365
397
411
361
328
291
309
330
380
457
540
636
706
807
837
855
852
811
723
663
581
538
470
453
457
437
445
486
536
532
550
558
537
478
413
344
274
212
158
145
122
99
116
130
116
112
82
40
3
-17
-93
-145
-171
-219
-263
-303
-344
-360
-419
-468
-522
-559
-592
-608
-612
-618
-580
-539
-524
-522
-517
-538
-560
-613
-636
-663
-665
-654
-645
-607
-580
-550
-532
-496
-482
-450
-441
-431
-422
-436
-428
-443
-406
-361
-307
-233
-151
-85
-17
7
57
66
69
89
74
75
112
167
206
275
373
454
465
515
498
479
443
417
415
428
480
552
630
725
780
775
794
792
744
694
656
596
530
467
459
426
445
467
482
510
526
527
469
426
382
335
264
259
249
237
205
197
185
146
116
82
46
-6
-61
-98
-137
-208
-258
-326
-355
-407
-423
-434
-462
-455
-469
-482
-475
-492
-521
-541
-560
-591
-611
-637
-674
-695
-705
-700
-691
-624
-603
-561
-525
-505
-482
-473
-489
-529
-548
-558
-558
-560
-541
-510
-460
-374
-299
-227
-156
-91
-17
1
59
92
126
164
190
221
238
265
276
274
260
272
298
304
318
355
419
462
524
587
634
648
639
641
594
571
516
511
494
490
504
498
525
524
534
540
543
515
486
411
370
321
297
281
272
268
263
254
243
243
211
179
166
153
139
155
128
109
86
51
23
-45
-132
-215
-291
-358
-433
-472
-482
-478
-473
-417
-365
-332
-302
-322
-349
-413
-464
-556
-619
-657
-683
-688
-649
-608
-543
-494
-474
-473
-473
-513
-558
-583
-622
-633
-623
-565
-491
-399
-301
-215
-136
-91
-53
-20
-38
-25
-36
-19
7
58
125
193
252
308
335
374
378
372
333
308
301
297
315
327
392
427
507
584
667
695
723
741
693
652
574
513
410
361
316
277
269
265
271
267
266
254
277
268
242
217
172
125
109
71
39
28
24
35
21
11
12
4
-19
-39
-66
-84
-116
-148
-170
-210
-237
-262
-295
-316
-338
-344
-317
-317
-310
-297
-263
-261
-272
-254
-296
-311
-320
-350
-346
-341
-329
-341
-334
-309
-295
-311
-302
-318
-334
-331
-348
-355
-357
-324
-284
-219
-140
-76
-22
9
-2
30
16
21
36
21
35
34
40
44
60
54
93
109
156
171
200
214
222
227
246
282
285
317
317
338
305
321
316
311
316
315
344
328
308
297
264
248
228
211
209
187
197
202
167
159
175
160
134
138
124
100
75
60
60
44
52
71
78
96
111
115
67
18
-35
-130
-196
-263
-311
-328
-324
-335
-298
-268
-270
-244
-241
-236
-250
-250
-250
-263
-250
-271
-256
-260
-262
-232
-219
-189
-176
-173
-176
-189
-192
-218
-227
-208
-173
-108
-40
1
35
55
61
52
59
58
71
92
88
104
106
118
116
121
152
177
163
160
158
147
134
110
90
48
8
15
8
31
66
93
147
165
202
212
216
199
189
173
134
93
68
28
0
4
14
36
68
107
128
134
111
78
55
28
8
-14
-42
-65
-81
-88
-93
-88
-96
-76
-49
-20
-13
-25
-55
-66
-101
-97
-104
-103
-100
-90
-84
-101
-117
-128
-147
-168
-177
-165
-163
-184
-169
-155
-113
-112
-82
-57
-29
-16
-9
30
6
17
32
53
69
72
76
71
63
57
79
89
92
98
77
107
113
136
151
169
188
191
196
197
209
199
189
190
175
144
142
130
105
95
94
91
85
51
27
-4
-33
-56
-77
-78
-86
-67
-71
-50
-79
-66
-92
-91
-89
-103
-98
-134
-164
-200
-249
-305
-326
-355
-348
-331
-303
-269
-232
-205
-187
-154
-123
-124
-119
-90
-75
-83
-73
-84
-101
-106
-119
-104
-88
-56
-21
21
55
97
122
133
161
149
150
147
143
136
132
127
126
169
168
185
223
195
206
206
203
226
231
237
237
240
245
228
236
217
214
245
239
232
218
201
169
143
133
117
107
105
92
68
49
18
9
-3
-29
-41
-69
-53
-81
-119
-125
-146
-144
-164
-152
-132
-133
-139
-136
-129
-124
-148
-172
-186
-222
-269
-291
-294
-307
-292
-265
-242
-227
-211
-224
-237
-230
-236
-247
-255
-254
-253
-264
-266
-241
-229
-191
-168
-120
-73
-44
0
-8
16
9
-21
-5
-11
6
30
42
80
103
104
103
95
98
123
166
205
247
278
308
330
336
367
372
372
376
371
362
337
309
300
267
249
254
256
274
282
283
265
257
234
176
139
112
103
105
122
166
191
179
183
157
118
49
8
-54
-97
-141
-196
-208
-252
-244
-246
-240
-240
-247
-255
-270
-298
-315
-323
-320
-319
-293
-276
-252
-259
-256
-250
-271
-298
-334
-361
-364
-377
-375
-358
-360
-354
-326
-299
-264
-246
-199
-172
-171
-169
-155
-125
-109
-61
-32
28
76
129
171
194
213
185
183
154
135
97
104
90
121
136
161
233
250
299
329
381
370
360
374
370
350
349
312
317
310
294
291
295
301
289
294
299
298
280
268
233
222
203
193
184
168
138
128
113
85
64
37
18
-7
-10
0
-10
-7
30
23
-14
-60
-85
-135
-182
-223
-252
-247
-304
-308
-311
-324
-323
-336
-345
-334
-342
-362
-368
-386
-382
-374
-382
-373
-344
-350
-353
-328
-331
-336
-344
-327
-320
-328
-315
-329
-309
-289
-275
-228
-175
-143
-128
-91
-77
-45
-13
26
50
96
137
184
212
209
231
251
246
262
279
296
313
312
333
350
383
394
419
398
417
433
434
457
474
479
480
476
455
459
429
403
377
351
319
292
260
232
203
168
128
107
96
74
67
56
43
42
9
-31
-59
-93
-144
-182
-203
-232
-206
-218
-232
-258
-288
-307
-319
-315
-326
-340
-327
-337
-342
-348
-370
-380
-385
-398
-376
-359
-359
-356
-342
-339
-320
-299
-299
-275
-237
-222
-206
-183
-182
-179
-180
-170
-166
-151
-134
-134
-87
-71
-36
-14
-7
14
14
22
17
41
50
74
97
113
131
167
203
247
287
322
336
327
329
330
318
305
322
337
325
327
347
359
361
391
394
394
377
356
339
318
315
324
331
314
327
284
270
220
140
115
76
58
48
41
25
21
3
-41
-57
-84
-112
-131
-153
-183
-216
-216
-245
-263
-286
-287
-294
-301
-305
-300
-290
-291
-288
-288
-306
-337
-343
-378
-429
-418
-403
-372
-339
-291
-267
-243
-225
-213
-200
-197
-192
-173
-154
-141
-131
-113
-117
-89
-62
-35
-6
13
23
29
38
20
36
33
41
65
106
138
185
224
224
242
245
238
223
237
224
243
255
269
325
301
308
310
298
271
266
267
243
225
221
210
193
176
175
203
202
226
248
238
217
190
146
120
90
74
61
49
51
36
44
-4
5
1
-36
-29
-52
-68
-87
-113
-150
-158
-171
-182
-189
-189
-178
-203
-214
-225
-215
-252
-240
-253
-259
-260
-286
-293
-312
-319
-340
-324
-330
-316
-309
-303
-301
-287
-222
-187
-121
-76
-42
-51
-55
-58
-77
-92
-100
-96
-88
-76
-73
-44
-29
-18
9
76
124
150
185
192
222
206
212
208
199
215
237
261
261
260
237
246
250
266
261
273
264
249
244
230
217
205
221
223
244
256
245
219
203
172
165
129
98
74
37
22
3
-15
10
37
41
17
-5
-49
-82
-105
-143
-144
-141
-119
-137
-122
-138
-172
-198
-213
-211
-223
-207
-211
-210
-214
-211
-206
-194
-201
-189
-195
-192
-171
-210
-237
-237
-222
-247
-234
-219
-197
-178
-151
-125
-114
-114
-96
-97
-94
-63
-64
-45
-44
3
11
44
57
62
61
79
99
76
96
98
122
151
190
191
203
225
247
253
273
284
267
272
279
271
258
264
241
225
232
235
207
220
184
174
172
165
171
147
153
126
115
65
41
4
-35
-27
-1
23
33
59
47
20
1
-29
-54
-94
-119
-162
-187
-226
-249
-257
-251
-240
-206
-197
-168
-137
-146
-133
-130
-134
-154
-187
-213
-247
-252
-281
-294
-297
-304
-302
-275
-279
-234
-214
-187
-137
-128
-93
-94
-85
-81
-97
-88
-81
-93
-68
-59
-27
15
32
81
87
92
104
114
109
123
143
175
195
209
226
212
243
238
265
279
270
252
243
236
227
245
239
278
276
304
285
261
261
261
253
244
226
168
161
127
120
116
112
135
114
112
69
30
17
-13
-3
5
-2
6
-16
-51
-96
-126
-153
-177
-182
-186
-196
-185
-188
-196
-216
-228
-227
-234
-252
-270
-267
-279
-275
-287
-304
-303
-284
-269
-218
-192
-158
-125
-126
-145
-163
-175
-183
-168
-171
-172
-144
-143
-136
-137
-121
-107
-84
-54
-25
-6
6
30
44
49
49
76
93
97
115
129
118
113
128
137
129
152
168
204
217
225
258
241
233
230
210
205
208
207
224
216
216
210
223
212
211
204
194
215
226
209
199
188
152
144
121
117
104
97
98
90
61
43
15
8
-22
-25
-38
-54
-60
-95
-87
-103
-103
-101
-101
-92
-112
-106
-130
-143
-163
-195
-207
-232
-246
-269
-269
-255
-242
-242
-208
-191
-219
-193
-193
-211
-200
-211
-218
-236
-242
-238
-233
-221
-193
-171
-145
-126
-131
-132
-117
-114
-98
-77
-34
-8
35
44
55
80
62
59
70
78
91
102
130
151
167
188
204
204
189
210
203
226
232
237
250
218
207
183
169
156
153
161
168
182
205
218
208
223
223
219
218
198
179
145
114
116
86
67
70
69
58
44
37
22
8
-10
-28
-41
-53
-45
-80
-88
-87
-106
-124
-129
-149
-164
-172
-163
-191
-200
-203
-190
-170
-161
-158
-149
-143
-172
-172
-200
-197
-204
-201
-188
-202
-178
-181
-182
-139
-138
-121
-121
-98
-74
-71
-61
-57
-68
-69
-61
-43
-33
-22
-3
-40
-25
-36
-36
-17
21
51
108
126
135
122
117
118
123
130
124
134
120
139
114
113
125
125
129
123
124
117
116
127
150
136
153
160
161
152
166
162
129
122
107
76
68
59
15
38
31
53
80
82
87
78
79
61
69
59
36
18
11
1
-31
-49
-64
-78
-78
-76
-69
-80
-93
-87
-120
-128
-155
-159
-157
-154
-132
-142
-126
-139
-127
-133
-121
-139
-137
-128
-137
-138
-132
-141
-132
-113
-89
-74
-81
-80
-94
-90
-99
-85
-45
-36
-53
-23
-17
-1
5
49
65
91
124
113
83
47
16
16
23
55
75
95
107
112
107
116
99
124
129
130
138
128
109
62
45
44
28
40
69
72
81
124
114
102
105
119
122
131
73
-251
-508
-605
-553
-327
56
454
740
821
732
542
179
-288
-568
-696
-640
-381
33
398
598
607
470
278
21
-202
-341
-437
-397
-260
-104
34
99
111
90
2
-19
-97
-178
-248
-316
-375
-402
-397
-382
-295
-239
-156
-25
82
154
197
174
126
33
-112
-236
-361
-388
-353
-237
-56
131
294
413
455
416
311
177
62
-89
-158
-199
-158
-78
73
216
353
442
473
438
337
219
75
-27
-129
-136
-152
-99
13
85
174
274
327
334
319
244
145
3
-118
-220
-260
-278
-199
-104
13
111
144
159
109
53
-74
-172
-257
-329
-354
-331
-287
-221
-143
-70
-24
-13
3
-36
-123
-200
-266
-326
-347
-330
-283
-224
-120
-34
52
113
132
131
54
21
-39
-86
-108
-98
-52
1
77
165
246
286
276
282
258
198
151
110
96
74
101
164
182
225
261
284
284
256
227
153
82
10
-29
-65
-59
-54
5
32
35
84
64
53
28
34
25
6
-8
-40
-89
-130
-134
-121
-113
-90
-26
9
25
-2
-42
-89
-139
-192
-204
-193
-181
-151
-100
-80
-81
-51
-53
-56
-80
-105
-136
-152
-176
-189
-191
-207
-193
-166
-129
-72
-45
-8
1
-2
-38
-85
-107
-144
-147
-152
-114
-69
-4
63
99
109
111
90
65
31
16
25
41
81
135
177
215
218
219
215
208
166
138
106
54
27
20
66
115
165
213
254
283
273
236
198
133
101
76
64
73
81
98
96
106
118
107
117
111
97
87
47
-8
-20
-48
-67
-67
-56
-32
-41
-43
-69
-71
-61
-42
-45
-38
-65
-105
-149
-192
-225
-231
-213
-201
-162
-159
-176
-176
-204
-245
-233
-213
-181
-156
-119
-102
-76
-52
-58
-82
-130
-148
-174
-176
-197
-173
-169
-128
-104
-72
-17
-6
19
30
26
12
-16
-25
-5
-32
-22
-10
4
25
32
48
55
58
87
107
131
151
141
138
118
127
134
162
149
163
170
173
183
175
157
146
152
146
150
165
190
209
215
240
239
249
254
227
234
165
125
67
22
-22
-9
-1
19
87
110
161
143
125
68
21
-25
-79
-86
-95
-113
-108
-112
-108
-119
-103
-121
-137
-124
-141
-163
-178
-168
-180
-176
-185
-177
-209
-200
-200
-222
-210
-212
-225
-245
-270
-270
-273
-271
-229
-203
-141
-117
-101
-90
-85
-87
-77
-89
-100
-134
-123
-114
-97
-38
-4
52
75
108
91
96
91
105
95
132
139
146
164
159
173
146
142
130
93
118
142
150
192
222
261
248
274
245
216
157
148
111
80
80
82
89
98
138
134
151
134
109
91
63
50
67
73
87
108
99
80
51
29
-10
-38
-50
-51
-53
-63
-42
-58
-72
-61
-43
-31
-34
-38
-71
-96
-131
-173
-185
-202
-212
-205
-189
-145
-109
-80
-94
-91
-91
-120
-124
-124
-118
-134
-145
-139
-159
-165
-185
-188
-166
-133
-96
-51
-14
-5
-8
-25
-11
-41
-66
-47
-50
-34
-20
-9
-9
-2
1
7
50
70
81
80
101
85
83
113
111
118
118
133
131
111
111
79
87
92
96
109
133
129
140
158
126
122
123
126
117
109
101
75
76
67
58
50
56
49
45
14
26
5
-14
1
-26
-14
-9
-15
-32
-46
-62
-60
-51
-48
-49
-38
-39
-42
-45
-55
-81
-90
-74
-80
-69
-75
-105
-88
-107
-127
-78
-65
-54
-34
-39
-32
-55
-62
-65
-85
-56
-31
-9
-3
8
27
15
10
3
7
-13
-21
-27
-48
-26
-23
-5
1
35
53
45
38
36
14
-10
-4
-13
-14
-33
-11
6
24
64
82
108
105
94
85
44
4
-14
-9
-12
-13
10
35
47
40
28
32
22
12
28
25
25
42
45
72
68
68
64
53
25
-1
-8
-12
-32
-53
-48
-50
-40
-29
-12
13
24
31
17
8
-27
-60
-91
-121
-127
-107
-81
-98
-71
-46
-36
-1
2
-10
-27
-54
-76
-98
-125
-120
-120
-108
-74
-55
-33
-35
-20
-31
-19
-20
-6
-38
-10
-5
14
45
63
105
102
134
96
108
67
57
34
40
53
86
104
125
164
158
156
148
170
153
150
125
109
90
79
81
60
37
30
40
42
52
76
77
49
41
29
-13
-40
-47
-56
-62
-39
-23
-48
-30
-59
-72
-75
-65
-79
-98
-90
-126
-108
-128
-123
-124
-108
-82
-90
-77
-83
-91
-108
-126
-136
-149
-153
-137
-119
-106
-89
-81
-66
-76
-90
-95
-85
-81
-44
-49
-23
-26
-36
-23
-28
-33
-27
-33
-25
-12
-14
-5
10
37
23
50
80
71
82
78
98
99
95
94
81
95
83
110
84
92
107
134
152
166
192
171
197
181
163
155
153
142
156
160
144
133
121
89
73
64
49
58
67
73
63
71
45
38
24
14
13
1
-9
-10
-15
-25
-41
-41
-55
-55
-62
-57
-60
-78
-108
-126
-123
-117
-121
-127
-108
-114
-115
-140
-147
-169
-183
-177
-173
-149
-154
-134
-133
-152
-154
-157
-136
-134
-130
-137
-123
-106
-114
-102
-104
-89
-85
-77
-72
-86
-63
-62
-43
-22
-10
-11
25
31
43
51
41
60
32
56
56
60
56
83
72
80
70
98
126
119
150
150
152
149
157
151
157
160
137
129
122
112
110
124
137
145
147
138
145
117
103
100
122
120
138
123
117
98
53
38
15
0
-4
13
29
29
6
33
10
-7
4
-1
3
5
-2
-6
-26
-75
-111
-140
-155
-160
-155
-134
-137
-118
-101
-116
-116
-113
-118
-107
-109
-110
-131
-147
-176
-183
-193
-190
-158
-147
-96
-70
-53
-63
-84
-108
-118
-87
-71
-61
-22
-18
-8
-8
-15
-12
-15
-9
1
33
37
72
52
70
69
41
59
49
72
92
107
111
119
85
66
60
34
51
65
111
141
180
179
158
145
106
82
63
79
69
82
67
60
57
39
57
53
79
96
101
86
53
4
-19
-49
-39
-45
-37
-10
-24
6
-7
-13
-31
-27
-35
-57
-50
-67
-80
-89
-92
-114
-123
-104
-84
-68
-59
-52
-48
-48
-58
-66
-84
-78
-118
-111
-114
-113
-92
-62
-19
-17
0
-5
-7
-36
-41
-62
-49
-49
-16
-4
14
25
1
-5
-16
-12
-12
17
28
35
45
34
24
28
47
56
76
84
84
73
38
26
17
25
46
64
61
86
79
70
43
68
67
73
88
87
90
66
70
65
40
57
67
67
85
91
88
76
78
31
41
19
-8
5
-17
-16
-18
-10
-11
-14
-7
-17
-35
-54
-54
-64
-70
-55
-39
-55
-76
-75
-81
-84
-83
-95
-83
-95
-91
-68
-91
-60
-64
-55
-48
-33
-45
-49
-57
-63
-47
-65
-60
-74
-83
-74
-56
-51
-56
-52
-61
-66
-39
-46
-45
-21
-21
-19
-16
4
-2
-6
3
6
9
-4
11
11
35
61
73
91
88
83
73
63
75
82
95
103
113
119
125
130
90
87
90
93
107
98
80
87
65
72
71
81
85
90
84
73
76
61
29
6
-13
-12
-13
-4
6
0
7
-18
-3
-36
-40
-65
-60
-64
-74
-69
-80
-83
-99
-84
-79
-94
-81
-81
-97
-91
-101
-109
-118
-85
-85
-99
-61
-67
-83
-87
-78
-100
-112
-88
-64
-70
-60
-39
-15
-18
-19
-4
-9
-6
-8
5
-24
6
-10
8
20
35
54
56
62
55
46
41
58
46
76
103
103
129
118
113
108
73
85
72
89
94
112
124
107
120
103
102
81
71
73
42
47
40
32
20
32
7
5
12
24
27
30
40
-18
-9
-21
-44
-44
-37
-20
-48
-43
-62
-70
-73
-49
-52
-49
-53
-48
-46
-79
-85
-116
-104
-118
-108
-98
-106
-93
-97
-92
-85
-62
-61
-76
-56
-65
-64
-56
-64
-80
-88
-86
-78
-82
-69
-68
-40
-24
-19
-1
17
9
24
20
27
47
29
29
24
35
46
48
53
50
62
53
66
82
74
81
79
67
83
79
74
99
97
117
101
107
87
76
80
45
61
46
66
61
62
58
59
74
76
79
69
83
65
61
43
45
19
15
-1
7
-8
-1
-5
-3
-16
-8
0
-1
6
-7
3
-28
-30
-57
-75
-107
-103
-89
-83
-68
-53
-59
-72
-97
-103
-110
-120
-87
-92
-83
-78
-72
-93
-103
-113
-137
-124
-108
-84
-87
-60
-55
-41
-57
-48
-33
-45
-14
-26
-17
-24
-19
-27
-26
-21
17
47
61
36
7
47
46
60
109
134
130
89
50
79
75
63
115
114
93
86
93
90
76
72
67
72
62
47
45
70
78
66
55
44
19
21
30
52
59
59
54
32
15
-2
-10
-31
-36
-39
-61
-60
-41
-23
-37
-33
-32
-46
-83
-79
-84
-85
-69
-64
-25
-38
-19
-18
-13
-31
-42
-43
-41
-48
-42
-24
-48
-38
-51
-50
-53
-45
-29
-16
-15
-21
-2
-13
-20
-20
-2
-23
-10
-29
-18
-10
-17
7
37
40
32
35
4
-17
-32
-32
-13
3
9
41
46
48
36
20
13
28
34
52
57
62
41
40
37
26
35
42
38
62
53
37
28
2
20
27
14
7
11
13
5
7
-3
-2
3
15
22
22
11
9
1
-14
-9
-15
0
2
2
19
30
17
5
13
-27
-32
-26
-29
-7
-3
1
-9
-41
-45
-51
-44
-25
-5
-3
-9
-1
-22
-50
-46
-49
-65
-47
-43
-42
-50
-50
-49
-48
-58
-29
-12
-4
-7
9
-7
-2
-22
-15
-6
-7
-1
17
23
7
27
7
5
11
22
31
47
32
41
41
36
31
20
28
29
9
28
39
25
41
30
31
35
35
40
37
16
10
6
16
13
24
39
32
28
32
35
32
31
32
12
7
13
4
7
10
17
3
-13
-25
-44
-36
-35
-54
-60
-43
-52
-49
-36
-40
-36
-16
-32
-43
-50
-65
-87
-93
-96
-93
-88
-64
-29
-35
-10
-4
-3
10
10
3
-1
-19
-32
-30
-32
-26
-6
-3
6
18
17
16
30
31
37
44
61
55
58
55
40
35
26
2
-9
1
22
30
36
59
58
63
69
72
76
81
54
49
37
20
10
25
42
26
40
29
27
10
5
7
7
26
32
38
39
45
31
23
0
-20
-55
-43
-42
-49
-33
-61
-42
-62
-59
-44
-45
-22
-22
-6
-12
-23
-40
-58
-68
-80
-70
-59
-51
-60
-47
-56
-65
-58
-52
-41
-32
-27
-26
-18
-22
-38
-34
-44
-32
-18
2
6
25
5
2
6
-9
13
16
45
36
52
35
32
10
-11
2
-9
3
17
30
48
48
72
82
71
73
67
77
54
55
46
46
38
27
45
40
47
44
50
36
37
39
13
23
37
59
45
39
49
41
14
18
18
14
6
12
2
-10
-3
-15
-15
-21
-7
-21
-32
-37
-65
-54
-63
-71
-65
-53
-61
-61
-60
-73
-65
-70
-39
-46
-43
-45
-55
-83
-78
-69
-80
-71
-82
-77
-84
-78
-78
-52
-59
-35
-11
-6
-16
-13
-32
-25
-17
-17
-10
-28
-25
-32
-27
-23
-2
11
22
65
56
66
59
49
30
27
50
45
34
56
60
64
82
73
68
68
73
82
97
106
100
100
103
92
80
74
54
51
41
46
46
40
36
45
65
48
48
55
26
25
24
18
15
5
2
-12
-12
-12
-12
-19
-18
-29
-23
-32
-34
-47
-40
-32
-44
-6
-12
-37
-23
-33
-45
-42
-28
-20
-21
-14
-12
-12
-27
-24
-24
-27
-29
-24
-43
-51
-73
-83
-80
-93
-86
-64
-75
-49
-51
-56
-68
-88
-78
-87
-80
-77
-74
-50
-37
-50
-49
-70
-79
-70
-87
-69
-60
-23
1
9
11
6
-11
-15
-6
2
28
54
52
37
46
26
28
43
43
60
88
96
110
106
96
87
86
100
98
104
106
111
106
92
106
87
103
116
106
113
121
106
100
89
79
67
57
46
23
20
13
17
33
22
4
-4
-14
-33
-28
-22
-36
-41
-50
-86
-72
-85
-99
-95
-80
-81
-73
-79
-86
-83
-98
-74
-81
-40
-61
-44
-71
-76
-97
-109
-74
-65
-24
-15
-18
-27
-47
-52
-52
-41
-30
-11
4
17
11
0
2
-7
-4
-16
9
9
6
9
6
-11
-5
7
12
7
15
24
17
10
1
9
-4
5
8
32
38
38
45
32
13
-1
-13
-12
-11
17
25
23
32
11
31
19
20
37
42
54
61
36
47
31
5
5
25
29
21
24
18
8
4
7
4
15
29
26
36
29
21
12
6
0
-18
-11
-7
10
14
11
3
9
10
8
10
11
8
-11
-7
-12
3
-4
4
6
11
1
-7
5
-15
-10
-13
-8
-19
-20
-27
-11
-9
-8
-21
-29
-23
-27
-1
-10
-4
-11
-22
-45
-59
-64
-53
-54
-23
-21
-10
-4
-11
-18
-18
6
-9
8
0
0
-19
-24
-9
-39
-41
-23
-18
-5
-12
-1
20
12
20
24
1
-4
-20
-10
-15
-18
-6
-6
8
7
10
23
24
31
37
21
23
17
4
25
28
31
48
30
23
20
18
6
16
11
12
8
-3
2
-18
-25
-34
-23
-16
-10
-11
3
-15
8
6
1
18
-7
11
-12
-29
-22
-28
-25
-8
4
7
-1
-4
-18
-15
-28
-8
12
24
35
43
38
26
26
11
28
21
41
44
47
36
34
35
34
38
57
71
58
54
43
25
26
29
9
33
28
14
7
12
-10
-13
-19
-13
-29
-26
-23
-36
-34
-35
-35
-25
-16
-18
-19
-30
-57
-70
-78
-83
-75
-85
-62
-48
-53
-60
-62
-78
-74
-63
-54
-44
-39
-33
-51
-38
-51
-59
-39
-58
-27
-30
-11
-8
-18
-5
-23
-5
-13
-7
-9
0
10
23
25
27
31
39
43
54
59
52
55
66
65
74
73
58
68
75
78
82
99
84
90
74
68
71
55
74
71
68
74
68
54
62
44
54
39
51
36
25
6
2
6
-11
-5
-13
-4
-8
-6
-12
-4
-7
-18
-19
-37
-38
-57
-66
-68
-72
-61
-67
-69
-60
-71
-66
-49
-62
-30
-37
-45
-48
-45
-47
-68
-58
-62
-61
-67
-60
-66
-77
-76
-66
-64
-62
-51
-42
-48
-32
-37
-41
-39
-35
-28
-8
-4
2
7
-7
-14
-36
-17
-9
-15
8
33
46
49
49
46
43
28
36
66
59
78
80
69
60
56
61
37
49
64
59
71
84
87
75
68
71
61
41
41
67
45
70
53
48
42
45
47
47
51
33
35
15
-4
-15
5
-5
5
13
12
8
-8
-11
-5
-25
-20
-21
-13
-21
-33
-43
-59
-72
-75
-64
-58
-60
-41
-35
-43
-68
-62
-57
-65
-59
-41
-47
-49
-43
-67
-70
-59
-58
-45
-48
-48
-53
-39
-37
-57
-35
-27
-36
-27
-21
-35
-18
-3
18
24
9
15
-8
-9
-19
-9
0
26
37
38
47
43
49
42
46
57
60
45
58
58
43
37
37
39
35
46
44
52
40
38
34
24
27
22
21
21
22
26
20
24
18
8
9
4
-4
3
14
9
26
17
27
19
7
0
-8
-18
-9
1
-2
-4
2
-3
0
3
-4
-4
-21
-34
-38
-40
-20
-20
-25
-8
-14
-31
-27
-26
-45
-45
-29
-30
-34
-25
-19
-13
-1
-4
-13
-13
-37
-42
-34
-35
-8
-4
2
-4
-19
-22
-20
-23
-2
-3
21
28
36
27
27
36
15
31
21
35
18
20
20
31
22
34
23
10
22
7
19
2
6
6
6
9
22
35
20
17
9
-16
-31
-42
-55
-50
-24
-18
-1
-10
-20
-10
-34
-30
-39
-17
-25
-39
-16
-30
-47
-28
-30
-44
-29
-22
-23
-31
-26
-29
-23
-15
-17
-23
-5
-10
-9
-7
-5
-2
15
39
26
25
43
21
16
18
21
30
42
48
59
55
40
44
35
38
52
54
51
58
54
48
42
41
34
49
52
65
60
55
42
26
13
-9
-31
-24
-17
-18
-1
10
-8
-2
-1
-4
-13
-3
-6
-26
-38
-35
-41
-60
-43
-31
-35
-16
-2
-22
-18
-30
-30
-20
-26
-16
-18
-22
-9
-18
-20
-14
-24
-28
-30
-14
6
8
3
4
-14
-8
-26
-33
-16
-28
-11
-5
-16
-16
-10
-11
-24
-5
0
-4
3
1
5
2
-2
-8
0
-12
2
-20
4
-7
-3
11
6
9
11
14
4
12
15
7
2
-3
-7
-5
-20
-18
-22
-33
-27
-25
-4
-19
7
1
7
8
2
9
4
13
9
7
2
25
8
4
-12
-13
-16
-2
4
20
32
33
69
62
33
38
27
8
4
7
14
8
25
3
14
7
14
14
20
32
31
45
44
39
36
24
19
28
11
17
7
16
15
-1
-3
2
12
19
25
21
25
12
4
12
-3
-18
-14
-2
-4
-1
9
-17
-21
-23
-35
-38
-22
-23
-12
-7
-14
-23
-31
-52
-64
-69
-63
-44
-37
-37
-39
-41
-54
-62
-68
-71
-45
-51
-40
-21
-36
-40
-58
-40
-60
-49
-39
-18
-13
-11
13
-15
-29
-26
-21
-14
19
31
42
23
29
0
-17
16
13
67
52
77
67
59
42
58
58
59
83
72
76
68
66
48
63
45
61
84
77
83
82
69
64
46
39
37
38
36
25
21
17
14
15
3
30
20
16
12
7
-24
-29
-27
-45
-38
-32
-32
-52
-54
-59
-51
-66
-47
-45
-61
-60
-60
-65
-53
-61
-38
-41
-46
-38
-55
-67
-74
-66
-68
-53
-58
-45
-41
-35
-42
-46
-52
-59
-71
-56
-49
-57
-34
-31
-27
-23
-32
-16
-1
3
19
22
39
9
17
18
21
27
35
19
26
48
32
47
50
64
64
75
82
70
56
56
48
42
50
60
70
52
56
47
59
49
56
73
71
67
67
72
52
54
38
54
31
32
41
9
5
2
5
8
16
8
14
2
15
-10
-14
-17
-38
-42
-51
-47
-50
-43
-44
-50
-56
-44
-51
-52
-64
-65
-52
-64
-66
-67
-63
-68
-50
-69
-70
-67
-82
-61
-63
-38
-42
-19
-3
-7
-2
-11
-3
-20
-7
-17
1
-3
4
-14
-21
-20
-39
-3
-8
15
17
17
26
19
28
27
39
40
43
44
34
50
36
49
56
52
40
30
25
24
28
37
58
56
55
58
48
29
23
35
27
39
49
38
30
20
15
8
15
8
27
10
11
-1
-1
-8
-17
-24
-31
-7
-21
-30
-36
-37
-35
-50
-45
-27
-41
-38
-42
-60
-59
-55
-47
-51
-27
-21
-33
-9
-23
-41
-32
-31
-15
-24
-19
-19
-23
-19
-23
-22
-24
-1
-3
9
20
8
1
-16
-22
-10
-2
14
27
21
24
17
17
25
22
24
28
31
27
19
26
29
27
27
42
59
46
50
46
26
14
26
30
43
42
45
41
43
24
21
15
13
20
16
22
13
6
-2
6
-5
9
-3
35
21
19
-1
-18
-30
-32
-32
-37
-16
-24
-26
-27
-42
-52
-30
-34
-21
-3
7
6
-8
-16
-31
-43
-40
-40
-36
-52
-25
-42
-55
-55
-59
-30
-45
-23
-9
-28
-20
-14
-32
-46
-37
-27
-32
-27
-12
-10
-19
-21
-29
-23
-6
0
8
15
29
25
13
13
12
9
22
11
26
24
30
60
45
53
52
42
52
43
50
58
73
67
67
82
57
60
54
45
24
30
27
10
26
26
37
21
21
22
1
5
-1
8
4
17
1
0
-6
-27
-32
-31
-36
-38
-25
-24
-15
-20
-12
-8
-4
0
-15
-10
-26
-38
-66
-59
-58
-68
-57
-54
-58
-52
-43
-51
-43
-47
-33
-19
-22
-16
-15
-14
-30
-15
-15
-20
-13
-26
-22
-25
-10
-23
13
19
11
22
25
32
24
32
35
46
44
32
26
34
7
8
31
25
49
50
66
45
36
41
23
14
11
27
28
41
36
29
17
22
11
-15
-5
-2
-5
8
14
24
0
4
10
-8
-4
10
23
14
11
8
6
-20
-28
-37
-29
-39
-16
-11
-16
-10
-29
-23
-24
-9
-5
-3
-9
-16
-36
-36
-27
-28
-10
-17
-29
-28
-44
-40
-32
-35
-15
-12
-13
-17
-44
-39
-45
-20
-14
7
13
13
22
-9
-5
-28
-4
-7
-3
-3
7
10
8
20
35
38
49
49
28
32
31
8
-6
0
-2
6
-2
2
-2
-3
11
13
-4
23
8
4
3
-3
5
4
13
14
16
13
7
-8
-3
-9
5
-1
16
37
48
55
58
46
37
24
3
-3
-7
3
0
21
15
29
22
16
10
0
0
18
25
26
34
29
23
-5
2
-7
-9
-24
-6
-12
-28
-12
-33
-18
-48
-46
-36
-39
-29
-23
-35
-39
-38
-55
-60
-58
-49
-51
-46
-30
-34
-19
-10
-13
-16
-12
-20
-20
-24
-15
7
-5
-8
-17
-21
-31
-30
-22
-6
-12
0
27
23
25
41
34
39
32
25
28
23
26
26
36
30
34
26
29
30
37
50
53
61
44
52
38
38
23
21
12
0
8
-5
7
7
15
7
23
13
10
20
10
11
8
9
-12
-9
-27
-18
-35
-28
-26
-40
-34
-24
-28
-21
-32
-18
-25
-15
0
-13
8
-4
-8
-15
-24
-39
-40
-49
-38
-37
-17
-15
-10
-8
-7
13
-10
-1
-8
-9
-15
-10
-27
-15
0
-4
1
-2
0
-9
-2
-3
18
17
28
21
12
4
11
17
10
20
15
38
12
24
1
-9
-15
-17
-3
3
11
13
30
18
9
4
5
-19
-27
-7
-11
-3
-5
5
-4
-12
-3
-14
-2
-3
13
27
43
43
39
39
27
16
5
-4
-7
-15
-16
-18
-19
-13
-22
-10
-2
2
19
26
32
32
23
16
-4
-6
-25
-11
-16
-11
-2
-15
-20
-30
-20
-24
-17
8
24
22
23
17
9
-14
1
-14
5
11
15
16
17
2
-5
7
2
22
36
47
32
37
27
12
-1
-2
-15
-15
-19
-9
-11
-31
-27
-17
-24
-32
-4
-7
5
6
26
10
13
11
4
-4
-10
2
-16
-12
-13
-10
-3
3
6
1
1
-6
-4
-1
-11
8
-12
2
-9
-24
-23
-35
-29
-36
-22
-33
-8
-16
-20
-19
-33
-28
-39
-26
-34
-17
-23
-9
-9
-17
-30
-31
-24
-31
-19
-4
-3
11
9
20
12
7
13
13
24
19
34
25
12
16
2
16
8
26
15
26
30
43
46
39
35
25
27
9
4
-14
-6
-22
-24
-13
-8
-1
24
28
28
30
46
48
31
55
45
27
31
21
2
-9
-17
-14
-6
-13
-6
-10
3
9
25
36
50
49
37
21
15
-16
-21
-38
-24
-12
-12
0
0
11
12
15
17
8
11
1
-7
-5
-43
-34
-44
-47
-41
-52
-50
-53
-38
-34
-4
-11
-3
9
8
-2
5
13
-28
-23
-32
-21
-21
-25
-20
-29
-25
-26
-17
-5
11
9
28
34
12
0
-21
-26
-46
-48
-27
-31
-21
-12
3
10
6
9
7
6
8
10
6
16
10
-5
-4
-27
-27
-27
-28
-24
-10
3
13
16
5
4
1
10
25
38
16
19
7
-12
4
6
22
27
46
24
26
9
-14
-2
-5
25
34
53
48
37
28
17
18
22
36
35
27
27
19
15
6
-7
4
-10
15
25
30
42
36
32
36
25
22
22
10
21
-4
-5
-13
-26
-42
-36
-18
-20
2
3
14
7
-10
-14
0
-13
-28
-37
-41
-50
-65
-51
-55
-49
-25
-21
0
5
-6
10
-10
-4
-15
-11
-10
-26
-22
-32
-41
-50
-49
-38
-26
-13
7
8
10
1
-2
-5
-4
-2
-2
0
2
-15
-26
-39
-49
-32
-32
0
0
23
32
28
23
13
4
4
-9
8
23
5
-3
3
3
-11
11
14
27
46
49
56
56
40
41
31
35
34
42
25
22
-4
-9
-13
-10
7
5
32
16
29
10
9
16
6
13
6
9
-13
-11
-24
-18
-17
-17
10
10
15
5
19
-1
0
9
5
10
3
10
-19
-26
-19
-28
-15
-12
-2
-3
1
5
-10
-3
-12
-10
-2
-1
27
16
14
1
-6
-14
-16
0
-7
-7
-8
-9
-20
-5
-12
-14
-8
-20
-10
-9
-10
-1
1
0
7
8
-3
-12
-21
-28
-34
-33
-20
-24
-24
-20
-20
-15
-21
-15
-24
-16
0
-5
13
15
9
-4
-12
-9
-36
0
-8
4
12
21
26
15
31
7
24
8
25
20
6
4
7
3
-7
9
-2
7
17
15
25
31
29
15
24
-5
0
-14
-18
-21
-14
-14
-25
-2
-7
12
-1
25
11
27
16
31
28
14
24
10
7
-11
3
11
18
15
34
35
27
32
21
6
11
18
21
13
16
11
7
2
1
11
6
23
11
12
13
-10
-14
-18
-14
-30
-31
-19
-24
-31
-13
-21
-13
-16
-13
-6
-29
-15
-29
-31
-43
-46
-48
-38
-41
-16
-6
-5
5
-1
5
-15
0
-18
-13
-24
-25
-33
-29
-35
-43
-20
-34
-8
-16
-6
7
14
11
13
12
7
-7
-21
-8
-3
1
15
5
10
-2
3
-4
2
0
10
21
17
26
27
20
20
16
19
19
15
24
18
22
20
26
18
16
25
9
25
29
31
34
37
33
47
48
33
27
27
32
29
29
24
24
10
7
7
14
0
6
1
1
-23
-7
-7
-15
-17
-12
4
-11
-2
-4
1
-26
-18
-21
-30
-32
-33
-16
-43
-29
-40
-39
-37
-29
-32
-23
-20
-24
-31
-26
-44
-32
-29
-15
-8
-15
-24
-34
-16
-33
-10
-19
5
-14
2
-4
-6
-7
-17
-1
-4
13
21
39
16
23
15
1
1
4
11
10
18
15
26
25
26
33
36
51
36
35
21
11
10
-2
0
11
16
16
18
8
5
4
8
11
20
26
17
14
-1
-6
-10
-10
3
5
20
8
-8
2
-17
-24
-5
-5
-8
-4
0
-20
-21
-32
-29
-19
-22
-16
-13
-5
-30
-12
-20
-19
-10
-8
-12
-3
-22
-9
-3
-17
2
-7
-7
9
-18
-5
-9
-11
-1
5
7
15
6
6
2
0
14
8
19
10
11
12
-2
4
12
9
14
12
21
17
18
19
23
28
28
14
6
-7
-15
-15
-10
-15
3
4
13
24
11
27
16
24
11
21
10
-2
8
-13
-2
-13
-8
-25
-22
-15
-25
-11
-9
0
8
10
-2
-4
-9
-29
-40
-38
-59
-44
-26
-33
-27
-11
-19
2
-3
-9
20
1
10
7
6
-9
3
-9
-3
-13
-11
1
-13
-9
-7
11
4
1
3
11
29
20
35
28
25
26
13
9
10
5
15
15
13
16
18
21
17
12
25
18
3
6
13
-1
16
25
25
14
16
18
-5
1
-14
-14
-16
-1
-11
-11
-14
-13
14
10
35
46
32
19
19
5
-17
-14
-5
-13
-30
-28
-37
-47
-48
-47
-22
-17
-14
-1
-5
-11
-1
-10
1
-12
-14
-18
-39
-30
-38
-31
-31
-17
-10
-15
2
10
4
3
-6
-3
-13
-24
-5
-7
-21
-1
6
5
2
3
3
-2
4
21
29
41
31
37
27
16
28
17
23
7
13
-3
-5
-9
-16
-1
-12
0
-4
3
-14
-10
2
-10
1
4
1
7
14
17
20
19
21
16
9
-3
0
-12
-7
-11
5
8
6
19
12
2
-4
4
-4
13
17
30
34
31
31
5
13
9
10
12
19
23
12
18
20
-4
-1
-4
-4
-12
-10
-7
-25
-19
-15
-24
-18
-10
-7
2
-2
-6
5
-21
-17
-35
-32
-40
-25
-9
-11
1
12
19
3
16
12
11
-4
4
3
-7
-17
-14
-42
-32
-45
-22
-23
-24
-17
-15
-15
-6
1
-4
16
9
13
15
18
1
11
-17
-12
-15
-23
-24
-18
-12
-13
7
9
2
19
22
30
27
15
7
-12
-28
-42
-27
-43
-29
-15
-18
-13
-5
2
0
10
16
25
25
33
25
0
6
-12
-23
-24
-41
-27
-24
-10
10
15
26
43
47
56
67
59
70
57
48
29
25
27
27
15
24
40
33
53
58
52
42
46
47
32
54
50
42
39
18
8
-13
-14
-32
-43
-37
-37
-37
-35
-36
-25
-30
-20
-27
-51
-51
-56
-80
-60
-46
-45
-44
-49
-46
-65
-67
-66
-58
-53
-52
-32
-26
7
0
5
-8
-36
-35
-51
-41
-40
-28
-4
11
7
15
11
4
7
10
22
21
30
36
29
25
8
18
21
28
37
35
35
27
27
31
40
40
45
44
47
31
20
17
24
18
15
28
26
16
3
2
8
17
20
7
20
16
7
3
-5
-11
-23
-10
-13
-22
-31
-17
-26
-20
-21
-20
-5
-24
-12
-29
-18
-23
-23
-1
-4
-5
0
-13
-10
4
4
14
28
28
-4
28
17
21
25
19
39
4
18
-4
-21
15
-3
4
12
42
26
13
26
-4
-14
-10
-6
3
1
20
23
-18
-19
-7
-38
-49
-42
-42
-52
-46
-32
-25
-22
-28
-14
-31
-43
-53
-49
-32
-42
-41
-32
-24
-14
-18
1
16
11
18
23
18
18
42
30
25
21
10
-1
-18
-24
-14
1
18
30
42
49
60
56
58
50
43
30
22
21
14
8
9
-9
-11
-9
-9
-2
12
25
28
45
38
38
19
3
-20
-40
-51
-68
-66
-59
-35
-23
-17
-4
4
6
8
16
25
22
-3
-22
-36
-62
-80
-79
-74
-62
-41
-22
-24
-15
0
0
16
21
29
36
35
39
32
22
-3
-12
-20
-13
-11
13
44
53
67
60
73
52
45
48
39
44
38
41
43
30
19
30
36
30
46
52
47
49
37
32
23
13
6
18
12
0
-9
-6
-23
-30
-29
-43
-30
-39
-45
-38
-23
-22
-16
-22
-34
-49
-55
-60
-83
-82
-87
-66
-71
-67
-57
-58
-64
-59
-51
-56
-40
-50
-42
-33
-45
-51
-54
-61
-59
-73
-48
-35
-24
-20
-4
10
-1
17
11
22
37
20
45
30
7
16
-1
8
23
36
49
61
65
73
81
77
89
92
105
109
104
94
80
64
56
51
51
81
77
84
84
80
82
81
59
62
53
31
26
8
1
-25
-21
-28
-38
-12
-5
-4
0
4
-9
-14
-16
-28
-39
-57
-56
-71
-73
-76
-75
-73
-76
-63
-71
-63
-63
-72
-65
-73
-73
-67
-67
-74
-71
-52
-42
-32
-37
-14
-33
-32
-21
-13
-7
-6
5
8
2
-9
7
8
7
20
30
31
21
23
18
20
8
20
21
15
32
19
35
26
21
13
20
12
35
17
23
31
11
20
6
18
13
19
15
11
16
0
-2
0
-2
-1
2
5
-6
6
1
10
16
22
21
20
15
10
28
18
25
29
18
14
9
14
-4
-7
4
-16
6
-9
-4
9
17
19
11
22
7
12
20
8
10
0
-16
-18
-17
-8
-1
14
18
19
14
8
-4
-26
-37
-37
-36
-40
-33
-32
-35
-30
-34
-28
-20
-27
-9
-5
-8
-14
-26
-21
-25
-28
-45
-31
-35
-37
-19
-24
-20
-29
-22
-18
-18
-6
-10
-4
-13
-22
-18
-15
-6
-5
15
6
20
9
15
24
16
37
14
35
34
42
38
31
37
38
37
29
35
25
20
28
32
23
29
15
24
17
30
30
41
46
42
52
27
34
19
28
23
28
40
21
24
-1
-7
-4
-8
-14
-10
0
2
3
4
-8
-16
-21
-18
-15
-5
-10
-6
-14
-11
-11
-18
-13
-20
-13
-17
-17
-31
-40
-51
-57
-55
-50
-54
-45
-49
-38
-38
-50
-45
-47
-49
-42
-15
-10
-13
-7
-11
-29
-35
-40
-22
-35
-1
6
23
31
38
57
28
47
19
15
1
2
5
8
3
10
18
16
9
13
30
26
44
45
50
27
24
9
11
3
-4
9
-1
2
8
9
15
12
1
7
1
-7
-6
-17
-42
-29
-29
-42
-22
-11
-5
-8
-1
-6
-11
-12
-12
4
-14
-11
-18
-25
-22
-35
-23
-10
-15
-17
0
-25
-17
-9
6
7
31
37
27
27
10
30
9
39
27
45
44
38
33
28
17
15
24
25
37
50
47
53
55
50
57
49
64
46
57
48
30
30
9
13
2
9
22
17
24
18
29
8
14
3
8
-8
-22
-20
-43
-43
-51
-46
-47
-55
-67
-64
-70
-79
-70
-66
-59
-49
-46
-45
-48
-66
-58
-77
-68
-63
-57
-53
-47
-39
-54
-41
-42
-30
-29
-17
-14
-20
-16
-12
-20
-19
-17
-21
-11
-20
-5
2
3
9
22
28
22
44
40
41
53
66
49
40
48
32
37
31
54
41
55
37
48
39
43
52
54
66
62
71
65
65
47
52
43
30
15
11
1
-1
4
10
19
35
51
44
40
38
19
16
-3
-4
-24
-38
-32
-43
-52
-52
-47
-45
-39
-39
-33
-41
-36
-31
-45
-22
-32
-33
-39
-39
-63
-63
-59
-68
-53
-52
-28
-32
-21
-25
-7
-24
-22
-11
-14
-7
-6
0
-6
1
7
3
2
4
9
21
16
14
23
29
10
12
25
12
8
31
38
41
36
37
25
21
17
19
16
-4
-12
0
0
-4
11
6
35
33
42
45
41
52
50
49
36
25
14
2
-5
-5
-1
15
16
33
29
39
30
30
26
29
20
34
13
8
-8
-11
-10
-44
-36
-44
-56
-54
-41
-37
-33
-19
-8
-24
-14
-14
-30
-46
-48
-60
-64
-70
-63
-64
-61
-53
-48
-48
-40
-42
-45
-28
-24
-23
-18
-7
-6
-10
-6
-2
-8
6
-4
5
-2
-3
1
-16
-17
-15
-8
2
1
19
32
40
24
40
30
20
37
26
37
29
29
26
19
14
8
14
36
37
58
59
52
64
74
46
42
44
14
13
9
17
10
3
9
-16
0
7
10
23
30
46
48
44
43
28
3
9
-6
-17
-20
-31
-33
-28
-24
-35
-22
-25
-14
-21
-10
-5
-6
0
-11
-13
-13
-11
-13
-16
-20
-12
-22
-7
-21
-28
-33
-20
-29
-16
-10
2
11
7
10
5
8
-13
0
-5
-8
-12
-15
-10
-15
-3
-6
-9
-5
9
13
13
30
28
28
25
25
3
9
-7
-4
-3
4
0
10
13
-10
-1
-21
-18
-16
-12
-4
-2
7
8
-12
-4
-29
-34
-45
-45
-36
-31
-40
-33
-17
-50
-49
-44
-46
-38
-25
-16
-14
-7
-11
-18
-20
-29
-28
-14
-6
-9
8
16
9
11
12
11
8
21
10
32
33
44
49
42
36
39
36
35
50
38
55
43
49
42
46
42
35
41
32
43
45
35
33
40
30
31
31
18
29
13
14
2
2
-1
-8
4
-20
-9
-30
-32
-27
-25
-14
-12
-7
-11
-20
-29
-22
-26
-23
-31
-26
-27
-35
-43
-25
-36
-22
-3
2
14
0
13
-17
-16
-27
-29
-30
-30
-15
-9
-5
-2
-6
-1
0
6
20
16
6
2
-2
-10
-10
-14
-14
-15
0
-10
-8
-12
-3
-6
-1
21
20
12
0
-6
-20
-24
-33
-20
-26
-21
-21
-16
-15
-13
6
15
18
38
32
26
19
10
10
4
-1
-18
-20
-13
-20
-13
-12
-5
8
15
29
29
29
12
13
12
15
-9
-6
-15
-17
-21
-18
-16
-20
-18
-8
14
9
13
17
5
1
13
10
11
0
9
5
16
19
17
22
18
28
41
34
35
49
37
40
40
55
49
44
50
36
30
16
-1
4
-6
4
5
-2
1
-5
-10
-17
3
-2
-1
12
-2
-17
-31
-36
-51
-53
-65
-56
-41
-40
-32
-25
-21
-26
-31
-23
-21
-28
-24
-21
-33
-49
-37
-45
-48
-37
-42
-23
-8
0
-4
-4
-2
2
7
11
10
9
6
-3
-9
-20
-6
-12
-8
5
19
31
31
31
33
34
35
36
34
32
23
8
-4
-10
-21
-5
-4
9
21
13
8
-8
-7
-10
-6
8
16
11
17
11
-3
-11
-22
-4
-13
3
5
8
2
-5
-3
-6
4
14
24
25
17
18
5
4
2
1
17
2
20
17
19
24
15
26
23
40
43
36
40
28
28
26
28
24
24
25
23
35
12
9
11
3
9
9
6
-3
-9
-14
-27
-15
-4
-20
-15
-32
-32
-53
-49
-61
-61
-49
-58
-46
-50
-39
-39
-40
-40
-34
-47
-52
-44
-63
-57
-49
-53
-55
-47
-27
-32
-14
-24
-17
-21
-18
-9
-22
-10
-12
-3
0
-7
6
3
0
1
3
26
19
16
18
30
32
34
51
52
45
52
45
36
36
42
45
53
63
63
48
41
36
35
52
53
75
63
43
50
26
27
38
38
53
56
43
44
45
33
29
35
41
29
15
5
-8
-19
-21
-22
-28
-17
-15
-31
-38
-48
-60
-60
-66
-49
-41
-40
-25
-54
-62
-76
-66
-81
-69
-47
-45
-40
-43
-46
-43
-36
-32
-28
-16
-5
-7
-11
-22
-17
-25
-27
-20
-10
-3
-7
3
6
-3
8
28
19
29
31
20
29
18
13
13
23
23
21
27
16
21
10
2
5
3
11
13
14
6
-1
-5
0
-2
7
15
10
13
2
5
-8
-12
-1
-1
8
12
22
4
11
23
14
7
8
2
-11
-13
-12
-9
-8
-4
9
15
9
13
22
3
16
13
19
8
18
21
-2
14
7
5
-4
3
5
-5
-6
2
6
6
17
17
13
6
8
-3
-2
-5
-1
-3
6
9
15
14
13
8
-8
2
-5
-12
-9
-10
-7
-6
-10
-8
-11
-11
-19
-12
-4
-13
4
-2
-7
-13
-11
-16
-25
-13
-19
-24
-17
-1
-3
1
9
12
0
-4
0
5
-16
-10
-8
-15
-15
-16
-18
-15
-23
-20
-7
-17
1
-9
14
-5
4
6
1
-3
-7
1
-22
-12
-24
-22
-23
-22
-20
-6
-6
0
2
4
-1
-1
3
-1
12
9
33
15
44
13
9
13
0
17
13
32
20
30
26
28
11
19
-5
19
18
19
30
9
18
-6
5
-8
10
3
12
21
12
15
1
6
2
5
10
14
-1
0
6
-6
15
12
20
15
14
17
4
4
4
15
6
2
22
-15
-5
-17
-10
-2
-4
9
18
17
21
25
13
14
7
7
-5
5
-13
-22
-35
-37
-39
-42
-36
-43
-58
-59
-48
-54
-49
-46
-31
-33
-29
-34
-39
-38
-49
-50
-48
-55
-59
-43
-37
-32
-34
-19
-4
-15
2
15
6
4
20
2
0
16
10
21
14
35
21
36
32
35
42
40
60
48
76
56
72
59
43
36
24
30
33
40
44
32
38
17
18
21
26
40
46
52
28
31
29
6
11
2
11
13
-3
3
-3
-16
-26
-21
-34
-40
-56
-33
-41
-31
-20
-13
-22
-27
-31
-27
-28
-32
-24
-24
-21
-26
-20
-48
-40
-37
-35
-28
-16
-6
-4
10
-6
-3
-3
-4
-3
1
1
12
13
5
11
16
19
19
22
15
25
8
4
4
-6
2
1
9
9
13
6
3
-8
-12
-19
-9
-12
-4
-2
-11
-14
-17
-4
-8
8
14
14
10
11
4
4
8
17
20
17
8
-10
-14
-14
-7
-13
3
16
0
8
5
-4
11
20
15
27
16
19
18
1
13
5
12
2
1
-11
-17
-18
-13
3
-1
5
8
-8
-7
-4
-17
-12
-13
-10
-15
-8
-16
-3
-16
-7
12
2
15
19
20
11
17
8
1
-19
-7
-18
-10
-9
-12
-3
-19
-2
-7
2
17
10
13
11
12
-3
1
11
17
13
25
16
15
13
14
16
-12
-6
-6
1
-8
-11
-15
-9
-8
-18
-1
-11
-5
-18
-14
-11
-9
2
-5
-4
-6
-7
-26
-16
-37
-24
-16
-4
1
5
-1
-13
-12
-26
-27
-19
-6
-4
3
4
3
-11
-4
-10
-3
18
9
16
17
3
-15
-4
-9
3
8
8
14
-2
11
-2
-8
7
16
17
18
23
10
0
-4
-12
-5
5
12
30
30
22
24
23
23
29
29
36
29
25
18
17
-1
18
27
23
33
22
17
15
1
7
13
16
22
16
23
6
1
-2
-11
-7
5
18
27
19
14
15
-7
-18
-26
-35
-30
-24
-19
-18
-33
-35
-33
-37
-41
-26
-17
-29
-24
-23
-37
-44
-47
-41
-38
-44
-36
-51
-54
-63
-58
-44
-42
-30
-22
-24
-28
-27
-23
-13
-23
-12
-18
-11
-11
-9
-5
1
20
19
25
37
40
37
36
42
45
47
49
45
45
51
36
45
42
36
41
39
57
45
50
48
43
40
48
42
45
38
25
22
9
6
-6
-10
-7
-13
-6
-4
-14
-7
-10
-2
-9
-8
4
-14
0
-18
-12
-18
-38
-40
-41
-37
-32
-27
-20
-10
-16
-6
-32
-28
-28
-42
-33
-15
-32
-27
-26
-25
-17
-33
-30
-23
-28
-28
-15
-8
2
17
18
26
28
14
1
-5
-1
-4
7
7
6
8
5
12
18
12
13
35
38
31
31
32
31
12
11
7
20
10
4
16
3
8
4
10
5
5
13
13
11
14
11
11
9
12
-4
-15
-13
-18
-23
-20
-6
-9
-7
-1
-4
-1
-8
-3
-11
0
1
7
1
-3
-2
-9
-9
-12
-20
-4
2
16
13
20
9
5
0
-2
7
-3
7
-5
0
-11
-13
-17
-12
-18
-14
3
11
4
6
6
-8
-1
-16
-21
-29
-25
-29
-18
-7
-20
-1
-13
-14
-14
-9
-9
-6
0
1
-5
-2
-3
0
-9
8
-3
10
14
14
13
15
24
7
6
19
17
20
37
26
38
27
31
20
19
25
16
26
21
25
12
21
-3
1
10
3
9
11
13
3
0
-26
-11
-26
-35
-33
-31
-14
-33
-2
-15
-9
-13
-11
-14
-26
-17
-30
-24
-18
-21
-22
-27
-34
-33
-45
-36
-39
-25
-30
-15
-6
-9
-3
-4
-11
-10
-13
-6
-6
-12
9
1
-2
3
15
18
21
32
29
37
35
26
23
34
28
36
39
46
49
45
49
42
49
43
47
47
43
30
33
26
23
13
17
16
4
14
4
0
15
14
16
10
8
-5
-15
-15
-26
-23
-26
-35
-44
-39
-45
-39
-35
-36
-20
-18
-21
-23
-19
-38
-29
-22
-27
-20
-25
-27
-41
-41
-41
-55
-54
-54
-46
-37
-17
-19
-18
-30
-28
-28
-31
-34
-32
-21
-23
-35
-33
-24
-13
-15
-2
11
-4
9
3
22
21
23
41
38
50
57
42
50
51
35
52
58
69
70
78
76
66
66
68
66
68
69
81
68
68
71
66
53
65
49
41
34
14
16
-15
1
-1
-4
-1
-4
-7
-19
-24
-20
-22
-30
-32
-43
-51
-62
-60
-68
-77
-75
-76
-78
-80
-67
-78
-66
-60
-54
-61
-67
-62
-72
-65
-51
-43
-54
-46
-54
-50
-40
-34
-21
-18
8
4
7
13
17
22
12
13
26
12
19
22
38
44
43
49
41
30
31
24
36
24
38
47
37
47
36
43
44
41
42
44
26
22
22
22
27
33
22
18
12
4
-2
-1
-7
0
4
7
11
16
7
7
-1
-25
-25
-36
-34
-35
-26
-23
-8
-15
-21
-12
0
1
-14
-1
-9
-22
-22
-12
-27
-21
-7
-21
-16
-28
-14
-23
-12
-3
8
16
28
18
19
13
6
21
12
30
24
27
25
5
5
-1
-18
3
-7
7
14
15
18
22
26
14
23
9
13
-3
-2
2
-14
2
-10
-24
-38
-21
-23
-28
-6
0
10
13
16
2
14
7
6
1
-19
-10
-14
-4
-10
-5
-12
-11
-4
-1
-12
-5
2
5
19
5
16
12
2
2
-12
-16
-33
-43
-36
-41
-35
-34
-39
-40
-27
-21
-13
-12
-11
-10
-13
-12
-9
-14
-15
-21
-4
3
4
8
5
-1
3
17
21
27
36
36
28
25
21
25
15
11
24
19
14
18
18
32
35
29
26
29
10
15
15
14
9
16
19
11
9
-6
14
-9
14
-5
9
3
-5
-8
0
5
-3
9
0
9
7
11
4
11
-1
-6
1
-6
-7
-7
-5
-8
-18
-8
-11
-27
-17
-20
-24
-10
-12
-20
-20
-14
-13
-15
-16
-21
-19
-21
-10
-4
4
-7
-4
-4
-15
-15
-5
-12
-13
-12
-15
-9
2
-1
-1
16
9
5
8
-10
10
-12
-16
-3
-10
-5
-3
5
2
25
16
27
22
4
6
1
-1
-2
-9
-11
-20
-23
-16
-14
-20
-10
0
-1
4
5
16
-13
0
-3
13
0
0
5
-2
2
6
17
28
26
29
30
32
41
34
46
35
46
46
31
23
12
5
3
10
7
17
18
31
17
15
30
13
18
16
10
14
20
3
-5
-8
-31
-22
-17
-20
-22
-17
-18
-30
-29
-44
-43
-42
-41
-24
-23
-19
-25
-30
-31
