0
0
-1
0
0
0
0
-1
0
0
0
0
0
0
0
0
0
0
0
0
0
0
-1
0
0
0
0
0
0
0
0
0
1
0
-1
0
0
0
0
0
0
0
0
0
0
0
0
0
0
0
0
0
0
0
-1
0
0
0
0
0
0
0
0
0
0
0
0
0
1
0
0
0
0
0
0
0
1
0
0
0
1
1
0
0
0
-1
1
1
0
0
0
0
0
0
0
1
0
0
0
1
0
0
0
0
0
-1
0
0
0
0
0
0
0
0
0
0
-1
-1
-1
0
0
0
0
-1
0
0
0
0
0
0
0
0
0
1
0
1
0
0
0
0
0
0
1
-1
0
1
-1
0
0
0
0
0
0
0
-1
0
0
0
-1
0
-1
0
0
0
0
0
-1
0
0
0
0
0
0
-1
0
0
0
0
0
0
0
0
-1
-1
0
0
0
0
0
1
0
0
0
0
0
-1
0
0
0
0
0
0
0
0
0
1
0
1
0
0
1
-1
1
0
0
0
-1
-1
0
0
0
-1
0
-1
0
0
0
-1
0
0
0
0
1
0
0
0
0
0
0
1
0
1
0
0
0
0
0
0
1
0
0
0
1
1
0
0
0
0
0
0
0
0
-1
1
0
0
0
0
0
0
0
1
0
0
-1
0
0
0
-1
-1
0
0
1
0
-1
0
0
0
0
0
0
-1
-1
0
0
-1
1
0
1
0
0
0
0
0
0
1
0
0
0
-1
0
0
0
0
0
1
-1
0
0
0
0
0
0
0
0
0
1
0
0
0
0
0
0
-1
0
0
-1
0
0
-1
0
0
0
0
0
0
0
0
1
0
0
-1
1
0
0
-1
-1
0
0
0
1
-1
0
0
0
-1
1
0
0
0
1
-1
0
0
0
0
0
0
0
0
0
0
0
-1
0
0
0
0
0
0
0
0
0
0
1
-1
0
0
-1
1
0
0
0
0
0
0
0
0
0
0
0
0
0
0
-1
0
0
0
0
0
0
0
-1
0
0
0
-1
0
0
-1
-1
0
0
0
0
0
1
1
-1
0
-1
0
0
0
0
0
0
0
0
1
0
0
0
0
-1
1
0
0
1
0
0
0
0
0
1
1
0
0
0
0
0
-1
0
-1
1
0
1
0
0
1
0
0
1
0
0
0
1
-1
-1
1
0
0
0
-1
0
0
1
0
0
0
0
0
0
-1
0
0
0
-1
0
0
1
1
-1
0
0
0
0
0
0
0
0
0
-1
1
0
0
1
0
0
0
0
1
-1
0
0
0
0
-1
1
0
0
-1
0
0
0
0
0
-1
0
-1
1
0
0
1
0
0
0
0
0
0
0
0
-1
0
0
0
1
0
1
0
0
0
0
-1
0
0
1
1
0
0
0
-1
-1
0
0
0
-1
0
0
1
0
1
0
0
1
0
0
1
0
0
0
0
0
0
0
0
0
0
0
-1
1
0
0
0
0
0
0
0
0
0
0
-1
0
-1
0
0
0
0
0
-1
0
0
0
1
0
0
0
0
0
0
0
0
0
-1
1
1
-1
0
0
0
0
0
0
0
0
0
0
0
0
0
-1
0
0
0
0
0
0
0
0
-1
0
0
0
0
-1
0
-1
0
0
0
0
0
-1
0
0
-1
0
0
0
1
0
0
0
0
0
0
1
0
0
0
0
0
1
0
0
0
1
1
0
0
0
0
0
0
0
0
1
1
1
0
0
-1
0
0
0
-1
-1
0
0
0
0
0
0
0
0
0
0
0
0
0
0
0
0
0
0
0
0
0
1
1
1
0
-1
0
0
0
0
0
0
1
-1
-1
0
0
0
0
0
1
0
-1
0
0
0
0
0
0
0
0
-1
0
0
0
0
1
0
0
0
0
0
-1
1
1
0
0
0
0
1
0
0
0
0
0
0
0
0
0
0
0
0
1
0
0
0
0
0
0
1
0
0
0
0
0
0
0
0
0
0
1
0
-1
0
0
0
0
-1
0
0
0
0
0
0
-1
0
0
-1
0
0
0
-1
1
0
0
0
0
0
0
0
0
0
0
0
0
0
-1
0
-1
0
0
0
0
0
0
0
0
0
1
0
0
0
0
0
0
0
0
0
0
0
1
0
0
0
0
0
0
0
0
0
-1
0
0
1
0
0
0
0
0
0
0
1
0
0
0
0
0
0
-1
0
1
0
0
0
0
0
0
0
0
-1
0
0
0
0
0
0
0
0
1
0
-1
0
1
0
0
-1
0
0
0
0
-1
0
0
0
0
1
0
0
0
0
0
0
0
0
-1
0
0
0
0
0
0
0
0
0
1
0
0
0
0
0
1
0
0
1
0
1
-1
0
0
0
0
0
0
0
0
-1
0
-1
-1
0
0
0
0
0
0
0
0
0
0
-1
0
-1
0
0
0
0
0
0
-1
0
0
0
0
0
0
0
0
0
0
0
0
0
0
0
0
0
1
1
0
-1
0
0
0
0
0
0
0
0
0
0
0
0
0
0
0
0
1
0
0
0
0
0
1
0
0
0
0
0
0
0
-1
-1
0
0
0
0
0
-1
-1
0
0
0
-1
1
0
0
-1
0
0
0
0
0
0
0
0
0
0
0
0
0
0
0
0
1
0
0
-1
0
0
0
0
0
0
1
0
0
-1
-1
0
0
0
0
-1
0
0
0
0
0
1
0
0
1
0
1
0
0
0
0
0
0
-1
0
0
0
0
0
0
1
0
0
0
0
0
0
-1
-1
0
-1
0
0
0
0
0
0
0
0
0
0
0
0
0
0
-1
0
0
0
0
1
0
0
0
0
0
0
0
0
0
0
-1
1
-1
0
0
0
0
0
0
0
0
1
0
1
0
0
0
1
-1
0
0
0
0
0
0
0
0
0
0
-1
0
0
0
0
1
1
0
1
0
0
0
0
0
0
0
0
0
0
-1
-1
-1
-1
0
0
0
0
0
-1
0
0
0
0
0
-1
0
-1
0
1
0
0
1
0
0
-1
0
-1
0
0
0
-1
0
1
-1
0
0
0
0
-1
0
1
0
-1
1
1
0
1
-1
0
0
1
0
0
-1
1
0
0
1
0
0
0
0
1
0
0
0
0
1
0
-1
0
-1
0
1
0
1
-1
0
1
0
0
0
0
0
-1
0
0
0
0
0
0
0
0
0
0
-1
0
1
0
1
0
-1
0
0
1
0
0
0
0
0
0
-1
0
-1
0
0
0
0
0
0
0
1
0
1
0
0
0
0
0
-1
0
0
0
0
0
-1
0
0
0
0
0
0
1
0
0
0
0
1
0
0
0
0
0
0
0
0
0
-1
0
1
0
0
0
0
0
0
0
0
0
0
0
0
0
0
0
-1
1
0
0
0
-1
0
0
0
1
0
0
0
-1
0
0
0
0
1
1
0
1
0
0
-1
0
-1
0
0
0
0
0
0
0
0
0
0
0
0
0
1
0
0
0
0
0
0
0
0
0
0
0
0
0
0
0
0
0
0
1
0
0
0
1
0
0
0
0
0
0
0
0
1
1
0
0
1
0
0
0
0
0
1
0
0
-1
1
0
-1
-1
0
0
0
0
0
1
0
1
0
0
0
1
0
-1
0
-1
0
0
-1
0
0
0
-1
0
0
0
0
0
0
0
0
1
-1
0
0
0
0
-1
0
0
0
0
0
1
0
0
0
0
0
0
0
0
1
1
0
0
0
0
0
0
0
0
0
1
0
-1
0
0
0
0
0
0
0
0
0
0
1
0
1
1
1
0
0
0
0
0
0
0
0
0
0
0
0
-1
0
0
0
-1
0
-1
0
0
0
0
0
0
0
-1
1
-1
-1
-1
-1
-1
0
1
1
1
0
1
1
0
0
0
0
0
1
1
0
1
1
1
1
0
1
1
0
1
0
0
0
0
0
0
-1
0
-1
0
-1
0
-1
0
-1
0
0
-1
-1
-1
0
-1
-1
-1
-1
-1
-1
-1
-1
-1
-1
0
-1
-1
0
0
-1
0
-1
-1
-1
-1
0
0
1
1
0
0
1
-1
1
1
1
0
0
1
1
1
0
1
1
1
1
0
1
1
1
1
1
1
1
1
1
0
1
1
1
1
1
0
0
0
1
0
0
1
1
1
1
0
0
0
1
0
0
-1
0
-1
-1
-1
-1
-1
-1
0
0
-1
-1
0
-1
-1
0
0
-1
-1
-1
0
0
-1
0
-1
-1
0
0
0
0
-1
-1
0
0
0
0
0
0
-1
0
0
-1
-1
0
0
-1
-1
0
0
0
-1
0
-1
-1
-2
0
0
0
0
-1
-1
-1
0
0
0
0
0
0
0
0
0
1
0
0
0
1
0
1
0
0
0
0
0
1
1
1
1
0
0
1
1
1
1
1
1
1
0
1
0
1
1
0
1
1
1
1
1
0
0
0
1
0
1
0
0
1
1
0
0
0
0
0
0
0
0
0
1
-1
0
0
0
1
0
0
0
0
-1
0
-1
-1
0
-1
0
0
0
-1
0
0
0
-1
-1
-1
-1
-1
-2
-1
-1
0
0
0
-1
-1
-2
-2
-1
0
0
-2
-1
0
-1
-1
-2
-1
0
-1
-1
-1
-3
-3
-2
-2
-1
-1
0
1
1
1
1
0
1
2
1
1
1
0
0
0
1
1
0
1
2
1
2
2
1
1
1
2
1
1
4
2
2
2
2
1
-1
-2
0
-1
0
0
1
1
-1
-1
-1
0
-1
-2
-1
-1
-7
-6
-6
-8
-5
-6
-3
-3
-2
-2
-2
-2
-1
-2
0
-2
-4
-5
-6
-4
-7
-1
2
3
1
2
0
-3
-3
-1
-2
2
-5
-4
0
-3
1
-3
8
5
7
10
10
7
3
5
4
0
5
0
3
2
5
4
4
3
5
-1
0
4
-1
10
0
12
9
15
17
18
17
15
12
13
5
17
12
22
27
19
25
11
19
12
22
16
21
14
14
5
-2
1
-8
-13
-1
-4
2
3
-9
-16
-56
-35
-44
-47
-32
-23
-38
-50
-45
-29
-57
-47
-45
-51
-38
-33
-24
-29
-41
-30
-27
-7
-12
-4
0
-7
-16
-20
-10
4
24
21
37
22
32
19
18
5
18
31
18
23
6
15
-2
16
8
27
53
53
63
23
24
17
11
15
20
43
38
23
38
26
8
26
20
27
16
10
16
-4
-3
-43
-13
-15
-15
-26
-22
-1
-19
-27
-29
-28
-44
-43
-38
-30
-46
-21
-25
-29
-33
-18
-21
-21
-9
-3
3
2
13
18
17
27
29
22
30
20
11
11
28
35
42
46
60
44
29
45
35
26
50
51
42
38
18
34
3
5
12
25
27
35
8
0
-1
-19
-24
-13
-16
-39
-20
-32
-57
-59
-66
-49
-60
-45
-51
-43
-42
-72
-51
-45
-43
-54
-60
-68
-59
-55
-51
-22
-30
-7
-12
-26
-21
-48
-29
-13
-11
-11
13
-9
8
6
-2
9
24
5
9
16
4
7
-9
5
18
15
41
45
38
37
28
38
16
34
32
38
49
56
64
27
25
-2
19
2
21
46
38
55
48
49
15
29
40
21
49
53
50
29
36
5
-4
1
19
15
19
35
26
2
-14
-23
-21
-14
-4
5
3
-3
16
8
-13
-14
-15
-18
-18
-21
-27
-22
-35
-16
-34
-16
-23
-23
-11
-16
-19
-34
-25
-15
-29
-24
-15
-40
-39
-52
-53
-46
-26
-30
-4
-8
-14
-15
13
2
20
10
9
1
-4
-21
-28
-39
-32
-31
-5
14
-2
-9
-24
-24
-55
-28
-35
5
-17
14
-8
-18
-20
-32
-7
-23
-5
-8
6
-9
1
-12
27
21
33
16
31
45
47
47
18
30
3
8
14
18
18
18
57
39
33
28
40
11
16
31
40
41
30
56
20
43
30
27
17
42
26
22
50
41
17
2
19
19
26
-18
-3
2
-9
-1
29
19
17
-6
20
-8
-35
-5
-50
-19
-14
-20
-7
-21
-17
-33
-32
-22
-22
-28
-37
-57
-60
-66
-74
-60
-43
-26
-18
3
-15
-33
-15
-31
-9
-3
7
-16
-33
-39
-60
-67
-59
-19
-7
10
27
14
0
-36
-11
-6
5
18
4
7
-13
-29
-44
-38
-28
-33
1
-9
3
15
-5
7
26
20
29
34
15
12
0
-9
-12
23
27
27
40
45
47
39
34
43
23
40
47
51
49
52
36
13
16
9
7
11
37
15
38
51
54
65
29
57
38
63
50
40
47
36
13
14
10
2
4
4
13
7
10
8
-6
-10
0
-19
-22
-35
-43
-42
-58
-48
-37
-48
-48
-53
-37
-53
-51
-49
-50
-43
-65
-54
-60
-43
-33
-20
-17
-15
-19
-32
-16
-9
-3
7
5
10
13
11
1
11
-5
15
15
20
20
28
-10
-3
-30
-33
-24
-11
-2
-5
-3
-18
-22
-42
-28
-42
-25
-18
2
-24
-23
-25
-41
-9
-20
-21
-11
-12
-28
-19
-7
-4
9
-2
-5
1
11
23
34
24
41
43
62
37
42
40
37
29
29
41
50
66
75
102
83
88
70
59
56
59
72
55
52
44
-6
-1
-11
-13
-9
14
33
21
33
32
18
-3
-8
-30
-33
-48
-42
-52
-68
-68
-62
-54
-59
-51
-44
-42
-34
-7
-12
-29
-25
-18
-34
-15
-26
-43
-20
-37
-36
-22
-34
-24
-9
5
-10
-9
24
9
2
15
12
3
-7
-22
-4
-12
-13
10
-11
12
8
13
27
10
39
30
44
29
9
2
-15
-1
-16
-16
1
5
10
13
16
11
2
3
-1
-28
-9
-21
-39
-23
-21
-3
-22
-4
-20
-22
-2
-16
-10
-10
2
21
31
4
11
4
17
10
10
42
24
4
-9
-15
-38
-28
-6
22
28
44
52
45
42
46
43
32
41
33
20
25
16
20
21
21
8
14
19
24
21
34
25
21
6
-19
-21
-42
-30
-37
-27
-22
-35
-31
-22
-40
-36
-15
-5
-14
6
-20
-23
-40
-69
-52
-79
-66
-53
-45
-39
-14
-13
5
-5
3
2
-10
-13
-11
-14
-13
-9
-14
-31
-43
-23
-36
-19
0
3
24
23
39
28
23
19
16
-8
13
17
10
11
4
12
18
17
30
34
57
50
72
76
57
86
75
63
60
40
32
22
15
31
39
54
48
58
33
39
21
15
20
1
21
2
-11
-20
-31
-33
-28
-29
-33
-42
-34
-38
-39
-17
-21
-1
-2
5
-2
-31
-27
-40
-59
-73
-65
-42
-35
-46
-34
-37
-32
-45
-39
-27
-34
-18
-22
-38
-49
-47
-46
-53
-53
-31
-37
-29
-17
-21
-14
1
-5
5
-5
-4
29
13
23
11
7
-25
-12
12
-17
2
14
26
21
17
23
24
54
48
44
52
28
23
19
24
25
70
70
55
54
46
33
33
36
25
36
22
18
6
2
-13
-4
-6
-8
-10
-5
3
12
17
17
7
-24
-28
-29
-57
-34
-19
-12
-4
-10
-2
-20
-11
-5
0
26
38
46
24
34
21
15
50
35
40
54
39
39
45
32
11
37
22
21
19
17
25
6
-5
0
11
16
-10
-4
-28
-11
-35
-32
-18
-30
-34
-37
-17
-46
-20
-47
-54
-60
-52
-53
-44
-53
-66
-55
-63
-35
-35
-25
-27
-36
-36
-61
-55
-68
-45
-53
-45
-43
-39
-40
-41
-48
-55
-48
-52
-35
-21
4
19
32
16
26
16
3
21
15
39
21
39
25
6
6
26
39
49
80
88
92
76
59
48
33
36
33
36
51
47
52
54
47
49
46
55
54
64
66
34
16
19
11
17
23
18
0
18
9
2
-5
-31
-32
-36
-22
-23
-17
-24
-41
-54
-32
-25
-30
-9
-9
-16
-16
1
4
3
7
17
26
20
10
3
9
-5
6
-3
-7
0
8
3
-27
-6
-32
-8
-23
-10
-13
-4
-8
2
-12
-31
-26
-43
-34
-32
-30
-22
-22
-49
-55
-65
-62
-54
-39
-26
-29
-24
-16
-20
-19
-33
-37
-38
-46
-5
-16
-16
20
2
15
4
6
9
1
9
23
32
47
46
36
32
30
13
45
48
30
45
31
37
12
19
16
12
32
27
26
13
32
28
18
18
32
28
40
33
19
18
4
18
5
7
4
1
-1
-15
-8
-9
-10
2
31
17
42
21
-10
-11
-29
-22
-9
-8
-6
-5
-10
-34
-32
-37
-43
-21
-16
-2
-11
-9
-37
-42
-34
-40
-16
-7
-8
2
1
0
1
-2
-6
14
4
13
26
23
18
11
-4
2
14
5
21
32
23
29
36
25
12
1
6
1
4
-28
-17
-17
-46
-23
-52
-54
-44
-44
-26
-25
-16
-22
-22
-23
-13
-4
-31
-23
-43
-26
-9
0
24
0
-3
4
14
-6
9
21
10
10
14
17
-1
10
-23
3
11
11
20
26
11
-1
10
10
19
16
34
21
21
-1
-13
15
-3
-2
7
17
11
7
6
-5
-3
-4
4
13
19
4
26
8
18
6
11
17
19
55
48
40
47
22
17
5
15
23
21
33
33
6
-1
19
10
11
-5
-2
0
-19
-20
-16
-20
-3
-13
-25
-52
-50
-57
-62
-55
-56
-32
-29
-10
-23
-19
-35
-42
-30
-21
-32
-7
-1
-26
-11
-48
-46
-34
-7
-15
8
20
0
-7
-18
-32
-17
-2
10
28
30
40
16
13
-5
7
29
19
30
27
5
9
20
11
20
31
54
52
37
53
39
2
26
22
-9
18
26
14
17
31
20
13
1
-8
13
6
9
1
1
-8
-23
-21
-36
-32
-32
-28
-10
-11
7
-7
-9
-20
-53
-46
-29
0
-3
-7
3
1
1
6
15
20
22
27
16
11
6
-6
-17
-23
-15
-20
-16
-17
-37
-8
-27
-25
-10
-23
4
14
17
4
20
-2
-16
-2
-1
4
7
9
-3
-4
-6
-19
13
4
15
40
22
14
7
11
-6
1
27
24
16
14
7
-3
-6
-1
15
22
27
49
46
33
25
26
3
11
2
-2
-30
-35
-41
-53
-35
-38
-25
-18
-7
2
9
3
4
-18
-28
-20
-24
-35
-33
-30
-22
-48
-50
-64
-42
-39
-13
-5
3
7
-14
-38
-35
-35
-44
-13
-14
3
-1
-21
-14
-27
-5
35
39
76
71
65
41
20
1
1
31
47
78
62
83
55
39
45
56
63
77
86
92
75
54
57
32
21
27
36
22
18
22
-12
-12
-23
-11
-9
1
12
0
1
-6
-34
-38
-46
-64
-49
-48
-52
-57
-61
-73
-72
-78
-44
-51
-37
-41
-36
-55
-51
-65
-67
-58
-66
-59
-55
-33
-42
-29
-23
-15
-21
0
-6
-2
-2
11
14
6
4
12
18
11
15
29
10
18
37
35
65
66
73
65
50
49
18
27
22
54
36
38
35
-6
-2
-7
20
11
37
38
46
12
-8
-7
-31
-19
-22
1
-14
8
-17
-10
2
-11
18
2
18
36
29
17
22
-16
-2
-13
-22
2
-11
-12
-10
-18
-16
-2
-3
6
9
33
10
26
17
-2
8
-4
-8
-20
-6
-27
-8
-20
-16
-10
3
3
9
26
29
24
3
-6
-26
-21
-36
-20
-12
-4
-18
-26
-38
-62
-53
-54
-17
8
4
22
35
23
0
-25
-42
-61
-53
-51
-47
-23
-43
-18
-38
-28
-43
-31
-18
-17
-16
-3
13
-5
3
-10
4
-1
10
13
31
36
54
59
72
57
63
63
34
46
54
77
65
52
20
34
20
38
50
59
62
40
45
14
11
11
32
33
54
47
34
9
-6
-36
-34
-32
-33
-26
-20
-7
-26
-16
-40
-30
-38
-35
-39
-36
-16
-50
-47
-56
-73
-45
-47
-33
-26
-21
-28
-53
-35
-59
-42
-45
-37
-18
-25
-12
-33
-33
-46
-31
-35
-23
-13
5
34
11
35
21
34
30
24
33
36
47
39
24
38
37
21
37
39
47
44
51
39
30
42
42
45
45
32
33
20
-8
-5
-13
-18
-10
10
1
17
14
0
1
-17
-17
-20
-9
-18
-4
-11
-19
-30
-47
-48
-45
-41
-13
10
9
-8
-11
-24
-13
-7
2
19
24
13
15
-9
-21
-29
-25
5
-15
-8
-1
12
-15
9
11
4
4
11
30
8
8
2
-4
-8
-18
-2
4
-18
23
13
13
12
-11
2
9
4
10
25
38
-2
0
-10
-10
-7
3
17
22
36
34
18
13
7
-23
-13
-20
-16
-29
-10
-3
1
2
-8
-4
-14
-33
-8
-28
-25
-21
-8
-2
-15
-21
-33
-50
-52
-50
-16
-33
-38
-9
-22
-20
-30
-28
-28
-20
-2
21
12
12
-3
-17
-43
-17
-11
-11
18
16
15
30
19
23
13
32
41
47
57
42
53
28
32
34
15
10
26
37
48
54
61
78
70
38
43
40
22
21
38
38
32
34
27
13
10
7
26
27
38
26
6
39
-25
-5
-7
-21
-4
-21
-21
-46
-36
-59
-54
-45
-45
-49
-65
-55
-70
-72
-65
-56
-42
-38
-39
-24
-42
-33
-55
-44
-34
-32
-10
-15
-7
-26
-3
-11
-14
-6
6
13
9
29
26
23
17
20
1
-18
-1
-1
4
-3
6
-5
4
4
-4
-3
-6
-1
1
-2
9
-3
-6
1
-11
-7
-6
-11
-13
-4
8
16
33
28
18
17
1
-2
-2
2
12
18
29
21
26
12
17
36
51
62
55
46
24
28
-4
17
14
36
28
26
35
19
12
17
24
8
28
23
7
-4
11
7
1
0
5
-4
3
-20
-6
-9
-20
-3
2
-10
-12
-8
0
1
14
14
16
18
-10
-21
-41
-44
-53
-43
-30
-29
-32
-28
-24
-44
-36
-50
-44
-31
-24
-27
-50
-52
-79
-100
-90
-54
-51
-32
-25
-40
-28
-50
-45
-20
-4
16
15
32
9
-10
-19
12
27
33
47
59
29
24
48
22
61
56
99
77
74
66
50
47
48
72
72
87
70
67
33
20
5
8
42
33
61
59
29
19
14
13
-3
18
20
29
15
-6
-6
-69
-72
-71
-85
-63
-47
-40
-54
-65
-66
-71
-71
-55
-42
-26
-13
-35
-39
-65
-91
-64
-57
-69
-24
-35
-34
-10
-32
1
-1
40
47
49
39
32
29
-3
18
14
44
36
45
31
31
33
46
53
54
83
59
84
55
23
26
9
4
24
21
26
28
13
-15
-19
-25
-33
-15
-13
-3
-2
-9
-22
-44
-67
-62
-35
-38
-12
-4
-13
-29
-43
-65
-86
-66
-60
-26
0
-8
-31
-28
-30
-34
-14
1
33
33
38
32
21
23
25
42
27
28
33
31
23
7
23
28
30
39
48
36
24
30
10
5
-8
-5
-8
-4
-5
-4
-2
-14
-7
-6
-5
11
2
5
9
-7
16
8
4
0
-4
-15
-19
-25
-25
-18
-16
-9
-16
-5
-8
-14
0
8
5
-11
-15
-6
-8
-11
0
0
18
21
16
-5
-8
-19
-6
10
19
18
28
2
-37
-29
-26
-2
3
43
44
50
28
16
-11
-26
-39
-9
22
15
19
0
-4
-22
-15
-29
-21
-5
7
12
11
5
-6
-19
-32
-9
-24
-29
-9
-20
-19
-39
-18
-22
-38
-18
-6
-11
-6
25
15
33
30
25
34
19
32
21
31
11
6
-14
-34
-19
-13
14
13
28
28
47
37
35
29
14
28
4
-1
1
-6
-23
-12
-9
7
15
14
-4
-28
-9
-15
-20
-10
15
4
12
20
-24
-28
-60
-42
-54
-34
-16
-8
-17
-18
-22
-35
-6
15
30
50
63
23
18
5
-19
-29
-22
-21
-14
-1
-4
12
12
-21
1
11
22
30
38
49
26
22
-25
-32
-27
-24
-26
-17
-6
4
-9
-11
-27
-40
-10
3
17
41
40
21
12
-21
-21
-36
-24
-11
5
21
26
37
39
11
7
-15
7
24
16
31
22
37
35
21
2
5
-26
-5
4
18
2
-3
17
-3
-21
-18
-37
-12
-25
-15
17
17
37
11
-4
-28
-29
-45
-33
-41
-16
1
-9
3
-5
-11
-8
6
16
9
4
6
14
-12
-13
-9
-11
1
-11
19
14
20
2
4
22
10
6
40
36
20
18
0
6
1
7
2
10
17
2
3
-20
-6
-17
-13
-11
2
-1
5
-12
-8
-24
-42
-23
-43
-30
-33
-24
-34
-21
-19
-10
-3
-3
-14
-23
-35
-39
-34
-22
-13
-12
0
-1
0
1
-16
-17
7
20
25
12
25
18
5
24
52
44
48
53
48
61
44
39
42
51
44
41
70
49
35
28
23
33
31
24
42
28
22
-1
-11
-15
-47
-27
-56
-46
-63
-50
-59
-48
-37
-60
-58
-65
-55
-81
-47
-51
-36
-28
-12
-25
-41
-32
-32
-31
-30
-7
-8
1
10
-1
-12
-9
6
7
9
38
39
39
5
13
-2
24
43
45
61
40
72
30
51
33
25
28
48
49
48
47
36
27
24
21
7
32
13
43
39
32
25
0
-22
-41
-31
-37
-10
-15
-4
9
-17
-29
-38
-45
-56
-39
-43
-23
-6
-20
-20
-22
-9
-20
-29
-41
-29
-30
-22
10
-2
3
10
-4
-1
-12
-9
-17
-10
18
6
18
-4
-25
-29
-37
-13
7
9
27
12
25
-7
2
-23
-22
-18
-25
-1
24
17
-3
12
-22
-22
-23
-22
-19
-4
10
-1
-1
-3
-12
-26
-18
4
19
21
41
35
38
6
24
14
9
9
12
34
13
41
28
17
22
26
27
24
16
28
14
-21
-6
-3
-18
-5
16
-2
-4
2
-3
17
10
14
32
29
14
-5
-12
-40
-37
-41
-26
-18
-8
14
26
19
4
-2
-27
-19
-32
-13
20
-5
5
-11
-37
-56
-63
-40
-9
22
26
50
38
22
-2
9
5
20
17
39
29
5
-2
-23
-32
-14
7
31
28
22
47
12
28
25
38
33
52
30
13
-8
-23
-28
-3
5
20
31
-8
1
-24
-31
-40
-24
-27
-27
-19
-23
-36
-58
-55
-78
-56
-77
-57
-51
-30
-29
-9
-17
-31
-34
-52
-32
-51
-47
-29
-28
-23
-9
-4
-9
-14
-17
0
-16
-5
8
7
13
17
26
26
18
27
20
29
14
12
20
28
56
63
65
39
62
33
32
48
47
54
58
82
78
76
75
69
80
60
47
58
43
38
52
40
52
50
38
36
19
11
13
10
13
15
-3
-19
-29
-49
-53
-66
-53
-62
-73
-65
-62
-56
-81
-62
-69
-66
-65
-73
-69
-75
-60
-67
-64
-82
-73
-53
-60
-44
-39
-32
-47
-27
-32
-17
-4
5
19
7
31
33
17
1
-4
13
1
7
28
27
19
15
-1
25
27
17
46
49
42
40
20
8
10
23
10
19
18
6
3
5
4
13
18
22
32
37
34
23
35
7
16
2
14
29
25
56
24
22
-6
-6
-6
-19
14
24
31
12
5
-15
-16
-9
-17
5
-1
-30
-27
-44
-36
-44
-21
-10
-11
3
-3
-16
-10
4
10
5
28
8
2
-15
6
-4
-1
5
6
15
16
27
26
26
12
32
2
14
0
5
19
25
33
37
11
7
-3
-16
1
7
26
15
20
1
-14
-14
-13
-27
-37
-28
-42
-41
-54
-50
-63
-38
-55
-39
-24
-37
-28
-32
-13
-23
-15
-30
-36
-39
-34
-47
-22
-25
-33
-31
-19
-39
-23
-16
-9
-11
-19
-11
0
-8
-4
13
11
9
5
10
10
14
25
32
52
63
54
69
67
59
61
66
86
37
47
47
38
38
32
42
31
25
40
50
40
57
34
31
20
24
13
9
-1
3
6
0
-7
-10
-12
-31
-12
-41
-30
-27
-35
-22
-34
-28
-32
-45
-59
-54
-31
-43
-24
-20
-23
-16
-34
-44
-40
-35
-34
-6
-18
-1
-7
-3
-12
4
10
1
23
25
45
30
20
11
-3
-21
-12
-2
-2
20
31
47
21
26
15
-1
-12
0
-7
-17
12
7
-16
-5
5
-26
-8
-2
3
3
14
14
7
-11
-7
-7
-21
-16
-15
-10
-12
-3
-5
-5
-7
-30
-33
-33
-15
8
6
16
23
1
-18
-5
-17
-28
-23
-13
-26
-3
-23
3
-13
-39
-14
-1
3
8
16
7
12
10
4
5
6
15
41
17
32
20
14
3
26
28
26
46
31
41
38
45
37
40
44
44
16
2
-7
-31
-28
-32
-22
-2
10
10
10
17
18
0
2
6
-1
-7
7
6
-6
-8
-3
-8
-14
-10
-9
13
25
1
17
8
-17
-21
-13
-16
-16
-17
-12
-16
-10
-12
-22
5
-31
2
-3
-7
2
-10
-39
-34
-2
-20
-20
0
1
-26
-25
-1
-23
-9
-9
-17
-8
-17
-10
-9
1
5
10
18
18
8
6
15
11
3
-15
-21
-28
-24
-22
-16
-9
6
-2
7
16
29
17
36
25
18
15
-9
-15
4
4
-2
31
18
7
-3
-5
6
16
43
51
54
40
25
7
-16
-22
-14
-2
20
-3
8
0
-17
-42
-22
-10
-17
23
26
31
12
21
-9
-19
-15
3
-2
-3
1
-28
-17
-40
-36
-37
-34
-16
0
-12
-21
14
-10
-22
2
8
-8
-6
-7
-28
-20
-12
-13
7
4
4
-12
-6
5
3
-11
13
25
-6
2
-10
-14
-15
-1
14
0
-1
-7
12
7
13
20
14
29
16
29
21
29
22
9
26
29
5
3
-2
-10
0
-9
-13
3
-17
14
13
48
34
48
26
11
5
-18
-19
-16
11
-13
24
-2
9
5
11
10
22
24
32
36
26
23
-14
-35
-42
-27
-48
-26
-11
-6
12
14
24
3
-11
7
-6
-7
-11
-15
-20
-33
-17
-29
-14
-24
-11
-8
-19
-28
-33
-51
-18
10
9
14
32
5
-14
2
-40
-7
-15
-7
1
-7
-2
-19
-12
-13
-15
3
33
29
29
36
8
6
-5
0
-4
3
8
11
2
-19
-34
-36
-31
-19
21
28
47
53
22
7
-30
-17
-35
-10
-26
-15
1
-15
4
-8
0
0
0
12
1
7
30
11
4
13
13
0
2
-15
-21
-28
-18
-15
-10
11
14
16
19
-4
-23
-11
-25
-23
4
3
0
30
-7
5
19
13
10
1
23
10
-13
-2
-25
4
-2
-1
31
38
51
72
53
5
-5
-18
-3
13
60
54
59
40
12
12
-18
-13
-30
-16
-17
16
29
15
36
25
10
-12
-3
-11
11
-10
8
8
-12
-27
-36
-30
-43
-15
-7
-7
-9
1
-3
-11
3
-25
-33
-28
-23
-1
-34
-20
-34
-37
-20
10
44
-8
-26
-22
-21
-6
22
21
10
-1
-22
-11
-3
-27
-43
-56
-58
-33
2
24
20
1
-11
3
6
3
-11
-11
0
-14
-9
-17
-16
-50
-27
-18
-9
3
17
0
16
53
47
50
32
28
-2
7
-8
-4
-4
3
2
6
22
34
45
49
40
52
39
30
0
-6
2
-13
-14
-9
1
5
8
-6
-6
-27
5
7
20
24
39
19
16
1
-23
-28
-23
-15
-14
-13
8
-11
-11
-12
1
4
18
24
20
10
18
8
4
2
-18
-29
-31
-15
-22
-1
8
21
37
25
2
11
-17
-11
-12
-13
-9
-3
-8
-17
-16
-22
-27
-21
-5
-10
33
18
4
22
20
-3
15
38
23
39
29
12
-24
-42
-19
-19
0
22
36
40
26
27
-13
-31
-32
-21
-6
6
8
-5
-20
-45
-33
-61
-66
-38
-27
-7
-9
4
-6
-10
-25
-39
-26
-28
-39
-38
-17
-20
-26
-28
-20
-29
-11
22
21
42
27
30
7
-7
-4
-15
9
-2
7
2
6
3
16
3
15
44
39
55
57
65
54
29
28
3
-1
2
-2
-6
1
15
19
25
26
44
18
23
16
37
30
26
18
21
6
-17
5
-24
-13
-20
4
-4
-10
-12
-12
-17
8
13
23
2
-18
-19
-50
-32
-72
-29
-20
-15
-12
5
4
24
1
14
18
-3
-1
-13
5
-15
0
1
7
-5
-27
-28
-39
-33
-28
-3
4
-6
-6
5
-9
-22
-29
-12
5
8
26
-12
4
-12
-34
-14
-2
4
37
30
25
8
-18
-6
-20
-9
5
26
26
-12
-18
-32
-32
-34
-1
-5
5
16
30
-7
-7
-4
-28
-6
-12
-2
8
9
3
3
-8
-16
-15
-2
-9
-5
-4
4
-11
4
11
27
41
37
69
52
40
39
44
21
10
25
10
20
37
49
59
45
44
5
6
3
0
10
14
37
29
25
0
-7
-23
-11
2
15
7
15
-9
-13
-26
-39
-15
-36
-26
-10
-22
-26
-38
-17
-34
-17
-23
-14
-8
-26
-5
-27
-26
-38
-37
-59
-29
-36
-42
-29
-62
-58
-61
-54
-55
-40
-36
-28
-8
-7
-8
-27
-21
-45
-31
-25
-23
-19
-20
-14
3
16
24
30
30
38
18
29
32
7
32
41
40
56
48
44
39
48
52
50
73
69
32
20
26
9
18
28
39
47
32
29
28
-2
-1
18
16
40
49
64
31
38
16
-18
-13
-23
-9
2
15
0
-3
-11
-22
-2
-8
11
37
41
33
14
-1
-41
-41
-46
-42
-24
-18
-6
-4
1
-5
-16
-28
-30
-17
-8
-18
-2
-18
-29
-41
-42
-40
-46
-41
-41
-27
-24
-31
-23
-50
-36
-31
-26
-31
-12
-18
-11
-5
-14
-8
-18
-14
-7
-1
8
22
1
17
-11
-23
-5
4
14
40
36
43
30
10
0
-12
-4
0
-6
13
25
21
41
28
37
20
17
6
-3
-2
-7
8
13
25
4
24
-4
-1
-7
-24
-1
-18
42
14
58
24
-13
10
-64
-32
-51
-39
-2
-16
15
-11
-12
-10
-46
-41
-43
-19
11
18
28
22
5
-10
-11
17
35
29
54
45
38
6
20
18
17
32
12
30
19
13
25
20
23
19
-1
15
-2
2
-3
-9
3
7
2
23
19
-7
-10
-20
-21
-46
-26
-19
15
19
29
17
8
2
-34
-10
-13
4
5
-7
11
-11
-26
-32
-23
-9
22
40
10
-15
-33
-33
-28
8
18
26
1
-24
-20
-38
-19
-19
-8
0
-11
11
4
-16
-21
-44
-49
-47
-45
-34
-34
-13
-5
-10
-11
-16
-28
-35
-39
-42
-31
-33
-4
0
24
-7
-10
-20
-23
-16
-15
28
23
55
49
48
49
25
8
26
14
24
47
22
26
12
18
4
20
15
44
38
39
32
41
16
10
25
-1
10
11
35
56
49
40
63
33
37
31
14
22
24
27
47
43
18
8
-32
-51
-57
-44
-42
0
4
20
5
-18
-32
-47
-37
-52
-33
-37
-31
-47
-50
-41
-51
-40
-46
-42
-33
-13
1
28
3
17
4
-10
-19
-24
-39
-31
-28
-24
-3
-36
-26
-20
-10
-12
-6
11
10
2
19
13
7
-21
-13
-14
-14
16
19
22
3
11
-7
-10
3
-8
21
15
34
30
42
22
38
28
28
36
25
23
22
27
2
-3
2
-3
8
28
13
24
35
8
16
4
-6
-4
0
14
10
0
-4
-5
-20
-16
-7
-10
-10
-4
-2
-14
-15
-6
3
8
8
17
14
11
11
-12
-12
-11
-20
-26
-36
-26
-28
-47
-31
-28
-30
-4
3
7
-4
-4
-17
-19
-25
-7
3
6
18
-1
6
-19
-20
-38
-7
-11
5
20
27
18
1
-2
-13
-13
3
14
-4
20
10
6
29
32
24
13
38
23
20
30
35
38
22
38
21
16
22
-8
-7
21
8
6
17
2
-13
2
-10
-11
11
15
27
36
21
28
-3
2
-16
-21
-20
-29
-30
-9
-16
-23
6
-11
13
5
12
-4
-30
-27
-27
-40
-34
-32
-25
-44
-29
-33
-45
-20
-25
-31
-10
4
0
0
-6
-12
-34
-33
-34
-25
-28
-14
-11
-15
-1
-20
6
-9
13
15
32
26
16
39
13
21
8
14
5
-1
-15
-25
-7
-2
-23
36
26
57
43
54
60
15
39
22
4
6
7
7
9
17
15
22
44
16
21
6
1
-7
5
10
38
33
26
41
20
-3
-15
-11
-24
-6
11
25
5
13
-7
-7
-18
-35
-16
2
34
28
31
20
9
-30
-54
-41
-51
-32
-39
-34
-44
-31
-40
-58
-24
-36
-22
-25
4
-11
-42
-36
-52
-53
-40
-21
-13
-15
-21
-6
9
-5
17
36
38
21
29
19
14
7
6
32
25
42
61
49
52
48
43
42
42
34
32
23
34
24
13
16
2
5
6
-14
-14
-17
-37
-27
-26
-6
-6
-10
7
1
-5
-18
-21
-24
-40
-50
-33
-50
-43
-39
-31
-25
-21
-15
-6
0
9
23
15
14
-4
10
0
14
-1
-25
4
-12
-2
4
-21
10
-1
11
10
32
20
7
5
-6
8
4
-1
-13
15
10
15
20
35
31
30
32
34
16
23
-8
-8
-21
-35
-11
-5
-4
3
12
8
-9
-11
2
-7
17
7
28
10
-1
-16
-49
-44
-42
-19
5
25
28
1
-13
-25
-12
9
10
30
37
34
15
18
-5
-37
-30
-32
-18
-1
0
23
32
27
41
33
22
23
9
-9
-1
-17
-16
-15
-5
-16
-9
-3
7
8
10
5
2
17
3
24
27
12
9
5
-18
-38
-51
-35
-56
-41
-3
-4
2
7
10
-5
-9
10
21
3
1
1
-5
-19
-20
-9
-23
-8
-22
-15
-12
-13
0
-6
16
21
14
21
6
-7
0
-4
-12
-16
-28
-38
-37
-38
-41
-32
-4
8
-3
12
21
8
-2
-1
-8
-20
-5
-15
-4
-14
-14
-28
-44
-22
-12
0
24
25
9
8
-18
-6
-9
43
48
65
60
35
39
3
-13
-2
1
38
38
40
37
7
11
0
18
22
42
50
60
33
34
37
17
35
26
53
35
43
22
13
1
1
15
16
10
22
20
13
-9
-6
-20
-9
-3
-20
-2
-13
-1
-25
-2
-30
-24
-20
-23
-26
-13
-35
-61
-68
-79
-83
-73
-41
-40
-24
-26
-33
-27
-50
-36
-39
-32
-2
-13
-19
-41
-49
-43
-44
-24
-19
4
10
1
13
-28
-21
-20
-6
10
29
44
37
42
39
21
20
40
14
24
7
28
27
45
38
25
55
26
48
32
41
29
5
25
24
21
9
25
21
20
26
-3
-10
-20
-12
-25
-22
-3
8
-4
-4
-6
-19
-17
-11
-19
-7
10
-11
-41
-42
-54
-50
-20
-6
13
13
5
19
-19
-21
-9
-6
8
14
14
-1
-1
-19
-25
-4
-4
1
22
0
-1
4
-9
19
16
28
32
14
15
11
-14
-1
-12
-2
-1
-3
16
24
29
37
55
43
49
21
30
0
-4
-18
-18
-18
-2
3
-5
-9
-12
-19
-13
-6
-2
22
8
24
4
-2
-28
-6
-19
-17
-13
-30
-16
-39
-26
-40
-41
-39
-44
-24
-11
-11
1
-10
10
5
-5
3
5
8
-14
-9
-16
-21
-19
-9
0
-6
3
19
32
14
9
2
-1
-3
-4
14
-21
-5
-6
4
-7
-5
0
-14
-15
-19
-7
-11
22
34
28
34
29
30
15
4
21
10
30
28
43
53
15
1
-13
-13
2
23
37
48
38
19
27
-6
-6
-7
-8
10
11
7
-30
-27
-19
-14
8
10
21
25
33
8
8
19
4
12
17
21
-13
-24
-33
-61
-41
-30
-32
-22
-19
-8
-16
-7
-17
-1
-11
-24
-16
-19
-35
-38
-48
-40
-51
-46
-31
-8
-7
3
18
7
14
13
1
8
0
-4
1
-12
-30
-17
-12
-16
2
6
19
41
29
50
42
24
29
23
41
41
27
30
9
16
-2
3
10
1
28
9
12
21
27
17
16
12
-22
-22
-12
-44
-40
-37
-25
-6
2
16
19
10
-15
-8
-12
-31
-41
-20
-33
-15
4
-5
-16
-23
-25
-33
-5
12
38
27
51
30
27
5
1
-2
13
14
15
22
-2
0
-7
-10
-9
-10
9
25
8
24
8
-15
0
-9
-12
-2
-11
-8
-1
-8
-20
-6
4
12
16
-2
-7
-19
-38
-25
-17
-21
6
16
3
-2
-20
-5
-35
-15
15
13
25
21
8
-8
-26
-19
-17
4
16
17
27
14
15
16
19
28
19
25
15
1
4
4
17
-17
21
8
22
30
45
41
30
24
14
19
-2
-6
5
10
-23
-5
-31
-18
-43
-43
-15
-22
-15
-21
-7
-25
-7
-26
-38
-25
-46
-28
-31
-39
-41
-37
-25
-23
-16
-5
-11
-4
20
8
6
3
15
17
26
21
29
11
-9
-12
-9
6
12
43
44
41
54
42
33
39
3
23
10
1
16
-7
-2
-18
3
-7
-29
-9
-28
-24
-23
-9
16
14
10
-6
-7
-12
-15
-24
2
7
3
16
6
-17
-35
-19
-15
-23
-8
4
1
-1
-11
-2
-23
-25
-13
-11
-2
-1
1
-30
-30
-22
-10
-28
18
24
22
13
7
-6
-20
7
36
33
34
38
11
-2
-27
-2
-4
35
43
63
64
38
34
6
0
-9
8
6
21
37
34
40
20
3
2
8
3
40
19
36
37
-10
11
-34
-17
-13
-22
9
-9
-29
-12
-25
-32
-17
1
-22
-26
-26
-48
-41
-53
-43
-33
-7
-1
-31
-7
-33
-49
-40
-44
-30
-38
-31
-35
-37
-54
-58
-47
-43
-7
0
24
11
19
18
23
14
10
32
35
19
22
6
-6
6
12
26
45
72
83
66
61
43
18
11
35
23
50
51
42
37
14
4
16
-3
9
23
23
34
31
26
6
2
11
-7
6
3
-17
-16
-25
-35
-40
-31
-15
-16
7
-5
-10
-6
-10
-22
-15
-17
-29
-33
-35
-42
-44
-50
-68
-46
-24
-15
10
18
5
13
-21
-22
-19
-35
-23
-13
-27
-37
-43
-47
-46
-35
-4
-9
6
23
15
17
10
13
13
34
52
36
36
14
-3
-24
-16
-12
2
23
29
20
31
24
18
32
21
20
44
51
19
36
11
8
-12
-3
-2
10
18
15
29
30
24
31
21
15
20
-1
-8
-36
-31
-37
-17
-6
13
19
10
5
8
7
2
21
5
19
6
-10
-16
-35
-52
-34
-13
-16
-1
-2
9
-8
2
0
10
17
26
5
0
-1
-33
-20
-32
-16
-22
-13
-17
-30
-17
-11
21
18
33
16
18
3
-9
7
-24
-5
-7
-37
-27
-52
-54
-41
-26
-27
9
21
16
23
4
-11
-16
-15
-22
-3
-24
-13
-15
-29
-25
-15
-20
-12
-13
-7
-1
10
25
18
10
21
18
18
11
-10
10
0
-4
2
0
19
37
52
26
43
63
19
41
35
50
52
46
38
23
9
24
10
19
30
52
75
52
65
41
15
1
16
-14
7
17
27
15
-18
-15
-32
-54
-38
-15
-9
2
-18
-37
-60
-75
-86
-69
-63
-31
-13
-21
-29
-58
-51
-71
-53
-22
-25
3
-20
-17
-48
-53
-50
-52
-32
-12
-20
-13
-20
-45
-23
-29
17
11
27
39
31
51
17
21
28
38
20
38
48
52
23
19
31
36
38
60
83
53
64
36
47
29
18
39
-3
-3
-4
-13
-22
0
-16
14
-3
-9
-3
-3
-10
-24
-8
-31
3
8
24
1
-1
5
-6
5
-5
-6
-7
-37
-24
-19
-36
-30
-30
-13
-27
-4
-19
-20
-21
-17
-24
-5
-2
-32
-15
-9
-12
-20
-2
-11
-12
-15
13
-13
-21
-11
-11
15
11
35
26
17
9
0
-1
-8
2
17
1
25
11
2
12
-20
15
-1
-1
-3
-16
4
2
3
-11
16
26
-1
-11
-6
-13
-2
0
14
25
10
7
-4
9
13
14
19
53
42
15
38
27
9
25
37
38
40
45
29
15
21
-3
-17
0
-11
-10
-13
-25
-31
-33
-22
-11
-1
3
4
2
-12
-21
-38
-40
-33
-29
-30
-22
-41
-31
-24
-43
-41
-46
-40
-35
-23
18
18
12
33
17
13
4
-4
-14
-23
-7
17
12
12
15
-4
14
6
12
21
0
24
18
41
48
50
51
36
52
35
39
9
-13
-25
-32
-35
-47
-21
-27
3
21
35
50
42
24
14
-8
-36
-59
-72
-96
-72
-73
-73
-52
-52
-39
-43
-12
-11
7
26
16
8
-12
-17
-27
-34
-30
-7
-10
2
-9
-6
-33
-25
-1
17
53
70
79
76
44
47
48
35
53
57
71
52
48
37
14
6
15
21
33
53
44
58
65
57
57
59
38
10
2
-45
-58
-51
-42
-40
-12
-8
-1
-3
-15
-13
-20
11
-6
6
-11
-35
-60
-68
-74
-78
-57
-56
-36
-30
-25
-30
-24
-29
-35
-42
-54
-32
-47
-49
-24
-39
-15
-11
-19
-24
-4
-4
-1
24
22
10
24
15
-15
4
10
5
17
25
28
19
8
2
4
36
36
58
54
47
26
20
4
-10
14
5
69
67
87
72
39
40
15
-7
-27
-14
-25
-22
-7
12
16
15
10
15
16
-11
7
-17
-19
-6
2
7
13
21
14
11
-3
6
-20
13
28
20
31
35
17
-12
-14
-7
-23
-13
-12
-11
0
9
-11
-33
-5
13
16
-7
-2
-36
-53
-62
-34
-51
-35
-16
-34
-37
-59
-49
-48
-48
-22
-4
0
15
-25
-33
-53
-41
-46
-20
-29
-21
-20
-38
-37
-45
-35
-9
21
30
42
44
58
39
37
49
34
27
21
19
8
-1
-14
-4
-13
-7
-2
29
44
60
89
79
97
72
79
48
20
-2
-18
-40
-44
-33
-27
-15
-5
3
-6
5
13
-8
9
-20
6
-5
-21
-39
-39
-29
-48
-39
-38
-28
-48
-4
-1
6
5
6
2
-5
7
1
-5
12
12
9
4
-16
-3
-34
-13
-18
11
43
60
75
68
83
88
62
58
49
20
33
15
29
22
1
8
-8
-18
-8
13
30
38
40
28
19
-18
-23
-39
-26
-14
-23
-16
-25
-30
-48
-47
-23
-11
0
12
0
-8
-29
-52
-62
-52
-52
-63
-14
-20
-36
-31
-40
-33
-35
-19
12
47
52
40
18
13
-48
-61
-80
-87
-81
-70
-48
-53
-42
-24
-17
-9
31
45
62
84
83
79
54
34
27
13
-1
12
22
14
21
-12
-60
-35
-58
-59
-39
-30
-48
-50
-53
-73
-69
-41
16
69
127
180
190
195
226
220
211
217
237
245
174
130
32
4
-63
-199
-591
-1343
-1867
-2026
-1589
-1031
-126
1293
2420
3094
3403
3471
2811
1319
-205
-1245
-2068
-2732
-2902
-2417
-1778
-1120
-229
572
987
872
770
658
437
256
35
-65
-40
204
485
634
711
540
185
-223
-599
-1040
-1529
-1842
-1809
-1495
-981
-430
171
736
1105
1332
1391
1230
800
271
-178
-471
-599
-717
-644
-331
-6
243
399
458
292
-62
-257
-393
-427
-364
-143
348
731
1056
1229
1275
1062
664
350
19
-315
-575
-652
-514
-348
-149
52
301
417
415
449
352
225
22
-69
-35
3
125
204
279
295
191
80
-235
-519
-750
-925
-1013
-971
-668
-429
-186
155
446
484
372
306
202
-76
-320
-442
-465
-525
-527
-407
-231
-179
-219
-220
-226
-196
-243
-326
-223
-89
115
185
329
580
588
537
469
506
316
44
-121
-234
-313
-449
-423
-252
-107
37
197
368
475
484
460
471
393
236
53
-46
-118
-156
-140
-49
66
115
123
109
29
-116
-305
-474
-513
-452
-339
-130
203
588
899
1159
1331
1291
1107
749
345
-42
-506
-887
-1193
-1380
-1338
-1215
-899
-531
-186
283
557
771
788
654
476
137
-3
-185
-309
-361
-308
-50
85
203
297
166
27
-236
-533
-828
-1161
-1172
-1122
-998
-589
-118
251
240
161
34
-275
-604
-686
-477
-217
233
888
1448
1829
1965
1976
1620
940
352
-100
-605
-1058
-1331
-1946
-2115
-1933
-1156
-541
-41
1354
2311
2777
2990
3288
3145
1893
734
259
-224
-1094
-1550
-1235
-938
-811
-337
212
464
216
161
307
202
174
17
-60
-56
-144
-136
-468
-781
-1200
-1592
-1672
-1674
-1449
-1301
-938
-532
-64
139
420
910
1148
984
418
-84
-967
-2164
-2914
-3101
-2916
-2678
-2287
-1640
-1070
-716
-137
423
725
926
1373
2000
2170
2207
2446
2547
1976
1415
1269
931
130
-557
-584
-536
-687
-630
-14
471
601
875
1542
2002
1806
1324
103
-770
-1243
-780
-227
129
1559
2867
3610
3749
3940
3598
1689
-463
-1491
-2008
-2894
-3500
-2958
-1979
-1358
-499
593
1172
672
153
142
-134
-521
-1021
-1168
-1014
-735
-191
3
101
-6
-358
-531
-661
-586
-989
-1594
-1936
-2103
-2259
-2683
-2800
-2499
-2134
-1680
-1279
-1052
-1053
-1181
-765
-164
421
1221
2060
2842
3289
3653
3821
3143
1783
452
-408
-1238
-2074
-2344
-1967
-1347
-786
182
1408
2013
1993
1960
2119
2144
1745
1531
1530
1570
1584
1631
1377
-191
-1571
-2276
-2118
-2101
-1832
-117
1538
2423
3307
4598
4947
3371
1441
428
-727
-2341
-3493
-3508
-3392
-3312
-2372
-1103
-371
-456
-248
274
396
556
567
418
203
202
498
380
262
14
-235
-340
-274
-250
-921
-1926
-2706
-3239
-3673
-3873
-3595
-3178
-2752
-2333
-1922
-1405
-992
-428
91
1023
2435
3534
4146
4424
4832
4828
3671
2251
1106
-154
-1805
-3124
-3335
-3218
-3138
-2693
-1430
59
879
1573
2385
2980
3193
3104
3291
3324
3223
3118
2779
2207
-34
-1826
-2925
-2766
-2531
-2506
-831
175
804
1489
2900
3574
2433
1390
1144
881
72
-582
-935
-1752
-2767
-2691
-2306
-2159
-2522
-2276
-1405
-816
319
1097
1379
1174
1137
1480
1193
864
292
-353
-620
-726
-472
-911
-1788
-2578
-3129
-3367
-3606
-3532
-3207
-2903
-2371
-1971
-1760
-1759
-1710
-977
-226
1134
2887
4359
5245
5543
5896
5674
4283
2150
203
-1231
-2630
-3701
-3823
-3413
-2960
-2400
-1125
403
1132
1353
1639
2116
2394
2462
2871
3159
3238
3190
3272
3073
1619
-229
-2571
-4094
-4893
-4749
-3422
-1957
290
2630
4594
5891
5960
4945
2906
515
-1372
-2848
-3959
-4665
-4566
-3738
-2739
-1491
-467
357
701
782
1144
1094
931
579
386
629
851
1158
1255
1230
1162
815
384
-282
-1399
-2719
-4121
-4958
-5269
-5265
-4685
-3706
-2387
-1764
-1693
-1520
-1087
-549
-418
516
2234
3718
4528
5331
6489
6736
5303
3255
1649
-43
-2239
-4255
-5018
-5190
-5301
-4699
-2953
-893
277
1201
2356
3374
3739
3552
3438
3264
2968
2931
3158
3382
2760
1189
-882
-2535
-3367
-3925
-4169
-3563
-1632
412
2114
4185
5916
6149
4744
3089
1893
58
-2305
-3981
-4639
-4787
-4727
-3667
-1984
-658
116
958
1992
2408
2276
1901
1621
1375
1129
976
922
687
242
-306
-458
-587
-1131
-2040
-3142
-3864
-4534
-5013
-5008
-4578
-3921
-3580
-3706
-3374
-2740
-1698
-770
192
2092
4058
5436
6133
6927
7483
6406
4161
2215
864
-1032
-3496
-4950
-5199
-5323
-5364
-4463
-2563
-1261
-655
318
1704
2790
3104
3370
4017
4424
4738
4922
5145
4110
1703
-293
-1511
-1875
-3218
-4165
-3390
-2328
-1284
-42
2248
3915
3397
2635
2868
3014
1673
-301
-1281
-2035
-2787
-2962
-2272
-1578
-1651
-1266
-195
870
1529
1377
1255
1253
1495
1955
1928
1785
1414
768
134
-96
-440
-1194
-2685
-3729
-3935
-4337
-4466
-4525
-3998
-3538
-3332
-3396
-3620
-3919
-3723
-2767
-1698
320
2833
5105
6427
7415
8404
8277
6191
3418
1425
-798
-3301
-5265
-5777
-5756
-5919
-5177
-3324
-1448
-584
108
1111
1804
2032
2364
3134
3724
4055
4727
5671
5982
4866
2722
447
-1774
-3566
-4748
-4967
-4047
-2786
-971
1398
3864
5295
5209
4450
3352
1939
98
-1501
-2581
-3302
-3578
-3047
-1805
-615
197
756
1254
1442
1339
859
227
-85
27
507
977
1577
1966
1806
1244
771
232
-1000
-2673
-4071
-4931
-5621
-6086
-5528
-4541
-3750
-3686
-4109
-3918
-3745
-3065
-2232
-953
1257
3349
5197
6735
8214
8997
7859
5596
3581
1754
-662
-3461
-5306
-6183
-6751
-6669
-5474
-3499
-2152
-1171
279
1832
3009
3383
3720
4192
4358
4605
4841
5134
5076
4406
3634
1960
-87
-2249
-4116
-5017
-5410
-4381
-2544
-479
1791
3927
5550
5907
5017
3542
1668
-363
-2152
-3329
-3943
-4231
-3525
-2117
-545
593
1265
1830
1691
1322
1139
897
491
274
578
1114
1010
765
548
78
-569
-1614
-2162
-3260
-4567
-5478
-5680
-5195
-5017
-4900
-5513
-5816
-5482
-3977
-2188
-787
1493
3962
5993
7318
8543
9450
8451
5787
3515
2162
333
-2250
-4348
-5189
-5906
-6434
-5886
-4324
-3147
-2886
-1846
-276
1355
2372
3101
4068
4585
5168
5781
6318
6057
4635
3122
1915
845
-477
-1752
-2573
-3214
-3427
-2883
-1723
-559
72
671
1450
2231
2618
2351
1706
898
147
-484
-950
-1162
-1311
-1427
-1356
-777
-26
266
178
317
738
1130
1518
1925
2177
1876
1372
867
383
-529
-1737
-2993
-4164
-4827
-5144
-5059
-4630
-4158
-3646
-4297
-5217
-5442
-4864
-3790
-3070
-971
2155
4803
6673
8287
10041
10025
7697
5102
3143
1033
-2071
-4755
-5769
-6286
-6696
-6371
-4632
-2762
-2048
-1289
-58
1182
1706
1830
2606
3392
3963
4564
5388
5928
5435
4526
3641
2681
1385
-306
-1688
-2692
-3482
-3681
-3293
-2304
-1269
-339
680
1762
2617
2643
2098
1410
815
-31
-855
-1194
-1126
-902
-744
-230
403
696
595
476
606
908
1048
1246
1440
1593
1359
851
501
-57
-958
-2391
-3527
-4210
-4884
-5262
-5033
-4387
-4150
-5309
-6142
-5991
-5053
-4050
-3063
-351
2727
5033
6745
8717
10591
9944
7330
5057
3447
1216
-2027
-4211
-5001
-5958
-6834
-6454
-4563
-3333
-3213
-2466
-952
388
837
1457
2671
3505
4170
5122
6663
7273
6410
5191
4073
2913
807
-1362
-2853
-3936
-4740
-4818
-3565
-1794
-616
245
1401
2659
3149
2673
1968
1155
336
-572
-1117
-1024
-830
-665
-497
166
1062
1322
926
514
542
657
481
659
1146
1434
1032
624
705
358
-653
-1907
-2717
-3497
-4349
-5026
-4720
-4400
-4371
-5144
-6201
-6287
-5925
-4754
-3667
-1523
1610
4239
6320
8138
10150
10573
8452
5858
4002
2062
-857
-3687
-4897
-5703
-6692
-6880
-5557
-3884
-3481
-2921
-1427
235
1206
1669
2736
3552
3896
4499
5748
6874
6408
5419
4574
3753
2039
-286
-1938
-3341
-4535
-5135
-4325
-2601
-1328
-251
1049
2455
3264
3074
2554
1758
865
-3
-745
-756
-653
-484
-326
143
1011
1233
856
398
401
440
77
201
699
1003
607
55
388
328
-315
-1287
-1916
-2413
-3621
-4467
-4575
-4290
-4463
-4728
-5500
-6190
-6590
-5948
-4301
-3078
-921
2043
4870
6835
8271
9918
10073
7883
5234
3440
1634
-1242
-3962
-5126
-5747
-6423
-6481
-5092
-3496
-3053
-2490
-1315
56
988
1559
2772
3855
4635
5462
6612
7648
7473
6657
5141
3005
252
-2577
-4673
-6197
-6741
-6059
-4220
-1684
917
3197
4727
5216
4781
3651
2055
331
-1100
-2112
-2663
-2350
-1374
-203
647
1272
1855
1788
1181
364
-122
-540
-977
-822
15
666
740
605
728
697
57
-634
-1274
-2094
-3366
-4375
-4651
-4612
-4662
-5002
-6042
-6876
-7077
-5924
-4290
-3068
-595
2400
4975
6694
8370
10264
10000
7571
5194
3816
2051
-960
-3494
-4620
-5500
-6535
-6605
-5000
-3622
-3438
-2970
-1568
157
1056
1752
3014
4116
4921
5601
6807
7631
7152
5864
4266
2739
642
-1853
-3888
-5093
-5541
-5469
-4230
-1998
99
1460
2528
3609
3988
3369
2291
1471
554
-526
-1080
-853
-417
-300
-176
392
721
450
-122
-653
-993
-1480
-1546
-811
210
924
1111
1365
1738
1423
517
-518
-1239
-2129
-3366
-3958
-4026
-3991
-4375
-4476
-4742
-5897
-6968
-6931
-5417
-4314
-3006
51
3493
5859
7203
9153
10879
9612
6786
4761
3385
718
-2827
-4541
-5047
-5965
-6885
-5914
-3576
-2620
-2518
-1507
282
1266
1229
1975
3265
3901
4204
5069
6420
6757
5958
4996
3974
2455
368
-1646
-3230
-4259
-4830
-4621
-3499
-2016
-516
782
2022
3109
3645
3346
2701
2118
1418
562
-76
-260
-217
-375
-461
-228
-313
-817
-1407
-1768
-1969
-2000
-1616
-644
396
1259
1806
2138
1964
1178
346
-392
-1189
-2145
-3065
-3518
-3928
-4264
-4366
-4180
-4908
-6540
-7333
-6920
-5469
-4495
-2593
829
3788
5761
7452
9828
10887
8943
6209
4503
2850
-76
-3127
-4256
-5016
-6209
-6606
-5024
-2838
-2344
-2024
-773
794
1357
1404
2249
2967
3105
3403
4791
6324
6618
6197
5676
4659
2363
-456
-2910
-4822
-6419
-7084
-5774
-3436
-1088
1361
3795
5859
6491
6039
5007
3325
1334
-607
-1792
-2503
-2818
-2477
-1862
-1115
-482
-98
-76
-538
-823
-1028
-1283
-1078
-371
594
1208
1635
2000
1913
1450
846
344
-540
-1762
-2844
-3977
-4889
-5494
-5733
-5750
-6912
-7734
-7468
-6076
-4407
-3143
-361
2694
4719
6100
7756
9803
9472
7163
5366
4257
2572
-413
-2356
-3188
-4574
-6105
-6192
-4492
-3545
-3561
-2757
-1064
259
757
1676
3027
3408
3393
4121
5673
6398
6065
5441
4556
3175
1252
-345
-1968
-3523
-4659
-4885
-3838
-2223
-411
1253
2730
3966
4523
4456
3988
3097
1680
-1
-949
-1277
-1545
-1892
-1832
-1085
-734
-768
-720
-580
-792
-1477
-1531
-710
215
666
1104
1799
2260
1950
1550
1207
529
-880
-2497
-3533
-4558
-5480
-6180
-6234
-6375
-7361
-7637
-6900
-5250
-3921
-2354
588
3221
5001
6345
8182
9518
8429
6494
5116
3931
1824
-811
-2131
-3087
-4466
-5444
-4959
-3668
-3314
-3091
-2101
-915
-247
329
1372
2210
2409
2902
4055
5029
5213
4897
4652
4054
2992
2013
1080
-20
-1418
-2379
-2393
-2085
-1566
-929
31
971
1541
2216
2708
2910
2342
1386
884
387
-214
-881
-1082
-913
-1054
-1216
-1189
-1019
-1243
-1683
-1617
-954
-165
394
1126
1917
2255
2024
1607
1338
522
-805
-2036
-2996
-3874
-4951
-5354
-5394
-5506
-6350
-7085
-6979
-6290
-5195
-4029
-1853
795
2902
4738
6625
8546
8970
7761
6331
5060
3466
1119
-839
-2035
-3272
-4230
-4488
-3644
-2799
-2510
-1984
-1240
-487
-60
293
630
715
817
1354
2251
3034
3642
3999
4197
4184
4014
3692
2773
1543
292
-613
-1168
-1483
-1288
-885
-366
175
965
1796
2237
2213
1742
1297
734
73
-564
-966
-1136
-1319
-1397
-1204
-942
-953
-1087
-1070
-764
-549
-119
516
1086
1379
1362
1539
1544
1245
560
-278
-1236
-2439
-3669
-4514
-5174
-5668
-6600
-7570
-7802
-7359
-6170
-5051
-3288
-830
1311
3153
4865
6814
7925
7461
6545
5677
4730
3129
1355
145
-980
-2039
-2695
-2515
-1975
-1893
-1790
-1420
-1048
-743
-582
-352
-410
-606
-396
91
702
1237
1986
2733
3235
3438
3471
3261
2511
1657
1023
823
686
642
1035
1629
2056
2168
2326
2303
1700
699
-160
-750
-1508
-2190
-2210
-1896
-1630
-1318
-809
-296
-284
-499
-499
-536
-805
-887
-450
108
389
598
969
1310
1283
1086
908
487
-372
-1470
-2369
-3029
-3835
-4619
-5576
-6297
-6658
-6621
-5878
-5026
-3724
-2250
-728
844
2305
3888
4891
5051
4829
4498
4094
3188
2123
1163
231
-438
-842
-738
-334
91
552
978
1522
1939
2027
1681
938
149
-607
-1339
-1820
-2003
-1948
-1967
-1904
-1362
-502
220
683
1340
2270
2847
3050
3564
4162
4344
3915
3672
3680
3261
2308
1317
589
-374
-1394
-1876
-1756
-1596
-1636
-1448
-1006
-679
-707
-861
-931
-1141
-1483
-1533
-1242
-829
-641
-587
-271
35
88
-45
-202
-403
-895
-1400
-1688
-1805
-2066
-2378
-2349
-2026
-1657
-1502
-1397
-1306
-1326
-1404
-1331
-998
-585
-358
-209
46
275
355
262
120
-90
-327
-468
-430
-332
-321
-170
179
586
1010
1474
1859
1973
1864
1756
1684
1583
1290
1013
925
679
313
90
95
27
-201
-225
17
198
321
663
1293
1896
2287
2633
3032
3091
2758
2276
1861
1373
735
261
64
-3
-226
-324
-176
-90
-205
-341
-282
-285
-534
-648
-486
-248
-121
-158
-73
-73
-257
-539
-826
-1069
-1471
-1969
-2297
-2371
-2415
-2457
-2340
-2087
-1771
-1543
-1260
-950
-693
-591
-556
-392
-159
11
72
27
-78
-311
-641
-965
-1259
-1547
-1769
-1821
-1676
-1318
-995
-617
-133
214
470
655
744
660
274
-84
-307
-438
-454
-423
-214
36
252
543
947
1350
1518
1586
1698
1807
1865
1977
2170
2395
2466
2493
2625
2654
2496
2247
2088
1914
1709
1543
1491
1351
1038
821
701
598
420
288
298
233
118
178
432
614
559
533
571
534
253
-61
-345
-690
-1154
-1574
-1788
-1910
-2017
-2105
-2068
-1916
-1777
-1699
-1630
-1551
-1531
-1606
-1632
-1578
-1524
-1585
-1624
-1628
-1733
-1915
-2075
-2125
-2257
-2389
-2361
-2172
-1917
-1622
-1261
-831
-453
-248
-135
-60
-96
-298
-511
-600
-639
-575
-367
-79
201
456
723
965
1136
1310
1448
1588
1718
1814
1969
2214
2389
2489
2714
2907
2965
2976
2987
2888
2610
2274
2012
1785
1459
1094
893
839
742
676
786
956
1083
1104
1188
1328
1360
1258
1105
985
756
426
66
-270
-622
-968
-1235
-1460
-1528
-1531
-1575
-1635
-1608
-1480
-1444
-1386
-1337
-1250
-1171
-1135
-989
-796
-678
-671
-782
-948
-1200
-1526
-1873
-2155
-2419
-2567
-2500
-2324
-2030
-1703
-1312
-970
-807
-723
-704
-801
-1038
-1293
-1441
-1567
-1596
-1470
-1293
-1076
-883
-657
-395
-135
116
437
755
1022
1296
1558
1865
2122
2270
2350
2444
2465
2444
2428
2334
2218
1955
1716
1485
1275
1009
767
621
497
477
540
710
916
1109
1318
1549
1763
1840
1802
1679
1478
1192
897
610
280
-70
-297
-465
-522
-502
-415
-288
-346
-370
-341
-332
-413
-481
-483
-453
-435
-481
-377
-322
-447
-616
-714
-836
-1043
-1276
-1412
-1476
-1479
-1382
-1204
-920
-695
-592
-576
-563
-646
-926
-1233
-1451
-1616
-1848
-2003
-1974
-1885
-1883
-1879
-1751
-1514
-1468
-1395
-1069
-718
-424
-164
195
584
805
945
1080
1189
1170
1081
1024
1071
1036
944
923
910
951
939
888
874
843
769
749
741
778
777
769
830
908
1045
1201
1369
1429
1471
1432
1302
1136
866
620
385
188
83
149
275
371
411
512
614
623
591
565
563
522
434
386
386
240
28
-164
-354
-526
-705
-823
-853
-834
-805
-721
-503
-309
-253
-266
-259
-349
-552
-805
-986
-1142
-1385
-1559
-1583
-1540
-1545
-1551
-1496
-1415
-1428
-1439
-1340
-1158
-1030
-933
-692
-409
-209
-89
31
94
84
12
-42
-30
-16
-32
2
123
259
361
401
442
469
476
443
465
538
563
576
655
744
824
882
896
887
822
766
689
574
387
266
209
187
239
398
582
703
766
825
933
968
931
913
954
985
1000
975
944
924
806
612
460
297
56
-205
-389
-454
-514
-512
-442
-314
-243
-248
-256
-283
-402
-623
-784
-907
-1042
-1217
-1350
-1362
-1340
-1333
-1283
-1165
-1088
-1090
-1044
-925
-768
-657
-509
-334
-147
-31
94
188
185
149
74
92
108
65
35
76
82
74
102
128
159
118
89
136
161
226
332
480
608
753
838
865
807
693
559
408
232
66
-55
-139
-99
-59
43
177
305
357
305
326
327
292
250
255
348
427
464
508
581
563
447
332
201
34
-130
-245
-316
-372
-361
-286
-136
-37
44
71
54
15
-135
-301
-456
-596
-717
-810
-851
-804
-757
-772
-766
-714
-716
-743
-716
-632
-533
-439
-312
-135
46
160
252
342
362
295
268
264
225
186
175
202
225
223
259
239
210
152
136
108
76
133
213
317
400
507
584
570
514
399
278
174
-6
-143
-241
-249
-216
-173
-20
135
216
254
345
399
408
391
383
396
418
456
490
515
480
451
367
307
199
78
-39
-151
-234
-333
-373
-387
-384
-359
-325
-279
-257
-298
-363
-415
-500
-547
-583
-592
-534
-485
-427
-426
-399
-450
-521
-556
-537
-503
-428
-334
-205
-53
60
165
228
255
183
115
69
-20
-118
-161
-153
-154
-67
7
93
182
247
293
332
322
358
387
412
454
454
467
441
400
289
191
127
8
-178
-271
-308
-340
-378
-322
-200
-117
-26
20
79
135
128
45
8
7
-12
-72
-72
12
54
115
221
354
412
423
427
420
348
247
190
164
137
94
115
112
34
-77
-166
-235
-313
-369
-338
-291
-223
-126
-36
32
78
95
123
168
181
134
115
119
114
132
178
233
262
255
213
198
155
96
6
-73
-101
-138
-134
-117
-100
-92
-123
-171
-210
-236
-248
-232
-172
-95
-35
93
152
149
105
42
-52
-204
-356
-475
-535
-602
-625
-547
-402
-324
-268
-181
-86
-73
-107
-149
-146
-204
-300
-303
-283
-246
-205
-132
-12
88
133
156
185
169
102
63
104
182
221
272
356
353
264
172
78
-42
-191
-304
-375
-381
-328
-242
-99
34
155
282
355
393
419
414
398
371
370
372
368
348
326
332
309
328
347
313
262
231
210
165
159
193
246
295
353
400
424
410
373
318
273
209
189
203
187
119
58
16
-57
-120
-172
-193
-233
-269
-244
-178
-152
-164
-197
-250
-304
-422
-512
-597
-659
-718
-731
-649
-560
-480
-422
-323
-221
-212
-211
-197
-257
-353
-435
-418
-383
-359
-301
-224
-163
-130
-159
-185
-231
-334
-448
-556
-601
-616
-606
-512
-378
-235
-95
70
217
318
367
414
469
472
492
494
493
486
542
582
610
651
634
597
521
478
469
485
514
535
575
606
638
638
632
590
521
471
368
298
259
208
153
148
181
225
215
222
235
224
198
182
209
190
143
40
-24
-105
-214
-352
-471
-537
-641
-690
-722
-698
-658
-665
-575
-474
-417
-388
-349
-334
-349
-446
-477
-460
-490
-493
-447
-399
-345
-300
-307
-293
-309
-362
-431
-512
-581
-644
-632
-611
-545
-457
-370
-255
-159
-102
-48
34
74
136
211
294
379
452
521
565
593
611
592
515
454
437
470
518
565
652
770
842
876
850
797
695
578
478
391
339
269
199
159
147
176
192
220
287
324
360
350
365
353
305
244
199
155
46
-80
-214
-336
-454
-539
-562
-547
-521
-493
-461
-447
-439
-462
-488
-535
-560
-603
-663
-671
-650
-638
-612
-574
-502
-421
-364
-330
-305
-286
-293
-333
-348
-386
-388
-365
-347
-302
-259
-172
-115
-97
-65
-46
-38
1
75
137
212
315
412
475
511
533
558
543
507
497
503
533
547
583
626
669
707
722
760
746
677
591
540
438
304
210
123
6
-59
-84
-113
-121
-132
-107
-71
-26
12
103
164
168
182
169
112
1
-108
-253
-383
-468
-541
-567
-557
-518
-438
-343
-245
-169
-167
-189
-238
-303
-372
-464
-456
-493
-504
-463
-417
-378
-345
-257
-185
-154
-124
-121
-122
-109
-85
-78
-47
12
39
38
37
44
2
-39
-105
-94
-61
-7
47
129
233
318
375
446
456
433
425
376
359
293
273
250
254
261
296
327
344
339
311
268
227
185
149
110
76
62
55
43
21
-11
-48
-70
-78
-91
-86
-54
-67
-57
-7
11
46
67
72
43
-7
-84
-148
-153
-187
-198
-158
-84
-83
-85
-111
-145
-209
-288
-316
-300
-275
-276
-232
-186
-143
-119
-104
-96
-70
-92
-138
-164
-167
-160
-180
-154
-91
-77
-44
6
-4
-26
-41
-53
-57
-59
-45
-11
45
94
144
192
268
295
321
305
295
282
261
233
221
255
263
274
288
290
236
208
171
110
60
30
15
-16
-51
-47
-42
-36
-54
-40
-28
-46
-65
-89
-126
-180
-198
-202
-192
-167
-147
-131
-114
-138
-173
-151
-144
-110
-41
22
71
127
135
102
58
-42
-149
-239
-311
-357
-331
-322
-260
-153
-39
29
113
185
204
208
193
158
131
98
64
13
-27
-84
-114
-127
-141
-118
-102
-44
-12
22
68
100
115
180
243
277
310
328
312
296
291
261
238
213
206
162
137
132
131
118
103
105
80
61
61
45
-26
-29
-46
-57
-49
-66
-74
-119
-138
-183
-238
-257
-268
-281
-261
-211
-178
-171
-163
-174
-194
-203
-204
-194
-196
-158
-166
-172
-125
-97
-99
-75
-74
-103
-128
-196
-214
-297
-321
-321
-285
-215
-155
-55
12
57
92
93
108
114
94
79
81
82
75
60
41
21
17
33
46
46
45
62
73
129
151
211
319
403
475
525
560
578
578
527
498
469
439
406
368
349
314
310
319
318
316
325
294
264
254
224
191
176
115
34
-47
-150
-202
-307
-351
-368
-375
-376
-344
-360
-353
-356
-390
-434
-488
-501
-536
-564
-528
-483
-445
-379
-350
-292
-296
-296
-322
-379
-442
-506
-554
-555
-579
-555
-482
-406
-352
-275
-197
-122
-79
0
67
89
112
132
156
166
192
187
184
211
192
158
159
166
163
188
240
301
366
411
477
493
513
524
550
568
568
566
556
548
536
506
466
449
412
373
370
362
332
314
319
333
340
348
379
354
307
224
150
47
-74
-162
-221
-256
-261
-267
-249
-232
-256
-268
-300
-330
-367
-404
-411
-382
-400
-378
-347
-341
-343
-363
-365
-378
-406
-440
-439
-451
-452
-452
-460
-463
-455
-458
-474
-436
-447
-422
-393
-362
-310
-265
-224
-160
-135
-104
-76
-60
-32
-28
-32
-25
8
2
26
88
137
192
254
302
374
385
389
406
411
414
443
459
493
527
518
541
510
462
425
385
372
402
431
458
498
512
516
498
492
458
391
341
292
249
193
165
151
113
92
98
69
29
-18
-68
-143
-211
-264
-295
-321
-345
-315
-329
-309
-280
-271
-260
-259
-260
-294
-322
-345
-361
-392
-386
-383
-396
-412
-422
-432
-444
-460
-460
-452
-443
-413
-372
-337
-319
-294
-303
-309
-265
-272
-262
-225
-198
-180
-148
-105
-41
-11
13
53
112
143
196
231
244
242
251
269
286
299
330
352
361
351
344
333
299
335
346
380
397
420
441
438
421
400
361
334
298
270
251
252
284
280
301
308
292
280
223
174
97
36
-18
-62
-74
-81
-73
-60
-37
8
30
25
21
7
-20
-86
-125
-169
-200
-221
-233
-216
-240
-250
-295
-311
-335
-350
-377
-384
-388
-394
-394
-378
-360
-344
-331
-323
-332
-345
-337
-337
-298
-299
-263
-245
-222
-216
-194
-158
-143
-125
-112
-71
-51
-52
-49
-40
-52
-42
-16
9
24
30
42
70
81
169
217
268
332
381
420
427
431
387
354
318
306
289
277
288
314
352
340
378
396
395
414
398
382
337
306
278
235
197
197
186
173
201
204
197
219
187
158
127
84
69
62
33
22
24
-35
-86
-148
-206
-271
-329
-346
-358
-365
-376
-385
-400
-395
-401
-452
-485
-492
-501
-472
-462
-431
-374
-329
-311
-269
-252
-253
-276
-324
-319
-334
-318
-308
-279
-263
-249
-201
-174
-145
-125
-98
-82
-54
-44
-40
7
46
85
140
184
237
259
253
250
265
258
244
262
253
248
296
302
338
354
372
396
386
390
373
375
348
360
371
354
360
359
353
353
351
302
296
273
236
258
272
297
309
319
278
266
240
181
152
87
56
-1
-34
-71
-136
-172
-211
-237
-275
-290
-338
-355
-371
-387
-357
-336
-337
-333
-337
-343
-355
-360
-364
-413
-415
-450
-471
-479
-476
-450
-458
-443
-402
-397
-391
-370
-362
-331
-304
-282
-250
-222
-213
-179
-128
-100
-68
-69
-69
-59
-57
-60
-31
11
38
97
168
239
285
326
357
359
354
327
321
330
343
371
419
469
502
509
521
536
501
483
478
458
430
441
445
443
446
443
433
404
409
398
378
346
315
268
228
160
96
38
-3
-57
-94
-124
-171
-200
-219
-199
-199
-199
-197
-198
-215
-254
-256
-293
-328
-370
-406
-453
-467
-490
-519
-513
-492
-464
-453
-404
-419
-410
-406
-384
-379
-349
-322
-318
-289
-269
-262
-271
-265
-292
-303
-308
-312
-309
-277
-241
-206
-152
-115
-46
-4
23
83
116
122
142
156
165
171
225
273
323
365
390
447
449
445
438
457
456
464
487
517
518
536
566
575
590
590
593
583
548
514
468
437
375
331
308
254
225
206
149
107
47
-9
-39
-54
-47
-48
-38
-35
-81
-135
-175
-237
-283
-324
-386
-402
-440
-482
-510
-532
-575
-565
-570
-564
-551
-522
-486
-489
-436
-436
-439
-447
-440
-464
-473
-466
-486
-483
-481
-468
-461
-427
-367
-322
-239
-178
-107
-88
-62
-32
-10
10
15
71
105
175
213
278
333
370
396
435
463
487
519
544
586
604
643
665
706
694
697
693
666
654
627
620
613
610
589
560
519
459
393
358
305
258
219
175
137
102
63
49
23
-12
-48
-71
-114
-163
-192
-219
-256
-265
-271
-325
-359
-413
-470
-531
-584
-620
-656
-677
-672
-676
-652
-630
-586
-554
-502
-472
-452
-450
-463
-471
-513
-533
-571
-579
-579
-548
-503
-440
-380
-344
-279
-252
-205
-175
-129
-81
-43
27
89
128
171
185
215
240
261
297
333
352
386
430
471
511
541
590
621
663
687
690
687
703
700
694
690
690
659
626
587
560
497
472
429
369
373
329
327
311
305
288
264
246
203
164
129
74
38
-7
-36
-72
-101
-145
-177
-201
-281
-326
-385
-433
-468
-483
-486
-470
-438
-422
-414
-427
-465
-500
-520
-536
-566
-573
-563
-574
-584
-601
-607
-603
-576
-534
-486
-448
-430
-415
-398
-406
-380
-353
-314
-258
-185
-125
-86
-33
-26
1
-9
32
53
85
124
163
187
226
264
274
302
335
387
408
461
503
539
556
568
570
570
532
495
479
455
424
414
418
389
371
345
355
374
370
397
383
372
348
301
270
231
206
207
194
153
153
124
56
-28
-66
-127
-174
-211
-235
-195
-202
-180
-178
-175
-178
-217
-240
-279
-326
-350
-361
-384
-371
-371
-374
-386
-373
-397
-389
-391
-381
-377
-379
-387
-371
-377
-376
-334
-306
-229
-191
-126
-101
-88
-82
-85
-80
-67
-65
-52
-27
-15
7
39
89
92
137
174
170
201
240
261
260
276
266
256
243
233
222
205
216
206
201
208
209
188
179
184
214
203
203
222
225
226
237
227
225
199
160
142
87
48
-5
-34
-67
-88
-105
-105
-88
-52
-26
0
22
9
-9
-37
-78
-129
-168
-193
-183
-172
-177
-164
-166
-166
-171
-183
-168
-174
-187
-192
-189
-192
-182
-161
-140
-116
-67
-17
-33
-8
-2
-3
4
10
12
6
11
30
49
56
75
96
120
124
135
127
141
148
167
178
169
193
185
176
146
136
129
110
90
86
70
63
38
29
2
4
10
0
1
-21
-16
-31
-43
-30
-38
-15
-36
-49
-74
-117
-169
-206
-195
-208
-202
-189
-161
-158
-118
-105
-107
-111
-126
-132
-155
-191
-194
-198
-209
-187
-163
-137
-99
-100
-93
-72
-67
-52
-47
-23
-23
-12
-16
2
6
15
48
85
124
154
161
163
185
173
173
180
212
198
197
229
220
215
225
239
257
251
270
290
302
302
312
309
293
282
256
216
206
185
141
131
112
94
76
69
39
20
-6
-19
-28
-38
-35
-27
-26
-51
-81
-110
-155
-211
-253
-315
-318
-356
-378
-369
-367
-342
-323
-283
-256
-247
-247
-234
-244
-264
-284
-276
-289
-298
-300
-291
-301
-313
-303
-306
-298
-280
-226
-189
-168
-125
-92
-68
-49
-13
15
45
80
103
127
136
152
164
178
194
208
216
223
248
257
290
311
337
367
374
392
394
403
403
380
386
374
360
347
335
306
299
290
278
274
274
289
283
252
238
191
151
102
44
33
22
8
11
11
-7
-27
-76
-111
-144
-194
-221
-257
-283
-307
-334
-338
-351
-350
-333
-311
-314
-320
-317
-338
-358
-361
-359
-363
-357
-366
-339
-345
-360
-368
-342
-324
-288
-253
-236
-228
-210
-188
-189
-173
-140
-88
-59
-3
22
43
36
31
43
59
85
112
153
192
218
230
242
262
260
300
341
379
420
441
462
449
429
384
369
357
331
333
326
324
319
308
302
304
310
312
310
302
279
252
246
207
189
145
130
105
37
13
-33
-75
-109
-142
-165
-173
-218
-246
-267
-294
-304
-304
-290
-313
-316
-346
-345
-361
-389
-395
-410
-399
-403
-397
-404
-395
-409
-411
-411
-399
-408
-410
-395
-354
-321
-279
-242
-194
-155
-151
-90
-78
-50
-21
-25
-18
10
19
35
63
101
152
208
255
302
335
355
372
399
382
387
391
397
405
407
404
390
403
409
415
414
422
408
398
389
371
345
322
305
319
284
303
301
268
262
234
204
165
117
72
23
-22
-70
-124
-144
-175
-201
-224
-218
-221
-235
-244
-248
-267
-294
-316
-332
-360
-395
-422
-429
-452
-475
-460
-468
-463
-469
-450
-440
-434
-425
-398
-379
-360
-313
-306
-275
-278
-253
-230
-222
-190
-173
-145
-134
-113
-84
-44
-21
16
75
105
145
171
180
213
232
274
309
366
384
383
385
379
364
344
335
349
376
402
431
444
463
452
465
442
419
397
388
385
342
336
334
312
287
278
241
211
168
143
106
64
35
-6
-14
-41
-62
-104
-129
-163
-175
-189
-175
-185
-195
-206
-256
-272
-316
-318
-329
-351
-365
-396
-410
-425
-447
-448
-472
-468
-456
-447
-407
-394
-362
-345
-303
-284
-246
-230
-238
-205
-206
-190
-170
-158
-151
-139
-132
-103
-79
-48
1
46
114
163
217
237
254
254
252
254
233
245
264
282
312
328
332
332
357
354
350
371
373
383
369
366
367
337
332
333
330
296
288
284
238
210
198
186
147
135
113
88
45
37
-13
-43
-56
-54
-39
-70
-68
-98
-129
-155
-160
-182
-205
-208
-224
-250
-288
-316
-333
-341
-345
-321
-316
-295
-306
-305
-297
-312
-298
-287
-259
-252
-237
-219
-223
-222
-212
-204
-200
-175
-177
-164
-148
-153
-115
-90
-57
-28
14
50
50
48
51
49
61
79
102
139
159
197
205
213
205
223
201
207
198
177
193
198
244
284
310
335
359
330
311
283
236
201
213
207
199
197
186
168
149
141
137
140
138
140
133
99
81
57
26
1
8
-20
-33
-53
-104
-137
-189
-198
-218
-204
-153
-144
-120
-110
-126
-171
-194
-247
-261
-263
-251
-226
-198
-199
-205
-208
-229
-209
-230
-204
-208
-204
-203
-200
-188
-178
-159
-143
-115
-88
-69
-54
-40
-36
-47
-61
-40
-42
-35
-19
0
28
49
88
105
93
127
133
126
126
134
130
142
158
190
207
218
230
209
214
209
202
198
227
214
212
247
247
253
240
247
244
265
240
142
-19
-312
-467
-384
-190
167
524
729
725
238
-207
-572
-753
-659
-314
146
539
750
742
562
259
-40
-229
-346
-360
-302
-256
-145
-169
-193
-203
-193
-182
-197
-222
-232
-281
-354
-473
-673
-727
-694
-601
-400
-165
18
138
117
89
-22
-151
-327
-484
-560
-527
-378
-163
107
276
388
391
324
170
-10
-145
-223
-236
-154
-5
186
370
479
570
575
531
439
345
267
203
189
208
241
290
370
440
516
561
592
579
528
411
303
170
63
-3
-6
36
81
135
178
222
227
216
167
63
-39
-145
-230
-286
-273
-260
-212
-196
-203
-244
-311
-409
-500
-556
-593
-567
-539
-483
-442
-407
-366
-370
-355
-346
-300
-259
-234
-199
-176
-188
-234
-228
-245
-231
-161
-87
34
99
146
164
111
33
-46
-91
-94
-44
84
244
395
484
490
419
318
226
158
159
190
252
339
377
377
376
324
271
234
207
160
136
107
94
92
70
65
74
67
60
66
57
55
34
-11
-74
-104
-140
-161
-128
-67
-26
-14
-10
-40
-84
-153
-166
-184
-188
-201
-194
-198
-193
-176
-153
-117
-87
-37
-8
1
-9
-23
-61
-87
-96
-59
-25
29
65
75
70
43
22
-12
-32
-12
17
40
46
51
51
26
17
3
3
-17
-15
9
17
31
44
48
42
15
10
0
5
22
28
56
77
83
65
31
-25
-80
-105
-85
-75
-29
26
50
44
28
-19
-63
-72
-55
-53
3
27
35
39
11
-19
-71
-79
-115
-80
-39
-12
44
71
62
52
16
0
-26
-61
-68
-67
-66
-70
-39
-12
11
10
19
5
-34
-39
-26
-1
31
70
105
91
70
38
23
34
63
111
132
147
145
139
110
68
37
9
-19
-14
-9
-27
9
21
64
74
99
99
70
52
33
3
-20
-16
-34
-25
-15
-8
-23
-23
-41
-66
-74
-75
-70
-79
-46
-60
-64
-64
-74
-60
-76
-56
-33
-27
-23
-54
-75
-125
-142
-148
-118
-71
-38
13
16
4
-26
-80
-100
-130
-126
-103
-64
-37
-4
10
1
-5
-8
-6
0
21
43
84
102
94
74
74
60
37
18
57
72
82
109
129
119
126
102
80
84
67
86
81
76
75
72
35
26
2
13
22
11
50
52
43
8
6
-32
-63
-50
-53
-21
-1
50
52
47
35
-5
-40
-79
-102
-107
-76
-72
-44
-13
23
21
60
66
47
23
-28
-39
-70
-57
-23
-10
17
31
28
10
-10
-33
-77
-89
-101
-95
-96
-88
-72
-75
-40
-17
9
19
11
-5
-54
-95
-146
-164
-172
-142
-99
-67
-39
-20
-11
-21
-54
-65
-49
-59
-42
-22
22
72
73
100
114
100
77
70
32
37
49
63
97
119
156
160
183
181
177
162
149
118
81
70
63
73
99
118
156
197
196
180
125
92
58
21
29
35
14
23
29
26
64
54
80
45
15
-17
-77
-118
-163
-198
-193
-176
-165
-179
-172
-182
-204
-215
-195
-203
-202
-182
-202
-180
-207
-206
-191
-178
-167
-152
-140
-147
-168
-166
-156
-157
-137
-139
-116
-88
-79
-76
-37
-14
6
38
48
77
75
83
83
88
121
104
108
104
138
136
162
186
199
213
215
234
234
245
225
233
223
207
182
175
171
161
165
165
195
185
175
195
187
152
139
127
119
81
60
52
39
35
12
22
4
9
2
15
5
-21
-22
-46
-46
-74
-80
-106
-123
-145
-156
-174
-188
-186
-191
-197
-211
-212
-225
-245
-263
-245
-237
-253
-224
-209
-215
-209
-231
-246
-262
-269
-251
-240
-219
-219
-169
-167
-131
-103
-78
-69
-53
-47
-31
-33
-1
22
56
94
96
119
118
123
112
128
134
178
193
217
269
274
297
325
343
329
336
333
310
303
289
262
265
247
250
261
245
243
229
218
185
170
167
144
128
113
84
69
44
26
-1
-11
-25
-21
-34
-61
-90
-146
-188
-235
-254
-277
-281
-272
-280
-271
-281
-295
-300
-309
-312
-288
-277
-320
-315
-324
-324
-309
-308
-260
-228
-197
-164
-147
-129
-141
-145
-144
-127
-97
-53
-19
20
47
75
81
104
94
91
109
103
121
141
167
172
204
217
234
218
228
211
212
227
229
231
233
224
181
164
154
150
141
134
134
128
128
111
116
115
119
118
98
103
87
74
82
83
76
72
55
31
17
-16
-28
-22
-35
-33
-8
1
-4
-5
-32
-36
-76
-114
-136
-145
-169
-160
-140
-127
-104
-91
-85
-109
-120
-148
-167
-174
-182
-165
-159
-170
-190
-194
-196
-197
-165
-146
-122
-112
-108
-120
-121
-124
-99
-71
-44
-23
-12
0
-4
-29
-50
-40
-36
-44
-17
2
7
43
70
95
140
168
170
188
195
195
179
157
123
114
87
77
90
101
122
157
176
190
192
181
183
156
148
142
139
94
97
65
53
51
24
52
45
23
28
43
25
24
1
-27
-61
-80
-78
-87
-104
-100
-111
-117
-119
-123
-128
-130
-112
-102
-81
-85
-83
-115
-137
-153
-168
-165
-158
-140
-103
-86
-69
-77
-82
-74
-89
-79
-60
-44
-32
-2
8
13
9
23
15
19
7
-2
19
4
14
48
54
75
100
105
114
121
119
112
108
90
68
62
47
54
58
64
97
105
136
134
144
135
106
103
72
70
47
28
24
17
15
11
18
17
8
-4
-6
-13
-21
-5
9
8
7
-1
-37
-59
-71
-83
-90
-99
-89
-101
-96
-104
-87
-85
-65
-57
-66
-82
-86
-109
-118
-123
-126
-122
-131
-109
-108
-83
-97
-78
-75
-72
-73
-52
-49
-43
-23
3
-1
-20
-26
-24
-13
-14
30
54
68
92
110
123
125
122
110
97
104
107
101
102
100
111
131
136
148
157
158
158
169
157
164
146
129
92
76
60
43
33
17
16
23
25
26
20
10
-1
-9
-13
-40
-61
-80
-84
-112
-107
-125
-126
-147
-128
-127
-139
-134
-145
-130
-150
-141
-125
-144
-125
-137
-158
-118
-170
-160
-139
-150
-133
-110
-89
-81
-62
-53
-22
-14
5
13
26
51
51
55
54
60
65
63
72
71
89
126
145
173
189
188
173
168
163
146
136
142
142
142
148
155
159
143
116
103
82
66
63
72
50
70
51
23
29
6
-5
-36
-21
-51
-70
-80
-102
-131
-141
-152
-120
-104
-96
-69
-80
-75
-88
-98
-133
-151
-163
-164
-152
-132
-121
-117
-104
-92
-84
-67
-61
-69
-70
-79
-66
-62
-43
-36
-9
1
2
9
-3
17
29
50
79
89
94
107
84
64
50
70
58
63
74
67
66
68
74
87
104
104
120
99
102
90
89
74
81
92
75
74
60
52
41
58
40
42
50
48
64
39
34
-4
-29
-32
-28
-28
-16
-18
-30
-37
-42
-60
-58
-47
-33
-15
-34
-40
-65
-101
-120
-129
-129
-120
-107
-90
-91
-93
-93
-102
-99
-104
-95
-110
-103
-100
-116
-118
-114
-108
-88
-55
-38
-38
-16
-36
-32
-36
-35
-29
-14
10
9
25
23
23
14
11
23
44
66
77
100
119
151
135
159
165
161
157
139
142
149
139
130
153
132
142
134
120
137
138
148
158
168
128
114
94
71
50
45
47
28
41
17
25
-3
7
11
-1
-5
-22
-24
-65
-80
-104
-113
-124
-129
-133
-143
-136
-141
-135
-148
-123
-141
-128
-121
-133
-130
-140
-139
-143
-150
-144
-150
-138
-135
-143
-151
-141
-120
-104
-65
-62
-39
-42
-53
-73
-90
-76
-66
-30
-16
9
16
29
39
38
45
35
60
61
62
63
64
81
78
79
97
94
105
116
115
111
107
110
123
142
139
148
148
143
133
139
130
138
130
136
132
103
93
90
83
72
70
65
66
57
65
83
94
100
70
65
13
-19
-58
-60
-71
-68
-34
-22
-22
-29
-40
-62
-87
-106
-104
-139
-144
-151
-170
-182
-147
-166
-147
-141
-150
-138
-159
-149
-158
-162
-171
-149
-132
-137
-128
-124
-142
-147
-139
-124
-117
-101
-68
-54
-45
-26
-18
-18
-3
17
31
43
53
71
70
83
99
113
131
164
183
198
210
207
184
181
169
158
183
207
208
221
228
199
171
149
142
136
137
142
148
144
146
133
116
104
92
71
55
32
3
-15
-61
-64
-66
-71
-53
-52
-70
-72
-98
-111
-115
-136
-142
-144
-121
-146
-136
-162
-173
-181
-196
-196
-218
-191
-208
-196
-178
-171
-141
-144
-140
-135
-131
-130
-109
-92
-85
-76
-59
-65
-76
-88
-85
-69
-64
-45
-17
4
28
22
28
47
64
79
103
114
110
88
80
91
83
88
124
136
148
162
165
157
155
157
145
118
117
124
135
142
155
176
147
140
121
109
92
97
104
121
134
119
110
76
56
39
22
34
32
34
25
12
-2
-41
-73
-77
-74
-48
-37
-32
-49
-70
-87
-117
-133
-164
-178
-188
-179
-166
-156
-130
-118
-104
-98
-106
-109
-118
-142
-145
-154
-163
-160
-167
-165
-160
-137
-146
-121
-87
-79
-49
-32
-28
-22
-17
-20
-10
9
4
20
14
7
19
19
33
40
75
80
114
119
126
121
131
148
154
196
190
192
171
144
118
118
109
135
162
170
208
219
186
155
128
83
69
65
80
68
67
63
62
68
57
45
27
15
0
-2
-13
-11
-20
-35
-43
-69
-95
-119
-118
-128
-139
-112
-103
-94
-85
-70
-69
-85
-98
-119
-148
-159
-173
-173
-167
-142
-151
-122
-98
-89
-81
-100
-99
-111
-106
-116
-107
-99
-84
-87
-87
-69
-51
-28
-15
-1
-1
-49
-99
-96
-73
-21
49
130
158
131
117
108
49
-10
26
53
79
106
122
156
138
107
67
85
118
112
153
164
174
185
164
155
138
136
150
150
168
166
133
115
91
54
24
17
34
9
8
35
26
15
-1
-18
-41
-47
-47
-51
-78
-61
-73
-88
-58
-29
-37
-50
-53
-80
-116
-142
-166
-175
-156
-136
-123
-109
-111
-125
-114
-122
-111
-128
-123
-136
-147
-155
-126
-93
-61
-48
-52
-41
-80
-96
-97
-88
-47
-4
12
33
40
59
39
60
48
40
40
40
43
48
75
81
84
103
122
124
145
151
153
170
161
144
128
111
104
114
124
120
110
84
69
39
34
22
43
57
72
74
79
65
48
23
37
21
11
-6
-53
-75
-101
-97
-77
-19
-3
41
49
25
0
-57
-84
-113
-110
-110
-78
-71
-65
-58
-81
-68
-73
-67
-63
-47
-64
-63
-75
-65
-54
-60
-27
-34
-30
-39
-49
-72
-78
-75
-94
-69
-65
-51
-52
-39
-37
-33
-39
-46
-12
-26
-5
-18
-12
-18
-12
-8
16
49
44
60
63
61
52
61
45
42
49
43
42
43
49
50
54
77
86
83
98
80
71
52
45
33
30
48
39
52
47
46
37
35
36
62
68
77
86
77
53
32
22
-11
-8
7
16
27
12
6
-10
-26
-46
-31
-19
-14
-2
-12
-16
-23
-31
-48
-63
-58
-52
-71
-61
-92
-101
-117
-113
-123
-114
-88
-97
-76
-68
-55
-63
-36
-26
-36
-9
-17
-24
-53
-71
-107
-98
-82
-66
-26
5
30
53
50
52
48
42
37
38
64
65
65
86
90
62
76
64
83
78
109
117
113
123
97
103
99
109
109
94
93
71
45
33
13
23
40
35
49
59
49
24
-2
-20
-37
-60
-50
-53
-33
-40
-41
-40
-57
-58
-73
-62
-86
-89
-90
-93
-108
-106
-106
-107
-87
-104
-100
-116
-115
-119
-99
-92
-98
-63
-60
-52
-47
-55
-49
-37
-45
-40
-35
-50
-50
-34
-28
-8
11
19
22
44
47
41
38
49
50
64
80
89
94
87
75
77
88
97
112
142
139
125
116
102
96
74
83
85
97
96
83
81
68
64
45
46
43
54
50
60
34
27
7
-17
-5
-14
0
1
3
-11
-20
-62
-72
-78
-80
-66
-58
-54
-63
-66
-83
-91
-84
-74
-75
-59
-65
-72
-80
-108
-116
-124
-102
-96
-81
-52
-55
-38
-45
-54
-69
-61
-62
-57
-43
-45
-29
-29
-10
1
14
19
52
44
51
28
35
40
27
31
31
54
32
75
79
94
100
106
99
93
92
98
79
82
82
59
66
67
63
54
52
41
54
46
34
35
37
22
13
18
1
-5
-25
-19
-23
-29
-45
-58
-73
-88
-88
-80
-73
-59
-36
-44
-38
-55
-58
-73
-74
-81
-76
-86
-77
-88
-77
-69
-80
-60
-60
-52
-50
-27
-5
-8
-1
18
1
10
-22
-20
-18
-5
23
32
56
56
63
48
49
37
35
47
39
39
45
38
48
50
61
62
73
87
72
75
78
65
55
53
44
52
50
48
39
32
27
13
-1
-18
2
8
26
45
41
35
21
-9
-10
-10
-24
-5
-2
-17
-33
-35
-49
-74
-69
-55
-42
-43
-24
-29
-47
-36
-30
-44
-33
-26
-8
-16
-25
-38
-59
-77
-84
-87
-78
-61
-61
-50
-28
-12
-9
-11
-23
-21
-29
-22
-19
-20
-6
-8
18
6
8
16
0
7
4
10
14
29
38
53
68
55
64
63
54
42
38
46
41
35
52
57
67
77
72
65
66
71
55
53
43
31
14
14
26
12
22
23
4
10
-7
6
-5
4
-1
2
-5
-19
-7
-28
-39
-40
-62
-66
-63
-73
-70
-83
-88
-98
-97
-105
-92
-92
-68
-67
-57
-59
-40
-42
-58
-69
-82
-76
-85
-68
-63
-60
-54
-41
-37
-43
-18
-12
8
19
28
32
28
24
22
17
9
50
58
68
82
74
73
57
62
73
88
101
113
144
130
127
98
96
83
91
88
87
86
58
73
43
38
30
38
52
55
71
66
61
44
37
14
14
21
-4
5
-19
-23
-17
-31
-31
-41
-34
-34
-31
-43
-49
-50
-66
-70
-65
-76
-82
-72
-83
-81
-86
-83
-66
-70
-67
-57
-60
-68
-77
-91
-91
-81
-72
-61
-51
-40
-48
-43
-43
-48
-42
-57
-58
-57
-57
-52
-39
-37
2
19
45
40
40
23
0
-6
-5
22
25
56
68
70
72
74
78
86
86
100
92
76
68
42
35
29
43
46
81
85
86
84
79
67
54
50
29
42
45
32
33
10
2
0
-21
-4
-6
-4
4
6
-3
-7
-19
-34
-14
-33
-34
-25
-41
-55
-67
-86
-77
-76
-63
-55
-46
-44
-39
-55
-48
-60
-71
-61
-58
-50
-38
-25
-25
-22
-37
-30
-34
-44
-47
-39
-35
-22
0
10
16
19
25
19
18
25
20
23
7
4
12
12
16
16
38
53
55
70
67
74
67
68
74
75
64
68
74
70
72
66
56
62
52
35
38
35
37
45
39
35
27
14
21
34
46
39
49
28
14
-5
-25
-34
-32
-27
-34
-25
-43
-53
-72
-93
-74
-66
-63
-64
-51
-66
-79
-89
-109
-114
-127
-113
-113
-100
-112
-112
-108
-114
-109
-112
-97
-81
-66
-53
-34
-28
-23
-23
-19
-18
-2
13
8
22
13
5
17
18
39
40
67
77
74
104
98
111
110
133
124
110
105
97
76
83
94
92
100
107
119
102
102
91
88
85
93
85
84
75
67
48
42
53
39
30
21
-1
0
-23
-15
-17
-8
6
12
-1
-26
-34
-68
-69
-97
-91
-103
-99
-87
-99
-94
-95
-83
-86
-66
-76
-77
-74
-98
-89
-85
-77
-70
-53
-57
-48
-60
-88
-101
-93
-69
-67
-47
-30
-16
-22
-14
-20
-21
-10
-10
11
21
25
33
22
28
11
24
15
18
31
26
27
26
11
15
26
33
51
62
76
82
73
77
65
44
37
21
24
33
17
39
40
35
39
53
57
57
57
50
40
48
49
42
41
32
33
12
-3
-6
-6
1
20
29
17
21
11
-1
-1
-17
-2
1
-16
8
4
-3
-11
-25
-11
-33
-19
-32
-24
-29
-55
-48
-54
-53
-44
-32
-43
-35
-39
-49
-66
-58
-60
-74
-66
-63
-55
-52
-40
-37
-43
-34
-35
-31
-27
-28
-26
-24
-27
-35
-27
-19
-8
13
31
44
59
48
31
15
18
17
17
46
55
66
73
83
77
58
60
67
61
47
39
49
34
25
39
44
44
51
47
42
40
48
43
60
49
48
47
5
-4
-47
-47
-46
-45
-22
-27
-15
-15
-31
-29
-23
-11
-20
-7
-21
-35
-62
-73
-78
-85
-77
-75
-59
-63
-39
-57
-39
-38
-28
-4
-9
9
-3
-1
-16
-35
-43
-48
-53
-49
-21
-19
7
15
19
28
18
22
27
24
28
26
25
23
6
9
8
10
5
19
29
24
15
42
31
30
34
25
38
8
27
27
33
38
39
50
29
21
22
11
-2
19
21
31
44
52
39
28
34
19
2
12
14
-26
-11
-17
-27
-23
0
-4
-4
23
7
-7
-9
-19
-44
-27
-25
-21
-25
-32
-36
-34
-38
-50
-42
-34
-36
-41
-43
-62
-63
-58
-49
-50
-35
-26
-34
-30
-17
-7
-1
3
19
16
13
-8
9
-13
-21
-8
7
14
34
17
31
23
6
24
10
16
14
30
48
52
45
56
25
16
3
10
11
17
11
14
16
14
20
33
42
46
41
35
13
4
-13
-32
-30
-22
-18
-14
-13
-11
-25
-30
-11
-9
0
17
38
33
24
5
-8
-16
-22
-17
-5
11
7
7
-6
-21
-18
3
-9
3
11
18
13
19
9
5
10
17
13
4
10
-16
-22
-28
-28
-26
-15
-33
0
-18
0
10
6
10
13
18
7
14
-3
-25
-34
-45
-50
-47
-40
-28
-10
9
8
11
12
16
5
8
1
-5
-15
-25
-6
-10
-2
21
15
9
-10
-24
-37
-42
-35
3
0
31
42
29
20
3
4
-3
-3
5
15
16
11
11
-6
-1
17
7
28
48
41
38
31
11
5
-1
1
20
27
44
46
43
25
9
6
-9
-7
-16
-5
5
0
-1
-22
-27
-43
-40
-39
-18
-12
-10
-8
-11
-14
-35
-19
-32
-29
-34
-36
-33
-51
-54
-41
-49
-17
5
20
26
32
29
11
18
13
16
11
18
7
-5
4
-9
-17
0
5
13
38
41
41
46
26
31
19
19
15
-1
-7
-13
-6
-16
-10
-22
7
1
5
15
13
0
-4
7
-3
-6
-12
-18
-26
-23
-37
-31
-33
-42
-51
-43
-44
-32
-30
-12
-14
8
1
7
16
6
15
1
14
6
17
18
13
-2
9
14
33
40
32
39
36
40
27
43
28
59
61
69
68
60
39
22
19
15
32
40
64
53
53
34
26
13
10
1
16
13
30
3
-8
-22
-51
-54
-55
-42
-45
-32
-34
-38
-44
-40
-50
-60
-49
-43
-44
-51
-65
-71
-88
-83
-64
-60
-58
-45
-40
-39
-52
-42
-44
-46
-36
-34
-31
-44
-43
-60
-50
-26
-3
15
35
31
28
18
-5
-6
0
-2
21
46
47
38
36
31
34
31
49
68
63
58
45
51
26
33
43
44
54
40
28
39
31
48
49
55
59
53
46
24
22
5
20
30
43
47
49
41
21
11
5
8
1
7
17
27
24
23
26
-3
-10
-18
-12
-24
-19
-30
-22
-35
-37
-26
-27
-32
-31
-24
-41
-51
-47
-56
-55
-47
-47
-33
-46
-41
-54
-70
-61
-66
-59
-48
-44
-45
-41
-44
-57
-54
-41
-36
-11
0
10
-1
-3
-15
-13
-8
3
23
26
16
-5
-7
-10
-13
-1
28
47
48
53
51
40
49
43
57
69
75
63
50
32
9
11
19
29
42
47
55
63
54
53
52
54
49
47
35
23
-4
-3
-12
-19
0
20
24
17
17
0
-16
-11
-28
-27
-15
-1
-9
-13
-25
-55
-72
-82
-83
-92
-76
-59
-53
-44
-27
-13
-11
-15
-3
-22
-22
-34
-43
-62
-67
-47
-58
-58
-45
-43
-22
-32
-11
12
1
12
11
20
18
7
17
10
13
7
13
9
-5
2
11
32
56
55
54
63
54
52
55
51
56
49
50
43
33
31
13
1
8
20
31
54
64
65
68
59
48
34
31
11
14
4
0
10
-2
8
7
7
8
23
11
-1
-8
-17
-26
-31
-32
-20
-41
-30
-38
-47
-57
-63
-56
-73
-43
-43
-44
-41
-46
-43
-54
-48
-59
-48
-58
-57
-66
-65
-62
-62
-57
-58
-36
-46
-38
-33
-28
-31
-31
-13
-9
-2
9
20
21
18
10
3
-2
15
15
35
44
41
59
53
56
52
43
43
33
44
42
52
63
74
86
92
76
81
60
58
61
43
65
51
63
49
53
37
39
35
4
10
-9
-2
-6
-4
7
11
20
12
-4
-2
-24
-28
-35
-34
-30
-38
-31
-48
-46
-55
-56
-54
-35
-20
-12
1
2
-14
-30
-59
-84
-83
-88
-95
-51
-48
-53
-41
-30
-42
-28
-33
-25
-32
-29
-27
-33
-41
-31
-26
-31
-9
-5
-10
-5
7
-6
15
11
28
23
23
24
30
21
41
26
22
39
48
52
61
62
59
69
49
53
39
32
40
47
62
55
59
37
26
7
-20
-7
6
15
18
39
27
25
10
-7
4
4
12
6
7
-9
-22
-18
-38
-48
-26
-29
-17
-1
6
9
29
7
13
-4
-10
-22
-27
-52
-68
-55
-59
-50
-45
-31
-28
-20
-29
-24
-16
-10
-6
-12
-11
-36
-46
-66
-77
-51
-59
-40
-29
-21
-20
-19
-14
-8
-15
-10
-9
12
6
9
17
7
20
20
23
25
16
15
29
34
30
33
48
40
68
74
86
71
77
67
56
55
51
62
63
70
60
68
55
50
39
35
45
34
40
33
24
21
12
6
-3
-17
-24
-21
-27
-30
-23
-26
-28
-23
-30
-56
-46
-48
-60
-68
-63
-70
-62
-70
-78
-68
-72
-67
-65
-58
-57
-72
-64
-82
-92
-83
-75
-71
-47
-26
-31
-16
-27
-33
-41
-34
-27
-24
7
-4
22
11
17
18
16
41
38
63
63
68
54
57
47
51
61
78
75
85
86
72
58
64
71
66
60
60
53
39
41
41
37
34
28
28
29
24
17
26
14
-2
-5
-1
-4
-13
-17
-33
-52
-46
-48
-33
-21
0
9
-8
-24
-41
-49
-60
-61
-52
-36
-29
-29
-17
-19
-43
-41
-49
-41
-27
-19
-16
1
4
10
11
-8
-5
-8
4
-6
18
22
12
12
9
10
-9
10
15
21
30
44
44
35
32
18
9
4
0
15
8
11
18
7
8
0
-2
-5
-4
-7
-3
3
-3
-10
-17
-28
-50
-57
-36
-39
-17
-3
4
-12
-9
-23
-37
-43
-48
-38
-28
-4
-1
7
-12
-8
-18
-7
-15
1
7
-5
15
-4
20
-2
8
7
22
37
35
66
48
43
32
31
23
12
4
7
19
8
29
35
47
29
34
27
27
10
11
5
-6
-2
-1
5
-16
-5
-24
-20
-19
-9
-8
-11
-10
-22
-25
-32
-43
-41
-39
-30
-9
-21
-2
3
1
2
4
10
-6
-1
1
-2
0
5
8
-2
6
12
11
12
7
4
7
3
9
8
9
9
-2
0
-11
-15
-9
-5
-1
4
-2
9
8
14
6
9
-9
-16
-18
-23
-13
-3
-5
-2
-3
-14
-25
-20
-26
-28
2
3
16
14
9
8
1
0
-5
3
4
3
-2
-7
-5
3
-4
17
1
18
9
-13
-3
-18
-5
-14
-1
13
2
-4
-5
-5
-11
-9
14
18
31
51
53
53
42
38
29
23
29
22
23
25
17
4
6
-2
5
2
10
15
11
11
5
8
1
3
-14
-6
-14
-20
-17
-25
-34
-29
-34
-25
-17
-20
-14
-17
-12
-26
-5
-4
-9
-6
-6
-31
-34
-52
-55
-56
-60
-42
-48
-32
-17
-18
-28
-17
-21
-4
-3
0
4
1
-5
-21
-21
-33
-30
-17
-10
-18
13
14
6
11
26
41
39
54
37
40
36
35
31
36
46
48
58
59
55
31
41
47
50
62
61
47
53
48
35
46
43
36
19
21
-1
-9
-14
-22
-22
-27
-14
-8
-7
-22
1
-5
6
-13
-28
-26
-44
-56
-70
-71
-71
-60
-44
-26
-9
-2
-19
-24
-23
-40
-45
-43
-39
-46
-26
-18
-32
-39
-53
-51
-62
-48
-33
-9
-1
22
31
16
6
-14
-35
-45
-51
-29
-33
1
4
8
14
9
8
13
22
23
30
33
37
35
45
43
58
78
71
79
73
55
50
40
36
33
46
61
60
58
64
60
62
62
58
56
50
41
23
32
21
30
24
16
17
3
1
3
-2
0
12
-10
3
-7
-12
-19
-49
-38
-51
-56
-55
-54
-39
-61
-51
-77
-99
-101
-102
-92
-79
-58
-63
-74
-75
-78
-65
-78
-62
-58
-69
-70
-57
-55
-62
-50
-35
-35
-46
-46
-39
-30
-23
-10
-1
20
14
14
18
16
21
32
45
40
70
75
81
91
69
73
66
70
80
74
89
105
88
73
53
65
47
73
72
80
85
69
86
71
64
51
47
27
27
6
12
2
-4
4
-7
-5
-4
0
-13
1
-13
-30
-32
-43
-45
-62
-48
-52
-59
-63
-56
-57
-52
-44
-46
-44
-51
-45
-42
-53
-47
-47
-43
-53
-54
-62
-61
-74
-55
-43
-43
-40
-43
-36
-41
-36
-25
-29
-14
-6
9
5
15
5
13
13
19
29
27
38
26
34
39
32
31
57
47
64
67
69
54
56
34
23
31
33
43
50
60
57
48
31
26
25
14
29
37
41
29
32
21
15
13
6
15
0
7
-13
-23
-33
-36
-32
-13
-15
-1
-3
-18
-20
-24
-6
-12
-25
-10
-5
-20
-36
-31
-38
-54
-57
-49
-53
-45
-28
-24
-21
-16
-22
-20
-18
-16
-16
-22
-31
-13
-43
-25
1
-9
13
6
7
-7
1
-16
3
-1
16
9
1
9
4
15
13
11
15
19
26
17
30
18
4
-7
-7
-12
-15
-2
-1
9
9
18
11
11
1
13
16
18
6
1
-11
-22
-12
-14
5
15
23
38
30
20
21
23
27
26
40
43
30
18
-7
-7
-10
1
-2
38
31
47
42
26
3
-16
-6
-27
-5
6
13
3
-8
-22
-34
-36
-23
-26
-3
-1
9
-12
-14
-24
-33
-33
-16
-18
-28
-21
-45
-54
-75
-58
-66
-40
-11
5
-5
-5
-13
-16
-29
-19
-9
5
21
23
27
2
-10
-23
-26
-6
22
43
66
70
81
73
46
31
27
27
27
38
33
46
25
32
40
26
30
26
31
22
27
21
19
19
25
24
25
26
19
7
-10
-20
-28
-43
-26
-18
-4
-9
-15
-15
-34
-38
-58
-54
-48
-46
-55
-42
-41
-43
-41
-32
-49
-52
-40
-40
-30
-40
-28
-41
-35
-27
-28
-29
-14
-13
-16
-16
3
-11
-15
-2
-9
-2
16
24
20
12
14
17
15
15
5
8
9
7
6
2
18
33
34
35
50
27
21
18
15
26
33
37
42
45
44
33
23
21
23
21
23
30
26
35
24
49
38
42
46
59
41
24
20
2
0
-2
2
-7
-10
-17
-32
-28
-41
-18
-23
-19
1
-14
-35
-50
-60
-95
-77
-70
-26
-25
-14
-21
-29
-38
-52
-49
-59
-41
-24
-26
-8
0
-26
-22
-22
-13
-8
10
32
26
22
34
-3
-25
-33
-23
-8
-4
39
48
54
46
41
37
23
14
11
18
12
27
22
36
46
37
56
54
42
27
30
19
32
37
50
47
41
32
17
12
15
22
4
32
19
23
5
-9
-20
-26
-30
-27
-11
-28
-3
-17
-20
-31
-38
-45
-46
-61
-56
-56
-66
-65
-60
-60
-53
-48
-54
-47
-53
-52
-48
-41
-38
-25
-20
-16
-24
-28
-44
-53
-46
-36
-24
-4
29
31
26
22
23
10
16
-10
18
-11
11
39
34
38
60
75
46
83
66
84
68
56
56
54
45
35
32
57
26
18
45
41
38
28
38
20
0
-9
-8
-10
-2
30
31
-1
18
14
-33
-27
-35
-40
-51
-48
-47
-49
-44
-55
-26
-40
-36
-31
-45
-50
-56
-72
-59
-60
-56
-41
-45
-12
-35
-8
3
3
20
35
28
34
43
30
36
19
32
31
35
50
49
57
51
69
62
63
64
75
87
72
81
65
85
63
53
47
38
19
15
18
-6
6
0
16
7
13
-6
-25
-36
-56
-64
-82
-65
-72
-70
-53
-63
-82
-96
-112
-115
-120
-108
-89
-84
-74
-71
-73
-82
-103
-89
-87
-80
-84
-61
-54
-58
-39
-44
-33
-25
-12
-9
9
8
12
13
25
28
32
50
28
45
45
53
49
60
70
86
91
100
96
92
99
103
115
119
123
114
100
93
79
67
70
81
74
68
70
61
53
45
45
40
47
41
37
34
22
12
-1
-11
-17
-16
-34
-39
-51
-48
-53
-55
-48
-56
-54
-46
-55
-48
-59
-66
-65
-80
-57
-79
-72
-79
-62
-59
-70
-59
-47
-48
-48
-33
-27
-26
-23
-24
-30
-42
-41
-49
-56
-63
-44
-36
-31
-13
-16
-5
-12
-10
-33
-38
-32
-28
-13
-7
-16
-19
-17
-4
6
12
36
41
40
48
44
33
25
33
34
37
53
53
59
58
52
54
49
57
51
63
77
96
88
82
67
69
43
28
36
33
40
46
55
50
51
41
41
42
36
29
36
24
19
17
3
9
-10
-16
-9
-14
-17
-8
-17
-32
-17
-39
-37
-34
-34
-33
-44
-29
-67
-67
-85
-97
-88
-94
-68
-70
-65
-51
-48
-54
-53
-49
-67
-63
-75
-70
-88
-79
-54
-65
-57
-69
-62
-68
-67
-49
-32
-9
1
24
13
16
-9
-5
-3
6
19
23
26
26
34
25
29
26
32
41
57
72
62
59
50
46
53
55
63
59
64
64
67
63
66
69
78
85
109
109
100
86
76
67
43
40
36
33
37
42
36
35
41
43
43
52
58
39
34
17
-21
-41
-36
-28
-37
-12
-16
-32
-32
-58
-73
-95
-73
-76
-59
-52
-52
-63
-81
-83
-115
-109
-108
-82
-91
-67
-77
-88
-84
-96
-72
-72
-59
-32
-31
-38
-43
-38
-50
-54
-27
-27
-29
-12
-12
-17
-26
-16
8
7
36
39
49
52
41
45
43
45
48
65
55
57
50
42
56
67
78
84
89
78
84
82
80
83
73
70
68
61
48
50
28
32
39
37
43
43
44
22
18
14
-5
-13
-18
-16
-19
-22
-22
-44
-60
-64
-52
-58
-38
-30
-30
-13
-25
-31
-44
-39
-62
-59
-52
-50
-48
-57
-51
-61
-66
-52
-41
-31
-24
-21
-3
-22
-28
-42
-39
-45
-19
-10
-15
-12
-21
-18
-20
-13
-17
16
22
37
44
49
55
33
24
15
-3
-4
4
1
24
26
56
38
37
51
24
45
33
48
46
50
55
55
37
16
23
-4
13
-7
1
4
9
13
5
22
11
29
20
22
17
6
-2
-18
-34
-38
-33
-25
-18
0
1
11
-9
-10
-11
-5
-7
-8
-1
-9
-4
-8
-25
-31
-35
-52
-41
-27
-18
-18
-16
-6
-12
10
3
5
-15
-17
-12
-38
-24
-31
-24
-37
-30
-24
-19
-13
-16
-2
1
4
3
-4
-14
-21
-31
-19
-20
-10
8
-8
10
20
25
20
34
42
31
52
35
30
16
5
5
1
5
21
41
30
41
30
18
16
9
14
15
-1
21
28
19
22
38
30
21
30
15
17
-4
18
12
28
32
23
27
18
7
-1
-3
-9
14
9
13
3
-14
-26
-47
-58
-43
-39
-25
-18
-7
-14
-18
-19
-20
-25
-22
-16
-26
-23
-31
-35
-40
-14
-16
-9
-16
-26
-23
-49
-49
-39
-48
-36
-32
-10
-5
-15
9
2
4
2
9
8
2
2
-1
-17
-3
5
13
24
19
16
20
22
20
35
42
50
46
43
29
10
1
-9
20
23
33
36
29
33
23
24
32
30
26
22
31
8
-2
-16
-13
-24
-2
0
-4
-4
-35
-22
-38
-35
-34
-11
-14
-3
9
-3
-15
-6
-11
-16
-21
-25
-31
-31
-31
-37
-31
-32
-19
-16
-18
-13
-25
-18
-15
-2
-1
-5
10
-12
-1
-10
0
0
0
19
5
29
24
43
39
43
38
40
38
47
44
46
46
40
36
20
34
35
42
37
38
31
37
21
20
36
30
31
11
19
1
-2
12
22
7
5
-6
-3
-21
-12
-16
-18
-7
-33
-34
-51
-64
-70
-67
-50
-49
-23
-33
-22
-39
-48
-48
-58
-51
-64
-50
-61
-47
-49
-37
-49
-37
-41
-37
-46
-36
-32
-43
-22
-21
-10
-18
-14
-15
-13
-14
-17
-12
8
1
4
3
0
19
23
37
34
32
31
28
36
32
45
45
54
44
34
34
26
32
34
47
41
52
41
24
31
25
32
36
53
47
25
40
34
21
27
27
37
36
31
41
22
2
-5
-12
-12
-16
-20
-4
-6
4
2
6
3
-15
-17
-20
-20
-5
7
11
13
-2
-7
-28
-22
-24
-18
-6
-8
12
5
17
15
13
17
5
-1
-5
-1
-9
-23
-12
-22
-17
-9
-17
-20
-5
-10
-3
6
-1
10
-2
-11
-25
-17
-36
-41
-30
-35
-30
-16
-17
-22
-16
-30
-18
-25
-15
-18
-25
-19
-15
-24
-33
-27
-23
-21
-11
1
-8
-8
-12
-23
-14
-16
-10
-10
-3
-4
-7
-8
-12
-21
-12
-6
-7
2
-15
-14
-12
-13
-11
-1
6
13
42
37
39
23
19
1
-3
14
28
38
50
58
46
35
29
25
30
42
53
67
64
48
50
23
26
15
18
30
40
44
34
24
-7
5
-9
-7
8
19
14
26
11
-2
-17
-21
-14
-12
2
0
9
-8
-11
-26
-30
-33
-22
-23
-21
-15
-16
-17
-18
-10
-17
-17
-21
-17
-20
-26
-32
-12
-12
-19
-20
-17
-28
-25
-29
-39
-28
-13
-11
3
10
6
9
-5
-19
-31
-29
-26
-26
-14
-10
-9
-9
-4
-7
-10
0
-5
-4
-5
-9
-11
-14
-10
-26
-21
-6
-4
-12
-12
-6
-6
-4
8
16
4
2
3
-1
0
10
8
25
32
24
20
10
21
11
20
34
41
50
35
25
17
13
5
21
45
42
53
39
34
18
8
10
15
27
33
33
17
2
-11
-27
-4
10
17
25
19
26
-14
-4
-15
-18
-12
-10
-7
-20
-12
-28
-41
-27
-26
-28
-28
-24
-22
-27
-16
-32
-15
-10
-6
4
2
5
-9
-12
-18
-10
-7
18
34
32
22
12
5
-13
-7
4
17
24
30
23
2
-7
-11
-10
2
10
27
15
10
-13
-18
-24
-14
-16
-9
3
-6
2
1
-15
-14
-31
-10
-32
-38
-10
-24
-27
-35
-35
-29
-17
-7
7
5
6
1
-5
-2
-11
-7
-6
-19
-12
-6
1
4
1
1
11
10
26
22
17
37
16
6
-1
-1
-4
13
13
-8
9
-8
-9
-8
0
6
3
22
13
21
18
18
5
-2
4
-2
-9
-11
-2
-3
-15
-8
5
15
20
35
28
7
-5
-17
-16
-6
17
19
25
22
12
-6
-14
-29
-14
-16
-1
3
-7
-3
-6
-12
-4
1
14
28
36
35
36
36
11
6
3
-8
1
9
8
15
12
17
14
12
15
18
25
34
21
18
8
1
5
7
2
-4
-2
-8
-13
-25
-20
-18
-15
-17
-14
-22
-13
0
-20
-27
-22
-24
-33
-28
-36
-44
-28
-43
-27
-27
-24
-19
-27
-24
-38
-44
-39
-37
-35
-21
-13
-6
0
-19
-7
-19
-11
5
-15
10
-16
0
1
3
11
23
25
22
21
20
17
6
8
4
17
21
15
19
27
30
28
26
39
26
21
18
8
32
28
31
38
43
21
13
4
-8
-8
8
17
29
19
17
22
12
10
14
12
14
26
10
12
15
12
16
12
19
20
3
-3
-8
-13
-15
-10
4
5
-2
9
-1
-19
-25
-34
-47
-47
-27
-26
-16
-21
-22
-16
-24
-18
-20
-3
-18
-11
-32
-39
-43
-43
-35
-30
-12
-10
-17
-23
-28
-29
-26
-8
-2
12
12
5
9
-1
1
10
16
12
17
6
0
-10
-13
-4
7
20
29
36
31
25
16
13
11
9
19
19
17
29
9
0
-12
-16
-15
-8
11
19
31
49
27
27
20
4
9
-11
1
-18
-19
-24
-24
-24
-25
-12
-25
7
9
17
22
28
12
8
-4
-15
-25
-42
-22
-31
-17
-6
-8
-7
-14
-21
-16
-19
-11
5
15
22
22
33
20
18
1
-1
-14
-18
-4
-9
5
3
22
26
21
17
5
20
2
21
18
16
16
25
18
9
15
13
16
5
11
9
10
14
3
15
0
1
1
-15
-17
-31
-21
-30
-27
-26
-28
-16
-2
-4
0
15
-5
10
-2
-8
-25
-28
-37
-43
-34
-47
-35
-30
-31
-23
-24
-14
-8
-11
3
4
8
-4
1
6
6
6
-8
-12
-20
-5
5
24
30
41
48
47
56
31
34
28
23
28
32
27
29
23
15
6
7
21
20
19
23
20
19
22
23
24
32
22
18
8
-2
-13
-14
-10
-12
-20
-14
-5
-17
1
-22
-13
-25
-35
-42
-37
-41
-43
-26
-26
-19
-44
-22
-43
-40
-33
-33
-16
-31
-16
-16
-14
-11
-19
-9
-10
-13
-7
-10
-9
-9
-14
-4
-15
-4
-8
5
13
11
18
26
13
12
19
18
33
27
31
22
22
12
19
25
21
17
29
21
18
15
12
-4
14
25
30
40
37
26
8
8
-9
1
-8
-7
-7
20
-4
17
7
-4
11
-2
7
1
13
-15
0
-5
-3
-2
1
-5
-18
-16
-27
-19
-20
-23
-14
1
-4
-13
-7
-16
-27
-28
-10
-7
-4
-3
-23
-24
-16
-6
-18
-22
-24
-9
-16
-19
-17
-19
-6
-7
9
7
1
2
0
-1
-12
-11
-6
-16
-5
-10
10
-3
-2
-10
9
4
3
29
12
30
25
29
29
16
7
11
10
10
10
17
-6
-5
-1
-7
-3
3
28
21
40
28
30
35
30
32
32
26
22
9
4
-6
7
5
-7
6
-7
8
9
32
48
29
51
36
30
25
11
-3
-8
-8
-15
-13
-22
-27
-28
-34
-28
-6
1
4
-8
-13
-22
-25
-32
-34
-30
-34
-25
-17
-45
-63
-43
-44
-31
-16
6
-16
-13
-3
-9
-2
-16
-11
-37
-38
-29
-40
-43
-42
-36
-34
-33
-19
-18
-42
-10
-1
2
10
14
1
1
4
6
-1
-5
3
-4
-1
10
5
10
8
0
6
14
32
36
43
38
45
34
37
37
41
27
35
43
40
55
34
51
39
35
31
36
37
18
53
40
37
27
18
10
-16
6
5
9
22
8
13
5
8
-15
-16
-16
-29
-17
-20
-33
-39
-10
-14
-12
5
2
-2
-15
-11
-41
-52
-53
-53
-35
-23
-21
-17
-15
-16
-6
2
9
17
15
8
-9
-9
-20
-29
-22
-28
-23
-24
-18
-20
-22
-5
5
21
28
29
27
28
5
-20
-23
-23
-20
-6
6
6
-10
-2
3
-1
33
28
40
36
25
9
15
10
-3
9
5
12
3
0
-11
-11
-14
-2
-3
-2
-5
-4
0
0
-2
-11
-18
-32
-33
-24
-21
-22
-19
-19
-12
-4
-13
-3
9
0
8
-6
-13
-25
-16
-19
-21
-20
-15
-8
-23
-23
-26
-18
-7
5
16
17
25
32
10
3
8
-5
8
19
29
18
23
29
17
30
43
46
41
41
30
26
20
9
18
23
31
32
40
36
29
30
35
32
36
35
24
23
17
19
-7
5
-3
-5
2
2
-7
-7
0
-7
0
10
4
5
3
-8
-19
-37
-39
-48
-46
-31
-35
-18
-35
-21
-29
-30
-31
-35
-25
-42
-30
-32
-27
-38
-30
-48
-67
-49
-45
-45
-49
-31
-26
-18
-5
-14
-4
-4
4
2
11
2
-5
-5
-8
-25
-21
-4
-2
4
24
34
22
39
20
12
18
32
39
50
37
30
43
41
39
24
15
15
10
11
15
44
49
31
48
48
48
32
30
18
10
9
15
8
-4
-7
-17
-9
-22
-19
-2
7
-1
14
22
-1
0
-25
-30
-29
-30
-26
-8
-15
-10
1
2
-4
-18
-35
-34
-27
-29
-20
-26
-15
-25
-29
-42
-27
-36
-26
-23
-26
-21
-1
-12
-7
7
6
-9
-12
5
-23
-18
-1
19
23
33
30
34
24
8
15
27
17
22
36
30
24
39
14
13
2
18
18
7
12
16
13
14
29
13
13
4
4
2
3
-1
-3
-6
2
-1
-8
-9
-12
-27
-31
-10
4
24
32
20
14
-3
-13
-14
-9
-28
-7
-41
-30
-23
-38
-17
-25
4
-5
17
18
20
20
19
14
5
18
15
7
-22
-18
-25
-20
-22
-31
-13
-7
27
4
25
-2
6
-3
10
16
4
33
2
2
-24
-32
-33
-29
-23
-7
-3
7
-7
-23
-25
-26
-17
-20
0
-9
-10
-20
-15
-21
-14
10
2
1
-23
-22
-10
-2
5
15
19
22
17
22
16
1
3
-3
19
1
1
-5
-5
11
7
18
3
11
25
37
38
26
24
15
17
6
8
4
27
19
5
22
2
0
22
33
23
15
5
10
4
24
26
24
4
-24
-9
-7
-8
-9
-14
-22
-21
-11
-11
-7
-14
-21
-27
-5
-1
-1
-11
-27
-28
-31
-13
-27
-37
-28
-25
-16
-17
-31
-23
-25
-26
-19
-18
-9
8
14
5
-13
16
-2
-6
9
3
18
21
28
3
5
16
12
33
35
48
46
23
32
15
11
-14
17
10
26
20
19
11
-1
9
1
16
13
15
12
20
9
6
0
5
6
6
9
4
-19
-24
-19
-15
-7
-4
-2
-7
-13
-19
-13
-13
-21
-34
-26
-17
-26
-28
-32
-28
-39
-42
-16
-9
-11
-8
14
9
-1
1
-7
-19
-19
-15
-8
5
2
10
12
10
18
15
4
0
6
-3
3
17
23
25
41
28
18
12
-17
2
3
12
8
16
12
7
9
-3
-6
7
5
-3
1
-11
4
-6
-7
-5
-15
0
-23
-21
-16
-34
-46
-40
-23
-29
-4
6
-7
10
6
-4
-23
-8
-7
-15
5
11
10
10
17
-1
12
14
13
33
36
39
51
11
7
-14
-11
-14
12
26
29
45
36
33
21
18
16
9
13
10
15
6
17
-5
-32
0
15
12
-8
8
-7
-16
-22
-12
-16
-22
-18
-5
-3
-25
-27
-28
-32
-27
-16
-1
-6
-5
-3
-13
-10
-8
-21
-30
-14
-18
-24
-31
-39
-26
-5
2
14
12
-2
-17
-13
-11
-12
16
6
2
5
9
-5
-10
16
11
18
19
16
25
16
19
37
29
16
9
3
4
3
1
15
15
-1
1
14
17
-5
18
28
27
27
34
21
0
-4
-7
13
15
16
17
3
-4
-13
-22
-24
-15
-7
-16
0
2
-1
13
3
1
-4
18
-3
3
5
11
-9
-21
-29
-49
-39
-38
-18
1
13
-1
11
16
-23
-13
-28
-43
-31
-14
-10
-8
2
-10
-23
-38
-22
-12
-14
-1
15
19
15
20
-10
-20
-10
-24
-10
-2
-6
4
19
9
16
13
18
-2
3
-3
-9
-12
-25
-10
7
30
26
37
21
12
13
24
30
36
18
12
2
-3
-14
-14
-10
-8
-19
10
8
11
-5
6
7
20
23
22
11
-10
3
-14
-8
3
6
2
15
9
4
6
2
15
1
2
-4
-8
7
-20
14
7
25
12
31
19
-2
10
-5
10
-1
6
4
11
6
7
8
-9
8
17
-1
-19
-23
-23
-6
-5
8
-9
-8
-5
-36
-27
-27
-21
-12
-19
-30
-24
-33
-25
-10
4
-17
-5
12
-11
-19
-10
-20
-7
-2
0
9
-4
-14
-10
-7
-15
-13
-2
7
-1
-5
-9
10
11
18
26
24
23
14
8
2
-18
5
-2
10
1
-2
-2
-24
0
4
24
33
42
26
13
-4
-28
-33
-27
-14
3
33
34
49
30
8
-16
-10
15
27
18
17
28
-17
-29
-25
-14
-26
9
13
9
27
-20
-18
-40
-43
-26
1
-3
-7
0
-10
-7
-20
-22
-24
-7
-4
10
21
13
-9
-2
-6
-7
-12
16
12
6
19
10
-10
-20
-19
-14
8
11
10
-10
-5
9
12
26
38
39
40
14
6
-1
-11
-6
-22
12
32
17
26
27
17
2
19
34
16
-5
14
18
-7
-12
3
-7
-8
2
7
-3
-16
-5
-4
-12
-5
3
1
0
-11
5
6
-23
-13
-1
-10
-25
-22
-10
-28
-10
-14
-15
-4
1
-1
-11
-8
-15
3
16
10
-10
4
6
-18
-21
-29
-22
-14
12
6
3
3
-1
-20
-26
-28
-3
