0
0
-1
0
0
0
0
-1
0
0
0
0
0
0
0
0
0
0
0
0
0
0
-1
0
0
0
0
0
0
0
0
0
1
0
-1
0
0
0
0
0
0
0
0
0
0
0
0
0
0
0
0
0
0
0
-1
0
0
0
0
0
0
0
0
0
0
0
0
0
1
0
0
0
0
0
0
0
1
0
0
0
1
1
0
0
0
-1
1
1
0
0
0
0
0
0
0
1
0
0
0
1
0
0
0
0
0
-1
0
0
0
0
0
0
0
0
0
0
-1
-1
-1
0
0
0
0
-1
0
0
0
0
0
0
0
0
0
1
0
1
0
0
0
0
0
0
1
-1
0
1
-1
0
0
0
0
0
0
0
-1
0
0
0
-1
0
-1
0
0
0
0
0
-1
0
0
0
0
0
0
-1
0
0
0
0
0
0
0
0
-1
-1
0
0
0
0
0
1
0
0
0
0
0
-1
0
0
0
0
0
0
0
0
0
1
0
1
0
0
1
-1
1
0
0
0
-1
-1
0
0
0
-1
0
-1
0
0
0
-1
0
0
0
0
1
0
0
0
0
0
0
1
0
1
0
0
0
0
0
0
1
0
0
0
1
1
0
0
0
0
0
0
0
0
-1
1
0
0
0
0
0
0
0
1
0
0
-1
0
0
0
-1
-1
0
0
1
0
-1
0
0
0
0
0
0
-1
-1
0
0
-1
1
0
1
0
0
0
0
0
0
1
0
0
0
-1
0
0
0
0
0
1
-1
0
0
0
0
0
0
0
0
0
1
0
0
0
0
0
0
-1
0
0
-1
0
0
-1
0
0
0
0
0
0
0
0
1
0
0
-1
1
0
0
-1
-1
0
0
0
1
-1
0
0
0
-1
1
0
0
0
1
-1
0
0
0
0
0
0
0
0
0
0
0
-1
0
0
0
0
0
0
0
0
0
0
1
-1
0
0
-1
1
0
0
0
0
0
0
0
0
0
0
0
0
0
0
-1
0
0
0
0
0
0
0
-1
0
0
0
-1
0
0
-1
-1
0
0
0
0
0
1
1
-1
0
-1
0
0
0
0
0
0
0
0
1
0
0
0
0
-1
1
0
0
1
0
0
0
0
0
1
1
0
0
0
0
0
-1
0
-1
1
0
1
0
0
1
0
0
1
0
0
0
1
-1
-1
1
0
0
0
-1
0
0
1
0
0
0
0
0
0
-1
0
0
0
-1
0
0
1
1
-1
0
0
0
0
0
0
0
0
0
-1
1
0
0
1
0
0
0
0
1
-1
0
0
0
0
-1
1
0
0
-1
0
0
0
0
0
-1
0
-1
1
0
0
1
0
0
0
0
0
0
0
0
-1
0
0
0
1
0
1
0
0
0
0
-1
0
0
1
1
0
0
0
-1
-1
0
0
0
-1
0
0
1
0
1
0
0
1
0
0
1
0
0
0
0
0
0
0
0
0
0
0
-1
1
0
0
0
0
0
0
0
0
0
0
-1
0
-1
0
0
0
0
0
-1
0
0
0
1
0
0
0
0
0
0
0
0
0
-1
1
1
-1
0
0
0
0
0
0
0
0
0
0
0
0
0
-1
0
0
0
0
0
0
0
0
-1
0
0
0
0
-1
0
-1
0
0
0
0
0
-1
0
0
-1
0
0
0
1
0
0
0
0
0
0
1
0
0
0
0
0
1
0
0
0
1
1
0
0
0
0
0
0
0
0
1
1
1
0
0
-1
0
0
0
-1
-1
0
0
0
0
0
0
0
0
0
0
0
0
0
0
0
0
0
0
0
0
0
1
1
1
0
-1
0
0
0
0
0
0
1
-1
-1
0
0
0
0
0
1
0
-1
0
0
0
0
0
0
0
0
-1
0
0
0
0
1
0
0
0
0
0
-1
1
1
0
0
0
0
1
0
0
0
0
0
0
0
0
0
0
0
0
1
0
0
0
0
0
0
1
0
0
0
0
0
0
0
0
0
0
1
0
-1
0
0
0
0
-1
0
0
0
0
0
0
-1
0
0
-1
0
0
0
-1
1
0
0
0
0
0
0
0
0
0
0
0
0
0
-1
0
-1
0
0
0
0
0
0
0
0
0
1
0
0
0
0
0
0
0
0
0
0
0
1
0
0
0
0
0
0
0
0
0
-1
0
0
1
0
0
0
0
0
0
0
1
0
0
0
0
0
0
-1
0
1
0
0
0
0
0
0
0
0
-1
0
0
0
0
0
0
0
0
1
0
-1
0
1
0
0
-1
0
0
0
0
-1
0
0
0
0
1
0
0
0
0
0
0
0
0
-1
0
0
0
0
0
0
0
0
0
1
0
0
0
0
0
1
0
0
1
0
1
-1
0
0
0
0
0
0
0
0
-1
0
-1
-1
0
0
0
0
0
0
0
0
0
0
-1
0
-1
0
0
0
0
0
0
-1
0
0
0
0
0
0
0
0
0
0
0
0
0
0
0
0
0
1
1
0
-1
0
0
0
0
0
0
0
0
0
0
0
0
0
0
0
0
1
0
0
0
0
0
1
0
0
0
0
0
0
0
-1
-1
0
0
0
0
0
-1
-1
0
0
0
-1
1
0
0
-1
0
0
0
0
0
0
0
0
0
0
0
0
0
0
0
0
1
0
0
-1
0
0
0
0
0
0
1
0
0
-1
-1
0
0
0
0
-1
0
0
0
0
0
1
0
0
1
0
1
0
0
0
0
0
0
-1
0
0
0
0
0
0
1
0
0
0
0
0
0
-1
-1
0
-1
0
0
0
0
0
0
0
0
0
0
0
0
0
0
-1
0
0
0
0
1
0
0
0
0
0
0
0
0
0
0
-1
1
-1
0
0
0
0
0
0
0
0
1
0
1
0
0
0
1
-1
0
0
0
0
0
0
0
0
0
0
-1
0
0
0
0
1
1
0
1
0
0
0
0
0
0
0
0
0
0
-1
-1
-1
-1
0
0
0
0
0
-1
0
0
0
0
0
-1
0
-1
0
1
0
0
1
0
0
-1
0
-1
0
0
0
-1
0
1
-1
0
0
0
0
-1
0
1
0
-1
1
1
0
1
-1
0
0
1
0
0
-1
1
0
0
1
0
0
0
0
1
0
0
0
0
1
0
-1
0
-1
0
1
0
1
-1
0
1
0
0
0
0
0
-1
0
0
0
0
0
0
0
0
0
0
-1
0
1
0
1
0
-1
0
0
1
0
0
0
0
0
0
-1
0
-1
0
0
0
0
0
0
0
1
0
1
0
0
0
0
0
-1
0
0
0
0
0
-1
0
0
0
0
0
0
1
0
0
0
0
1
0
0
0
0
0
0
0
0
0
-1
0
1
0
0
0
0
0
0
0
0
0
0
0
0
0
0
0
-1
1
0
0
0
-1
0
0
0
1
0
0
0
-1
0
0
0
0
1
1
0
1
0
0
-1
0
-1
0
0
0
0
0
0
0
0
0
0
0
0
0
1
0
0
0
0
0
0
0
0
0
0
0
0
0
0
0
0
0
0
1
0
0
0
1
0
0
0
0
0
0
0
0
1
1
0
0
1
0
0
0
0
0
1
0
0
-1
1
0
-1
-1
0
0
0
0
0
1
0
1
0
0
0
1
0
-1
0
-1
0
0
-1
0
0
0
-1
0
0
0
0
0
0
0
0
1
-1
0
0
0
0
-1
0
0
0
0
0
1
0
0
0
0
0
0
0
0
1
1
0
0
0
0
0
0
0
0
0
1
0
-1
0
0
0
0
0
0
0
0
0
0
1
0
1
1
1
0
0
0
0
0
0
0
0
0
0
0
0
-1
0
0
0
-1
0
-1
0
0
0
0
0
0
0
-1
1
-1
-1
-1
-2
-1
0
1
1
1
0
1
1
0
0
0
0
1
1
1
0
1
1
1
1
0
1
1
0
1
1
0
0
0
0
0
-1
0
-1
0
-1
0
-1
-1
-1
-1
0
-1
-1
-1
0
-1
-1
-1
-1
-1
-1
-1
-1
-1
-1
0
-1
-1
0
0
-1
0
-1
-1
-1
-1
0
0
1
1
0
0
1
-1
1
1
1
0
0
1
1
1
1
1
1
1
1
0
1
1
1
1
1
1
1
1
1
1
1
1
1
1
1
0
0
0
1
0
0
1
1
1
1
0
0
0
1
0
0
-1
0
-1
-1
-1
-1
-1
-1
0
-1
-1
-1
0
-1
-1
0
0
-1
-1
-1
0
0
-1
0
-1
-1
0
0
0
0
-1
-1
0
0
0
0
0
0
-1
0
0
-1
-1
0
-1
-1
-1
0
0
0
-1
0
-1
-1
-2
0
0
0
0
-1
-1
-1
0
0
0
0
0
0
0
0
0
1
0
0
0
1
0
1
0
0
0
0
1
1
1
1
0
0
0
2
1
1
1
1
2
2
1
1
1
1
2
1
1
1
1
1
1
1
1
1
1
0
1
0
0
1
1
1
1
1
0
0
0
-1
0
0
0
0
0
0
0
1
0
-1
0
0
-1
0
-1
-1
-1
-1
-1
-1
0
-2
-1
-1
-1
-1
-2
-1
-1
-1
-1
-1
-1
0
0
-1
-1
-1
-2
-2
-1
0
-2
-2
-1
-2
-2
-2
-3
-1
-1
-1
-1
-2
-3
-3
-3
-2
-2
-3
-1
-1
-1
-2
-2
-3
-1
-1
-1
-1
-1
-1
-1
0
0
2
0
2
1
0
2
1
2
3
3
3
3
3
2
4
3
5
3
5
5
5
4
2
3
0
3
2
4
4
4
3
3
2
2
4
3
4
3
4
0
-5
-5
-8
-3
1
3
5
2
0
2
-3
0
0
-1
3
-1
-1
-5
-7
-11
-8
-7
-9
-6
-7
-4
-3
-5
-3
-3
-6
-8
-3
-1
0
-4
-4
-12
-9
-7
-6
-7
-6
-5
-6
-6
-3
2
1
5
9
10
4
5
4
5
2
5
4
-9
-9
-7
-7
-1
9
8
21
15
13
17
13
13
-1
13
16
19
41
45
45
43
25
5
2
10
2
13
16
12
15
2
13
-8
0
23
11
-4
-15
-17
-43
-38
-28
-6
5
8
12
-10
-22
-41
-43
-58
-38
-40
-37
-30
-43
-51
-63
-48
-40
-29
-12
-9
-16
-20
-21
-7
-8
2
12
15
8
16
3
15
13
18
32
29
54
53
47
45
29
28
35
17
19
32
41
37
29
32
13
0
19
0
12
9
9
6
-28
-16
-35
-52
-49
-43
-38
-35
-26
-34
-35
-44
-46
-54
-50
-33
-35
-36
-30
-47
-26
-28
-25
-18
-6
-19
-21
-8
-13
-12
15
26
19
14
29
35
30
39
46
44
42
45
41
42
57
38
65
69
76
68
76
55
64
86
84
83
65
54
41
47
40
50
41
53
45
37
37
12
-1
-9
-22
-24
-20
-30
-23
-36
-42
-50
-55
-59
-55
-34
-21
-12
-28
-16
-31
-52
-70
-58
-61
-53
-47
-10
-35
-50
-71
-72
-85
-86
-73
-48
-37
-53
-35
-55
-49
-75
-63
-78
-52
-47
-49
-42
-48
-33
-69
-23
-42
-26
0
1
-1
2
20
9
12
0
-5
5
-6
-6
24
34
45
63
63
49
71
52
55
69
61
56
64
46
65
53
43
59
50
82
73
91
67
71
58
54
41
20
30
-1
20
14
17
20
17
18
9
32
38
42
55
65
49
40
30
24
10
-2
-1
-6
-21
-9
-23
-26
-20
-25
-22
-5
-17
6
-10
-19
-24
-50
-69
-78
-82
-100
-89
-74
-60
-73
-60
-76
-58
-45
-28
-43
-37
-23
-40
-49
-46
-24
-5
4
20
8
-3
10
-14
-25
-6
-17
-23
-26
-23
-13
-8
-5
20
37
32
38
36
20
0
13
8
27
27
19
23
28
28
37
35
14
8
27
22
26
17
-6
5
26
24
18
18
25
11
11
16
3
3
-22
2
-19
-11
3
19
-7
-3
-5
-10
6
-13
-8
-26
-4
-3
2
-6
-17
-31
-23
-29
-30
-9
-4
-26
5
-6
-20
-27
-14
0
7
27
45
45
42
42
32
23
21
11
9
14
8
17
25
25
34
15
12
18
-8
25
31
31
48
60
46
28
0
-14
-6
-23
-23
-4
-18
7
11
-26
-20
-61
-38
-66
-44
-48
-54
-58
-97
-82
-96
-65
-74
-30
-34
-32
-22
-25
-22
-40
-27
-24
-16
-5
8
20
5
-7
-1
-5
-8
-2
16
25
17
26
16
1
9
8
19
30
29
34
30
48
45
29
39
20
34
40
32
24
34
48
49
56
43
63
49
34
36
28
36
10
4
-13
-28
-13
-28
8
-6
20
18
18
9
10
7
14
21
18
31
20
13
12
36
15
21
4
12
-10
-3
-23
-27
-8
-9
18
10
13
25
4
8
-12
-15
-17
-38
-43
-23
-25
-33
-25
-29
-35
-46
-45
-46
-45
-46
-32
-35
-55
-72
-49
-85
-58
-62
-54
-48
-52
-49
-48
-54
-55
-43
-52
-33
3
4
6
11
9
5
-12
2
1
-13
-34
0
-38
-23
-15
-17
-3
-2
-3
9
7
-16
12
4
17
33
38
23
26
25
7
10
24
19
34
46
52
76
67
69
65
75
59
61
54
40
41
56
35
34
49
48
68
77
85
90
94
75
95
78
100
76
69
70
52
55
26
34
4
7
13
1
-6
-7
0
-10
-4
-9
-18
-17
-4
-27
-21
-28
-60
-90
-97
-113
-115
-109
-98
-111
-103
-87
-101
-85
-88
-59
-64
-66
-68
-74
-81
-88
-87
-97
-86
-87
-77
-81
-78
-77
-68
-36
-23
-5
-24
2
6
13
29
58
58
70
84
65
52
27
51
35
64
64
71
73
38
46
50
71
57
97
89
94
62
55
28
33
35
39
76
35
51
17
-8
-42
-20
-17
-17
6
4
5
-7
-4
-32
-29
-19
-12
-14
-22
-31
-45
-63
-58
-54
-38
-29
-40
-33
-37
-42
-33
-19
-18
-15
2
-13
-10
-26
-17
-24
-39
-36
-41
-22
-8
-23
5
21
1
16
48
42
51
72
55
66
37
37
28
23
36
38
50
39
54
60
46
67
62
67
66
57
58
31
29
13
21
29
30
42
20
29
16
4
-5
-13
-5
9
17
30
31
2
-28
-45
-70
-54
-39
-43
-20
-39
-37
-50
-70
-63
-57
-54
-66
-59
-58
-66
-84
-90
-103
-116
-107
-109
-104
-97
-72
-69
-67
-43
-43
-43
-34
-13
-31
-17
-18
-37
-43
-30
-33
-36
6
8
15
19
40
37
60
81
70
75
85
84
86
94
86
86
77
81
68
66
75
72
75
83
61
93
100
78
95
64
48
41
36
22
21
48
48
59
52
27
15
-6
-22
-24
-11
-24
-5
-7
14
-12
-13
-25
-30
-20
-10
2
-28
-15
-36
-43
-58
-37
-43
-39
-30
-27
-30
-47
-53
-62
-59
-53
-51
-35
-34
-54
-56
-40
-66
-45
-51
-40
-51
-56
-40
-82
-63
-90
-72
-76
-57
-64
-54
-27
-31
0
-23
0
-21
-19
-23
7
-4
11
23
6
6
16
15
20
31
29
31
15
18
35
38
60
82
74
86
74
66
73
80
92
77
76
56
57
66
54
81
98
108
100
86
88
66
49
43
34
15
21
12
23
24
2
4
-19
-29
-22
-37
-17
1
-6
23
6
-20
-30
-45
-53
-50
-43
-39
-37
-44
-45
-55
-46
-46
-30
-15
-8
-7
-18
-30
-47
-64
-54
-47
-35
-18
-36
-16
-26
-49
-46
-47
-38
-41
-21
-21
-11
-17
-11
-22
-24
-19
-24
-22
-23
-30
-38
-34
-43
-48
-38
-31
-7
10
8
22
8
6
-15
12
2
0
11
10
0
-10
0
-3
-4
8
18
17
27
26
-6
-1
4
-16
8
8
24
23
46
29
33
25
19
12
25
37
47
35
40
30
25
17
18
40
24
51
55
54
40
27
25
-10
0
16
-9
12
6
15
0
2
18
26
32
34
45
45
58
49
46
31
25
12
20
9
-5
-8
-25
-19
-22
-9
-13
-12
-14
-12
-3
-12
-26
-6
-20
-11
-13
-27
-35
-47
-51
-54
-48
-30
-20
-9
-5
9
-19
2
6
0
17
3
8
-23
-23
-41
-26
-47
-29
-37
-12
-38
-36
-19
-39
-26
-39
-29
-27
-21
-29
-25
-15
-17
11
21
10
-9
-16
-6
-30
-7
-14
-8
-13
-27
-18
-27
-20
-27
-11
-26
-14
10
-18
-6
-5
-20
-13
-8
3
3
14
45
40
41
46
28
34
29
24
41
32
44
40
51
30
40
51
43
60
37
34
34
24
30
52
49
62
53
77
60
32
42
38
30
13
18
-2
-9
-3
-1
-16
0
-4
10
18
27
6
15
9
-14
-4
-29
-18
-42
-30
-27
-37
-35
-48
-38
-55
-47
-43
-29
-19
-18
-7
-1
-24
-30
-52
-57
-77
-79
-78
-83
-84
-80
-87
-92
-88
-79
-66
-44
-20
-22
-1
-9
-9
-9
-4
-7
-9
-4
11
-15
2
-8
12
3
19
47
47
81
55
64
47
38
52
54
48
64
50
70
78
57
60
51
65
47
64
58
60
62
55
48
53
56
32
43
25
11
-3
-17
-12
-18
-24
-21
-18
-11
-26
-26
-42
-12
-20
-17
0
2
5
-9
-2
-35
-41
-12
-22
-8
9
-14
-37
-43
-47
-39
-43
-26
4
13
2
-11
-19
-28
-31
-17
4
10
6
-22
-28
-39
-51
-15
1
2
13
8
2
-20
-26
-52
-71
-63
-32
-37
-20
3
-7
-27
-20
-34
-49
-25
9
21
20
50
17
-18
-7
-13
6
-5
38
32
40
59
38
61
34
54
51
30
28
24
15
39
32
40
40
19
51
28
35
25
17
40
50
48
62
53
42
23
18
40
-2
1
24
-21
-29
1
-19
-22
5
-24
-13
-20
-23
-34
-30
-47
-71
-54
-63
-85
-103
-101
-116
-90
-107
-57
-61
-35
-40
-40
-22
-36
-10
-27
-9
-58
-54
-39
-46
-55
-20
-10
3
30
31
43
55
59
86
94
112
132
91
94
60
46
26
45
102
76
68
104
74
23
55
93
25
46
65
30
-16
-5
-6
-24
-20
-45
-47
-53
-51
-73
-57
-62
-63
-46
-30
-13
-14
-29
-41
-49
-80
-59
-84
-50
-46
-11
-8
-9
-16
-42
-14
-47
-11
-14
10
20
21
22
-4
6
-1
2
1
6
2
-1
6
2
4
-15
11
0
8
26
38
75
69
64
56
47
56
40
39
37
37
33
30
34
18
20
17
30
33
52
57
29
21
25
-27
-11
-13
-35
-26
-22
-34
-32
-41
-44
-33
-57
-46
-27
-35
-16
-25
-17
-8
-26
-32
-34
-34
-28
-9
4
-18
-32
-30
-51
-43
-44
-21
-24
1
4
-17
1
-22
-24
-22
-23
-10
-6
10
12
-14
-11
-11
-5
-3
11
43
39
44
57
36
15
5
-13
-12
-15
3
21
21
13
27
19
9
29
23
30
28
54
50
53
48
23
31
1
5
2
4
5
1
-3
-4
-2
-3
-8
1
21
22
32
7
-9
-26
-36
-48
-55
-58
-50
-39
-39
-16
-12
17
13
26
9
9
-1
-9
-16
-16
-2
6
3
-4
-1
-18
-6
-9
-3
25
34
22
17
10
22
18
34
40
64
44
50
28
27
16
22
44
7
27
3
1
-22
-42
-53
-35
-37
-30
-4
-21
-2
-22
-16
-46
-56
-40
-48
-11
-11
8
17
-19
-17
-44
-35
-25
-21
-8
-5
-34
-36
-22
-36
-26
-17
4
-25
-6
-29
-32
-57
-77
-62
-81
-66
-52
-31
-27
2
7
13
10
19
15
11
34
23
35
38
50
51
76
77
99
80
86
55
42
54
39
73
75
102
86
99
63
58
39
24
27
18
24
22
6
22
5
0
5
-2
9
-11
3
-11
-19
-28
-15
-19
-37
-34
-45
-59
-49
-53
-77
-54
-57
-62
-60
-25
-18
-11
-9
-19
-23
-32
-48
-49
-56
-49
-29
-11
-8
-20
-35
-59
-56
-89
-55
-41
-18
-20
-1
7
5
-6
21
22
21
33
37
54
50
53
37
53
53
43
50
40
50
53
56
75
68
61
84
63
48
62
59
68
49
5
2
-22
-16
-8
-12
-6
1
10
-6
-31
-51
-75
-73
-79
-72
-49
-56
-38
-54
-52
-78
-76
-94
-100
-72
-87
-60
-59
-42
-33
-43
-39
-30
-32
-20
-3
-7
-9
4
-7
-8
-24
-11
6
13
22
32
57
56
77
69
71
86
83
97
111
93
81
81
68
66
60
79
86
99
97
115
101
79
64
41
41
42
54
16
49
11
7
-10
-32
-18
-39
-60
-51
-38
-61
-28
-50
-29
-47
-39
-49
-74
-82
-92
-99
-90
-97
-85
-79
-97
-85
-81
-93
-73
-67
-60
-45
-30
-20
-23
-3
-21
-51
-58
-61
-63
-65
-38
-43
-26
12
16
17
21
12
-4
15
17
27
39
44
20
4
6
0
2
13
39
44
70
66
56
48
29
32
46
34
33
67
46
85
75
85
90
88
91
69
50
36
45
29
66
65
70
51
81
60
58
69
46
47
18
24
-9
8
-27
-11
-29
-62
-55
-67
-92
-84
-70
-67
-54
-70
-61
-72
-57
-66
-71
-61
-80
-79
-67
-79
-64
-70
-59
-43
-51
-55
-47
-26
-46
1
12
29
63
45
65
41
53
29
19
17
3
25
28
37
21
24
15
32
37
29
48
42
49
1
12
26
-16
-10
-11
-4
-25
-26
-27
-38
-44
-40
-34
-20
-17
-7
-3
-14
-16
-33
-25
-35
-33
-44
-39
-31
-43
-25
-15
-14
-9
-23
-16
-9
-8
6
13
17
13
39
33
29
35
34
21
13
29
27
45
59
80
94
107
100
87
71
60
53
43
40
31
36
21
15
17
16
17
12
12
-5
4
10
19
-8
5
-2
-9
-20
-21
-41
-60
-46
-73
-84
-63
-64
-49
-50
-60
-31
-57
-49
-45
-38
-61
-18
-30
-38
-37
-36
-32
-29
-1
-10
1
-4
9
-6
8
14
21
21
29
28
21
29
22
23
24
17
-4
10
-34
-12
-19
8
23
30
30
27
44
-1
8
-8
-3
-5
12
7
10
1
-12
-2
-5
5
15
22
3
-7
-13
-30
-21
-29
-26
-13
17
20
29
41
17
28
16
30
16
27
10
7
-15
-6
-26
-26
-13
-2
-1
1
10
-8
-3
-13
15
-12
5
5
-32
-18
-17
-30
-31
-44
-30
-31
-23
13
22
17
26
15
-4
-17
-9
-10
1
21
17
20
21
3
-2
-3
-4
20
13
36
10
34
35
20
45
43
52
45
30
29
13
14
9
21
25
32
55
50
42
13
12
-2
1
3
2
11
-3
-12
-27
-36
-59
-52
-35
-48
-35
-21
-4
-44
-31
-41
-46
-24
-26
-18
-30
-38
-54
-59
-87
-78
-95
-81
-100
-90
-48
-53
-26
-27
-16
-11
-13
-27
-20
-33
-19
-10
8
-4
-2
11
-18
-7
-12
10
12
29
46
58
79
90
97
82
76
45
61
53
59
68
54
70
51
62
38
48
35
33
49
53
60
62
61
61
26
47
24
10
-5
0
-17
-25
-1
-6
10
1
0
-12
4
-8
16
16
-3
14
-15
-11
-29
-29
-26
-34
-25
-21
-10
-24
-29
-7
-14
-19
-24
-22
-32
-30
-22
-34
-10
-15
-15
-13
-12
-39
-49
-30
-35
-44
-42
-48
-30
-39
-22
-29
-18
-20
-27
-21
-31
-15
-33
-17
-5
-21
-16
-6
-21
-23
-32
-26
-19
-29
-26
-4
-18
-10
1
-5
-1
15
19
29
13
8
16
8
6
10
10
4
22
11
26
22
31
53
50
58
53
52
35
23
-2
4
-20
5
18
17
42
38
22
40
22
15
61
37
49
35
50
16
14
7
-12
-13
5
6
8
28
0
14
-14
0
-13
7
-12
-6
-10
-24
-28
-55
-48
-33
-40
-1
10
-1
6
4
11
2
-14
2
-1
-3
5
15
8
-5
-13
0
-5
-17
-19
-32
-31
-45
3
-30
-5
19
-15
-9
-10
-4
-23
-8
4
0
-5
-4
-12
-16
-14
-4
5
15
32
7
17
6
22
0
19
23
-2
-1
-24
-36
-44
-28
-24
-21
-18
2
3
28
20
22
37
22
24
11
43
31
25
15
0
-20
-43
-27
-22
-24
12
16
34
41
43
21
-2
9
-29
-39
-43
-39
-39
-46
-47
-40
-66
-44
-36
-6
-16
9
7
2
-12
-27
-17
-30
-18
-15
-13
-22
-12
-7
2
8
-1
-2
14
16
17
29
28
44
36
47
43
46
28
22
40
35
36
36
73
49
58
42
42
43
42
45
23
6
-13
-19
-33
-12
-11
6
6
5
-3
-25
-21
-32
-8
-2
-10
11
14
16
2
2
-14
-15
-38
-37
-35
-8
9
-10
3
-4
-17
-22
-31
-24
-5
-4
28
23
15
-2
-31
-19
-34
-27
-13
2
-5
-5
-26
-16
-25
-43
-22
-19
-13
-30
-42
-46
-61
-48
-45
-33
-18
-10
-14
1
-14
-28
9
0
43
56
47
55
15
9
-19
-21
-20
0
8
15
22
16
27
1
33
26
39
26
22
15
3
13
14
22
31
35
17
16
26
19
15
38
53
35
59
55
26
22
11
-17
-20
-28
-9
-8
0
3
-11
-23
15
18
3
21
11
21
-2
29
8
-16
-20
-25
-18
-29
-14
-5
-10
-14
-11
-10
-28
-26
-7
-6
18
16
1
-19
-30
-18
-6
-13
-11
-2
-11
-24
-35
-28
-40
-34
-24
-20
-7
-9
-9
-17
-21
-15
-4
2
-3
-17
-26
-22
-51
-46
-45
-58
-49
-68
-59
-52
-19
1
4
22
19
23
6
3
1
-8
3
1
3
20
20
37
41
28
27
31
31
44
44
48
54
50
32
57
59
37
47
25
34
-2
-3
20
8
15
8
41
32
42
35
22
25
14
12
10
31
13
8
-5
18
-36
-44
-37
-33
-28
-3
16
5
21
11
3
2
1
1
14
3
-12
-16
-33
-39
-34
-23
-27
-19
-8
-2
-11
-9
-14
11
-8
-13
0
-9
-1
7
23
-2
21
0
-7
13
-4
12
19
19
16
29
20
25
24
18
8
15
-8
-25
-31
-33
-23
-40
-27
-28
-25
-29
-22
6
-15
-28
-11
-31
-33
-30
-19
-32
-38
-29
-22
-34
-44
-47
-41
-43
-45
-37
-44
-41
-39
-29
-36
-40
-32
-31
-30
-10
-2
-15
-7
-9
8
-11
13
22
21
30
34
36
34
52
41
49
49
56
18
36
29
23
51
31
42
42
38
34
35
33
22
25
28
38
23
26
33
32
49
34
25
11
5
-7
-14
18
8
21
33
36
26
6
13
5
-17
-16
-6
-26
-20
-21
-27
-21
-13
-6
-18
8
-1
-3
-5
-8
-19
-4
4
-5
-11
-4
-6
-21
-14
-8
-5
-6
8
25
9
14
17
7
4
16
13
19
2
12
5
12
14
3
-2
-19
-22
-23
-26
-27
-22
-1
21
18
37
27
17
22
8
-29
-28
-54
-43
-36
-24
-28
-26
-13
-50
-37
-45
-38
-41
-22
-3
6
28
29
8
-25
-13
-49
-50
-55
-50
-28
-32
-3
-13
-18
-26
-18
-19
-9
0
-2
-14
3
-18
-25
-7
-14
6
-23
14
5
-5
8
-2
-2
5
-8
2
-14
-21
-10
-6
11
-5
22
25
52
35
41
28
21
36
21
51
48
47
52
57
56
64
43
45
50
41
56
49
45
23
23
-6
-16
-35
-28
-35
-32
-35
-24
-16
2
-3
-7
18
-10
16
-12
-18
-34
-31
-34
-41
-32
-48
-27
-17
-1
15
26
25
24
17
4
-3
-9
4
3
28
20
29
21
3
-8
3
12
20
38
43
57
57
48
24
10
3
12
-5
23
8
17
8
12
19
6
2
1
5
5
12
-2
11
-9
-28
-14
-32
-43
-33
-41
-23
-46
-10
-33
-33
-44
-40
-35
-50
-49
-43
-27
-30
-8
-29
-4
-38
-26
-44
-55
-44
-46
-25
-30
-8
1
-1
8
5
8
3
1
-4
-31
-20
-36
-23
-19
-25
-34
-25
-4
-30
-7
14
9
23
19
27
16
15
18
17
36
24
30
21
16
-15
-4
-10
11
29
40
65
74
49
49
29
12
21
6
20
5
26
22
22
26
30
31
34
35
62
57
60
68
61
39
12
1
-12
-4
-30
-18
-19
-48
-43
-51
-45
-42
-3
27
22
21
22
-4
-38
-48
-38
-44
-33
-6
0
-11
-28
-56
-45
-45
-22
3
19
39
25
24
15
11
-2
-20
-11
-15
-8
-22
-32
-31
-47
-54
-40
-25
3
17
30
36
33
45
12
18
0
10
2
-1
0
-11
-9
-31
-6
-17
-1
28
24
24
34
21
28
47
42
27
13
8
-20
-29
-33
-20
-13
3
23
13
16
6
4
-1
0
3
-4
5
-3
-21
-33
-27
-47
-52
-31
-30
-29
-41
-13
-17
-6
19
10
1
0
1
-4
-43
-35
-45
-31
-7
3
11
-6
2
-35
-20
-7
3
44
57
64
51
26
2
-14
-42
-24
-6
17
44
51
47
36
26
22
28
36
48
37
40
34
23
17
22
9
5
3
-17
-23
-30
-20
1
-1
32
49
38
23
9
-2
-29
-29
-27
-9
-14
-13
-12
-25
-53
-49
-59
-27
-34
-14
17
24
39
33
17
-18
-41
-70
-41
-54
-48
-11
2
2
6
-2
5
-11
2
12
8
25
11
3
4
8
-12
-6
1
5
11
28
31
35
6
21
-3
6
0
-13
21
-9
1
-6
-22
-31
-28
-4
-1
13
9
-8
1
-29
-7
-20
4
4
30
8
0
-20
-31
-45
-17
-6
10
4
28
41
5
34
0
-12
-36
-35
-36
-30
-14
14
15
34
37
22
29
3
-9
5
15
39
40
24
34
18
5
12
-17
-3
-18
-7
5
2
-3
7
14
0
16
1
10
-12
-9
-12
-15
11
5
7
-7
1
-27
-12
-11
-14
15
2
24
26
26
23
6
18
-17
-9
-15
-23
-27
-28
-2
-4
19
41
22
21
-5
-7
-3
-16
-11
-6
-8
-9
8
-14
-33
-13
-4
5
47
31
32
-1
-10
-6
-14
-3
0
1
11
1
4
-5
-31
-43
-39
-59
-43
-28
-26
2
8
16
9
20
-2
-11
-18
-20
-26
-47
-53
-51
-38
-24
-11
1
-10
7
11
2
26
11
29
30
38
41
37
19
17
11
-6
-17
-9
13
11
54
66
67
66
29
20
6
-2
-5
9
11
8
17
9
-3
4
1
0
-4
4
-13
-15
-32
-30
-43
-52
-10
-27
-9
-9
-17
-29
-50
-38
-61
-43
-20
-17
16
21
33
36
15
6
5
-22
-2
15
27
54
57
55
48
37
18
29
30
48
39
48
58
43
4
-6
-12
-8
-16
-8
0
3
20
5
20
8
-4
-1
5
-17
-3
-13
-17
-14
-27
-2
-25
-25
-32
-39
-55
-59
-37
-26
-31
-24
-16
-34
-64
-73
-68
-54
-30
-8
3
-4
-8
-30
-62
-46
-40
-29
-20
-2
6
-14
-14
-9
-7
20
15
13
3
-17
-23
-35
-6
2
9
34
42
45
47
23
47
51
42
56
60
31
39
8
14
-1
1
10
12
50
48
55
65
48
35
40
20
18
-6
-23
-22
-30
-31
-14
-5
8
17
38
21
7
15
10
11
9
32
24
34
29
10
13
-2
-3
-13
2
9
11
16
15
14
0
9
20
4
11
22
19
3
-8
-18
-11
-7
-17
-1
-3
-5
-10
-25
-24
-36
-44
-37
-45
-55
-57
-68
-82
-77
-66
-56
-38
-19
-2
-17
-12
-16
-31
-50
-38
-38
-27
-22
-30
-3
-15
-20
-21
-21
-1
-15
15
16
-4
0
-6
8
-13
5
-10
10
14
16
40
41
59
51
58
46
55
35
30
3
28
12
13
36
11
12
-12
8
-10
31
31
27
31
16
8
-4
0
-28
-6
0
-7
4
9
7
11
11
3
17
23
16
18
-7
-14
-6
-4
-17
5
3
6
-6
-14
-39
-35
-29
2
22
38
44
35
30
4
10
-1
2
11
-1
-10
-29
-28
-52
-45
-34
-38
-10
0
20
16
3
17
-6
5
20
11
-1
-2
-18
-22
-22
-32
-21
-26
-10
10
-15
5
15
23
23
42
30
18
30
-2
-14
-20
-27
-27
-16
-11
-12
-11
1
-10
-20
-18
6
22
15
20
12
2
-4
1
-5
3
18
1
8
22
5
4
4
13
13
27
38
47
53
30
-2
-5
-24
-36
-21
-27
-15
-1
6
-9
-23
-11
-33
5
7
33
51
53
6
15
-1
-41
-23
-17
3
-46
-41
-42
-41
-60
-28
-19
2
17
28
20
14
16
10
3
-2
23
-13
-15
-35
-38
-35
-28
-15
-10
-4
-2
7
0
-10
-6
-15
-11
-12
-10
-6
-4
-15
-2
6
15
23
17
3
-24
-7
-20
-24
-15
-15
-13
-5
25
6
29
35
38
53
60
29
25
-3
2
-23
-28
-15
-16
11
2
39
20
31
44
29
68
59
57
27
15
6
-24
-10
-20
-11
-17
11
1
5
-12
-12
-14
-4
22
18
12
11
10
15
14
15
15
24
16
3
-3
-2
-23
-34
-29
-25
-25
-12
4
24
20
16
9
-6
-4
5
-22
-26
-27
-51
-57
-41
-47
-47
-17
-9
9
12
-6
-4
-12
-31
-42
-34
-36
-38
-25
-29
-34
-44
-61
-66
-61
-53
-24
5
22
27
19
19
10
2
7
24
17
42
30
37
22
15
31
45
62
76
94
99
83
63
50
29
22
9
17
11
27
20
14
12
-15
-19
-2
12
3
17
25
27
30
30
51
21
17
6
-2
-33
-49
-70
-70
-69
-68
-54
-57
-56
-38
-39
-37
-19
-1
-4
-7
11
-21
-16
-25
-21
-23
-9
-19
-9
2
-38
-14
-22
-3
6
26
36
24
39
-11
-12
-23
-24
-22
-4
14
3
14
2
-6
-24
-12
6
23
52
45
41
30
17
-11
15
11
14
19
7
-5
-9
-20
-7
-8
12
-2
10
-16
-39
-25
-41
-25
-21
2
3
10
-11
-12
-21
-24
-34
-38
-26
-20
-15
-16
-20
-20
-34
-33
-26
-23
1
13
28
26
21
26
31
23
12
28
36
26
25
22
13
24
31
54
73
69
72
64
55
54
49
61
55
73
72
53
23
19
-19
-37
-9
-14
28
16
32
29
47
52
42
25
16
-1
-22
-21
-36
-40
-62
-42
-43
-46
-43
-30
-50
-45
-47
-27
-42
-24
-22
-35
-43
-86
-74
-115
-98
-103
-69
-60
-50
-18
-30
-21
-15
-15
-51
-44
-57
-40
-27
-45
-1
-31
-29
-27
-28
3
-1
39
53
57
56
56
18
28
29
33
50
46
74
30
47
37
26
21
20
39
51
70
66
90
54
61
26
37
35
16
21
22
14
4
23
-9
-23
-14
-9
-5
18
11
7
-4
-11
-28
-28
-38
-37
-8
4
29
28
42
10
21
-21
-31
-19
-14
-13
-5
-4
-22
-33
-44
-34
-46
-18
-11
-38
-42
-45
-34
-35
-27
-8
-12
-15
-25
-1
-32
-26
-34
-13
-5
-6
11
-4
-4
-12
-9
11
52
66
87
56
32
-14
-66
-95
-90
-57
-28
13
42
48
40
42
39
38
40
51
11
-21
-45
-62
-53
-2
45
74
120
128
96
62
18
-37
-30
-30
4
29
27
29
19
12
24
21
51
55
7
-15
-31
-51
-46
-23
-14
-9
-8
0
13
-1
-17
-7
-34
-60
-64
-60
-22
-41
-23
-10
3
-9
-23
1
0
-25
-14
-10
-47
-59
-68
-26
-42
-18
18
17
56
29
40
9
-12
-21
-13
6
4
19
0
-13
-27
-25
-27
-7
7
16
14
11
24
27
9
22
31
23
34
24
8
-29
-37
-54
-43
-23
-2
27
33
59
66
71
89
73
67
40
35
10
-19
-27
-31
-40
-26
-25
-38
3
2
21
32
36
56
35
0
-20
-57
-64
-68
-81
-39
-44
-15
-7
-9
-7
-6
22
2
19
27
34
33
25
11
8
8
-8
6
-20
-23
-25
-28
-17
4
18
48
54
65
54
29
12
-9
-25
-44
-40
-42
-44
-23
-29
-2
10
24
28
16
28
-17
-23
-44
-50
-46
-61
-41
-22
2
5
29
10
-11
-26
-32
-29
-17
11
-3
24
34
16
5
4
6
9
40
34
24
-1
-3
-10
-7
26
23
19
36
30
27
33
15
24
17
39
39
21
28
8
-2
0
-13
-20
-32
-45
-34
-32
-9
-4
34
10
24
7
-26
-21
-47
-26
-28
-13
-12
-11
-21
-24
-31
-14
1
-20
11
-8
-7
14
13
10
15
22
3
-11
-21
-41
-42
-37
-40
-18
-4
19
15
0
-2
2
7
19
45
52
53
58
33
5
10
-20
-6
3
-11
10
19
31
40
14
25
27
16
17
32
14
-6
-3
-29
-12
-48
-46
-48
-24
-17
-22
-5
-4
-5
-5
16
3
25
0
1
-18
-28
-18
-39
-25
-47
-39
-30
-32
-25
-1
2
35
40
39
30
14
3
-43
-27
-41
-45
-23
-19
4
10
46
69
70
91
81
88
68
35
19
-1
-22
-24
-40
-48
-31
-38
-15
15
13
20
41
41
46
48
47
4
-6
-21
-30
-40
-53
-40
-41
-48
-34
-2
-15
5
26
14
24
46
63
48
25
15
-18
-40
-52
-75
-50
-42
-23
-36
6
1
9
10
1
21
13
48
48
72
42
33
10
-21
-46
-61
-54
-54
-37
-43
-50
-59
-51
-30
10
29
82
55
50
34
-10
-27
-54
-57
-70
-71
-56
-58
-54
-33
-24
-7
10
40
18
23
9
13
-10
-1
-1
5
27
35
60
18
20
1
-9
-31
-20
4
33
57
61
62
53
37
28
22
19
23
22
20
18
-2
21
31
16
55
43
67
65
47
35
-2
-1
-18
9
27
24
60
57
7
-18
-39
-63
-63
-56
-37
-16
7
6
20
-2
-13
-14
-18
-9
-13
-19
-28
-34
-30
-18
-41
-34
-38
-47
-49
-45
-25
-18
-12
-21
-22
-39
-33
-42
-38
-15
-31
-36
-31
-56
-67
-73
-53
-34
-14
33
35
46
23
6
-9
-22
-27
-20
2
5
8
14
12
11
13
9
41
55
70
75
74
62
54
34
27
10
37
21
15
32
20
-2
-13
4
21
32
57
53
36
13
-20
-21
-40
-14
-1
-2
33
6
-15
-24
-3
-18
-8
-4
4
16
8
40
45
43
20
18
-4
-30
-59
-57
-44
-41
-1
18
57
45
43
39
40
48
48
64
31
49
7
-23
-29
-80
-60
-65
-50
-17
-5
14
17
21
10
32
28
28
32
10
-10
-44
-38
-65
-67
-66
-66
-49
-29
-40
-34
-17
-20
-31
-30
-22
-41
-17
-36
-29
-42
-48
-81
-73
-71
-56
-46
-35
-24
-36
-30
-49
-23
-12
-3
17
16
25
-4
-13
-17
-21
-22
-7
17
11
29
49
53
54
55
37
58
29
31
41
20
32
48
51
39
58
52
58
68
94
81
91
69
60
58
51
59
39
32
41
32
28
22
24
19
16
31
26
20
-4
-12
-13
-4
-16
9
0
-17
11
16
3
-9
3
-26
-46
-46
-41
-67
-56
-55
-47
-37
-12
-9
-13
-3
5
-17
-25
-36
-31
-45
-54
-64
-73
-59
-65
-50
-28
-1
-7
22
-1
-4
-1
-15
-23
-38
-16
-37
-34
-26
-37
-34
-31
-31
-30
-9
-14
12
35
21
35
23
0
11
-5
7
8
-3
8
-4
-2
-14
22
19
8
33
50
31
31
12
-9
-15
-17
11
6
7
22
1
36
0
-2
14
10
31
38
59
42
27
-7
-13
-30
-34
-21
-13
-32
2
-2
16
27
31
53
51
56
50
30
18
22
2
11
-13
-7
-15
-10
2
-10
0
-7
18
5
9
30
31
42
58
58
48
48
27
-12
-9
-30
-23
-13
-5
14
-13
-6
-14
-26
-35
-12
-15
-30
-26
-12
-13
-15
-13
-16
-37
-42
-35
-44
-45
-50
-20
-34
-32
-33
-36
-50
-49
-44
-38
-21
-9
-23
-19
-5
-47
-35
-38
-49
-29
-28
-13
-8
-17
-18
0
-5
-13
6
-2
11
12
44
45
33
49
39
21
13
19
13
6
33
41
34
41
64
77
85
79
66
41
42
27
18
23
20
29
30
38
30
36
29
36
36
26
48
21
24
20
-19
-8
-20
-15
-37
-23
-33
-54
-35
-20
-24
-38
-38
-47
-61
-41
-16
2
-2
-1
-9
-17
-34
-47
-85
-81
-69
-66
-43
-25
-22
-12
-24
-13
18
-6
31
15
22
3
-1
5
0
4
-10
11
-9
-4
11
33
34
35
51
50
52
35
55
44
33
49
55
35
15
9
5
-7
-6
-7
-8
0
22
18
7
16
-3
-9
-24
-5
-22
7
-13
-1
1
-22
-18
-46
-30
-23
-9
-10
-4
4
-16
-9
-13
-45
-60
-51
-62
-56
-39
-42
-35
-61
-45
-59
-54
-61
-48
-45
-48
-22
-29
-32
-27
-22
0
13
20
40
39
47
41
37
35
18
19
31
33
41
68
61
79
72
60
64
51
43
21
32
29
54
35
39
49
24
39
31
19
1
18
9
7
44
35
54
58
61
37
20
8
-9
-17
-32
-15
-19
-29
-18
-25
-33
-13
-27
2
2
7
0
-21
-22
-24
-8
-4
19
7
24
-8
-32
-47
-57
-43
-24
7
9
6
0
-15
-45
-62
-57
-48
-75
-44
-53
-63
-61
-62
-55
-67
-60
-52
-33
-18
-5
-27
-5
3
2
4
10
2
-13
7
-18
-26
-16
-23
-14
-8
16
31
36
16
23
15
19
13
22
18
28
25
20
26
3
12
-9
-6
-1
8
33
28
35
42
29
34
31
16
-8
14
28
9
22
35
30
14
39
29
50
45
45
40
39
53
39
28
24
26
10
0
13
-2
-23
8
-11
25
8
27
11
9
25
8
3
-28
-10
-32
-34
-45
-44
-54
-77
-68
-55
-26
-20
-23
-3
-18
-39
-38
-31
-38
-57
-34
-36
-35
-12
-25
-8
3
15
2
2
0
2
2
13
2
1
9
9
4
-5
9
2
6
15
3
21
36
39
51
42
40
23
-8
-11
-21
-7
-7
-1
10
-6
6
-3
17
4
18
29
42
43
50
24
18
22
-4
17
4
23
6
3
1
-14
-8
-19
-22
-16
-3
-11
-26
-32
-32
-50
-46
-31
-39
-19
0
3
-7
-30
-33
-68
-65
-58
-62
-49
-13
-7
-11
-11
-23
-18
-15
-1
44
45
40
15
-15
-34
-48
-32
-12
17
41
57
85
69
50
42
18
0
3
18
23
36
43
39
40
25
20
25
25
33
42
30
30
18
2
-1
-9
15
18
34
6
23
8
-7
15
-14
-18
-13
-10
-23
-14
1
-19
-5
-26
-7
-18
-12
2
-18
-14
-3
-12
-7
11
-19
-12
-31
-38
-37
-34
-22
-21
-14
-24
-31
-29
-46
-51
-28
-34
-19
-11
-13
-19
-23
-15
-23
-7
-10
-11
7
-9
-2
-6
-1
5
11
14
31
26
50
50
40
28
27
21
10
0
-4
1
-8
40
41
67
60
67
63
30
8
-6
-7
-12
9
13
33
29
30
-4
-4
-9
9
26
30
40
22
9
-33
-9
-45
-31
-14
-5
8
6
20
20
18
-11
-11
-17
-17
-34
-46
-57
-49
-54
-55
-39
-30
-29
-21
-21
-26
-27
-22
-17
-12
-15
-27
-39
-70
-69
-65
-40
-2
1
17
14
9
6
-11
-5
-6
16
-5
7
6
-11
5
-19
11
-1
12
35
53
42
56
50
41
49
39
56
37
52
49
32
25
21
-11
-15
-28
-39
-9
3
30
69
68
60
19
20
-18
-48
-60
-63
-59
-46
-38
-37
-13
-34
4
5
31
28
25
23
-3
-11
-23
-22
-28
-14
-22
-10
3
24
19
20
29
26
41
31
45
27
43
45
43
55
36
14
32
32
10
26
16
21
-1
12
15
6
14
34
28
12
20
-3
-18
-40
-42
-61
-45
-42
-49
-52
-40
-31
-46
-40
-39
-41
-34
-29
-57
-70
-62
-79
-102
-85
-78
-77
-62
-26
-36
-16
16
5
8
8
-7
-27
-37
-38
-41
-21
2
12
18
42
27
47
41
44
53
56
84
66
74
38
44
19
49
24
36
53
54
76
65
67
44
39
30
29
34
44
56
41
45
26
6
-11
-7
-12
-20
1
2
25
3
20
1
-5
-35
-33
-21
-27
-36
-16
-40
-31
-43
-49
-42
-58
-42
-48
-36
-30
-7
-14
6
16
-3
-24
-40
-60
-71
-63
-55
-47
-36
-18
-8
-4
-5
-10
-11
2
8
10
38
33
18
17
-3
-12
-26
-27
-23
-28
6
10
21
21
46
39
51
30
13
-23
-5
-13
-18
22
10
35
35
33
32
27
27
29
22
39
29
34
6
7
23
8
19
19
5
6
-7
-23
-29
-13
-19
-3
-14
-7
1
-1
10
15
44
31
44
17
-4
-26
-45
-26
-26
-17
2
22
1
25
13
-7
2
1
-12
-20
-11
-10
-15
-6
-17
-17
-32
-6
-2
1
13
-19
-5
-29
-31
-25
-22
-16
-7
4
18
27
23
24
11
28
3
6
-1
3
-9
1
-3
-4
-26
-31
-16
-15
-2
4
18
15
30
34
35
5
-7
-21
-29
-35
-23
-23
3
15
23
28
20
-6
5
18
1
15
-18
-14
-45
-37
-41
-32
-17
-4
39
30
22
4
-6
-18
-24
-22
-18
-4
-30
-13
-20
-35
-31
-25
-27
-7
11
15
10
1
-4
-17
-17
-15
-6
-12
5
-2
-2
-10
-11
-14
-6
-1
36
34
47
43
50
40
34
40
34
44
27
44
13
13
0
-6
-12
27
26
29
41
48
28
14
28
5
16
-4
10
-2
-3
3
2
11
9
13
-5
12
7
0
-11
-14
-28
-34
-22
-4
-5
2
3
-9
-6
-40
-34
-26
-14
-16
6
0
-17
-21
-13
-13
-13
0
-8
-15
-21
-10
-17
-22
-15
-16
-10
-12
-4
-3
-17
11
10
25
38
28
23
10
-3
-3
-39
-37
-1
-13
14
21
51
28
24
8
5
-9
-4
12
-15
-17
-62
-57
-96
-75
-78
-81
-44
-41
-31
-11
12
26
6
22
-6
-35
-41
-57
-70
-65
-21
18
14
43
47
28
37
14
28
50
39
70
66
61
68
43
26
2
-19
-8
4
21
48
96
90
87
87
62
54
48
49
33
13
15
7
-5
7
3
5
38
32
39
39
21
13
15
-11
-27
-39
-50
-68
-61
-35
-51
-43
-37
-24
-19
-22
-23
-26
-33
-10
6
-5
-10
-31
-49
-63
-83
-78
-66
-56
-44
-50
-36
-35
-14
-4
25
35
35
37
17
-2
-37
-23
-35
-13
-15
-23
-20
-14
-7
-6
9
21
33
36
33
27
26
9
7
-18
-14
-15
-10
-10
-14
-18
5
8
-3
10
2
2
7
24
-1
9
15
19
0
0
-7
-17
-15
-18
-20
-15
-13
0
27
30
41
50
57
50
39
32
15
-5
-19
-5
-3
2
33
40
39
38
48
28
14
24
10
27
23
33
11
8
-3
-24
-20
-4
11
19
40
10
23
7
-5
-19
5
17
35
38
46
26
-13
-23
-30
-40
-26
-2
19
25
14
15
-9
12
-15
-28
-15
-18
-20
-32
-14
-13
-20
-2
-7
-11
-15
-33
-36
-18
-34
-42
-38
-18
-29
-34
-22
-46
-61
-67
-75
-60
-66
-49
-42
-48
-33
-31
-22
-35
-33
-32
-12
-24
9
-16
5
-12
-10
-1
1
13
6
30
24
35
34
30
42
49
54
62
51
61
45
46
24
29
36
40
44
45
63
50
36
30
24
17
9
3
12
-10
6
-18
-12
-1
-5
15
-3
9
-8
-20
-31
-20
-15
13
16
40
42
8
-11
-22
-52
-60
-47
-34
-16
-2
9
2
-1
-12
1
1
16
12
26
23
8
12
-13
-6
-8
-7
7
35
26
52
42
38
19
14
20
19
13
3
18
-9
-2
-6
9
26
24
13
19
8
-8
4
-12
-7
-22
-40
-35
-48
-35
-41
-32
-25
-7
-3
-14
-21
-26
-61
-59
-73
-63
-39
-73
-51
-63
-50
-65
-36
-19
-39
-30
-22
-25
-13
-13
-6
-15
-18
-17
-16
-27
-15
-2
-2
20
-1
9
5
9
15
34
59
83
71
80
84
56
52
29
42
14
22
31
9
16
4
17
35
38
32
56
63
43
55
40
30
11
31
24
-8
12
-23
2
-25
-12
-7
11
8
9
35
24
22
14
-14
-27
-15
-23
-29
-32
-25
-33
-12
-20
0
-11
5
4
-5
12
-12
5
-4
7
6
-9
-14
-3
-14
17
13
1
11
-11
-11
-1
-8
3
39
23
33
26
11
-14
-23
-32
-6
-9
-26
-26
-29
-22
-5
-20
-14
-23
-29
-25
-26
-23
-14
-12
-45
-13
-35
-47
-61
-55
-45
-60
-48
-51
-31
-16
-16
-14
1
-5
-23
-27
-30
-46
-46
-32
-34
-17
-15
2
0
9
6
12
11
12
25
37
60
60
63
76
61
33
39
57
27
44
64
61
81
79
78
100
93
80
101
81
67
51
18
-8
-29
-41
-38
-28
-14
-5
1
8
6
-6
-5
-18
-16
-11
-36
-37
-56
-69
-64
-62
-77
-53
-52
-56
-37
-30
-31
-27
-27
-37
-37
-45
-44
-46
-33
-45
-31
-7
17
34
22
52
51
26
66
54
42
10
36
14
4
36
15
19
-12
6
19
0
46
43
26
49
25
45
9
2
19
2
6
-1
0
1
-5
1
-3
1
-5
-4
-18
-21
-1
-17
-24
-14
-18
1
7
1
4
1
-17
-24
-7
-34
-29
-27
-22
-13
-38
-28
-32
-32
-34
-21
-10
-12
-9
-10
-9
2
-1
-2
-4
-28
-13
-49
-25
-27
-16
-6
12
17
14
34
10
12
12
16
11
2
-2
-26
-13
12
11
22
30
26
12
31
27
27
19
26
13
30
29
19
24
7
-9
-19
-14
-8
12
19
17
18
18
17
13
0
-3
18
7
-11
-6
-28
-20
-24
6
31
28
61
62
68
38
32
21
14
20
14
4
-1
-8
-35
-19
-11
-8
9
24
27
-5
-16
-28
-44
-50
-32
-25
-16
-24
-12
-25
-23
-47
-29
-31
-34
-8
-38
-28
-41
-56
-63
-56
-58
-16
-24
-25
12
-18
-7
-21
-17
-30
-31
-48
-48
-49
-39
-12
-16
15
11
39
23
32
16
3
-7
-10
1
3
4
18
16
26
31
10
25
13
18
29
62
52
49
58
38
49
44
49
64
59
68
65
47
44
43
23
15
34
52
65
73
91
77
65
50
31
-6
-9
5
3
19
19
16
-10
-24
-31
-37
-22
-40
-14
-23
-25
-18
-45
-39
-66
-68
-74
-41
-55
-37
-20
-32
-44
-39
-51
-64
-61
-36
-44
-10
-10
-5
-2
-48
-44
-58
-58
-70
-48
-54
-39
-24
-18
12
3
-6
-21
-20
-31
-31
-20
-11
2
-13
-14
-19
-19
-9
-12
8
15
20
11
8
-2
5
18
24
29
23
21
47
43
17
35
1
3
4
-3
17
27
40
48
52
33
28
46
25
19
23
19
20
30
21
25
27
29
25
17
24
32
39
24
23
35
23
2
3
12
-11
19
25
45
49
33
35
14
-8
-22
1
-5
-4
4
22
27
12
5
-1
1
-6
7
9
23
28
11
3
-15
-35
-38
-28
-25
-2
-4
7
16
6
-13
-8
-16
-20
-12
-24
-30
-17
-38
-11
-38
-29
-31
-39
-38
-34
-45
-46
-26
-23
-24
-15
-11
-18
-34
-51
-76
-77
-63
-63
-55
-47
-42
-48
-35
-44
-23
-15
-33
-17
-23
-27
-33
-21
-13
-5
-17
-1
-8
-10
3
11
30
49
60
62
41
38
14
-3
2
-6
24
25
43
41
35
42
34
20
22
18
25
18
33
34
32
-4
-5
5
-4
26
38
50
59
32
25
31
27
49
71
64
64
52
34
13
7
-4
2
37
40
61
77
76
55
58
61
35
12
30
23
12
10
-1
10
-8
26
19
31
15
0
-4
-21
-21
-41
-39
-54
-42
-58
-49
-54
-59
-74
-68
-73
-67
-54
-55
-35
-56
-36
-60
-67
-70
-84
-87
-96
-79
-96
-99
-94
-78
-72
-51
-35
-35
-18
-24
-35
-22
-30
-29
-26
-41
-21
-20
-19
-4
-11
9
-1
9
28
25
32
43
57
55
65
75
75
82
52
59
49
51
52
33
48
53
42
44
64
67
45
54
60
51
40
40
40
36
46
38
52
38
49
47
72
54
52
36
15
-8
-1
-7
-4
1
36
41
31
32
-1
-3
-14
-11
17
16
16
18
-5
-14
-35
-58
-37
-39
-14
-16
-2
-3
1
-13
-31
-4
-43
-22
-40
-47
-51
-79
-92
-83
-81
-69
-70
-75
-52
-66
-63
-61
-45
-75
-55
-41
-68
-63
-75
-62
-64
-39
-16
-14
-13
-14
-3
-27
-13
-8
9
-13
-13
16
-5
-8
-24
-3
3
3
27
28
59
42
51
69
61
62
51
86
52
42
30
28
30
15
26
34
60
55
84
73
91
86
64
66
28
20
10
-23
-35
-25
-34
-13
-6
12
19
33
44
58
82
69
66
50
20
-8
-35
-20
-21
-13
30
31
22
17
7
-6
-32
-17
-8
4
15
2
-17
-27
-17
-39
-32
1
3
4
-10
-7
-30
-48
-41
-42
-34
-18
-23
-21
-18
-27
-34
-48
-67
-68
-83
-100
-73
-55
-39
-8
34
43
25
33
24
4
-28
-53
-43
-27
-20
-48
-41
-60
-45
-69
-57
-19
-2
22
29
58
59
30
25
32
35
55
18
46
27
13
25
21
36
29
27
35
12
-16
-5
0
-15
-17
-8
1
3
-7
9
-18
-17
15
-7
-9
-19
10
6
2
19
15
5
-35
-23
-45
-63
-55
-20
-11
-25
-5
14
18
10
5
-9
32
27
-4
-4
-15
-35
-35
-2
4
36
34
77
95
91
99
62
78
37
35
10
-9
-4
-13
-33
3
11
24
42
58
79
42
51
31
28
27
19
30
39
30
3
6
7
-22
-54
-15
-20
-18
-35
5
16
-7
9
31
64
37
39
12
-9
-41
-69
-85
-104
-75
-69
-39
-38
-33
-3
13
-18
-5
15
-12
-29
-19
-14
-74
-83
-93
-113
-89
-88
-60
-42
-20
6
-11
17
-15
-41
-28
-68
-61
-72
-70
-63
-72
-36
-12
9
3
41
58
63
31
34
25
-4
3
-17
-14
-2
20
7
33
17
36
18
38
44
34
60
58
89
61
90
69
68
56
30
42
23
50
59
70
89
108
96
86
78
38
17
-11
-4
-13
-2
7
35
45
19
32
33
16
2
2
4
-15
-14
-27
-49
-46
-64
-69
-74
-66
-31
-27
-6
-23
-31
-51
-78
-48
-73
-29
-21
19
-1
-15
-8
-54
-52
-74
-88
-85
-93
-91
-89
-80
-53
-21
5
10
52
63
72
72
51
58
43
18
8
14
-15
-65
-69
-79
-84
-119
-94
-29
-40
-23
-8
-8
-3
-37
-5
12
46
88
118
147
171
212
215
233
204
210
190
145
88
33
-79
-180
-277
-389
-720
-1281
-1717
-1705
-1244
-595
438
1876
3167
3706
3856
3711
2939
1264
-762
-2341
-3685
-4745
-5004
-4088
-2680
-1143
541
2359
3528
3668
3404
2739
1451
-304
-1626
-2335
-2722
-2684
-1795
-348
837
1713
2377
2637
1974
674
-733
-1926
-2999
-3748
-3601
-2701
-1434
-194
1349
2814
3607
3593
3061
2243
915
-615
-1811
-2267
-2382
-2160
-1322
55
1241
1831
2248
2282
1767
505
-617
-2001
-3327
-4175
-3660
-2205
-672
1517
3820
5457
5600
5272
4318
2650
-84
-2398
-3725
-4636
-4828
-3977
-2054
-456
841
2064
3200
3123
2194
1246
92
-1214
-2418
-2576
-2259
-1696
-993
92
1119
1716
1886
1657
1093
-68
-1148
-1998
-2389
-2563
-2421
-1926
-1344
-575
260
1072
1382
1374
1125
700
62
-577
-774
-753
-607
-374
282
1082
1546
1542
1399
1024
279
-588
-1156
-1410
-1617
-1506
-914
-18
827
1589
2167
2478
2380
2012
1568
970
345
-239
-617
-811
-740
-424
-35
232
473
752
864
771
626
445
153
-219
-440
-432
-452
-505
-464
-305
-195
-81
2
7
-229
-578
-933
-1135
-1247
-1283
-1163
-1004
-762
-514
-91
142
310
371
466
369
165
-156
-735
-1542
-2215
-2426
-2334
-1958
-1338
-308
584
1150
1655
2237
2428
1882
1173
706
276
-380
-649
-378
-99
-92
135
739
1132
1050
969
981
743
217
-230
-901
-2040
-2552
-1962
-622
255
1663
3563
4548
4099
3593
3400
2251
-14
-2061
-2626
-3179
-3579
-2861
-1187
33
405
1204
2297
2408
1232
500
-117
-1238
-2347
-2412
-1629
-1265
-929
-251
693
1122
1308
1336
1093
273
-837
-1830
-2794
-3437
-3825
-3537
-2962
-1980
-579
754
1489
1737
1912
1819
1203
343
18
-211
-549
-576
-69
790
1203
1275
1343
1299
670
-108
-626
-967
-1371
-1600
-1048
-180
660
1488
2404
3033
3151
2946
2574
2009
829
-462
-1872
-2923
-3508
-3191
-2042
-573
1082
2640
3905
4210
3917
3072
1874
78
-1665
-2607
-2937
-2763
-2206
-1094
26
814
1173
1372
1241
454
-486
-1343
-1875
-2265
-2264
-1797
-1171
-474
281
931
1288
1382
975
111
-1085
-2179
-3130
-3750
-3826
-3422
-2611
-1546
-332
709
1478
1872
2056
1817
1207
700
423
140
-176
-137
483
1044
1237
1606
1955
1704
957
360
81
-532
-1228
-1371
-917
-503
-29
938
1985
2638
2791
3006
3075
2626
1469
160
-1282
-2605
-3094
-2822
-1992
-1046
433
1859
2679
2964
3229
2869
1567
3
-1187
-1855
-2595
-2800
-2294
-1598
-1207
-648
316
913
845
498
506
200
-502
-949
-995
-1049
-1292
-1263
-810
-317
-175
8
-38
-244
-784
-1314
-1775
-2245
-2559
-2562
-2236
-1702
-865
-67
345
443
636
1013
1019
761
924
1253
1222
1096
1425
2132
2290
1813
1514
1311
654
-344
-959
-1129
-1505
-1892
-1536
-498
352
973
1898
2792
3123
2863
2734
2529
1845
764
-172
-887
-1934
-2909
-3386
-2790
-1942
-987
269
1990
3037
3201
3117
2811
1969
362
-929
-1812
-2390
-2905
-2647
-1844
-1184
-775
-323
399
489
223
140
296
59
-257
-124
228
314
215
240
110
-306
-795
-1082
-1486
-1969
-2269
-2459
-2532
-2417
-2103
-1438
-805
-382
-220
-105
20
218
481
663
1067
1569
2120
2298
2481
2803
2825
2129
1220
645
5
-905
-1801
-2074
-2048
-2133
-1905
-910
273
951
1461
2234
2877
2821
2600
2689
2602
1946
1191
985
560
-668
-2303
-3575
-4249
-4454
-3729
-2087
-35
1774
3278
4325
4917
4531
3399
1741
-304
-2138
-3350
-3706
-3586
-3068
-2319
-1248
-205
714
1379
1659
1425
923
431
89
-221
-534
-683
-704
-684
-512
-80
445
577
66
-559
-1213
-2026
-2899
-3426
-3515
-3261
-2892
-2147
-1275
-407
329
1096
1676
1987
2350
2727
2768
2466
2367
2603
2486
1778
1265
940
127
-1146
-1955
-2084
-2489
-3109
-2809
-1581
-681
-87
1042
2565
3259
3198
3420
3838
3340
2188
1341
1053
417
-602
-1613
-3341
-4865
-5707
-4788
-3639
-1937
804
3484
4744
5259
5893
5664
3826
781
-965
-2369
-3842
-4506
-3529
-2340
-2024
-1529
-50
1447
1156
853
1092
998
121
-361
220
488
210
51
509
721
616
525
382
-234
-1282
-2053
-2779
-3336
-3881
-3828
-3393
-2896
-2249
-1605
-1013
-773
71
715
1261
1955
2921
3553
3486
3676
4141
4027
2689
1579
696
-517
-2194
-3268
-3293
-3531
-3949
-3503
-1865
-611
151
1247
2682
3238
2916
3021
3432
3113
2163
1712
1830
1654
952
115
-1640
-3635
-5169
-5186
-4615
-3625
-1227
1474
3201
4303
5747
6339
5253
2800
1027
-469
-2556
-3773
-3495
-2748
-2696
-2285
-575
1239
1369
1222
1760
1505
367
-519
-195
-92
-625
-705
-73
551
676
916
902
553
-307
-1108
-2052
-3056
-3946
-4520
-4664
-4362
-3315
-2002
-1453
-1624
-1383
-439
236
378
1161
2524
3176
3021
3390
4374
4762
3629
2131
1159
92
-1624
-3181
-3566
-3574
-4155
-4321
-2832
-935
73
761
2002
3227
3400
3210
3628
4187
3806
2763
2420
2136
1116
-753
-1719
-1932
-2454
-2814
-2287
-938
-256
61
687
1873
2065
1745
1543
1503
1250
679
845
1082
950
371
380
358
42
-257
-432
-579
-1241
-1500
-1440
-1322
-1378
-1178
-751
-485
-190
453
959
696
341
231
-72
-940
-1687
-1878
-2179
-2872
-3094
-2594
-2347
-2404
-2261
-1823
-1804
-2696
-3118
-2922
-2424
-1725
-589
1316
3128
4264
5017
5541
5446
4676
3027
1092
-658
-2086
-3114
-3835
-3795
-3147
-2510
-1889
-686
658
1398
1682
2024
2645
2796
2685
2942
3490
3547
2957
2822
2867
2549
1345
292
-1565
-4149
-6118
-6498
-5382
-4345
-1891
1539
4473
5963
7398
8232
7547
4959
2018
127
-2243
-4218
-4905
-4219
-3761
-3420
-2051
42
1053
728
1101
1276
557
-456
-461
-195
-820
-1389
-1069
-462
-281
-87
231
348
-68
-405
-620
-1310
-2306
-3581
-4346
-4950
-5081
-4488
-3398
-3107
-3350
-3009
-1820
-385
313
1438
2978
4194
4505
4703
5403
5837
4557
2244
723
-467
-2058
-3819
-4286
-3939
-4132
-4114
-2548
-233
1057
1681
2688
4054
4331
4009
4245
4808
4353
2997
2330
2587
2290
1307
581
171
-1158
-4012
-5813
-6076
-5184
-4461
-2597
1178
4693
6396
7550
8686
8219
5766
2406
115
-2205
-4735
-6042
-5576
-4559
-3833
-2519
-439
1174
1281
1399
1538
891
-294
-924
-898
-1149
-1328
-921
-365
-112
260
662
517
-191
-722
-1320
-2227
-3324
-4131
-4497
-4856
-4814
-4168
-2871
-2110
-2408
-2572
-2112
-1121
-550
66
1382
3044
3962
4253
4862
5869
5593
3467
1494
424
-811
-2904
-4093
-3731
-3436
-3873
-3181
-811
1066
1658
2087
3450
4252
3553
2961
3433
3719
2612
1710
2137
2939
2633
2212
2261
2109
475
-2396
-4245
-5156
-5183
-5121
-3460
-163
3003
4849
6370
7957
8111
6416
3716
1733
-475
-3066
-4799
-5048
-4698
-4679
-4146
-2448
-563
164
841
1612
1831
1190
431
227
-294
-1113
-1753
-1837
-1773
-1509
-1104
-848
-705
-733
-862
-1243
-1968
-2916
-3789
-4534
-4829
-4587
-3659
-3053
-3287
-3292
-2503
-1132
-393
412
1854
3277
3625
3622
4464
5484
4957
3046
1960
1442
52
-1851
-2528
-2319
-3151
-4239
-3467
-1392
-322
-42
1011
2785
3405
3045
3542
4517
4438
3220
2825
3507
3795
3280
2960
2960
2294
625
-1980
-4082
-5593
-6114
-5918
-4450
-1147
2406
4843
6602
8369
8885
7458
4596
2078
-387
-3359
-5531
-5954
-5331
-5005
-4381
-2521
-145
898
1314
1938
2027
1036
-299
-885
-1353
-2127
-2743
-2657
-1969
-1027
-279
181
291
159
-409
-1420
-2375
-3313
-4372
-5279
-5476
-4872
-3708
-3057
-2851
-2457
-1678
-701
-106
722
1900
2713
2889
3220
4171
5156
4793
3533
2570
1618
106
-1533
-2306
-2707
-3651
-4286
-3271
-1549
-327
736
2295
3755
4110
4152
4662
4832
4032
2965
2763
3073
3073
2945
3137
3066
2368
768
-1387
-3458
-5128
-5728
-5589
-4191
-1325
1847
4210
6139
7692
8213
6883
4434
2147
-440
-3259
-5286
-5782
-5569
-5470
-4815
-2918
-913
10
828
1733
1947
928
-166
-614
-1092
-2021
-2778
-2904
-2526
-1876
-1220
-513
-27
185
-140
-870
-1542
-2266
-3259
-4325
-4835
-4597
-3899
-3671
-3462
-2846
-1994
-1066
-314
884
2185
2928
3159
3558
4272
4786
4197
3106
2299
1416
110
-1119
-1558
-1745
-2386
-2686
-1684
-210
642
1164
1978
2874
2815
2472
2694
3075
2885
2283
2509
3405
3980
4050
4142
4289
3649
2132
-189
-2573
-4777
-6164
-6572
-5718
-3200
-45
2637
4865
6872
7871
7155
5000
2722
207
-2644
-4889
-5612
-5332
-5145
-4577
-2916
-837
322
887
1515
1557
496
-874
-1492
-1754
-2292
-2672
-2458
-1741
-892
-111
565
963
889
288
-657
-1633
-2512
-3697
-4731
-5240
-4898
-4255
-4019
-3546
-2704
-1624
-844
-57
1316
2607
2998
2956
3309
3941
3912
3082
2461
2067
1295
163
-474
-517
-856
-1659
-1737
-839
-73
270
696
1467
1777
1450
1418
2017
2422
2273
2257
3036
3887
4286
4541
4799
4705
3740
2270
171
-2252
-4576
-6002
-6374
-5764
-3745
-911
1688
3763
5605
6813
6580
5087
3230
1251
-1063
-3122
-4075
-4222
-4412
-4361
-3299
-1780
-859
-333
409
889
457
-251
-533
-613
-1156
-1711
-1849
-1530
-1062
-738
-162
197
204
-217
-848
-1413
-2110
-3154
-4051
-4489
-4428
-4124
-4093
-3728
-3033
-2117
-1336
-471
845
1978
2341
2299
2540
2958
2964
2285
1812
1574
1038
347
30
296
298
-146
-154
520
1069
1063
1068
1395
1372
798
573
957
1256
1126
1059
1781
2704
3195
3659
4339
4754
4320
3424
2058
251
-1880
-3537
-4347
-4362
-3361
-1576
312
1987
3528
4584
4704
3851
2626
1147
-652
-2266
-3118
-3350
-3503
-3375
-2455
-1182
-308
181
788
1101
611
-261
-728
-1000
-1573
-2149
-2308
-2068
-1700
-1344
-813
-261
-30
-238
-645
-952
-1402
-2161
-2925
-3278
-3376
-3366
-3452
-3387
-3123
-2765
-2180
-1467
-545
423
1073
1363
1544
1874
2064
1788
1323
1147
1061
742
501
811
1244
1251
1303
1896
2575
2653
2425
2407
2261
1507
665
335
109
-347
-679
-328
443
1071
1689
2584
3293
3426
3170
2872
2061
649
-620
-1359
-1601
-1595
-948
273
1304
2007
2545
2899
2617
1692
724
-190
-1176
-2082
-2494
-2541
-2532
-2373
-1854
-1109
-599
-181
239
481
341
22
-261
-628
-1301
-1891
-2194
-2353
-2330
-2069
-1630
-1236
-905
-614
-423
-486
-733
-1080
-1498
-2022
-2354
-2487
-2504
-2434
-2351
-1992
-1503
-959
-431
9
259
338
257
-12
-274
-413
-413
-369
-252
82
580
1020
1440
1954
2404
2670
2755
2817
2777
2530
2157
1884
1670
1363
1102
1075
1188
1301
1420
1669
1952
2029
1978
1842
1566
1169
662
277
28
-168
-193
2
395
710
1049
1356
1435
1190
747
259
-272
-872
-1361
-1638
-1716
-1575
-1251
-763
-318
-47
52
73
-80
-409
-781
-1071
-1315
-1635
-1810
-1748
-1590
-1481
-1377
-1236
-1081
-1081
-1094
-1088
-1080
-1178
-1312
-1437
-1517
-1564
-1624
-1629
-1532
-1362
-1151
-836
-481
-202
-23
57
99
54
-197
-462
-646
-754
-796
-765
-638
-409
-126
152
517
923
1306
1584
1787
1946
1923
1855
1675
1449
1190
910
679
575
603
702
856
1066
1302
1465
1476
1364
1206
1006
777
526
462
568
802
1009
1200
1491
1655
1576
1339
1115
865
559
216
55
32
14
64
218
483
642
639
667
673
550
225
-70
-226
-414
-654
-840
-787
-732
-702
-628
-474
-408
-503
-734
-969
-1235
-1598
-2000
-2386
-2642
-2816
-2938
-2943
-2813
-2558
-2237
-1946
-1550
-1175
-883
-842
-936
-1000
-1180
-1488
-1678
-1621
-1507
-1445
-1317
-976
-602
-338
-38
380
812
1062
1257
1524
1683
1672
1553
1504
1439
1296
1172
1204
1335
1412
1542
1720
1908
1995
1900
1710
1502
1212
858
583
398
397
490
695
973
1309
1625
1784
1815
1782
1570
1173
743
405
91
-146
-156
50
301
410
520
619
600
358
89
-120
-329
-542
-727
-767
-672
-595
-569
-447
-271
-198
-266
-365
-462
-674
-996
-1320
-1541
-1750
-1977
-2098
-2083
-1985
-1822
-1597
-1302
-945
-657
-464
-382
-370
-441
-711
-983
-1205
-1308
-1403
-1535
-1492
-1268
-1031
-861
-594
-196
118
268
497
860
1089
1136
1152
1220
1164
938
711
587
500
359
310
414
644
776
833
959
1040
1001
847
696
532
290
61
-16
-5
120
327
532
826
1137
1308
1322
1277
1123
834
537
304
170
98
34
43
157
276
336
346
351
304
206
54
-57
-137
-221
-315
-313
-155
16
129
196
285
254
93
-187
-470
-777
-1157
-1447
-1539
-1477
-1327
-1089
-742
-366
-118
19
84
65
-74
-306
-455
-544
-602
-651
-608
-560
-481
-388
-366
-270
-216
-200
-150
-56
105
270
384
495
626
694
616
498
351
143
-92
-271
-297
-210
-77
12
156
293
321
263
123
-82
-340
-654
-882
-995
-990
-842
-644
-292
138
504
777
961
1035
922
726
509
341
200
18
-55
-24
62
104
124
175
198
167
109
151
249
305
345
475
637
754
772
739
689
532
281
29
-159
-346
-452
-520
-445
-306
-102
71
235
319
354
324
243
110
-10
-105
-236
-269
-235
-139
-94
-77
-29
-32
-138
-223
-297
-405
-531
-551
-455
-312
-209
-42
141
209
190
150
56
-102
-303
-452
-516
-468
-369
-271
-118
23
116
66
-13
-184
-443
-778
-1039
-1161
-1192
-1084
-863
-454
-27
389
713
990
1124
1020
818
637
420
160
-17
-101
-119
-116
-114
17
211
294
381
493
593
651
602
554
527
495
434
375
350
337
245
80
-68
-203
-341
-453
-460
-382
-235
-108
46
195
221
177
60
-86
-273
-434
-502
-527
-487
-394
-243
-73
63
204
323
330
253
173
73
-108
-229
-260
-249
-270
-246
-84
32
28
44
76
42
-143
-245
-255
-241
-238
-182
-17
116
154
209
231
139
-97
-351
-541
-726
-829
-816
-698
-467
-174
157
535
824
1007
1061
1007
862
679
437
193
7
-125
-261
-319
-269
-197
-92
24
208
420
562
635
654
654
575
496
344
262
170
20
-139
-246
-280
-337
-345
-259
-134
1
125
239
323
314
156
-20
-172
-374
-550
-630
-642
-621
-557
-437
-277
-128
-44
57
114
149
116
33
-52
-152
-221
-340
-406
-388
-360
-320
-245
-150
-94
-102
-163
-186
-169
-176
-176
-127
-37
-11
-17
-2
19
-59
-226
-392
-491
-591
-657
-630
-481
-292
-82
180
453
680
806
844
823
758
612
416
263
158
20
-114
-130
-94
-25
49
147
294
401
459
497
488
457
394
345
300
238
168
82
-3
-84
-119
-145
-137
-79
38
140
241
423
519
540
473
426
344
159
4
-86
-169
-268
-322
-271
-196
-112
-67
68
183
221
249
234
235
141
46
-54
-123
-160
-175
-170
-146
-95
-76
-103
-163
-194
-231
-267
-342
-324
-323
-365
-400
-363
-337
-412
-489
-544
-615
-730
-813
-864
-868
-853
-777
-623
-438
-241
-123
-31
21
30
-33
-123
-181
-235
-319
-412
-393
-350
-305
-243
-96
86
216
319
426
570
618
625
659
645
576
483
401
301
269
237
266
363
504
668
798
933
1058
1115
1100
1045
946
827
635
500
389
341
235
134
148
138
104
101
133
167
179
199
215
255
247
180
98
1
-88
-205
-308
-370
-415
-451
-504
-505
-493
-509
-501
-495
-480
-511
-575
-602
-572
-594
-621
-665
-660
-663
-704
-744
-715
-699
-751
-741
-649
-535
-453
-376
-272
-169
-119
-78
-5
-2
-24
-102
-185
-210
-255
-310
-310
-235
-157
-21
119
308
457
533
619
676
674
618
523
399
275
168
122
86
153
275
393
543
677
845
919
874
828
750
672
541
394
321
249
129
45
33
24
-19
-51
-13
92
113
190
297
427
463
433
395
301
150
-50
-184
-268
-306
-373
-371
-326
-297
-290
-260
-216
-208
-262
-354
-408
-432
-455
-500
-483
-484
-474
-472
-482
-456
-459
-501
-545
-545
-484
-465
-459
-365
-245
-202
-145
-67
-12
-61
-137
-180
-252
-299
-351
-340
-246
-133
-1
192
372
541
641
668
685
597
489
310
143
6
-52
-67
-15
140
320
515
686
832
942
982
908
817
713
576
403
287
220
137
32
-69
-114
-166
-235
-300
-285
-205
-153
-77
23
158
182
135
106
39
-80
-196
-305
-350
-370
-391
-371
-368
-350
-355
-355
-355
-352
-377
-431
-494
-470
-421
-367
-274
-160
-56
-18
5
-19
-67
-170
-303
-412
-421
-419
-414
-335
-214
-86
-2
148
270
266
207
145
72
5
-72
-112
-62
3
56
182
312
425
509
545
578
558
468
341
204
55
-36
-87
-91
-21
80
246
364
511
659
751
744
723
689
590
480
317
220
95
-51
-168
-256
-315
-350
-374
-350
-270
-163
-87
-4
110
175
186
171
173
115
21
-53
-121
-205
-265
-333
-361
-375
-394
-433
-442
-431
-467
-502
-516
-465
-396
-314
-224
-114
-35
-3
12
-27
-99
-218
-370
-499
-588
-652
-668
-628
-495
-395
-270
-145
2
92
111
110
97
70
-1
-14
-27
-11
36
138
240
348
465
576
640
634
602
538
421
305
240
209
208
268
362
467
536
612
707
745
741
754
736
687
593
493
378
253
128
-13
-133
-216
-289
-370
-355
-286
-223
-147
-51
43
82
65
29
-45
-162
-277
-378
-425
-447
-470
-452
-414
-399
-420
-466
-481
-540
-597
-642
-654
-614
-561
-454
-335
-205
-76
38
93
97
69
-25
-149
-278
-378
-468
-548
-542
-483
-394
-303
-151
1
146
234
312
413
387
369
352
307
274
266
290
329
393
422
478
473
507
495
433
435
398
415
388
391
419
456
474
475
482
522
512
445
439
410
361
295
206
157
51
-96
-198
-309
-407
-477
-503
-461
-388
-322
-248
-182
-111
-85
-104
-125
-161
-236
-347
-390
-415
-473
-505
-510
-464
-423
-433
-438
-435
-470
-532
-567
-554
-509
-431
-340
-181
-46
72
155
193
209
139
62
-40
-153
-268
-351
-373
-363
-280
-199
-81
38
145
232
294
340
387
418
433
447
474
458
461
476
436
449
452
450
458
480
482
473
437
414
416
386
400
403
425
440
411
410
418
400
386
415
421
374
319
242
138
-11
-179
-299
-407
-510
-577
-561
-511
-463
-369
-255
-179
-126
-100
-122
-191
-281
-411
-497
-564
-621
-597
-576
-546
-525
-492
-505
-505
-496
-523
-561
-591
-573
-564
-507
-440
-316
-190
-60
49
111
127
88
17
-59
-135
-189
-236
-254
-232
-174
-109
-28
80
181
279
343
399
434
455
449
459
468
464
466
465
472
479
494
505
515
537
567
544
526
547
523
520
496
498
500
503
503
502
500
452
451
404
387
362
339
264
177
89
-14
-131
-261
-320
-370
-391
-359
-308
-240
-193
-150
-115
-93
-131
-230
-303
-409
-497
-592
-613
-619
-620
-583
-562
-531
-518
-547
-572
-606
-658
-708
-737
-716
-678
-624
-535
-428
-335
-244
-187
-158
-165
-201
-235
-288
-314
-331
-308
-256
-211
-136
-74
-18
50
86
139
180
221
266
310
345
385
445
460
506
518
510
527
553
540
526
548
553
559
581
629
652
674
732
759
767
774
770
751
747
726
727
706
676
630
532
446
335
237
106
23
-33
-60
-68
-64
-44
-18
-11
-14
-22
-75
-134
-216
-309
-439
-552
-659
-757
-783
-793
-801
-779
-728
-710
-711
-724
-764
-804
-893
-920
-905
-895
-873
-836
-736
-669
-592
-511
-446
-406
-397
-405
-377
-376
-382
-390
-336
-301
-231
-180
-146
-59
-8
59
99
180
283
336
399
457
509
537
528
549
547
539
547
546
536
559
564
587
628
697
746
767
808
808
803
768
748
750
751
716
714
700
661
607
532
477
392
328
239
194
147
109
82
75
118
139
150
136
122
89
-6
-102
-203
-297
-396
-480
-524
-568
-589
-620
-619
-620
-627
-632
-652
-652
-672
-703
-753
-738
-730
-729
-715
-695
-655
-636
-659
-622
-634
-642
-627
-616
-575
-535
-474
-437
-363
-324
-271
-260
-215
-178
-165
-93
-22
48
102
150
202
236
250
289
305
328
350
381
416
452
493
521
559
613
658
702
704
723
742
723
708
715
727
720
735
742
749
711
665
639
563
492
433
402
371
341
323
303
284
245
228
191
144
111
58
1
-92
-178
-247
-342
-432
-474
-516
-527
-544
-546
-531
-540
-530
-503
-526
-541
-542
-566
-595
-619
-647
-646
-643
-653
-619
-598
-564
-547
-517
-489
-439
-424
-390
-339
-326
-323
-321
-296
-273
-237
-191
-127
-87
-39
4
39
68
78
89
92
89
109
143
177
229
283
330
365
415
440
470
496
496
500
509
501
498
488
479
481
507
490
513
535
510
516
522
533
509
502
493
501
459
441
411
376
341
318
294
254
224
163
133
69
45
-4
-46
-83
-146
-192
-232
-278
-304
-296
-320
-304
-328
-321
-362
-425
-441
-500
-553
-568
-592
-621
-617
-640
-637
-614
-599
-577
-543
-497
-479
-441
-423
-411
-412
-425
-441
-428
-419
-402
-385
-371
-342
-298
-277
-233
-164
-125
-93
-41
3
43
72
87
127
141
187
232
287
330
337
359
394
417
429
479
525
574
608
639
645
671
679
680
686
690
697
673
657
630
618
566
563
543
524
505
493
449
391
372
301
245
219
184
125
87
51
-28
-85
-156
-198
-213
-217
-238
-262
-254
-302
-357
-410
-461
-518
-577
-627
-648
-688
-734
-745
-721
-659
-596
-539
-465
-405
-411
-422
-447
-471
-507
-542
-550
-535
-483
-457
-410
-357
-315
-272
-247
-193
-186
-151
-138
-149
-142
-130
-91
-34
28
97
175
218
246
264
253
252
282
323
359
412
476
507
528
547
541
529
498
479
467
459
482
502
537
593
630
642
645
642
601
538
473
418
358
297
255
213
183
136
125
120
84
73
60
52
27
12
-15
-59
-109
-140
-186
-233
-272
-324
-359
-416
-452
-495
-516
-530
-531
-545
-525
-515
-487
-449
-443
-411
-418
-405
-421
-437
-467
-475
-467
-457
-444
-430
-388
-345
-320
-306
-259
-257
-250
-226
-198
-154
-117
-48
-5
33
72
101
133
139
185
220
258
304
331
361
385
396
413
413
409
431
458
463
471
507
534
558
590
607
628
607
585
551
493
437
367
318
272
273
228
217
170
163
117
83
53
45
18
-17
-31
-82
-102
-141
-176
-203
-238
-241
-266
-334
-361
-419
-459
-483
-501
-497
-488
-476
-450
-435
-431
-429
-430
-417
-442
-412
-392
-368
-362
-360
-324
-313
-282
-252
-220
-211
-189
-193
-176
-153
-128
-87
-66
-27
-11
23
25
49
81
106
151
186
206
213
238
229
239
217
256
270
284
300
310
335
335
356
373
390
404
434
446
460
444
455
439
418
397
369
328
301
252
228
201
169
158
155
168
167
153
147
133
85
57
33
20
-23
-21
-53
-93
-108
-134
-178
-202
-213
-234
-265
-267
-288
-314
-327
-343
-373
-378
-380
-368
-357
-332
-321
-327
-303
-319
-320
-354
-369
-379
-400
-391
-397
-378
-369
-330
-307
-284
-248
-217
-184
-146
-123
-100
-102
-76
-72
-85
-36
-34
-4
29
69
96
108
130
174
196
198
240
279
292
296
314
315
315
309
332
361
415
449
499
525
522
511
471
441
399
378
344
325
307
278
260
217
215
191
174
165
174
177
136
134
118
91
62
25
-2
-71
-102
-123
-170
-206
-239
-249
-276
-268
-267
-270
-277
-282
-278
-303
-331
-335
-342
-347
-335
-335
-321
-318
-317
-321
-315
-297
-276
-266
-270
-233
-230
-220
-189
-187
-165
-155
-123
-114
-87
-90
-70
-40
-31
-13
30
55
55
78
94
99
104
125
147
148
152
154
155
147
151
157
194
208
254
275
297
305
276
266
246
258
249
241
215
196
175
152
134
117
124
126
93
87
71
45
64
64
75
88
106
81
30
11
-39
-74
-114
-144
-135
-148
-153
-170
-179
-195
-190
-189
-154
-130
-130
-103
-127
-130
-159
-173
-152
-165
-159
-141
-138
-139
-170
-170
-162
-140
-105
-77
-24
-24
-6
7
3
1
-1
20
27
46
77
89
133
132
138
146
146
148
128
145
131
132
135
150
145
153
137
157
145
139
137
134
124
148
158
144
139
117
87
57
20
-21
-36
-64
-99
-116
-131
-152
-156
-140
-138
-156
-149
-131
-146
-144
-134
-137
-143
-153
-154
-168
-183
-218
-219
-245
-245
-248
-233
-228
-205
-179
-131
-103
-80
-52
-29
-1
8
19
27
36
41
62
62
56
55
61
60
47
82
114
157
214
284
298
320
293
271
232
184
177
166
167
169
215
202
230
225
226
217
231
257
245
230
220
181
128
96
51
26
-4
-7
-24
23
7
13
14
10
26
-22
-39
-56
-89
-157
-190
-243
-270
-289
-314
-305
-293
-272
-270
-267
-242
-223
-227
-195
-193
-191
-203
-198
-209
-219
-200
-206
-214
-215
-243
-233
-237
-244
-225
-206
-177
-131
-92
-67
-66
-44
-16
-20
-17
16
45
42
51
48
58
39
56
83
117
156
175
217
218
239
225
211
222
238
245
271
296
287
299
291
273
293
279
295
314
329
319
309
298
292
282
251
253
218
213
187
157
152
121
115
86
91
83
94
75
62
39
0
-47
-110
-149
-192
-213
-235
-218
-234
-249
-263
-295
-312
-338
-352
-353
-343
-317
-309
-294
-289
-292
-303
-310
-310
-306
-322
-330
-339
-333
-331
-309
-295
-269
-236
-195
-194
-158
-142
-115
-98
-74
-52
-16
8
11
38
38
56
55
71
85
98
129
147
197
228
270
303
313
333
319
331
325
307
303
288
273
294
286
287
276
305
313
323
326
348
317
311
299
253
230
150
151
133
151
146
136
159
128
124
73
67
33
5
-23
-51
-53
-97
-123
-146
-161
-175
-194
-214
-231
-243
-288
-284
-290
-297
-290
-270
-275
-286
-306
-298
-331
-313
-304
-225
-249
-187
-390
-417
-461
-652
-439
-271
-125
-32
31
-117
-246
-577
-303
-40
13
56
117
148
65
-30
51
239
221
80
-155
-240
-176
-13
342
693
882
839
662
447
189
7
17
161
192
307
260
365
309
311
173
193
-22
-131
-80
-15
298
520
749
747
608
333
72
-200
-522
-461
-248
-160
-133
-64
-100
-85
-78
107
428
581
728
623
527
257
-79
-364
-411
-413
-409
-325
-204
-139
-292
-506
-547
-586
-699
-739
-624
-499
-387
-319
-242
-161
-218
-361
-436
-503
-579
-588
-515
-347
-187
-125
-3
118
179
145
101
83
59
-5
-84
-33
13
84
150
253
388
456
448
452
454
374
289
184
191
230
254
325
450
572
559
511
516
457
399
384
422
431
411
334
285
255
229
197
155
162
116
65
38
56
63
2
-31
-61
-95
-84
-83
-22
-75
-144
-274
-347
-418
-458
-449
-384
-276
-191
-169
-224
-332
-405
-526
-601
-575
-540
-465
-429
-380
-303
-314
-370
-374
-356
-373
-395
-342
-295
-254
-167
-111
-67
-45
-143
-180
-200
-191
-137
-28
86
201
236
276
337
291
213
223
254
304
334
340
338
288
262
248
298
288
284
286
247
182
181
193
175
220
271
277
291
247
211
208
162
154
146
116
82
60
47
67
94
135
177
223
244
241
244
228
202
131
95
47
26
24
34
39
47
30
-27
-98
-137
-136
-169
-178
-183
-195
-224
-279
-301
-288
-321
-305
-308
-267
-258
-270
-228
-231
-258
-267
-259
-262
-239
-238
-216
-149
-146
-175
-185
-194
-203
-186
-150
-66
-34
26
65
68
43
-6
14
0
30
74
178
201
175
148
93
42
-50
-78
-118
-106
-76
-16
106
204
305
341
366
327
239
141
43
12
-4
35
103
171
204
164
122
68
25
-33
-15
0
13
47
113
152
180
207
207
166
109
81
14
-66
-113
-145
-157
-186
-177
-160
-108
-54
-22
30
57
31
1
-33
-125
-176
-164
-161
-165
-134
-95
-54
-11
17
47
33
10
-47
-123
-167
-183
-165
-124
-57
-7
35
62
89
81
67
35
12
-19
-68
-108
-111
-115
-133
-119
-111
-109
-69
-17
41
72
87
68
70
39
41
60
87
149
158
189
215
223
201
180
165
131
83
65
67
94
125
182
236
250
229
218
178
122
96
41
56
25
-28
-40
-78
-102
-154
-142
-121
-124
-99
-65
-47
-74
-111
-125
-136
-175
-164
-154
-123
-122
-137
-131
-103
-106
-95
-69
-67
-60
-76
-84
-88
-76
-72
-92
-80
-97
-124
-122
-121
-96
-80
-54
-19
3
10
6
-10
-15
-53
-104
-128
-163
-155
-132
-124
-66
-4
30
58
55
44
55
67
97
111
145
197
202
219
203
225
208
203
189
173
165
143
156
156
187
176
214
214
162
118
97
93
48
31
31
34
14
-18
2
1
-24
-37
-30
-62
-99
-145
-181
-176
-190
-161
-123
-86
-67
-102
-111
-103
-115
-118
-103
-36
-26
20
52
57
57
55
57
53
48
-4
-32
-70
-82
-64
-61
-26
15
34
47
14
-12
-16
-15
-14
19
38
35
21
1
-15
-34
-26
-23
-18
-24
-35
-36
-37
-26
9
32
63
59
63
26
23
0
-44
-26
-27
-23
-5
30
40
31
37
24
-13
-50
-86
-91
-106
-121
-89
-74
-54
-50
-41
-45
-51
-67
-85
-97
-106
-94
-91
-72
-67
-60
-72
-58
-74
-90
-89
-74
-38
-19
5
42
96
122
162
184
201
218
236
265
250
245
242
223
179
127
121
94
85
83
112
131
122
136
131
105
114
118
120
99
91
33
12
-31
-70
-91
-111
-103
-95
-68
-73
-62
-74
-92
-108
-124
-114
-114
-103
-101
-88
-62
-52
-52
-68
-66
-102
-99
-96
-117
-119
-127
-134
-153
-196
-231
-236
-241
-201
-187
-141
-79
-70
-82
-66
-69
-69
-73
-62
-75
-84
-120
-146
-151
-152
-120
-76
21
57
107
130
143
165
163
175
190
206
199
197
198
216
221
224
213
220
232
224
251
239
238
233
192
181
156
174
174
148
190
179
165
122
83
62
26
3
-14
-10
-26
-24
-39
-46
-61
-68
-63
-65
-59
-66
-72
-79
-96
-119
-133
-172
-188
-174
-178
-167
-153
-151
-119
-131
-125
-125
-132
-143
-175
-177
-188
-184
-170
-151
-155
-149
-165
-181
-192
-220
-210
-197
-153
-141
-83
-61
-34
-24
-22
-8
2
-2
-4
29
52
83
98
135
124
125
105
113
120
130
153
160
167
174
170
149
168
193
204
233
209
204
187
132
109
66
57
45
78
83
96
108
100
117
121
108
96
82
83
61
47
34
10
0
5
21
45
67
73
77
64
47
-24
-30
-56
-82
-76
-39
-28
-14
-7
-41
-56
-106
-147
-192
-205
-227
-233
-231
-235
-207
-204
-185
-184
-168
-168
-168
-198
-189
-204
-211
-192
-185
-154
-152
-125
-130
-140
-155
-160
-128
-103
-82
-23
19
59
74
77
109
118
135
125
128
110
102
109
117
160
180
201
214
246
223
205
188
187
173
169
182
191
200
199
178
182
189
186
197
193
173
167
149
98
61
69
30
15
19
16
-12
-5
1
-19
9
-23
4
-12
-31
-71
-111
-118
-153
-187
-195
-178
-173
-179
-174
-174
-193
-233
-249
-241
-230
-235
-217
-192
-206
-200
-196
-189
-171
-142
-133
-96
-62
-67
-71
-76
-66
-66
-69
-36
-28
0
-9
-2
17
10
27
52
73
96
112
127
123
130
134
111
102
124
105
125
119
139
160
173
186
198
216
198
216
179
178
147
144
152
175
199
214
233
220
215
186
175
154
140
115
77
22
11
-3
-4
-6
34
68
67
32
29
-28
-76
-127
-158
-155
-174
-175
-205
-209
-245
-265
-294
-288
-276
-279
-277
-259
-251
-261
-260
-252
-251
-243
-237
-228
-241
-247
-247
-232
-228
-221
-191
-153
-157
-130
-115
-78
-78
-49
-27
-32
-25
-20
7
30
76
107
147
163
173
170
146
151
163
147
163
191
236
234
248
270
292
311
311
334
332
328
307
311
289
282
275
264
260
252
259
239
230
239
245
231
234
189
181
140
119
107
66
26
-21
-54
-88
-123
-135
-149
-169
-188
-204
-220
-233
-237
-234
-220
-210
-209
-223
-243
-261
-270
-291
-286
-300
-292
-278
-261
-236
-216
-197
-173
-165
-154
-158
-170
-157
-170
-176
-179
-165
-164
-152
-141
-110
-73
-54
-40
-36
-31
-30
-17
-26
0
18
27
41
47
55
62
48
54
78
77
94
143
168
171
208
222
224
229
216
193
193
169
155
173
154
171
174
188
207
216
220
242
209
205
201
176
147
134
116
96
103
93
81
50
53
29
4
-8
-11
-16
-22
-29
-53
-70
-83
-89
-81
-89
-78
-71
-93
-101
-119
-117
-139
-123
-107
-106
-90
-118
-108
-125
-135
-146
-148
-143
-139
-154
-155
-144
-143
-147
-127
-118
-120
-80
-88
-97
-99
-95
-121
-118
-100
-67
-65
-66
-39
-49
-54
-38
-12
11
26
53
86
113
120
133
122
100
96
71
71
68
87
103
114
129
145
135
143
152
158
169
151
162
143
113
99
77
64
56
55
52
26
62
40
37
37
42
25
22
41
2
-12
-23
-32
-58
-49
-49
-52
-78
-86
-96
-105
-106
-92
-72
-65
-50
-52
-45
-53
-62
-64
-62
-65
-55
-48
-73
-86
-66
-82
-99
-75
-66
-49
-51
-37
-29
-46
-43
-20
-12
10
21
33
17
25
-2
-36
-28
-35
-33
-1
28
58
70
72
98
103
99
93
82
69
75
59
91
101
114
117
113
111
87
71
45
31
28
31
24
33
21
14
4
5
2
-6
-18
-22
-44
-46
-59
-85
-81
-73
-55
-60
-62
-45
-64
-74
-90
-97
-112
-94
-73
-91
-68
-52
-72
-72
-91
-101
-109
-104
-99
-87
-84
-72
-51
-46
-35
-26
-1
4
12
21
24
19
6
12
5
27
50
71
71
97
108
91
80
73
95
74
99
111
119
120
120
152
145
149
158
161
149
152
146
150
135
125
130
122
102
94
69
50
29
24
11
7
23
13
-1
-11
-30
-51
-79
-98
-94
-104
-107
-105
-121
-135
-161
-175
-195
-209
-178
-165
-156
-156
-147
-160
-142
-141
-136
-141
-129
-119
-123
-134
-139
-105
-88
-85
-103
-79
-48
-55
-45
-24
-3
-16
-30
-27
-3
-10
6
38
42
38
38
49
86
92
96
132
143
125
138
159
155
158
154
136
126
118
123
139
138
150
159
149
138
141
138
129
125
118
107
92
89
77
65
70
78
45
21
-1
-37
-48
-66
-79
-82
-93
-76
-89
-77
-87
-94
-93
-100
-109
-127
-87
-104
-101
-111
-88
-117
-138
-133
-138
-144
-116
-104
-78
-66
-65
-39
-35
-20
-8
0
-11
-6
-12
-8
-9
-11
-20
-19
-6
-27
-10
-21
-29
-14
-23
10
18
49
49
75
63
49
57
46
52
63
60
71
71
59
61
66
71
74
93
98
86
89
106
109
114
110
132
91
94
65
39
35
30
46
39
38
29
19
6
2
-10
-8
3
0
-26
-28
-38
-53
-71
-74
-62
-74
-89
-93
-90
-110
-120
-113
-121
-120
-142
-127
-128
-116
-133
-151
-134
-161
-137
-141
-127
-123
-83
-87
-83
-83
-75
-64
-66
-46
-47
-23
-23
-11
-7
29
31
42
42
45
43
42
57
44
79
87
116
155
154
160
164
168
169
171
167
174
173
156
149
145
137
124
151
169
186
209
191
178
157
120
90
82
74
51
53
44
36
35
29
22
4
-6
3
-20
-34
-43
-72
-82
-106
-116
-132
-133
-137
-134
-135
-126
-140
-168
-165
-199
-195
-185
-168
-172
-172
-161
-178
-194
-177
-198
-172
-170
-162
-137
-138
-121
-121
-118
-107
-88
-76
-61
-58
-45
-56
-69
-60
-41
-30
-18
8
35
49
38
83
69
79
88
94
112
89
114
104
114
101
131
134
135
153
144
156
160
168
176
189
210
201
192
195
154
155
144
145
149
157
180
178
174
169
164
150
132
118
113
115
67
60
20
0
-11
-13
-10
-11
-4
-34
-27
-67
-75
-93
-88
-86
-75
-87
-118
-124
-166
-193
-220
-210
-228
-226
-227
-223
-214
-219
-196
-208
-192
-188
-190
-206
-221
-216
-217
-218
-207
-196
-188
-166
-152
-148
-122
-99
-80
-54
-42
-35
-20
-16
1
19
39
62
91
110
102
112
118
109
103
119
135
142
162
163
162
169
182
200
216
237
224
231
228
229
225
230
216
198
184
140
132
112
107
97
128
130
136
146
134
122
106
98
74
84
48
29
3
-28
-47
-74
-75
-80
-90
-96
-100
-101
-131
-129
-137
-151
-156
-158
-158
-159
-160
-176
-182
-185
-195
-203
-187
-184
-185
-189
-183
-187
-184
-178
-150
-132
-122
-118
-104
-90
-96
-88
-89
-78
-84
-65
-38
-32
-11
10
3
36
43
58
68
79
95
117
120
146
147
119
122
122
140
111
115
123
102
118
127
147
159
141
169
167
162
150
147
156
138
140
140
135
100
104
74
67
58
73
76
74
81
61
65
46
29
17
20
-10
-8
-14
-34
-42
-65
-79
-91
-117
-121
-110
-103
-85
-70
-82
-92
-97
-125
-150
-186
-192
-202
-210
-200
-185
-179
-185
-157
-158
-154
-139
-121
-101
-125
-102
-82
-88
-89
-99
-102
-90
-81
-63
-36
-20
-8
11
19
16
28
45
48
73
95
98
113
119
108
96
96
101
107
119
132
158
168
170
178
157
162
148
151
156
158
160
158
152
145
144
139
141
139
122
99
90
79
64
49
30
26
4
-4
-8
-15
-17
-25
-18
-22
-34
-44
-57
-84
-110
-123
-119
-138
-152
-143
-141
-138
-133
-123
-117
-129
-125
-129
-143
-145
-175
-161
-178
-180
-172
-152
-141
-138
-107
-96
-70
-66
-70
-62
-58
-60
-79
-70
-55
-48
-38
-23
0
-5
23
61
66
79
74
97
96
80
78
79
78
82
109
130
147
136
157
158
152
154
140
139
136
142
146
156
148
136
129
112
112
115
125
123
123
127
115
109
91
75
61
56
31
22
26
13
-4
10
1
-17
-17
-28
-66
-68
-79
-86
-78
-73
-78
-86
-97
-131
-152
-158
-152
-155
-154
-137
-129
-137
-149
-147
-161
-165
-173
-163
-173
-166
-158
-156
-138
-145
-148
-141
-109
-103
-74
-68
-50
-38
-11
-16
-1
15
3
16
9
17
10
20
32
44
49
71
93
106
101
126
122
135
157
150
155
155
129
95
126
100
98
115
129
124
135
150
137
143
122
117
107
102
79
74
73
51
54
46
55
37
52
31
35
21
9
-2
-23
-33
-51
-64
-59
-51
-61
-29
-35
-54
-47
-77
-84
-96
-108
-99
-106
-99
-99
-85
-87
-100
-102
-108
-104
-99
-84
-74
-78
-73
-98
-91
-100
-99
-83
-64
-49
-44
-22
-32
-28
-36
-35
-10
-24
-17
1
-2
1
-7
13
9
9
14
20
29
56
71
71
68
54
48
57
58
44
61
57
69
82
76
78
78
88
91
99
99
109
88
88
92
93
89
68
57
27
38
4
14
10
21
40
50
67
58
46
21
19
-6
-12
-18
-41
-37
-64
-67
-74
-78
-61
-55
-26
-32
-38
-38
-70
-75
-81
-87
-78
-52
-51
-53
-55
-77
-87
-102
-93
-89
-62
-37
-28
-19
-35
-37
-53
-40
-33
-32
-10
-6
-19
-14
-33
-29
-33
-24
8
21
50
42
48
26
14
16
0
30
44
55
45
21
22
-10
0
16
44
46
50
43
44
35
38
66
67
78
68
59
21
8
4
-5
18
43
54
56
57
29
15
2
18
11
46
39
38
34
-11
-32
-55
-57
-59
-23
-19
4
8
14
-3
-9
-26
-39
-30
-24
-39
-35
-36
-46
-49
-50
-62
-54
-47
-36
-26
-18
-15
-8
3
-10
0
0
9
5
11
-7
-11
9
7
0
20
36
29
23
43
36
24
24
28
40
17
27
9
9
-10
-6
-1
4
24
21
37
24
32
9
13
11
11
6
-2
-4
-9
-10
-17
-16
-11
-12
-16
-16
-21
-32
-37
-31
-7
7
11
10
9
-27
-40
-48
-54
-45
-47
-17
4
19
7
12
-13
-23
-35
-40
-24
-40
-18
-15
-1
-4
-9
14
6
-2
3
-2
-23
-24
-30
-30
-10
-11
13
27
31
27
30
26
25
24
24
31
32
37
35
29
16
-2
5
7
-7
7
3
29
27
41
40
61
68
51
43
45
38
22
14
26
18
19
30
20
28
-1
-2
-6
-17
-22
-24
-8
-3
2
-9
-15
-17
-38
-37
-37
-52
-28
-21
-31
-28
-42
-56
-92
-92
-86
-63
-41
-13
-4
7
-6
-7
-1
-22
-25
-27
-23
-22
-48
-52
-63
-61
-27
-28
13
18
32
28
28
26
38
41
30
38
11
25
4
9
18
13
19
35
28
33
31
47
53
55
85
78
87
64
37
34
13
-5
7
1
7
24
40
61
58
60
51
62
68
60
70
62
48
20
14
-25
-36
-46
-50
-39
-38
-20
-17
-3
-17
-15
-21
-31
-28
-35
-45
-54
-52
-64
-73
-81
-78
-75
-70
-74
-83
-84
-95
-83
-86
-87
-79
-92
-86
-90
-72
-67
-46
-53
-47
-34
-33
-20
-7
3
-1
6
16
11
14
30
19
7
9
12
1
17
38
53
73
91
94
91
87
83
81
78
75
72
49
52
48
43
54
66
91
89
98
86
90
73
58
61
63
76
57
52
31
27
12
9
14
-20
-15
-20
-4
6
-2
2
-17
-13
-17
-12
-19
-17
-9
-22
-26
-28
-39
-52
-50
-62
-49
-53
-55
-70
-77
-68
-74
-72
-59
-53
-52
-43
-33
-55
-61
-62
-72
-82
-72
-52
-50
-46
-62
-40
-36
-48
-27
-15
-19
-13
-18
-13
-27
-33
-25
-30
-7
-1
22
27
42
44
71
63
71
76
55
58
51
64
55
61
85
63
53
89
82
72
93
105
102
103
105
94
66
59
64
65
49
56
46
33
11
8
-21
-9
-7
1
10
-15
-18
-26
-40
-35
-44
-36
-49
-52
-60
-85
-79
-106
-92
-96
-98
-92
-93
-102
-97
-105
-111
-104
-100
-104
-93
-86
-96
-86
-83
-82
-81
-53
-32
-29
-25
-21
-30
-22
-24
1
4
15
37
33
31
29
43
21
46
42
71
83
94
108
106
107
99
107
105
86
77
64
52
65
52
68
90
94
111
124
130
119
118
96
89
76
49
47
45
2
9
-7
-9
-30
-27
-16
-12
0
-3
-3
-21
-22
-24
-17
-21
-16
-19
-22
-43
-60
-63
-81
-87
-67
-79
-77
-77
-75
-67
-69
-52
-44
-48
-32
-19
-25
-30
-42
-55
-74
-89
-106
-93
-93
-50
-43
-21
-5
-8
-35
-43
-49
-51
-38
-36
-14
-14
-14
-21
-27
-33
-37
-21
4
23
46
66
75
77
71
71
45
56
50
44
43
56
50
43
53
50
50
58
66
58
77
85
88
71
62
54
43
38
38
34
35
47
50
52
48
42
30
34
25
22
22
8
12
-13
-22
-21
-43
-39
-50
-41
-40
-36
-50
-31
-47
-61
-51
-67
-67
-76
-68
-71
-73
-59
-69
-62
-57
-65
-57
-83
-65
-83
-89
-75
-71
-55
-49
-49
-45
-48
-55
-47
-54
-23
-14
-20
4
21
12
3
17
19
30
28
37
40
38
23
31
48
41
68
73
71
93
79
87
82
82
92
80
84
79
65
50
54
67
69
91
106
103
85
98
74
49
60
46
40
45
62
40
37
21
-2
-19
-35
-35
-37
-28
-36
-40
-51
-51
-49
-47
-35
-43
-35
-54
-62
-72
-77
-80
-84
-73
-78
-70
-85
-85
-108
-105
-93
-84
-72
-56
-42
-32
-36
-38
-45
-43
-54
-52
-48
-50
-30
-29
-22
-22
1
0
18
24
23
28
34
23
29
24
25
34
27
32
30
15
17
27
19
31
46
64
66
69
63
80
63
43
46
54
47
50
51
45
53
38
49
51
47
46
43
32
17
22
9
5
10
-7
-10
-13
-20
-26
-34
-16
-6
-3
4
9
-11
-22
-22
-29
-36
-28
-22
-49
-52
-67
-79
-62
-66
-52
-25
-16
-5
-11
-6
-38
-30
-37
-33
-28
-18
-9
-24
-25
-37
-42
-35
-22
-6
14
21
39
35
38
30
12
7
0
-7
-10
-1
4
17
13
32
21
23
27
21
33
43
55
67
54
50
26
11
-3
-9
6
7
21
37
43
40
47
20
11
6
9
10
-1
21
7
0
-4
-6
-37
-43
-31
-35
-21
-17
-1
-2
-5
-2
-3
-15
-15
-18
-27
-32
-25
-37
-47
-31
-35
-20
-19
-16
5
-3
5
13
23
9
18
1
-14
-4
-13
-1
6
10
2
10
10
-6
-10
-4
-33
-22
-11
-24
-10
-14
-2
-11
-6
2
8
0
12
20
-3
10
-12
-14
-14
-37
-23
-15
-13
-2
-6
-6
5
2
20
25
32
28
26
8
-8
-22
-20
-16
-21
-21
-17
-5
-17
-4
21
24
29
51
36
36
23
27
23
24
25
11
14
-13
-22
-28
-16
-8
-6
17
33
39
42
43
41
50
27
35
15
13
14
-16
1
-8
0
-8
16
18
19
25
28
18
24
44
14
22
9
-5
-12
-25
-4
-34
-14
-17
-1
-21
2
1
-3
2
-4
9
-14
-4
-25
-19
-46
-67
-60
-72
-56
-55
-39
-26
-38
-40
-50
-69
-58
-53
-57
-54
-44
-34
-38
-35
-35
-29
-35
-41
-48
-44
-28
-12
0
9
20
33
15
-16
4
-18
-7
15
22
37
51
66
56
64
44
58
53
56
69
58
78
62
81
68
69
56
51
45
47
52
49
62
48
43
33
35
37
11
21
1
-2
0
-11
8
-11
-2
-7
9
-11
-11
-11
-30
-21
-38
-22
-42
-36
-54
-61
-65
-43
-51
-59
-40
-56
-58
-59
-54
-43
-29
-5
12
9
11
-17
-27
-37
-40
-42
-22
-16
-7
-3
-8
-1
3
3
6
37
34
30
25
18
8
8
4
4
0
26
10
11
24
10
26
10
18
19
41
39
33
36
17
22
-5
5
1
-20
-11
-19
-1
-28
-16
-13
-14
-23
-2
1
-6
-14
-9
-22
-20
-12
-19
-14
-18
-16
-32
-37
-26
-19
-5
12
14
23
17
15
9
12
21
8
23
29
20
32
23
13
15
14
9
35
18
20
30
16
10
0
-16
-15
4
7
20
17
6
-3
-4
-14
-15
-26
-29
-33
-28
-26
-21
-9
-26
-22
-20
-5
-24
-15
6
-14
11
14
-1
-2
-25
-31
-20
-11
-4
17
8
12
-7
9
9
-4
23
40
27
30
52
21
13
-3
15
10
20
33
25
22
20
26
21
21
32
33
25
28
21
16
5
2
-27
-28
-39
-42
-45
-24
-26
-13
6
2
1
-6
7
-21
-10
-4
-15
4
-28
-19
-45
-46
-58
-59
-44
-44
-32
-33
-35
-36
-38
-38
-24
-23
-19
-19
-12
-11
-12
-1
-12
-14
6
-2
-10
-4
20
19
31
32
19
11
10
1
9
16
5
32
10
24
22
19
21
25
30
40
33
28
25
33
16
23
38
29
33
35
18
29
25
6
21
5
19
13
22
10
3
-3
-6
-29
-31
-9
-3
2
12
16
12
12
26
29
19
28
30
21
5
7
-4
-5
6
3
16
10
-2
-9
1
4
16
1
-3
-4
-34
-20
-28
-16
-3
1
13
3
-4
-16
-38
-44
-39
-42
-25
-28
-29
-25
-30
-24
-51
-53
-49
-42
-49
-29
-25
-29
-30
-22
-27
-24
-17
-24
-18
-27
-33
-25
-14
-8
-23
4
-12
10
18
-1
20
10
26
19
26
19
20
20
32
19
28
28
19
30
9
14
23
21
28
21
28
29
19
28
27
22
19
24
28
28
26
13
17
17
2
9
10
0
-4
-2
-4
-2
2
7
-10
-24
-11
-8
-12
3
-1
7
-4
-11
-10
-19
-18
-21
-8
-5
-7
-13
-14
-11
-10
-2
-2
-2
-19
-7
-8
-12
-4
-1
-3
3
4
6
19
11
14
19
22
9
20
8
-3
-13
-24
-13
-17
-2
0
-3
-5
-20
-8
-12
-10
9
9
19
-1
3
-18
-26
-24
-18
-16
16
18
15
21
-11
-9
-7
-16
7
12
5
11
6
4
-5
3
5
8
23
13
4
-11
-17
-16
-3
12
7
22
18
-2
-3
3
8
12
27
10
8
9
-15
-13
-20
-10
-17
-2
-5
7
7
18
22
23
36
18
30
18
13
12
6
1
0
-11
8
6
1
0
7
14
12
8
6
-9
-10
-10
-40
-21
-49
-33
-50
-31
-28
-23
-10
-21
-3
-24
-8
-4
-3
5
20
-11
-25
-27
-43
-31
-22
-8
17
-3
13
0
-11
1
0
7
23
26
26
37
10
2
7
5
-10
5
3
-8
-2
-11
-12
-13
-4
11
18
39
44
34
39
3
0
-22
-21
-37
-17
-6
-6
1
-4
-8
-17
-7
8
12
29
44
33
24
1
-4
-25
-17
-19
-20
-23
-26
-28
-32
-24
-20
-17
-6
0
8
18
9
13
10
5
-10
-3
-3
-10
-13
-6
0
-15
-4
-5
9
14
35
45
38
32
34
23
13
25
29
27
24
35
5
12
18
32
39
39
57
39
37
18
19
8
16
14
18
14
21
0
-7
-2
0
2
1
25
6
18
-1
-2
-22
-13
-28
-19
-22
-45
-46
-69
-48
-50
-48
-26
-30
-39
-49
-54
-54
-57
-49
-53
-56
-61
-55
-58
-54
-52
-35
-47
-38
-33
-28
-22
-20
-25
-12
-18
-18
13
-6
34
29
39
32
28
25
19
21
31
33
23
45
30
28
31
41
35
58
49
50
42
55
45
44
57
42
55
37
47
41
41
39
37
27
25
10
-3
11
-4
8
10
21
26
26
29
21
26
4
5
-11
-4
-18
-24
-18
-31
-34
-38
-32
-32
-30
-26
-9
-10
2
-11
-5
-26
-31
-50
-61
-58
-66
-58
-45
-36
-29
-33
-35
-24
-34
-28
-21
-11
-18
-1
-7
-8
-15
-24
-33
-39
-33
-39
-28
-25
-35
-31
-32
-35
-6
-16
-7
6
12
10
29
21
15
31
15
0
7
8
17
31
39
46
61
60
78
84
82
93
88
75
54
41
35
23
23
43
46
43
57
66
55
61
58
65
60
38
29
14
-3
-10
-8
-26
-33
-33
-34
-44
-28
-19
-7
-12
-5
-16
-33
-45
-60
-61
-65
-76
-70
-77
-79
-94
-88
-57
-64
-33
-26
-16
-29
-45
-50
-61
-71
-66
-47
-56
-44
-35
-51
-62
-64
-57
-64
-21
3
5
23
26
5
1
3
-3
7
6
40
32
30
43
27
25
36
66
74
90
100
103
96
99
73
59
66
64
65
74
69
65
46
46
32
38
48
50
63
69
62
42
36
30
3
3
29
14
16
-6
-3
-27
-22
-30
-21
-21
-22
-17
-32
-38
-58
-45
-43
-41
-40
-28
-52
-65
-67
-85
-72
-57
-39
-29
-22
-29
-44
-31
-38
-38
-50
-31
-40
-40
-40
-33
-57
-62
-57
-57
-31
-46
-27
-34
-30
-25
-13
-15
-10
-12
-17
-4
-7
5
-2
8
1
22
24
6
8
11
9
9
28
36
33
45
34
46
42
34
43
49
50
72
80
79
66
76
55
48
54
44
54
64
55
55
43
40
24
10
23
9
38
28
46
27
30
10
-12
-2
-11
-19
-19
-35
-27
-29
-20
-14
-18
-10
-17
-17
-32
-26
-48
-45
-54
-34
-37
-27
-32
-40
-65
-72
-62
-61
-48
-24
-3
-4
4
-25
-21
-47
-31
-46
-35
-21
-28
-35
-38
-21
-23
-15
-8
11
12
26
17
32
28
36
35
38
33
0
16
-3
6
15
24
26
24
22
17
38
34
42
39
38
27
33
27
18
0
-6
-2
-9
-14
-14
3
-6
-9
0
-4
-2
1
5
1
0
-2
-16
-20
-27
-33
-36
-35
-39
-35
-21
-2
2
18
32
33
30
22
2
-4
-4
-11
0
3
6
3
6
-4
0
-8
-4
24
22
37
34
28
16
-7
-13
-32
-7
-1
12
31
31
30
23
27
22
17
16
22
20
25
27
20
20
11
-1
8
-5
16
15
20
32
19
15
-2
-36
-27
-38
-25
-21
-5
4
-12
-17
-46
-49
-68
-66
-62
-41
-50
-54
-63
-84
-89
-94
-77
-78
-49
-53
-40
-43
-57
-51
-51
-35
-23
-10
-3
-6
-14
-34
-28
-20
-18
4
0
19
31
22
15
19
13
28
52
51
57
64
62
63
54
76
60
76
71
72
64
52
71
61
78
90
91
92
86
85
73
61
61
55
55
46
49
43
42
45
42
44
36
30
22
25
12
7
0
0
-13
-29
-36
-55
-57
-66
-60
-72
-66
-63
-46
-51
-52
-49
-63
-63
-79
-71
-71
-77
-77
-76
-79
-85
-85
-76
-85
-69
-70
-69
-65
-71
-68
-61
-34
-33
-23
-16
-10
-14
-22
-21
-35
-11
-21
-6
-6
3
-6
-8
10
16
23
36
52
52
59
64
55
46
59
41
49
48
48
35
34
23
23
32
47
56
63
82
91
78
79
58
57
48
41
56
42
38
31
26
18
4
14
17
27
55
49
57
60
39
12
12
-9
-21
-23
-17
-30
-25
-24
-20
-32
-20
-15
-25
-10
-11
-6
-14
-8
-34
-42
-67
-74
-81
-84
-71
-69
-64
-58
-45
-42
-41
-38
-39
-37
-41
-35
-31
-41
-44
-56
-75
-83
-67
-71
-49
-21
2
9
11
1
-17
-12
-13
-2
22
27
40
35
26
23
15
3
20
38
36
50
52
56
58
67
76
69
81
74
67
45
40
22
19
31
36
44
50
44
30
25
11
21
10
14
9
9
0
-12
-11
-31
-31
-41
-26
-19
-42
-21
-49
-45
-55
-48
-33
-39
-19
-1
-26
-10
-30
-42
-24
-35
-17
-19
-11
-11
-18
-18
-15
-5
0
4
25
16
0
3
-8
-16
-8
3
15
-4
0
-6
-14
0
15
16
28
32
34
41
29
26
17
10
4
11
13
22
26
25
36
41
44
49
49
58
59
56
32
27
11
7
14
25
34
39
18
17
4
-5
5
15
11
18
11
-4
-8
-12
-17
-21
-19
-26
-29
-49
-46
-55
-60
-71
-57
-67
-66
-60
-67
-80
-73
-60
-65
-54
-49
-40
-64
-53
-56
-60
-55
-57
-51
-37
-42
-28
-35
-31
-19
-29
-17
-28
-12
-23
-13
-4
6
12
16
23
13
16
18
32
41
62
52
53
53
45
44
63
63
72
90
86
81
74
65
64
64
83
81
80
71
72
64
67
76
68
71
55
61
53
41
49
35
35
37
37
19
16
-3
-18
-12
-21
-8
-29
-14
-33
-36
-53
-62
-71
-62
-59
-54
-48
-50
-46
-65
-67
-75
-70
-85
-71
-62
-64
-71
-62
-72
-93
-87
-84
-72
-58
-51
-36
-28
-42
-28
-40
-49
-60
-37
-30
-34
-12
-18
-19
-11
-16
-14
1
18
32
38
48
32
28
16
21
25
11
38
45
60
69
65
71
60
57
51
45
56
55
73
70
79
80
60
63
45
47
44
36
43
48
52
43
47
45
38
35
25
16
4
-6
5
-11
-12
-16
-35
-38
-45
-29
-30
-13
-9
-12
-9
-27
-35
-39
-50
-40
-30
-39
-42
-44
-49
-41
-30
-27
-15
-14
-7
-24
-35
-21
-41
-32
-15
-9
-16
-17
2
-10
2
1
12
18
17
26
12
11
5
-4
5
-3
4
-7
14
3
8
23
31
35
22
24
20
6
-1
-8
-20
-19
-22
-34
-19
-17
-31
-12
-18
-22
-20
2
-5
7
2
-2
-16
-21
-19
-26
-24
-17
-18
-22
-31
-41
-47
-60
-46
-36
-23
-1
16
11
5
0
-12
-20
-11
-1
2
8
5
-5
-7
-23
-30
-18
-3
13
26
48
52
45
50
41
39
29
33
39
34
46
47
52
53
44
47
52
52
64
62
79
82
73
64
38
19
21
6
13
15
21
26
18
14
20
7
15
22
15
13
9
14
8
-9
-6
-36
-48
-42
-52
-46
-52
-43
-35
-49
-41
-46
-48
-50
-46
-48
-52
-51
-61
-55
-60
-59
-54
-53
-52
-43
-35
-20
-12
-16
-26
-14
-26
-20
-42
-32
-29
-18
8
6
14
-3
-1
-11
-18
-7
2
3
10
22
31
11
30
19
10
21
25
34
33
45
43
55
60
50
40
29
24
16
-1
15
23
12
33
33
40
28
22
11
4
12
2
25
19
15
15
2
-8
-14
-3
0
12
13
8
-3
-7
-20
-30
-28
-24
-24
-21
-25
-20
-24
-32
-21
-21
-9
-11
-12
-2
-19
-30
-23
-39
-23
-14
-7
-7
-23
-28
-42
-44
-43
-44
-27
-13
-4
12
9
9
-1
-8
-11
-7
10
2
11
12
4
13
12
6
28
20
35
33
38
41
45
45
48
47
30
27
17
24
18
35
41
43
41
43
43
37
50
41
48
58
44
42
31
36
19
21
17
14
17
-8
7
10
11
11
9
8
-3
-20
-36
-47
-56
-63
-66
-51
-64
-59
-67
-62
-57
-53
-55
-53
-38
-49
-45
-55
-59
-65
-84
-77
-81
-75
-74
-64
-66
-52
-52
-44
-34
-24
-18
-2
-3
-1
-10
-5
-19
-24
-18
-13
14
7
34
23
30
14
29
25
27
52
50
67
60
60
47
27
25
26
48
54
63
73
64
73
58
56
51
56
58
70
71
68
77
72
69
51
51
23
16
7
28
26
37
36
33
22
11
17
4
7
0
2
4
7
-10
-15
-8
-21
-21
-33
-27
-45
-31
-34
-50
-43
-59
-65
-71
-65
-73
-90
-80
-87
-82
-91
-94
-84
-92
-95
-72
-61
-63
-47
-54
-51
-69
-69
-73
-86
-80
-64
-58
-35
-25
-15
-12
-7
9
10
23
30
42
44
52
63
58
59
74
74
75
79
69
69
75
84
92
106
110
125
125
109
107
87
85
80
91
94
106
101
82
76
61
60
62
54
61
45
40
34
20
18
19
0
-15
-27
-50
-55
-52
-56
-55
-44
-59
-79
-95
-96
-124
-124
-117
-114
-106
-95
-111
-120
-124
-134
-136
-132
-115
-117
-105
-99
-77
-80
-71
-47
-41
-20
-20
-14
-30
-41
-38
-43
-15
-1
20
30
27
19
-1
4
9
33
42
69
91
83
93
86
86
71
94
80
87
86
62
59
32
49
38
61
74
68
68
61
58
37
48
41
38
27
33
5
-4
-8
-19
-17
-14
-2
8
19
20
17
19
20
19
15
16
18
-4
-21
-32
-44
-56
-43
-44
-30
-21
-8
-20
-6
-6
7
15
13
24
-3
11
-15
-15
-21
-9
-8
-16
-11
-9
-12
-21
-15
-14
-10
-2
19
23
14
17
0
-22
-29
-33
-36
-47
-49
-35
-33
-33
-25
-24
-24
-21
-13
-15
-7
-6
2
-3
-13
-22
-14
-18
-29
-19
-24
-26
-30
-38
-37
-28
-13
6
12
28
23
29
25
25
24
31
19
21
12
15
9
3
15
12
36
26
46
57
58
56
60
46
34
19
-2
1
-26
3
2
10
6
-5
-6
-19
-18
-12
-1
-4
16
14
6
-8
-24
-27
-41
-33
-23
-15
-18
-17
-29
-48
-42
-43
-32
-21
-3
-4
9
4
0
-3
-7
-9
-3
-9
-5
1
11
5
11
3
1
18
18
28
22
24
16
6
1
0
-2
-1
-5
-3
13
0
4
0
3
-2
17
16
18
20
18
9
14
18
0
-11
0
-9
-9
-13
-3
14
5
22
20
28
13
16
-4
7
7
1
-5
5
8
-12
1
-1
-19
-24
-7
-10
-18
-8
1
5
17
22
20
20
0
-13
-16
-7
-9
3
18
-1
11
1
-6
-23
-19
-11
-7
14
17
18
19
10
-11
-23
-18
-19
-29
-10
-21
-18
-16
-11
-17
2
18
4
34
12
14
3
-1
-13
-5
3
12
22
18
33
18
33
25
30
31
40
48
46
36
20
17
12
8
17
15
14
8
-2
-2
2
5
4
6
-5
-6
-31
-29
-40
-32
-30
-30
-38
-61
-58
-81
-89
-95
-81
-75
-56
-64
-67
-74
-101
-101
-102
-95
-73
-66
-59
-60
-45
-44
-43
-33
-33
-14
-12
12
7
1
10
13
14
30
40
42
51
58
62
80
80
73
77
81
95
79
101
77
79
89
81
78
93
105
111
119
114
117
92
87
69
67
54
53
53
46
37
36
25
24
28
24
18
19
15
6
-6
-19
-10
-19
-31
-41
-57
-67
-81
-65
-76
-61
-55
-73
-64
-68
-68
-79
-79
-97
-87
-95
-91
-79
-91
-84
-79
-70
-81
-75
-62
-74
-67
-56
-38
-21
-14
-6
-9
-10
-14
-10
-14
1
21
33
39
37
34
33
38
40
39
55
58
47
40
19
36
12
27
33
44
61
46
53
30
29
10
24
14
26
34
46
47
46
37
11
13
8
3
4
14
16
3
8
1
-13
-22
-26
-36
-19
-3
1
20
-7
13
-9
-22
-26
-38
-34
-28
-14
-5
-16
-17
-31
-56
-51
-57
-49
-32
-16
-1
10
6
-8
-26
-33
-37
-29
-23
-10
-2
1
0
-4
4
-2
0
-6
13
0
19
23
25
10
8
9
1
20
24
34
27
52
25
44
30
21
34
25
34
41
54
46
28
36
19
7
21
13
34
24
35
30
18
19
13
11
12
16
6
15
18
14
17
1
-4
1
-17
-21
-12
-21
-22
-23
-42
-41
-56
-57
-62
-62
-48
-40
-23
-35
-58
-56
-70
-79
-61
-49
-41
-31
-38
-43
-62
-65
-69
-46
-36
-14
4
7
6
-11
-1
-17
-8
9
5
24
29
33
14
22
18
24
45
50
52
37
46
27
33
36
43
48
52
52
45
49
51
39
54
42
40
45
45
46
41
43
39
28
30
13
12
9
25
24
15
24
5
4
1
-10
-9
-20
3
-9
-10
-9
-16
-14
-25
-7
-12
-3
-6
-4
-16
-13
-20
-24
-23
-30
-22
-29
-20
-24
-20
-23
-16
-21
-38
-45
-32
-52
-29
-28
-23
-13
-26
-14
-17
-28
-43
-38
-47
-50
-57
-51
-43
-39
-35
-42
-41
-57
-50
-67
-48
-37
-32
-18
-15
-20
-24
-28
-21
-21
-9
4
19
20
26
29
11
11
13
15
13
28
39
66
67
70
72
62
57
56
52
67
78
99
81
89
97
91
90
89
99
81
97
84
85
79
68
53
60
55
47
35
31
29
19
23
29
18
10
7
-7
-23
-28
-41
-50
-37
-51
-53
-60
-68
-85
-100
-92
-113
-103
-98
-102
-85
-92
-81
-91
-91
-96
-100
-83
-85
-83
-73
-70
-74
-70
-74
-63
-54
-45
-38
-26
-23
-27
-26
-18
-15
-3
1
12
26
26
36
31
32
36
50
49
65
63
54
58
33
51
61
60
72
76
82
57
51
33
36
38
61
75
69
86
77
51
31
20
25
25
41
46
39
31
31
5
5
10
12
25
23
26
4
19
-9
-16
-21
-22
-3
-15
5
-7
-11
-15
-28
-25
-19
-26
-22
-18
-27
-22
-39
-37
-49
-58
-39
-50
-35
-44
-37
-32
-42
-51
-66
-61
-71
-54
-45
-39
-39
-30
-36
-44
-43
-51
-41
-38
-22
-30
-21
-11
-5
-27
-12
-17
-6
0
4
24
14
27
26
49
36
50
58
37
42
44
41
33
44
53
51
56
59
70
65
54
60
58
46
46
41
24
24
20
17
13
22
18
25
30
33
26
17
-1
11
-13
-18
-11
-11
-15
-13
-10
-21
-20
-32
-34
-44
-19
-16
-4
-3
-11
-28
-28
-20
-29
-29
-18
-8
-30
-6
-12
-12
-17
-20
-16
-14
-19
-10
-15
-15
-4
-7
-1
-15
-21
-26
-20
-18
-9
-12
-22
-17
-22
-17
-10
-16
-10
-15
-6
-14
-21
-18
-28
-30
-19
-3
-7
-8
3
-4
-8
7
3
10
1
17
16
7
6
6
10
8
19
16
31
17
33
32
44
45
42
45
38
41
33
36
32
32
33
36
27
31
16
12
9
-1
1
-5
1
0
11
0
1
1
-4
-4
-23
-13
-17
-26
-38
-31
-51
-55
-36
-40
-43
-29
-25
-28
-30
-37
-39
-51
-38
-34
-18
-20
-16
-20
-29
-30
-30
-16
-11
-7
-11
7
2
14
11
9
19
31
38
34
60
50
62
48
52
38
35
23
37
46
55
62
54
53
35
28
15
37
37
37
50
41
22
17
7
2
-7
3
2
-4
-3
-15
-25
-15
-21
-20
-16
-17
-15
-22
-25
-39
-31
-52
-49
-48
-57
-45
-47
-48
-41
-36
-31
-29
-35
-26
-13
-10
-12
-6
-9
-24
-11
-15
-11
4
0
9
3
-2
2
6
23
30
44
56
51
51
28
30
2
0
-7
-10
4
16
24
35
34
23
12
-3
-9
-16
-12
-5
-16
-15
-20
-36
-44
-57
-59
-52
-51
-40
-38
-29
-26
-26
-16
-18
-29
-28
-23
-38
-44
-46
-46
-45
-46
-33
-10
7
19
40
23
26
28
19
40
46
67
66
67
57
42
42
41
28
49
38
47
58
46
50
46
56
65
66
57
46
36
28
12
7
3
-10
-9
-8
-19
3
10
0
8
6
7
-10
-14
-20
-30
-31
-33
-33
-35
-31
-34
-27
-27
-14
-19
-7
-6
5
20
20
15
16
3
-16
-2
-27
-9
-25
-15
-7
1
-5
5
1
3
5
3
5
10
15
0
15
5
-12
-11
-19
-31
-15
-5
-1
-7
-7
-14
-33
-27
-40
-17
-20
-12
-19
-25
-37
-40
-56
-54
-27
-32
-16
-15
-16
-32
-33
-34
-18
-16
-9
-10
-7
-13
-1
1
-19
9
0
15
18
25
33
34
34
39
43
29
25
28
29
23
40
34
32
18
20
17
17
25
22
33
26
32
25
-7
-8
-12
-30
-24
-18
-9
-1
0
3
-8
-14
-13
-14
-5
0
16
5
-3
-9
-34
-36
-33
-10
6
5
23
23
2
9
5
13
15
31
44
46
45
27
16
4
1
-13
8
4
4
8
7
-2
-6
2
0
18
1
16
11
-13
-9
-36
-33
-27
-9
2
2
1
-13
-21
-49
-28
-25
-12
-7
-13
-16
-37
-40
-59
-34
-25
-15
19
11
12
5
-4
-6
-20
14
1
10
24
30
32
16
17
-12
-2
-7
11
15
27
52
47
47
37
38
22
25
17
22
37
37
47
53
50
42
34
11
3
-16
-14
-9
-5
10
4
-4
-5
-16
-34
-43
-40
-43
-37
-27
-25
-20
-26
-36
-48
-47
-45
-50
-43
-47
-26
-34
-27
-39
-42
-59
-60
-61
-60
-47
-30
-1
-10
2
0
-4
-21
-17
-9
9
10
29
15
16
-2
0
12
12
30
33
55
34
33
15
15
20
18
46
39
44
41
15
9
10
30
28
52
63
46
30
31
11
-1
19
15
35
49
28
19
4
-8
-5
-10
7
5
19
3
6
6
-16
-10
-1
5
8
16
1
-10
-17
-36
-40
-38
-21
-17
-10
-25
-46
-56
-54
-55
-43
-21
-8
-5
-4
-16
-36
-16
-34
-17
-7
9
3
-4
-12
-23
-34
-39
-30
-15
-2
14
26
17
15
12
19
29
38
38
62
44
31
25
3
20
7
32
28
43
51
45
60
44
70
47
68
45
49
41
27
25
29
29
8
7
-9
-17
-27
-16
-7
4
-1
-8
-15
-21
-29
-52
-52
-68
-70
-77
-81
-99
-87
-82
-68
-53
-54
-47
-54
-55
-56
-61
-54
-48
-61
-65
-75
-67
-68
-56
-36
-41
-37
-17
-26
-17
-10
-2
7
24
29
31
34
22
41
24
35
32
44
53
57
68
74
72
76
92
79
76
91
86
90
91
101
91
87
81
69
63
62
74
77
88
68
76
47
38
19
14
15
5
12
8
14
7
-13
-9
-18
-13
-18
-21
-36
-57
-58
-69
-74
-71
-66
-59
-54
-62
-63
-63
-76
-75
-70
-86
-78
-71
-84
-82
-92
-84
-93
-77
-74
-56
-46
-43
-26
-32
-25
-20
-22
-23
-13
-16
-7
0
11
7
10
14
13
2
7
12
17
23
31
43
33
50
38
49
43
42
43
40
51
41
44
27
27
18
13
30
28
24
30
18
21
28
25
30
15
19
8
21
23
8
6
4
-6
-1
-8
5
14
10
27
24
32
23
25
14
10
18
10
20
10
16
17
12
22
20
28
17
26
39
25
17
22
5
14
4
6
7
2
-13
-21
-28
-37
-28
-24
-22
-24
-17
-17
-24
-22
-35
-36
-31
-44
-39
-50
-49
-48
-56
-52
-51
-49
-50
-55
-48
-49
-51
-37
-35
-40
-37
-35
-48
-43
-39
-36
-20
-19
-7
-8
-6
-2
-2
-3
-6
-5
-5
-11
0
6
13
17
24
41
36
45
51
47
49
45
48
68
50
67
73
67
70
60
67
45
43
48
48
55
57
52
53
33
35
31
26
29
25
39
35
34
30
11
0
5
-9
-11
-10
-17
-18
-16
-25
-16
-24
-28
-20
-27
-31
-34
-51
-48
-44
-65
-64
-80
-85
-91
-82
-69
-65
-47
-56
-38
-39
-56
-55
-52
-65
-67
-64
-64
-52
-56
-40
-44
-16
4
4
16
25
20
13
18
19
35
32
49
51
48
37
31
41
49
65
73
67
69
58
47
49
41
55
57
66
68
82
63
60
62
59
51
61
45
66
49
36
28
20
24
8
12
1
-1
-13
-5
-17
-4
-19
-11
-22
-19
-25
-32
-33
-54
-36
-71
-54
-57
-61
-54
-68
-70
-66
-61
-65
-32
-43
-25
-32
-28
-38
-38
-45
-42
-23
-39
-23
-53
-38
-49
-33
-25
-5
4
24
37
6
9
-25
-16
-22
-16
-9
4
21
-5
1
3
-3
7
15
16
17
39
33
22
18
9
7
2
19
27
29
31
32
36
23
22
22
33
22
31
25
16
5
4
10
8
14
12
16
10
6
18
10
22
23
13
11
5
-13
-17
-9
11
14
28
31
8
5
-5
0
-8
-7
14
19
21
16
25
14
17
5
15
-1
-5
2
7
9
9
23
17
22
2
7
-6
-2
-4
-10
5
4
5
7
-4
-8
0
-2
-20
-33
-39
-52
-46
-49
-48
-43
-51
-44
-18
-26
-23
-17
-23
-16
-24
-26
-39
-38
-40
-48
-33
-32
-35
-32
-20
-8
-13
8
18
14
27
22
34
17
10
-2
-7
-18
-3
6
4
29
28
46
35
45
47
30
46
41
49
45
45
39
27
24
12
13
19
27
35
28
27
30
3
5
-4
4
-6
-9
-12
-23
-32
-36
-28
-34
-33
-25
-25
-28
-22
-45
-40
-43
-42
-39
-30
-35
-27
-30
-29
-21
-21
-35
-21
-2
-3
6
14
1
-10
-14
-24
-14
-4
9
17
20
23
17
17
25
25
37
34
42
22
24
20
16
25
31
30
32
22
12
-2
12
5
16
11
12
18
3
8
-7
-7
4
2
9
-5
7
5
0
3
2
17
19
26
12
22
1
-4
0
-3
6
11
25
24
26
16
22
8
9
0
6
12
12
18
-2
5
-11
6
-3
9
13
-2
12
-6
-15
-34
-21
-29
-20
-12
-17
-18
-35
-40
-47
-22
-38
-20
-26
-14
-24
-39
-35
-59
-51
-62
-36
-37
-33
-30
-39
-32
-27
-11
-6
2
-1
-5
-22
-20
-28
-31
-20
2
14
11
38
26
17
14
24
27
29
48
44
42
35
31
20
11
14
22
24
34
28
17
17
5
10
26
38
44
33
45
21
-8
-21
-38
-32
-31
-16
-8
-10
-23
-15
-16
-24
-10
-7
3
-3
-13
-25
-17
-15
-20
-11
-12
4
4
2
-4
-2
2
19
17
11
10
-3
-3
-3
11
15
28
40
32
32
22
18
19
17
33
27
28
28
8
6
-16
-13
5
2
21
10
21
6
0
-3
-6
-9
-15
-9
-8
-23
-12
-18
-25
-24
-20
-21
-27
-16
-24
-20
-22
-10
-14
-15
-8
-16
-12
-18
-14
-12
-20
-6
-9
-7
-2
0
-7
-1
6
21
30
37
42
30
33
27
25
13
10
8
7
1
-5
-3
-14
-17
-14
4
9
10
16
19
6
8
7
4
3
16
5
5
-9
-12
-20
-36
-17
-9
-5
0
6
-3
-14
-15
-2
-22
-15
-4
-14
-25
-25
-28
-44
-31
-32
-16
-13
-6
-12
-16
-19
-12
-12
-12
-9
-5
-8
1
-11
-19
-19
-12
-6
16
22
24
38
21
28
32
22
21
32
35
19
18
17
2
6
3
17
19
27
17
19
-2
-3
9
4
14
16
28
16
11
-6
1
-7
14
19
17
19
-8
-8
-36
-24
-16
-1
21
32
40
38
36
25
11
-5
-10
3
-4
1
4
6
-7
-3
-1
0
-7
12
-2
-11
-10
-17
-18
-17
-23
-29
-30
-36
-42
-59
-43
-43
-32
-24
-10
-2
6
-7
-4
-10
-16
-18
-17
-1
-16
-14
-13
-9
-24
-1
-11
-4
-1
3
10
3
35
18
25
17
5
5
-4
2
5
8
4
20
9
15
3
6
14
23
30
40
27
29
21
2
-8
-14
-9
-2
0
-2
13
-10
-6
-5
12
16
41
44
37
42
14
-8
-29
-41
-44
-31
-27
-8
-5
-6
-22
-16
-28
-9
6
15
25
31
24
10
0
-8
-15
-10
-7
-2
-9
-17
-21
-15
-20
-20
-5
-1
14
2
10
17
-6
5
10
13
11
10
16
3
5
0
6
-3
-2
-5
3
0
1
5
5
14
8
12
13
-2
-13
-19
-29
-14
-21
-17
-6
-9
5
1
-1
6
-4
5
16
18
10
9
-7
2
-4
2
24
7
19
4
5
-3
13
1
17
19
21
9
-2
-4
-22
-8
-8
-4
3
10
-14
-8
-27
-22
-32
-29
-20
-28
-14
-16
-6
-9
-14
-1
-2
-5
1
-8
-16
-21
-15
-17
-8
-8
-6
10
1
11
-7
10
10
8
24
8
25
1
-6
-3
2
0
17
14
17
21
11
10
0
4
2
18
4
9
-4
2
-15
-3
3
8
9
-7
-11
-21
-25
-19
-11
3
9
17
24
12
7
12
16
8
12
29
28
41
30
35
22
8
22
18
17
21
31
13
14
3
13
12
18
13
17
12
2
11
-16
-8
-19
-6
-13
-3
-5
-10
-20
-20
-31
-32
-33
-33
-19
-32
-27
-38
-31
-39
-32
-23
-20
-27
-8
-37
-26
-27
-27
-9
-13
1
3
-5
-11
-6
-12
-23
-18
-22
-34
-33
-29
-35
-23
-28
-12
-22
-20
-14
-22
-12
-13
13
20
34
27
26
24
9
21
21
27
19
36
20
21
23
23
15
26
35
35
41
32
48
33
49
52
50
42
45
30
21
11
17
31
34
33
26
25
10
18
11
6
11
6
3
-2
-19
-32
-35
-43
-38
-19
-5
-4
3
-10
-11
-20
-21
-17
-27
-6
-11
4
-21
-35
-48
-50
-46
-36
-29
-27
-17
-22
-23
-29
-26
-28
-26
-17
-10
-13
-13
-11
-11
-27
-12
-14
-9
-3
14
3
0
1
-3
-6
-7
13
12
29
31
39
18
16
22
6
27
28
32
46
52
52
66
48
48
42
41
29
35
28
24
26
19
11
1
7
-17
-11
-15
0
-5
-9
5
-3
3
0
1
-4
-10
-20
-22
-19
-26
-33
-41
-49
-54
-47
-43
-42
-38
-33
-54
-40
-43
-32
-26
-19
-6
-11
-25
-35
-34
-45
-38
-32
-21
-25
-13
-18
-24
-41
-30
-39
-21
-8
16
22
18
16
-8
-8
-13
0
9
19
33
41
60
49
38
43
40
46
54
69
64
53
62
47
41
44
54
58
41
57
44
39
28
34
35
37
55
42
45
30
22
1
0
-1
3
-1
5
-3
-14
-25
-28
-29
-25
-22
-17
-16
-26
-37
-42
-51
-47
-41
-25
-17
-18
-27
-30
-49
-58
-67
-51
-35
-21
-19
-11
-22
-36
-32
-37
-20
-20
9
17
7
2
-14
-23
-24
-15
-1
10
14
17
13
18
22
24
42
39
32
34
23
6
-16
-19
-17
-17
-1
-2
5
0
-2
1
5
15
1
23
20
8
-3
-8
-12
-27
-14
-1
-15
-12
-19
-15
-17
-20
-2
0
1
13
4
-7
-6
-23
-23
-27
-22
0
-4
10
5
8
1
10
11
12
21
25
21
18
8
-4
-1
0
-3
5
5
-13
7
10
24
32
41
45
39
29
27
18
15
14
23
25
23
9
3
-7
-29
-21
3
6
6
35
24
26
4
-7
-14
-14
-21
0
10
10
18
5
1
-1
-4
0
10
2
13
5
4
-20
-13
-21
-16
-22
-15
-6
-7
3
-8
7
0
6
-4
-5
-7
-11
-2
1
-15
-10
-22
-33
-36
-26
-39
-37
-23
-22
-19
-11
-4
-8
-7
-7
-7
-11
-18
-16
-22
-29
-16
-14
-2
5
7
3
-2
-2
-13
-6
-6
2
-2
10
11
-1
3
-5
1
8
9
25
15
9
12
10
7
5
15
11
19
23
18
20
14
4
14
13
24
15
25
17
8
3
-9
10
-1
14
26
39
39
25
18
8
9
8
21
16
27
15
6
2
3
6
-1
10
5
-1
-17
3
-18
-19
-7
-14
-13
-11
-24
-20
-17
-23
-1
-13
-4
-6
-8
-28
-29
-36
-24
-19
-15
-4
-7
-4
-11
-9
-29
-23
-31
-16
-14
-6
8
18
11
8
-2
-10
0
-9
-11
-8
3
-8
-5
-2
0
-2
2
-1
-2
-5
-12
-9
-15
-12
-15
8
3
5
3
-3
-2
-9
-1
-1
0
2
9
7
-4
-12
-12
-3
-23
10
12
4
14
-1
2
-4
1
5
8
23
32
23
20
19
14
9
33
29
42
44
39
46
24
36
39
26
36
31
40
31
28
23
12
1
10
11
13
19
12
20
5
-2
-13
-25
-29
-32
-31
-27
-14
-10
-9
-30
-19
-31
-33
-38
-40
-32
-33
-23
-27
-21
-21
-31
-28
-29
-31
-25
-32
-29
-17
-22
-24
-22
-3
-12
-15
5
-11
-1
-7
5
-4
14
18
15
26
15
24
8
24
10
25
27
22
39
27
37
15
27
20
21
33
36
41
26
18
7
6
4
4
7
8
-7
8
-17
-17
-15
-18
-8
2
6
0
-15
-35
-47
-47
-43
-39
-35
-34
-26
-37
-32
-45
-44
-53
-46
-57
-52
-52
-47
-46
-39
-18
-25
-17
-27
-20
-26
-26
-10
4
-15
7
9
-1
-1
12
15
17
35
29
49
41
46
53
43
50
45
56
55
54
57
59
51
51
55
56
79
73
94
88
89
85
81
87
72
61
51
51
34
20
28
21
20
29
29
34
45
41
48
29
14
14
-13
-28
-42
-56
-61
-65
-87
-76
-90
-81
-77
-66
-57
-61
-60
-64
-70
-86
-87
-105
-105
-112
-114
-114
-117
-116
-115
-92
-94
-77
-74
-50
-45
-41
-35
-32
-38
-49
-45
-51
-48
-39
-30
-20
-9
2
7
16
10
36
40
31
67
65
75
67
82
63
69
59
59
66
67
84
87
92
84
99
85
91
92
99
94
85
88
68
73
73
73
64
65
63
55
66
64
57
57
65
42
33
26
10
3
4
5
0
7
-4
-20
-33
-51
-48
-54
-30
-29
-27
-17
-19
-44
-42
-64
-75
-73
-72
-80
-82
-84
-94
-108
-103
-96
-93
-84
-79
-67
-79
-73
-91
-78
-77
-76
-70
-51
-53
-48
-59
-46
-70
-56
-40
-30
-15
3
16
6
4
-1
14
11
27
35
42
30
43
32
31
42
48
68
70
81
90
83
86
84
85
84
88
90
75
68
66
66
53
55
66
56
58
63
56
52
44
50
51
57
63
44
40
18
12
4
-5
-3
-3
3
-5
-15
-29
-34
-46
-43
-42
-42
-44
-50
-56
-58
-84
-60
-72
-63
-64
-62
-60
-60
-57
-56
-54
-53
-51
-61
-37
-62
-64
-70
-67
-73
-67
-66
-53
-53
-51
-38
-32
-24
-17
3
9
29
22
30
35
31
22
26
26
16
31
11
27
27
41
33
50
49
54
64
62
70
59
73
64
66
71
78
80
71
69
64
49
41
33
32
36
41
44
43
40
22
10
5
-20
-8
-20
-12
-11
-25
-18
-32
-39
-41
-40
-35
-37
-36
-38
-60
-72
-90
-78
-77
-82
-63
-59
-62
-63
-61
-66
-65
-62
-60
-36
-35
-31
-13
-19
-11
8
18
15
17
13
9
6
5
1
12
11
12
17
15
17
25
35
40
49
51
54
47
38
37
24
33
32
35
51
47
53
45
43
42
41
47
51
47
63
44
46
25
17
11
5
5
2
25
20
23
25
9
0
-14
-15
-25
-17
-24
-28
-28
-31
-45
-61
-64
-66
-80
-63
-69
-58
-46
-40
-31
-45
-26
-43
-37
-42
-30
-27
-32
-27
-27
-40
-42
-37
-40
-31
-13
-2
11
8
9
7
5
6
8
28
20
34
21
10
10
-7
-5
9
5
29
27
34
33
23
28
14
30
26
22
31
36
34
39
31
48
33
48
43
44
55
49
57
54
56
48
43
38
34
25
20
14
6
1
-9
-12
-23
-24
-28
-33
-44
-38
-32
-36
-29
-39
-43
-46
-46
-47
-55
-49
-50
-52
-68
-65
-70
-88
-77
-78
-77
-67
-47
-50
-37
-29
-15
-11
-1
-5
-18
-12
-11
2
-3
0
2
2
18
11
20
23
33
43
47
52
47
47
47
55
53
43
58
53
45
58
71
56
61
60
52
79
65
80
78
70
66
40
44
19
18
23
21
20
11
8
-5
5
8
9
10
15
-8
-9
-23
-41
-44
-45
-24
-31
-39
-26
-44
-54
-67
-69
-66
-66
-66
-52
-54
-69
-64
-63
-51
-51
-29
-25
-28
-33
-33
-47
-36
-23
-2
-9
-14
-14
-28
-29
-45
-33
-14
-11
-5
24
16
13
12
-7
-11
-1
3
25
30
28
34
44
26
18
20
29
32
46
57
58
54
43
22
19
2
17
15
28
37
31
34
15
16
-5
24
27
18
31
27
18
1
12
-2
5
2
-12
-5
-11
-14
-17
-13
-9
-9
-16
-7
-16
-26
-32
-15
-3
-15
9
2
-5
-9
-18
-29
-25
-21
-22
-8
-8
-6
-18
-19
-33
-18
-17
-4
6
16
21
9
2
-12
-8
-17
6
5
18
11
13
5
-7
9
7
10
25
32
43
37
36
23
12
0
-4
3
7
8
4
9
-10
-1
-11
-8
-4
0
-1
-1
0
-1
-8
-13
-6
-13
-19
-7
-20
-23
-9
-14
-4
-10
-2
0
-3
1
-1
-6
15
7
-3
-3
5
2
2
0
8
8
12
17
20
13
1
6
-2
-13
-2
-1
4
10
-2
-7
-18
-23
-16
-8
-4
19
7
-1
5
-13
-22
-11
-24
-26
-21
-34
-33
-30
-45
-20
-17
-3
2
10
12
5
13
4
9
15
18
-4
12
-4
-8
-11
-5
-5
-2
14
16
23
19
10
4
-3
-11
-9
-5
13
28
22
35
29
15
10
11
17
12
24
16
19
13
24
13
22
8
13
3
-7
-3
9
5
14
24
12
23
-1
4
-12
-6
-17
-8
-14
-31
-24
-35
-22
-33
-19
-16
-14
-15
-28
-26
-42
-45
-40
-39
-24
-10
8
8
14
3
1
-5
-8
-4
-3
-3
7
10
6
13
33
32
27
21
26
10
2
8
1
16
12
24
14
-2
-6
-10
-15
11
25
44
48
36
22
-2
-7
-10
-6
12
13
15
8
-5
-24
-20
-23
-11
14
15
18
18
12
-6
-15
-24
-17
-18
-8
14
-4
-6
-16
-15
-19
-5
-8
6
-4
-18
-9
-24
-27
-26
-14
-15
-3
3
6
-9
-12
-13
-15
-7
-3
-4
-6
-5
-8
-3
