0
0
-1
0
0
0
0
-1
0
0
0
0
0
0
0
0
0
0
0
0
0
0
-1
0
0
0
0
0
0
0
0
0
1
0
-1
0
0
0
0
0
0
0
0
0
0
0
0
0
0
0
0
0
0
0
-1
0
0
0
0
0
0
0
0
0
0
0
0
0
1
0
0
0
0
0
0
0
1
0
0
0
1
1
0
0
0
-1
1
1
0
0
0
0
0
0
0
1
0
0
0
1
0
0
0
0
0
-1
0
0
0
0
0
0
0
0
0
0
-1
-1
-1
0
0
0
0
-1
0
0
0
0
0
0
0
0
0
1
0
1
0
0
0
0
0
0
1
-1
0
1
-1
0
0
0
0
0
0
0
-1
0
0
0
-1
0
-1
0
0
0
0
0
-1
0
0
0
0
0
0
-1
0
0
0
0
0
0
0
0
-1
-1
0
0
0
0
0
1
0
0
0
0
0
-1
0
0
0
0
0
0
0
0
0
1
0
1
0
0
1
-1
1
0
0
0
-1
-1
0
0
0
-1
0
-1
0
0
0
-1
0
0
0
0
1
0
0
0
0
0
0
1
0
1
0
0
0
0
0
0
1
0
0
0
1
1
0
0
0
0
0
0
0
0
-1
1
0
0
0
0
0
0
0
1
0
0
-1
0
0
0
-1
-1
0
0
1
0
-1
0
0
0
0
0
0
-1
-1
0
0
-1
1
0
1
0
0
0
0
0
0
1
0
0
0
-1
0
0
0
0
0
1
-1
0
0
0
0
0
0
0
0
0
1
0
0
0
0
0
0
-1
0
0
-1
0
0
-1
0
0
0
0
0
0
0
0
1
0
0
-1
1
0
0
-1
-1
0
0
0
1
-1
0
0
0
-1
1
0
0
0
1
-1
0
0
0
0
0
0
0
0
0
0
0
-1
0
0
0
0
0
0
0
0
0
0
1
-1
0
0
-1
1
0
0
0
0
0
0
0
0
0
0
0
0
0
0
-1
0
0
0
0
0
0
0
-1
0
0
0
-1
0
0
-1
-1
0
0
0
0
0
1
1
-1
0
-1
0
0
0
0
0
0
0
0
1
0
0
0
0
-1
1
0
0
1
0
0
0
0
0
1
1
0
0
0
0
0
-1
0
-1
1
0
1
0
0
1
0
0
1
0
0
0
1
-1
-1
1
0
0
0
-1
0
0
1
0
0
0
0
0
0
-1
0
0
0
-1
0
0
1
1
-1
0
0
0
0
0
0
0
0
0
-1
1
0
0
1
0
0
0
0
1
-1
0
0
0
0
-1
1
0
0
-1
0
0
0
0
0
-1
0
-1
1
0
0
1
0
0
0
0
0
0
0
0
-1
0
0
0
1
0
1
0
0
0
0
-1
0
0
1
1
0
0
0
-1
-1
0
0
0
-1
0
0
1
0
1
0
0
1
0
0
1
0
0
0
0
0
0
0
0
0
0
0
-1
1
0
0
0
0
0
0
0
0
0
0
-1
0
-1
0
0
0
0
0
-1
0
0
0
1
0
0
0
0
0
0
0
0
0
-1
1
1
-1
0
0
0
0
0
0
0
0
0
0
0
0
0
-1
0
0
0
0
0
0
0
0
-1
0
0
0
0
-1
0
-1
0
0
0
0
0
-1
0
0
-1
0
0
0
1
0
0
0
0
0
0
1
0
0
0
0
0
1
0
0
0
1
1
0
0
0
0
0
0
0
0
1
1
1
0
0
-1
0
0
0
-1
-1
0
0
0
0
0
0
0
0
0
0
0
0
0
0
0
0
0
0
0
0
0
1
1
1
0
-1
0
0
0
0
0
0
1
-1
-1
0
0
0
0
0
1
0
-1
0
0
0
0
0
0
0
0
-1
0
0
0
0
1
0
0
0
0
0
-1
1
1
0
0
0
0
1
0
0
0
0
0
0
0
0
0
0
0
0
1
0
0
0
0
0
0
1
0
0
0
0
0
0
0
0
0
0
1
0
-1
0
0
0
0
-1
0
0
0
0
0
0
-1
0
0
-1
0
0
0
-1
1
0
0
0
0
0
0
0
0
0
0
0
0
0
-1
0
-1
0
0
0
0
0
0
0
0
0
1
0
0
0
0
0
0
0
0
0
0
0
1
0
0
0
0
0
0
0
0
0
-1
0
0
1
0
0
0
0
0
0
0
1
0
0
0
0
0
0
-1
0
1
0
0
0
0
0
0
0
0
-1
0
0
0
0
0
0
0
0
1
0
-1
0
1
0
0
-1
0
0
0
0
-1
0
0
0
0
1
0
0
0
0
0
0
0
0
-1
0
0
0
0
0
0
0
0
0
1
0
0
0
0
0
1
0
0
1
0
1
-1
0
0
0
0
0
0
0
0
-1
0
-1
-1
0
0
0
0
0
0
0
0
0
0
-1
0
-1
0
0
0
0
0
0
-1
0
0
0
0
0
0
0
0
0
0
0
0
0
0
0
0
0
1
1
0
-1
0
0
0
0
0
0
0
0
0
0
0
0
0
0
0
0
1
0
0
0
0
0
1
0
0
0
0
0
0
0
-1
-1
0
0
0
0
0
-1
-1
0
0
0
-1
1
0
0
-1
0
0
0
0
0
0
0
0
0
0
0
0
0
0
0
0
1
0
0
-1
0
0
0
0
0
0
1
0
0
-1
-1
0
0
0
0
-1
0
0
0
0
0
1
0
0
1
0
1
0
0
0
0
0
0
-1
0
0
0
0
0
0
1
0
0
0
0
0
0
-1
-1
0
-1
0
0
0
0
0
0
0
0
0
0
0
0
0
0
-1
0
0
0
0
1
0
0
0
0
0
0
0
0
0
0
-1
1
-1
0
0
0
0
0
0
0
0
1
0
1
0
0
0
1
-1
0
0
0
0
0
0
0
0
0
0
-1
0
0
0
0
1
1
0
1
0
0
0
0
0
0
0
0
0
0
-1
-1
-1
-1
0
0
0
0
0
-1
0
0
0
0
0
-1
0
-1
0
1
0
0
1
0
0
-1
0
-1
0
0
0
-1
0
1
-1
0
0
0
0
-1
0
1
0
-1
1
1
0
1
-1
0
0
1
0
0
-1
1
0
0
1
0
0
0
0
1
0
0
0
0
1
0
-1
0
-1
0
1
0
1
-1
0
1
0
0
0
0
0
-1
0
0
0
0
0
0
0
0
0
0
-1
0
1
0
1
0
-1
0
0
1
0
0
0
0
0
0
-1
0
-1
0
0
0
0
0
0
0
1
0
1
0
0
0
0
0
-1
0
0
0
0
0
-1
0
0
0
0
0
0
1
0
0
0
0
1
0
0
0
0
0
0
0
0
0
-1
0
1
0
0
0
0
0
0
0
0
0
0
0
0
0
0
0
-1
1
0
0
0
-1
0
0
0
1
0
0
0
-1
0
0
0
0
1
1
0
1
0
0
-1
0
-1
0
0
0
0
0
0
0
0
0
0
0
0
0
1
0
0
0
0
0
0
0
0
0
0
0
0
0
0
0
0
0
0
1
0
0
0
1
0
0
0
0
0
0
0
0
1
1
0
0
1
0
0
0
0
0
1
0
0
-1
1
0
-1
-1
0
0
0
0
0
1
0
1
0
0
0
1
0
-1
0
-1
0
0
-1
0
0
0
-1
0
0
0
0
0
0
0
0
1
-1
0
0
0
0
-1
0
0
0
0
0
1
0
0
0
0
0
0
0
0
1
1
0
0
0
0
0
0
0
0
0
1
0
-1
0
0
0
0
0
0
0
0
0
0
1
0
1
0
1
0
0
0
0
0
0
0
0
0
0
0
0
-1
0
0
0
-1
0
-1
0
0
0
0
0
0
0
0
1
-1
-1
-1
-2
-1
0
1
1
1
0
1
1
0
0
0
0
1
1
1
0
1
1
1
1
0
1
1
0
1
1
0
0
0
0
0
-1
0
-1
0
-1
0
-1
-1
-1
0
0
-1
-1
-1
0
-1
-1
-1
-1
-1
-1
-1
-1
-1
-1
0
-1
-1
0
0
-1
0
-1
-1
-1
-1
0
0
0
0
0
0
1
-1
1
1
1
0
0
1
1
1
1
1
1
1
1
0
1
1
1
1
1
1
1
1
1
1
1
1
1
1
1
0
0
0
1
0
0
1
1
1
1
0
0
0
1
0
0
-1
0
-1
-1
-1
-1
-1
-1
0
-1
-1
-1
0
-1
-1
0
0
-1
-1
-1
0
0
-1
0
-1
-1
0
0
0
0
-1
-1
0
0
0
0
0
0
-1
0
0
-1
-1
0
0
-1
-1
0
0
0
-1
0
-1
-1
-2
0
0
0
0
-1
-1
-1
0
0
0
0
0
0
0
0
0
1
0
0
0
1
0
1
0
0
0
0
0
1
1
1
0
0
0
1
1
1
1
0
1
1
0
1
0
1
1
0
1
1
1
1
1
0
0
1
1
0
2
1
1
2
1
1
1
1
1
1
1
1
1
1
1
0
1
0
1
1
1
0
0
0
-1
1
0
0
0
-1
-1
0
-1
-1
0
-1
-1
-1
-2
-1
-2
-2
-2
-1
-1
-1
0
-1
-1
-2
-3
-3
-2
-2
-2
-3
-2
-2
-2
-2
-4
-2
-2
-1
-1
-1
-1
-2
-1
0
-1
-1
0
-1
-1
-1
-2
-2
-1
-1
-1
1
1
1
2
0
0
-2
-2
-1
0
-3
-1
0
-1
1
-1
0
0
-1
1
1
2
1
0
1
1
0
-2
0
0
1
0
4
4
3
3
2
3
3
4
4
3
5
7
6
5
4
6
6
6
5
8
8
6
6
6
6
8
10
9
10
8
7
1
-1
-3
-6
-4
-4
-4
-4
-3
-6
-4
-6
-5
-6
0
-4
-5
-8
-13
-13
-13
-12
-14
-17
-15
-12
-21
-12
-19
-20
-15
-15
-11
-7
-9
-5
-5
-11
-4
5
-1
14
14
11
12
10
5
-11
-1
-5
-3
-2
17
11
22
30
20
22
6
11
1
-17
-8
-8
-6
-3
-13
-2
-9
-19
-8
6
6
22
24
13
3
-1
-14
-27
-10
-2
-6
1
-12
-8
-14
-27
-8
-18
-10
-4
5
-7
-6
-14
-24
-28
-14
9
8
26
5
-9
-14
-1
3
24
37
39
53
61
48
46
34
31
34
28
47
35
41
53
67
80
82
62
59
48
58
42
51
31
28
25
20
40
13
15
15
13
13
4
-9
-14
-45
-50
-70
-67
-64
-77
-51
-58
-47
-57
-72
-78
-86
-87
-81
-90
-70
-71
-76
-55
-66
-65
-63
-72
-64
-55
-67
-50
-47
-53
-36
-42
-28
-21
-34
-23
-15
-18
-12
6
13
13
0
-5
-16
-8
-9
-2
-11
1
21
35
52
53
54
56
46
43
24
15
32
25
46
46
68
50
34
41
17
13
27
35
42
44
57
68
48
43
31
24
9
8
23
27
50
52
57
40
45
22
21
12
6
20
28
39
27
57
49
38
21
31
24
13
24
17
6
3
-6
-4
-17
-9
-24
-9
-4
0
10
-16
-15
-26
-27
-55
-64
-65
-65
-83
-62
-59
-59
-62
-87
-82
-111
-73
-79
-73
-41
-34
-49
-51
-38
-46
-40
-37
-9
9
25
16
16
0
-11
-20
-9
3
20
47
61
77
67
60
73
49
53
56
24
51
61
67
68
83
79
79
65
50
52
55
58
59
55
38
35
25
-11
2
-2
-21
-10
-8
-23
-41
-42
-31
-46
-46
-30
-22
-26
-31
-34
-39
-71
-91
-90
-92
-93
-88
-83
-80
-62
-73
-51
-48
-30
-31
-16
-14
-38
-46
-62
-51
-60
-62
-61
-69
-60
-48
-26
-29
-6
3
2
31
34
22
19
47
42
53
50
38
11
11
24
33
44
67
93
64
58
64
60
27
47
44
87
75
80
59
29
43
29
34
29
33
54
55
70
89
68
78
51
44
35
45
49
40
55
59
53
44
19
6
10
-14
-10
-6
-21
-23
-14
-8
-40
-36
-43
-35
-33
-42
-34
-57
-57
-71
-51
-76
-67
-84
-74
-70
-55
-77
-84
-95
-112
-101
-83
-83
-73
-47
-61
-44
-63
-59
-74
-42
-37
-23
-8
-10
-6
-20
-8
-6
11
22
41
46
62
44
65
52
43
70
59
66
34
32
33
57
42
65
63
42
21
46
44
49
59
59
77
54
46
32
39
22
16
35
30
13
17
-3
7
2
7
9
35
29
33
15
4
-9
-40
-39
-65
-48
-72
-46
-46
-65
-57
-31
-31
-31
-11
-23
-29
-37
-23
-70
-65
-55
-55
-51
-50
-39
-38
-51
-54
-30
-45
-34
18
20
15
33
-2
0
-18
-16
-9
-14
0
-5
-6
7
3
2
21
45
51
52
56
45
28
21
28
35
39
37
66
48
32
37
30
45
34
52
56
39
51
44
25
39
44
40
46
31
14
-4
-7
-18
-12
-7
-4
4
-22
-11
-44
-1
-46
-40
-32
-34
-35
-60
-70
-97
-90
-86
-62
-49
-21
-16
-21
-42
-31
-51
-48
-43
-22
-15
-18
1
-9
-11
-30
-31
-33
-15
-15
25
27
32
42
30
36
31
30
40
58
66
58
40
37
10
15
40
35
45
60
71
78
61
72
41
23
17
33
43
24
44
29
18
16
8
2
12
-6
15
24
26
28
15
12
10
0
-33
-28
-42
-14
-26
-13
-12
-35
-26
-24
-38
-47
-39
-74
-61
-45
-49
-50
-42
-44
-46
-41
-49
-60
-42
-51
-46
-35
-43
-48
-48
-57
-64
-68
-57
-57
-47
-40
-41
-38
-23
-33
-11
-5
-29
6
-12
-25
-12
-6
1
13
-12
29
38
48
61
62
47
37
49
58
60
47
68
62
46
58
61
60
48
50
59
46
55
45
44
46
61
53
46
36
29
30
27
37
42
41
24
21
11
7
4
4
17
6
34
24
32
13
-7
-6
-1
12
8
9
-18
1
-16
-23
-41
-49
-34
-42
-21
-51
-38
-52
-50
-40
-51
-48
-56
-51
-70
-45
-45
-44
-41
-36
-24
-51
-52
-56
-57
-47
-40
-12
-29
-18
-21
-15
-13
-5
-12
-32
-28
-29
-24
-10
9
-3
4
-4
1
-12
-9
-19
10
13
36
33
26
28
1
17
-7
31
-3
0
-12
3
8
0
21
37
42
41
62
47
52
42
49
62
60
76
63
56
66
70
66
69
93
73
82
89
93
64
57
70
57
49
39
36
29
20
12
29
12
-3
-3
-7
-11
-22
-46
-47
-66
-88
-89
-88
-75
-104
-107
-122
-124
-121
-128
-99
-101
-103
-91
-97
-79
-114
-108
-103
-89
-90
-80
-52
-64
-66
-82
-79
-72
-66
-52
-33
-11
-7
-10
-17
5
12
28
45
61
62
81
77
72
71
89
86
86
100
107
108
109
104
112
142
116
142
122
129
130
97
117
115
113
93
95
97
60
76
76
73
75
72
39
19
12
-5
-17
-2
-5
-12
-9
-19
-43
-87
-100
-99
-103
-97
-98
-96
-89
-113
-103
-109
-107
-122
-114
-86
-89
-82
-71
-83
-80
-103
-107
-94
-83
-58
-67
-67
-47
-57
-53
-47
-27
-21
-9
-4
14
2
4
-6
-4
6
5
20
35
23
24
24
35
32
49
40
52
73
79
60
50
72
68
78
66
91
62
56
52
52
22
25
33
54
62
72
76
38
52
35
45
21
24
13
6
15
14
25
-11
0
-15
-20
-25
-26
-13
-31
0
-8
-7
-20
-41
-54
-63
-54
-72
-52
-54
-44
-60
-51
-49
-53
-47
-34
-23
-11
-2
-9
-13
-48
-47
-27
-28
4
2
22
17
14
-10
-12
-12
-4
27
39
40
34
39
15
-5
-12
-15
6
1
5
15
19
29
14
39
27
35
20
17
18
1
15
37
28
10
6
-5
-7
-7
0
18
20
44
54
11
18
22
6
10
26
28
28
34
30
26
-2
11
2
-12
-2
-2
25
0
-8
-13
-34
-34
-44
-33
-49
-14
-2
-20
-35
-38
-39
-32
-34
-24
-29
-20
-31
-40
-47
-58
-42
-39
-21
-22
-7
-14
-3
-32
-21
-25
-30
6
-17
20
20
22
23
30
23
-7
19
25
13
6
0
-4
-12
-1
-11
-10
1
5
23
28
21
17
9
-9
-14
4
-14
11
15
33
38
39
43
20
1
3
1
4
48
52
77
68
64
44
25
-1
-15
-14
-5
2
9
6
-9
2
5
10
24
5
-16
-17
-31
-20
-30
-25
-32
-60
-41
-38
-41
-65
-43
-44
-48
-23
-41
-38
-53
-28
-4
-4
6
15
5
-21
-13
-26
-33
-12
6
6
20
26
37
24
14
25
30
20
31
17
42
17
5
11
18
20
31
43
31
26
33
32
34
59
61
57
36
79
50
58
29
34
21
8
16
19
24
37
54
35
11
11
2
-14
2
-19
-31
-26
-27
-54
-47
-47
-63
-57
-62
-64
-64
-80
-71
-80
-78
-69
-87
-80
-81
-72
-85
-67
-50
-51
-61
-54
-43
-51
-32
-34
-8
-22
0
13
12
22
21
34
24
27
15
34
33
21
34
60
52
36
57
44
38
33
37
47
47
35
43
58
22
-3
24
16
15
17
45
49
36
34
15
16
-12
0
18
9
22
42
44
28
17
29
12
7
-7
16
25
18
24
20
3
-4
-5
-5
-7
-37
-6
-19
7
3
15
-2
6
1
-13
-9
-37
-16
-32
-33
-18
-20
-20
-22
-17
-7
-12
-6
0
-2
-18
-18
-38
-37
-40
-48
-32
-34
-28
-38
-42
-51
-37
-44
-28
-11
-17
-5
6
-3
-51
-35
-43
-46
-26
-23
10
3
6
14
-22
-25
-12
4
5
22
28
49
32
32
44
40
32
55
62
71
76
72
71
37
45
43
51
51
63
81
83
86
87
65
39
24
-2
-3
-3
8
5
1
8
0
-28
-41
-47
-66
-40
-24
-24
-39
-33
-46
-68
-68
-77
-84
-69
-75
-60
-54
-68
-72
-86
-92
-71
-65
-60
-36
-55
-54
-55
-36
-23
-20
-7
17
-1
6
13
-7
-11
-6
13
8
23
39
37
48
52
48
65
47
41
57
47
65
59
64
55
62
53
48
55
65
83
92
75
74
69
48
33
40
50
48
47
29
31
4
-1
-4
-23
-17
5
-5
8
-10
-24
-18
-40
-26
-43
-44
-45
-57
-43
-48
-12
-34
-33
-17
-42
-48
-32
-26
-32
-17
-41
-4
-44
-45
-43
-33
-27
-33
-24
-36
-43
-42
-10
-23
-17
-10
-27
-2
-15
-6
-28
-45
-30
-33
1
-11
14
10
-6
-25
-26
-23
-27
-15
13
1
-9
1
7
-20
-39
-9
4
9
-5
13
4
7
29
19
16
26
17
20
19
26
45
32
52
75
78
79
88
64
28
44
42
32
48
37
26
50
45
40
22
46
33
44
47
54
55
37
19
10
-15
-35
-44
-30
-30
-20
-18
-40
-29
-44
-31
-26
-14
-29
-33
-42
-56
-44
-62
-37
-54
-42
-46
-67
-53
-60
-69
-66
-36
-21
-49
-16
-7
-18
-22
-4
-5
-4
8
20
38
12
32
42
51
44
58
88
91
89
85
89
72
68
64
76
60
68
58
21
1
14
29
9
28
9
-1
-24
-8
-39
-49
-28
-32
-29
-21
-18
-46
-56
-60
-64
-63
-58
-53
-56
-75
-71
-46
-57
-65
-34
-62
-60
-51
-79
-79
-76
-55
-49
-34
-22
-25
-31
-36
-29
-24
5
-1
26
43
50
52
42
33
25
21
-7
6
15
11
31
33
31
47
41
14
27
25
2
18
36
37
21
48
28
14
13
-11
-3
-9
-26
0
-5
9
31
25
38
29
24
15
13
-7
25
7
13
28
23
24
33
35
45
33
60
70
70
74
68
56
59
46
42
53
36
43
29
17
24
22
21
25
26
21
14
18
14
4
-3
-8
-33
-41
-26
-68
-57
-31
-50
-52
-69
-41
-73
-67
-78
-74
-78
-87
-88
-97
-71
-76
-69
-65
-66
-79
-88
-91
-94
-77
-67
-52
-42
-51
-52
-51
-41
-25
-21
1
32
46
42
56
45
26
14
24
7
22
50
59
66
79
74
81
66
64
68
53
76
69
70
51
62
45
38
38
31
25
27
35
23
0
31
4
11
-8
-5
0
3
-2
-17
-8
-45
-28
-31
-37
-41
-21
-34
-45
-17
-2
-12
-41
-50
-59
-80
-73
-37
-27
-23
12
-17
-11
-21
-22
-29
-31
-1
22
10
30
20
17
-1
-13
21
7
19
26
41
23
10
13
10
-4
12
18
11
38
41
32
18
22
-9
6
17
22
24
48
47
48
41
45
25
12
20
33
34
34
74
54
63
28
42
-10
12
6
-4
13
20
40
11
30
6
-8
-13
-30
-48
-54
-37
-40
-48
-35
-34
-36
-47
-29
-42
-48
-55
-37
-62
-62
-63
-85
-79
-98
-62
-60
-37
-51
-26
-46
-31
-20
-27
-27
-46
-17
-34
-32
-40
-12
-12
-13
-5
1
12
-5
1
-13
18
16
31
45
29
41
55
44
24
42
26
19
43
27
20
12
15
29
27
31
53
59
20
24
-2
0
20
14
37
20
19
-1
1
-6
6
22
20
41
22
34
24
4
4
11
-9
-2
17
14
-1
-14
11
-8
7
29
48
40
46
14
10
9
13
-1
12
7
24
30
-4
-2
13
8
20
33
15
6
-13
-23
-21
-8
-2
-7
-10
-23
-40
-52
-46
-40
-32
-19
-2
-12
-23
-39
-39
-47
-49
-35
-25
-36
-36
-20
-19
-21
-32
-13
1
-8
-25
-16
-18
-16
-4
1
18
7
11
10
16
7
12
21
18
11
-12
8
9
-8
-2
7
2
13
9
20
2
-9
11
12
17
3
19
27
19
18
-8
-18
-7
-13
-8
-8
6
3
3
-6
-17
3
-28
-20
8
0
-6
-10
5
-35
-36
-43
-67
-48
-45
-28
-15
-17
-23
-41
-44
-57
-51
-34
-17
-7
1
-6
-15
-14
-1
6
9
34
35
17
20
26
12
25
35
19
38
57
56
54
84
69
72
96
96
78
93
93
76
83
76
61
63
67
43
61
64
72
54
64
37
47
45
27
26
-5
0
-8
-11
-13
-4
16
-6
-14
-43
-51
-55
-70
-64
-55
-50
-41
-52
-61
-71
-87
-81
-92
-113
-115
-95
-89
-65
-86
-81
-89
-83
-71
-70
-51
-26
-52
-43
-47
-69
-48
-70
-73
-50
-69
-41
-21
-22
-10
-9
36
42
17
41
29
22
31
26
26
19
17
27
13
15
16
49
34
75
79
64
79
38
50
35
25
23
36
30
39
38
24
24
11
25
18
51
44
51
51
38
44
17
36
18
37
36
32
31
33
41
27
42
18
13
-4
10
28
27
30
28
31
29
11
17
6
2
-20
-15
-13
-40
-18
-28
-33
-34
-24
-38
-33
-53
-45
-50
-31
-28
-46
-51
-41
-78
-83
-51
-65
-56
-62
-63
-41
-44
-24
1
-36
-20
1
-6
12
-7
-19
-11
-26
-9
-2
2
21
40
29
53
56
35
60
69
73
82
69
75
42
26
37
15
36
11
37
39
40
63
31
-1
-19
-12
-35
-42
-21
-25
-31
-30
-12
-34
-45
-49
-34
-44
-64
-44
-60
-92
-59
-49
-76
-50
-58
-26
-20
-38
-25
-46
-51
-58
-45
-23
-8
17
0
-17
-21
-12
-12
4
12
17
33
15
21
8
35
34
69
78
78
68
59
34
2
34
38
32
69
81
78
56
47
40
21
22
24
46
44
57
68
35
27
9
-3
6
14
35
33
19
12
2
-3
2
7
4
17
27
3
10
-20
-32
-18
-8
-9
-9
9
8
2
-12
10
-9
-26
-2
-12
-8
11
-6
-12
-31
-56
-75
-54
-64
-43
-16
-26
-31
-19
-24
-47
-60
-57
-70
-78
-51
-36
-47
-56
-59
-57
-57
-58
-42
-19
-28
-9
-35
-42
-31
-35
-14
-22
-21
-20
-7
3
-17
1
16
11
19
51
49
37
35
38
23
26
39
49
35
37
35
57
75
71
72
72
75
51
73
69
63
62
56
43
32
31
45
30
20
48
32
27
19
10
7
6
16
10
-7
-7
-10
-14
-11
-44
-28
-46
-63
-39
-50
-72
-55
-48
-63
-68
-68
-46
-63
-73
-51
-68
-85
-61
-48
-39
-54
-48
-41
-19
-27
-24
-18
-13
-2
-15
-8
-2
-12
-14
4
23
36
31
27
5
21
-4
5
13
0
20
39
42
66
60
50
68
42
43
36
50
58
59
60
63
59
63
54
53
53
41
47
57
41
52
41
41
50
58
57
42
14
-12
1
-29
-4
-3
-6
22
3
21
25
-17
-26
-56
-23
-31
-22
-21
-51
-46
-61
-67
-60
-81
-66
-71
-53
-50
-81
-70
-72
-78
-67
-74
-71
-89
-61
-52
-84
-52
-70
-55
-47
-38
-43
-28
-34
-30
-18
-8
-10
4
2
-13
28
29
30
27
14
17
15
46
51
44
79
74
69
67
57
51
68
75
79
73
75
59
46
30
42
48
48
41
36
26
5
6
2
5
30
24
29
6
-19
-36
-27
-15
-9
18
4
-3
-9
-16
-18
-27
-23
-25
-16
8
19
7
-27
-54
-56
-70
-69
-46
-34
-20
-13
-16
-17
-29
-31
-38
-23
-6
3
22
1
-5
-13
-21
-39
-25
-23
-12
11
2
22
6
20
39
42
22
26
31
21
25
31
19
21
46
16
27
13
15
10
18
45
54
56
41
37
27
15
-12
6
-20
-9
12
8
-7
-10
-16
-9
-9
8
11
13
13
25
18
4
0
-9
-12
-4
-22
-43
-38
-56
-43
-27
-33
-21
-32
-32
-61
-67
-51
-67
-48
-52
-26
-30
-14
-35
-38
-41
-35
-42
-35
-38
-59
-52
-39
-11
-7
-2
-3
-17
-3
0
1
-8
-10
6
-4
29
28
30
0
7
-5
1
39
33
53
61
68
74
62
63
71
68
63
100
76
76
53
38
34
33
65
65
83
72
66
30
39
16
8
3
31
22
23
18
10
-8
-18
-21
-23
-3
-11
16
-11
6
-29
-10
-36
-36
-26
-27
-14
-26
-30
-45
-50
-62
-35
-49
-30
-26
-32
-28
-48
-57
-64
-66
-55
-65
-30
-28
-44
-29
-43
-40
-44
-26
-41
-34
-31
-38
-54
-54
-44
-33
-24
-13
12
-30
-12
-11
-14
3
0
-4
1
5
-5
15
16
3
10
17
46
46
37
41
53
52
68
72
64
48
55
68
62
50
31
44
18
21
41
38
29
50
47
54
57
58
46
33
29
16
6
6
23
8
-12
14
-13
-25
-5
0
-10
-4
-8
-28
-25
-66
-37
-35
-18
-23
0
-17
-46
-32
-29
-17
-23
-30
-34
-23
-30
-18
-39
-42
-40
-23
-2
17
18
3
10
-24
-1
-25
-6
-24
-5
-21
-16
0
-7
-2
-26
-6
-25
-18
-2
22
20
31
33
17
2
-7
-18
-43
-31
-9
1
6
6
-12
-15
-7
4
-4
-7
4
-15
22
25
7
23
15
12
17
46
17
-7
16
-6
25
5
16
17
14
41
44
44
37
20
8
5
-7
-7
-6
-5
-14
-11
7
-5
-5
-4
1
9
-1
-18
-32
-35
-10
0
6
18
-30
-25
-28
-43
-36
-39
-40
-23
14
-4
-4
-10
-3
-8
14
30
9
10
-21
-26
-28
-29
-21
-27
-20
34
42
25
41
46
21
31
42
41
45
30
21
26
31
17
8
14
-17
-9
14
12
24
27
37
6
26
-8
5
26
25
20
2
15
-30
-16
-21
-11
-30
-21
-16
-20
0
-19
-2
-5
-16
-37
-35
-21
-7
-11
-6
4
-19
-39
-30
-2
-19
-20
-26
-29
-22
-2
9
7
-8
-11
0
-19
-28
-16
-25
-8
-13
7
-9
-34
-27
-52
-46
-35
-2
3
-1
39
16
16
-4
-7
-3
-17
-9
-7
8
-8
-8
-28
-26
4
5
35
31
28
51
40
40
19
44
16
32
36
29
41
51
50
17
28
13
2
15
47
28
54
38
34
17
9
10
2
18
-4
22
13
3
-2
11
12
-15
13
-15
-4
1
24
15
10
0
-9
-12
-16
-19
-32
-28
-20
-32
-31
1
-30
-41
-40
-58
-71
-52
-27
-26
-11
-24
-33
-35
-49
-58
-31
-34
-6
13
8
-10
-24
-28
-51
-48
-38
-19
3
7
2
14
12
1
-11
-20
-18
13
16
13
38
29
38
42
5
12
-10
3
7
30
42
61
43
18
23
24
16
24
31
28
18
7
10
22
25
21
43
33
35
40
54
34
34
37
31
33
13
2
2
33
23
20
41
23
19
-4
17
-1
-5
-23
-33
-34
-39
-49
-60
-70
-89
-59
-65
-34
-26
-18
-30
-26
-24
-58
-61
-75
-78
-64
-44
-23
-23
-8
-12
-17
-15
-9
-17
-24
-4
-16
2
9
-11
-7
-5
10
10
35
40
59
56
48
46
10
34
42
25
27
43
23
18
19
-5
1
1
7
12
27
-1
6
4
-6
-4
-3
16
-2
13
16
20
19
17
32
22
6
9
-17
-10
-2
-11
23
17
33
14
7
12
-23
-13
-24
-13
-2
2
20
17
9
22
-19
-33
-22
-8
-46
-22
-3
-3
3
-11
0
-56
-65
-54
-54
-34
-34
6
0
-3
-19
-35
-42
-57
-37
3
21
14
52
32
26
10
8
9
8
27
24
27
35
26
30
27
25
31
44
50
27
61
35
33
14
15
1
1
10
16
33
36
39
8
20
-12
11
19
27
5
15
13
-36
-14
-46
-42
-41
-39
-7
-5
-29
-12
-8
-60
-45
-29
-37
-41
-8
-38
-61
-73
-81
-62
-51
-21
-22
10
-4
-13
-25
-31
-37
-39
-34
-18
-8
-8
-4
-7
-24
-33
-15
-23
-16
-7
-25
-10
-18
-23
-12
3
19
11
3
-7
3
8
21
45
56
50
56
48
44
43
34
35
36
61
44
59
66
68
67
65
64
53
38
43
56
70
65
48
53
51
48
56
51
26
25
13
6
21
9
3
11
-3
9
7
-7
-11
-30
-56
-57
-54
-66
-53
-31
-31
-32
-39
-44
-53
-64
-51
-33
-49
-30
-45
-53
-45
-42
-28
-38
-28
-42
-35
-47
-36
-38
-31
-20
-28
-14
-35
-38
-42
-39
-36
-12
3
-6
7
12
5
3
-26
-3
-9
14
22
25
48
32
32
26
4
11
18
12
24
24
13
20
8
-1
10
12
27
12
24
20
27
17
10
7
-3
-7
-7
4
0
18
16
21
19
31
13
15
20
-1
7
-7
-28
-4
-10
-42
-16
-4
-6
21
53
38
29
38
30
23
32
33
27
18
-22
1
-11
-9
-16
-9
8
-12
10
6
8
-10
11
27
-4
-11
-7
0
-49
-45
-30
-25
-46
-18
-15
-14
0
3
-14
-31
7
-30
10
-10
-15
-12
-24
-25
-15
-21
-18
9
-3
5
9
11
3
22
23
32
55
48
39
38
19
22
-2
-8
-2
-9
8
18
29
-4
5
-3
0
-11
10
27
5
12
-9
-16
-47
-48
-50
-39
-27
-7
-13
-6
-14
-16
-19
-8
5
2
20
-7
19
-5
-17
-19
-29
-9
-14
10
6
7
23
2
22
-1
8
7
-3
9
20
1
0
2
-31
-23
-31
-20
-6
12
4
17
35
17
20
29
27
7
-4
-19
-25
-36
-26
-8
-13
11
9
27
9
11
21
18
25
40
36
11
7
-14
-5
-2
14
13
22
10
9
16
4
17
15
18
8
-8
2
-21
-45
-46
-43
-39
-14
-15
-16
-24
-20
-29
-38
-15
-38
-22
-18
8
9
8
-4
-25
-30
-13
-25
-24
-8
1
10
20
24
15
25
12
19
1
20
26
24
14
24
16
-4
-2
1
32
28
46
36
31
11
19
23
11
6
17
8
20
7
-2
1
1
-7
-14
14
14
25
11
31
14
2
-13
-14
-21
-8
12
4
-2
-6
-33
-36
-46
-42
-31
10
20
23
17
7
-8
-44
-47
-45
-41
-31
-19
-34
-28
-28
-7
-14
-3
-2
12
18
-19
-5
-16
-25
-30
-22
-3
-5
-8
-8
-3
-10
-2
-2
12
11
-1
13
33
26
27
35
31
25
-6
15
-13
-10
4
-1
21
44
28
29
20
24
0
8
12
-2
12
-6
-2
-14
-37
-40
-38
-33
-8
30
39
42
47
33
14
-11
-30
-26
-7
-21
-5
-5
-20
-43
-42
-27
-15
9
15
10
26
31
20
30
-10
-1
9
19
14
23
11
3
6
31
37
26
52
68
48
55
42
24
22
4
11
23
11
4
-11
-16
-9
-30
-15
-13
-3
-5
-7
-3
-1
-25
-27
-26
-28
-35
-33
-45
-50
-39
-55
-49
-52
-54
-35
-36
-15
-16
-15
-23
-44
-46
-62
-41
-40
-13
-26
-12
-1
-3
6
-15
13
19
21
15
32
26
7
-1
1
-9
5
1
2
27
24
20
26
33
15
36
31
41
41
51
59
18
18
16
14
30
18
17
5
16
16
34
29
36
30
30
37
16
9
-17
-39
-40
-61
-48
-40
-33
-24
-30
-22
-20
-12
-1
4
22
31
7
8
6
-4
-24
4
-13
-23
-11
-24
-5
0
9
36
29
37
47
48
32
31
5
-7
-17
-7
-10
-4
0
-12
-21
-15
-10
-28
-16
4
4
21
16
15
2
-16
-29
-44
-41
-48
-48
-31
-8
-24
-5
-11
0
-11
5
5
-11
4
-1
8
13
32
26
33
34
0
7
-4
-14
-20
-4
-3
12
4
-5
12
-13
10
12
7
32
9
2
-24
-25
-23
-30
-6
-5
10
9
-13
-19
-26
-21
-24
28
24
36
21
-15
-24
-41
-33
-32
-14
2
41
44
20
22
6
-5
-2
14
7
6
23
-12
-24
-28
-29
-27
-25
-19
-16
13
11
30
9
-11
6
-18
-3
-16
18
15
20
26
24
22
0
11
-9
0
2
11
1
-7
0
-2
-7
2
20
11
13
12
31
7
-10
18
25
40
52
59
30
14
16
8
15
17
18
34
30
35
36
30
38
33
34
39
29
8
21
-14
7
11
-5
13
-1
-5
-2
-22
-33
-33
-25
-34
-28
-30
-34
-45
-53
-52
-74
-72
-61
-82
-62
-66
-75
-75
-89
-96
-74
-66
-52
-47
-36
-28
-42
-41
-58
-37
-24
-27
3
-11
2
-7
-5
2
6
27
33
39
61
63
50
40
16
20
21
38
44
69
56
63
66
69
64
69
86
70
51
44
42
16
16
37
19
32
7
-4
4
-6
12
11
44
39
41
56
29
13
9
-17
5
14
14
8
1
-5
-25
-21
-25
-30
-29
-34
-42
-40
-43
-54
-44
-64
-50
-50
-39
-34
-39
-35
-47
-34
-39
-49
-51
-44
-59
-27
-21
-8
-2
8
10
0
4
-31
-3
8
14
39
44
45
25
10
-11
-5
5
21
40
64
74
65
69
62
59
50
56
59
47
34
32
22
34
20
31
18
28
24
22
28
11
9
7
-8
-32
-26
-59
-70
-71
-72
-74
-53
-49
-49
-28
-35
-34
-31
-53
-48
-52
-54
-45
-66
-56
-60
-55
-57
-42
-25
-21
6
11
-14
-3
11
-1
10
37
44
22
36
5
21
17
-11
6
0
9
5
30
36
52
71
74
69
63
48
32
49
38
44
41
50
36
28
34
9
17
-7
3
19
32
32
45
27
-8
-25
-40
-45
-62
-47
-31
-17
-22
-36
-45
-56
-60
-50
-48
-31
-23
-14
-29
-27
-29
-37
-35
-7
-23
-13
14
6
14
20
30
38
15
32
18
7
17
3
1
16
16
19
36
17
25
3
17
13
27
49
51
66
12
38
5
4
-2
16
10
-2
16
-15
4
-7
18
4
6
-6
-22
-28
-39
-30
-36
-37
-38
-37
-31
-41
-34
-32
-29
-26
-20
-8
-12
-20
-15
-4
-13
-18
-7
-28
-34
-19
-40
-23
-28
-13
-6
4
19
15
16
16
7
7
25
12
6
15
25
1
5
-10
1
15
16
21
16
22
14
20
22
17
49
74
29
32
38
-7
5
11
-3
14
19
16
-9
-2
-9
8
23
-9
37
5
-2
5
11
-49
-12
50
-23
-4
9
0
-34
9
-5
7
11
38
34
6
0
-14
-18
-57
-37
-25
-36
-28
-24
-27
-34
-27
-17
-25
-23
12
4
-21
-9
1
-22
-31
1
-6
1
14
-8
-2
-6
7
-2
9
15
25
33
33
20
13
9
-6
-8
-7
-10
-13
8
8
16
42
30
30
54
37
30
42
22
16
36
7
2
-7
-31
-24
-33
-39
-35
-21
-9
-3
1
3
-18
-23
-39
-35
-34
-28
-21
-6
-26
-23
-45
-39
-34
-23
-16
2
3
-5
-6
-14
-19
-37
-4
-11
25
21
-3
6
-24
-33
-21
-8
18
14
35
13
12
19
5
19
10
40
40
40
33
30
18
-1
12
-16
10
20
26
37
46
29
48
39
18
21
26
38
30
24
16
-10
-5
-7
-7
-1
7
8
5
31
34
38
34
19
10
-11
-8
-25
-30
-7
-14
1
-2
1
5
2
9
8
35
12
-5
-5
-20
-9
-8
0
-10
-16
-16
-30
-53
-50
-31
-32
3
14
8
4
-19
-27
-66
-55
-62
-61
-64
-53
-39
-50
-45
-59
-75
-62
-23
-28
-19
-23
-25
-31
-44
-23
-31
-28
-18
-26
-35
-21
-26
4
10
26
32
35
23
31
40
62
92
87
83
54
48
27
11
22
31
47
55
61
57
35
47
33
45
49
31
34
16
33
13
2
8
9
13
33
48
35
26
-7
-9
-29
-31
-24
-13
-14
-17
0
-16
-30
-29
-39
-35
-28
0
-5
1
10
-3
-12
-31
-25
-30
-16
3
2
14
13
-9
-16
-24
-9
2
6
47
45
12
18
-12
-26
-36
-46
-18
-42
-20
-16
-11
-20
-19
-4
-14
6
0
15
22
11
11
-9
-9
0
-33
16
17
-8
8
0
-2
-9
0
-5
12
19
18
20
16
3
-12
-14
-31
-28
-31
-21
-6
2
-8
6
-3
-19
-23
-11
-1
6
3
18
18
3
-12
-13
-29
-28
-34
-28
20
6
29
8
8
11
-17
8
-6
17
22
10
34
4
-6
-24
1
-9
20
42
19
37
22
13
0
-10
-10
-11
14
23
46
19
14
9
-4
3
-6
15
28
-2
-4
-1
10
-3
3
9
10
9
-11
-1
-27
-22
-37
-23
-11
-32
-30
-23
-16
-25
5
12
1
3
8
-15
-18
-8
-3
17
6
25
5
-7
-12
-14
-6
8
27
34
45
35
15
13
4
0
15
19
24
40
21
1
-16
-16
-31
-2
-5
30
33
32
36
-1
-4
-13
-18
-15
-23
-6
-29
-23
-11
-22
-32
-25
-25
-19
-8
-26
-23
-19
-26
-39
-33
-13
-35
-28
-40
-34
-34
-62
-30
-26
-9
-3
-3
3
-20
-13
-7
20
13
14
24
15
20
11
30
10
17
15
31
29
33
62
66
77
68
64
73
47
58
46
38
53
45
48
62
57
45
40
35
25
9
2
-2
10
-4
5
-11
-9
-41
-33
-38
-37
-43
-57
-65
-81
-67
-89
-67
-76
-66
-44
-59
-55
-66
-67
-66
-57
-61
-54
-62
-47
-44
-54
-36
-21
-12
-28
-12
-13
6
6
3
5
8
14
-7
26
14
30
46
50
54
38
42
9
12
6
28
57
72
108
88
85
61
40
28
12
41
51
75
75
86
66
45
32
8
20
20
24
25
26
50
43
20
25
-6
9
-17
-20
-18
-34
-19
-21
-36
-30
-29
-31
-32
-37
-43
-32
-46
-55
-51
-66
-47
-27
-35
-34
-14
-31
-35
-28
-27
-44
-36
-15
-28
-19
-32
-21
-19
-12
3
11
15
21
21
15
16
1
6
-2
-10
-9
15
20
9
10
5
16
10
-3
-9
2
-2
-4
-34
-42
-49
-47
-33
-23
-31
-20
-13
-16
-13
-32
-24
-24
-9
-12
-4
24
2
-6
-30
-19
-33
-4
-3
1
13
19
39
19
36
33
38
25
44
38
46
55
44
68
41
38
39
19
31
36
64
60
68
78
80
77
76
77
72
44
40
18
13
4
14
8
17
9
-1
-11
-15
-15
-33
-5
-15
-14
-25
-8
-30
-35
-22
-34
-34
-40
-36
-43
-50
-31
-55
-48
-48
-45
-37
-50
-28
-51
-58
-49
-48
-51
-44
-36
-45
-50
-42
-24
-19
-22
-2
11
3
9
11
8
-13
2
23
4
5
13
11
5
8
6
-15
-17
-18
10
16
8
18
-5
-9
-8
5
-16
-6
-8
-4
-1
13
20
11
-16
-34
-34
-47
-35
-28
11
15
2
24
3
-13
-32
-17
8
5
31
29
46
45
33
24
37
38
40
31
40
53
49
54
51
57
53
60
36
24
0
18
14
34
36
43
44
49
53
28
29
3
11
-11
1
11
-6
12
-7
10
-7
-12
-9
-15
-14
-26
-19
-30
-31
-37
-20
-18
-14
1
-12
-23
-13
-30
-35
-26
-23
-24
-23
-17
-24
-13
-18
-14
-1
-32
-30
-19
-38
-23
-34
-18
-29
-20
2
-11
-3
-16
5
-13
-26
-24
-25
-6
-6
-5
3
-5
-48
-54
-30
-36
-12
0
6
2
-14
-9
-16
-20
-2
1
-4
-6
-7
-9
4
-15
9
19
18
28
19
-2
-10
-20
-26
-8
1
9
9
20
16
9
33
29
27
26
27
40
27
25
30
41
47
45
63
46
22
35
32
37
35
36
13
0
-11
-6
-5
-14
9
-20
8
-1
21
27
30
38
8
33
14
14
-13
-9
-26
-39
-27
-34
-29
-25
-29
-18
20
3
-4
-16
-7
-2
-4
17
-2
3
11
-5
-5
-7
-14
-30
-21
-36
-28
-13
-4
3
31
32
15
15
-13
0
-8
3
33
-5
-5
-4
-12
-17
-23
-19
-12
-20
20
26
23
28
5
-4
-12
-8
-8
-14
2
-1
-24
-35
-26
-34
-30
-16
-26
8
-3
3
-17
-8
-16
-5
-10
-26
-3
-17
-16
-27
-18
-29
-29
0
-20
-22
-2
-11
-23
-33
-31
-43
-34
-29
-15
-6
2
15
26
34
31
30
18
25
2
18
21
29
26
12
25
14
32
28
52
71
82
67
64
53
38
29
29
23
-1
-1
6
16
23
4
30
20
20
3
4
-18
-32
-15
-2
-7
-19
-4
-19
-18
-32
-21
-40
-37
-42
-47
-18
-22
-21
-27
-19
-37
-45
-30
-37
-31
-14
8
-2
-16
-14
-26
-32
-13
-12
0
36
13
32
10
23
17
7
-1
-11
10
19
2
-4
13
11
52
50
85
64
40
28
4
2
-12
16
2
36
40
22
32
13
-2
4
6
15
24
41
42
40
51
39
16
1
-24
-37
-42
-48
-34
-32
-11
-8
-10
-6
-27
-19
-13
-28
-35
-18
-23
-36
-30
-38
-39
-32
-29
-44
-54
-59
-63
-60
-43
-39
-38
-24
0
1
6
25
-13
-33
-23
-34
-27
-44
-13
-9
-13
16
8
5
-25
0
-20
-7
12
22
13
14
32
22
22
25
24
17
32
30
46
24
34
48
37
37
39
34
28
46
54
45
37
32
15
20
6
26
28
17
16
24
27
3
26
13
-1
4
0
5
-12
6
0
-1
10
5
0
15
4
27
10
16
12
-14
-8
-42
-24
-42
-33
-40
-20
-18
-21
3
15
7
-16
3
-20
-16
-18
-22
-5
-22
-23
-26
-31
-16
-40
-19
-22
-2
-6
2
-12
1
-18
-9
-3
-25
4
-9
17
-32
-11
-20
-29
-20
-25
-5
-16
5
1
8
14
18
21
18
10
24
12
15
19
-9
11
27
8
-1
-8
1
-10
4
10
5
2
-22
-9
-17
11
17
17
13
-6
-14
-16
-19
-1
3
16
13
13
16
-6
-8
-2
20
23
23
21
8
-12
-26
-27
-50
-26
-15
-27
9
1
15
-15
-20
10
13
27
24
17
-17
-12
-33
-48
-24
-5
-11
-14
-9
-9
-27
-33
-8
1
15
33
27
6
-25
-34
-31
-52
-35
-20
-8
3
16
22
16
-6
33
40
39
29
43
23
28
28
16
13
15
23
24
72
67
72
65
73
46
54
58
80
79
60
89
47
36
18
14
3
36
65
19
35
31
24
0
-1
6
-21
-27
-42
-41
-44
-51
-53
-44
-53
-41
-18
-25
-45
-58
-59
-75
-59
-74
-54
-66
-81
-85
-104
-113
-115
-125
-99
-74
-66
-39
-34
-38
-51
-56
-47
-38
-25
-17
-33
-35
-41
-39
-48
-21
2
24
72
85
73
67
42
24
16
47
34
32
13
11
16
12
36
48
67
78
86
104
100
82
91
75
61
54
22
8
-33
-25
-25
-1
6
39
50
41
48
28
43
11
28
34
26
34
36
21
15
-14
-16
-27
-28
-9
-17
12
22
39
32
41
29
31
21
9
-15
-14
-17
-52
-42
-51
-30
-45
-36
-20
-35
-38
-45
-26
-42
-19
-2
17
-16
-30
-45
-89
-95
-86
-77
-59
-17
9
2
-1
26
-4
-4
-1
-6
-17
-17
-7
-3
1
5
-17
-15
-14
-29
-2
20
26
37
42
31
15
-4
-5
-20
-38
-7
-4
-20
-30
-20
-14
-7
22
25
31
27
21
-8
-11
-3
0
-27
7
9
-6
9
-14
15
3
6
42
38
27
23
24
10
2
18
8
21
31
22
-4
0
7
6
21
29
38
9
21
16
2
11
14
24
34
-3
16
7
0
-8
-5
3
11
12
24
21
0
23
24
22
29
16
17
-9
-23
-24
-31
-12
26
40
30
35
5
-16
-14
-14
-11
-13
-10
-9
-35
-35
-35
-39
-44
-25
-1
-9
-13
-10
-36
-31
-36
-48
-42
-29
-31
-23
-20
-20
-22
-31
-2
-7
-17
0
2
0
-2
-20
16
-13
-28
-25
-21
2
-2
7
10
31
27
24
39
3
-7
-17
-7
-28
-6
-8
-8
-1
5
4
-12
6
1
-6
-7
17
-10
4
-11
-6
25
3
32
3
17
-21
-16
0
-17
4
17
20
35
45
32
30
26
26
9
14
29
7
24
42
44
41
37
32
45
57
45
64
66
54
48
64
27
4
14
9
-11
26
41
33
10
13
1
-28
-25
-7
-14
-32
-19
-40
-29
-37
-37
-28
-32
2
-40
-76
-71
-84
-72
-46
-30
-32
-50
-58
-83
-88
-89
-80
-59
-69
-67
-44
-52
-75
-58
-49
-43
-16
-5
-7
-23
-36
-23
-10
4
-5
0
4
-15
-11
27
16
17
24
48
63
26
60
59
62
51
62
68
41
39
40
39
34
28
45
32
40
68
76
84
90
104
71
60
41
23
19
21
46
44
35
25
-8
-1
-9
11
35
27
44
35
49
27
11
-3
4
-9
6
25
-12
-6
-22
-42
-51
-32
-42
-63
-17
-7
-9
8
-14
-19
-41
-40
-67
-63
-42
-32
-10
-30
-14
-47
-87
-102
-74
-63
-44
-18
-6
-31
-60
-45
-81
-68
-69
-22
-35
-16
-20
-48
-48
-64
-56
-46
-25
-21
3
-4
8
15
3
16
14
23
20
7
28
41
37
38
26
8
-2
-5
19
43
67
58
64
42
51
56
62
69
67
64
63
14
11
-15
-18
-9
20
25
14
33
59
53
48
51
45
45
27
34
3
27
13
21
15
2
-15
-20
-48
-50
-18
-29
6
22
22
9
28
5
-11
-5
-8
-15
-14
-2
-14
4
-32
-32
-32
-41
-61
-6
25
-18
36
24
-20
-25
-6
-43
-52
-52
-23
-56
-49
-35
-49
-75
-71
-52
-54
-32
-34
3
5
-19
-1
-16
-27
-27
-26
-11
-5
7
33
19
13
28
32
21
8
20
25
29
40
71
49
46
46
25
35
29
32
42
55
39
38
49
18
15
9
20
18
22
29
35
-3
19
29
-2
-18
-15
-17
-44
-23
-11
-19
-21
-4
-25
-43
-25
-21
-32
-30
-23
-45
-52
-56
-75
-81
-51
-54
-19
-21
-3
-28
-11
10
-2
45
32
32
22
10
-16
-10
-14
-30
-18
-6
-49
-1
17
-7
14
52
52
29
50
44
12
31
26
38
-2
9
17
4
11
-14
18
-9
-2
8
35
4
39
30
27
26
46
41
-7
-13
-45
-46
-32
2
18
38
29
12
14
11
-16
-4
-4
-12
-6
-12
-17
-17
-37
-13
-15
-34
-26
-57
-46
-71
-64
-4
11
-5
46
29
11
21
7
5
-29
-13
-34
-71
-69
-66
-62
-27
-3
28
43
49
40
38
29
31
39
32
20
16
4
-14
-11
7
8
12
32
30
24
38
66
49
56
62
58
59
25
29
23
-3
-12
-19
-47
-28
-12
-20
-1
16
28
30
67
69
34
55
24
14
-29
-29
-42
-68
-53
-59
-56
-45
-30
3
25
20
38
10
-8
-27
-54
-48
-63
-33
-45
-31
-30
-53
-48
-59
-60
-61
-16
-9
-10
22
14
-20
-6
-18
-32
-68
-69
-67
-68
-58
-17
-28
-2
1
5
2
4
8
-22
-4
-23
-20
-14
-5
-3
2
-12
-18
-24
-39
-26
-14
-4
34
55
30
42
27
31
39
19
41
49
33
36
34
28
33
62
86
88
95
83
84
81
68
77
103
91
113
109
88
72
69
76
62
59
69
52
13
12
18
18
51
50
49
32
7
-2
-9
-4
0
-14
-8
-21
-49
-43
-66
-82
-73
-96
-89
-81
-78
-93
-81
-96
-100
-89
-84
-86
-92
-77
-100
-82
-72
-87
-82
-71
-79
-66
-45
-65
-65
-69
-60
-56
-36
-17
-28
-32
-17
-17
-30
-23
-43
-31
-35
-15
12
20
-5
37
34
0
20
27
16
9
27
27
32
23
52
38
62
58
65
58
42
67
55
64
55
83
91
95
87
54
43
45
33
54
67
73
99
78
67
29
22
10
-1
0
7
43
22
59
56
48
15
21
-3
-27
-22
-28
-20
-18
-3
-17
-16
-42
-18
-32
-30
5
25
13
-10
-15
-34
-50
-54
-52
-72
-69
-54
-52
-47
-27
-37
-38
-7
12
-9
12
-18
-23
-33
-26
-11
-35
-31
-22
-14
-31
-25
-23
3
12
27
45
28
43
29
23
11
2
-1
-16
5
-24
-9
-4
-17
7
8
11
-19
7
-20
16
8
-7
-6
-37
-27
-55
-48
-62
-54
-52
-35
-19
-25
-40
-28
-50
-44
-14
-8
6
-9
5
13
9
-11
-3
4
2
-6
-17
-1
-5
13
32
69
77
47
70
62
43
51
43
32
46
49
32
16
46
38
37
46
35
26
38
52
44
58
59
41
40
31
27
29
-2
-18
-33
-7
-20
-3
8
17
17
12
19
12
-1
-9
-6
-15
-16
-38
-37
-49
-50
-39
-30
-23
-7
6
1
9
3
9
18
5
-1
5
11
8
4
-25
-25
-15
-22
-18
-7
-16
3
9
6
26
24
11
-37
-29
-48
-67
-52
-44
-42
-58
-26
-45
-55
-30
-64
-62
-53
-44
-59
-68
-46
-69
-54
-66
-52
-68
-62
-42
-33
-40
-46
-22
-53
-21
-15
5
12
32
60
55
54
53
54
33
24
32
32
30
39
25
56
51
71
77
80
91
79
74
81
76
83
88
90
93
57
33
17
4
16
34
52
61
40
47
30
28
18
12
17
8
23
6
1
-7
-19
-35
-23
-31
-12
0
-6
-15
-36
-50
-64
-44
-47
-50
-43
-29
-22
-42
-55
-34
-38
-25
-7
-18
-17
-24
-28
-41
-48
-58
-46
-37
-30
-13
1
26
6
-8
-12
-38
-27
-9
10
10
7
-4
-13
-13
-26
-28
-20
-19
-35
-2
-24
1
8
-17
12
8
-4
6
2
-8
-13
-22
-21
-46
-24
-20
-42
-11
-2
9
6
17
20
13
28
31
21
42
43
33
34
26
28
17
17
1
20
52
47
77
83
71
59
62
50
35
14
32
36
26
38
40
29
27
27
46
20
14
15
-21
-5
-30
-21
-30
-20
8
-4
8
11
7
-20
-22
-4
-30
-27
-41
-43
-52
-59
-51
-41
-37
-41
-38
-48
-37
-55
-45
-58
-31
-55
-53
-39
-42
-31
-37
-22
-34
-9
-30
-21
-15
-8
-7
30
15
5
-1
-12
-1
0
21
-8
20
14
9
-3
13
28
-1
25
22
19
28
36
43
37
31
22
11
6
31
24
54
52
44
59
34
28
26
0
-1
30
22
39
41
18
-9
-13
-5
-18
-8
8
-14
20
-7
-22
-6
-15
-11
-9
-13
-4
-9
-31
-6
-14
-8
-3
-9
-29
-33
-19
-18
-21
-1
-9
2
-11
-28
-23
-20
-13
-29
1
18
19
17
8
20
-9
6
-12
-3
3
15
8
26
31
31
42
12
26
-10
5
20
32
38
48
53
29
15
14
-21
-6
-3
-27
-4
0
-9
-22
-19
-40
-28
-22
-18
-19
-22
-16
-50
-62
-82
-57
-53
-43
-22
-21
-35
-49
-41
-57
-50
-45
-31
-27
-28
-38
-47
-48
-61
-8
-5
13
15
9
-4
-15
-31
-27
-21
-19
18
27
67
56
63
47
52
28
30
50
20
39
49
54
54
70
79
68
58
68
53
32
36
37
42
44
60
80
75
70
91
72
76
63
31
29
26
17
15
44
26
17
12
27
13
-3
8
9
-20
-28
-16
-37
-51
-33
-32
-10
-36
-51
-46
-80
-70
-75
-36
-28
-48
-15
-54
-72
-71
-75
-59
-63
-47
-48
-31
-56
-67
-66
-62
-66
-73
-62
-31
-37
-21
-9
1
-2
-33
-11
-18
-26
-36
-30
-40
-24
9
7
28
15
31
34
24
4
-6
5
8
14
12
10
-15
-23
-8
-16
-12
10
30
18
24
41
39
21
-7
-19
-5
4
0
12
0
3
19
-9
25
23
30
38
59
41
35
3
-18
-20
-14
12
39
68
33
55
47
27
23
22
54
59
58
58
46
41
14
7
19
41
26
48
51
47
32
39
44
30
59
59
67
70
61
16
28
27
9
18
19
18
10
3
-43
-29
-45
-48
-17
-26
-10
0
-11
-31
-34
-64
-69
-63
-85
-76
-72
-73
-56
-61
-51
-44
-24
-37
-21
-21
-47
-60
-62
-59
-58
-57
-49
-24
-29
-53
-34
-67
-78
-73
-54
-18
-33
9
-15
-6
-16
-18
-23
-32
-30
-31
-4
-15
-12
-6
-18
-21
-16
9
13
16
14
-10
1
3
21
12
24
1
17
-1
-3
26
1
33
31
31
11
5
6
4
35
40
87
87
81
100
59
59
51
35
40
31
65
53
79
83
78
78
85
67
47
33
72
57
55
72
66
78
58
34
39
28
14
18
36
34
20
23
11
12
-1
16
-1
-15
-43
-24
-15
-31
-36
-51
-31
-6
-25
-20
-11
-46
-81
-60
-67
-89
-89
-89
-74
-83
-62
-64
-57
-28
-44
-43
-28
-23
-51
-49
-49
-58
-48
-52
-60
-63
-75
-80
-94
-84
-60
-65
-25
4
17
8
19
13
-8
-24
-27
-27
-53
-62
-79
-81
-105
-74
-35
-12
12
8
53
74
78
92
85
83
29
32
-9
-14
-40
-9
-1
21
48
34
78
69
75
120
134
134
122
118
83
46
2
-23
-24
-10
5
41
76
96
109
115
118
102
97
86
68
60
60
20
16
13
-6
-10
5
3
17
0
-6
7
13
28
22
17
-1
-17
-59
-58
-55
-56
-67
-55
-48
-80
-77
-74
-73
-107
-63
-62
-49
-38
-24
-9
-31
-30
-31
-66
-52
-67
-80
-59
-64
-67
-62
-58
-42
-79
-49
-6
-15
-4
-4
18
-5
10
-18
-29
-40
-34
-33
-33
-25
-26
-10
-1
7
-4
-18
9
26
19
20
36
56
55
71
58
66
25
48
40
41
36
69
65
55
36
47
46
31
69
33
59
41
55
20
29
34
8
23
15
22
30
39
25
-7
-35
-49
-56
-85
-59
-23
-27
1
-8
-6
-4
-12
-18
-22
-2
0
12
7
-24
-32
-53
-38
-22
-9
-6
6
26
-25
-17
-6
-1
8
37
86
62
54
33
23
-11
1
48
44
29
34
26
-10
-19
-15
-24
-1
17
21
46
33
4
-17
-5
-7
-26
-34
-42
-43
-54
-37
-23
0
18
43
30
21
12
-28
-34
-46
-69
-68
-57
-70
-65
-61
-49
-43
-57
-12
-26
-13
0
24
13
-3
-21
-33
-24
-54
-33
-27
-25
-16
-28
-38
-56
-42
-43
-60
-36
-33
-11
-11
33
67
126
157
198
240
235
258
183
104
-294
-634
-891
-820
-632
-443
153
706
1042
1032
1155
1252
897
257
-153
-387
-683
-853
-638
-263
-53
70
243
388
354
198
-59
-298
-487
-605
-621
-502
-224
-42
58
252
493
558
429
263
132
-99
-300
-418
-354
-292
-294
-178
-39
155
212
162
86
-43
-224
-360
-415
-397
-367
-275
-84
152
387
564
667
638
499
325
108
-107
-217
-296
-282
-230
-66
113
252
334
341
314
208
97
-1
-67
-126
-143
-48
31
162
129
-82
-314
-394
-335
-307
13
391
677
710
697
701
547
168
-271
-585
-770
-865
-839
-592
-381
-193
-80
64
172
186
57
-161
-309
-464
-536
-518
-305
-110
11
108
254
403
355
313
212
107
17
-40
-69
-100
-117
-146
-192
-165
-69
-20
-14
-30
-78
-118
-126
-71
0
88
211
364
495
646
759
731
624
486
351
162
-9
-103
-139
-130
-105
-11
109
215
225
166
101
27
-62
-124
-151
-134
-72
-17
101
214
247
223
176
105
-2
-85
-164
-202
-287
-336
-388
-402
-444
-465
-458
-455
-410
-402
-401
-432
-322
-354
-260
-163
-34
20
-48
17
26
-75
-230
-232
-193
-173
-161
-5
73
99
68
48
44
36
70
89
188
281
410
409
412
342
156
-205
-512
-753
-868
-777
-619
-212
143
565
905
1210
1422
1462
1259
962
703
437
224
1
-11
80
173
282
449
595
572
386
162
-34
-214
-417
-572
-518
-400
-268
-58
254
471
541
496
421
276
29
-212
-431
-547
-646
-675
-562
-405
-230
-185
-160
-208
-299
-462
-703
-882
-1088
-1175
-1207
-1110
-845
-579
-302
-102
76
150
124
-39
-280
-527
-739
-772
-733
-506
-182
178
414
501
439
244
19
-176
-304
-369
-190
89
375
609
866
1140
1180
1034
891
823
652
427
368
503
682
761
902
1159
1319
1313
1167
931
242
-621
-1426
-1880
-1937
-1737
-875
140
1133
1928
2536
2814
2529
1865
1018
40
-851
-1331
-1473
-1404
-1110
-614
-157
179
495
574
305
-127
-578
-1040
-1482
-1633
-1519
-1363
-1193
-824
-417
-169
-55
-69
-150
-491
-737
-929
-1053
-1065
-944
-675
-437
-123
47
59
-63
-259
-503
-721
-821
-817
-810
-757
-625
-539
-377
-147
265
579
816
1143
1319
1367
1236
1195
1173
1036
874
858
958
998
1010
1043
1090
1044
834
613
469
302
111
-34
-3
93
249
332
533
353
-245
-736
-846
-544
-542
-341
239
809
1034
1214
1707
2110
1656
778
224
-121
-562
-1036
-1163
-1057
-1106
-1114
-765
-214
85
-147
-451
-553
-665
-850
-1020
-916
-792
-952
-941
-578
-120
28
-195
-228
-171
-279
-601
-760
-791
-884
-1144
-1116
-795
-473
-511
-735
-738
-752
-804
-904
-758
-563
-430
-374
-247
-171
-169
-210
-55
193
528
1012
1446
1691
1661
1677
1745
1633
1288
1026
859
699
485
399
567
579
428
272
305
375
326
287
429
510
538
573
706
973
979
932
407
-198
-1021
-1465
-1523
-1146
-261
750
1802
2403
2748
2777
2370
1414
310
-841
-1724
-2268
-2304
-1883
-1334
-765
-264
158
444
465
174
-249
-776
-1228
-1539
-1504
-1230
-935
-720
-526
-222
-40
-36
-196
-435
-766
-1198
-1501
-1448
-1264
-1075
-993
-679
-339
-119
-116
-256
-428
-927
-1330
-1598
-1467
-1265
-1023
-591
-117
124
148
272
514
634
475
565
835
1094
1126
1203
1604
1886
1807
1562
1559
1568
1322
918
731
700
513
280
300
614
774
720
782
943
998
882
884
993
927
635
108
-199
-654
-924
-1106
-757
170
986
1783
2427
2963
2902
2197
1370
611
-449
-1514
-2080
-2087
-1895
-1599
-1041
-452
-153
-97
-108
-264
-544
-1020
-1417
-1678
-1692
-1514
-1373
-1160
-905
-791
-859
-924
-855
-922
-1263
-1438
-1497
-1490
-1399
-1132
-800
-529
-324
-259
-275
-359
-621
-1050
-1427
-1651
-1636
-1565
-1246
-622
-18
215
149
259
341
527
441
578
907
1244
1388
1421
1917
2418
2528
2208
2149
2290
2141
1736
1477
1507
1266
823
599
804
979
852
723
751
781
688
695
748
748
158
-450
-852
-1039
-932
-717
307
1309
1971
2643
3136
3303
2545
1402
444
-604
-1761
-2400
-2470
-2365
-2198
-1758
-1145
-732
-583
-606
-749
-945
-1167
-1353
-1384
-1308
-1157
-1141
-1051
-674
-560
-804
-1020
-1127
-1355
-1755
-1927
-1833
-1762
-1825
-1660
-1169
-765
-330
-103
190
100
-183
-577
-1011
-1287
-1633
-1704
-1500
-1014
-534
292
978
1460
1329
802
312
-174
-397
-634
-380
308
1126
1716
2384
3278
3972
3831
3138
2731
2336
1678
913
651
839
776
619
882
1567
1969
1744
1466
1323
951
257
-237
-430
-318
-495
-412
-541
-989
-1023
-1003
-96
291
1316
2468
2900
2610
2161
2077
1311
-188
-1420
-1798
-2436
-2954
-2694
-1890
-1558
-1767
-1588
-1094
-930
-1010
-1076
-1017
-992
-1285
-1427
-1333
-1019
-1103
-1715
-1830
-1440
-1388
-1734
-1763
-1305
-1143
-1448
-1244
-816
-601
-1074
-1084
-736
-498
-576
-646
-183
-278
-417
-717
-292
-292
-575
-680
-268
330
311
204
183
109
-120
-79
47
802
1389
1773
2154
2670
3442
3743
3524
3167
2975
2610
2095
1712
1769
1740
1312
993
1010
1264
1201
799
513
284
-178
-591
-788
-710
-821
-1069
-886
-499
174
813
1563
2117
2421
2597
2470
2036
1309
557
-362
-1268
-1868
-1989
-2078
-2216
-2094
-1800
-1642
-1656
-1631
-1556
-1576
-1674
-1557
-1251
-929
-719
-677
-690
-769
-872
-1140
-1501
-1690
-1805
-1942
-1983
-1713
-1419
-1272
-1309
-1185
-1113
-978
-879
-834
-752
-978
-881
-938
-842
-602
-379
-55
13
153
403
700
698
946
1013
1095
733
-135
-537
-948
-817
-885
-465
772
1815
2523
2992
3719
4324
3948
3014
2597
2331
1818
1210
1087
1617
1757
1528
1655
1959
1984
1373
764
429
-124
-752
-1050
-899
-518
-631
-722
-536
-244
162
125
752
1519
1855
1747
1646
1779
1396
443
-348
-629
-1099
-1688
-2012
-1919
-1906
-2238
-2408
-2352
-2263
-2271
-2334
-2072
-1654
-1295
-983
-785
-464
-433
-822
-1180
-1431
-1684
-2068
-2353
-2313
-2142
-1976
-1677
-1330
-965
-747
-632
-414
-279
-239
-330
-452
-461
-552
-641
-528
-398
-282
-234
80
379
699
967
1346
1627
1661
1269
597
-156
-833
-754
-758
-119
834
2006
2954
3430
4117
4617
4446
3533
2686
2031
1381
675
382
692
923
1042
1188
1643
2037
1824
1333
838
329
-323
-808
-796
-444
-354
-107
-571
-1151
-1471
-1400
-709
-582
587
1800
2443
2401
2406
2584
1809
97
-1257
-1920
-2839
-3605
-3649
-3134
-2843
-2852
-2461
-1683
-1183
-1032
-1043
-798
-543
-702
-892
-953
-773
-1224
-1910
-2008
-1752
-1885
-2284
-2147
-1700
-1570
-1735
-1274
-879
-670
-842
-615
-54
177
135
37
97
32
-357
-676
-381
-375
-377
-383
209
766
1231
1597
2063
1724
652
-133
-643
-595
-884
-383
668
1753
2597
3237
4275
4982
4658
3718
3032
2537
1899
1009
770
1042
1060
864
1107
1680
1972
1609
1176
888
336
-225
-713
-611
-649
-832
-1763
-2066
-2013
-1346
-662
-161
1561
2695
3198
2852
3022
2832
1342
-837
-1994
-2371
-3322
-3887
-3514
-2555
-2381
-2503
-1899
-1108
-1064
-1551
-1845
-1483
-1219
-1432
-1429
-1041
-532
-995
-1609
-1459
-1108
-1658
-2513
-2533
-2073
-2121
-2393
-1855
-1102
-669
-696
-58
656
947
618
114
-136
-543
-971
-1473
-1336
-1083
-720
-285
503
1558
2150
2573
2609
2384
1397
114
-978
-1594
-1598
-1433
-305
1114
2713
3807
4541
5264
5491
4773
3511
2529
1849
1072
410
464
1085
1436
1473
1830
2354
2330
1500
873
381
-513
-1672
-2501
-2471
-2244
-1940
-1611
-565
813
1794
2069
2496
3116
2839
1612
458
131
-573
-1912
-2627
-2268
-2051
-2477
-2449
-1756
-1475
-2040
-2456
-2313
-2195
-2623
-2772
-2155
-1216
-758
-696
-291
140
-77
-1023
-1633
-1771
-2222
-3081
-3423
-2861
-2411
-2277
-1860
-742
64
261
327
714
846
274
-296
-734
-705
-1258
-1394
-1175
-562
85
366
1277
1816
2246
2187
2161
1950
1445
425
-533
-1206
-1436
-1088
-641
546
1944
3240
4051
4591
5096
5145
4339
3309
2575
1914
1319
826
973
1363
1413
1447
1586
1699
1457
744
251
-226
-725
-1149
-1349
-1287
-1715
-1997
-1824
-874
-120
597
1673
2533
2736
2290
2088
1677
539
-1052
-1994
-2492
-2887
-3012
-2674
-2225
-2086
-2157
-2028
-1814
-1912
-2168
-2440
-2310
-2064
-1772
-1399
-888
-554
-609
-876
-956
-1128
-1789
-2422
-2852
-2937
-2964
-2750
-2112
-1489
-986
-411
259
851
1041
917
647
276
-246
-796
-1089
-1187
-1216
-1191
-669
314
1128
1795
2166
2518
2321
1959
1335
556
-259
-1067
-965
-686
164
1350
2802
3930
4506
4972
5295
5026
4060
3033
2127
1328
611
366
664
976
1062
1138
1415
1549
1213
731
374
-151
-884
-1431
-1290
-885
-715
-415
339
1171
1557
1485
1443
1252
539
-404
-1016
-1202
-1615
-2091
-2215
-1807
-1458
-1388
-1274
-1080
-1174
-1731
-2131
-2353
-2478
-2797
-2925
-2563
-1995
-1511
-1099
-702
-491
-622
-1072
-1469
-1880
-2384
-2860
-3100
-3015
-2667
-2207
-1546
-711
-100
432
663
670
448
15
-324
-720
-927
-943
-775
-543
-216
370
894
1324
1585
1719
1721
1374
1097
801
474
146
-109
-130
130
709
1444
2225
2996
3650
4077
4184
4190
4026
3599
2970
2365
1952
1653
1463
1383
1405
1403
1297
1123
905
596
257
-105
-403
-603
-659
-493
-239
-67
105
279
319
271
179
153
101
-29
-133
-200
-287
-464
-726
-1040
-1335
-1629
-1866
-2116
-2194
-2214
-2333
-2373
-2364
-2212
-2196
-2183
-1981
-1746
-1580
-1555
-1453
-1392
-1459
-1697
-1911
-2030
-2222
-2416
-2573
-2500
-2275
-1969
-1582
-1116
-507
-32
334
514
536
372
9
-307
-541
-584
-573
-427
-175
100
407
808
1283
1518
1692
1553
1587
1439
1288
1071
730
517
164
356
587
1302
2015
2809
3502
3941
4348
4455
4374
3813
3196
2511
1905
1450
1154
1109
1083
1057
1041
1124
1122
973
624
226
-217
-705
-997
-1037
-982
-944
-819
-590
-314
-90
55
159
251
106
-19
-193
-401
-685
-1102
-1317
-1532
-1640
-1790
-1868
-1986
-2202
-2404
-2637
-2667
-2707
-2681
-2544
-2260
-1852
-1538
-1272
-1087
-1094
-1275
-1598
-1843
-2205
-2503
-2764
-2786
-2558
-2223
-1615
-1000
-244
275
844
1143
1217
975
432
45
-618
-885
-1052
-854
-536
-146
407
872
1397
1805
2116
2009
1880
1619
1497
1300
1120
1067
757
448
206
507
865
1472
2173
2884
3493
3867
4122
4152
4027
3401
2739
2104
1632
1317
1073
1073
1160
1168
1095
1085
1040
791
297
-166
-553
-862
-1216
-1287
-1239
-1255
-1291
-1172
-805
-521
-285
-97
220
379
307
204
75
-327
-904
-1421
-1829
-2121
-2454
-2611
-2644
-2571
-2469
-2317
-2028
-1812
-1723
-1757
-1777
-1804
-1839
-1961
-2022
-2074
-2140
-2208
-2187
-2032
-1895
-1785
-1615
-1295
-1030
-771
-472
-143
243
438
584
674
575
417
65
-82
-282
-167
-104
164
589
921
1263
1378
1609
1546
1617
1441
1406
1269
1180
1162
1082
918
677
577
685
1001
1261
1937
2594
3164
3501
3609
3797
3697
3213
2519
2033
1526
1088
742
744
976
992
909
1005
1121
890
406
-18
-456
-1082
-1586
-1857
-1749
-1667
-1549
-1222
-804
-326
-39
163
188
189
35
-218
-420
-543
-807
-1164
-1408
-1511
-1605
-1847
-1970
-2018
-2105
-2242
-2271
-2213
-2190
-2190
-2161
-1983
-1771
-1641
-1549
-1547
-1519
-1625
-1738
-1789
-1796
-1786
-1800
-1683
-1335
-948
-509
40
544
868
990
978
809
481
37
-363
-517
-467
-58
487
1140
1696
1911
2095
1779
1640
1071
715
351
32
106
228
835
1321
1943
2049
2057
1773
1581
1435
1125
1244
1384
1756
1973
2316
2908
3360
3308
3023
2752
2438
1887
1251
924
643
193
-244
-301
-158
-162
-297
-314
-352
-650
-1120
-1398
-1493
-1628
-1791
-1681
-1103
-558
-127
229
698
819
480
1
-445
-896
-1590
-2086
-2176
-1980
-1844
-1682
-1336
-1026
-994
-1197
-1356
-1528
-1887
-2395
-2663
-2660
-2559
-2464
-2241
-1866
-1501
-1349
-1174
-908
-796
-809
-938
-843
-705
-618
-464
-124
330
607
722
869
810
602
183
5
108
24
271
454
1096
1432
1659
1853
1835
1591
1120
775
459
376
23
112
214
495
1082
1510
1749
1704
1320
1257
1004
803
1130
1410
1835
1969
2302
2946
3345
3236
2966
2661
2184
1509
821
563
221
-261
-599
-579
-348
-247
-248
-91
-122
-413
-723
-1008
-1086
-1459
-1845
-1871
-1684
-1220
-793
-160
722
1076
1127
1045
833
316
-515
-1268
-1762
-2066
-2324
-2236
-1928
-1587
-1444
-1388
-1331
-1496
-1882
-2388
-2730
-2843
-2892
-2771
-2327
-1770
-1298
-940
-561
-256
-352
-651
-923
-1163
-1340
-1374
-1099
-463
164
772
1300
1687
1718
1452
972
474
71
-397
-519
-460
5
361
939
1446
1880
2082
1867
1837
1392
1038
491
310
180
156
100
272
679
567
848
806
1350
1476
1443
1781
1979
2175
2020
2120
2390
2595
2284
2291
2323
2262
1860
1348
1135
777
241
-209
-296
-319
-378
-628
-614
-660
-767
-1085
-1235
-1279
-1312
-1367
-1271
-871
-579
-161
184
702
1005
1076
970
726
320
-208
-715
-1244
-1644
-1992
-2170
-2281
-2224
-2072
-2039
-2069
-2169
-2207
-2290
-2421
-2396
-2279
-2114
-1974
-1809
-1533
-1255
-1114
-1133
-1035
-995
-958
-971
-811
-437
-113
330
800
1350
1623
1597
1468
1139
548
-89
-641
-940
-1051
-993
-483
37
865
1370
1974
2454
2434
2378
1881
1449
1011
481
417
686
997
1340
695
328
-248
-546
-635
-851
-139
576
1160
1463
2267
3131
3721
3236
2754
2678
2171
1640
1133
1224
1176
652
351
610
876
846
543
428
296
-307
-762
-1007
-1177
-1800
-2566
-2604
-2226
-1728
-1288
-472
320
782
992
1260
1598
1212
566
-93
-455
-810
-1234
-1379
-1535
-1835
-2140
-2292
-2278
-2355
-2737
-2947
-2998
-2861
-2580
-2225
-1726
-1364
-1113
-879
-686
-596
-759
-1101
-1345
-1435
-1371
-1109
-758
-324
112
582
1236
1788
2170
2235
1925
1405
719
-30
-731
-1313
-1691
-1631
-1334
-596
283
1221
2098
2657
3125
3284
3298
2824
2394
1757
1371
1033
882
893
-541
-1635
-2865
-2644
-2402
-2315
-764
841
2095
2200
2900
4134
4543
3127
1929
1703
1300
579
213
1198
1920
1553
1323
2007
2661
2195
1040
446
-198
-1497
-2530
-2741
-2363
-2625
-2979
-2471
-1549
-1121
-888
-455
49
149
-146
164
455
354
-10
-17
106
95
-41
-229
-480
-1134
-1616
-2069
-2497
-2980
-3277
-3270
-3224
-2896
-2157
-1385
-897
-750
-599
-327
-507
-858
-1157
-1241
-1280
-1420
-1116
-499
-54
147
371
812
1148
1168
1237
1447
1551
1348
1170
1111
992
508
105
76
59
60
49
438
837
978
1187
1629
2076
2269
2339
2464
2535
2213
2046
1921
1778
947
-983
-2404
-3844
-4001
-4128
-3520
-1656
81
1530
2435
3681
4783
4843
3305
2125
1319
432
-318
-532
262
746
737
1104
1901
2373
2013
1107
393
-788
-2168
-3084
-3333
-3278
-3521
-3386
-2547
-1486
-713
-224
64
213
-10
-225
-207
-122
-178
-385
-321
76
674
1030
988
683
246
-378
-1141
-1705
-2244
-2836
-3299
-3316
-2654
-1798
-1122
-573
-106
139
203
55
-191
-496
-1040
-1429
-1498
-1129
-543
-116
396
993
1528
1887
2016
2134
2019
1625
1322
1225
1183
901
457
170
156
80
89
175
410
482
441
728
1124
1421
1480
1541
1546
1652
1435
1650
1571
1357
555
-1481
-2798
-4290
-4318
-4411
-3870
-1939
-26
1506
2341
3501
4485
4431
2687
1484
776
-51
-843
-1169
-216
502
534
908
1854
2396
1930
859
130
-940
-2433
-3489
-3753
-3550
-3690
-3485
-2511
-1188
-285
497
1026
1198
860
386
221
25
-295
-400
-94
270
1043
1673
2205
2150
1609
1009
95
-853
-1871
-2682
-3238
-3422
-3041
-2015
-969
-98
475
928
1226
918
460
-39
-626
-1231
-1651
-1415
-607
-29
410
993
1736
2167
2078
2003
1924
1570
1008
756
830
795
388
17
35
13
-125
-246
-270
-324
-621
-662
-261
231
457
741
1051
1469
1632
1643
1848
1470
640
-1645
-3258
-4886
-5261
-5288
-4910
-2721
-733
1228
2310
3600
4595
4550
2929
1376
396
-651
-1488
-1862
-945
-13
519
1141
2221
2813
2533
1508
520
-730
-2381
-3424
-3915
-3628
-3474
-2927
-1727
-339
764
1649
2277
2372
1869
1078
479
66
-425
-668
-227
545
1615
2486
3229
3499
2970
1957
675
-637
-1892
-2974
-3628
-3539
-2874
-1748
-474
759
1573
1901
1857
1417
711
-277
-1254
-2011
-2333
-2163
-1412
-551
255
1024
1696
2155
2198
1899
1491
987
362
-105
-246
-179
-360
-513
-406
-170
-152
-321
-627
-761
-1161
-1407
-1288
-880
-448
-148
203
808
1159
1495
1635
1364
502
-1887
-3712
-5484
-5574
-5642
-5059
-2788
-515
1511
2526
3921
5076
4906
2838
1207
300
-742
-1706
-1979
-747
319
746
1486
2890
3628
3161
1970
1071
-272
-2041
-3150
-3437
-2962
-2845
-2245
-830
743
1848
2560
3111
3140
2553
1441
625
91
-560
-677
-281
847
2286
3291
4019
4235
3725
2503
805
-873
-2192
-3499
-4232
-4043
-3099
-1675
-354
909
1901
2278
2003
1237
282
-769
-2060
-3014
-3325
-2970
-2179
-1370
-397
707
1518
1891
1843
1682
1302
500
-239
-623
-758
-1005
-1210
-1154
-818
-741
-786
-789
-890
-1203
-1752
-1800
-1581
-1279
-968
-482
201
805
1210
1557
1759
1436
535
-1571
-3474
-5277
-5820
-5691
-5196
-3025
-616
1643
3026
4240
5372
5469
3768
1839
614
-479
-1414
-1843
-862
586
1456
2213
3423
4309
4136
2906
1709
403
-1238
-2551
-3067
-2599
-2166
-1511
-320
1204
2360
3054
3446
3373
2702
1510
441
-254
-701
-703
18
1157
2570
3763
4298
4292
3525
2101
280
-1572
-3068
-4214
-4750
-4558
-3523
-2016
-551
782
1680
1966
1623
789
-368
-1550
-2765
-3638
-3942
-3594
-2652
-1655
-638
291
1094
1427
1262
896
481
-91
-862
-1280
-1374
-1287
-1275
-1238
-846
-544
-621
-786
-1034
-1231
-1685
-1989
-1869
-1474
-1027
-575
232
950
1632
1892
2110
1924
1197
-928
-2974
-4821
-5581
-5351
-5120
-2922
-495
1809
3258
4401
5667
5973
4518
2509
1251
177
-650
-1146
-232
1219
2077
2740
3773
4723
4592
3381
2076
765
-928
-2233
-2815
-2319
-1805
-1243
-140
1315
2522
3154
3450
3299
2744
1516
521
-189
-647
-955
-674
231
1428
2633
3242
3531
3036
2019
496
-1081
-2480
-3732
-4581
-4786
-4098
-2847
-1557
-369
544
948
834
190
-653
-1626
-2766
-3735
-4082
-3797
-3030
-2159
-1290
-358
349
750
746
586
246
-252
-921
-1282
-1356
-1347
-1436
-1448
-1091
-787
-675
-707
-726
-811
-1183
-1366
-1273
-908
-602
-394
244
808
1453
1666
2093
2076
1701
-253
-2198
-3787
-4673
-4426
-4510
-2547
-146
2031
3379
4556
5984
6478
5129
3162
2125
1100
135
-596
167
1488
2130
2569
3539
4550
4462
3263
2109
1132
-511
-1862
-2480
-1996
-1654
-1432
-562
855
1898
2372
2630
2603
2134
1036
197
-441
-651
-829
-503
319
1455
2580
2901
2802
2212
1153
-462
-2131
-3385
-4271
-4975
-5119
-4251
-2760
-1473
-482
334
798
576
-228
-1156
-2014
-2975
-3974
-4353
-3978
-3070
-2274
-1511
-575
323
686
593
525
412
-112
-748
-998
-911
-889
-1093
-1083
-692
-464
-429
-518
-455
-573
-1017
-1176
-1030
-597
-373
-21
617
1362
1945
2359
2826
2835
2327
393
-1629
-3544
-4536
-4372
-4351
-2443
-89
2281
3861
4892
6157
6730
5462
3374
2088
1080
194
-565
30
1384
2178
2653
3455
4442
4484
3343
2033
879
-776
-2248
-3009
-2725
-2268
-1959
-1072
331
1519
2162
2531
2615
2209
1225
262
-319
-898
-1664
-1797
-1346
-315
797
1562
2315
2369
1664
542
-705
-1955
-3371
-4699
-5247
-4933
-4061
-2905
-1556
-357
234
277
46
-501
-1469
-2595
-3586
-3951
-3836
-3224
-2201
-1216
-357
309
814
1002
869
527
14
-509
-852
-936
-825
-772
-790
-573
-332
-104
27
42
81
-239
-410
-350
-156
53
128
596
1102
1761
2222
2795
3118
2863
1786
-307
-1935
-3591
-3798
-4012
-3238
-1085
986
2947
4079
5321
6286
6005
4231
2659
1642
685
-203
-408
672
1719
2276
2739
3589
4034
3314
1999
895
-384
-1784
-2812
-2948
-2441
-2111
-1573
-572
612
1355
1840
2049
1972
1211
121
-923
-1580
-1909
-1949
-1287
-277
1183
2132
2531
2556
1858
550
-1238
-2891
-4171
-5153
-5687
-5311
-4133
-2712
-1381
-199
680
889
454
-308
-1202
-2156
-3195
-3855
-3764
-3173
-2369
-1528
-603
331
896
998
991
888
630
107
-298
-412
-338
-421
-493
-280
87
258
266
284
320
150
-172
-186
48
323
385
863
1469
2278
2736
3153
3418
3222
2190
-348
-2139
-4049
-4394
-4508
-3959
-1429
965
2983
4059
5416
6468
6212
4148
2426
1383
241
-784
-965
362
1492
1975
2532
3554
4038
3334
1941
862
-499
-2166
-3252
-3406
-2791
-2545
-2099
-979
317
1136
1623
1969
1896
1199
104
-730
-1435
-2091
-2440
-2049
-1106
133
1389
2154
2531
2111
1094
-320
-1834
-3295
-4631
-5409
-5406
-4519
-3174
-1708
-432
526
850
698
143
-819
-1803
-2862
-3541
-3700
-3160
-2227
-1236
-297
577
1314
1552
1515
1256
973
453
-82
-297
-228
-177
-250
-4
420
813
921
926
973
689
243
-160
-84
65
10
316
992
1921
2524
3111
3549
3585
2511
25
-1924
-3840
-4390
-4744
-4305
-2011
278
2381
3640
5037
6212
6018
4204
2442
1211
130
-929
-1276
-210
883
1525
2118
3068
3705
3159
1814
671
-742
-2339
-3476
-3799
-3218
-2860
-2247
-1118
192
1125
1629
1851
1744
1062
180
-698
-1465
-2028
-2455
-2021
-1292
29
1395
2215
2612
2287
1455
99
-1446
-2912
-4155
-5107
-5257
-4452
-3061
-1601
-417
593
1100
998
431
-442
-1305
-2311
-3133
-3307
-2797
-1915
-969
-113
751
1493
1746
1769
1577
1326
838
299
91
38
93
-72
-68
284
559
662
735
761
727
333
59
102
303
292
302
798
1596
2148
2647
3076
3294
2379
-287
-2231
-4114
-4433
-5035
-4666
-2236
172
2130
3172
4811
6084
5774
3582
1942
925
-245
-1395
-1581
-215
811
1254
1895
3039
3580
2806
1424
409
-1060
-2728
-3813
-3912
-3263
-3050
-2383
-1170
199
1080
1571
1933
1830
1180
341
-470
-1086
-1684
-2047
-1705
-1056
236
1520
2220
2536
2315
1572
279
-1258
-2532
-3561
-4533
-4699
-3832
-2400
-1091
-46
924
1426
1259
564
-251
-1015
-1935
-2771
-2905
-2275
-1347
-543
267
1147
1826
1965
1808
1650
1381
723
61
-121
-85
-104
-233
-90
330
549
557
641
696
566
69
-233
-152
-73
-160
53
533
1279
1742
2223
2678
2645
1692
-852
-2685
-4629
-5024
-5354
-4854
-2444
-107
1906
3053
4558
5636
5382
3311
1623
536
-573
-1550
-1639
-320
757
1332
1923
3013
3435
2706
1323
285
-1119
-2728
-3655
-3735
-3058
-2706
-2018
-764
582
1384
1883
2193
2080
1323
465
-177
-611
-1252
-1769
-1450
-691
409
1396
2382
2899
2697
1783
734
-459
-1775
-3105
-4072
-4165
-3588
-2432
-1151
157
1039
1356
1187
794
39
-923
-1846
-2522
-2633
-2256
-1391
-443
325
965
1487
1708
1659
1381
1038
524
-33
-376
-389
-303
-250
-197
118
440
574
574
417
223
-280
-663
-724
-600
-510
-323
-10
872
1328
1992
2473
2589
1875
-868
-2696
-4644
-4917
-5494
-5040
-2677
-304
1574
2586
4335
5548
5313
3036
1555
564
-553
-1642
-1704
-231
774
1235
1943
3264
3667
2907
1527
624
-874
-2553
-3407
-3407
-2754
-2489
-1704
-380
962
1763
2277
2589
2374
1487
685
-20
-561
-1236
-1616
-1114
-347
819
2069
3061
3386
3044
2085
942
-523
-1991
-3215
-4103
-4263
-3651
-2291
-868
306
1105
1533
1389
825
-81
-1015
-1891
-2735
-2971
-2516
-1560
-712
-37
676
1322
1574
1420
1199
939
387
-352
-676
-643
-555
-657
-620
-291
93
101
90
90
-72
-480
-927
-860
-742
-618
-572
-87
572
1164
1613
2177
2236
1620
-686
-2614
-4411
-5171
-5364
-5158
-2931
-700
1411
2652
4112
5251
5216
3550
1842
757
-374
-1222
-1419
-312
783
1497
2183
3131
3604
3173
2041
953
-305
-1786
-2618
-2809
-2263
-1882
-1203
-143
1058
1864
2365
2694
2540
1878
895
220
-380
-822
-1141
-714
270
1309
2360
3150
3538
3156
2002
651
-657
-2008
-3318
-4139
-4100
-3393
-2311
-1057
273
1110
1328
1009
484
-295
-1341
-2272
-2943
-3069
-2715
-1948
-1059
-243
384
838
1056
904
660
305
-121
-714
-992
-992
-869
-786
-719
-350
-83
0
-122
-203
-414
-879
-1224
-1321
-1109
-922
-763
-190
502
1236
1720
2170
2155
1872
-192
-2264
-3991
-5001
-4868
-5092
-3173
-835
1308
2597
3787
5057
5411
4071
2157
1212
202
-603
-1096
-139
1204
1827
2363
3198
3865
3507
2346
1321
354
-1171
-2158
-2451
-1871
-1459
-1056
-86
1056
1860
2211
2544
2606
2049
1139
656
361
-48
-657
-766
-257
445
1082
1837
2534
2622
1859
945
182
-819
-2096
-3248
-3660
-3489
-2936
-2030
-824
137
481
333
145
-242
-1107
-2062
-2789
-2981
-2920
-2410
-1613
-745
-117
252
591
685
649
276
-89
-570
-947
-1101
-1043
-923
-964
-764
-543
-308
-329
-325
-335
-664
-937
-1034
-941
-775
-769
-447
58
732
1214
1869
2031
2227
714
-1297
-2879
-4352
-4173
-4726
-3527
-1396
743
2190
3299
4662
5462
4775
2879
1852
935
168
-653
-210
1084
1817
2264
2874
3767
3832
2821
1770
1058
-288
-1398
-2006
-1629
-1119
-1002
-305
732
1630
2018
2396
2639
2353
1327
623
-59
-509
-1011
-1073
-119
686
1747
2548
3096
3079
2167
868
-436
-1744
-3088
-4088
-4469
-4037
-3240
-2131
-878
103
608
473
87
-514
-1421
-2358
-3145
-3496
-3361
-2819
-2038
-1169
-510
19
421
418
336
118
-132
-610
-1046
-1148
-1105
-1043
-1091
-834
-526
-388
-414
-365
-257
-535
-889
-1106
-950
-902
-955
-495
143
1018
1474
2181
2643
2565
1820
-398
-1846
-3784
-4235
-4407
-3984
-1916
170
2227
3345
4672
5552
5604
3922
2378
1388
468
-263
-515
669
1707
2313
2804
3560
4042
3522
2374
1573
565
-725
-1566
-1744
-1276
-1084
-811
90
1029
1669
2058
2382
2498
1740
1125
473
-77
-764
-1386
-1131
-713
119
964
1831
2294
2092
1353
451
-610
-1914
-3197
-4140
-4346
-3997
-3239
-2122
-996
-190
25
-81
-350
-1011
-1964
-2869
-3393
-3554
-3242
-2571
-1630
-813
-267
232
499
535
290
-8
-480
-915
-1206
-1262
-1097
-1102
-869
-544
-175
21
93
182
-33
-394
-696
-797
-654
-689
-481
-20
666
1333
1949
2714
2757
2707
670
-990
-2683
-3678
-3614
-4013
-2288
-330
1620
2721
4056
5369
5852
4584
2916
2137
1186
301
-433
432
1451
1795
2118
2948
3740
3493
2408
1755
999
-377
-1363
-1709
-1245
-1178
-1142
-389
595
1182
1553
1919
2172
1660
801
470
-171
-643
-1430
-1337
-731
-320
598
1385
1995
1810
1204
392
-507
-1825
-3091
-3979
-4439
-4222
-3600
-2449
-1394
-554
-175
-106
-275
-812
-1645
-2439
-2995
-3379
-3250
-2701
-1933
-1262
-753
-145
301
457
431
288
97
-371
-692
-808
-711
-780
-861
-540
-200
14
12
203
194
-65
-442
-419
-294
-260
-331
-23
641
1307
1789
2563
3019
2979
2289
-1
-1192
-3125
-3495
-3859
-3543
-1487
443
2301
3335
4683
5540
5543
3706
2453
1566
710
-165
-500
734
1537
1931
2282
3105
3680
3126
2053
1477
556
-668
-1641
-1899
-1442
-1455
-1349
-564
283
961
1357
1695
1895
1300
734
105
-454
-922
-1421
-1235
-907
-337
350
968
1192
1038
490
-215
-1126
-2229
-3062
-3740
-3890
-3627
-2883
-1959
-1145
-552
-366
-404
-722
-1260
-2014
-2552
-2963
-3079
-2705
-2056
-1283
-710
-127
365
650
636
488
339
9
-423
-639
-545
-459
-401
-240
171
445
525
563
561
416
30
-303
-295
-316
-330
-314
260
909
1633
2321
2897
3357
2895
2424
314
-1082
-3009
-3748
-3847
-3762
-1908
57
2050
3059
4357
5166
5370
3846
2403
1536
517
-342
-793
216
1125
1489
1743
2524
3090
2797
1860
1288
592
-689
-1647
-2035
-1671
-1559
-1602
-994
-145
593
1034
1289
1548
1098
557
57
-428
-719
-1087
-1183
-977
-685
-82
567
696
714
366
-109
-880
-1776
-2472
-2988
-3345
-3294
-2695
-1799
-993
-624
-287
-241
-454
-1067
-1699
-2074
-2476
-2690
-2496
-1825
-1094
-511
-18
599
959
964
861
770
497
-90
-481
-444
-444
-390
-267
140
546
691
813
917
800
372
-119
-344
-472
-671
-582
-201
613
1241
2094
2585
3259
2960
2594
1148
-702
-2318
-4000
-3976
-4251
-2916
-1028
1050
2473
3599
4611
5103
4433
2709
1776
576
-175
-848
-471
567
1023
1414
1931
2645
2846
2259
1564
985
-184
-1294
-1936
-2030
-1780
-1827
-1474
-570
282
986
1341
1690
1555
966
320
-318
-561
-1035
-1410
-1315
-903
-230
372
782
1098
988
310
-423
-1160
-1901
-2580
-3062
-2960
-2529
-1817
-1026
-414
-57
-116
-408
-852
-1378
-1944
-2296
-2502
-2310
-1815
-1175
-503
110
654
891
1006
998
845
450
-48
-398
-553
-555
-420
-115
212
535
699
790
826
517
85
-401
-761
-949
-1069
-789
-413
330
1008
1826
2522
2936
2950
2463
1851
-249
-1938
-3813
-4272
-4308
-4042
-2093
20
1912
2868
3960
4790
4853
3356
1917
922
35
-786
-1170
-215
674
1134
1525
2361
3129
3007
2242
1602
745
-521
-1565
-2099
-1885
-1769
-1679
-913
74
953
1485
1832
1948
1455
725
-7
-408
-719
-1045
-1155
-801
-174
407
950
1210
1272
742
-30
-782
-1451
-2048
-2577
-2694
-2447
-1897
-1198
-495
-113
-45
-326
-713
-1222
-1807
-2242
-2524
-2456
-2128
-1553
-751
-47
550
866
975
1000
791
386
-111
-563
-809
-904
-755
-383
21
374
640
727
678
353
-217
-708
-1238
-1451
-1505
-1231
-668
8
840
1484
2184
2523
2811
2390
2052
732
-1167
-2809
-4343
-4151
-4262
-3008
-1119
987
2474
3437
4303
4857
4296
2538
1291
206
-311
-1075
-830
299
1152
1648
2075
3072
3574
3054
2028
1372
281
-921
-1868
-2066
-1565
-1495
-1059
-152
867
1676
1871
1983
1747
1103
317
-358
-530
-827
-1134
-1069
-469
298
848
1220
1492
1276
487
-277
-1015
-1512
-2220
-2656
-2559
-2180
-1456
-766
-215
-3
-178
-592
-1061
-1709
-2240
-2649
-2760
-2523
-2056
-1200
-372
309
708
920
948
767
355
-149
-634
-959
-1137
-1011
-497
-47
334
498
601
480
97
-403
-976
-1345
-1719
-1684
-1412
-759
-102
691
1348
2014
2495
2697
2512
1980
767
-1147
-2763
-4266
-4125
-4082
-2941
-1033
996
2568
3507
4400
4840
4363
2599
1325
222
-434
-1019
-766
358
1216
1910
2458
3337
3735
3213
2310
1507
356
-853
-1634
-1847
-1461
-1261
-834
97
1007
1712
1896
2032
1770
987
314
-250
-377
-479
-813
-608
-291
219
594
812
1008
868
130
-511
-871
-1292
-1724
-2171
-2056
-1791
-1461
-1031
-560
-338
-646
-1129
-1517
-1947
-2528
-2848
-2914
-2566
-2058
-1401
-455
223
608
696
579
447
55
-417
-847
-1123
-1112
-1006
-531
-17
413
585
608
458
76
-433
-1034
-1380
-1645
-1558
-1294
-635
98
852
1499
2004
2459
2524
2404
1819
864
-885
-2460
-3756
-3714
-3617
-2717
-897
1045
2521
3280
4183
4694
4231
2634
1390
467
-248
-834
-586
585
1417
1969
2527
3329
3701
3109
2279
1567
476
-753
-1511
-1532
-1256
-1085
-739
159
928
1483
1688
1853
1607
871
247
-226
-456
-621
-824
-606
-328
118
592
880
992
803
282
-382
-853
-1368
-1798
-2200
-2203
-1942
-1534
-1005
-594
-362
-573
-1017
-1464
-1973
-2582
-2944
-3086
-2789
-2232
-1582
-709
-35
445
643
568
421
104
-366
-807
-1155
-1131
-962
-619
-123
235
536
513
361
51
-408
-912
-1312
-1514
-1460
-1156
-689
-60
671
1284
1737
2049
2276
2127
1652
1162
-233
-1502
-2951
-3288
-3084
-2704
-1307
426
2041
2910
3638
4203
4398
3260
1948
982
285
-277
-576
268
1272
1807
2186
2812
3411
3335
2570
1978
1307
237
-737
-1140
-949
-822
-853
-364
392
1001
1299
1477
1596
1226
612
130
-293
-703
-1143
-1263
-975
-576
86
739
1135
1112
840
381
-239
-997
-1710
-2213
-2511
-2474
-2178
-1466
-926
-678
-659
-819
-1134
-1697
-2314
-2774
-2950
-2996
-2674
-2048
-1270
-606
-78
286
441
422
209
-159
-530
-900
-1006
-951
-714
-325
7
328
458
517
329
38
-435
-859
-1088
-1270
-1131
-916
-414
85
632
1150
1608
1940
2132
2026
1844
1112
-37
-1197
-2193
-2375
-2507
-1899
-644
692
1763
2605
3447
4108
3869
2984
2194
1429
718
85
104
646
972
1171
1630
2302
2761
2670
2485
2300
1699
832
192
-136
-384
-798
-940
-646
-274
143
487
936
1074
932
653
367
-124
-789
-1329
-1633
-1641
-1385
-789
-204
293
602
756
647
257
-304
-1000
-1649
-2159
-2397
-2310
-2021
-1795
-1624
-1475
-1399
-1459
-1685
-1866
-2054
-2229
-2276
-2175
-1821
-1508
-1124
-720
-352
-71
130
231
186
64
-99
-189
-273
-271
-218
-77
2
103
258
258
214
62
13
-45
-161
-241
-249
-142
-40
140
377
663
960
1275
1593
1866
2047
1711
1129
435
-227
-648
-988
-895
-512
-17
496
1144
1908
2554
2742
2621
2444
2107
1659
1061
722
488
157
-48
143
619
1095
1463
1852
2238
2229
1971
1686
1386
778
34
-554
-838
-1048
-1155
-959
-584
-211
19
179
272
144
-255
-702
-1052
-1323
-1512
-1570
-1400
-1134
-855
-558
-261
-54
-48
-186
-452
-753
-1118
-1485
-1822
-2129
-2286
-2365
-2286
-2090
-1769
-1491
-1212
-1044
-913
-849
-918
-959
-1087
-1103
-1085
-952
-624
-279
61
383
547
670
701
668
601
419
188
-60
-265
-368
-282
-63
162
433
683
912
969
961
883
682
470
322
347
519
835
1092
1390
1654
1832
1893
1900
1828
1556
1189
821
567
333
180
213
328
501
718
982
1193
1140
938
655
266
-122
-402
-484
-484
-375
-143
154
390
545
566
490
329
93
-95
-282
-443
-553
-575
-489
-382
-212
-6
48
1
-146
-274
-521
-829
-1089
-1227
-1252
-1254
-1037
-690
-311
-74
186
352
365
204
-90
-354
-754
-1186
-1559
-1674
-1724
-1663
-1410
-1016
-604
-327
-25
181
263
139
-60
-181
-353
-496
-483
-382
-212
-36
171
485
696
812
801
684
463
71
-213
-432
-519
-527
-438
-238
-13
171
301
365
319
209
53
29
13
97
240
420
604
753
912
1035
1069
971
799
609
446
257
150
197
255
365
536
719
855
877
775
602
366
105
-146
-300
-331
-292
-135
72
309
527
654
686
606
443
246
-8
-294
-507
-608
-620
-541
-445
-209
-34
32
-2
-44
-197
-453
-712
-921
-1015
-1103
-1035
-840
-527
-223
35
337
537
585
456
280
52
-318
-659
-881
-989
-1044
-977
-810
-525
-246
-55
198
404
457
379
332
222
105
9
-40
65
126
214
396
584
711
737
707
593
354
76
-85
-217
-278
-264
-194
-41
49
113
163
131
3
-186
-288
-340
-368
-246
-85
122
293
459
603
645
566
369
220
8
-195
-340
-385
-376
-298
-183
-10
176
259
262
177
34
-164
-369
-571
-674
-654
-597
-443
-253
-14
139
240
329
286
200
26
-136
-294
-410
-467
-392
-273
-146
16
129
229
189
100
2
-154
-319
-437
-457
-403
-271
-62
202
477
697
852
899
844
679
442
197
-28
-205
-294
-283
-229
-115
20
185
303
410
452
471
412
290
199
119
71
54
140
226
321
430
530
605
573
482
361
175
-114
-306
-399
-496
-464
-380
-268
-149
-62
-28
-67
-176
-336
-477
-602
-644
-604
-510
-359
-177
12
158
270
295
267
146
30
-86
-200
-268
-285
-206
-149
-34
109
192
198
160
97
-43
-227
-377
-461
-504
-487
-349
-167
6
186
320
358
330
231
70
-120
-319
-469
-523
-481
-361
-201
-2
145
275
302
270
154
-63
-248
-455
-568
-568
-479
-336
-130
134
374
578
714
780
706
533
313
63
-202
-390
-490
-494
-448
-348
-129
65
222
346
454
441
376
256
138
27
-38
-41
36
176
326
480
616
706
717
619
502
307
95
-83
-194
-221
-179
-93
34
162
219
240
174
68
-97
-207
-273
-314
-333
-284
-169
-87
13
121
219
278
239
205
112
12
-99
-207
-262
-226
-163
-121
5
78
119
51
-13
-136
-265
-396
-435
-424
-374
-238
-139
-15
60
133
105
59
-14
-122
-240
-340
-343
-332
-261
-161
-60
43
102
100
60
0
-72
-182
-256
-281
-290
-245
-195
-97
-15
79
190
269
341
346
310
253
141
-11
-121
-231
-323
-377
-404
-323
-242
-144
-40
34
132
147
120
109
91
82
53
66
113
144
196
249
277
317
300
267
220
146
85
30
20
27
24
51
51
53
56
35
45
-1
12
30
21
50
62
86
110
129
138
166
175
196
191
201
206
196
177
105
135
128
100
129
158
169
102
67
7
-70
-152
-192
-183
-143
-69
-16
61
92
81
41
-41
-106
-193
-220
-254
-244
-194
-133
-64
-54
-56
-66
-114
-221
-298
-348
-389
-411
-400
-295
-179
-111
-34
33
91
89
46
65
51
7
-24
-92
-111
-180
-222
-242
-246
-260
-287
-274
-263
-253
-236
-202
-155
-161
-127
-70
-15
45
71
96
89
67
27
-16
-48
-52
-34
34
95
132
189
216
244
249
242
232
188
96
20
1
-44
-18
56
192
300
384
452
492
482
439
409
399
359
358
379
401
412
386
399
409
415
437
455
416
351
241
145
11
-81
-140
-165
-126
-76
10
66
85
80
38
-43
-115
-235
-308
-375
-410
-372
-356
-251
-171
-141
-114
-133
-189
-279
-415
-496
-587
-647
-644
-592
-499
-396
-296
-212
-139
-115
-114
-155
-180
-219
-302
-336
-361
-375
-378
-365
-325
-290
-255
-202
-215
-193
-185
-201
-176
-167
-105
-57
50
104
175
249
273
256
218
158
102
38
-15
39
70
146
236
348
410
424
405
356
269
160
47
-30
-68
-59
-36
56
177
271
369
445
504
498
484
466
433
385
411
406
441
483
513
553
581
631
644
635
567
507
388
275
175
74
24
20
48
123
176
222
250
163
80
-24
-174
-258
-344
-404
-416
-434
-393
-353
-363
-347
-336
-340
-386
-429
-464
-528
-573
-627
-630
-594
-569
-525
-466
-444
-403
-381
-385
-377
-382
-409
-434
-449
-433
-430
-435
-411
-419
-407
-396
-392
-368
-373
-350
-328
-298
-257
-207
-120
-16
69
138
197
214
164
105
55
20
-1
34
123
223
314
423
499
556
569
556
516
439
342
267
214
164
180
210
288
400
478
585
651
677
699
674
613
570
504
433
428
405
415
429
481
539
570
610
604
559
476
373
267
165
86
7
-28
-8
10
0
-8
18
-37
-81
-117
-175
-238
-293
-369
-389
-414
-447
-426
-435
-441
-430
-452
-487
-537
-567
-584
-613
-596
-584
-520
-501
-494
-463
-462
-454
-464
-465
-467
-464
-487
-501
-495
-458
-426
-399
-324
-280
-287
-283
-284
-310
-308
-284
-208
-147
-65
3
72
121
130
147
170
145
145
141
127
138
139
207
278
356
417
490
508
497
487
423
401
345
294
280
274
267
257
273
295
333
392
455
515
535
533
514
454
455
415
407
417
418
424
422
425
391
340
297
261
247
223
221
209
200
169
150
108
42
-6
-97
-143
-198
-232
-288
-312
-320
-309
-275
-264
-272
-289
-280
-319
-344
-383
-418
-467
-513
-548
-527
-542
-520
-464
-438
-392
-362
-356
-335
-343
-373
-399
-423
-422
-434
-437
-411
-355
-304
-293
-254
-226
-253
-266
-286
-293
-279
-240
-191
-138
-45
42
133
179
218
218
206
147
99
100
74
81
105
207
299
367
455
495
513
514
466
451
420
375
326
316
314
297
314
328
381
413
458
474
499
501
457
429
402
398
410
429
445
453
420
425
373
322
265
182
116
70
38
11
15
0
-2
0
-26
-52
-91
-157
-225
-296
-346
-424
-453
-490
-478
-481
-474
-460
-461
-443
-483
-480
-499
-500
-504
-533
-536
-555
-583
-574
-568
-511
-449
-413
-375
-321
-305
-303
-305
-302
-274
-262
-234
-188
-120
-61
-12
23
55
67
61
43
14
21
20
36
95
155
229
294
366
405
426
424
391
356
321
286
289
257
265
298
360
370
412
472
473
453
413
396
308
249
218
186
187
175
183
184
184
187
179
186
172
160
160
181
178
185
207
218
198
174
174
133
102
53
8
-55
-87
-99
-141
-124
-133
-151
-137
-142
-168
-174
-189
-223
-240
-288
-308
-329
-348
-333
-339
-331
-321
-317
-355
-327
-345
-350
-329
-311
-301
-315
-298
-295
-309
-321
-302
-311
-300
-269
-259
-224
-189
-178
-154
-136
-116
-83
-44
11
45
86
91
87
84
69
69
49
70
98
105
118
147
198
212
274
303
361
379
377
345
315
293
247
238
249
253
259
275
260
253
242
261
232
250
243
238
205
160
132
110
74
57
57
45
56
39
49
60
73
87
111
107
133
139
113
68
32
-9
-35
-89
-87
-92
-112
-105
-117
-97
-108
-107
-124
-138
-154
-196
-237
-274
-305
-295
-298
-258
-220
-211
-174
-152
-173
-200
-215
-216
-250
-258
-258
-281
-285
-278
-271
-226
-198
-189
-130
-132
-90
-98
-114
-113
-144
-150
-132
-93
-83
-36
-9
38
51
69
94
108
123
137
158
160
174
148
162
174
161
185
211
216
235
255
279
290
280
301
316
324
312
319
317
294
265
239
200
168
125
118
109
92
89
82
76
86
62
78
62
31
15
-35
-88
-107
-111
-123
-78
-54
-10
30
43
76
77
63
8
-33
-89
-130
-161
-191
-172
-170
-150
-125
-115
-97
-85
-96
-88
-120
-128
-156
-187
-203
-219
-208
-179
-175
-166
-156
-146
-129
-125
-127
-131
-132
-148
-162
-176
-190
-189
-154
-127
-86
-40
-38
-48
-77
-102
-117
-129
-97
-82
-43
-11
19
53
56
70
79
87
69
48
34
0
-2
6
22
62
77
130
179
210
226
222
224
206
172
147
137
137
135
147
198
226
246
267
268
259
238
205
170
150
114
96
98
106
106
102
117
96
71
78
68
63
60
41
54
35
41
47
61
83
73
92
56
20
-24
-52
-75
-107
-134
-130
-128
-142
-134
-127
-109
-120
-124
-152
-183
-217
-242
-263
-283
-265
-249
-233
-196
-176
-149
-158
-154
-159
-188
-174
-176
-173
-182
-154
-141
-127
-107
-97
-81
-86
-87
-84
-103
-90
-82
-73
-49
-49
-38
-9
13
25
70
96
101
97
76
44
15
6
-25
-14
23
56
122
163
195
203
205
168
149
116
92
87
87
81
120
149
157
174
180
192
188
188
160
140
122
70
71
55
52
67
62
83
112
125
132
143
127
121
91
75
74
49
59
71
58
97
90
99
77
52
42
14
-22
-32
-19
-47
-42
-48
-35
-49
-72
-48
-65
-61
-85
-94
-96
-133
-126
-138
-135
-135
-111
-109
-92
-98
-95
-78
-98
-104
-130
-153
-185
-186
-192
-181
-150
-123
-111
-95
-105
-110
-128
-156
-163
-161
-154
-144
-138
-120
-80
-85
-70
-59
-48
-48
-67
-33
-58
-59
-52
-46
-42
-28
-4
22
25
24
28
26
7
-2
-3
-10
23
28
36
74
97
109
140
155
158
160
138
121
110
94
84
87
76
85
90
99
111
109
130
148
182
211
232
237
246
219
192
172
172
170
160
180
169
181
170
165
184
179
187
196
195
185
168
149
103
61
26
-6
-37
-43
-43
-29
-13
5
27
27
17
-2
-19
-53
-80
-101
-151
-177
-190
-231
-243
-249
-254
-249
-228
-232
-235
-242
-256
-244
-256
-267
-268
-276
-280
-289
-286
-292
-284
-281
-287
-262
-242
-232
-228
-209
-212
-192
-170
-155
-125
-114
-85
-87
-67
-95
-88
-96
-104
-83
-80
-44
-16
48
77
97
138
150
161
174
176
158
185
185
170
170
177
188
175
174
189
187
189
206
237
280
301
333
369
364
354
341
324
300
286
251
240
224
231
223
229
249
261
296
288
280
259
223
168
149
90
70
62
58
53
42
41
48
38
21
19
-4
-10
-34
-64
-105
-159
-217
-235
-241
-250
-260
-251
-259
-272
-293
-317
-335
-344
-353
-365
-351
-370
-373
-375
-382
-372
-355
-327
-323
-302
-306
-309
-289
-286
-270
-252
-217
-208
-200
-184
-170
-146
-153
-110
-106
-92
-54
-76
-39
-53
-28
20
70
102
138
163
140
149
134
117
122
167
184
237
265
287
301
272
259
249
246
239
274
283
300
335
301
300
296
294
296
314
324
343
340
309
282
255
224
182
180
183
201
194
188
178
172
147
117
98
57
23
3
-10
-15
-13
-15
4
-5
10
-3
-9
-35
-95
-142
-173
-199
-235
-219
-212
-190
-190
-183
-188
-198
-234
-266
-300
-338
-375
-407
-409
-418
-407
-379
-341
-305
-269
-256
-242
-256
-273
-274
-289
-293
-293
-265
-252
-236
-218
-224
-195
-154
-134
-108
-61
-41
-25
0
9
34
59
98
119
166
189
193
192
187
189
197
221
237
272
301
324
351
373
353
348
328
323
313
285
275
281
263
271
273
285
297
297
312
315
310
283
264
214
159
139
127
100
87
71
72
56
62
37
27
37
-4
-18
-56
-106
-144
-195
-209
-222
-228
-204
-190
-184
-157
-166
-186
-183
-213
-217
-230
-241
-239
-245
-239
-229
-233
-229
-236
-240
-222
-227
-221
-197
-204
-208
-196
-178
-161
-139
-95
-86
-48
-36
-40
-52
-67
-75
-107
-95
-70
-53
-23
12
68
63
63
69
53
44
22
31
60
77
82
118
129
130
133
123
121
119
135
148
161
178
192
199
206
200
194
208
169
143
135
105
103
86
89
88
108
134
156
165
150
151
135
120
83
59
33
10
-20
-2
-2
13
28
33
29
20
3
-25
-48
-65
-75
-90
-84
-118
-126
-133
-142
-148
-133
-117
-116
-110
-117
-125
-137
-154
-164
-163
-156
-134
-132
-115
-116
-137
-120
-124
-135
-130
-127
-133
-129
-153
-136
-134
-117
-79
-44
3
29
49
40
29
36
24
27
30
23
46
52
86
103
101
120
118
120
136
120
134
133
136
128
116
120
125
121
109
106
88
89
97
82
101
115
127
137
146
157
133
130
114
73
55
17
2
-25
-60
-54
-43
-18
17
45
38
44
27
8
-42
-55
-65
-90
-77
-90
-82
-91
-91
-115
-124
-128
-112
-104
-101
-82
-103
-108
-120
-137
-145
-143
-140
-135
-122
-98
-103
-97
-98
-128
-110
-116
-107
-78
-58
-25
1
11
10
3
-11
-21
-28
-48
-41
-55
-31
3
-6
21
38
64
85
95
120
105
124
106
93
118
100
106
104
105
120
145
147
183
173
162
160
143
131
118
129
106
129
113
101
87
77
85
63
79
77
72
56
38
14
5
11
-7
-8
-6
-26
-30
-50
-72
-89
-118
-134
-122
-121
-106
-106
-111
-97
-88
-101
-123
-112
-131
-133
-150
-150
-175
-181
-166
-149
-121
-125
-80
-87
-93
-104
-89
-103
-115
-116
-107
-95
-94
-68
-50
-29
15
39
56
64
54
56
27
26
10
14
39
62
76
112
123
134
141
141
126
119
118
102
95
51
67
63
87
109
138
164
167
158
144
123
83
80
62
77
70
77
86
86
86
79
68
45
37
17
0
-12
-23
-38
-46
-33
-34
-32
-23
-11
-20
-12
-11
-32
-37
-73
-87
-94
-102
-94
-91
-68
-73
-76
-50
-57
-66
-93
-102
-113
-117
-122
-122
-104
-93
-72
-45
-44
-48
-68
-88
-106
-115
-107
-94
-70
-42
-7
15
7
2
9
-8
-12
-29
-32
-49
-51
-37
-14
-5
24
57
77
88
95
76
71
63
43
20
30
12
4
18
33
48
71
99
91
130
112
108
88
61
51
46
39
43
49
54
82
78
98
84
75
59
46
32
43
31
34
41
39
41
46
42
25
13
-5
-3
-23
-24
-29
-25
-2
-19
-1
-4
-14
-8
-23
-22
-45
-61
-78
-76
-73
-51
-43
-37
-41
-46
-50
-48
-58
-46
-45
-43
-44
-72
-90
-120
-112
-121
-115
-88
-78
-54
-35
-21
-29
-34
-53
-52
-80
-75
-59
-72
-62
-48
-20
-21
-13
-23
-13
-16
-4
-13
-3
16
15
34
43
64
56
61
69
51
55
66
60
51
69
77
65
74
85
101
124
138
141
144
104
99
86
57
49
67
77
84
91
92
93
85
79
77
91
93
79
62
54
25
19
0
-14
-8
-19
-38
-31
-31
-34
-28
-21
-24
-39
-51
-62
-86
-93
-98
-117
-115
-126
-123
-111
-126
-109
-108
-98
-110
-98
-98
-106
-98
-96
-72
-70
-72
-70
-64
-71
-71
-85
-95
-78
-84
-74
-44
-25
-6
10
0
10
14
20
32
32
48
44
38
37
22
7
7
44
79
71
86
83
74
83
55
59
46
42
35
41
38
32
46
55
60
69
71
74
61
63
62
44
35
40
4
10
-5
-9
14
27
45
60
77
83
79
74
69
68
61
56
67
35
36
11
-5
-14
-25
2
31
54
66
69
57
4
-2
-17
-38
-25
-39
-49
-60
-81
-88
-94
-106
-87
-89
-78
-66
-71
-70
-76
-61
-88
-82
-90
-107
-114
-122
-124
-134
-129
-120
-113
-100
-84
-82
-66
-59
-28
-3
-1
9
17
11
2
5
-17
-16
-22
-20
-12
-2
19
33
58
68
84
86
98
113
101
101
104
99
84
78
76
64
73
86
77
66
86
75
68
77
84
68
65
51
41
17
4
4
0
25
25
37
28
7
-17
-29
-22
-35
-19
11
35
30
17
-20
-56
-67
-76
-79
-68
-30
19
34
55
60
46
19
2
-19
-33
-39
-18
-22
-41
-37
-38
-49
-37
-10
-11
-3
10
4
-20
-41
-51
-66
-78
-79
-94
-97
-90
-77
-60
-49
-43
-14
-19
-25
-23
-37
-40
-35
-49
-55
-57
-84
-70
-52
-59
-38
-18
0
5
16
11
7
25
10
27
39
63
54
48
58
57
75
76
89
96
104
97
102
81
80
66
66
59
60
66
65
65
61
57
72
58
66
65
56
38
21
10
-21
-11
-16
-13
-2
-2
-15
-15
-22
-48
-44
-65
-72
-78
-64
-56
-74
-60
-60
-62
-69
-51
-27
-22
1
18
8
32
11
-33
-32
-48
-66
-78
-58
-74
-69
-46
-22
-6
2
38
35
43
61
43
18
11
-14
-32
-29
-15
3
18
30
30
47
20
10
6
9
20
15
23
5
-3
7
0
-3
-5
5
7
8
2
3
10
3
5
17
18
21
23
34
52
19
15
-1
-24
-24
-27
-8
10
24
40
40
14
-9
-17
-27
-44
-48
-29
-29
-19
-16
-19
-20
-17
-3
3
15
17
-2
-16
-38
-71
-81
-84
-76
-77
-65
-35
-28
-6
-6
-15
2
6
18
3
-11
1
-10
-12
-14
-4
-8
9
22
39
44
46
39
21
12
9
26
17
52
44
44
65
44
49
33
55
43
69
76
79
94
81
78
64
51
45
44
42
45
74
82
80
76
54
27
5
-21
-32
-40
-25
-1
31
28
24
5
-40
-51
-52
-48
-29
-19
-2
-6
-29
-60
-105
-113
-120
-108
-80
-27
-5
-17
-24
-48
-71
-88
-95
-102
-102
-97
-86
-75
-97
-103
-103
-106
-102
-94
-78
-87
-66
-61
-40
-27
-21
-11
-29
-37
-61
-69
-69
-55
-31
-11
10
29
24
27
34
27
48
65
97
129
130
134
128
114
85
94
124
140
148
163
167
150
110
90
65
39
58
72
106
135
146
144
162
141
145
137
142
130
159
199
188
130
-264
-588
-747
-708
-448
59
537
863
823
564
239
-177
-406
-499
-374
-252
-34
102
193
113
-21
-153
-259
-289
-300
-210
-75
102
140
133
-135
-417
-642
-743
-706
-476
-170
123
243
254
196
28
-76
-127
-92
-9
130
251
379
369
308
161
27
-168
-342
-430
-417
-335
-252
-78
65
181
244
274
211
96
-62
-166
-272
-288
-264
-163
-12
134
238
296
325
310
256
187
165
122
129
145
152
179
193
200
196
195
202
206
186
165
129
66
32
29
27
60
74
114
151
174
229
235
219
132
60
-74
-147
-170
-170
-133
-57
-15
4
41
20
-19
-91
-136
-171
-202
-183
-141
-121
-120
-107
-159
-311
-375
-363
-329
-195
-57
66
75
-5
-85
-175
-264
-282
-225
-140
-43
42
101
74
-27
-163
-260
-305
-322
-280
-250
-162
-81
-38
32
75
70
14
-34
-79
-124
-133
-84
-23
47
121
159
192
196
170
123
95
112
127
171
215
276
312
282
245
181
109
37
-21
7
53
111
193
244
276
225
178
153
112
105
79
103
120
110
93
75
55
34
28
53
106
136
163
170
150
107
62
8
-46
-63
-89
-80
-59
-54
-76
-69
-75
-75
-65
-79
-69
-73
-73
-93
-99
-128
-159
-187
-174
-176
-163
-161
-137
-140
-145
-118
-132
-125
-123
-131
-132
-126
-127
-128
-167
-165
-165
-156
-141
-110
-74
-75
-38
-23
-11
4
-4
-3
-16
-8
-21
-11
-6
-8
-13
-6
17
31
46
54
76
95
114
105
109
82
59
43
20
30
29
42
70
64
98
123
126
122
86
71
38
36
67
104
137
182
186
181
150
85
39
33
28
53
72
84
88
88
88
78
101
68
63
37
12
5
1
-4
-20
-18
-17
-33
-33
-42
-34
-38
-39
-22
-31
-38
-46
-44
-48
-72
-83
-85
-120
-105
-96
-84
-66
-33
-45
-61
-88
-109
-133
-142
-92
-59
-27
-2
18
-5
-18
-42
-53
-73
-64
-57
-46
-32
-31
-40
-34
-15
-30
-19
-2
9
33
45
54
50
36
-7
-16
-34
-33
-17
24
19
51
65
48
52
26
22
14
26
61
62
48
54
33
16
-10
-28
-21
-28
-7
30
43
40
14
12
10
-8
3
19
26
35
25
23
8
-18
-36
-48
-33
-31
-6
13
24
28
21
15
15
8
6
3
-15
7
-17
-15
12
27
45
45
43
22
-10
-65
-64
-81
-64
-30
15
44
57
81
79
61
31
-16
-44
-66
-64
-31
-3
27
31
63
54
43
41
28
24
21
22
13
16
5
-1
27
30
16
29
12
22
19
20
0
-3
-28
-35
-28
-23
-6
21
39
42
33
11
-19
-44
-54
-63
-69
-71
-60
-52
-50
-38
-19
-2
-3
5
5
2
2
-15
-32
-55
-56
-49
-33
-28
2
34
47
69
39
29
-1
-8
-6
-9
-30
-35
-23
-65
-88
-102
-87
-96
-67
-47
-59
-44
-58
-72
-66
-32
-12
28
76
84
46
18
-24
-59
-70
-69
-30
3
37
53
66
72
52
47
41
45
39
11
26
24
28
31
58
55
59
73
72
74
75
89
81
104
92
86
87
56
61
47
45
44
37
42
19
22
38
50
52
48
39
30
6
-13
-11
-16
-7
-2
4
17
-9
-15
-57
-65
-47
-58
-35
-11
-11
-24
-20
-52
-71
-80
-75
-107
-107
-103
-88
-84
-75
-53
-40
-44
-44
-76
-77
-97
-100
-71
-81
-64
-80
-71
-75
-78
-70
-51
-40
-26
-10
-7
-9
8
10
3
17
21
15
11
-1
-1
6
13
34
48
52
63
65
41
44
33
32
40
46
60
69
54
45
53
45
50
58
78
64
79
75
90
88
103
115
130
120
105
100
68
56
44
27
37
32
26
17
15
34
39
46
63
40
43
30
2
2
-7
-4
-26
-22
-34
-51
-46
-49
-27
-15
-17
-11
-40
-69
-103
-120
-142
-119
-124
-122
-107
-75
-84
-95
-77
-84
-95
-89
-85
-92
-92
-106
-109
-104
-86
-78
-63
-62
-57
-61
-54
-54
-34
-25
-9
1
-20
-9
-20
-22
-17
-16
0
8
4
10
-4
-1
3
19
25
27
54
27
37
36
43
62
71
90
92
109
118
100
111
104
108
108
121
112
112
119
137
129
122
116
96
103
90
95
110
112
113
119
93
67
72
47
11
23
2
-1
0
-4
17
10
6
2
-7
-37
-65
-68
-94
-95
-94
-81
-77
-59
-54
-58
-50
-61
-81
-96
-108
-119
-107
-100
-87
-80
-91
-80
-93
-101
-107
-78
-81
-73
-51
-61
-58
-71
-83
-98
-127
-95
-88
-77
-36
-47
-29
-16
9
-6
-14
-12
-23
-32
-39
-32
-44
-55
-45
-34
-34
-3
29
39
53
76
58
81
103
82
88
96
95
78
77
66
67
53
65
68
86
110
116
112
115
130
116
107
96
68
44
42
48
21
51
54
74
66
77
72
40
36
0
9
5
24
23
11
16
12
0
20
4
-11
-1
0
-14
-40
-44
-68
-85
-93
-70
-74
-49
-54
-31
-50
-72
-73
-90
-80
-94
-67
-57
-40
-64
-56
-69
-67
-68
-74
-50
-44
-11
11
13
17
10
-5
-8
-26
-7
-6
-9
7
13
14
4
-8
-15
-2
-15
14
7
6
-7
-18
-20
-25
-16
-22
5
5
3
-3
8
25
16
24
42
27
15
-3
-15
-32
-34
-17
-10
-9
20
15
10
4
20
30
30
50
45
51
54
43
16
7
10
1
14
34
52
66
77
81
92
87
64
63
35
18
-8
-16
-15
-23
-6
1
15
-2
-5
-1
5
-3
-11
-5
-16
-24
-37
-48
-59
-50
-45
-43
-30
-21
-36
-25
-21
-3
-22
-18
-25
-28
-35
-52
-20
-28
-43
8
22
-12
-7
-16
-8
-7
2
20
12
13
-2
-17
-27
-41
-35
-16
13
31
39
48
47
26
20
24
15
12
2
12
9
12
4
-19
-12
4
3
6
19
35
27
32
42
28
-1
5
15
-16
8
10
-34
-20
-29
-8
-16
14
13
-14
-3
-36
-16
-28
-22
-6
6
-5
19
-8
-1
-14
-21
-21
-31
-4
-18
-8
10
7
-14
-20
-48
-37
-35
-13
16
32
24
20
17
-18
-29
-18
-18
-4
21
10
2
5
-16
-28
-3
-15
12
32
29
32
30
29
9
7
6
15
9
5
22
6
8
21
27
22
25
34
23
25
11
5
5
3
13
3
-1
30
34
51
56
41
39
23
14
-5
-9
-8
-12
-10
-14
-22
-30
-17
-20
-15
4
6
23
14
-6
-4
-4
-18
-25
-44
-49
-47
-46
-38
-25
0
6
12
16
19
-7
-26
-26
-39
-29
-26
-8
-10
1
-9
10
9
1
-39
-44
-38
-48
-10
1
9
7
-25
-55
-50
-64
-38
-8
14
27
34
20
-8
-24
-51
-51
-31
-30
-14
-13
-9
-19
-7
6
19
17
15
38
-2
5
-7
17
2
6
32
20
32
23
29
35
43
45
65
49
58
34
32
26
5
22
21
42
39
50
54
71
71
47
40
16
-4
-31
-32
-36
-25
-21
-7
6
6
23
40
46
50
55
32
18
7
-24
-39
-35
-29
-32
-28
-18
-11
1
12
40
40
58
37
36
26
-15
-24
-42
-63
-57
-58
-61
-45
-50
-49
-28
-22
3
-13
9
-11
-21
-41
-43
-65
-59
-60
-55
-24
-47
-30
-40
-39
-37
-31
-31
-10
-19
-16
-20
8
0
-7
-2
-7
-18
-23
-29
-30
-36
-40
-17
-14
2
14
32
31
49
62
69
73
80
70
54
52
35
16
13
-11
-13
-2
1
1
39
62
81
92
97
70
62
24
3
-1
-8
-3
-4
13
-7
-13
-22
-32
-10
-12
4
23
16
17
-2
-14
-31
-24
-30
-30
-25
-8
-25
-16
-18
-30
-41
-22
-19
-28
-10
-19
-7
-8
-9
-5
9
2
0
-4
-15
-27
-23
-3
-17
1
-4
5
-9
-21
-3
-18
-19
-20
13
1
4
12
15
8
24
29
21
16
-5
-5
-23
-9
-10
8
26
37
62
61
59
44
26
17
15
6
19
17
0
-19
-9
-23
-6
1
20
36
26
48
20
8
-16
-9
-4
-2
7
-5
2
-35
-27
-39
-42
-41
-28
-28
-26
-6
10
4
-4
3
-24
-18
-20
-13
-32
-10
-22
-46
-50
-51
-55
-29
-12
10
50
49
57
49
42
19
1
-20
-40
-57
-61
-40
-31
-31
-14
-7
-13
9
4
12
16
18
12
2
11
-13
-13
-11
-4
8
19
39
28
21
27
17
27
41
50
60
76
87
42
21
5
-5
-25
-1
16
47
46
62
49
15
11
-10
-15
-25
1
-6
5
12
3
0
-11
-18
-24
-34
-29
-11
-17
-18
-14
-26
-25
-28
-6
-25
-15
-13
-24
-46
-52
-49
-65
-40
-33
-10
3
11
1
-5
-11
-24
-33
-32
-31
-39
-36
-31
-26
-32
-26
-37
-33
-32
-30
1
8
34
36
36
26
-2
-14
-44
-51
-49
-36
-12
16
34
47
66
61
45
51
59
43
52
66
55
53
49
45
59
74
79
78
68
61
65
45
62
52
61
47
73
65
60
71
56
41
29
17
-8
-15
-26
-36
-40
-49
-43
-30
-33
-23
-32
-24
-27
-25
-24
-22
-25
-45
-41
-71
-82
-89
-63
-62
-59
-52
-48
-62
-65
-55
-63
-50
-59
-53
-82
-105
-118
-112
-113
-75
-53
-32
-20
-13
-17
-13
-16
-40
-29
-32
-20
-28
-14
-22
-15
-2
-17
-4
-10
-14
-6
13
32
49
59
69
55
44
46
22
18
32
52
64
84
115
80
81
88
67
49
69
92
100
106
104
104
85
87
99
74
77
61
36
36
29
36
43
52
59
62
56
47
49
19
1
0
-2
5
-12
-6
-9
-27
-19
-8
-18
-38
-24
-25
-34
-33
-29
-48
-50
-39
-59
-55
-64
-54
-75
-84
-91
-106
-103
-95
-79
-50
-35
-37
-48
-51
-61
-75
-69
-70
-67
-60
-66
-63
-53
-52
-50
-55
-43
-36
-29
-44
-41
-23
-13
9
6
20
19
-4
-17
-38
-41
-51
-34
-8
11
23
44
47
44
36
20
50
51
50
70
67
53
45
57
46
43
56
59
55
65
64
67
68
78
95
88
89
101
81
75
76
49
57
41
30
40
35
29
35
29
9
-4
0
-9
-11
-6
-13
-20
-9
-13
-25
-8
-29
-35
-49
-66
-85
-89
-84
-93
-51
-54
-34
-34
-34
-48
-58
-50
-48
-47
-27
-24
-29
-57
-63
-67
-73
-57
-35
-21
1
23
20
22
4
7
-2
-1
9
23
16
20
20
-1
3
2
10
32
32
32
53
38
43
39
45
41
41
31
13
1
-2
-9
-8
1
15
27
34
28
27
29
11
12
-5
11
-3
-24
-5
-16
-18
-9
10
5
16
22
11
5
4
-15
-1
-4
-4
25
10
1
-5
-4
-26
-9
-2
-2
10
15
14
11
15
-3
-8
-30
-26
-39
-44
-43
-60
-38
-34
-23
-18
-8
-11
-9
-18
-34
-32
-31
-52
-56
-65
-73
-68
-52
-44
-27
-11
-15
-1
-6
15
34
43
58
48
39
35
12
3
-11
-5
18
38
49
62
69
60
66
79
82
73
71
80
63
65
54
42
33
29
35
21
30
35
28
21
35
29
37
22
9
17
-3
-24
-28
-52
-47
-38
-50
-28
-33
-32
-33
-50
-46
-57
-39
-30
-33
-32
-52
-53
-71
-79
-78
-71
-71
-53
-35
-36
-41
-58
-63
-77
-69
-47
-26
-4
17
18
10
1
-29
-36
-46
-34
-20
-10
14
17
33
33
33
39
39
30
23
44
44
52
37
46
37
13
17
-4
-8
-3
13
48
57
69
76
76
59
52
39
29
16
24
14
21
21
5
18
-9
4
9
18
33
48
60
44
38
22
9
-29
-30
-19
-18
-4
0
8
0
0
-1
8
5
9
18
9
3
-11
-26
-25
-31
-38
-26
-12
-2
4
3
9
-6
2
-5
-24
-39
-52
-51
-45
-27
-31
-11
-11
-17
-17
-14
-2
2
-5
-17
-21
-33
-26
-36
-24
-29
-22
-8
4
22
35
36
42
3
-27
-43
-64
-53
-46
-24
-13
-1
6
-16
-30
-19
-11
0
25
28
23
1
-14
-20
-26
-18
-26
6
2
1
1
-8
-3
-2
24
30
32
42
43
35
33
38
25
13
9
5
-12
-24
-17
-13
-9
3
21
36
36
45
54
25
31
24
11
-3
8
-4
-11
-15
2
5
13
21
22
15
5
1
-20
-19
-24
-9
1
7
26
7
4
2
-3
-16
-7
-6
-6
-2
-1
3
-6
-20
-20
-12
-5
18
21
24
15
9
-17
-39
-38
-29
-18
-3
2
6
-14
-15
-17
-14
-15
7
22
19
12
11
-1
-37
-19
-34
-37
-20
-24
-6
-10
10
17
25
28
13
25
9
5
14
22
11
24
33
35
10
5
-3
-2
6
25
39
19
33
19
14
1
12
19
17
25
31
41
30
39
31
23
18
16
-11
-23
-24
-45
-29
-30
-21
-21
-22
-20
-32
-36
-38
-29
-23
-39
-30
-22
-28
-20
-31
-35
-50
-53
-51
-48
-30
-16
1
-10
-14
-29
-43
-42
-46
-18
-3
24
9
-4
-22
-43
-57
-53
-30
-17
11
28
36
12
12
-13
-15
-19
-7
14
27
39
31
29
22
4
-8
-8
-27
-8
22
61
70
71
74
62
48
33
32
39
48
37
36
44
27
18
17
33
32
46
70
77
88
82
83
64
45
19
7
-5
-12
-10
5
29
20
22
16
5
-10
-17
-5
-9
-11
-1
-2
4
-29
-36
-46
-63
-83
-68
-73
-82
-64
-64
-63
-59
-59
-44
-37
-22
-3
-16
-18
-39
-47
-69
-59
-52
-46
-36
-39
-30
-37
-32
-32
-39
-30
-10
-9
5
-2
-1
-2
1
10
6
20
11
2
-4
-6
2
-6
15
3
10
15
11
7
6
8
20
42
38
44
25
8
-2
-12
16
12
39
31
39
42
35
58
46
52
44
35
3
5
6
1
22
29
54
50
41
47
37
25
25
31
30
20
23
22
6
17
20
20
23
21
15
9
2
-11
-6
-13
-15
-36
-34
-45
-55
-38
-30
-29
7
-10
-20
-21
-27
-35
-44
-26
-44
-45
-54
-70
-83
-80
-80
-67
-46
-41
-26
-7
3
16
-1
12
1
-14
-23
-21
-8
-30
-22
-22
-9
-3
13
37
50
61
58
61
74
70
66
75
64
70
47
41
36
11
21
39
51
55
54
45
37
33
20
17
18
8
10
21
22
27
15
9
-7
-42
-53
-46
-59
-48
-30
-26
-37
-52
-55
-70
-66
-67
-42
-32
-25
-39
-40
-62
-76
-81
-87
-68
-54
-37
-35
-39
-42
-43
-37
-39
-32
-19
-31
-36
-29
-28
-20
-8
20
30
32
29
17
2
0
16
34
62
70
77
62
40
34
33
36
50
54
65
59
56
56
44
42
58
60
57
63
49
43
23
26
11
25
46
52
66
53
47
31
13
-4
6
7
-15
-15
-19
-15
-20
3
19
21
32
19
-1
-17
-28
-33
-16
-13
-19
-11
-12
-21
-36
-36
-24
-44
-28
-34
-34
-54
-50
-48
-46
-50
-28
-47
-53
-44
-56
-36
-35
-36
-40
-41
-55
-42
-47
-53
-52
-42
-32
-38
-18
-17
-8
-28
-37
-28
-39
-31
-18
-6
18
41
28
23
15
-1
6
12
28
26
31
32
21
16
21
30
26
33
26
43
44
45
61
63
68
61
60
57
54
52
44
44
64
59
52
45
31
35
24
43
63
60
83
77
66
43
15
2
-4
8
3
9
25
13
-10
-4
-24
-32
-47
-45
-36
-42
-36
-40
-44
-41
-35
-30
-31
-28
-42
-42
-44
-60
-52
-67
-65
-66
-87
-83
-88
-82
-67
-58
-27
-15
-15
-27
-41
-75
-88
-79
-62
-42
-30
-20
-39
-59
-68
-76
-49
-43
-11
22
25
26
25
13
5
-1
-2
26
16
39
35
47
52
45
51
52
58
69
83
81
95
89
91
81
76
72
71
75
93
100
103
109
78
59
28
36
16
25
59
60
73
76
59
30
4
-19
-20
-4
9
19
28
19
-8
-21
-56
-64
-73
-69
-67
-47
-42
-38
-18
-39
-43
-60
-80
-97
-98
-105
-91
-75
-70
-53
-43
-45
-52
-51
-43
-50
-55
-48
-41
-39
-27
-14
-30
-32
-37
-42
-48
-26
-8
-9
0
3
6
-11
-6
-4
17
26
26
34
13
21
13
17
35
30
52
57
41
33
27
-3
-6
0
0
5
18
36
35
48
50
51
46
33
38
36
41
38
39
28
31
22
13
12
6
27
31
39
42
49
37
39
22
7
19
21
25
36
45
28
18
13
3
-16
-3
10
-6
11
4
-5
-12
-19
-19
-9
4
13
11
-16
-37
-47
-59
-66
-41
-34
-7
2
1
1
-21
-32
-34
-46
-47
-33
-26
-26
-30
-33
-43
-49
-57
-66
-55
-47
-32
-27
-18
-4
-17
-12
-13
-8
-10
-17
-8
-19
-35
-31
-40
-51
-50
-28
-22
-14
12
10
29
33
35
40
15
5
-1
0
3
2
13
25
27
21
26
16
25
35
37
43
50
41
41
26
22
15
4
18
-5
-4
-9
-3
-4
7
13
11
0
14
11
13
1
-6
1
-22
-13
-23
-11
-17
-7
16
9
21
29
24
11
8
14
22
25
31
22
20
14
4
7
7
18
17
28
30
33
37
35
21
22
8
-5
5
-12
-11
-10
2
1
17
22
14
20
8
17
8
1
4
-6
-13
-7
-5
3
5
-2
-7
-10
-13
-20
-13
-4
-25
-26
-31
-20
-26
-19
-2
-12
-5
-30
-28
-54
-51
-54
-45
-39
-24
-18
-24
-19
-29
-4
-8
9
3
-12
-19
-26
-29
-20
-8
0
14
10
-1
-7
5
-5
12
11
20
22
13
12
12
1
9
11
-1
12
3
2
-9
-13
-11
-11
-24
-20
-15
-11
-11
-4
8
1
-1
-11
-16
-31
-30
-37
-40
-31
-35
-9
-11
-9
16
2
11
10
14
24
5
21
12
-14
-4
-22
-8
-2
17
30
30
43
37
41
30
32
34
28
28
22
24
12
17
19
37
28
14
21
13
20
17
42
45
51
47
54
53
33
31
15
11
26
17
18
21
12
9
13
13
13
11
9
8
0
15
16
6
13
6
0
-5
-9
-6
-12
-8
-9
-21
-28
-27
-31
-35
-43
-39
-33
-35
-34
-42
-28
-43
-40
-54
-41
-24
-31
-26
-31
-47
-54
-46
-51
-28
-29
-37
-35
-46
-50
-55
-29
-29
-22
-3
-6
-3
-28
-28
-34
-28
-30
-21
-12
-18
-5
2
14
2
3
-3
-1
6
18
25
33
47
39
38
22
12
12
17
28
36
48
53
53
41
36
21
23
22
24
28
27
38
29
31
14
7
-4
-6
-4
1
7
22
20
25
19
17
11
-8
1
-16
-14
1
14
15
19
28
7
-4
-20
-36
-33
-24
-11
10
22
18
18
14
4
8
6
9
13
13
-2
-11
-11
-11
-3
2
23
20
14
20
23
25
24
35
38
35
16
10
-11
-21
-22
-23
-22
-15
10
1
11
12
10
-1
-21
-33
-30
-34
-25
-15
-16
-22
-23
-36
-48
-34
-32
-31
-16
-6
-33
-28
-44
-57
-63
-54
-50
-24
-5
7
0
1
-11
-22
-34
-31
-31
-14
-1
-4
1
1
-4
2
18
14
29
10
22
17
1
14
8
24
26
22
19
22
22
18
28
31
23
13
-5
-13
-4
18
41
65
72
48
52
24
1
-27
-18
-8
4
12
18
12
-13
-17
-18
-2
-5
12
25
21
15
7
-27
-38
-27
-29
-19
-5
2
1
-8
-11
-28
-18
-20
-9
8
25
22
27
32
17
20
21
15
7
0
-9
-5
5
19
19
43
33
12
14
15
-12
-9
-4
-8
5
18
30
23
14
-4
-8
-24
-24
-33
-21
-10
5
12
-6
-11
-22
-32
-32
-20
-14
-5
-10
-3
-17
-21
-25
-16
-21
11
24
13
8
12
-7
-26
-23
-32
-19
-19
2
-11
-30
-39
-35
-52
-22
-23
-2
-5
-5
-4
-21
-34
-48
-36
-53
-21
-14
-5
-19
-28
-36
-39
-24
-10
11
16
33
31
26
29
0
1
-1
17
26
21
17
33
27
24
34
38
51
48
60
67
73
53
51
56
20
30
24
14
26
32
39
50
45
40
36
37
46
38
38
35
27
7
7
-14
-22
-18
-14
-5
1
11
5
0
-5
-10
-21
-29
-29
-41
-38
-49
-41
-38
-41
-34
-39
-40
-43
-47
-44
-41
-36
-23
-25
-27
-28
-26
-39
-31
-32
-17
-26
-25
-8
-5
-10
-26
-13
-13
-9
-2
-1
-8
-13
-12
-11
9
18
14
31
32
36
29
8
9
1
-15
0
4
4
7
2
7
1
-3
5
9
-3
20
19
14
34
22
18
20
20
10
3
-4
-16
-16
-7
8
11
8
10
-9
-17
-33
-20
-34
-24
-14
-13
4
0
5
2
8
6
-12
1
-4
0
19
33
33
22
1
-1
-11
-14
5
18
20
23
24
13
10
20
26
27
46
52
36
27
10
-2
9
-7
27
16
17
16
4
10
-3
8
-4
-5
-10
-15
-27
-30
-21
-2
-2
9
23
1
-8
-31
-39
-40
-32
-24
-10
-23
-12
-9
-22
-10
3
13
13
10
14
0
-20
-21
-14
-8
-10
-1
-14
-13
-23
-19
-27
-3
-2
9
37
30
48
44
37
28
25
4
8
3
-15
-7
-8
-4
-3
4
4
6
10
-4
15
6
5
22
8
4
-14
-10
-20
-23
-35
-33
-28
-52
-38
-34
-31
-35
-20
-24
-39
-45
-51
-42
-51
-31
-42
-31
-37
-50
-38
-38
-22
-15
3
7
12
32
30
26
38
40
28
36
29
34
18
15
15
7
14
22
34
35
54
44
49
45
49
51
48
52
34
32
9
-10
-11
-5
-13
13
30
29
41
45
42
32
26
18
9
12
20
0
-5
-16
-33
-23
-19
-8
12
27
25
29
23
-3
2
-16
-17
-19
3
-13
-12
-26
-42
-40
-43
-36
-33
-28
-16
-4
-3
-13
-13
-22
-41
-22
-13
-13
-14
-20
-30
-23
-33
-26
-25
-18
-26
-22
-14
-19
-17
-23
-12
-9
6
1
-2
-1
-19
-10
10
4
6
8
-2
0
0
5
10
36
27
25
33
19
21
16
13
14
18
18
19
29
19
30
48
47
46
42
30
20
-11
-13
-12
-8
-15
-4
6
8
10
9
11
-12
-10
-14
-26
-31
-20
-16
-26
-21
-12
-20
-20
-10
-20
-29
-32
-31
-36
-37
-41
-29
-36
-25
-19
-9
-5
-12
9
-8
-10
-12
-17
-17
-18
-7
-15
1
-12
3
4
18
31
50
59
39
47
20
22
12
17
9
16
23
22
27
31
30
20
31
32
51
43
53
43
40
36
32
31
24
18
17
20
12
13
12
-5
-1
-8
-1
9
14
20
5
10
-14
-40
-47
-44
-58
-32
-4
-9
2
-2
-13
-19
-34
-48
-35
-42
-35
-45
-33
-44
-61
-42
-48
-38
-39
-27
-16
-15
-14
-19
-30
-21
-30
-17
-14
-20
-20
-28
-16
-38
-24
-16
-6
18
16
24
11
-5
-6
-22
-12
-11
-4
10
7
32
27
33
28
39
41
35
42
33
34
18
24
34
32
37
51
42
35
38
30
44
37
50
49
59
46
33
26
16
10
4
16
11
11
5
-11
-24
-20
-20
-5
9
22
36
29
27
3
-9
-18
-17
-15
-16
-9
-12
-26
-39
-43
-46
-28
-28
-16
-7
4
5
-15
-16
-27
-44
-39
-38
-29
-27
-17
-16
-15
-32
-31
-31
-32
-18
-14
-3
-7
-14
-21
-7
-6
-3
-1
-6
6
0
4
-11
-18
-29
-38
-23
-17
1
14
16
29
18
29
15
8
-1
4
4
-11
-8
-16
-21
-32
-1
-8
-1
20
18
11
18
19
5
-4
-8
-4
-12
-5
-18
-5
6
13
15
23
11
-2
10
0
12
23
27
16
9
-4
-13
-12
-12
6
18
29
33
39
28
17
15
15
20
27
41
39
33
29
21
16
11
25
22
23
39
25
16
17
-3
1
13
21
42
46
47
40
22
15
-1
-13
-8
-7
-18
-8
-10
-2
-21
-15
-11
-18
-14
-17
-9
-18
-12
-26
-41
-44
-53
-54
-48
-29
-19
0
-3
-17
-28
-47
-30
-23
-13
4
0
8
-5
-14
-31
-38
-52
-36
-34
-21
-13
-16
-8
-28
-9
-15
2
-8
-10
-20
-16
-33
-19
-16
-17
-9
2
11
-3
-12
-26
-15
-25
-5
-2
17
14
14
14
-4
-11
-6
-12
-2
10
28
32
50
43
32
35
15
22
16
19
27
22
31
22
21
11
11
11
25
42
46
57
41
14
12
5
12
11
32
22
18
32
20
7
5
8
5
16
15
20
6
10
8
-3
8
7
11
1
15
1
0
-5
-12
-12
-20
-21
-24
-18
-37
-39
-46
-41
-32
-32
-7
-10
-1
-13
-15
-31
-28
-14
-23
-14
-12
1
-15
5
-5
3
3
4
-5
-7
-16
-22
-14
0
7
23
33
27
27
7
0
-25
-7
-9
-3
25
7
9
6
-10
-18
-8
-9
-2
13
10
11
-2
-8
-12
2
6
8
7
5
5
-8
1
4
8
24
33
23
24
5
2
-1
-7
0
0
-8
-21
-14
-20
-18
-7
-4
11
12
8
-4
-17
-26
-47
-36
-24
-21
-29
-23
-35
-42
-38
-48
-37
-41
-30
-22
-14
-25
-7
-17
-20
-14
-15
-12
-19
1
4
5
-4
-10
-15
-23
-12
8
20
27
33
48
51
62
57
74
70
64
61
42
37
25
28
28
50
60
68
64
56
58
46
47
45
70
64
61
54
49
30
26
30
18
10
-1
3
-20
-25
-34
-35
-34
-28
-8
1
5
-10
-31
-50
-55
-73
-77
-63
-53
-51
-50
-40
-59
-57
-59
-54
-44
-44
-31
-33
-37
-50
-55
-43
-35
-31
-4
-9
0
0
-3
-1
0
-1
-1
2
5
-9
-11
-16
-29
-10
9
11
15
31
37
25
12
0
-11
-17
-4
-10
-7
-7
-11
-10
2
11
12
13
12
21
13
18
23
28
37
41
43
27
15
6
-8
-8
5
18
31
54
58
56
38
28
23
31
28
41
55
48
46
25
24
8
7
1
17
9
3
15
8
7
-5
-10
-28
-30
-29
-24
-32
-35
-34
-36
-50
-50
-48
-46
-41
-34
-22
-30
-42
-51
-57
-68
-49
-60
-43
-41
-38
-33
-30
-29
-42
-34
-11
-12
-10
-5
-6
-4
-12
4
9
27
34
40
52
44
30
22
28
20
24
43
32
38
46
53
57
51
47
44
41
37
22
22
24
28
29
21
30
14
7
-5
1
-9
-1
14
11
29
15
3
-10
-10
-25
-25
-21
-27
-24
-20
-27
-25
-8
-9
-2
2
-7
1
9
-7
6
2
4
13
13
15
0
-4
3
-3
-2
9
-1
-2
8
9
0
6
12
1
7
6
11
-3
0
-16
-24
-18
-24
-20
-25
-23
-22
-18
-32
-29
-45
-33
-29
-18
-4
-6
-9
-20
-28
-55
-38
-53
-37
-33
-22
-15
-8
1
-14
-15
-31
-24
-28
-16
-7
3
7
19
25
23
19
30
27
20
44
31
37
36
40
29
32
34
25
33
34
32
24
20
20
32
31
30
38
32
18
30
11
4
-9
-17
-25
-24
-15
-4
18
11
8
6
-1
-17
-20
-20
-23
-9
-7
-6
-11
-18
-19
-10
-17
-7
-20
6
-9
-14
-5
-12
-2
1
3
-11
-20
-16
-25
-28
-17
-25
2
7
22
11
15
-15
-25
-25
-33
-23
-11
-1
-11
-4
-9
-8
-1
15
8
21
14
8
-9
-6
-8
4
10
16
16
8
8
-9
-9
8
15
31
40
35
29
21
19
12
24
26
17
8
12
1
-11
-3
8
5
19
19
15
18
0
11
16
11
20
18
-1
0
-6
-18
-19
-15
-9
-2
1
7
-8
-12
-13
5
2
1
12
-5
3
-21
-4
-30
-27
-28
-26
-35
-33
-11
-18
-10
-26
-32
-29
-25
-15
-2
-7
-19
-23
-23
-26
-30
-29
-10
-5
20
22
17
9
3
-2
5
15
16
21
17
19
17
6
12
10
13
22
23
28
21
22
31
41
31
34
31
5
-4
-12
-29
-27
-3
8
16
28
28
20
-2
3
5
2
5
-1
-3
-29
-39
-46
-64
-55
-59
-35
-11
-11
4
5
-11
-18
-11
-7
2
-5
1
-16
-24
-11
-24
-20
-25
-15
-15
-14
-15
-24
-18
-21
-8
5
27
32
37
31
26
11
-10
-2
-2
13
12
6
16
22
17
27
39
43
50
50
33
38
17
12
6
-3
7
16
22
14
13
4
-4
1
-1
11
18
19
29
20
-6
-18
-24
-27
-27
-6
-2
12
6
-2
-2
1
-3
-12
-6
-20
-11
-20
-6
13
9
22
17
9
-12
-9
-6
-9
6
22
12
8
4
-6
-9
-7
-4
12
15
9
13
15
-1
1
-12
-16
-25
-38
-28
-25
-12
-4
14
11
7
10
6
-1
-17
-21
-24
-34
-28
-29
-20
-18
-12
-8
-24
-29
-32
-25
-33
-12
-16
-20
-24
-37
-39
-45
-28
-21
-16
-9
-24
-14
-27
-21
4
-7
-2
-10
-14
-10
-8
17
18
30
30
8
-2
-2
-8
6
15
20
34
33
46
30
45
33
28
26
28
22
27
38
32
36
29
26
18
17
15
30
36
45
55
69
51
38
29
5
10
-3
21
16
16
4
-15
-28
-39
-24
-24
-3
18
21
20
27
14
-5
-13
-24
-18
-20
-19
-18
-19
-20
-12
-13
-20
-18
-26
-15
-22
-26
-19
-23
-19
-15
-3
3
-2
9
5
-2
-3
-25
-28
-28
-25
-13
-2
12
-5
-9
-13
-28
-33
-15
0
5
26
32
17
3
2
-31
-23
-18
-16
3
-1
-3
-11
2
-18
-11
-6
3
12
10
26
5
4
-11
-26
-25
-47
-40
-23
-8
3
20
18
13
-2
-18
-24
-20
-9
-4
26
29
28
6
20
10
12
6
-2
13
5
10
7
19
-7
-4
14
10
14
32
32
38
29
12
15
11
2
-4
10
9
12
20
15
5
-1
0
-2
-2
-2
-4
-8
0
-4
-20
-19
-9
-14
-5
4
-11
-9
-27
-43
-38
-40
-24
-1
9
16
22
28
18
20
21
18
17
19
0
-9
-19
-24
-40
-23
8
11
43
32
43
26
13
8
-5
0
-3
6
-6
-4
-14
-21
-33
-26
-29
-15
-10
13
19
22
34
31
12
-2
-23
-29
-34
-30
-17
0
4
2
13
6
-9
-7
-6
-1
1
10
17
