0
0
-1
0
0
0
0
-1
0
0
0
0
0
0
0
0
0
0
0
0
0
0
-1
0
0
0
0
0
0
0
0
0
1
0
-1
0
0
0
0
0
0
0
0
0
0
0
0
0
0
0
0
0
0
0
-1
0
0
0
0
0
0
0
0
0
0
0
0
0
1
0
0
0
0
0
0
0
1
0
0
0
1
1
0
0
0
-1
1
1
0
0
0
0
0
0
0
1
0
0
0
1
0
0
0
0
0
-1
0
0
0
0
0
0
0
0
0
0
-1
-1
-1
0
0
0
0
-1
0
0
0
0
0
0
0
0
0
1
0
1
0
0
0
0
0
0
1
-1
0
1
-1
0
0
0
0
0
0
0
-1
0
0
0
-1
0
-1
0
0
0
0
0
-1
0
0
0
0
0
0
-1
0
0
0
0
0
0
0
0
-1
-1
0
0
0
0
0
1
0
0
0
0
0
-1
0
0
0
0
0
0
0
0
0
1
0
1
0
0
1
-1
1
0
0
0
-1
-1
0
0
0
-1
0
-1
0
0
0
-1
0
0
0
0
1
0
0
0
0
0
0
1
0
1
0
0
0
0
0
0
1
0
0
0
1
1
0
0
0
0
0
0
0
0
-1
1
0
0
0
0
0
0
0
1
0
0
-1
0
0
0
-1
-1
0
0
1
0
-1
0
0
0
0
0
0
-1
-1
0
0
-1
1
0
1
0
0
0
0
0
0
1
0
0
0
-1
0
0
0
0
0
1
-1
0
0
0
0
0
0
0
0
0
1
0
0
0
0
0
0
-1
0
0
-1
0
0
-1
0
0
0
0
0
0
0
0
1
0
0
-1
1
0
0
-1
-1
0
0
0
1
-1
0
0
0
-1
1
0
0
0
1
-1
0
0
0
0
0
0
0
0
0
0
0
-1
0
0
0
0
0
0
0
0
0
0
1
-1
0
0
-1
1
0
0
0
0
0
0
0
0
0
0
0
0
0
0
-1
0
0
0
0
0
0
0
-1
0
0
0
-1
0
0
-1
-1
0
0
0
0
0
1
1
-1
0
-1
0
0
0
0
0
0
0
0
1
0
0
0
0
-1
1
0
0
1
0
0
0
0
0
1
1
0
0
0
0
0
-1
0
-1
1
0
1
0
0
1
0
0
1
0
0
0
1
-1
-1
1
0
0
0
-1
0
0
1
0
0
0
0
0
0
-1
0
0
0
-1
0
0
1
1
-1
0
0
0
0
0
0
0
0
0
-1
1
0
0
1
0
0
0
0
1
-1
0
0
0
0
-1
1
0
0
-1
0
0
0
0
0
-1
0
-1
1
0
0
1
0
0
0
0
0
0
0
0
-1
0
0
0
1
0
1
0
0
0
0
-1
0
0
1
1
0
0
0
-1
-1
0
0
0
-1
0
0
1
0
1
0
0
1
0
0
1
0
0
0
0
0
0
0
0
0
0
0
-1
1
0
0
0
0
0
0
0
0
0
0
-1
0
-1
0
0
0
0
0
-1
0
0
0
1
0
0
0
0
0
0
0
0
0
-1
1
1
-1
0
0
0
0
0
0
0
0
0
0
0
0
0
-1
0
0
0
0
0
0
0
0
-1
0
0
0
0
-1
0
-1
0
0
0
0
0
-1
0
0
-1
0
0
0
1
0
0
0
0
0
0
1
0
0
0
0
0
1
0
0
0
1
1
0
0
0
0
0
0
0
0
1
1
1
0
0
-1
0
0
0
-1
-1
0
0
0
0
0
0
0
0
0
0
0
0
0
0
0
0
0
0
0
0
0
1
1
1
0
-1
0
0
0
0
0
0
1
-1
-1
0
0
0
0
0
1
0
-1
0
0
0
0
0
0
0
0
-1
0
0
0
0
1
0
0
0
0
0
-1
1
1
0
0
0
0
1
0
0
0
0
0
0
0
0
0
0
0
0
1
0
0
0
0
0
0
1
0
0
0
0
0
0
0
0
0
0
1
0
-1
0
0
0
0
-1
0
0
0
0
0
0
-1
0
0
-1
0
0
0
-1
1
0
0
0
0
0
0
0
0
0
0
0
0
0
-1
0
-1
0
0
0
0
0
0
0
0
0
1
0
0
0
0
0
0
0
0
0
0
0
1
0
0
0
0
0
0
0
0
0
-1
0
0
1
0
0
0
0
0
0
0
1
0
0
0
0
0
0
-1
0
1
0
0
0
0
0
0
0
0
-1
0
0
0
0
0
0
0
0
1
0
-1
0
1
0
0
-1
0
0
0
0
-1
0
0
0
0
1
0
0
0
0
0
0
0
0
-1
0
0
0
0
0
0
0
0
0
1
0
0
0
0
0
1
0
0
1
0
1
-1
0
0
0
0
0
0
0
0
-1
0
-1
-1
0
0
0
0
0
0
0
0
0
0
-1
0
-1
0
0
0
0
0
0
-1
0
0
0
0
0
0
0
0
0
0
0
0
0
0
0
0
0
1
1
0
-1
0
0
0
0
0
0
0
0
0
0
0
0
0
0
0
0
1
0
0
0
0
0
1
0
0
0
0
0
0
0
-1
-1
0
0
0
0
0
-1
-1
0
0
0
-1
1
0
0
-1
0
0
0
0
0
0
0
0
0
0
0
0
0
0
0
0
1
0
0
-1
0
0
0
0
0
0
1
0
0
-1
-1
0
0
0
0
-1
0
0
0
0
0
1
0
0
1
0
1
0
0
0
0
0
0
-1
0
0
0
0
0
0
1
0
0
0
0
0
0
-1
-1
0
-1
0
0
0
0
0
0
0
0
0
0
0
0
0
0
-1
0
0
0
0
1
0
0
0
0
0
0
0
0
0
0
-1
1
-1
0
0
0
0
0
0
0
0
1
0
1
0
0
0
1
-1
0
0
0
0
0
0
0
0
0
0
-1
0
0
0
0
1
1
0
1
0
0
0
0
0
0
0
0
0
0
-1
-1
-1
-1
0
0
0
0
0
-1
0
0
0
0
0
-1
0
-1
0
1
0
0
1
0
0
-1
0
-1
0
0
0
-1
0
1
-1
0
0
0
0
-1
0
1
0
-1
1
1
0
1
-1
0
0
1
0
0
-1
1
0
0
1
0
0
0
0
1
0
0
0
0
1
0
-1
0
-1
0
1
0
1
-1
0
1
0
0
0
0
0
-1
0
0
0
0
0
0
0
0
0
0
-1
0
1
0
1
0
-1
0
0
1
0
0
0
0
0
0
-1
0
-1
0
0
0
0
0
0
0
1
0
1
0
0
0
0
0
-1
0
0
0
0
0
-1
0
0
0
0
0
0
1
0
0
0
0
1
0
0
0
0
0
0
0
0
0
-1
0
1
0
0
0
0
0
0
0
0
0
0
0
0
0
0
0
-1
1
0
0
0
-1
0
0
0
1
0
0
0
-1
0
0
0
0
1
1
0
1
0
0
-1
0
-1
0
0
0
0
0
0
0
0
0
0
0
0
0
1
0
0
0
0
0
0
0
0
0
0
0
0
0
0
0
0
0
0
1
0
0
0
1
0
0
0
0
0
0
0
0
1
1
0
0
1
0
0
0
0
0
1
0
0
-1
1
0
-1
-1
0
0
0
0
0
1
0
1
0
0
0
1
0
-1
0
-1
0
0
-1
0
0
0
-1
0
0
0
0
0
0
0
0
1
-1
0
0
0
0
-1
0
0
0
0
0
1
0
0
0
0
0
0
0
0
1
1
0
0
0
0
0
0
0
0
0
1
0
-1
0
0
0
0
0
0
0
0
0
0
1
0
1
0
1
0
0
0
0
0
0
0
0
0
0
0
0
-1
0
0
0
-1
0
-1
0
0
0
0
0
0
0
0
1
-1
-1
-1
-2
-1
0
1
1
1
0
1
1
0
0
0
0
1
1
1
0
1
1
1
1
0
1
1
0
1
1
0
0
0
0
0
-1
0
-1
0
-1
0
-1
-1
-1
-1
0
-1
-1
-1
0
-1
-1
-1
-1
-1
-1
-1
-1
-1
-1
0
-1
-1
0
0
-1
0
-1
-1
-1
-1
0
0
1
1
0
0
1
-1
1
1
1
0
0
1
1
1
1
1
1
1
1
0
1
1
1
1
1
1
1
1
1
1
1
1
1
1
1
0
0
0
1
0
0
1
1
1
1
0
0
0
0
0
0
-1
0
-1
-1
-1
-1
-1
-1
0
-1
-1
-1
0
-1
-1
0
0
-1
-1
-1
0
0
-1
0
-1
-1
0
0
0
-1
-1
-1
0
0
0
0
0
0
-1
0
0
-1
-1
0
-1
-1
-1
0
0
0
-1
0
-1
-1
-2
0
0
0
0
-1
-1
-1
0
0
0
0
0
0
0
0
0
1
0
0
0
1
0
1
0
0
0
0
1
1
1
1
1
0
0
1
1
1
1
1
2
1
1
1
0
1
2
1
1
1
1
1
1
1
1
1
1
0
1
0
0
1
1
1
1
1
0
0
0
0
0
0
1
0
0
0
0
1
0
0
0
0
-1
0
-1
-2
-1
-2
-1
0
0
-1
0
0
-1
-1
-2
-1
-2
-2
-3
-2
-3
-2
-2
-2
-1
-1
-2
-2
-1
-1
-1
-2
-1
-1
-1
-1
-3
-1
-1
-1
-2
-1
-2
-1
0
0
0
-1
1
1
0
0
-1
-1
0
1
1
2
2
2
3
3
4
4
3
3
1
0
0
0
1
2
3
3
4
3
4
3
3
3
5
4
4
4
4
1
3
2
1
2
1
2
0
0
0
0
2
2
0
1
-1
-4
-7
-10
-11
-12
-9
-9
-5
-2
-3
-3
-5
-7
-9
-6
-6
-9
-8
-10
-10
-11
-9
-8
-4
-1
1
0
1
0
-5
-10
-8
-10
-2
-4
0
2
3
8
5
3
1
4
2
7
1
6
-5
-5
-2
-15
-13
-9
-5
-3
1
4
-7
-7
-5
-15
-23
-12
-17
-17
-3
-14
-15
-16
-3
15
25
40
48
44
35
24
18
14
16
24
32
45
47
63
63
88
123
120
145
124
120
91
78
66
38
46
67
62
88
96
86
42
19
-26
-60
-62
-64
-64
-55
-46
-58
-72
-111
-115
-153
-137
-142
-141
-143
-153
-176
-192
-187
-193
-159
-151
-135
-113
-127
-112
-107
-118
-106
-84
-61
-33
-18
0
9
12
-6
21
26
39
17
23
46
29
68
70
80
76
106
122
147
158
156
139
102
113
95
98
92
102
84
104
88
78
101
79
84
101
111
104
78
50
12
-25
-35
-44
-51
-53
-61
-47
-71
-68
-72
-93
-90
-66
-62
-48
-58
-62
-72
-77
-72
-64
-52
-42
-38
-46
-58
-58
-67
-91
-69
-52
-35
-13
12
16
51
39
75
64
57
72
68
80
65
82
66
63
90
85
93
110
139
132
124
131
110
109
91
106
117
116
127
102
101
52
13
11
4
-5
27
41
40
12
-11
0
1
4
24
18
-8
-42
-62
-88
-121
-115
-121
-136
-122
-111
-120
-110
-115
-80
-92
-96
-123
-147
-166
-185
-184
-206
-208
-247
-229
-237
-214
-188
-169
-142
-115
-105
-113
-107
-109
-102
-65
-46
-34
-32
-34
-25
-33
-25
-10
2
30
66
64
61
28
32
38
54
89
101
123
111
135
119
144
186
181
175
163
128
116
108
119
149
167
179
185
180
151
109
98
93
83
96
119
104
88
106
66
46
64
80
84
105
151
138
130
100
75
47
13
21
39
64
61
87
64
68
55
26
10
-5
-16
-18
8
-7
2
-23
-41
-85
-87
-85
-78
-66
-74
-70
-93
-77
-94
-109
-102
-124
-132
-141
-158
-175
-181
-184
-170
-174
-155
-171
-142
-143
-131
-100
-104
-97
-124
-122
-168
-157
-146
-132
-114
-81
-80
-72
-70
-63
-48
-58
-42
-15
24
25
46
48
51
49
78
66
65
52
35
11
-35
-33
-32
12
23
44
47
45
41
7
-41
-27
-16
-6
27
31
32
25
9
19
32
37
70
70
78
74
74
54
76
55
71
103
110
104
78
55
10
-17
-31
-15
1
55
101
140
154
160
134
117
93
96
106
122
144
130
133
102
120
107
109
98
95
84
74
80
78
93
97
103
90
81
72
39
34
23
18
14
21
11
-4
-28
-36
-51
-66
-80
-80
-95
-105
-103
-96
-97
-93
-94
-107
-121
-144
-134
-141
-128
-153
-132
-141
-167
-167
-186
-180
-194
-159
-164
-147
-131
-129
-133
-159
-120
-136
-138
-103
-95
-69
-43
-33
-25
-30
-54
-38
-32
-18
0
5
44
18
28
5
-18
-17
-16
27
15
31
31
12
11
7
11
10
37
51
54
40
45
34
44
48
69
91
118
122
121
124
117
134
107
114
93
99
92
94
93
75
80
91
103
112
101
97
81
74
67
71
54
49
41
20
-8
-33
-4
-11
23
33
52
49
40
2
3
-36
-41
-21
-5
35
19
50
52
63
45
30
42
61
50
59
88
60
68
47
62
49
59
34
15
-14
-24
-19
-16
-10
-29
-33
-50
-33
-62
-82
-74
-101
-103
-113
-129
-147
-166
-172
-186
-185
-181
-182
-160
-177
-146
-163
-168
-141
-138
-127
-120
-84
-81
-85
-98
-97
-119
-115
-106
-69
-72
-37
-6
-13
-24
-32
-12
-3
6
9
18
8
20
33
17
22
16
28
47
39
60
72
98
107
118
148
143
161
128
131
131
102
98
89
96
83
81
79
66
71
61
73
76
91
87
82
64
52
37
-3
0
10
43
51
80
90
92
102
94
118
93
122
109
109
90
68
49
59
46
49
77
80
90
106
94
80
87
82
57
38
54
34
26
15
8
-20
-49
-55
-74
-99
-93
-77
-80
-93
-93
-114
-141
-138
-157
-152
-163
-191
-193
-222
-225
-221
-222
-208
-196
-197
-213
-224
-227
-226
-183
-164
-119
-106
-95
-106
-104
-96
-115
-96
-85
-91
-104
-98
-118
-135
-111
-68
-61
-37
-11
-15
-17
0
9
21
27
34
52
73
77
93
126
127
142
153
161
173
165
181
191
193
219
231
255
242
232
223
217
200
186
191
196
215
214
240
250
242
255
225
206
173
166
140
103
108
82
82
72
69
74
38
53
15
-15
-37
-84
-98
-128
-145
-153
-148
-141
-151
-166
-145
-170
-153
-159
-148
-153
-157
-165
-200
-207
-232
-237
-255
-241
-239
-211
-211
-212
-199
-191
-167
-160
-111
-94
-72
-58
-31
-36
-21
-46
-51
-50
-42
-16
3
32
38
84
93
116
131
136
155
141
141
157
156
161
160
130
126
145
137
134
152
128
130
124
124
97
76
67
60
37
24
3
-29
-43
-67
-83
-88
-107
-116
-126
-121
-115
-124
-106
-122
-102
-115
-127
-123
-119
-128
-89
-71
-50
-57
-45
-43
-73
-73
-67
-58
-67
-32
-18
2
6
16
51
50
72
94
101
74
72
74
69
62
63
81
90
100
108
87
101
112
99
112
98
78
62
32
28
48
55
77
75
96
88
91
83
94
101
96
99
108
88
54
63
55
78
91
103
141
148
137
130
139
109
78
79
45
29
18
2
-15
-26
-50
-79
-126
-131
-120
-117
-95
-98
-99
-140
-173
-199
-224
-219
-219
-204
-198
-181
-205
-227
-265
-271
-287
-257
-241
-231
-225
-250
-251
-282
-265
-252
-227
-194
-151
-153
-131
-139
-145
-153
-146
-131
-94
-55
-20
10
55
75
81
89
114
122
140
157
190
191
211
204
218
241
246
273
266
280
309
314
321
334
334
344
335
359
348
341
342
329
333
306
270
252
203
197
163
150
153
133
125
112
110
102
77
43
22
-28
-57
-51
-45
-81
-96
-128
-163
-203
-224
-268
-262
-274
-264
-268
-269
-267
-276
-252
-265
-246
-249
-255
-285
-278
-276
-272
-243
-204
-188
-160
-164
-157
-145
-144
-135
-110
-66
-55
-29
-21
-19
-27
-27
-47
-38
-43
-23
-2
-4
1
27
44
56
105
103
112
123
102
87
76
65
68
54
86
73
69
44
18
-1
10
20
16
37
15
14
3
5
-7
-5
1
1
8
10
6
-2
-22
-24
-9
-23
12
8
-4
-15
-3
14
-7
15
15
44
46
77
95
115
155
155
184
167
169
170
160
169
179
196
242
237
272
269
269
260
250
247
236
235
223
214
213
202
177
194
180
180
178
156
132
78
45
-18
-37
-78
-112
-147
-172
-184
-221
-211
-242
-244
-290
-321
-371
-401
-415
-423
-414
-409
-400
-414
-423
-443
-455
-457
-459
-440
-434
-399
-388
-386
-378
-365
-345
-299
-269
-223
-211
-205
-182
-178
-156
-120
-64
-34
42
101
143
162
184
209
238
293
347
385
416
430
455
466
458
503
490
516
514
489
475
444
426
419
391
421
410
406
390
370
358
317
314
269
241
213
170
153
133
79
50
19
-10
-36
-61
-83
-114
-130
-154
-176
-203
-213
-218
-246
-248
-258
-280
-325
-318
-339
-380
-354
-352
-317
-315
-289
-270
-296
-306
-291
-299
-303
-277
-259
-255
-249
-233
-245
-218
-207
-170
-155
-131
-111
-116
-113
-122
-98
-84
-63
-17
23
36
56
45
65
63
80
94
121
134
141
149
161
148
160
185
197
213
218
211
211
195
178
165
177
180
188
209
203
218
203
185
170
149
133
127
135
137
143
154
167
185
155
171
127
121
112
87
93
72
93
89
73
66
35
32
23
30
39
42
53
43
16
-3
-2
-18
-23
-31
-37
-34
-49
-61
-98
-138
-160
-194
-195
-207
-214
-210
-205
-224
-228
-236
-273
-273
-303
-297
-292
-312
-296
-317
-317
-316
-315
-321
-318
-297
-275
-243
-221
-197
-181
-150
-165
-145
-143
-160
-128
-105
-80
-60
-35
-15
7
7
43
81
93
118
146
183
183
213
214
237
245
260
286
300
332
336
347
364
384
388
394
400
406
403
408
411
395
408
397
369
353
331
307
309
282
274
255
254
238
209
212
180
164
112
83
23
-27
-72
-114
-139
-159
-167
-165
-169
-216
-223
-242
-275
-305
-326
-356
-397
-413
-441
-480
-453
-466
-471
-438
-473
-456
-473
-458
-448
-430
-422
-400
-395
-375
-357
-360
-347
-321
-274
-255
-208
-180
-124
-97
-85
-33
-14
25
17
60
100
118
180
208
230
218
247
243
259
269
298
308
322
341
321
324
316
307
303
307
338
348
376
387
393
384
366
355
349
334
321
328
326
311
285
282
267
236
248
238
230
211
197
181
152
138
115
93
46
44
-9
-58
-82
-89
-117
-105
-93
-118
-138
-170
-184
-233
-250
-282
-311
-332
-353
-367
-390
-397
-420
-444
-446
-426
-428
-410
-409
-397
-393
-423
-425
-434
-421
-419
-387
-372
-353
-345
-321
-310
-293
-259
-239
-209
-170
-172
-156
-124
-120
-92
-65
-31
10
58
89
131
136
163
185
219
238
261
308
327
362
349
360
358
367
402
422
456
463
476
475
459
451
447
447
445
451
458
442
437
413
388
381
366
350
345
316
292
258
221
184
138
82
79
48
43
54
53
30
10
-18
-66
-103
-155
-181
-226
-267
-291
-302
-315
-306
-317
-311
-317
-310
-336
-342
-380
-384
-372
-399
-401
-406
-414
-428
-414
-433
-412
-390
-352
-341
-330
-290
-290
-292
-292
-269
-257
-248
-222
-198
-185
-170
-144
-135
-117
-93
-67
-14
19
48
80
109
110
115
126
147
149
191
218
214
230
249
263
252
292
298
318
340
329
306
316
297
288
318
299
332
348
368
368
369
352
311
293
273
259
245
267
254
233
187
166
149
124
104
97
94
91
75
62
12
-13
-37
-77
-119
-128
-145
-181
-189
-207
-220
-228
-231
-252
-257
-277
-306
-338
-351
-372
-365
-356
-340
-338
-352
-369
-366
-360
-343
-307
-293
-268
-261
-238
-251
-280
-296
-287
-249
-221
-184
-144
-96
-65
-54
-22
-7
-12
-4
29
23
83
76
102
108
113
140
169
211
223
250
269
278
291
308
306
344
342
387
368
408
405
415
401
411
419
404
414
398
397
388
391
337
358
342
339
325
321
294
258
225
192
165
155
129
112
91
60
17
-40
-69
-130
-147
-157
-179
-193
-207
-257
-288
-331
-351
-399
-401
-411
-432
-441
-461
-484
-520
-531
-543
-538
-520
-514
-508
-515
-502
-514
-513
-482
-438
-408
-379
-350
-353
-346
-376
-343
-334
-273
-230
-156
-131
-86
-48
-52
-26
-13
23
58
103
132
157
170
187
191
207
239
256
311
336
336
355
339
334
340
363
371
379
409
407
386
389
390
367
382
395
389
404
396
388
352
345
337
367
385
387
377
374
352
313
295
295
274
267
278
255
215
201
180
144
130
141
156
129
140
108
68
21
-25
-38
-97
-111
-113
-126
-147
-175
-203
-225
-264
-269
-274
-281
-277
-289
-307
-351
-377
-406
-460
-490
-509
-504
-511
-512
-486
-513
-520
-540
-536
-538
-542
-511
-480
-475
-478
-469
-471
-486
-491
-445
-437
-410
-365
-325
-287
-270
-248
-206
-181
-131
-82
-41
-4
40
57
86
89
110
143
198
237
271
312
349
388
405
476
498
505
520
539
522
529
537
561
566
591
596
584
577
548
532
521
508
510
510
495
494
461
448
415
375
338
312
291
302
277
252
210
190
139
106
86
52
21
12
6
-30
-55
-85
-107
-173
-171
-213
-216
-260
-271
-308
-353
-382
-395
-420
-436
-429
-432
-445
-463
-493
-527
-547
-567
-557
-560
-540
-546
-529
-535
-528
-541
-524
-509
-483
-445
-424
-392
-371
-329
-318
-279
-262
-215
-194
-152
-101
-74
-33
-10
30
35
83
112
152
195
243
291
328
352
381
402
401
429
443
476
486
505
533
549
533
536
541
526
525
538
512
511
519
492
482
453
424
415
417
393
399
361
332
313
261
224
164
157
114
94
58
18
-24
-52
-92
-140
-178
-226
-265
-305
-311
-340
-378
-388
-397
-416
-438
-460
-467
-511
-523
-548
-542
-547
-547
-551
-536
-520
-555
-515
-539
-526
-511
-488
-469
-456
-439
-421
-376
-350
-327
-289
-254
-235
-192
-164
-127
-100
-72
-38
-4
15
57
82
126
184
215
262
261
298
301
299
356
374
396
429
470
470
475
465
470
489
513
540
548
572
577
583
573
579
546
559
536
527
530
527
484
478
441
397
365
339
314
276
286
237
218
183
160
118
79
28
-4
-19
-55
-70
-102
-101
-152
-197
-213
-224
-249
-274
-284
-305
-359
-363
-398
-443
-453
-466
-485
-486
-490
-515
-529
-545
-559
-568
-571
-582
-581
-607
-615
-625
-643
-641
-619
-605
-591
-563
-533
-532
-505
-467
-448
-420
-379
-365
-327
-322
-287
-266
-223
-167
-112
-54
-11
81
100
162
190
227
278
305
356
391
429
456
476
501
499
521
563
573
629
664
703
726
732
731
707
696
668
676
651
655
655
645
637
629
615
590
565
541
517
487
466
411
398
335
294
251
189
163
111
69
28
2
-28
-64
-92
-135
-183
-225
-273
-293
-351
-376
-417
-462
-509
-546
-576
-571
-583
-598
-600
-618
-629
-675
-662
-672
-678
-665
-641
-619
-601
-594
-557
-556
-530
-509
-479
-438
-427
-381
-359
-314
-298
-223
-198
-144
-104
-68
-25
12
31
69
100
119
156
140
168
185
234
250
288
310
333
345
341
338
328
344
329
360
367
379
393
419
380
388
379
386
364
358
367
342
343
324
313
286
294
281
285
273
273
246
238
215
184
181
167
163
130
155
121
115
103
83
54
29
15
9
-8
-33
-53
-77
-91
-119
-115
-154
-160
-182
-193
-236
-251
-288
-317
-337
-345
-358
-352
-360
-373
-360
-359
-374
-370
-374
-410
-394
-398
-385
-388
-375
-379
-373
-371
-379
-350
-323
-300
-247
-228
-203
-197
-184
-162
-151
-114
-79
-43
-4
13
40
71
84
111
151
173
225
241
278
297
296
333
363
405
420
470
500
497
515
523
530
516
506
498
509
503
519
536
545
535
522
479
460
421
372
361
315
301
275
224
183
131
103
63
48
29
-7
-43
-94
-131
-172
-207
-223
-249
-296
-304
-355
-374
-407
-422
-442
-456
-444
-464
-466
-488
-493
-526
-538
-528
-527
-511
-492
-488
-503
-522
-552
-529
-507
-453
-407
-365
-360
-359
-332
-334
-333
-305
-274
-231
-192
-165
-123
-111
-103
-59
-30
-16
24
52
71
85
123
131
155
182
182
217
252
258
300
331
355
390
415
447
469
485
497
499
505
519
507
533
532
531
534
537
545
568
584
591
571
538
509
470
452
413
396
394
377
355
323
311
259
222
182
134
84
34
32
-6
-22
-43
-87
-142
-197
-243
-305
-309
-342
-365
-371
-411
-440
-466
-492
-517
-529
-537
-538
-565
-558
-583
-581
-593
-599
-577
-558
-543
-536
-519
-513
-482
-476
-459
-446
-453
-438
-412
-380
-341
-301
-252
-217
-183
-128
-120
-92
-73
-58
-32
6
71
97
130
174
187
203
241
265
292
317
350
373
401
409
427
409
422
428
463
481
493
516
516
533
510
516
501
506
478
479
445
441
426
406
395
376
388
361
343
317
308
244
208
162
101
65
26
10
-18
-30
-69
-111
-139
-170
-191
-203
-208
-226
-269
-277
-334
-386
-407
-451
-454
-465
-476
-461
-457
-459
-452
-432
-430
-436
-443
-434
-442
-428
-420
-392
-380
-361
-337
-333
-311
-287
-257
-238
-224
-199
-167
-143
-92
-68
-23
-3
23
50
50
83
112
142
177
182
203
213
211
207
271
278
319
374
402
424
437
453
420
419
407
386
374
398
393
386
394
389
379
367
376
370
361
351
329
292
278
250
215
221
191
169
143
144
99
62
42
3
-1
-21
-26
-61
-115
-142
-201
-225
-247
-265
-276
-293
-306
-331
-345
-354
-369
-378
-379
-392
-394
-418
-416
-431
-442
-447
-433
-436
-442
-436
-436
-432
-409
-395
-389
-373
-356
-330
-335
-308
-294
-279
-244
-221
-179
-159
-135
-101
-85
-61
-17
20
52
79
118
155
148
204
238
247
275
315
319
344
344
368
370
399
417
432
470
460
489
478
485
476
496
508
508
499
497
487
466
453
454
445
423
396
363
332
310
285
260
255
212
192
168
124
81
58
24
-3
-9
-67
-88
-115
-160
-200
-243
-276
-279
-291
-314
-320
-352
-368
-417
-411
-431
-442
-449
-442
-429
-447
-436
-451
-452
-470
-475
-473
-458
-444
-418
-418
-370
-336
-328
-325
-340
-317
-320
-284
-262
-231
-191
-183
-163
-137
-107
-102
-82
-48
-19
32
54
68
112
109
125
155
193
221
265
312
333
360
355
344
325
312
305
315
336
362
369
364
379
369
356
361
342
323
306
266
277
262
257
275
288
268
272
252
214
192
176
154
128
102
59
60
34
41
17
28
19
0
-32
-83
-90
-114
-118
-144
-122
-122
-114
-108
-131
-160
-187
-208
-242
-248
-268
-249
-238
-232
-230
-223
-224
-226
-248
-254
-248
-248
-231
-246
-207
-210
-201
-191
-210
-213
-203
-188
-156
-128
-133
-98
-97
-90
-68
-79
-45
-44
-46
-25
-16
2
18
25
39
65
98
94
107
106
84
91
94
120
122
143
168
173
172
173
194
160
173
178
216
234
239
246
211
162
150
113
154
143
200
205
184
201
156
111
84
71
72
104
165
184
166
125
53
27
-22
-40
-102
-98
-105
-81
-33
-32
-22
-46
-66
-98
-111
-103
-105
-103
-81
-69
-97
-149
-175
-195
-211
-186
-156
-135
-155
-155
-140
-173
-176
-171
-152
-138
-128
-129
-139
-167
-177
-160
-127
-100
-76
-51
-53
-83
-102
-103
-88
-72
-26
-2
2
11
-19
-14
-21
-26
-7
5
5
52
49
55
48
76
95
86
102
77
59
58
90
134
128
142
127
144
122
141
146
163
157
147
150
87
81
77
104
120
129
150
146
127
106
100
112
137
154
164
155
124
84
62
84
84
96
103
84
59
22
4
-10
8
38
58
92
82
85
27
-41
-69
-55
-36
-18
-9
-25
-75
-115
-149
-168
-182
-130
-93
-86
-85
-140
-191
-226
-191
-215
-216
-199
-183
-219
-244
-268
-280
-268
-237
-174
-150
-170
-232
-239
-232
-219
-205
-188
-179
-182
-164
-159
-149
-152
-127
-67
6
48
11
-17
-24
-49
-45
-20
64
143
196
207
168
147
94
97
121
194
277
342
370
381
318
257
240
207
208
208
270
335
354
354
333
308
277
238
209
203
200
202
209
232
216
218
186
163
137
113
76
30
38
41
14
-1
-25
-48
-63
-79
-86
-126
-175
-183
-205
-271
-290
-295
-299
-270
-266
-221
-197
-201
-187
-223
-250
-278
-284
-265
-245
-248
-262
-271
-302
-321
-307
-266
-264
-213
-172
-161
-141
-172
-170
-206
-167
-121
-52
3
52
26
6
-48
-77
-37
-8
51
90
148
160
157
129
112
106
109
129
172
180
212
218
210
222
241
242
261
282
258
243
250
257
236
238
238
262
257
267
258
214
172
118
112
76
85
75
105
122
132
105
89
90
65
56
21
8
-7
-52
-89
-137
-168
-138
-132
-93
-93
-86
-111
-145
-178
-222
-243
-255
-228
-200
-210
-202
-214
-266
-311
-326
-311
-317
-264
-224
-191
-178
-184
-162
-132
-105
-112
-129
-131
-148
-152
-153
-149
-106
-55
-22
33
30
18
31
24
40
121
155
188
177
183
150
132
146
125
168
180
253
272
280
296
298
317
282
258
236
216
184
195
211
245
245
226
213
183
151
115
106
87
102
86
81
82
79
82
87
84
48
15
-12
-51
-79
-100
-140
-163
-211
-212
-212
-228
-205
-195
-162
-132
-135
-163
-216
-276
-278
-271
-252
-228
-236
-207
-205
-217
-224
-232
-239
-226
-209
-202
-202
-226
-213
-202
-155
-167
-145
-136
-144
-119
-110
-56
-29
-7
23
30
-1
-4
8
13
0
41
97
141
219
244
249
255
261
198
159
140
140
186
259
317
350
358
325
291
227
191
178
198
227
285
300
318
278
243
196
166
147
151
170
163
156
139
132
97
70
51
41
5
32
41
15
-3
12
4
-61
-97
-145
-188
-238
-262
-246
-219
-193
-167
-145
-149
-187
-238
-300
-314
-319
-305
-318
-310
-306
-309
-295
-310
-304
-326
-318
-286
-220
-151
-115
-88
-93
-130
-155
-171
-164
-126
-78
-29
12
25
-7
-62
-60
-59
-16
40
90
168
187
227
205
182
189
184
202
208
231
226
274
278
273
271
241
196
193
197
167
193
205
274
293
271
218
172
108
41
39
69
125
148
181
205
175
126
70
58
19
-16
-17
11
17
-23
-31
-56
-131
-194
-214
-200
-195
-166
-101
-104
-109
-132
-158
-175
-206
-227
-218
-223
-222
-193
-153
-154
-163
-185
-182
-197
-184
-154
-142
-102
-84
-48
-13
-27
-56
-46
-93
-133
-140
-115
-75
-24
20
49
55
71
60
57
66
84
97
114
87
76
45
29
37
33
41
60
127
161
172
161
173
183
163
153
158
181
159
133
112
102
99
96
123
154
164
174
196
194
154
134
97
82
45
69
74
82
92
74
62
1
-63
-98
-98
-68
-26
-9
2
-27
-42
-63
-92
-134
-139
-146
-138
-127
-158
-201
-221
-217
-223
-202
-208
-194
-223
-243
-205
-177
-173
-165
-192
-206
-216
-244
-277
-293
-265
-236
-188
-113
-55
-46
-8
23
1
-51
-103
-61
-49
-5
9
24
57
29
39
31
70
87
116
142
183
187
226
227
233
251
232
243
222
235
235
263
254
254
272
232
198
194
205
211
255
269
273
267
234
178
120
70
49
76
107
142
134
126
98
62
33
28
42
31
30
0
-9
-22
-58
-60
-93
-94
-102
-157
-162
-212
-216
-215
-225
-193
-183
-192
-187
-200
-220
-233
-244
-233
-175
-156
-129
-134
-179
-197
-231
-267
-282
-224
-173
-163
-148
-134
-176
-192
-215
-219
-233
-181
-142
-135
-108
-96
-69
-59
-64
-64
-39
-38
-10
2
-5
18
39
70
78
106
122
134
126
121
124
80
86
95
146
204
263
302
303
299
282
267
256
270
253
276
298
312
281
276
244
227
247
260
287
274
255
236
219
176
145
132
148
160
146
122
95
38
-12
-62
-67
-57
-86
-65
-73
-90
-117
-119
-111
-134
-139
-140
-143
-178
-190
-190
-215
-279
-277
-308
-332
-375
-357
-313
-307
-274
-260
-211
-213
-248
-247
-229
-216
-188
-163
-129
-96
-108
-128
-141
-158
-171
-162
-107
-83
-70
-86
-114
-101
-91
-68
-15
51
82
99
98
66
60
51
42
79
123
120
150
134
103
73
67
83
120
182
204
249
278
244
208
175
112
107
125
160
164
178
196
210
176
150
153
177
211
200
223
208
174
133
82
86
102
110
133
137
92
51
17
-40
-62
-43
8
33
11
1
-12
-10
-12
15
32
23
27
0
-22
-82
-109
-144
-171
-151
-150
-136
-114
-94
-83
-88
-94
-101
-160
-171
-171
-171
-161
-193
-183
-174
-163
-217
-243
-250
-246
-213
-153
-104
-15
1
-21
-9
-47
-58
-90
-131
-96
-77
-109
-98
-69
-45
-62
-76
-65
-51
-44
-31
7
64
105
127
82
70
85
71
104
102
126
158
197
168
169
129
92
96
79
115
129
167
207
231
199
191
143
141
99
91
147
157
152
117
91
53
63
69
90
125
130
117
93
40
-16
-54
-88
-110
-117
-110
-94
-81
-75
-79
-58
-55
-93
-170
-183
-190
-204
-208
-172
-158
-146
-127
-125
-132
-134
-158
-155
-136
-141
-125
-118
-128
-173
-199
-172
-146
-126
-104
-76
-35
-5
26
49
61
79
54
63
95
65
53
42
45
57
66
105
126
141
159
167
188
191
186
178
197
200
193
219
216
200
193
184
136
133
113
71
100
82
102
108
140
173
172
152
134
166
119
47
-27
-68
-62
-79
-115
-79
34
4
-33
-107
-172
-153
-164
-142
-76
-14
-58
-76
-122
-165
-174
-196
-205
-213
-252
-281
-269
-250
-221
-191
-221
-177
-181
-178
-180
-172
-145
-194
-195
-177
-155
-120
-84
-64
-53
-81
-117
-117
-111
-75
-15
-3
5
7
18
79
107
112
109
115
107
117
132
144
160
145
164
209
248
280
293
265
268
279
253
230
256
261
259
313
272
219
142
117
117
130
146
143
164
148
150
145
125
108
58
4
-49
-76
-94
-102
-74
-47
-52
-8
30
-31
-142
-209
-233
-208
-196
-222
-199
-157
-147
-200
-252
-252
-303
-255
-260
-320
-301
-273
-226
-158
-128
-162
-124
-122
-161
-189
-187
-148
-106
-141
-177
-89
-50
-85
-72
-48
-46
-69
-53
-19
5
37
67
100
106
100
99
94
126
137
157
196
197
163
193
228
239
232
229
222
211
226
226
243
229
230
232
253
218
233
234
187
184
183
195
221
196
158
135
134
126
136
126
99
123
96
65
59
37
-9
-10
-54
-83
-69
-79
-87
-94
-85
-113
-109
-135
-159
-178
-213
-223
-239
-247
-245
-260
-240
-236
-229
-270
-304
-328
-352
-353
-336
-316
-327
-291
-263
-232
-236
-231
-230
-230
-242
-233
-241
-228
-168
-107
-66
-65
-35
-47
-12
-59
-41
-6
-13
24
43
51
51
34
4
29
75
147
156
195
233
226
209
188
219
214
234
251
289
300
302
291
280
301
327
375
375
346
327
315
326
313
271
256
267
254
223
242
240
245
231
207
195
169
152
124
144
179
155
151
118
61
6
-20
-19
-36
-81
-81
-173
-159
-209
-229
-230
-233
-201
-193
-210
-248
-271
-317
-307
-343
-338
-340
-353
-340
-333
-360
-356
-342
-358
-373
-330
-319
-310
-266
-272
-272
-274
-294
-294
-298
-270
-222
-202
-186
-169
-147
-164
-152
-117
-85
-55
-7
33
72
80
111
100
119
142
156
157
161
188
174
177
181
173
174
208
251
297
314
350
329
330
317
320
324
296
274
229
233
247
270
273
312
312
271
263
233
195
154
160
155
151
144
145
129
71
46
17
9
-16
-6
-8
-4
-23
-23
-25
-64
-86
-119
-158
-183
-195
-149
-123
-107
-94
-132
-156
-209
-223
-240
-275
-255
-247
-212
-180
-187
-176
-166
-133
-113
-102
-86
-103
-121
-148
-164
-196
-190
-178
-141
-123
-84
-75
-85
-87
-128
-92
-46
-12
12
35
59
61
45
16
12
11
-12
17
37
47
68
86
99
102
103
103
78
101
97
84
100
103
125
122
136
119
111
40
23
26
17
39
52
85
101
115
89
82
67
54
60
70
59
50
16
13
16
-2
21
7
27
34
36
34
27
2
-2
0
14
22
-5
16
5
3
-13
-17
-18
-19
16
17
3
-37
-58
-67
-69
-35
-17
-22
-17
-48
-55
-65
-50
-63
-68
-31
-49
-55
-60
-74
-84
-98
-55
-25
-9
-21
-39
-54
-94
-111
-148
-120
-78
-57
-7
-2
14
-3
5
1
3
21
48
52
27
32
4
-1
-13
2
3
39
62
78
101
90
63
33
32
11
-6
9
37
60
81
97
105
87
72
43
32
4
3
28
64
78
54
82
44
17
3
-28
-7
-25
12
15
-15
-18
-41
-24
-3
-5
42
50
21
5
-25
-35
-50
-24
-21
5
13
-2
-26
-68
-86
-112
-94
-64
-39
-4
-9
10
14
-12
-37
-36
-45
-50
-73
-80
-65
-79
-56
-47
-6
-4
6
15
4
21
14
29
7
-41
-60
-98
-128
-111
-115
-76
-36
-46
-5
3
-12
2
-1
25
27
63
77
65
40
13
4
-40
-32
-7
48
67
101
107
77
68
49
54
63
84
119
99
94
76
30
18
-1
36
55
81
96
79
69
50
56
46
40
56
56
58
60
53
25
12
-18
-40
-30
-38
-21
37
39
29
38
-17
-37
-70
-80
-45
-30
-16
14
19
3
-36
-48
-64
-77
-50
-31
-12
8
13
-11
-43
-71
-80
-112
-91
-70
-59
-32
-46
-76
-63
-60
-51
-28
-21
-27
-12
-15
-27
-8
-18
-21
-36
-49
-83
-95
-114
-137
-132
-117
-77
-56
-34
-6
-3
0
9
-3
-14
-25
-23
-26
-51
-45
-30
-7
14
34
48
34
68
31
-10
28
76
89
98
100
70
91
74
68
68
94
106
114
113
125
99
76
99
114
135
143
174
154
148
130
125
90
75
93
83
97
84
63
45
23
23
50
11
1
4
-4
-15
-42
-42
-36
-53
-71
-65
-72
-86
-113
-114
-129
-156
-175
-188
-199
-191
-174
-165
-154
-139
-110
-117
-143
-125
-147
-120
-119
-86
-79
-86
-77
-102
-129
-152
-122
-100
-71
-29
28
32
32
0
-30
-27
-4
6
26
47
100
113
101
83
100
108
77
104
127
162
172
171
169
161
153
146
126
108
114
109
128
142
149
143
152
161
153
126
107
102
110
102
108
111
113
89
76
71
57
40
40
24
9
-8
-19
-55
-60
-56
-78
-72
-87
-89
-96
-118
-136
-148
-177
-176
-195
-198
-179
-160
-157
-187
-193
-201
-203
-216
-199
-187
-183
-185
-143
-151
-166
-171
-177
-164
-159
-112
-88
-90
-77
-56
-71
-63
-36
-27
-16
-12
13
14
33
62
64
52
56
59
63
64
75
103
102
140
157
176
198
189
178
159
147
122
113
113
117
146
192
214
227
220
194
193
166
156
127
136
138
114
136
118
112
99
107
94
92
93
109
98
100
113
120
119
93
32
-25
-108
-156
-181
-184
-133
-97
-39
-28
-65
-119
-147
-171
-196
-192
-159
-138
-136
-104
-121
-176
-200
-216
-223
-218
-181
-162
-129
-106
-106
-97
-128
-147
-155
-140
-129
-114
-104
-101
-111
-99
-75
-54
-30
-15
-8
-5
12
7
39
63
85
114
122
125
80
59
40
61
99
153
171
160
157
115
123
121
117
122
135
137
119
111
90
80
84
89
114
95
101
94
89
52
44
18
28
2
19
23
3
37
32
48
37
28
5
-5
-57
-62
-86
-88
-67
-72
-63
-95
-88
-101
-90
-118
-132
-65
-56
-82
-71
-45
-78
-85
-91
-88
-124
-154
-123
-152
-135
-104
-97
-60
-21
1
9
-28
-41
-79
-98
-77
-30
23
49
79
77
66
34
-1
-26
-22
6
34
51
101
132
139
112
102
84
60
63
69
101
114
130
147
147
147
119
120
73
45
25
64
72
103
148
157
176
175
151
110
73
33
32
30
46
36
31
21
-5
-14
-28
-63
-77
-112
-89
-102
-116
-94
-89
-62
-56
-67
-63
-82
-110
-111
-98
-109
-122
-126
-162
-190
-219
-204
-208
-218
-192
-207
-187
-184
-142
-124
-90
-58
-56
-35
-47
-60
-63
-46
-52
-63
-53
-63
-45
-27
4
17
39
82
77
87
88
115
130
110
130
138
116
101
102
85
59
45
75
109
155
186
188
209
200
214
175
142
112
91
125
113
112
126
87
74
43
21
-2
18
33
35
63
84
93
70
42
0
13
-21
-45
-83
-89
-85
-80
-53
-61
-67
-51
-32
-64
-100
-122
-120
-120
-113
-97
-51
-55
-31
-47
-77
-83
-103
-94
-117
-59
-43
-18
7
11
-7
-20
-44
-54
-33
-43
-4
-20
-13
-13
-14
-11
-1
20
22
46
22
6
-18
-47
-36
-49
-32
-23
21
18
6
27
11
33
-2
-12
-16
-19
-18
-34
-28
-24
-24
-8
-1
-20
-30
-28
-39
-30
-9
18
45
74
66
66
27
-4
-37
-53
-50
-7
20
-6
27
-8
-5
-16
26
42
76
96
91
94
36
-10
-16
-2
21
53
71
77
40
8
-23
-19
-9
8
48
81
76
72
50
47
44
39
32
52
73
66
57
34
31
-15
-51
-56
-69
-91
-69
-31
-2
5
17
27
15
18
-12
-23
-45
-70
-93
-94
-55
-19
20
36
30
27
26
-27
-27
-36
-42
-37
-51
-46
-27
-44
-77
-50
-34
13
24
56
81
103
102
88
56
14
-5
-16
-86
-73
-64
-50
-9
33
73
84
113
114
93
42
61
29
-10
-40
-53
-68
-100
-82
-57
-8
25
80
111
121
83
5
-53
-103
-164
-176
-138
-108
-79
-57
-42
-48
-59
-92
-73
-69
-44
-1
9
5
8
-40
-66
-96
-130
-148
-149
-161
-120
-94
-81
-43
-1
61
55
72
71
72
28
14
6
27
17
35
59
56
47
56
44
20
38
68
104
81
100
112
144
135
132
129
128
105
77
68
39
54
58
46
94
108
126
133
127
134
84
71
62
69
33
20
24
24
45
13
44
63
47
12
-2
-27
-13
-33
-23
-15
-22
-30
-85
-102
-104
-107
-90
-43
-18
-35
-50
-93
-101
-122
-113
-127
-73
-46
-67
-50
-73
-60
-120
-115
-110
-94
-99
-114
-88
-108
-127
-103
-95
-93
-77
-86
-57
-40
-81
-67
-30
-19
-11
29
23
4
-37
-33
-65
-73
-12
3
49
67
66
40
29
21
25
30
56
59
57
86
73
79
62
86
76
67
44
52
22
-15
-13
-10
-41
-15
11
13
29
42
97
101
115
134
157
140
135
146
144
177
190
194
185
130
90
2
-84
-167
-233
-256
-354
-568
-1092
-1486
-1455
-874
11
1050
2270
3185
3326
3015
2256
1077
-494
-1898
-2724
-3014
-2708
-1990
-1036
-126
546
927
1103
792
268
-451
-1023
-1104
-673
179
1152
2079
2685
2728
2070
925
-515
-1812
-2898
-3421
-3201
-2424
-1393
-368
615
1270
1389
1111
695
181
-469
-871
-879
-556
-116
297
723
995
964
799
366
-112
-462
-552
-494
-284
17
160
-21
-411
-667
-821
-1000
-942
-445
66
599
1216
1903
2204
1995
1656
1249
647
-55
-600
-897
-1083
-1051
-804
-556
-407
-299
-113
157
428
645
867
1019
1106
1183
1306
1274
1101
813
502
86
-365
-759
-1018
-1312
-1402
-1249
-1036
-760
-624
-360
-134
116
324
301
268
213
-46
-249
-481
-570
-639
-840
-792
-699
-620
-615
-686
-551
-600
-628
-463
-303
-116
-63
79
297
288
115
-279
-548
-802
-989
-841
-527
-112
367
789
1047
1167
1146
936
581
329
264
275
376
503
738
840
1032
983
824
-189
-1133
-1273
-899
-207
109
661
1282
1178
1160
1719
1958
1961
1469
1440
1254
908
396
-108
-724
-1201
-1456
-1084
-859
-692
-513
-302
271
509
486
-2
-437
-740
-925
-1061
-898
-872
-860
-819
-601
-286
-236
-528
-925
-1151
-1232
-1272
-1149
-812
-613
-468
-197
171
194
-100
-453
-826
-1235
-1442
-1371
-1173
-810
-127
676
1278
1636
1742
1583
1119
731
504
297
113
189
448
888
1042
1333
746
139
-156
-135
57
38
276
204
52
270
1213
1766
2193
2429
2815
2409
1833
1180
337
-922
-1800
-2021
-1625
-1395
-933
-154
480
1013
1235
1348
734
-174
-1176
-1619
-1999
-2204
-2287
-1999
-1542
-1045
-563
-166
-119
-465
-756
-949
-948
-978
-731
-416
-239
-55
15
-265
-734
-1246
-1548
-1694
-1548
-1055
-537
-66
486
1113
1470
1449
1323
1136
796
538
532
665
828
950
972
1041
921
733
536
470
543
421
-74
-153
26
511
971
1637
2538
2847
2497
2108
1725
969
-210
-1075
-1291
-1424
-1319
-779
128
703
779
901
952
466
-269
-928
-1198
-1393
-1547
-1536
-1513
-1471
-1538
-1601
-1562
-1432
-1448
-1413
-1246
-718
-321
-88
117
188
-100
-713
-1130
-1345
-1504
-1603
-1332
-739
-171
82
343
695
783
560
436
469
493
411
647
1078
1299
1287
1373
1401
1355
1129
1028
805
-111
-350
-697
-470
-485
75
1337
2166
2617
3291
3637
3187
2081
1119
516
-625
-1399
-1521
-1270
-1196
-942
-308
272
23
14
-223
-306
-486
-561
-333
-398
-403
-559
-804
-1243
-1719
-2254
-2593
-2853
-2703
-2340
-1739
-1139
-638
-157
90
6
-339
-824
-1392
-1718
-1635
-1307
-822
-130
425
825
974
1055
922
403
10
-65
7
130
486
1040
1438
1653
1970
2150
1998
1726
1525
1558
1299
1148
6
-1042
-1446
-1022
-3
909
2723
4459
4870
4590
4491
3673
1710
-691
-1814
-2378
-2871
-2573
-1355
-233
191
445
1222
1009
-147
-1044
-1305
-1172
-1182
-821
-556
-604
-1111
-1392
-1688
-2272
-2989
-3475
-3566
-3237
-2490
-1581
-817
-480
-438
-824
-1167
-1633
-1876
-1956
-1811
-1047
-81
445
739
867
868
506
-22
-100
-202
-321
-169
538
1306
1624
1802
2103
2047
1863
1747
1883
1952
1942
1934
2038
991
-27
-285
-116
151
320
1559
3173
3679
3847
4761
4910
3502
1466
548
-375
-1899
-2687
-2175
-1812
-1980
-1527
-147
308
-254
-348
62
210
-146
-337
-231
-687
-1456
-1930
-2211
-2618
-3334
-3906
-3768
-3238
-2656
-2068
-1449
-1110
-1608
-2145
-2044
-1705
-1745
-1616
-608
628
1043
1155
1379
1161
46
-991
-1103
-1002
-1210
-928
116
1142
1547
1963
2533
2511
1924
1742
1854
1949
1748
2068
2455
2609
1838
125
-803
-1474
-1020
-227
1547
4064
5725
5939
6159
5735
3908
941
-1512
-2706
-3834
-4299
-3186
-1453
-436
-52
960
1784
876
-313
-863
-691
-941
-1005
-570
-412
-908
-1678
-2033
-2535
-3390
-4328
-4533
-4327
-3456
-2511
-1563
-1257
-1619
-1979
-2123
-1853
-1633
-1068
-223
572
1073
1522
1532
1068
-133
-1073
-1418
-1525
-1396
-825
106
897
1523
2289
2853
2566
2057
1796
2003
2026
2114
2582
2597
2080
1496
1063
269
-335
-181
1127
2298
3545
5095
5969
5480
4266
3003
1367
-697
-2338
-2790
-2796
-2522
-1645
-384
250
330
491
493
-32
-598
-699
-498
-526
-540
-650
-849
-1519
-2465
-3331
-4142
-4642
-4869
-4755
-3966
-2848
-2173
-2180
-2164
-2024
-1924
-1812
-1290
-290
433
668
1032
1490
1101
32
-1059
-1609
-2025
-2357
-1845
-649
384
1002
1840
2817
3081
2550
2169
2271
2266
2107
2283
2972
3081
2762
1759
459
-693
-1610
-1223
36
2057
4435
6252
7118
7327
6333
4277
1428
-1202
-3146
-4521
-4750
-3654
-2102
-796
209
1391
1959
1381
672
195
-36
-716
-835
-648
-746
-1434
-2200
-2551
-3331
-4323
-4885
-4746
-4548
-4137
-3656
-3411
-3324
-3380
-2863
-2109
-1156
131
1400
2142
2314
2353
1822
398
-1413
-2589
-3104
-3469
-3037
-1655
-40
1027
2006
3186
3554
2900
2010
1751
1578
1339
1659
2694
3430
3351
3105
2011
812
-447
-639
222
1496
3373
5355
6425
6628
6178
4728
2492
-288
-2289
-3741
-4390
-3934
-2753
-1476
-483
405
1412
1531
1090
713
459
139
-363
-414
-624
-1221
-2163
-2853
-3499
-4329
-5141
-5204
-5083
-4863
-4665
-4656
-4275
-4052
-3175
-2072
-628
1042
2308
2875
3080
2951
2180
435
-1453
-2629
-3568
-4071
-3541
-2082
-569
495
1821
3234
3539
2965
2363
2190
1905
1630
2072
3212
3657
3439
2569
2016
1475
761
929
1778
3089
4336
5012
5698
5989
4834
3083
1289
-267
-1804
-3011
-2947
-2112
-1617
-1038
-188
765
679
174
176
265
25
-149
-34
-7
-487
-1311
-1974
-2889
-4053
-5090
-5762
-5859
-5632
-5208
-5201
-5111
-4769
-4187
-3194
-1875
-54
1572
2515
2966
3386
3084
1729
-302
-2020
-3344
-4431
-4608
-3654
-2112
-844
365
2128
3413
3375
2770
2485
2355
1899
1881
2780
3878
4007
3902
3627
2685
1570
674
762
1233
2134
3709
5174
5771
6035
5523
4226
2356
481
-966
-2302
-2874
-2428
-1776
-1202
-551
324
887
680
662
829
792
327
-7
-392
-1088
-2099
-2948
-3756
-4529
-5173
-5263
-5048
-4904
-4873
-5316
-5555
-5516
-4695
-3763
-2305
-147
1749
2686
3394
3934
3509
1552
-849
-2202
-3527
-4932
-5181
-3817
-2353
-1383
249
2599
3563
3123
2632
2802
2383
1527
1785
3027
3520
3387
3120
2798
2262
1205
1332
2116
3190
4373
5373
5969
6131
5123
3619
1855
143
-1369
-2519
-2646
-1953
-1143
-412
408
1233
1573
1133
865
723
424
-95
-333
-454
-894
-1793
-2547
-3177
-4010
-4877
-5211
-5135
-5009
-5232
-5727
-5686
-5557
-4938
-4163
-2522
-397
1273
2227
3248
3885
3385
1641
-255
-1642
-3448
-4911
-5067
-3999
-3091
-2225
-401
1860
2782
2632
2659
2895
2319
1502
1936
3133
3614
3571
3813
3483
2728
1578
1475
1989
2452
3401
4833
5726
5999
5530
4546
3139
1145
-455
-1796
-2451
-2394
-1775
-947
83
972
1711
1883
1791
1707
1142
508
-267
-967
-1749
-2613
-3322
-3873
-4631
-5090
-4847
-4503
-4263
-4716
-5196
-5448
-5625
-5164
-4186
-2655
-796
725
2009
3270
3709
3127
1470
-289
-1912
-3673
-4879
-4858
-4251
-3564
-2560
-523
1536
2346
2547
2908
3033
2321
1767
2287
2954
2703
2447
2565
2847
2654
2673
3624
4531
4912
5283
5746
5732
4725
3193
1885
540
-713
-1481
-1406
-906
-392
113
878
1437
1641
1431
1316
1350
1184
942
724
266
-589
-1636
-2673
-3595
-4681
-5564
-5844
-5677
-5225
-5051
-5156
-5032
-5093
-4686
-4059
-2975
-1429
-186
670
1880
2675
2721
1653
156
-1053
-2755
-4134
-4574
-4222
-3772
-3282
-1914
60
1078
1506
1881
2300
2160
1747
2065
2831
3083
3067
3093
2939
2854
2447
2906
3638
4378
5227
5870
6152
6037
4966
3546
1964
287
-914
-1757
-1675
-1084
-359
590
1556
2170
2467
2259
2088
1774
1308
993
451
-215
-1179
-2161
-3137
-4080
-5032
-5523
-5756
-5430
-5397
-5682
-5468
-5203
-4476
-3772
-2627
-955
181
418
1181
1840
1752
597
-646
-1384
-2711
-4171
-4536
-3951
-3760
-3733
-2566
-622
322
664
1244
2026
1878
1375
1728
2572
2705
2368
2528
2400
2156
1841
2374
3381
4262
5103
6071
6445
6190
5294
3906
2357
651
-690
-1612
-1806
-1348
-526
473
1598
2489
3073
3006
2790
2548
1976
1394
694
63
-780
-1750
-2688
-3491
-4364
-5062
-5297
-5186
-5178
-5667
-5764
-5579
-4971
-4119
-2858
-1064
476
1112
1709
2319
2156
975
-567
-1648
-2870
-4183
-4763
-4412
-4023
-3830
-3110
-1477
-208
325
744
1335
1638
1380
1418
2086
2659
2675
2501
2099
1963
1688
1809
2697
3919
5180
5993
6262
6379
5730
4194
2597
1107
-158
-1314
-1713
-1103
-289
365
1266
2247
2897
2853
2746
2751
2347
1891
1486
974
214
-893
-1962
-3057
-4166
-4970
-5371
-5425
-5207
-5355
-5582
-5494
-5204
-4403
-3595
-2226
-365
810
1404
2131
2425
1790
133
-1358
-2495
-3954
-5137
-5195
-4473
-3978
-3475
-2092
-372
327
572
873
1228
902
477
842
1752
2146
2500
2450
2152
2047
1727
2177
2992
4161
5417
6051
6298
6449
5408
3803
2061
649
-604
-1648
-1616
-735
24
719
1645
2634
2955
2773
2818
2779
2568
2246
1862
1258
345
-745
-2001
-3331
-4369
-5123
-5556
-5578
-5325
-5556
-5688
-5599
-4816
-3964
-3129
-1419
414
1211
1738
2491
2641
1566
-280
-1468
-2734
-4386
-5352
-5143
-4687
-4532
-3813
-1971
-466
89
502
1068
1250
773
598
1325
1863
1976
1432
1283
1796
1960
2502
3611
5016
6140
6145
6041
6187
4878
2931
1207
297
-452
-1151
-771
412
1121
1498
2068
2797
2906
2226
2048
2031
1965
1898
2002
1818
1426
628
-345
-1618
-2899
-4209
-5254
-5825
-5764
-5483
-5950
-5851
-5437
-4562
-3806
-2532
-541
981
1343
1899
2527
2199
755
-1025
-2067
-3515
-4946
-5249
-4587
-4117
-3938
-3134
-1456
-596
-401
-78
355
389
25
580
1559
2215
1788
1274
1629
2052
2414
3250
4472
5535
5822
5615
5968
5447
3831
2013
797
61
-543
-532
251
972
1307
1763
2402
2875
2630
2429
2358
2314
2518
2718
2398
1748
902
-200
-1357
-2545
-3464
-4337
-5062
-5273
-4905
-5329
-5690
-5725
-5248
-4483
-3501
-1416
656
1610
2132
2849
2890
1866
-79
-1501
-2995
-4729
-5502
-5053
-4396
-4180
-3647
-2235
-1122
-888
-632
-225
-12
-370
62
1118
2066
1669
1030
1362
1781
2122
2885
4254
5398
5665
5505
6011
5528
3848
1851
495
-505
-1338
-1242
-309
545
1130
1957
2976
3542
3296
3068
2864
2582
2526
2554
2137
1493
671
-151
-1082
-1981
-2816
-3650
-4390
-4757
-4623
-5331
-5873
-5970
-5557
-4868
-3618
-1299
1104
2146
2848
3706
3633
2320
227
-1271
-2923
-4885
-5645
-5022
-4283
-3967
-3317
-1748
-786
-834
-748
-440
-643
-1152
-924
341
764
644
934
1855
2885
3542
4650
5831
5863
5421
5073
4490
3535
1794
463
-414
-893
-705
10
756
1284
1635
2132
2534
2698
2730
2619
2735
3033
3222
3087
2544
1591
505
-638
-1640
-2437
-3221
-3876
-4341
-4306
-4596
-5494
-5991
-6087
-5650
-4726
-3052
-384
1694
2481
3449
4070
3608
1728
-243
-1686
-3516
-5215
-5475
-4550
-4020
-3823
-2868
-1356
-1040
-1233
-984
-660
-1066
-1341
-604
607
195
-238
595
1724
2845
4046
5911
7025
6401
5535
5125
3746
1806
-150
-987
-1611
-1691
-454
1144
2046
2374
2698
3023
2760
2210
2140
2180
2605
2904
3381
3510
2938
1809
443
-742
-1624
-2805
-3785
-4171
-4285
-4501
-5690
-6095
-6164
-6045
-5338
-3510
-618
1794
2875
4110
4978
4276
2397
228
-1330
-3376
-5323
-5723
-4725
-4093
-3837
-2951
-1327
-959
-1491
-1486
-1078
-1459
-1966
-1267
247
291
-704
-58
938
1654
2412
4406
6465
6690
6107
6397
5671
3390
734
-924
-2018
-3156
-2802
-1060
491
1390
2325
3491
3907
3344
2923
2830
2818
2613
2757
2795
2505
1722
786
-4
-612
-1539
-2452
-3157
-3599
-4338
-5981
-6911
-7196
-6740
-5940
-3841
-364
2563
3939
5513
6547
5837
3300
595
-1246
-3711
-5874
-6096
-4820
-4031
-3500
-2158
-315
-130
-958
-1303
-1401
-2244
-2914
-2259
-1000
-1389
-1393
-56
1621
2923
4118
6267
7531
6808
6101
5633
3793
1012
-1581
-2655
-3511
-3676
-2203
-53
1453
2340
3321
4150
3729
2717
2317
2155
1883
1776
2195
2396
2154
1408
1091
688
-284
-1513
-2135
-2727
-3517
-4942
-6251
-6920
-7453
-7081
-5612
-2634
512
2835
4634
6476
6871
5580
3171
933
-1362
-4046
-5450
-5004
-4020
-3624
-2762
-988
271
-260
-959
-1173
-1959
-3274
-3563
-2288
-1947
-2063
-1112
851
2558
3678
5541
7538
7386
6420
5876
4692
2265
-816
-2617
-3675
-4491
-4062
-2059
-81
1175
2284
3632
4201
3695
3260
3010
2411
1470
1115
1119
1123
576
491
658
302
-461
-1180
-1629
-2246
-3644
-5676
-6716
-7500
-7526
-6684
-4396
-1081
1788
3637
5747
7126
6664
4587
2124
312
-2150
-4218
-4578
-3399
-2745
-2491
-1338
463
624
-443
-998
-1254
-2329
-3659
-3315
-2704
-2687
-2555
-919
1469
3196
4816
7138
8348
8032
7173
5935
3893
624
-2294
-4101
-5082
-5254
-4069
-1958
151
1585
2836
3779
4032
3644
3005
2486
1702
907
509
657
618
548
427
405
-83
-955
-1406
-2070
-2873
-4870
-6552
-7335
-7718
-7168
-5555
-2770
639
3020
5028
6969
7274
6053
3477
1230
-1009
-3369
-4623
-4052
-2790
-1933
-1050
663
1767
1060
-51
-714
-1477
-2967
-3963
-3961
-3580
-3704
-2762
-464
2043
4023
6031
7971
8817
8115
6802
5147
2534
-647
-3331
-4545
-5052
-4865
-3625
-1661
84
1299
2246
3357
3547
2974
2279
1835
1199
307
204
469
901
814
926
1048
350
-737
-1537
-2578
-3966
-6325
-7648
-7968
-7844
-6538
-4358
-879
2271
4200
6082
7430
7052
5225
2644
797
-1339
-3402
-3786
-2684
-1661
-1078
136
1777
1981
736
-203
-803
-1927
-3471
-3682
-3886
-4059
-3905
-2450
118
2394
4688
7196
8564
8819
8238
6724
4459
1252
-1703
-4134
-5320
-5379
-4496
-3041
-1388
248
1610
2519
3014
2772
1823
885
165
-305
-610
-229
332
837
1125
1466
1468
588
-353
-1676
-2946
-4914
-7087
-8185
-8535
-7930
-6289
-3555
252
3195
4928
6704
7448
6834
4429
2178
552
-1491
-3096
-2782
-1279
-416
-92
1107
2506
1803
291
-602
-1060
-2677
-4023
-3912
-3890
-4113
-3563
-1282
1428
3535
5879
8303
9045
8764
7775
6117
3363
38
-2707
-4534
-5369
-5093
-3869
-2364
-761
728
1934
2595
2456
1652
487
-534
-1067
-1366
-1122
-401
420
1137
1768
2106
1952
877
-409
-1914
-3499
-5346
-7381
-8563
-8972
-8156
-6412
-3650
86
3188
4948
6487
7185
6716
4539
2250
660
-1132
-2540
-2163
-543
422
786
1712
2705
1904
451
-743
-1573
-3240
-4423
-4535
-4284
-4063
-3167
-932
1706
4018
6408
8454
9090
8951
7670
5897
3362
381
-2388
-4245
-4916
-4474
-3398
-1928
-261
833
1375
1460
1220
284
-865
-1572
-1742
-1678
-1144
-50
912
1724
2331
2418
1973
853
-551
-2008
-3539
-5169
-6906
-8169
-8539
-7844
-6411
-4058
-669
2265
3867
5237
6255
6151
4414
2571
1441
-59
-1427
-1091
474
1261
1293
2029
2882
2079
454
-692
-1426
-3205
-4535
-4801
-4518
-4114
-3409
-1254
1268
3575
6068
8149
9186
9304
8135
6588
4127
1231
-1669
-3825
-4851
-4939
-4320
-3054
-1400
-49
782
1195
1378
782
25
-826
-1202
-1541
-1421
-865
-145
566
1270
1767
1706
1167
49
-1248
-2581
-3839
-5959
-7633
-8640
-8502
-7802
-6165
-2919
505
2434
4150
5965
6670
5647
3799
2976
1434
-417
-1046
317
1209
1085
1435
2719
2677
1134
-50
-604
-1969
-4011
-4675
-4572
-4331
-4287
-2697
-76
2393
4801
7478
9328
9958
9183
7921
5971
3015
-101
-2705
-4214
-4968
-4703
-3612
-2019
-663
458
1170
1586
1202
448
-284
-1032
-1576
-1947
-1730
-1261
-573
140
986
1694
1895
1264
228
-840
-2120
-3439
-5750
-7464
-8658
-9051
-8377
-6527
-3443
-318
1770
3769
5559
6223
5662
4200
3150
1486
-76
-505
366
1029
960
1248
2083
2063
895
25
-728
-1747
-3423
-3447
-3460
-3716
-3761
-2738
-718
1144
3514
6404
8250
8914
9229
8614
7081
4238
1651
-1109
-3366
-4503
-4372
-3620
-2655
-1396
-151
684
1250
1364
796
124
-540
-1004
-1570
-1539
-1147
-995
-842
-112
724
1016
921
858
191
-1017
-2227
-3257
-5300
-7557
-8843
-8782
-8013
-6569
-3564
-132
1988
3656
5709
6808
6147
4394
3343
1977
-3
-1088
-443
111
-349
-221
1015
1722
952
496
423
-161
-1625
-2111
-1720
-2521
-3416
-3232
-1630
-147
1399
4063
6756
7777
8343
8704
8367
6278
3336
953
-1213
-3097
-4169
-3813
-3131
-2629
-1888
-549
666
903
501
523
387
-305
-777
-708
-541
-1048
-1366
-938
-394
-416
-364
-74
-202
-1074
-1689
-2165
-2884
-4744
-6514
-7312
-7301
-6877
-5844
-3597
-844
1037
2568
4645
6052
5884
4438
3466
2320
420
-993
-899
-639
-1153
-1151
165
1218
1150
1113
1516
1407
594
221
604
-139
-1530
-2138
-1815
-1349
-961
490
2704
4152
5269
6891
8022
7786
6120
4395
2451
249
-1821
-2942
-3394
-3658
-3424
-2483
-1114
-117
249
522
1127
1289
978
569
326
-295
-1449
-2187
-2500
-2919
-3587
-3758
-3136
-2422
-1784
-895
-27
313
-462
-1839
-2854
-4121
-5166
-5902
-5353
-3724
-2190
-807
1122
2845
3526
3275
3083
2913
1620
170
-500
-489
-1056
-1665
-1206
-176
299
732
1962
3480
4037
4112
4476
4495
3045
791
-777
-2129
-3534
-4250
-3215
-1161
630
2542
5187
7152
7684
6988
5990
4458
2007
-195
-1403
-1956
-2525
-2637
-1949
-926
-406
-46
561
1220
1147
727
421
-115
-1217
-2741
-3724
-4382
-5032
-5252
-4585
-3365
-2132
-1098
200
1215
1491
1135
716
175
-1118
-2304
-2928
-3223
-3735
-3942
-3423
-2758
-2612
-2126
-1271
-609
-404
-107
542
791
729
736
935
1039
993
1177
1628
1975
2218
2472
2866
3190
3214
3257
3347
3458
3147
2435
1810
1015
124
-586
-894
-621
-314
136
1219
2312
3068
3404
3607
3455
2719
1850
1233
652
-153
-703
-920
-1097
-1399
-1567
-1549
-1455
-1431
-1310
-1045
-907
-867
-968
-1144
-1383
-1721
-2030
-2216
-2347
-2338
-1992
-1582
-1115
-619
-250
-127
-337
-642
-990
-1576
-2188
-2569
-2835
-2953
-2852
-2501
-2029
-1646
-1245
-754
-365
-47
171
227
355
355
370
546
690
966
1233
1598
2017
2310
2373
2267
2112
1818
1494
1245
1133
1017
1029
1237
1694
2151
2521
2807
2904
2710
2254
1628
889
68
-674
-1151
-1380
-1289
-872
-235
509
1300
1959
2312
2278
1867
1200
288
-672
-1465
-2035
-2387
-2498
-2256
-1653
-916
-304
259
691
788
523
-70
-722
-1501
-2386
-3053
-3260
-3142
-2792
-2157
-1179
-253
378
764
987
728
62
-679
-1313
-1953
-2518
-2553
-2238
-1826
-1256
-365
502
1035
1329
1549
1419
1001
540
188
-203
-578
-587
-279
144
692
1356
1935
2242
2316
2136
1620
922
152
-558
-1062
-1344
-1243
-876
-288
475
1286
1984
2517
2789
2711
2461
2071
1559
993
427
-21
-320
-497
-477
-343
-135
72
270
392
336
158
-131
-541
-907
-1179
-1269
-1183
-1012
-699
-322
97
384
542
577
512
265
-42
-302
-544
-909
-1247
-1367
-1342
-1319
-1238
-897
-446
-157
59
435
640
448
190
122
-46
-355
-473
-284
-155
-91
133
414
392
197
59
-76
-406
-761
-896
-1045
-1201
-1288
-1141
-965
-778
-543
-213
213
661
1030
1240
1304
1243
986
547
126
-318
-758
-1101
-1279
-1237
-1128
-1024
-818
-614
-363
-211
-54
115
159
143
142
143
95
-57
-143
-49
38
224
591
1032
1336
1513
1676
1745
1570
1193
839
484
128
-56
-33
152
402
741
1229
1662
2011
2167
2228
2122
1819
1490
1110
785
436
141
40
121
196
388
588
686
660
535
373
59
-366
-832
-1173
-1401
-1532
-1563
-1453
-1276
-1151
-1037
-766
-547
-576
-668
-820
-1047
-1466
-1900
-2159
-2400
-2727
-2888
-2724
-2424
-2200
-1868
-1422
-1159
-1097
-1115
-1129
-1317
-1645
-1800
-1733
-1585
-1463
-1167
-741
-389
-134
219
674
985
1140
1255
1424
1476
1383
1383
1415
1426
1365
1427
1667
1789
1955
2095
2237
2255
2220
2218
2182
2100
1996
1941
1931
2000
2046
2097
2164
2150
2108
1955
1818
1614
1322
1027
758
597
378
174
40
-72
-248
-408
-484
-547
-766
-955
-1053
-1128
-1254
-1377
-1360
-1377
-1491
-1527
-1473
-1471
-1565
-1661
-1613
-1662
-1784
-1812
-1820
-1911
-2132
-2278
-2342
-2512
-2670
-2717
-2577
-2402
-2169
-1744
-1271
-865
-479
-109
200
347
367
314
179
32
-142
-230
-234
-210
-92
157
512
853
1172
1440
1603
1641
1602
1509
1359
1173
1073
1086
1216
1410
1686
1997
2285
2458
2474
2428
2264
2002
1623
1286
1005
731
454
312
257
187
175
301
412
498
555
628
598
394
124
-156
-463
-781
-936
-1005
-972
-923
-759
-581
-560
-651
-779
-947
-1199
-1422
-1600
-1675
-1684
-1650
-1489
-1237
-1029
-864
-727
-554
-416
-330
-266
-253
-339
-369
-380
-365
-323
-307
-261
-214
-128
-14
43
95
121
173
215
278
368
435
493
539
626
694
688
655
611
503
414
327
231
153
38
-24
-3
100
231
312
433
447
384
341
200
48
-130
-233
-261
-248
-128
39
203
286
286
268
147
-76
-284
-434
-509
-614
-627
-516
-401
-295
-132
69
251
335
432
492
465
434
344
261
121
22
-27
15
156
285
463
609
722
744
678
518
303
89
-121
-225
-250
-198
-47
200
449
602
740
815
737
528
275
72
-179
-458
-715
-854
-1001
-1094
-1034
-881
-733
-654
-515
-393
-401
-550
-685
-845
-1054
-1190
-1164
-1066
-892
-678
-423
-185
-58
-59
-106
-237
-409
-549
-645
-610
-571
-486
-305
-60
192
399
604
799
921
950
942
946
884
740
695
746
834
905
1012
1206
1278
1238
1193
1162
978
705
537
422
331
221
315
448
542
621
798
936
904
816
683
527
247
31
-163
-317
-447
-523
-552
-505
-477
-566
-593
-662
-771
-946
-1136
-1251
-1376
-1497
-1497
-1354
-1184
-1040
-883
-691
-600
-627
-665
-763
-951
-1157
-1246
-1305
-1292
-1196
-1048
-777
-520
-275
-36
185
293
337
346
338
307
251
243
359
533
695
966
1218
1392
1445
1430
1356
1175
931
754
667
591
559
667
835
979
1078
1224
1288
1252
1147
996
854
626
375
178
55
-19
-69
13
132
213
270
287
234
88
-125
-369
-631
-865
-1056
-1134
-1085
-972
-813
-553
-334
-188
-105
-145
-249
-444
-668
-894
-1127
-1314
-1451
-1479
-1414
-1296
-1086
-808
-549
-285
-132
-3
59
12
-125
-225
-292
-387
-422
-337
-189
-13
189
469
729
814
873
882
805
610
456
335
239
221
248
373
516
637
810
907
924
914
824
715
567
464
355
250
186
128
106
59
-1
-46
-118
-216
-252
-316
-362
-395
-429
-395
-430
-395
-342
-314
-253
-211
-142
-93
-104
-112
-169
-258
-305
-361
-373
-380
-345
-279
-219
-147
-101
-80
-64
-82
-59
-23
21
108
170
229
236
247
222
219
234
229
289
340
431
450
485
529
548
525
517
510
472
436
403
385
316
223
105
29
-44
-110
-75
-5
62
156
251
295
268
174
30
-152
-351
-518
-625
-703
-723
-700
-619
-541
-508
-442
-420
-429
-446
-467
-514
-544
-589
-652
-742
-799
-825
-847
-802
-675
-521
-386
-203
-39
67
101
115
77
31
-51
-93
-112
-139
-170
-143
-39
46
158
308
436
537
690
802
889
935
956
964
913
814
747
669
627
573
575
635
652
674
643
643
578
506
435
361
288
205
149
99
63
4
-37
-63
-78
-80
-109
-108
-120
-160
-186
-212
-282
-329
-420
-511
-547
-597
-650
-671
-645
-637
-625
-591
-548
-510
-502
-478
-438
-443
-447
-402
-355
-321
-293
-195
-170
-184
-213
-215
-252
-331
-324
-291
-222
-150
-41
83
201
288
384
477
536
580
607
654
645
635
588
502
395
297
239
192
179
174
195
218
283
321
350
379
381
383
337
315
290
180
70
-40
-148
-239
-319
-351
-362
-326
-274
-196
-104
-72
-45
-54
-85
-169
-283
-379
-464
-559
-585
-521
-435
-300
-136
9
161
272
308
268
174
31
-175
-354
-473
-571
-593
-533
-427
-248
-89
84
235
349
375
378
378
296
160
71
56
-17
-65
9
131
213
271
345
393
342
237
136
24
-124
-232
-245
-219
-176
-105
28
179
274
328
365
359
306
193
91
45
-20
-147
-154
-117
-132
-132
-107
-65
-67
-61
-24
46
64
61
88
125
81
30
31
47
44
12
63
81
44
-9
-43
-74
-150
-204
-213
-210
-250
-237
-198
-153
-119
-112
-69
-19
-13
-6
48
137
165
155
218
248
266
217
194
169
81
-18
-86
-128
-187
-221
-199
-126
-66
6
72
165
182
170
200
207
138
69
49
18
22
34
91
174
212
201
210
174
45
-60
-174
-243
-325
-335
-281
-221
-144
-44
56
130
205
198
168
52
-47
-182
-328
-405
-507
-564
-565
-482
-388
-332
-202
-103
-63
-110
-164
-266
-377
-493
-547
-530
-509
-412
-298
-111
10
144
262
322
326
283
212
175
66
8
-18
-10
20
67
130
183
274
308
357
435
467
485
505
530
533
529
516
530
525
524
545
549
559
519
487
441
382
315
246
220
232
213
234
304
332
298
241
193
99
-21
-93
-146
-230
-283
-308
-304
-340
-372
-380
-392
-421
-467
-442
-474
-503
-517
-504
-536
-577
-567
-587
-615
-604
-586
-567
-567
-563
-521
-506
-490
-454
-376
-341
-272
-218
-140
-113
-101
-120
-148
-165
-202
-213
-186
-146
-73
62
214
348
468
574
631
659
630
566
497
409
347
292
304
376
433
497
611
685
763
773
759
709
591
452
305
169
19
-73
-102
-71
-8
78
171
250
269
228
160
53
-130
-265
-398
-513
-545
-566
-493
-388
-267
-160
-84
-62
-111
-217
-361
-499
-597
-698
-746
-724
-650
-533
-414
-241
-106
5
69
79
32
-45
-149
-227
-285
-349
-338
-274
-160
-33
105
273
403
486
539
539
510
439
355
306
277
283
310
388
457
535
605
633
617
576
534
457
374
302
233
170
85
46
-21
-54
-71
-93
-76
-54
-75
-107
-110
-174
-247
-309
-339
-379
-411
-380
-320
-286
-258
-258
-235
-287
-353
-410
-471
-545
-601
-608
-594
-524
-454
-326
-217
-127
-42
-1
4
-4
2
-16
-46
-43
-71
-72
-42
-1
61
139
226
328
418
486
520
504
472
416
350
336
316
315
353
393
436
465
484
482
459
440
408
321
249
146
32
-27
-87
-116
-112
-96
-67
-80
-57
-63
-138
-198
-249
-348
-418
-480
-510
-512
-536
-472
-420
-347
-320
-287
-269
-304
-326
-366
-418
-456
-505
-552
-555
-523
-471
-383
-290
-128
24
157
293
370
429
380
341
300
230
156
125
127
184
243
366
479
578
676
748
802
801
751
663
541
411
318
255
229
252
320
383
448
478
455
419
361
247
127
23
-119
-255
-340
-439
-464
-455
-443
-400
-342
-328
-308
-303
-327
-360
-408
-445
-509
-532
-572
-597
-586
-566
-526
-478
-449
-376
-366
-346
-345
-336
-288
-288
-281
-261
-229
-210
-150
-98
-46
11
69
137
191
224
274
327
336
319
320
327
307
289
296
349
383
425
485
517
547
545
552
524
493
452
372
338
255
171
124
109
99
84
74
58
45
-2
-63
-76
-122
-185
-205
-237
-257
-319
-316
-315
-320
-284
-242
-195
-174
-197
-200
-200
-262
-319
-346
-343
-369
-347
-349
-321
-267
-220
-146
-61
35
94
182
206
229
224
192
192
156
144
165
202
230
258
313
358
377
377
359
325
304
266
216
159
135
149
159
196
233
268
234
209
163
83
-10
-89
-117
-177
-187
-199
-193
-211
-232
-247
-293
-328
-380
-420
-480
-513
-565
-576
-576
-522
-465
-397
-273
-198
-120
-84
-59
-77
-110
-173
-220
-242
-272
-264
-240
-172
-132
-64
4
58
85
89
112
138
169
227
289
358
430
467
514
543
560
544
546
559
513
514
518
497
470
447
422
414
403
394
420
429
407
415
393
343
282
212
136
78
15
-2
-11
-45
-60
-86
-115
-162
-244
-315
-377
-452
-506
-554
-621
-656
-717
-775
-789
-786
-751
-720
-658
-615
-547
-488
-465
-436
-472
-458
-440
-428
-407
-406
-381
-393
-356
-333
-300
-243
-193
-149
-98
-16
28
110
200
279
369
424
478
464
439
430
424
440
486
556
615
673
694
726
708
705
668
635
617
610
580
546
511
470
455
425
456
477
479
472
442
379
324
249
153
71
-25
-92
-124
-168
-197
-222
-250
-282
-320
-353
-402
-449
-513
-532
-555
-553
-535
-509
-456
-414
-368
-365
-352
-409
-425
-453
-490
-469
-467
-450
-435
-402
-359
-310
-246
-170
-110
-67
-15
21
9
29
33
38
7
38
83
88
109
136
166
188
214
202
206
175
135
112
87
55
38
59
55
71
81
98
85
74
49
40
25
19
24
-5
-13
-16
-25
-57
-58
-72
-74
-91
-115
-110
-102
-113
-106
-43
-23
-15
11
35
54
32
56
83
102
113
173
199
229
284
307
363
388
420
415
450
446
414
404
372
336
300
326
345
385
419
446
472
461
432
396
327
272
212
167
143
90
38
-22
-79
-131
-205
-234
-257
-266
-264
-287
-295
-347
-408
-501
-575
-625
-663
-692
-661
-654
-628
-618
-605
-605
-657
-673
-698
-714
-718
-676
-626
-572
-488
-426
-375
-315
-293
-262
-243
-214
-188
-176
-138
-92
-39
16
97
175
246
334
400
458
501
526
546
563
593
597
619
642
671
689
730
768
776
759
779
748
702
690
679
659
645
621
589
532
456
351
263
206
133
61
17
-31
-100
-137
-172
-222
-268
-301
-359
-409
-481
-522
-568
-624
-666
-695
-714
-720
-702
-696
-662
-641
-629
-608
-585
-593
-602
-592
-577
-574
-545
-484
-430
-396
-335
-284
-237
-149
-78
2
65
108
138
174
164
173
195
218
280
346
403
467
551
551
620
634
666
703
725
763
761
780
768
754
725
679
631
601
557
524
511
477
428
384
347
295
253
215
165
126
77
-12
-69
-138
-223
-279
-346
-406
-447
-486
-503
-529
-537
-533
-518
-531
-559
-565
-612
-645
-700
-725
-755
-718
-680
-635
-553
-483
-433
-397
-366
-370
-360
-351
-349
-347
-327
-289
-252
-209
-168
-111
-48
-15
39
106
136
154
164
200
199
221
277
326
389
407
466
495
494
481
469
450
425
408
371
348
337
315
296
309
316
327
316
343
334
299
263
210
178
125
107
87
89
79
53
42
2
-22
-45
-52
-70
-93
-106
-131
-143
-182
-195
-187
-172
-132
-106
-45
14
20
38
30
-2
18
1
-29
-25
6
20
31
36
33
38
18
24
3
-25
-57
-53
-67
-63
-35
-12
17
32
57
58
72
59
37
-6
-39
-95
-159
-185
-243
-276
-300
-307
-322
-340
-336
-324
-306
-267
-228
-210
-194
-203
-236
-266
-283
-285
-289
-250
-195
-185
-178
-144
-159
-136
-130
-110
-62
-49
-27
3
17
18
37
62
116
131
151
203
214
241
261
303
343
367
414
451
474
502
510
493
488
445
403
373
366
363
359
380
384
384
352
338
332
300
276
243
224
190
120
102
52
14
-12
-56
-93
-138
-192
-255
-325
-363
-425
-460
-464
-481
-460
-447
-429
-402
-401
-381
-365
-354
-369
-389
-381
-403
-403
-407
-409
-399
-360
-358
-330
-297
-274
-260
-222
-178
-163
-130
-137
-116
-91
-37
55
105
165
223
229
221
205
186
173
160
178
194
229
273
329
355
392
425
435
443
444
432
412
400
359
348
352
336
319
338
325
330
326
317
366
349
346
190
27
-107
-213
-312
-329
-220
-58
75
170
285
254
161
30
-88
-203
-254
-253
-173
-89
-73
-54
-33
-115
-212
-312
-369
-371
-400
-435
-436
-425
-448
-485
-496
-504
-489
-485
-420
-369
-321
-289
-262
-202
-183
-160
-117
-89
-85
-74
-71
-62
-62
-55
-55
-50
-49
7
18
79
152
226
260
287
328
311
305
290
291
269
243
197
166
127
102
96
125
165
216
256
342
381
397
420
415
372
318
269
222
172
147
143
116
103
118
126
98
94
96
80
67
59
49
45
34
6
-18
-63
-100
-120
-143
-173
-176
-161
-172
-189
-191
-199
-215
-201
-200
-188
-135
-109
-116
-122
-133
-163
-178
-203
-209
-208
-193
-191
-181
-155
-122
-99
-85
-56
-38
-21
-41
-31
-34
-59
-46
-41
-46
-69
-59
-96
-123
-154
-203
-191
-191
-144
-115
-103
-56
-23
-6
15
37
47
50
53
49
19
5
-20
-42
-23
-15
15
34
60
68
93
119
122
158
194
228
276
330
327
329
302
285
287
272
271
290
313
304
322
297
261
221
180
138
94
84
56
55
41
32
43
72
71
60
43
36
9
-47
-77
-113
-149
-170
-177
-168
-177
-180
-205
-231
-254
-295
-320
-312
-344
-344
-339
-351
-337
-359
-333
-299
-274
-244
-198
-174
-172
-143
-121
-104
-93
-60
-35
-24
17
57
82
113
95
91
76
65
68
94
144
189
251
276
330
323
325
330
290
277
248
252
241
222
202
172
151
106
81
82
78
86
105
88
78
58
23
-26
-88
-139
-202
-250
-263
-246
-224
-187
-154
-126
-124
-149
-177
-220
-228
-231
-224
-186
-149
-152
-133
-144
-127
-139
-148
-108
-72
-22
7
42
49
43
40
42
51
66
68
104
120
146
148
175
172
164
184
160
153
137
121
119
122
125
170
192
223
236
236
220
192
168
124
108
96
92
70
39
2
-62
-98
-124
-152
-138
-135
-112
-89
-77
-80
-76
-107
-108
-123
-134
-145
-170
-184
-213
-211
-220
-216
-221
-203
-196
-188
-175
-172
-172
-160
-130
-124
-97
-75
-27
4
21
18
33
63
61
77
99
98
81
70
63
72
85
106
145
162
195
190
184
165
140
114
96
63
48
41
65
87
95
149
150
177
168
151
141
114
83
80
54
25
-13
-36
-52
-75
-75
-67
-69
-53
-43
-51
-56
-57
-72
-35
-17
30
65
81
103
78
52
16
-32
-95
-113
-141
-127
-125
-85
-68
-33
-16
-40
-41
-77
-94
-114
-94
-92
-87
-98
-74
-80
-116
-107
-108
-115
-107
-71
-67
-61
-31
-30
-43
-14
-44
-49
-42
-68
-78
-96
-100
-79
-53
-21
1
55
71
81
84
100
79
56
56
44
60
52
70
68
72
61
45
49
32
1
-9
-1
-33
-1
19
60
81
106
142
135
144
128
123
113
86
66
58
65
81
77
102
142
147
141
136
123
90
63
58
59
63
52
78
75
84
92
75
96
70
64
48
10
-11
-41
-63
-79
-84
-57
-47
-32
-64
-78
-109
-127
-132
-149
-156
-162
-151
-178
-187
-195
-209
-229
-216
-236
-220
-216
-226
-216
-227
-217
-229
-221
-204
-191
-182
-166
-128
-135
-115
-103
-93
-59
-26
-14
18
45
61
79
81
88
60
79
58
63
85
99
146
165
233
250
260
259
264
237
255
260
281
300
318
321
326
346
334
343
348
350
328
304
249
203
141
118
97
91
76
86
56
17
18
-43
-80
-107
-124
-153
-173
-186
-205
-232
-262
-291
-296
-312
-323
-334
-347
-355
-366
-372
-371
-376
-371
-362
-340
-324
-293
-272
-259
-228
-222
-184
-164
-150
-118
-103
-83
-59
-72
-40
-23
-43
3
24
31
68
81
81
126
128
159
196
225
270
294
296
286
284
253
235
230
233
227
252
274
288
278
287
291
263
262
246
236
222
232
213
218
196
172
167
157
150
144
144
118
105
82
58
18
-12
-27
-64
-88
-80
-80
-91
-96
-104
-108
-116
-109
-135
-146
-173
-177
-185
-215
-208
-203
-213
-203
-225
-215
-231
-264
-271
-291
-286
-324
-291
-300
-289
-266
-246
-227
-224
-224
-233
-231
-232
-223
-221
-196
-185
-156
-141
-110
-88
-79
-56
-56
-46
-14
-34
-18
6
38
79
97
131
148
183
205
234
270
277
281
306
324
345
346
373
350
340
332
337
337
308
300
300
330
324
356
347
317
288
272
245
192
162
151
138
87
70
55
45
21
-2
-17
-50
-58
-102
-121
-132
-149
-171
-191
-206
-220
-245
-237
-252
-263
-237
-242
-232
-253
-282
-295
-305
-336
-311
-294
-281
-256
-243
-217
-216
-191
-199
-174
-166
-129
-103
-90
-79
-101
-81
-90
-79
-53
-10
24
58
106
102
119
116
90
79
90
99
84
117
135
155
178
202
239
232
243
239
243
225
218
204
169
156
156
177
166
180
161
155
143
131
107
93
78
72
63
47
15
-20
-38
-73
-97
-93
-72
-57
-39
-44
-39
-64
-110
-140
-174
-196
-186
-186
-170
-151
-128
-119
-108
-116
-110
-119
-131
-124
-120
-125
-151
-159
-187
-184
-172
-144
-80
-77
-37
-25
-40
-46
-54
-53
-63
-24
-33
-9
22
38
26
38
53
37
35
38
46
39
46
52
71
83
116
142
162
199
223
209
193
174
150
144
136
155
156
185
204
200
178
107
90
65
61
96
134
154
179
156
144
143
98
109
83
61
14
-8
-30
-28
-38
-56
-63
-67
-71
-82
-66
-56
-43
-66
-79
-117
-124
-140
-156
-136
-137
-148
-176
-189
-241
-218
-222
-197
-167
-143
-116
-115
-111
-114
-99
-129
-124
-126
-122
-153
-151
-162
-181
-197
-215
-206
-220
-194
-169
-132
-109
-50
-19
5
43
59
62
58
59
38
45
51
61
53
42
39
37
47
54
84
132
175
213
250
246
235
222
189
155
168
185
207
252
264
291
287
243
210
172
131
134
140
186
212
254
256
260
220
172
127
78
61
34
36
15
10
3
-29
-32
-31
-19
-11
-7
9
9
-14
-60
-99
-137
-172
-188
-203
-231
-238
-223
-248
-266
-247
-253
-269
-266
-247
-224
-228
-228
-240
-271
-284
-290
-265
-241
-201
-158
-125
-82
-82
-82
-99
-114
-120
-118
-88
-90
-75
-58
-25
10
42
85
112
136
133
137
135
111
113
104
107
116
116
139
152
181
197
212
199
205
190
151
114
72
86
61
72
84
78
89
106
90
71
73
41
35
39
32
51
47
32
14
0
-7
9
20
37
30
20
12
-9
-18
-19
6
8
27
35
15
-2
-2
-9
-8
29
53
67
62
39
28
0
-40
-20
-23
-1
1
8
24
23
27
3
-2
-30
-27
-37
-45
-44
-34
-29
-41
-38
-42
-40
-60
-35
-44
-45
-42
-41
-49
-50
-46
-55
-36
-66
-61
-80
-91
-111
-104
-104
-120
-94
-91
-82
-66
-52
-53
-42
-41
-28
-27
-30
-64
-70
-64
-103
-86
-77
-51
-41
9
60
55
82
74
61
41
14
0
11
3
15
21
42
47
39
63
42
35
7
12
-1
12
32
38
59
49
67
59
65
62
52
36
21
18
20
8
-2
17
19
5
16
-12
-34
-39
-51
-25
-24
18
26
38
60
51
39
35
27
-5
8
7
10
29
22
38
26
35
33
26
20
9
14
6
16
30
47
49
52
52
45
32
20
2
-1
-6
6
22
45
76
86
116
115
113
82
34
8
-37
-8
-5
23
50
66
67
56
26
-15
-16
-25
-14
-3
10
10
25
12
-22
-33
-63
-72
-87
-67
-46
-34
-53
-37
-63
-86
-82
-105
-105
-117
-99
-111
-117
-130
-120
-114
-103
-68
-64
-91
-113
-133
-167
-199
-192
-178
-153
-96
-64
-37
-38
-6
-9
-23
-48
-84
-101
-150
-137
-125
-82
-53
-5
51
95
133
148
120
97
80
55
58
52
51
54
86
96
125
150
159
170
154
159
158
154
137
121
113
95
90
90
74
100
107
106
124
125
108
84
69
61
40
28
17
1
-5
-10
-13
-18
-9
-21
-2
1
7
25
19
37
47
35
1
-3
-28
-47
-26
-5
17
37
69
62
39
30
-14
-55
-72
-83
-74
-48
10
46
72
60
45
14
-39
-67
-91
-98
-97
-77
-87
-68
-42
-22
-27
2
21
-19
-32
-79
-114
-169
-201
-229
-246
-235
-215
-166
-128
-90
-82
-98
-112
-133
-157
-148
-137
-103
-85
-37
-5
-22
-19
-30
-44
-66
-81
-73
-87
-93
-66
4
50
110
151
178
198
180
184
162
138
123
133
144
136
142
141
139
147
158
189
214
231
211
195
164
136
101
80
90
86
83
102
96
53
47
23
9
-15
-14
24
14
7
12
12
-11
-24
-47
-67
-90
-87
-99
-110
-88
-83
-66
-76
-71
-91
-109
-138
-157
-158
-123
-105
-78
-52
-48
-52
-51
-67
-68
-46
-42
-34
-15
-33
-39
-62
-72
-78
-98
-71
-42
-19
12
21
29
31
7
-4
-15
3
31
35
47
33
8
-8
-59
-59
-74
-48
-32
-13
23
42
57
72
80
69
52
71
55
26
14
11
-5
-12
7
16
11
30
39
46
50
67
71
93
99
109
136
119
109
90
86
46
48
29
31
33
45
29
27
35
12
15
11
46
43
37
47
33
3
-24
-45
-51
-83
-80
-61
-77
-51
-71
-57
-77
-99
-98
-108
-89
-113
-113
-125
-126
-162
-167
-159
-152
-116
-92
-57
-51
-39
-29
-41
-40
-38
-20
-3
24
59
89
107
94
83
62
34
25
7
-12
1
-7
4
0
23
51
87
114
138
154
158
138
119
100
84
60
44
63
47
90
102
131
125
129
100
66
32
-29
-35
-67
-69
-70
-55
-20
16
19
32
28
20
-16
-28
-56
-96
-126
-141
-130
-126
-98
-80
-51
-47
-40
-39
-28
-43
-52
-55
-49
-91
-107
-113
-123
-137
-125
-110
-78
-55
-38
18
17
43
32
30
19
8
-16
-20
-10
-12
1
-5
-8
-22
-16
-25
-15
-7
19
38
67
106
130
147
161
157
138
115
79
67
39
32
45
76
99
144
145
138
121
96
46
-14
-53
-75
-69
-49
-39
13
36
44
53
37
36
33
28
25
34
8
0
-22
-14
-18
-13
-4
-19
-22
-51
-64
-86
-112
-118
-105
-80
-62
-43
-31
-32
-39
-37
-35
-40
-54
-64
-72
-91
-100
-83
-63
-26
1
22
41
24
-2
-47
-61
-77
-81
-64
-60
-42
-19
-1
28
46
54
73
78
80
68
84
84
91
106
114
138
125
122
85
48
7
-17
-27
-40
-24
-14
-6
-21
-12
-21
-33
-28
0
-21
-15
-24
-50
-67
-103
-116
-136
-168
-168
-150
-122
-101
-86
-57
-36
-46
-58
-82
-103
-108
-92
-65
-31
8
24
39
41
67
42
51
52
73
77
91
107
123
133
137
160
146
139
133
143
125
105
108
76
60
40
34
57
78
116
139
182
173
191
165
126
99
45
18
-23
-38
-25
1
30
64
80
67
61
3
-4
-30
-61
-108
-122
-141
-158
-162
-157
-125
-112
-95
-74
-97
-123
-129
-158
-178
-204
-189
-183
-166
-138
-138
-112
-81
-56
-53
-56
-47
-77
-103
-129
-120
-122
-85
-71
-36
-3
24
68
96
100
104
135
127
120
105
116
79
60
68
50
70
74
117
143
150
161
143
129
91
57
12
-10
-37
-47
-39
-16
-12
14
61
55
69
73
52
34
8
-4
-35
-69
-102
-140
-144
-148
-111
-54
-8
35
62
29
0
-74
-120
-163
-160
-155
-125
-88
-49
-8
32
58
92
123
107
115
56
20
-18
-37
-44
-28
2
56
97
131
153
105
79
44
5
-2
10
43
59
90
96
106
91
81
71
56
48
41
58
48
65
98
93
98
87
44
-3
-48
-82
-98
-127
-113
-91
-109
-94
-87
-93
-77
-58
-27
-24
-44
-61
-89
-124
-141
-157
-179
-164
-156
-144
-147
-128
-105
-83
-73
-46
-38
-14
-6
8
13
5
10
30
40
60
100
134
130
140
135
107
81
78
73
53
93
101
164
163
176
211
182
166
163
145
86
45
11
-15
-43
-30
-18
3
16
55
94
91
97
51
15
-54
-141
-222
-252
-255
-239
-187
-165
-128
-102
-83
-69
-73
-94
-78
-75
-87
-82
-101
-106
-133
-159
-169
-191
-182
-140
-93
-54
-7
39
58
48
16
-17
-35
-47
-59
-16
17
68
104
137
156
151
129
119
124
127
158
174
205
224
196
169
142
122
110
105
124
133
159
166
164
112
64
46
10
1
13
39
50
75
88
94
63
15
-31
-66
-97
-138
-135
-138
-139
-106
-89
-70
-51
-44
-53
-69
-92
-140
-180
-209
-220
-227
-224
-193
-150
-95
-59
-21
-7
-7
-9
-34
-36
-65
-59
-79
-79
-73
-62
-25
-21
-7
12
28
39
35
71
64
80
99
118
134
143
148
132
113
43
-1
-33
-67
-60
-17
9
70
111
124
122
89
73
27
35
22
38
46
48
36
-7
-6
-50
-60
-55
-38
5
54
94
100
102
65
17
6
-30
-45
-56
-38
-28
-4
17
44
28
28
18
-12
-4
-36
-39
-45
-31
-17
-12
0
-11
-35
-53
-81
-92
-86
-85
-72
-35
-22
-1
-12
-31
-62
-83
-81
-57
-19
20
40
63
54
25
0
-57
-89
-101
-95
-75
-15
31
72
67
65
22
-11
-51
-77
-61
-53
-5
30
59
72
78
51
40
18
11
12
-3
-7
-42
-52
-74
-81
-52
-28
22
41
52
56
51
35
26
15
-2
-8
-16
9
26
51
89
125
151
129
105
75
20
-11
-24
-52
-12
5
50
82
89
87
60
54
29
30
30
63
81
105
101
69
48
-10
-56
-86
-63
-37
-16
3
0
-5
-13
-32
-49
-64
-66
-45
-30
13
32
29
16
-20
-71
-109
-135
-148
-131
-106
-64
-36
-18
-7
-24
-57
-80
-85
-71
-62
-36
-16
-36
-53
-90
-143
-143
-137
-113
-45
30
79
108
134
100
66
13
4
-15
-32
-39
-4
-4
13
13
24
16
30
53
38
51
46
28
38
43
62
66
65
68
59
35
28
61
64
68
48
47
-3
-38
-72
-82
-66
-49
4
34
69
82
58
30
-1
-37
-75
-66
-59
-45
-17
0
10
20
44
26
31
13
3
-15
-17
-28
-34
-18
-17
-4
1
17
-2
5
36
21
33
46
32
36
31
15
28
30
40
42
47
31
17
37
27
40
54
58
56
36
20
-19
-28
-29
-20
-5
15
39
33
20
22
-6
-43
-51
-48
-34
-14
14
24
19
-17
-30
-56
-57
-34
-49
-16
-18
-29
-39
-61
-48
-42
-9
-7
3
4
-7
-39
-60
-56
-68
-59
-43
-28
-33
-26
-43
-54
-63
-59
-58
-52
-58
-50
-50
-48
-55
-77
-96
-118
-120
-118
-82
-73
-39
-3
16
22
19
5
8
-14
-21
-17
-33
-18
-16
0
-2
15
30
47
70
79
118
120
133
132
117
110
94
70
82
72
84
88
111
111
125
147
135
146
136
132
140
150
168
144
120
89
64
34
12
-4
9
22
21
27
32
48
39
61
56
41
11
-7
-44
-61
-57
-68
-53
-54
-29
-22
-27
-26
-44
-61
-87
-115
-137
-147
-156
-143
-128
-117
-99
-103
-98
-91
-93
-78
-70
-67
-61
-81
-79
-77
-75
-75
-67
-73
-72
-92
-120
-130
-143
-126
-115
-65
-38
-20
13
12
6
-8
-23
-36
-49
-70
-80
-83
-84
-69
-33
-15
38
69
60
58
51
38
44
54
44
54
59
56
44
43
15
28
11
1
-4
14
65
87
142
195
232
234
235
194
152
106
75
48
25
24
52
88
110
137
139
158
171
175
178
164
156
139
111
80
52
27
5
-7
-16
17
30
33
13
26
32
24
16
-25
-62
-95
-130
-143
-149
-155
-143
-111
-107
-97
-83
-85
-89
-108
-106
-114
-127
-180
-196
-226
-239
-216
-196
-152
-91
-55
-11
-1
-29
-69
-119
-133
-157
-151
-126
-99
-56
-30
7
33
19
19
-10
-15
2
-5
20
43
61
73
60
51
14
12
23
57
81
128
144
127
109
79
46
29
39
48
99
138
175
174
167
127
66
44
15
12
21
64
83
112
119
93
57
10
-33
-55
-57
-37
-31
-1
11
12
17
-6
-19
-31
-38
-64
-74
-84
-85
-79
-80
-64
-44
-52
-46
-45
-27
-39
-28
-19
-25
-26
-36
-56
-51
-57
-57
-20
-5
48
77
92
113
94
63
45
10
-27
-38
-45
-32
-19
41
88
134
158
172
140
112
98
32
29
-1
-6
-32
-34
-37
-36
-15
-5
36
52
67
64
41
11
-13
-42
-73
-95
-105
-102
-97
-97
-85
-73
-46
-47
-48
-55
-64
-91
-99
-94
-89
-78
-53
-30
-46
-11
-8
11
12
7
-20
-50
-75
-123
-127
-108
-75
-36
24
66
87
106
84
54
24
-12
-35
-52
-61
-52
-43
3
51
83
123
137
123
100
71
37
15
-16
-14
-26
-41
-37
-40
-25
-11
34
71
109
125
137
100
66
34
-42
-59
-77
-46
18
57
88
105
88
72
55
33
25
17
32
15
10
0
-25
-27
-35
-9
17
35
41
44
44
4
10
8
13
2
-1
16
4
-2
-13
-16
-35
-37
-46
-45
-27
-26
-17
-21
-31
-16
-30
-36
-25
-38
-32
-45
-23
-33
-39
-45
-44
-21
-19
-3
3
-13
7
10
25
18
-3
-15
-60
-87
-96
-71
-49
-8
20
54
55
46
31
1
-5
-24
-14
-13
-7
-6
-16
-4
-33
-33
-39
-23
-21
-13
-2
11
5
2
19
14
4
-13
-11
-21
0
1
20
24
37
46
42
24
1
-17
-43
-54
-38
-6
24
44
63
45
48
42
36
23
24
22
-5
-13
-28
-33
-35
-13
-9
16
40
33
53
51
51
49
50
43
25
12
-25
-34
-55
-48
-34
-20
4
39
35
24
15
6
-23
-31
-18
-7
14
30
44
44
47
33
7
-6
-40
-43
-57
-47
-38
-39
-34
-2
7
14
33
15
33
25
9
9
-2
-1
12
12
22
-3
-1
-3
-7
-23
-21
-13
-8
1
5
18
43
52
56
50
27
-1
-26
-28
-30
-21
-15
4
-21
-16
-30
-36
-37
-38
-3
5
27
19
25
-14
-39
-61
-62
-54
-43
-41
-50
-67
-103
-119
-125
-107
-98
-58
-50
-22
-10
14
28
40
35
8
3
-28
-44
-63
-53
-38
-8
34
69
67
77
71
34
26
16
18
19
31
48
75
92
100
113
101
94
106
115
113
120
107
95
88
78
50
31
33
36
49
58
63
57
31
9
-4
-28
-5
26
45
61
70
38
8
-30
-64
-88
-115
-111
-114
-102
-113
-102
-101
-103
-96
-80
-74
-78
-76
-96
-107
-126
-127
-139
-128
-119
-111
-79
-69
-45
-38
-21
-2
13
14
22
17
-13
-14
-12
-8
7
26
39
52
38
44
37
39
11
32
62
61
99
147
179
181
161
137
85
45
13
-8
-21
0
26
50
68
62
68
63
40
29
54
45
31
25
5
-25
-52
-93
-106
-117
-91
-39
32
84
110
103
61
-12
-77
-114
-128
-111
-92
-65
-52
-37
-15
-32
-37
-50
-52
-43
-36
-30
-18
-27
-63
-67
-76
-87
-73
-40
-15
8
49
40
39
42
24
0
-40
-42
-59
-54
-40
-23
9
50
58
66
88
76
77
61
73
63
57
52
22
-3
-5
0
27
47
72
88
83
94
71
44
17
6
-14
-28
-18
21
48
68
81
63
47
3
-26
-49
-35
-18
15
27
48
28
-4
-25
-54
-76
-63
-44
-24
2
-4
-18
-43
-62
-87
-82
-82
-68
-35
6
19
21
14
-17
-54
-90
-126
-129
-119
-105
-70
-39
-5
5
19
18
-1
-26
-56
-76
-75
-67
-44
-14
-6
-15
-12
8
14
13
47
33
35
38
40
31
15
32
25
23
36
53
53
78
92
86
72
86
50
32
15
26
42
72
85
76
85
53
48
20
14
25
46
63
65
87
83
64
43
-10
-26
-52
-53
-63
-19
39
87
123
144
108
80
35
-44
-97
-143
-133
-128
-81
-46
1
6
-24
-47
-71
-95
-90
-70
-67
-28
-19
-25
-42
-73
-100
-129
-116
-128
-109
-96
-50
-31
-4
6
-11
-20
-44
-42
-53
-41
-39
-17
-7
5
-10
-16
-33
-48
-55
-60
-25
5
54
90
117
113
67
45
-8
-38
-40
-1
14
58
79
87
81
67
65
59
77
83
101
94
100
79
58
35
26
59
116
150
174
175
155
76
14
-26
-69
-61
-32
10
33
85
100
104
96
40
-10
-61
-95
-130
-118
-103
-70
-37
-36
-30
-36
-53
-76
-97
-112
-109
-112
-107
-104
-123
-143
-162
-180
-190
-184
-153
-118
-83
-39
-12
-10
-16
-43
-80
-95
-111
-113
-84
-50
0
19
51
52
55
19
0
-2
8
43
69
121
115
128
100
88
58
42
55
76
116
121
162
171
189
176
177
154
141
120
114
114
105
106
100
78
65
41
24
32
40
58
89
129
129
114
85
30
-24
-71
-112
-89
-85
-51
-16
5
30
20
39
22
-13
-26
-66
-85
-102
-103
-108
-87
-98
-97
-92
-106
-89
-105
-103
-91
-94
-88
-120
-112
-118
-123
-118
-115
-89
-104
-91
-103
-107
-118
-104
-108
-108
-82
-89
-71
-71
-64
-62
-75
-75
-49
-28
-19
4
-4
-17
-42
-60
-55
-51
-16
27
73
108
140
152
166
174
151
129
106
70
38
7
3
28
57
92
117
152
167
156
153
136
137
135
137
148
113
81
82
44
21
16
21
28
37
54
85
85
95
73
31
-13
-37
-66
-85
-69
-60
-29
-4
19
14
-7
-20
-53
-70
-87
-87
-76
-51
-24
-8
12
-9
-38
-50
-74
-72
-56
-68
-42
-37
-36
-18
-20
-7
-33
-13
-11
-11
9
-11
-25
-48
-45
-41
-31
-8
14
24
24
18
-14
-24
-65
-81
-91
-102
-94
-79
-43
-14
17
25
29
14
-18
-16
-47
-34
-23
-7
2
16
9
1
-13
-28
0
-3
20
38
32
23
23
-2
-12
-1
26
61
75
106
103
80
56
38
15
11
35
46
78
90
93
73
55
57
21
2
1
6
-1
25
38
41
37
-3
-37
-81
-97
-104
-90
-57
-8
39
68
48
23
-23
-96
-149
-173
-157
-124
-59
-10
19
20
7
-28
-78
-114
-133
-133
-122
-82
-61
-49
-17
-2
8
13
15
46
44
42
34
28
-12
-21
-23
-20
30
64
101
132
161
157
148
120
99
65
53
56
54
42
62
80
101
135
136
137
126
102
58
23
7
-21
-9
54
91
85
72
57
0
2
-17
-45
-6
13
-12
3
-23
-26
-98
-119
-128
-155
-151
-111
-74
-28
3
4
-8
-72
-104
-156
-144
-162
-127
-68
-33
-25
-70
-106
-153
-165
-143
-84
-21
24
63
55
42
-15
-65
-91
-125
-115
-78
-45
5
39
46
52
58
23
4
10
-4
39
56
79
75
51
31
-23
-33
-25
15
84
136
159
135
99
21
-38
-102
-108
-109
-48
25
83
115
110
83
20
-4
-17
-5
43
114
145
145
137
66
-10
-67
-84
-75
-47
33
120
146
175
157
141
68
-3
-2
-55
-29
1
30
60
112
93
101
88
13
-20
0
-64
-61
-4
14
40
47
45
20
-29
-51
-101
-73
-37
-65
-57
-50
-41
-121
-135
-151
-200
-215
-152
-113
-85
-54
1
-9
-81
-56
-64
-131
-156
-165
-199
-201
-164
-123
-57
-17
15
33
10
-36
-72
-105
-112
-98
-58
-1
56
115
137
173
173
148
111
85
41
65
116
154
187
209
223
203
208
178
181
186
206
198
200
182
139
106
70
43
59
63
91
135
138
145
100
59
21
-26
-50
-56
-75
-95
-106
-126
-139
-165
-173
-171
-185
-156
-164
-164
-173
-185
-205
-201
-199
-208
-195
-181
-175
-167
-166
-180
-196
-218
-239
-232
-212
-188
-143
-78
-8
34
49
33
1
-50
-91
-105
-119
-84
-20
21
55
69
75
82
100
123
146
186
200
203
197
175
164
149
151
157
172
228
243
249
238
217
217
209
198
196
198
176
164
163
140
145
132
127
115
111
102
91
107
88
121
109
114
75
43
-32
-76
-110
-110
-98
-64
-46
-32
-21
-69
-89
-136
-168
-185
-173
-173
-156
-129
-130
-145
-157
-154
-173
-167
-175
-188
-187
-193
-211
-203
-191
-172
-142
-138
-109
-90
-96
-107
-133
-141
-175
-185
-167
-137
-78
-45
4
24
24
35
3
-9
-48
-70
-74
-60
-30
-3
1
27
66
74
82
109
116
94
95
82
72
71
82
80
102
100
103
101
88
98
111
141
151
156
160
143
119
119
122
116
139
153
144
122
100
82
63
34
55
90
106
164
185
190
171
121
77
33
-6
-15
-22
-29
-10
8
16
43
16
6
-26
-33
-55
-61
-64
-77
-59
-55
-36
-44
-52
-64
-105
-129
-149
-161
-169
-159
-143
-150
-138
-137
-148
-163
-146
-140
-124
-106
-90
-73
-92
-68
-78
-82
-98
-102
-117
-118
-106
-103
-43
-20
4
27
46
39
23
25
25
6
9
23
43
46
82
101
109
124
109
80
51
40
53
60
74
105
114
118
109
108
79
76
45
18
9
-17
-18
-28
-28
-26
-6
18
30
36
48
50
73
58
64
30
6
-20
-62
-66
-84
-86
-80
-57
-8
12
33
49
36
15
-28
-45
-51
-61
-27
8
29
37
44
32
5
-15
-8
-8
11
45
51
62
46
36
-7
-36
-51
-59
-42
-2
19
54
70
58
58
39
0
-17
-52
-66
-49
-46
-1
30
48
56
40
35
9
3
-9
-19
-10
-9
-9
-19
-14
-26
-26
-34
-21
-14
0
7
29
34
32
37
12
6
-24
-30
-52
-45
-25
-13
12
39
42
20
10
-31
-63
-65
-71
-66
-32
-12
-8
7
13
-21
-21
-21
-36
-35
-38
-27
-2
2
-9
-8
-19
-37
-40
-59
-49
-53
-31
11
23
53
40
30
1
-24
-45
-46
-37
-30
-24
-18
-24
-46
-50
-40
-2
25
46
51
68
36
-7
-24
-47
-55
-35
-13
23
43
31
37
27
15
7
22
34
36
46
44
45
34
15
24
14
33
37
65
98
109
135
110
90
65
11
-2
7
23
33
69
98
95
100
87
59
37
29
17
23
11
34
37
28
7
7
-7
-10
-17
-27
-27
-29
-27
-13
-32
-43
-50
-82
-96
-101
-98
-118
-106
-92
-96
-77
-81
-99
-112
-125
-131
-147
-117
-109
-84
-69
-53
-35
-29
-45
-60
-55
-69
-67
-74
-40
-40
-31
-15
-13
-31
-30
2
26
48
57
75
73
71
89
63
78
59
70
61
58
61
56
89
65
67
48
34
26
47
35
65
87
91
77
43
13
-16
-39
-39
-9
3
63
82
111
96
83
53
32
1
-20
-26
-18
-17
-13
10
22
50
57
57
50
41
11
-21
-41
-33
-28
-15
27
27
24
30
3
6
-16
-3
3
13
20
14
-3
-23
-43
-57
-32
-30
16
35
29
22
-1
-29
-53
-60
-49
-26
11
44
53
22
-5
-56
-89
-91
-91
-69
-39
14
32
51
41
22
-36
-74
-99
-106
-71
-56
-31
-12
-14
-12
-31
-30
-46
-46
-35
-55
-68
-52
-56
-53
-23
-17
27
19
23
10
-18
-35
-63
-67
-46
-14
-13
8
23
8
14
15
1
-4
-14
-3
-21
-58
-61
-91
-87
-75
-21
-3
31
60
45
25
26
11
-11
-22
-19
-5
-21
6
21
59
75
91
109
106
71
30
0
-19
-13
13
46
121
169
186
180
191
136
94
43
30
9
21
53
61
69
88
103
109
106
113
96
71
67
40
13
-34
-45
-64
-55
-48
-6
30
23
33
41
43
29
10
-3
-13
-36
-52
-89
-128
-134
-149
-120
-111
-75
-27
-23
-4
5
-12
-34
-59
-79
-125
-121
-134
-153
-109
-123
-100
-90
-69
-50
-41
-27
-33
-21
-38
-37
-46
-36
-52
-60
-57
-56
-43
-28
0
25
37
48
47
32
15
17
-2
19
38
61
82
93
83
68
40
26
8
-15
-17
-7
29
18
62
63
48
42
28
38
23
21
12
-14
-25
-33
-47
-55
-47
-14
11
49
87
89
90
66
25
-26
-51
-83
-82
-76
-59
-30
-6
11
17
22
4
27
23
36
37
35
14
-10
-35
-60
-59
-39
3
41
85
111
133
88
51
8
-22
-33
-20
-14
2
45
54
82
74
59
21
-10
-30
-41
-29
-1
7
28
21
31
43
34
48
55
70
49
27
-8
-21
-67
-76
-83
-44
-23
9
55
61
60
51
16
-21
-44
-87
-72
-70
-46
-29
10
23
28
26
7
-16
-43
-32
-48
-38
-44
-70
-55
-45
-36
-39
-26
-43
-31
-28
-14
-1
3
12
-12
-25
-32
-34
-52
-37
-22
-6
5
7
3
13
10
10
20
10
35
21
52
49
43
29
-27
-72
-109
-141
-151
-96
-44
39
99
128
136
108
84
52
49
27
9
-3
-40
-43
-73
-75
-58
-51
-36
-11
25
50
65
58
56
57
51
31
22
-12
-42
-47
-49
-58
-51
-37
-10
-5
13
45
64
61
66
62
50
52
51
49
49
35
37
31
3
-9
-24
-44
-45
-36
-25
10
44
75
107
133
127
117
76
38
-29
-74
-87
-114
-119
-99
-96
-88
-83
-77
-71
-38
-3
-1
11
6
-4
-31
-56
-61
-78
-96
-130
-129
-175
-190
-171
-139
-87
-51
31
61
76
76
54
27
6
-4
-4
14
36
33
12
5
-15
-18
3
25
71
96
130
181
192
180
180
177
162
128
92
86
60
40
37
56
53
36
20
35
47
59
90
143
152
151
157
150
105
36
7
-41
-83
-97
-108
-112
-105
-95
-80
-59
-30
-25
-8
-9
-11
-12
-58
-69
-110
-133
-134
-160
-160
-174
-179
-155
-154
-127
-96
-74
-72
-66
-53
-40
-35
-20
-45
-37
-45
-39
-30
-36
-23
-34
-35
-48
-53
-77
-55
-50
-18
25
53
81
114
129
131
117
106
74
12
-4
-47
-44
-53
-50
-38
-16
-14
11
25
42
57
65
91
92
84
58
38
-10
-38
-50
-50
-56
-26
-23
-4
-6
-4
3
9
25
47
82
107
123
144
144
107
91
64
17
-27
-32
-52
-59
-37
6
29
74
110
154
196
197
217
186
143
79
19
-52
-89
-107
-110
-71
-40
-24
6
34
52
51
64
67
64
63
54
28
-5
-44
-79
-125
-155
-155
-151
-131
-105
-67
-60
-34
-36
-18
-15
4
14
-7
-28
-47
-78
-87
-81
-83
-70
-74
-76
-108
-104
-104
-76
-52
1
24
66
68
66
79
62
60
34
13
-17
-65
-108
-117
-139
-117
-58
-7
31
62
65
80
82
83
68
31
28
11
-15
-41
-71
-106
-136
-167
-172
-148
-117
-72
-3
37
81
105
79
48
-8
-24
-47
-54
-35
-37
-12
-16
-2
-16
-21
-25
-4
26
63
108
129
158
155
122
104
64
54
38
47
57
69
100
117
128
128
132
122
124
104
100
105
118
110
105
89
68
41
35
33
29
44
35
41
38
37
37
33
21
20
38
30
29
8
-32
-58
-84
-101
-98
-83
-63
-43
-20
-24
-23
-46
-72
-116
-117
-135
-148
-144
-135
-133
-137
-96
-114
-101
-104
-111
-104
-98
-89
-98
-92
-82
-81
-98
-98
-111
-134
-165
-171
-173
-169
-121
-81
-23
11
46
54
37
19
-13
-55
-63
-63
-31
10
41
83
108
102
89
80
68
60
60
80
102
126
143
163
149
150
126
117
94
83
69
69
96
108
126
140
137
122
95
77
75
57
82
80
91
82
100
75
39
32
-1
13
6
13
7
10
6
2
7
2
16
19
37
28
8
-11
-39
-66
-98
-108
-106
-81
-72
-74
-59
-42
-56
-59
-84
-89
-86
-84
-70
-55
-15
-6
1
-9
-26
-44
-49
-57
-72
-90
-108
-119
-108
-89
-74
-51
-33
-15
-6
16
20
22
18
19
-9
-6
-39
-61
-65
-89
-82
-79
-45
-34
-5
25
58
70
67
48
28
12
-9
-21
-19
-15
-49
-41
-61
-59
-54
-37
-23
16
55
67
78
92
87
74
63
75
54
36
23
8
-14
-10
-9
7
39
76
97
105
110
76
69
54
49
52
58
43
41
28
11
0
13
12
22
12
-17
-50
-83
-80
-77
-51
-23
21
60
61
80
54
42
7
-20
-38
-46
-58
-76
-84
-89
-60
-49
-15
35
84
100
141
132
115
106
70
48
18
-28
-56
-76
-92
-67
-50
-13
34
77
125
159
166
178
146
123
80
41
11
-33
-42
-75
-63
-55
-4
22
49
65
63
45
8
-7
-25
-51
-68
-56
-73
-83
-92
-115
-117
-131
-133
-133
-147
-158
-166
-157
-149
-159
-145
-136
-135
-123
-128
-147
-160
-166
-171
-164
-157
-146
-162
-149
-160
-150
-139
-126
-104
-69
-37
9
26
48
76
89
106
96
116
116
108
98
120
125
127
123
129
127
143
161
170
183
201
235
247
260
243
233
207
191
150
154
150
154
151
145
136
109
96
63
60
46
68
50
62
59
71
84
78
90
65
44
-12
-49
-118
-154
-181
-166
-144
-120
-90
-76
-50
-49
-40
-48
-50
-41
-52
-82
-96
-145
-190
-212
-229
-222
-205
-194
-172
-140
-113
-60
-15
24
54
63
57
34
13
-42
-92
-125
-121
-122
-100
-85
-67
-39
-9
34
59
94
118
128
129
125
110
79
55
31
-6
-24
-48
-55
-75
-46
-15
10
50
71
81
86
77
65
59
43
42
31
26
12
-12
-44
-56
-62
-82
-78
-70
-65
-67
-60
-32
-14
46
65
83
91
96
72
6
-44
-103
-141
-174
-178
-146
-118
-70
-25
7
48
74
94
94
84
70
60
46
38
14
9
6
-22
-47
-61
-67
-60
-16
29
84
125
157
162
177
158
148
145
120
107
93
67
28
4
-18
-3
0
1
14
27
40
64
91
99
102
102
86
69
55
27
9
-23
-47
-79
-105
-125
-146
-160
-135
-103
-72
-53
-32
2
-9
5
7
-2
-20
-33
-59
-62
-71
-92
-107
-133
-127
-129
-102
-86
-53
-20
-6
9
26
33
38
36
36
34
21
-2
-30
-59
-72
-85
-82
-72
-65
-40
-49
-38
-20
30
55
99
119
130
119
74
35
-39
-103
-143
-148
-166
-143
-108
-64
-19
29
54
81
97
92
105
92
91
68
50
21
-8
-30
-48
-74
-52
-36
-4
37
67
87
92
109
109
108
113
111
118
109
82
53
4
-22
-49
-45
-48
-2
20
50
66
81
107
109
129
135
132
98
83
31
0
-42
-71
-117
-134
-121
-132
-100
-61
-23
-10
38
14
7
-4
-32
-36
-64
-74
-96
-114
-150
-170
-162
-136
-103
-72
-42
-21
-17
-17
-26
-24
-29
-13
2
1
-12
-21
-37
-47
-38
-26
-1
22
47
53
60
67
72
68
67
59
70
77
65
77
70
80
66
53
30
17
9
-17
-3
-1
30
35
34
23
-20
-34
-30
-34
-13
6
31
32
24
10
-11
-45
-57
-69
-65
-60
-58
-30
-28
-8
-4
19
25
23
29
19
11
14
16
6
9
10
-1
13
5
28
17
23
36
28
47
50
76
60
58
54
38
33
5
-4
4
2
4
3
4
-10
-14
-15
-15
-16
-39
-49
-49
-52
-57
-41
-26
-19
-35
-47
-83
-103
-125
-141
-127
-107
-60
-47
-24
-24
-30
-64
-67
-73
-73
-44
-33
-17
-24
-30
-41
-38
-28
3
30
53
63
69
62
72
68
81
97
113
147
130
121
93
63
37
29
26
27
57
71
109
125
105
94
74
65
50
60
46
38
41
42
32
18
10
-23
-43
-69
-80
-80
-82
-78
-42
-39
-22
8
21
8
8
6
-8
-31
-69
-92
-133
-159
-156
-167
-147
-88
-63
-31
-7
38
48
69
85
46
40
21
-13
-62
-90
-112
-141
-134
-111
-73
-33
28
90
120
142
118
102
76
31
14
6
-7
-16
-26
-23
-14
-25
-1
4
23
44
67
85
79
61
55
52
22
10
-1
-21
-16
9
18
51
54
71
67
34
18
6
-12
-26
-24
-35
-31
-33
-26
-26
-8
3
1
10
6
-5
-21
-20
-45
-39
-43
-40
-40
-40
-32
-41
-20
-16
-7
-7
13
22
26
38
33
22
15
-11
-17
-19
-32
-45
-42
-11
-19
16
27
37
33
42
18
2
8
27
59
87
114
93
94
43
-3
-49
-75
-88
-97
-74
-69
-39
-30
0
23
21
45
46
45
21
-8
-43
-42
-66
-83
-82
-77
-85
-87
-74
-61
-51
-49
-13
-28
-12
-5
0
13
28
46
42
37
19
-16
-54
-58
-64
-48
-17
26
51
67
65
48
13
-1
-13
19
51
89
142
152
132
98
51
-5
-36
-58
-38
-23
8
51
75
90
96
92
70
74
38
39
13
-15
-12
-6
-3
-25
-44
-80
-110
-140
-155
-145
-115
-88
-44
-16
28
44
57
56
61
52
37
-7
-43
-70
-97
-79
-72
-46
-55
-50
-48
-17
-6
15
74
108
146
167
175
136
105
77
23
-2
-36
-59
-83
-91
-102
-73
-37
35
110
150
187
189
169
114
56
4
-37
-37
-20
-16
-9
-2
1
-23
-64
-96
-95
-99
-80
-69
-44
-12
-7
3
-14
-44
-74
-85
-114
-105
-89
-52
-36
-3
20
34
15
-3
-23
-78
-93
-117
-108
-111
-76
-49
-20
-20
-33
-33
-70
-105
-107
-73
-19
65
120
181
188
196
181
160
126
78
76
30
-1
-28
-36
-43
-30
-11
0
28
44
40
15
-16
-27
-21
-15
-16
-6
23
44
32
22
-13
-43
-73
-83
-83
-69
-41
-16
8
29
28
34
27
11
-31
-69
-89
-104
-112
-98
-74
-67
-24
-11
12
32
65
84
99
129
143
120
91
40
-22
-57
-95
-89
-90
-68
-40
-15
18
62
126
157
178
188
166
151
121
108
98
71
56
4
-33
-84
-141
-146
-100
-65
-15
31
45
55
58
85
80
113
173
200
220
191
124
24
-37
-108
-150
-154
-151
-132
-116
-81
-52
-18
13
45
103
94
92
72
25
26
-20
-20
-47
-36
-63
-74
-90
-99
-52
-58
-46
-51
-25
-32
-28
-41
-60
-73
-98
-123
-165
-181
-186
-152
-119
-74
-44
-15
33
71
135
168
219
213
179
131
58
-9
-66
-88
-119
-137
-161
-170
-206
-209
-210
-190
-156
-96
-50
-36
-7
6
12
-4
0
3
-19
-57
-104
-140
-168
-164
-147
-120
-95
-82
-82
-63
-59
-53
11
48
61
62
35
35
36
